2011.02.02 16:00:00.220,5.73003,5.73201,1.04,2.70
2011.02.02 16:00:00.901,5.73008,5.73193,2.47,1.98
2011.02.02 16:00:01.023,5.72988,5.73182,3.22,1.20
2011.02.02 16:00:01.138,5.72992,5.73186,1.18,1.08
2011.02.02 16:00:01.656,5.72972,5.73152,3.96,1.20
2011.02.02 16:00:02.472,5.72996,5.73183,1.18,1.20
2011.02.02 16:00:03.344,5.72988,5.73206,2.68,4.35
2011.02.02 16:00:03.464,5.73017,5.73212,2.25,1.98
2011.02.02 16:00:03.679,5.73017,5.73212,2.25,1.98
2011.02.02 16:00:04.232,5.73017,5.73204,2.25,4.35
2011.02.02 16:00:04.821,5.73017,5.73189,2.25,2.48
2011.02.02 16:00:04.943,5.72967,5.73171,2.47,4.35
2011.02.02 16:00:05.281,5.72974,5.73146,4.72,4.35
2011.02.02 16:00:05.632,5.7298,5.73146,1.18,4.35
2011.02.02 16:00:05.753,5.72984,5.73212,4.18,1.98
2011.02.02 16:00:05.974,5.72984,5.73212,4.18,1.98
2011.02.02 16:00:06.437,5.72981,5.73193,1.18,2.48
2011.02.02 16:00:06.787,5.7294,5.73151,1.18,4.35
2011.02.02 16:00:07.246,5.72933,5.73156,1.93,2.48
2011.02.02 16:00:07.357,5.72934,5.73156,1.93,2.48
2011.02.02 16:00:07.699,5.72927,5.73156,2.68,2.48
2011.02.02 16:00:08.107,5.72936,5.73156,4.18,2.48
2011.02.02 16:00:08.232,5.72936,5.73163,4.18,4.35
2011.02.02 16:00:08.457,5.72936,5.73163,4.18,4.35
2011.02.02 16:00:08.577,5.72935,5.73123,1.18,1.20
2011.02.02 16:00:09.092,5.72935,5.73167,1.18,2.48
2011.02.02 16:00:09.208,5.7295,5.73167,4.18,2.48
2011.02.02 16:00:10.220,5.72958,5.73172,1.33,1.20
2011.02.02 16:00:10.445,5.72963,5.73174,1.07,3.98
2011.02.02 16:00:11.356,5.72958,5.73174,1.08,6.23
2011.02.02 16:00:11.465,5.72962,5.73174,1.27,5.85
2011.02.02 16:00:11.686,5.72962,5.73174,1.27,6.23
2011.02.02 16:00:11.796,5.72962,5.73174,1.46,5.85
2011.02.02 16:00:12.059,5.72947,5.73174,1.14,6.23
2011.02.02 16:00:12.611,5.72927,5.7316,2.68,2.48
2011.02.02 16:00:13.183,5.72924,5.73122,4.93,1.20
2011.02.02 16:00:13.409,5.72924,5.7314,4.93,4.35
2011.02.02 16:00:13.915,5.72924,5.7314,4.93,4.35
2011.02.02 16:00:14.356,5.72907,5.73084,2.67,3.98
2011.02.02 16:00:14.465,5.72897,5.73092,2.67,1.65
2011.02.02 16:00:14.932,5.72897,5.73088,2.47,4.35
2011.02.02 16:00:15.046,5.72897,5.73088,2.25,4.35
2011.02.02 16:00:15.156,5.72897,5.73072,2.25,1.20
2011.02.02 16:00:15.947,5.72897,5.73083,2.25,1.98
2011.02.02 16:00:16.400,5.72897,5.73112,2.54,2.28
2011.02.02 16:00:16.518,5.72907,5.73093,3.75,1.20
2011.02.02 16:00:17.092,5.72914,5.73093,9.99,1.20
2011.02.02 16:00:17.426,5.72914,5.73124,9.99,2.48
2011.02.02 16:00:18.024,5.72914,5.73124,9.99,2.48
2011.02.02 16:00:18.141,5.72901,5.73082,9.99,1.20
2011.02.02 16:00:18.259,5.72905,5.73073,4.18,1.20
2011.02.02 16:00:18.816,5.72899,5.73093,1.18,1.20
2011.02.02 16:00:18.942,5.72899,5.73109,4.93,4.35
2011.02.02 16:00:19.059,5.72897,5.73072,2.46,1.20
2011.02.02 16:00:19.835,5.72897,5.73102,2.46,2.48
2011.02.02 16:00:20.472,5.72897,5.73088,2.46,4.35
2011.02.02 16:00:20.593,5.7287,5.73088,1.18,4.35
2011.02.02 16:00:20.709,5.72857,5.73055,2.68,4.35
2011.02.02 16:00:21.414,5.72894,5.73096,4.72,4.38
2011.02.02 16:00:21.530,5.729,5.73083,1.18,1.20
2011.02.02 16:00:22.100,5.72894,5.73116,1.18,2.48
2011.02.02 16:00:22.219,5.72894,5.73113,1.18,2.48
2011.02.02 16:00:22.341,5.72887,5.73102,1.33,6.45
2011.02.02 16:00:22.789,5.72883,5.73102,1.72,1.98
2011.02.02 16:00:23.234,5.7289,5.73103,1.93,6.23
2011.02.02 16:00:23.669,5.72888,5.73103,1.18,6.23
2011.02.02 16:00:23.895,5.72885,5.73103,1.93,6.23
2011.02.02 16:00:24.005,5.72871,5.73103,1.18,6.23
2011.02.02 16:00:24.464,5.72871,5.73095,1.18,11.85
2011.02.02 16:00:24.583,5.72867,5.73073,2.47,1.98
2011.02.02 16:00:24.697,5.72867,5.73061,2.47,2.59
2011.02.02 16:00:24.818,5.72848,5.7301,1.18,3.75
2011.02.02 16:00:24.937,5.7278,5.72995,1.18,2.10
2011.02.02 16:00:25.405,5.72784,5.72998,4.93,2.48
2011.02.02 16:00:25.627,5.72784,5.72982,4.93,1.20
2011.02.02 16:00:26.252,5.72784,5.72998,4.93,2.48
2011.02.02 16:00:26.374,5.72784,5.72998,4.93,2.48
2011.02.02 16:00:26.488,5.72834,5.72998,4.50,2.48
2011.02.02 16:00:26.936,5.72824,5.72963,4.72,1.20
2011.02.02 16:00:27.276,5.72811,5.73023,3.97,2.48
2011.02.02 16:00:27.735,5.72808,5.72903,2.25,1.20
2011.02.02 16:00:27.850,5.72808,5.73003,2.25,2.48
2011.02.02 16:00:28.324,5.72808,5.72963,2.47,1.20
2011.02.02 16:00:28.546,5.72808,5.72983,2.47,1.98
2011.02.02 16:00:29.116,5.72808,5.72983,2.47,1.98
2011.02.02 16:00:29.226,5.72808,5.72972,2.47,1.20
2011.02.02 16:00:29.927,5.72808,5.72983,2.47,2.58
2011.02.02 16:00:30.249,5.72808,5.72983,2.47,1.98
2011.02.02 16:00:30.707,5.72808,5.73007,2.47,1.08
2011.02.02 16:00:30.937,5.72768,5.72982,1.18,5.73
2011.02.02 16:00:31.057,5.72788,5.72982,2.25,1.98
2011.02.02 16:00:31.525,5.72788,5.72982,2.47,1.98
2011.02.02 16:00:31.745,5.72788,5.72982,2.47,2.58
2011.02.02 16:00:32.176,5.72788,5.72956,2.25,1.50
2011.02.02 16:00:32.303,5.72742,5.72913,3.75,2.05
2011.02.02 16:00:32.951,5.72742,5.72912,3.75,1.50
2011.02.02 16:00:33.074,5.72697,5.72891,6.69,1.50
2011.02.02 16:00:33.189,5.72697,5.72904,2.54,1.50
2011.02.02 16:00:33.605,5.72697,5.72894,2.33,2.13
2011.02.02 16:00:33.722,5.72668,5.72893,1.14,1.30
2011.02.02 16:00:33.949,5.72667,5.72884,1.07,1.50
2011.02.02 16:00:34.320,5.72659,5.72832,1.46,2.25
2011.02.02 16:00:34.548,5.72648,5.72831,2.40,1.50
2011.02.02 16:00:34.669,5.72648,5.72852,2.62,1.49
2011.02.02 16:00:35.261,5.72554,5.72743,1.05,2.25
2011.02.02 16:00:35.486,5.72538,5.72743,1.08,2.25
2011.02.02 16:00:35.976,5.72535,5.72743,1.35,2.25
2011.02.02 16:00:36.304,5.72635,5.72775,1.50,3.75
2011.02.02 16:00:36.856,5.72635,5.72769,1.50,4.30
2011.02.02 16:00:37.295,5.72608,5.72777,1.50,4.30
2011.02.02 16:00:37.404,5.72558,5.72737,2.47,2.05
2011.02.02 16:00:37.629,5.72508,5.72705,3.22,2.05
2011.02.02 16:00:38.070,5.72537,5.72708,1.18,1.50
2011.02.02 16:00:38.186,5.72558,5.72754,2.47,1.50
2011.02.02 16:00:38.301,5.72558,5.72706,2.47,1.50
2011.02.02 16:00:38.952,5.72518,5.72718,3.22,2.05
2011.02.02 16:00:39.072,5.72518,5.72718,3.30,2.05
2011.02.02 16:00:40.229,5.72575,5.72722,4.50,2.05
2011.02.02 16:00:40.352,5.72575,5.72762,4.72,1.23
2011.02.02 16:00:40.470,5.72575,5.72772,4.93,4.95
2011.02.02 16:00:40.926,5.72575,5.72744,4.93,1.50
2011.02.02 16:00:41.161,5.72568,5.72744,1.05,2.05
2011.02.02 16:00:41.744,5.72567,5.72744,1.05,2.05
2011.02.02 16:00:42.186,5.72577,5.72762,1.72,2.05
2011.02.02 16:00:42.632,5.72678,5.72812,2.25,2.05
2011.02.02 16:00:42.744,5.72678,5.72828,2.46,1.65
2011.02.02 16:00:42.855,5.72678,5.72828,2.46,4.58
2011.02.02 16:00:43.507,5.72678,5.72828,2.25,1.65
2011.02.02 16:00:43.727,5.72655,5.72822,3.96,2.25
2011.02.02 16:00:44.093,5.72655,5.72761,3.75,1.50
2011.02.02 16:00:44.213,5.72607,5.72741,3.96,1.50
2011.02.02 16:00:44.329,5.72638,5.72741,2.25,1.50
2011.02.02 16:00:44.947,5.72638,5.72752,2.25,1.50
2011.02.02 16:00:45.073,5.72677,5.72775,2.25,1.50
2011.02.02 16:00:45.185,5.72677,5.72798,2.25,1.50
2011.02.02 16:00:45.650,5.72677,5.72812,2.25,1.50
2011.02.02 16:00:45.775,5.72677,5.72853,2.25,2.48
2011.02.02 16:00:45.887,5.72638,5.72853,2.68,2.48
2011.02.02 16:00:46.557,5.72638,5.72828,2.68,4.35
2011.02.02 16:00:46.679,5.7262,5.72822,1.18,6.23
2011.02.02 16:00:46.797,5.72597,5.72807,1.18,4.35
2011.02.02 16:00:47.251,5.72588,5.72794,2.68,4.35
2011.02.02 16:00:47.585,5.72588,5.72789,2.68,4.35
2011.02.02 16:00:47.696,5.72588,5.72763,2.68,1.20
2011.02.02 16:00:48.211,5.72588,5.72791,2.76,4.35
2011.02.02 16:00:49.047,5.72588,5.72772,2.54,2.48
2011.02.02 16:00:49.174,5.72588,5.72763,3.21,1.20
2011.02.02 16:00:49.997,5.72588,5.72784,2.25,2.48
2011.02.02 16:00:50.119,5.72588,5.72801,2.47,2.48
2011.02.02 16:00:50.732,5.72588,5.72783,2.47,1.20
2011.02.02 16:00:50.958,5.72581,5.72768,3.75,1.80
2011.02.02 16:00:51.080,5.72547,5.72773,1.41,7.45
2011.02.02 16:00:51.663,5.72547,5.72761,1.41,1.50
2011.02.02 16:00:51.774,5.72547,5.72761,1.41,1.50
2011.02.02 16:00:52.229,5.72547,5.72752,1.41,1.20
2011.02.02 16:00:53.145,5.72552,5.72763,1.27,1.20
2011.02.02 16:00:53.254,5.72546,5.72743,4.33,1.20
2011.02.02 16:00:53.760,5.72547,5.72757,1.44,1.58
2011.02.02 16:00:53.877,5.72547,5.72757,1.44,4.35
2011.02.02 16:00:53.999,5.72546,5.72772,4.18,1.50
2011.02.02 16:00:54.115,5.72546,5.72743,4.18,3.75
2011.02.02 16:00:54.527,5.72538,5.72743,1.18,3.75
2011.02.02 16:00:54.642,5.72547,5.72743,1.18,3.75
2011.02.02 16:00:55.406,5.72521,5.72732,1.18,1.65
2011.02.02 16:00:55.516,5.72521,5.72732,1.18,1.65
2011.02.02 16:00:55.626,5.72521,5.72732,1.18,1.80
2011.02.02 16:00:57.617,5.72505,5.72723,1.18,3.75
2011.02.02 16:00:58.215,5.72505,5.72702,1.18,2.25
2011.02.02 16:00:58.352,5.72538,5.72743,1.18,2.33
2011.02.02 16:00:59.032,5.72538,5.72753,2.46,1.09
2011.02.02 16:00:59.152,5.72504,5.72734,4.18,4.35
2011.02.02 16:00:59.376,5.725,5.72715,4.18,2.48
2011.02.02 16:01:00.434,5.72503,5.72714,4.18,4.35
2011.02.02 16:01:01.122,5.72503,5.72715,4.33,2.48
2011.02.02 16:01:01.229,5.72507,5.72692,4.18,1.20
2011.02.02 16:01:01.350,5.72507,5.72729,10.44,4.35
2011.02.02 16:01:01.757,5.72534,5.72729,4.50,4.35
2011.02.02 16:01:02.094,5.72534,5.72729,4.93,4.35
2011.02.02 16:01:02.206,5.72534,5.72729,4.93,1.50
2011.02.02 16:01:02.783,5.72537,5.72735,1.18,1.50
2011.02.02 16:01:03.142,5.72537,5.72735,1.18,1.58
2011.02.02 16:01:03.681,5.72537,5.72735,1.18,1.50
2011.02.02 16:01:03.797,5.72537,5.72743,1.18,3.83
2011.02.02 16:01:04.571,5.72537,5.72743,1.18,3.75
2011.02.02 16:01:05.810,5.72557,5.72743,1.05,3.75
2011.02.02 16:01:06.035,5.72576,5.72768,1.18,1.50
2011.02.02 16:01:06.592,5.72576,5.72768,1.18,2.44
2011.02.02 16:01:06.713,5.72547,5.72753,1.18,4.09
2011.02.02 16:01:07.512,5.72547,5.72735,1.18,4.50
2011.02.02 16:01:07.632,5.72519,5.72735,1.18,4.58
2011.02.02 16:01:07.856,5.72519,5.72725,1.18,1.50
2011.02.02 16:01:08.955,5.72519,5.72725,1.18,1.58
2011.02.02 16:01:09.284,5.72503,5.72692,1.18,2.25
2011.02.02 16:01:10.556,5.72519,5.72711,1.18,1.50
2011.02.02 16:01:10.670,5.72537,5.72739,1.18,1.50
2011.02.02 16:01:11.707,5.72561,5.72739,1.18,1.50
2011.02.02 16:01:12.377,5.72561,5.72742,1.18,2.25
2011.02.02 16:01:13.692,5.72561,5.72764,1.18,1.50
2011.02.02 16:01:13.808,5.72578,5.72771,1.18,1.50
2011.02.02 16:01:13.927,5.72578,5.7278,1.18,1.50
2011.02.02 16:01:14.050,5.72578,5.72764,1.18,1.50
2011.02.02 16:01:14.438,5.72578,5.72772,1.18,1.50
2011.02.02 16:01:16.067,5.72578,5.72774,1.18,1.50
2011.02.02 16:01:16.446,5.72578,5.72782,1.18,2.25
2011.02.02 16:01:16.906,5.72546,5.72768,1.18,1.24
2011.02.02 16:01:17.017,5.72546,5.72767,1.18,4.62
2011.02.02 16:01:17.141,5.72562,5.72743,1.18,2.25
2011.02.02 16:01:21.253,5.72577,5.72772,1.18,1.65
2011.02.02 16:01:21.369,5.72561,5.72764,1.18,4.20
2011.02.02 16:01:21.918,5.72561,5.72764,1.18,4.35
2011.02.02 16:01:22.674,5.72561,5.72752,1.18,1.20
2011.02.02 16:01:22.792,5.72561,5.72762,1.18,1.50
2011.02.02 16:01:22.908,5.72561,5.72764,1.18,1.50
2011.02.02 16:01:23.031,5.72578,5.72764,1.18,1.50
2011.02.02 16:01:23.502,5.72578,5.72767,1.18,1.50
2011.02.02 16:01:24.489,5.72578,5.72767,1.18,1.80
2011.02.02 16:01:24.970,5.72577,5.72767,1.18,1.50
2011.02.02 16:01:25.388,5.72577,5.72767,1.18,1.50
2011.02.02 16:01:25.738,5.72603,5.72783,1.18,2.25
2011.02.02 16:01:26.380,5.72587,5.72783,1.18,2.33
2011.02.02 16:01:26.935,5.72587,5.72783,1.18,2.33
2011.02.02 16:01:27.586,5.72587,5.72783,1.18,2.33
2011.02.02 16:01:27.918,5.72587,5.72773,1.18,1.58
2011.02.02 16:01:28.499,5.72587,5.7276,1.18,1.50
2011.02.02 16:01:28.619,5.72587,5.72773,1.18,1.50
2011.02.02 16:01:30.985,5.72587,5.72773,1.18,10.17
2011.02.02 16:01:31.096,5.72548,5.72765,1.18,4.17
2011.02.02 16:01:31.204,5.72548,5.72743,1.18,2.25
2011.02.02 16:01:31.676,5.72567,5.72752,1.18,3.75
2011.02.02 16:01:31.804,5.72576,5.72768,1.18,1.50
2011.02.02 16:01:32.582,5.72576,5.72764,1.18,1.50
2011.02.02 16:01:32.699,5.72576,5.72767,1.18,1.50
2011.02.02 16:01:35.633,5.72576,5.72768,1.18,1.50
2011.02.02 16:01:35.744,5.72576,5.72768,1.18,1.50
2011.02.02 16:01:36.075,5.72544,5.72768,1.18,1.69
2011.02.02 16:01:36.473,5.72544,5.72755,1.18,1.50
2011.02.02 16:01:36.808,5.72545,5.72743,2.38,2.25
2011.02.02 16:01:37.040,5.72577,5.72761,1.18,1.50
2011.02.02 16:01:37.588,5.72577,5.72761,1.18,1.50
2011.02.02 16:01:37.707,5.72562,5.72754,1.18,1.50
2011.02.02 16:01:38.791,5.72578,5.72764,1.18,1.50
2011.02.02 16:01:40.018,5.72578,5.7277,1.18,1.50
2011.02.02 16:01:40.271,5.72578,5.72758,1.18,1.50
2011.02.02 16:01:41.295,5.72578,5.72767,1.18,1.65
2011.02.02 16:01:41.639,5.72578,5.72767,1.18,1.50
2011.02.02 16:01:42.197,5.72532,5.72717,4.72,2.05
2011.02.02 16:01:47.070,5.72583,5.72752,9.99,1.50
2011.02.02 16:01:47.185,5.72607,5.72752,1.18,1.50
2011.02.02 16:01:47.730,5.72587,5.7276,3.43,1.50
2011.02.02 16:01:48.066,5.72587,5.7275,3.43,1.50
2011.02.02 16:01:48.696,5.7258,5.7275,4.72,2.05
2011.02.02 16:01:49.155,5.7258,5.7274,4.72,2.05
2011.02.02 16:01:49.496,5.72564,5.72747,4.72,2.05
2011.02.02 16:01:52.362,5.72536,5.72714,4.72,2.13
2011.02.02 16:01:53.731,5.72546,5.72707,1.18,1.50
2011.02.02 16:01:54.219,5.72548,5.72707,1.18,1.50
2011.02.02 16:01:54.552,5.72548,5.72725,1.18,1.50
2011.02.02 16:01:54.676,5.72548,5.72716,1.18,3.98
2011.02.02 16:01:56.343,5.72547,5.72709,2.68,4.58
2011.02.02 16:01:56.915,5.72521,5.72694,4.18,1.58
2011.02.02 16:01:57.044,5.72577,5.72684,2.25,1.50
2011.02.02 16:01:57.641,5.72573,5.72684,4.18,1.50
2011.02.02 16:01:57.763,5.72569,5.72777,3.96,2.48
2011.02.02 16:01:57.878,5.72569,5.72777,3.96,2.48
2011.02.02 16:01:58.330,5.72569,5.72777,3.96,2.58
2011.02.02 16:01:58.675,5.72569,5.72776,3.96,4.45
2011.02.02 16:01:59.404,5.72569,5.72773,3.96,4.35
2011.02.02 16:01:59.936,5.72565,5.72771,4.18,1.28
2011.02.02 16:02:00.045,5.72508,5.72717,1.18,1.50
2011.02.02 16:02:00.155,5.72508,5.72717,1.18,1.58
2011.02.02 16:02:00.707,5.72542,5.72717,1.15,1.65
2011.02.02 16:02:01.192,5.72582,5.72743,3.97,1.20
2011.02.02 16:02:01.812,5.72582,5.72768,3.97,1.42
2011.02.02 16:02:02.476,5.72582,5.72762,3.97,1.20
2011.02.02 16:02:02.587,5.72582,5.72781,3.97,4.35
2011.02.02 16:02:02.696,5.72582,5.72781,3.97,4.35
2011.02.02 16:02:02.841,5.72582,5.72753,3.97,1.20
2011.02.02 16:02:03.484,5.72582,5.72713,3.97,2.25
2011.02.02 16:02:03.602,5.72523,5.72713,1.18,2.25
2011.02.02 16:02:09.593,5.72523,5.72713,1.18,2.48
2011.02.02 16:02:10.380,5.72523,5.72713,1.18,2.33
2011.02.02 16:02:11.607,5.72493,5.72672,10.07,2.25
2011.02.02 16:02:12.391,5.72471,5.72613,9.79,2.25
2011.02.02 16:02:12.629,5.72487,5.72703,3.75,2.80
2011.02.02 16:02:12.861,5.72494,5.72685,3.96,1.14
2011.02.02 16:02:14.448,5.72494,5.72685,10.11,1.14
2011.02.02 16:02:14.854,5.72495,5.72694,1.27,1.50
2011.02.02 16:02:14.974,5.72497,5.72694,10.49,1.50
2011.02.02 16:02:15.088,5.72497,5.72704,10.49,1.50
2011.02.02 16:02:15.655,5.72493,5.72704,9.81,2.05
2011.02.02 16:02:16.010,5.72498,5.72673,1.20,2.25
2011.02.02 16:02:16.349,5.72498,5.72673,3.90,2.25
2011.02.02 16:02:16.811,5.72498,5.72673,9.98,2.25
2011.02.02 16:02:16.929,5.72498,5.72673,3.90,2.25
2011.02.02 16:02:17.768,5.72445,5.72642,1.14,2.25
2011.02.02 16:02:18.146,5.72508,5.72642,1.20,2.25
2011.02.02 16:02:18.500,5.7245,5.72642,1.14,2.80
2011.02.02 16:02:18.937,5.72527,5.72642,1.20,2.80
2011.02.02 16:02:19.049,5.7245,5.72642,1.14,2.80
2011.02.02 16:02:19.174,5.7245,5.72642,1.14,2.80
2011.02.02 16:02:19.397,5.7245,5.72642,1.14,2.80
2011.02.02 16:02:20.202,5.7245,5.72642,1.14,2.80
2011.02.02 16:02:20.564,5.7245,5.72642,1.14,2.80
2011.02.02 16:02:20.789,5.72476,5.7266,1.14,1.08
2011.02.02 16:02:20.907,5.72476,5.72672,1.14,6.57
2011.02.02 16:02:21.331,5.72475,5.72672,1.14,2.65
2011.02.02 16:02:21.777,5.72475,5.72672,1.14,2.25
2011.02.02 16:02:21.896,5.72497,5.72672,1.20,2.25
2011.02.02 16:02:22.240,5.72483,5.72672,1.14,2.25
2011.02.02 16:02:22.674,5.72483,5.72672,1.14,2.25
2011.02.02 16:02:22.898,5.72483,5.72672,1.14,2.44
2011.02.02 16:02:23.020,5.72483,5.72642,1.14,1.50
2011.02.02 16:02:23.139,5.72483,5.72633,1.14,1.11
2011.02.02 16:02:23.479,5.72447,5.72633,1.08,1.11
2011.02.02 16:02:23.952,5.72467,5.72663,1.14,2.91
2011.02.02 16:02:24.068,5.72467,5.72663,1.74,2.48
2011.02.02 16:02:25.277,5.72467,5.72663,1.14,2.48
2011.02.02 16:02:25.739,5.72467,5.72663,1.14,2.48
2011.02.02 16:02:26.077,5.72478,5.72663,1.14,2.48
2011.02.02 16:02:27.242,5.72537,5.72663,1.20,2.48
2011.02.02 16:02:28.227,5.72478,5.72663,1.14,2.48
2011.02.02 16:02:28.336,5.72478,5.72663,1.14,3.03
2011.02.02 16:02:28.447,5.72478,5.72663,1.14,3.03
2011.02.02 16:02:28.678,5.72507,5.72663,1.20,3.03
2011.02.02 16:02:29.144,5.72489,5.72663,1.14,3.06
2011.02.02 16:02:29.367,5.72472,5.72663,1.14,3.06
2011.02.02 16:02:29.494,5.72498,5.72663,1.20,3.06
2011.02.02 16:02:30.231,5.72507,5.72663,1.20,3.06
2011.02.02 16:02:30.586,5.72498,5.72663,1.20,3.06
2011.02.02 16:02:31.404,5.72472,5.72663,1.14,3.06
2011.02.02 16:02:31.524,5.72457,5.7266,1.14,1.44
2011.02.02 16:02:31.641,5.72498,5.7266,1.20,1.44
2011.02.02 16:02:32.332,5.72472,5.72663,1.14,3.06
2011.02.02 16:02:32.451,5.72472,5.72663,1.14,3.06
2011.02.02 16:02:32.897,5.72478,5.72658,1.20,1.51
2011.02.02 16:02:33.358,5.72456,5.72658,1.14,1.51
2011.02.02 16:02:33.839,5.72456,5.72658,1.14,1.51
2011.02.02 16:02:34.069,5.72487,5.72658,1.20,1.51
2011.02.02 16:02:34.771,5.72456,5.72658,1.14,1.51
2011.02.02 16:02:34.891,5.72488,5.72658,1.20,1.51
2011.02.02 16:02:35.266,5.72477,5.72658,1.20,1.51
2011.02.02 16:02:35.958,5.72434,5.72643,2.81,3.06
2011.02.02 16:02:36.069,5.72434,5.72633,2.43,1.50
2011.02.02 16:02:36.188,5.72431,5.72633,10.32,1.50
2011.02.02 16:02:36.535,5.72432,5.72633,1.14,1.50
2011.02.02 16:02:36.878,5.72447,5.72633,1.20,1.50
2011.02.02 16:02:37.682,5.72432,5.72628,1.14,1.42
2011.02.02 16:02:37.976,5.72432,5.72628,1.36,1.42
2011.02.02 16:02:38.198,5.72432,5.72628,1.14,1.42
2011.02.02 16:02:38.590,5.72432,5.72628,1.14,1.42
2011.02.02 16:02:38.714,5.72432,5.72627,1.14,1.16
2011.02.02 16:02:38.976,5.72432,5.72627,1.14,1.16
2011.02.02 16:02:39.606,5.72447,5.72637,1.14,1.55
2011.02.02 16:02:40.279,5.72447,5.72637,1.14,1.55
2011.02.02 16:02:40.628,5.72447,5.72637,1.14,1.55
2011.02.02 16:02:40.748,5.72447,5.72636,1.14,1.42
2011.02.02 16:02:41.423,5.72447,5.72636,1.14,1.42
2011.02.02 16:02:41.596,5.72447,5.72636,1.14,1.42
2011.02.02 16:02:41.817,5.72447,5.72636,1.14,1.42
2011.02.02 16:02:42.545,5.72447,5.72631,1.14,1.50
2011.02.02 16:02:42.766,5.72457,5.72631,1.20,1.50
2011.02.02 16:02:43.261,5.72467,5.72631,1.20,1.50
2011.02.02 16:02:43.910,5.72457,5.72631,1.20,1.32
2011.02.02 16:02:44.048,5.72447,5.72631,1.14,1.32
2011.02.02 16:02:44.165,5.72447,5.72631,1.14,1.32
2011.02.02 16:02:44.385,5.72467,5.72631,1.20,1.55
2011.02.02 16:02:45.018,5.72477,5.72631,1.20,1.55
2011.02.02 16:02:45.136,5.72447,5.72631,1.14,1.55
2011.02.02 16:02:46.415,5.72447,5.72631,1.14,1.55
2011.02.02 16:02:46.751,5.72447,5.72631,1.14,1.55
2011.02.02 16:02:47.084,5.72478,5.72631,1.20,1.55
2011.02.02 16:02:47.845,5.72487,5.72637,1.20,1.13
2011.02.02 16:02:47.979,5.72477,5.72637,1.20,1.13
2011.02.02 16:02:48.871,5.72455,5.72637,11.85,1.13
2011.02.02 16:02:48.991,5.72469,5.72643,1.14,3.38
2011.02.02 16:02:49.110,5.72469,5.72644,1.14,1.39
2011.02.02 16:02:49.653,5.72469,5.72644,1.14,1.39
2011.02.02 16:02:52.425,5.72517,5.72644,1.20,1.39
2011.02.02 16:02:52.535,5.72507,5.72644,1.20,1.39
2011.02.02 16:02:53.806,5.72487,5.72663,1.20,1.53
2011.02.02 16:02:54.278,5.72454,5.72656,11.85,1.26
2011.02.02 16:02:54.873,5.72558,5.72672,1.20,3.06
2011.02.02 16:02:55.256,5.7251,5.72712,1.14,3.64
2011.02.02 16:02:56.659,5.7251,5.72712,1.14,3.06
2011.02.02 16:02:56.888,5.7251,5.72712,1.14,3.06
2011.02.02 16:02:57.332,5.72493,5.72703,1.14,1.56
2011.02.02 16:02:57.448,5.72537,5.72698,1.20,1.44
2011.02.02 16:02:58.080,5.72558,5.72703,1.20,1.30
2011.02.02 16:02:58.871,5.72525,5.72719,1.14,1.37
2011.02.02 16:02:59.539,5.72588,5.72725,1.20,1.42
2011.02.02 16:03:00.348,5.72525,5.72725,1.14,1.42
2011.02.02 16:03:00.759,5.72525,5.72725,1.14,1.42
2011.02.02 16:03:01.801,5.72577,5.72725,1.20,1.42
2011.02.02 16:03:02.236,5.72587,5.72725,1.20,1.42
2011.02.02 16:03:02.373,5.72525,5.72725,1.14,1.42
2011.02.02 16:03:04.921,5.72533,5.72725,4.35,1.42
2011.02.02 16:03:05.257,5.72525,5.72718,1.14,1.44
2011.02.02 16:03:05.731,5.72525,5.72722,1.14,1.42
2011.02.02 16:03:05.988,5.72525,5.72722,1.14,1.42
2011.02.02 16:03:06.579,5.72568,5.72725,1.20,1.08
2011.02.02 16:03:08.375,5.72525,5.72725,1.14,1.08
2011.02.02 16:03:10.363,5.72607,5.72732,1.20,1.55
2011.02.02 16:03:10.480,5.72607,5.72752,1.20,1.50
2011.02.02 16:03:10.599,5.72568,5.72766,1.14,1.39
2011.02.02 16:03:11.432,5.72568,5.72766,1.14,1.39
2011.02.02 16:03:11.968,5.72568,5.72766,1.14,1.39
2011.02.02 16:03:12.448,5.72568,5.72766,1.14,1.39
2011.02.02 16:03:13.173,5.72568,5.72766,1.14,1.39
2011.02.02 16:03:13.373,5.72608,5.72766,1.20,1.39
2011.02.02 16:03:13.881,5.72568,5.72766,1.14,1.39
2011.02.02 16:03:14.851,5.72637,5.72766,1.20,1.39
2011.02.02 16:03:16.418,5.72607,5.72789,1.14,1.40
2011.02.02 16:03:16.905,5.72607,5.72789,1.14,1.40
2011.02.02 16:03:17.029,5.72607,5.72804,1.14,1.42
2011.02.02 16:03:17.286,5.72607,5.72804,1.14,1.42
2011.02.02 16:03:17.915,5.72607,5.72809,1.14,1.21
2011.02.02 16:03:18.249,5.72667,5.72812,1.20,3.06
2011.02.02 16:03:18.735,5.72607,5.72812,1.14,3.06
2011.02.02 16:03:21.068,5.72607,5.72812,1.14,3.06
2011.02.02 16:03:21.842,5.72657,5.72812,1.20,3.06
2011.02.02 16:03:21.961,5.72668,5.72812,1.20,3.06
2011.02.02 16:03:22.153,5.72607,5.72812,1.14,3.06
2011.02.02 16:03:23.178,5.72607,5.72812,1.14,3.06
2011.02.02 16:03:23.950,5.72607,5.72812,1.14,3.06
2011.02.02 16:03:24.257,5.72607,5.72812,1.14,3.06
2011.02.02 16:03:24.597,5.72638,5.72812,1.20,3.06
2011.02.02 16:03:24.975,5.72638,5.72812,1.20,3.06
2011.02.02 16:03:25.211,5.72594,5.72802,1.14,3.06
2011.02.02 16:03:26.424,5.72598,5.72787,1.20,1.11
2011.02.02 16:03:26.544,5.72577,5.72778,1.14,1.26
2011.02.02 16:03:27.107,5.72594,5.72778,1.14,1.26
2011.02.02 16:03:27.224,5.72594,5.72785,1.14,1.20
2011.02.02 16:03:27.701,5.72594,5.72785,1.14,1.20
2011.02.02 16:03:27.816,5.72594,5.72785,1.14,1.20
2011.02.02 16:03:28.361,5.72594,5.72785,1.14,1.20
2011.02.02 16:03:29.608,5.72627,5.72785,1.20,1.20
2011.02.02 16:03:29.947,5.72594,5.72785,1.14,1.83
2011.02.02 16:03:30.375,5.72577,5.72771,1.14,1.09
2011.02.02 16:03:30.511,5.72552,5.72753,1.14,3.06
2011.02.02 16:03:30.850,5.72552,5.72753,1.14,3.06
2011.02.02 16:03:31.305,5.72575,5.72773,11.85,1.26
2011.02.02 16:03:31.426,5.72627,5.72773,1.20,1.51
2011.02.02 16:03:31.538,5.72627,5.72792,1.20,1.29
2011.02.02 16:03:31.658,5.72637,5.72792,1.20,1.29
2011.02.02 16:03:32.161,5.72628,5.72792,1.20,1.29
2011.02.02 16:03:33.812,5.72594,5.72792,1.14,1.29
2011.02.02 16:03:34.036,5.72594,5.72797,1.14,1.55
2011.02.02 16:03:34.960,5.72538,5.72713,1.14,2.80
2011.02.02 16:03:35.443,5.72507,5.72713,1.87,3.03
2011.02.02 16:03:35.566,5.72478,5.72673,9.98,2.88
2011.02.02 16:03:36.460,5.72498,5.72667,1.20,1.42
2011.02.02 16:03:37.138,5.72488,5.72667,1.20,1.42
2011.02.02 16:03:37.945,5.72487,5.72633,1.20,2.25
2011.02.02 16:03:38.063,5.72452,5.72633,1.14,2.25
2011.02.02 16:03:38.180,5.72458,5.72633,1.20,2.25
2011.02.02 16:03:38.300,5.72452,5.72633,1.14,2.25
2011.02.02 16:03:38.911,5.72447,5.72633,1.14,2.33
2011.02.02 16:03:39.434,5.72452,5.72633,1.14,2.25
2011.02.02 16:03:40.007,5.72452,5.72633,1.14,2.25
2011.02.02 16:03:40.327,5.72454,5.72592,4.35,2.25
2011.02.02 16:03:40.436,5.72454,5.72592,4.35,2.25
2011.02.02 16:03:41.047,5.72443,5.72592,1.14,2.25
2011.02.02 16:03:41.511,5.72443,5.72592,1.14,2.25
2011.02.02 16:03:42.161,5.72508,5.72592,1.20,2.25
2011.02.02 16:03:42.397,5.72467,5.72592,1.14,2.25
2011.02.02 16:03:42.827,5.72475,5.72592,1.14,2.25
2011.02.02 16:03:43.216,5.72475,5.72592,1.14,2.25
2011.02.02 16:03:43.886,5.72475,5.72592,1.14,2.25
2011.02.02 16:03:43.998,5.72475,5.72592,1.14,2.25
2011.02.02 16:03:44.342,5.72499,5.72592,1.36,2.25
2011.02.02 16:03:44.698,5.72499,5.72643,1.36,1.38
2011.02.02 16:03:44.828,5.72515,5.72662,1.14,2.25
2011.02.02 16:03:45.059,5.72517,5.72662,1.20,2.25
2011.02.02 16:03:45.640,5.72515,5.72662,1.14,2.25
2011.02.02 16:03:46.213,5.72498,5.72662,1.14,2.25
2011.02.02 16:03:46.774,5.72482,5.72662,1.36,2.25
2011.02.02 16:03:46.996,5.72488,5.72622,1.20,2.25
2011.02.02 16:03:47.106,5.72482,5.72622,1.36,2.25
2011.02.02 16:03:47.666,5.72482,5.72622,1.14,2.25
2011.02.02 16:03:47.999,5.72517,5.72622,1.20,2.25
2011.02.02 16:03:48.702,5.72479,5.72622,4.68,2.25
2011.02.02 16:03:49.048,5.72472,5.72622,1.27,2.25
2011.02.02 16:03:49.454,5.72477,5.72622,1.14,2.25
2011.02.02 16:03:50.574,5.72468,5.72622,1.41,2.25
2011.02.02 16:03:50.691,5.72478,5.72622,1.14,2.25
2011.02.02 16:03:51.493,5.72458,5.72622,1.44,2.25
2011.02.02 16:03:52.312,5.72443,5.72622,1.05,2.25
2011.02.02 16:03:52.437,5.72423,5.72583,1.57,2.25
2011.02.02 16:03:52.552,5.72417,5.72583,5.08,2.25
2011.02.02 16:03:52.670,5.72412,5.72563,1.26,2.25
2011.02.02 16:03:53.124,5.72403,5.72563,1.87,2.25
2011.02.02 16:03:53.239,5.72403,5.72563,4.44,2.25
2011.02.02 16:03:54.018,5.72414,5.72563,1.27,2.25
2011.02.02 16:03:54.469,5.72417,5.72563,1.71,2.25
2011.02.02 16:03:55.023,5.72417,5.72563,1.11,2.25
2011.02.02 16:03:55.905,5.72417,5.72563,1.11,2.25
2011.02.02 16:03:56.341,5.72417,5.72563,1.11,2.25
2011.02.02 16:03:56.939,5.72417,5.72563,1.11,2.25
2011.02.02 16:03:57.167,5.72417,5.72563,1.11,2.25
2011.02.02 16:03:57.719,5.72417,5.72563,1.11,2.25
2011.02.02 16:03:58.028,5.72417,5.72563,1.11,2.25
2011.02.02 16:03:58.728,5.72438,5.72563,1.20,2.25
2011.02.02 16:04:00.165,5.72447,5.72563,1.20,2.25
2011.02.02 16:04:00.727,5.72417,5.72563,1.11,2.25
2011.02.02 16:04:01.056,5.72417,5.72563,1.11,2.25
2011.02.02 16:04:01.391,5.72417,5.72563,1.11,2.25
2011.02.02 16:04:02.128,5.72417,5.72563,1.11,2.25
2011.02.02 16:04:02.252,5.72438,5.72563,1.20,2.25
2011.02.02 16:04:02.588,5.72447,5.72563,1.20,2.25
2011.02.02 16:04:03.234,5.72401,5.72563,1.14,2.25
2011.02.02 16:04:03.459,5.72427,5.72563,1.20,2.25
2011.02.02 16:04:04.055,5.72408,5.72563,1.14,2.25
2011.02.02 16:04:05.157,5.72427,5.72563,1.20,2.25
2011.02.02 16:04:05.468,5.72414,5.72563,1.14,2.25
2011.02.02 16:04:05.587,5.72407,5.72563,1.14,2.25
2011.02.02 16:04:05.709,5.7239,5.72563,2.81,2.25
2011.02.02 16:04:06.225,5.72387,5.72563,1.33,2.25
2011.02.02 16:04:06.341,5.72397,5.72563,1.14,2.25
2011.02.02 16:04:06.562,5.72387,5.72563,1.33,2.25
2011.02.02 16:04:06.932,5.72397,5.72563,1.14,2.25
2011.02.02 16:04:07.342,5.72388,5.72563,1.14,2.25
2011.02.02 16:04:07.779,5.72408,5.72563,1.20,2.25
2011.02.02 16:04:08.017,5.72397,5.72563,1.14,2.25
2011.02.02 16:04:09.115,5.72387,5.72563,1.33,2.25
2011.02.02 16:04:10.089,5.72398,5.72563,1.20,2.25
2011.02.02 16:04:10.476,5.72397,5.72563,1.14,2.25
2011.02.02 16:04:10.805,5.72397,5.72563,1.14,2.25
2011.02.02 16:04:10.936,5.72397,5.72563,1.14,2.25
2011.02.02 16:04:11.376,5.72397,5.72563,1.46,2.25
2011.02.02 16:04:11.707,5.72437,5.72563,1.71,2.25
2011.02.02 16:04:12.651,5.72437,5.72563,1.11,2.25
2011.02.02 16:04:12.769,5.72397,5.72563,1.46,2.25
2011.02.02 16:04:13.386,5.72397,5.72563,1.35,2.25
2011.02.02 16:04:13.846,5.72437,5.72563,1.71,2.25
2011.02.02 16:04:15.478,5.72437,5.72563,1.11,2.25
2011.02.02 16:04:15.936,5.72437,5.72563,1.11,2.25
2011.02.02 16:04:16.474,5.72437,5.72563,1.11,2.25
2011.02.02 16:04:20.413,5.72437,5.72563,1.11,2.25
2011.02.02 16:04:21.907,5.72428,5.72563,1.11,2.25
2011.02.02 16:04:22.129,5.72414,5.72572,1.14,2.25
2011.02.02 16:04:22.467,5.72408,5.72572,1.14,2.25
2011.02.02 16:04:22.999,5.72417,5.72572,1.20,2.25
2011.02.02 16:04:23.768,5.72409,5.72572,1.36,2.25
2011.02.02 16:04:23.891,5.72393,5.72572,4.68,2.25
2011.02.02 16:04:24.368,5.72393,5.72532,1.14,2.25
2011.02.02 16:04:24.482,5.72393,5.72573,1.14,2.25
2011.02.02 16:04:25.023,5.72398,5.72573,4.68,2.25
2011.02.02 16:04:25.138,5.72408,5.72532,1.20,2.25
2011.02.02 16:04:25.919,5.72391,5.72532,1.89,2.25
2011.02.02 16:04:26.683,5.72417,5.72532,1.20,2.25
2011.02.02 16:04:26.797,5.72409,5.72532,1.36,2.25
2011.02.02 16:04:26.907,5.72417,5.72532,1.20,2.25
2011.02.02 16:04:27.016,5.72394,5.72532,9.98,2.25
2011.02.02 16:04:27.380,5.72391,5.72532,1.89,2.25
2011.02.02 16:04:28.380,5.72408,5.72573,1.20,2.25
2011.02.02 16:04:28.505,5.72425,5.72573,1.14,2.25
2011.02.02 16:04:30.373,5.72423,5.72573,1.36,2.25
2011.02.02 16:04:30.876,5.72426,5.72573,1.14,2.25
2011.02.02 16:04:31.048,5.72422,5.72573,1.36,2.25
2011.02.02 16:04:31.424,5.72426,5.72573,1.14,2.25
2011.02.02 16:04:32.489,5.72422,5.72573,1.36,2.25
2011.02.02 16:04:32.605,5.72406,5.72573,10.31,2.25
2011.02.02 16:04:32.717,5.72406,5.72573,9.93,2.25
2011.02.02 16:04:32.938,5.72406,5.72573,9.93,2.25
2011.02.02 16:04:33.394,5.72407,5.72573,1.14,2.25
2011.02.02 16:04:33.727,5.72409,5.72573,1.14,2.25
2011.02.02 16:04:34.204,5.72413,5.72573,1.27,2.25
2011.02.02 16:04:34.321,5.72407,5.72573,1.05,2.25
2011.02.02 16:04:34.660,5.72485,5.72643,3.96,2.25
2011.02.02 16:04:35.126,5.72492,5.72643,3.97,1.50
2011.02.02 16:04:35.601,5.72492,5.7264,3.97,1.50
2011.02.02 16:04:36.440,5.7246,5.72593,1.35,2.25
2011.02.02 16:04:36.556,5.72455,5.72593,1.61,2.25
2011.02.02 16:04:39.226,5.72452,5.72593,4.71,2.25
2011.02.02 16:04:40.329,5.7246,5.72593,1.56,2.25
2011.02.02 16:04:40.990,5.7246,5.72593,1.30,2.25
2011.02.02 16:04:41.112,5.7246,5.72593,1.56,2.25
2011.02.02 16:04:42.327,5.72468,5.72593,1.11,2.25
2011.02.02 16:04:45.691,5.72468,5.72593,1.11,2.25
2011.02.02 16:04:45.809,5.72468,5.72593,1.11,2.25
2011.02.02 16:04:45.928,5.72462,5.72593,1.26,2.25
2011.02.02 16:04:46.156,5.72468,5.72593,1.11,2.25
2011.02.02 16:04:46.993,5.72468,5.72593,1.11,2.25
2011.02.02 16:04:47.539,5.72468,5.72593,1.11,2.25
2011.02.02 16:04:47.656,5.72507,5.72593,1.20,2.25
2011.02.02 16:04:48.988,5.72508,5.72593,1.20,2.25
2011.02.02 16:04:51.237,5.72557,5.72653,1.20,2.25
2011.02.02 16:04:51.350,5.72557,5.72653,1.11,2.25
2011.02.02 16:04:51.932,5.72557,5.72693,1.11,2.25
2011.02.02 16:04:52.821,5.72557,5.72693,1.11,2.25
2011.02.02 16:04:53.248,5.72557,5.72693,1.11,2.25
2011.02.02 16:04:53.744,5.72553,5.72693,1.79,2.25
2011.02.02 16:04:53.859,5.72553,5.72653,1.34,2.25
2011.02.02 16:04:54.421,5.72557,5.72653,1.11,2.25
2011.02.02 16:04:54.546,5.72553,5.72712,1.34,2.25
2011.02.02 16:04:55.075,5.72557,5.72712,1.11,2.25
2011.02.02 16:04:55.646,5.72557,5.72712,1.11,2.25
2011.02.02 16:04:56.780,5.72557,5.72712,1.71,2.25
2011.02.02 16:04:57.119,5.72548,5.72712,1.11,2.25
2011.02.02 16:04:57.238,5.72546,5.72712,1.79,2.33
2011.02.02 16:04:59.880,5.72532,5.72712,1.26,2.33
2011.02.02 16:05:00.307,5.72519,5.72712,4.49,2.55
2011.02.02 16:05:01.116,5.72512,5.72708,1.26,1.02
2011.02.02 16:05:02.154,5.72511,5.72712,1.46,5.85
2011.02.02 16:05:03.595,5.72543,5.72712,1.26,2.33
2011.02.02 16:05:03.708,5.72514,5.72712,12.06,2.33
2011.02.02 16:05:04.369,5.72538,5.72712,4.56,2.25
2011.02.02 16:05:04.608,5.72538,5.72712,4.38,2.25
2011.02.02 16:05:05.398,5.72557,5.72712,1.11,2.25
2011.02.02 16:05:05.741,5.72557,5.72712,1.11,2.25
2011.02.02 16:05:06.157,5.72557,5.72712,1.11,2.25
2011.02.02 16:05:06.276,5.72548,5.72712,1.11,2.25
2011.02.02 16:05:06.608,5.72537,5.72712,4.56,2.25
2011.02.02 16:05:08.476,5.72543,5.72712,1.26,2.25
2011.02.02 16:05:08.728,5.72537,5.72712,1.71,2.40
2011.02.02 16:05:08.959,5.72507,5.72712,1.80,2.95
2011.02.02 16:05:09.077,5.72507,5.72688,1.80,1.58
2011.02.02 16:05:09.189,5.72497,5.72672,1.07,2.25
2011.02.02 16:05:09.600,5.72496,5.72672,3.98,2.25
2011.02.02 16:05:09.726,5.72493,5.72672,1.50,2.25
2011.02.02 16:05:09.841,5.72493,5.72672,1.50,2.33
2011.02.02 16:05:10.179,5.72493,5.72672,4.35,2.33
2011.02.02 16:05:10.524,5.72508,5.72672,1.20,2.33
2011.02.02 16:05:10.646,5.72503,5.72672,4.17,2.33
2011.02.02 16:05:10.761,5.72503,5.72672,4.17,2.33
2011.02.02 16:05:10.877,5.72493,5.72672,4.20,2.33
2011.02.02 16:05:11.540,5.7249,5.72672,4.50,2.33
2011.02.02 16:05:11.661,5.7249,5.72672,1.80,6.38
2011.02.02 16:05:11.779,5.7249,5.72672,4.17,2.33
2011.02.02 16:05:11.905,5.7249,5.72672,1.80,6.00
2011.02.02 16:05:12.540,5.7249,5.72672,1.80,6.62
2011.02.02 16:05:14.437,5.72479,5.72665,4.12,1.38
2011.02.02 16:05:14.778,5.72479,5.72653,1.72,1.23
2011.02.02 16:05:15.273,5.72467,5.72622,3.98,2.25
2011.02.02 16:05:15.942,5.72467,5.72622,1.50,2.25
2011.02.02 16:05:16.607,5.72467,5.72622,3.98,2.25
2011.02.02 16:05:17.610,5.72498,5.72662,1.20,6.45
2011.02.02 16:05:17.851,5.72499,5.72662,1.36,2.33
2011.02.02 16:05:18.377,5.72491,5.72662,1.50,5.85
2011.02.02 16:05:18.489,5.72482,5.72662,1.65,5.85
2011.02.02 16:05:18.606,5.72482,5.72662,4.58,2.33
2011.02.02 16:05:19.291,5.72482,5.72662,1.80,6.00
2011.02.02 16:05:19.657,5.72474,5.72622,4.20,2.25
2011.02.02 16:05:19.778,5.72474,5.72622,1.58,2.25
2011.02.02 16:05:21.338,5.72474,5.72622,3.98,2.25
2011.02.02 16:05:23.538,5.72481,5.72622,4.65,2.25
2011.02.02 16:05:23.769,5.72507,5.72662,1.14,2.33
2011.02.02 16:05:24.234,5.72485,5.72622,1.58,2.25
2011.02.02 16:05:24.676,5.72485,5.72622,4.20,2.25
2011.02.02 16:05:24.788,5.72485,5.72622,1.58,2.25
2011.02.02 16:05:26.016,5.72478,5.72622,1.20,2.25
2011.02.02 16:05:26.486,5.72495,5.72622,4.35,2.25
2011.02.02 16:05:26.600,5.72487,5.72622,3.98,2.25
2011.02.02 16:05:27.465,5.72498,5.72622,1.20,2.25
2011.02.02 16:05:27.582,5.72487,5.72622,4.35,2.25
2011.02.02 16:05:27.700,5.72487,5.72622,4.35,2.25
2011.02.02 16:05:28.076,5.72487,5.72622,4.35,2.25
2011.02.02 16:05:28.187,5.72487,5.72622,4.35,2.25
2011.02.02 16:05:28.685,5.72514,5.72663,1.14,2.25
2011.02.02 16:05:28.802,5.72514,5.72663,1.14,2.25
2011.02.02 16:05:28.920,5.72514,5.72663,1.14,2.25
2011.02.02 16:05:29.673,5.72507,5.72663,1.14,2.25
2011.02.02 16:05:30.700,5.72507,5.72663,1.14,2.25
2011.02.02 16:05:31.053,5.72546,5.72702,1.14,2.25
2011.02.02 16:05:31.584,5.72587,5.72702,1.20,2.25
2011.02.02 16:05:32.375,5.72578,5.72702,1.20,2.25
2011.02.02 16:05:33.147,5.72567,5.72702,1.20,2.25
2011.02.02 16:05:33.711,5.72563,5.72702,4.17,2.25
2011.02.02 16:05:33.942,5.72563,5.72702,1.80,2.25
2011.02.02 16:05:34.064,5.7255,5.72702,4.12,2.25
2011.02.02 16:05:34.650,5.7255,5.72702,4.17,2.25
2011.02.02 16:05:35.793,5.72539,5.72702,4.17,2.25
2011.02.02 16:05:35.907,5.72539,5.72702,1.65,2.25
2011.02.02 16:05:36.547,5.72549,5.72702,1.50,2.25
2011.02.02 16:05:36.754,5.72549,5.72702,1.65,2.25
2011.02.02 16:05:37.147,5.72549,5.72702,1.50,2.25
2011.02.02 16:05:38.338,5.72549,5.72702,1.65,2.25
2011.02.02 16:05:39.437,5.72549,5.72738,1.65,1.15
2011.02.02 16:05:40.226,5.72549,5.72748,4.17,1.03
2011.02.02 16:05:40.451,5.72549,5.72738,1.65,1.15
2011.02.02 16:05:41.407,5.72549,5.72748,1.65,1.03
2011.02.02 16:05:41.627,5.7254,5.72738,4.70,1.44
2011.02.02 16:05:42.388,5.7254,5.72725,1.50,1.51
2011.02.02 16:05:42.508,5.7254,5.72725,1.80,1.32
2011.02.02 16:05:43.460,5.7254,5.72662,1.50,2.25
2011.02.02 16:05:43.817,5.72488,5.72662,1.18,2.25
2011.02.02 16:05:44.048,5.72457,5.72662,1.18,2.41
2011.02.02 16:05:45.059,5.72457,5.72662,1.18,2.25
2011.02.02 16:05:45.181,5.72466,5.72672,2.47,2.33
2011.02.02 16:05:45.642,5.72466,5.72672,2.47,2.49
2011.02.02 16:05:45.995,5.72466,5.72672,2.47,2.49
2011.02.02 16:05:46.218,5.72466,5.72672,2.47,2.33
2011.02.02 16:05:46.614,5.72466,5.72672,2.47,2.69
2011.02.02 16:05:46.743,5.72457,5.72633,1.18,2.33
2011.02.02 16:05:47.426,5.72457,5.72633,1.18,2.48
2011.02.02 16:05:48.438,5.72492,5.72665,1.72,1.20
2011.02.02 16:05:48.666,5.72492,5.72672,1.72,6.42
2011.02.02 16:05:48.819,5.72492,5.72672,1.72,6.42
2011.02.02 16:05:49.868,5.72492,5.72672,1.72,5.85
2011.02.02 16:05:49.994,5.72492,5.72672,1.72,2.33
2011.02.02 16:05:50.264,5.72492,5.72672,1.72,2.63
2011.02.02 16:05:50.987,5.72492,5.72672,1.72,2.40
2011.02.02 16:05:51.215,5.72497,5.72672,1.72,2.33
2011.02.02 16:05:51.440,5.72513,5.72708,1.72,1.15
2011.02.02 16:05:52.765,5.7252,5.72712,1.72,6.69
2011.02.02 16:05:53.899,5.72514,5.72707,1.72,1.19
2011.02.02 16:05:54.599,5.72514,5.72695,1.72,1.17
2011.02.02 16:05:54.720,5.72523,5.72695,1.50,1.17
2011.02.02 16:05:55.225,5.72523,5.72688,1.50,1.38
2011.02.02 16:05:55.796,5.72511,5.72688,1.72,1.38
2011.02.02 16:05:57.597,5.72523,5.72688,1.50,1.38
2011.02.02 16:05:57.720,5.72523,5.72695,1.50,1.06
2011.02.02 16:05:57.843,5.72523,5.72708,1.72,1.19
2011.02.02 16:05:58.624,5.72541,5.72711,1.50,2.03
2011.02.02 16:05:59.548,5.72545,5.72703,4.50,1.17
2011.02.02 16:06:00.345,5.72553,5.72712,1.50,2.91
2011.02.02 16:06:00.565,5.72547,5.72712,1.50,2.44
2011.02.02 16:06:01.200,5.72546,5.72712,1.72,2.37
2011.02.02 16:06:02.035,5.72546,5.72712,1.72,2.91
2011.02.02 16:06:04.534,5.72496,5.72703,2.47,1.21
2011.02.02 16:06:06.338,5.72498,5.72652,4.72,2.25
2011.02.02 16:06:06.579,5.72486,5.72652,1.58,2.25
2011.02.02 16:06:06.697,5.72471,5.72652,4.12,2.25
2011.02.02 16:06:06.818,5.72471,5.72652,1.65,2.25
2011.02.02 16:06:07.218,5.72471,5.72652,1.65,2.52
2011.02.02 16:06:08.145,5.72505,5.72652,4.30,2.25
2011.02.02 16:06:15.383,5.72529,5.72652,1.50,2.25
2011.02.02 16:06:15.502,5.72529,5.72703,1.50,2.48
2011.02.02 16:06:15.938,5.72529,5.72699,1.50,2.64
2011.02.02 16:06:16.057,5.7251,5.72694,1.71,1.31
2011.02.02 16:06:16.738,5.7251,5.72692,1.71,1.34
2011.02.02 16:06:17.090,5.72484,5.72643,1.71,2.25
2011.02.02 16:06:18.875,5.7251,5.72683,1.50,2.55
2011.02.02 16:06:19.207,5.7251,5.72683,1.50,2.55
2011.02.02 16:06:20.316,5.7251,5.72683,1.80,2.55
2011.02.02 16:06:20.793,5.7251,5.72683,4.17,2.25
2011.02.02 16:06:21.350,5.72522,5.72683,1.04,2.25
2011.02.02 16:06:21.709,5.72521,5.72683,4.56,2.25
2011.02.02 16:06:21.835,5.72547,5.72723,3.98,2.25
2011.02.02 16:06:22.059,5.72547,5.72723,1.50,2.55
2011.02.02 16:06:22.480,5.72537,5.72723,5.39,2.55
2011.02.02 16:06:22.802,5.72548,5.72723,1.20,2.25
2011.02.02 16:06:23.299,5.72547,5.72723,4.35,2.25
2011.02.02 16:06:23.416,5.72547,5.72723,4.95,2.55
2011.02.02 16:06:23.931,5.72547,5.72723,1.58,2.55
2011.02.02 16:06:24.048,5.72547,5.72723,3.98,2.55
2011.02.02 16:06:24.935,5.72547,5.72723,1.58,2.55
2011.02.02 16:06:25.046,5.72547,5.72723,4.35,2.55
2011.02.02 16:06:25.454,5.72547,5.72723,1.73,2.25
2011.02.02 16:06:25.851,5.72547,5.72723,1.73,2.55
2011.02.02 16:06:26.459,5.72547,5.72723,4.95,2.55
2011.02.02 16:06:26.578,5.72547,5.72723,4.20,2.25
2011.02.02 16:06:27.411,5.72547,5.72723,4.20,2.55
2011.02.02 16:06:27.820,5.72547,5.72723,4.35,2.55
2011.02.02 16:06:28.359,5.72547,5.72723,4.35,2.25
2011.02.02 16:06:28.477,5.72547,5.72723,1.73,2.25
2011.02.02 16:06:28.737,5.72548,5.72723,1.20,2.25
2011.02.02 16:06:29.531,5.72547,5.72723,3.98,2.25
2011.02.02 16:06:30.184,5.72547,5.72723,3.98,2.55
2011.02.02 16:06:31.119,5.72547,5.72723,3.98,2.25
2011.02.02 16:06:31.532,5.72548,5.72723,1.20,2.25
2011.02.02 16:06:31.870,5.72558,5.72723,1.20,2.25
2011.02.02 16:06:32.269,5.72548,5.72723,1.20,2.25
2011.02.02 16:06:32.616,5.72542,5.72721,4.35,1.14
2011.02.02 16:06:32.726,5.72537,5.72721,1.11,1.14
2011.02.02 16:06:32.948,5.72542,5.72693,4.17,2.25
2011.02.02 16:06:33.892,5.72529,5.72693,1.65,2.25
2011.02.02 16:06:34.661,5.72529,5.72693,4.35,2.25
2011.02.02 16:06:35.713,5.72529,5.72693,4.35,2.25
2011.02.02 16:06:36.060,5.72529,5.72693,4.35,2.25
2011.02.02 16:06:36.570,5.72557,5.72693,1.20,2.25
2011.02.02 16:06:36.697,5.72544,5.72723,4.35,2.25
2011.02.02 16:06:37.074,5.72544,5.72723,4.35,2.25
2011.02.02 16:06:37.187,5.72544,5.72723,4.35,2.25
2011.02.02 16:06:37.809,5.72548,5.72723,4.35,2.25
2011.02.02 16:06:39.706,5.72525,5.72666,4.18,4.50
2011.02.02 16:06:40.045,5.72447,5.72666,1.18,5.05
2011.02.02 16:06:40.156,5.72447,5.72666,1.18,5.05
2011.02.02 16:06:40.720,5.72484,5.72672,1.16,3.70
2011.02.02 16:06:40.847,5.72507,5.72705,1.18,1.23
2011.02.02 16:06:45.803,5.72507,5.72642,1.11,2.25
2011.02.02 16:06:46.371,5.72527,5.72642,1.11,2.25
2011.02.02 16:06:46.495,5.72522,5.72642,1.26,2.25
2011.02.02 16:06:46.610,5.72498,5.72642,4.68,2.25
2011.02.02 16:06:50.505,5.72499,5.72613,1.50,2.25
2011.02.02 16:06:50.914,5.72471,5.72613,4.17,2.25
2011.02.02 16:06:51.029,5.72487,5.72613,1.20,2.25
2011.02.02 16:06:51.506,5.72471,5.72613,1.80,2.25
2011.02.02 16:06:51.727,5.72471,5.72613,4.17,2.25
2011.02.02 16:06:52.273,5.7246,5.72613,4.35,2.25
2011.02.02 16:06:52.779,5.72468,5.72613,1.20,2.25
2011.02.02 16:06:54.052,5.7246,5.72613,4.35,2.25
2011.02.02 16:06:54.501,5.72468,5.72613,1.20,2.25
2011.02.02 16:06:55.711,5.7246,5.72613,4.17,2.25
2011.02.02 16:06:55.829,5.7246,5.72613,1.65,2.25
2011.02.02 16:06:56.057,5.72449,5.72613,4.35,2.25
2011.02.02 16:06:56.556,5.72458,5.72613,4.35,2.25
2011.02.02 16:06:56.916,5.72458,5.72613,4.35,2.25
2011.02.02 16:06:57.028,5.72474,5.72613,1.50,2.25
2011.02.02 16:06:57.148,5.72454,5.72613,1.58,2.25
2011.02.02 16:06:57.561,5.72454,5.72573,1.58,2.25
2011.02.02 16:06:57.906,5.72444,5.72573,4.35,2.25
2011.02.02 16:06:58.018,5.72457,5.72573,1.58,2.25
2011.02.02 16:06:58.816,5.72364,5.72503,1.71,2.25
2011.02.02 16:06:59.499,5.7242,5.72503,1.50,2.25
2011.02.02 16:06:59.848,5.7242,5.72553,1.50,1.58
2011.02.02 16:06:59.973,5.72375,5.72493,1.58,2.25
2011.02.02 16:07:00.196,5.72375,5.72493,1.50,2.25
2011.02.02 16:07:00.305,5.72314,5.72493,3.83,2.25
2011.02.02 16:07:00.415,5.72314,5.72493,9.98,3.00
2011.02.02 16:07:00.745,5.72303,5.72493,4.35,3.00
2011.02.02 16:07:00.857,5.72328,5.72493,1.20,3.00
2011.02.02 16:07:01.396,5.72302,5.72493,4.35,3.00
2011.02.02 16:07:02.068,5.72337,5.72493,1.20,3.00
2011.02.02 16:07:02.446,5.72301,5.72493,4.35,3.00
2011.02.02 16:07:02.996,5.72207,5.7233,2.25,1.35
2011.02.02 16:07:03.109,5.72148,5.72292,4.68,2.25
2011.02.02 16:07:03.448,5.72148,5.72292,1.79,2.25
2011.02.02 16:07:04.260,5.72148,5.72292,1.11,2.25
2011.02.02 16:07:04.708,5.72128,5.72253,1.20,2.25
2011.02.02 16:07:04.828,5.72138,5.72307,1.20,1.58
2011.02.02 16:07:04.948,5.72138,5.72327,1.20,3.75
2011.02.02 16:07:05.178,5.72118,5.72327,4.35,3.75
2011.02.02 16:07:05.511,5.72118,5.72319,4.35,3.75
2011.02.02 16:07:05.971,5.72116,5.72319,4.35,3.75
2011.02.02 16:07:06.090,5.72124,5.72332,4.35,2.25
2011.02.02 16:07:06.652,5.72124,5.72326,4.35,4.50
2011.02.02 16:07:06.878,5.72121,5.72326,4.35,3.75
2011.02.02 16:07:06.998,5.72112,5.72332,4.35,2.25
2011.02.02 16:07:07.119,5.72112,5.72326,4.35,4.77
2011.02.02 16:07:07.582,5.72107,5.72326,1.11,11.78
2011.02.02 16:07:07.710,5.7208,5.72263,4.35,2.25
2011.02.02 16:07:08.059,5.7208,5.72263,4.35,2.25
2011.02.02 16:07:08.504,5.72124,5.72345,11.70,4.30
2011.02.02 16:07:09.274,5.72107,5.72311,1.11,1.69
2011.02.02 16:07:10.283,5.72143,5.72311,4.17,1.69
2011.02.02 16:07:11.572,5.72127,5.72311,1.20,5.44
2011.02.02 16:07:11.868,5.72205,5.72311,4.50,5.44
2011.02.02 16:07:12.099,5.72205,5.72353,4.50,1.55
2011.02.02 16:07:12.686,5.72205,5.7236,4.69,1.50
2011.02.02 16:07:12.921,5.72285,5.72419,4.50,1.20
2011.02.02 16:07:13.256,5.72285,5.72487,4.50,2.64
2011.02.02 16:07:17.531,5.72287,5.72486,3.75,2.81
2011.02.02 16:07:17.760,5.72308,5.72503,2.46,2.52
2011.02.02 16:07:18.628,5.72308,5.72495,2.25,1.59
2011.02.02 16:07:18.860,5.72308,5.72506,2.46,1.04
2011.02.02 16:07:19.315,5.72335,5.7252,4.71,1.52
2011.02.02 16:07:19.433,5.72336,5.72542,4.04,2.47
2011.02.02 16:07:19.551,5.72338,5.72542,1.11,2.25
2011.02.02 16:07:20.105,5.72358,5.72573,2.25,2.67
2011.02.02 16:07:21.005,5.72381,5.7258,1.08,1.62
2011.02.02 16:07:21.125,5.72398,5.72611,2.70,2.94
2011.02.02 16:07:22.867,5.72398,5.72612,2.25,2.35
2011.02.02 16:07:23.097,5.72398,5.72612,2.55,2.35
2011.02.02 16:07:23.797,5.72483,5.72683,1.50,1.29
2011.02.02 16:07:24.724,5.72533,5.72683,1.50,1.34
2011.02.02 16:07:25.069,5.72547,5.72731,2.65,1.50
2011.02.02 16:07:25.189,5.72565,5.72731,1.50,1.50
2011.02.02 16:07:26.380,5.72567,5.72731,1.50,1.50
2011.02.02 16:07:27.687,5.72562,5.72731,1.50,1.50
2011.02.02 16:07:27.797,5.72559,5.72731,3.75,1.50
2011.02.02 16:07:28.156,5.72559,5.72731,3.75,1.50
2011.02.02 16:07:28.282,5.72554,5.72758,3.75,1.30
2011.02.02 16:07:28.831,5.7255,5.72758,3.75,1.30
2011.02.02 16:07:29.835,5.72557,5.72758,3.75,1.30
2011.02.02 16:07:30.179,5.72554,5.72758,3.75,1.30
2011.02.02 16:07:30.298,5.72526,5.72722,4.05,2.80
2011.02.02 16:07:30.728,5.72512,5.72722,1.72,2.80
2011.02.02 16:07:31.277,5.72498,5.72722,4.68,2.80
2011.02.02 16:07:31.880,5.72508,5.72722,1.14,2.80
2011.02.02 16:07:32.106,5.72502,5.72722,1.72,2.80
2011.02.02 16:07:32.663,5.72502,5.72683,1.50,2.80
2011.02.02 16:07:32.781,5.72467,5.72683,4.65,2.95
2011.02.02 16:07:32.896,5.72472,5.72683,1.36,2.80
2011.02.02 16:07:34.335,5.72468,5.72672,1.14,1.15
2011.02.02 16:07:34.592,5.72477,5.72673,1.20,1.23
2011.02.02 16:07:35.056,5.72503,5.72692,1.36,1.23
2011.02.02 16:07:35.387,5.72506,5.7271,1.14,2.73
2011.02.02 16:07:36.007,5.72528,5.72696,1.20,5.01
2011.02.02 16:07:36.130,5.72528,5.72695,1.20,1.26
2011.02.02 16:07:36.253,5.7249,5.72683,1.71,1.50
2011.02.02 16:07:38.157,5.72517,5.72683,1.11,1.58
2011.02.02 16:07:38.858,5.72517,5.72683,1.11,1.58
2011.02.02 16:07:40.260,5.72517,5.72687,1.11,4.58
2011.02.02 16:07:40.387,5.72523,5.72703,4.35,1.05
2011.02.02 16:07:40.497,5.72523,5.7271,4.35,1.17
2011.02.02 16:07:40.610,5.72523,5.7271,4.35,1.17
2011.02.02 16:07:40.863,5.72558,5.7271,1.20,1.17
2011.02.02 16:07:41.299,5.72523,5.7271,4.35,1.17
2011.02.02 16:07:41.540,5.72523,5.7271,4.35,1.17
2011.02.02 16:07:41.656,5.72523,5.7271,1.50,1.17
2011.02.02 16:07:41.769,5.72523,5.7271,1.71,1.17
2011.02.02 16:07:42.382,5.7254,5.72707,1.71,1.05
2011.02.02 16:07:42.500,5.72532,5.7273,1.71,1.70
2011.02.02 16:07:44.177,5.72535,5.72738,4.71,2.82
2011.02.02 16:07:44.740,5.72535,5.72753,4.71,1.24
2011.02.02 16:07:48.178,5.7252,5.72743,1.46,1.30
2011.02.02 16:07:49.050,5.72542,5.72743,1.26,1.30
2011.02.02 16:07:49.229,5.7252,5.72743,1.46,1.30
2011.02.02 16:07:49.457,5.7252,5.72743,1.35,1.30
2011.02.02 16:07:49.686,5.72529,5.72746,4.56,1.33
2011.02.02 16:07:50.134,5.72547,5.72746,1.11,1.11
2011.02.02 16:07:50.249,5.72521,5.72746,4.56,1.33
2011.02.02 16:07:50.365,5.72521,5.7274,4.56,1.45
2011.02.02 16:07:51.394,5.72521,5.7274,4.56,1.45
2011.02.02 16:07:51.625,5.72521,5.7274,4.68,1.45
2011.02.02 16:07:51.739,5.72532,5.7274,1.26,1.45
2011.02.02 16:07:51.967,5.72532,5.7274,1.26,1.45
2011.02.02 16:07:52.515,5.72519,5.72723,1.46,2.33
2011.02.02 16:07:53.461,5.72528,5.7274,6.36,1.45
2011.02.02 16:07:53.686,5.72535,5.72744,1.46,2.25
2011.02.02 16:07:53.908,5.72535,5.72754,1.46,1.38
2011.02.02 16:07:54.579,5.72541,5.72755,1.27,1.21
2011.02.02 16:07:54.808,5.72547,5.72755,1.11,1.21
2011.02.02 16:07:55.195,5.72547,5.72761,1.11,1.54
2011.02.02 16:07:55.426,5.72548,5.72761,1.11,1.54
2011.02.02 16:07:56.218,5.72547,5.72761,6.55,1.54
2011.02.02 16:07:56.447,5.72575,5.72801,4.71,1.13
2011.02.02 16:07:57.047,5.72618,5.72813,3.75,1.50
2011.02.02 16:07:57.572,5.72583,5.72812,3.96,1.21
2011.02.02 16:07:59.369,5.72583,5.72782,3.75,1.30
2011.02.02 16:07:59.489,5.72569,5.72787,1.71,1.50
2011.02.02 16:07:59.864,5.72567,5.7277,2.46,1.62
2011.02.02 16:08:01.149,5.72572,5.7279,1.93,1.17
2011.02.02 16:08:03.036,5.72578,5.7279,1.03,1.17
2011.02.02 16:08:03.144,5.72568,5.7279,10.14,2.88
2011.02.02 16:08:03.257,5.72568,5.72772,4.18,1.20
2011.02.02 16:08:03.794,5.72528,5.72748,6.15,3.06
2011.02.02 16:08:04.783,5.72557,5.72748,1.20,1.41
2011.02.02 16:08:05.010,5.72558,5.72761,1.20,1.08
2011.02.02 16:08:05.236,5.72555,5.72766,12.39,2.76
2011.02.02 16:08:05.348,5.72567,5.72766,1.20,2.76
2011.02.02 16:08:05.928,5.72555,5.72766,12.39,2.76
2011.02.02 16:08:06.048,5.72555,5.72763,12.01,1.07
2011.02.02 16:08:06.593,5.72555,5.72766,12.01,2.61
2011.02.02 16:08:06.710,5.72555,5.72766,12.39,1.41
2011.02.02 16:08:07.074,5.72555,5.72766,12.39,1.41
2011.02.02 16:08:07.677,5.72567,5.72779,1.14,1.41
2011.02.02 16:08:07.998,5.72571,5.72783,1.14,1.41
2011.02.02 16:08:09.219,5.72571,5.72783,1.14,1.41
2011.02.02 16:08:09.450,5.72563,5.72775,1.80,1.17
2011.02.02 16:08:09.569,5.72561,5.72763,1.72,1.23
2011.02.02 16:08:09.797,5.7254,5.72758,1.36,1.05
2011.02.02 16:08:10.321,5.7254,5.7276,1.14,1.02
2011.02.02 16:08:10.668,5.7254,5.72752,1.36,1.02
2011.02.02 16:08:12.700,5.7254,5.7276,1.14,1.07
2011.02.02 16:08:12.912,5.7254,5.72752,1.36,1.02
2011.02.02 16:08:13.025,5.7254,5.7276,1.14,1.07
2011.02.02 16:08:13.336,5.7254,5.72753,1.36,1.02
2011.02.02 16:08:14.680,5.7254,5.7276,1.14,1.07
2011.02.02 16:08:15.601,5.7254,5.7276,1.14,1.07
2011.02.02 16:08:15.932,5.7254,5.7276,1.14,1.07
2011.02.02 16:08:16.044,5.7254,5.7276,1.14,1.07
2011.02.02 16:08:17.207,5.72538,5.72751,1.41,2.29
2011.02.02 16:08:17.320,5.72528,5.72751,6.39,2.87
2011.02.02 16:08:17.807,5.72517,5.72715,1.05,1.28
2011.02.02 16:08:17.926,5.72488,5.72682,2.25,1.30
2011.02.02 16:08:18.146,5.72488,5.72679,2.25,1.18
2011.02.02 16:08:19.653,5.72488,5.72682,2.25,1.41
2011.02.02 16:08:20.347,5.72488,5.72682,2.40,1.41
2011.02.02 16:08:20.803,5.72487,5.72683,2.62,1.32
2011.02.02 16:08:21.083,5.72487,5.72684,2.40,2.69
2011.02.02 16:08:21.956,5.72487,5.72688,2.62,1.19
2011.02.02 16:08:22.288,5.72518,5.727,2.46,1.11
2011.02.02 16:08:22.408,5.72518,5.72722,2.68,1.24
2011.02.02 16:08:22.527,5.72522,5.72752,1.93,6.72
2011.02.02 16:08:22.636,5.72522,5.72736,1.93,1.56
2011.02.02 16:08:23.279,5.7253,5.72752,1.93,6.74
2011.02.02 16:08:23.668,5.7253,5.7275,1.93,1.55
2011.02.02 16:08:24.159,5.72518,5.7273,2.68,2.76
2011.02.02 16:08:24.284,5.72518,5.7273,2.68,2.82
2011.02.02 16:08:24.616,5.72512,5.72693,1.93,2.25
2011.02.02 16:08:25.618,5.72534,5.72733,1.93,2.33
2011.02.02 16:08:25.961,5.72536,5.72733,1.93,5.85
2011.02.02 16:08:26.602,5.72524,5.72733,6.13,2.33
2011.02.02 16:08:27.167,5.72528,5.72733,1.33,2.40
2011.02.02 16:08:27.876,5.72512,5.72693,1.93,2.33
2011.02.02 16:08:28.741,5.7253,5.72693,4.49,2.25
2011.02.02 16:08:28.891,5.72532,5.72733,1.07,2.25
2011.02.02 16:08:29.218,5.7253,5.72733,1.93,2.48
2011.02.02 16:08:30.247,5.72532,5.72733,1.07,2.25
2011.02.02 16:08:30.358,5.72529,5.72728,4.18,1.17
2011.02.02 16:08:31.011,5.72519,5.72693,1.93,2.25
2011.02.02 16:08:35.996,5.7256,5.72693,1.15,2.25
2011.02.02 16:08:36.217,5.72612,5.72781,1.71,1.50
2011.02.02 16:08:36.890,5.72607,5.72762,2.46,1.09
2011.02.02 16:08:37.521,5.72573,5.7272,1.71,1.07
2011.02.02 16:08:38.563,5.72579,5.7272,1.50,1.07
2011.02.02 16:08:38.992,5.72579,5.7272,2.25,1.07
2011.02.02 16:08:39.473,5.72607,5.72772,2.54,2.87
2011.02.02 16:08:39.705,5.72521,5.72733,4.26,3.00
2011.02.02 16:08:40.245,5.7253,5.72727,1.71,1.09
2011.02.02 16:08:40.967,5.7253,5.72727,1.71,1.50
2011.02.02 16:08:41.329,5.7253,5.72727,1.71,1.50
2011.02.02 16:08:41.569,5.72464,5.72675,1.14,2.72
2011.02.02 16:08:42.165,5.72498,5.72684,1.14,1.35
2011.02.02 16:08:42.507,5.72506,5.72713,1.14,2.04
2011.02.02 16:08:43.188,5.72533,5.72713,1.50,2.04
2011.02.02 16:08:43.308,5.72533,5.72718,1.71,1.38
2011.02.02 16:08:43.536,5.72533,5.72741,1.71,1.02
2011.02.02 16:08:44.358,5.72537,5.72722,1.71,1.20
2011.02.02 16:08:45.051,5.7252,5.72724,1.71,2.10
2011.02.02 16:08:45.653,5.72513,5.72732,1.27,1.09
2011.02.02 16:08:45.989,5.72574,5.72746,4.71,5.37
2011.02.02 16:08:46.628,5.72575,5.72767,4.15,1.62
2011.02.02 16:08:46.749,5.72577,5.72772,2.46,1.15
2011.02.02 16:08:46.871,5.72614,5.7279,4.71,1.50
2011.02.02 16:08:47.383,5.72586,5.72799,3.96,1.62
2011.02.02 16:08:48.388,5.7259,5.72806,3.96,1.62
2011.02.02 16:08:48.499,5.72569,5.72772,3.75,1.30
2011.02.02 16:08:48.836,5.72536,5.72772,1.18,1.30
2011.02.02 16:08:49.370,5.72545,5.72769,1.93,1.06
2011.02.02 16:08:50.284,5.72536,5.72761,1.18,1.06
2011.02.02 16:08:50.406,5.72521,5.72725,1.71,1.08
2011.02.02 16:08:50.522,5.72527,5.72733,3.75,1.30
2011.02.02 16:08:50.639,5.7255,5.72737,4.18,1.11
2011.02.02 16:08:51.000,5.7256,5.72737,1.50,1.11
2011.02.02 16:08:51.126,5.72558,5.72753,4.18,1.20
2011.02.02 16:08:52.747,5.72566,5.72772,1.50,2.76
2011.02.02 16:08:52.991,5.72566,5.72763,1.65,1.20
2011.02.02 16:08:54.650,5.72566,5.72772,1.50,2.76
2011.02.02 16:08:55.186,5.72566,5.72732,1.50,1.20
2011.02.02 16:08:55.608,5.72566,5.72742,1.50,1.20
2011.02.02 16:08:55.778,5.72566,5.72752,1.65,1.20
2011.02.02 16:08:55.894,5.72566,5.72772,3.98,2.76
2011.02.02 16:08:56.099,5.72566,5.72776,1.50,1.02
2011.02.02 16:08:56.216,5.72617,5.72776,2.25,1.02
2011.02.02 16:08:56.326,5.72617,5.72826,2.68,4.53
2011.02.02 16:08:56.545,5.72617,5.72835,4.18,2.41
2011.02.02 16:08:57.076,5.72619,5.72842,4.18,1.02
2011.02.02 16:08:57.406,5.72617,5.72841,2.68,3.87
2011.02.02 16:08:57.628,5.72622,5.72836,4.18,1.62
2011.02.02 16:08:58.053,5.72622,5.72849,4.18,2.55
2011.02.02 16:08:58.497,5.72617,5.72841,2.68,3.87
2011.02.02 16:08:58.985,5.72636,5.7285,3.97,1.07
2011.02.02 16:08:59.099,5.72627,5.72852,1.18,4.07
2011.02.02 16:08:59.437,5.72708,5.72867,2.25,2.29
2011.02.02 16:08:59.988,5.72708,5.72893,2.25,1.98
2011.02.02 16:09:00.115,5.72708,5.72893,2.47,1.98
2011.02.02 16:09:00.583,5.72708,5.72893,2.47,1.98
2011.02.02 16:09:00.697,5.72708,5.72893,2.66,1.98
2011.02.02 16:09:01.156,5.72734,5.72916,4.72,1.35
2011.02.02 16:09:01.268,5.72734,5.72916,4.72,1.35
2011.02.02 16:09:01.387,5.72734,5.72893,4.72,1.20
2011.02.02 16:09:02.079,5.72734,5.72916,4.72,1.35
2011.02.02 16:09:03.629,5.72734,5.72903,4.72,1.20
2011.02.02 16:09:04.056,5.72734,5.72933,4.72,1.98
2011.02.02 16:09:04.471,5.72757,5.72933,2.25,1.98
2011.02.02 16:09:04.808,5.72757,5.72933,2.25,1.98
2011.02.02 16:09:05.262,5.72757,5.72882,2.25,1.20
2011.02.02 16:09:05.600,5.72757,5.72917,2.25,9.98
2011.02.02 16:09:05.718,5.72717,5.72917,2.47,9.98
2011.02.02 16:09:05.947,5.72717,5.72917,2.47,9.98
2011.02.02 16:09:06.414,5.72757,5.72933,2.25,1.98
2011.02.02 16:09:06.556,5.72757,5.72933,2.25,1.98
2011.02.02 16:09:06.775,5.72757,5.72933,2.25,1.98
2011.02.02 16:09:06.885,5.72757,5.72933,2.33,1.60
2011.02.02 16:09:07.410,5.72757,5.72933,2.25,1.98
2011.02.02 16:09:07.995,5.72757,5.72932,2.25,1.20
2011.02.02 16:09:08.105,5.72757,5.72933,2.25,1.98
2011.02.02 16:09:08.679,5.72757,5.72912,2.25,1.20
2011.02.02 16:09:08.799,5.72757,5.72933,2.25,1.98
2011.02.02 16:09:09.790,5.72757,5.72933,2.25,1.98
2011.02.02 16:09:11.319,5.72757,5.72933,2.25,1.98
2011.02.02 16:09:11.626,5.72757,5.72933,2.25,1.98
2011.02.02 16:09:12.265,5.72757,5.72933,2.25,1.98
2011.02.02 16:09:12.374,5.72757,5.72933,2.33,1.60
2011.02.02 16:09:12.491,5.72798,5.72952,2.25,1.23
2011.02.02 16:09:13.429,5.72798,5.72962,2.25,1.20
2011.02.02 16:09:13.554,5.72798,5.72975,2.25,1.45
2011.02.02 16:09:14.108,5.72837,5.73001,2.46,2.48
2011.02.02 16:09:14.570,5.72837,5.73018,2.46,2.48
2011.02.02 16:09:15.095,5.72837,5.72972,2.46,1.20
2011.02.02 16:09:15.321,5.72837,5.72982,2.46,1.20
2011.02.02 16:09:15.870,5.72837,5.73018,2.46,2.48
2011.02.02 16:09:16.338,5.72837,5.73018,2.46,2.48
2011.02.02 16:09:16.935,5.72837,5.73018,2.46,2.48
2011.02.02 16:09:17.046,5.72837,5.73013,2.46,1.20
2011.02.02 16:09:18.527,5.7285,5.73013,1.50,1.20
2011.02.02 16:09:18.830,5.7285,5.73018,1.50,2.29
2011.02.02 16:09:18.945,5.72854,5.73018,4.50,2.29
2011.02.02 16:09:19.457,5.72859,5.73053,4.74,1.20
2011.02.02 16:09:19.575,5.7288,5.73042,1.50,1.20
2011.02.02 16:09:19.801,5.7288,5.73063,1.50,2.48
2011.02.02 16:09:19.918,5.72892,5.73063,1.50,2.48
2011.02.02 16:09:20.501,5.72884,5.73063,1.50,2.48
2011.02.02 16:09:20.733,5.72901,5.73063,1.50,2.48
2011.02.02 16:09:21.630,5.72901,5.73063,1.50,2.48
2011.02.02 16:09:21.935,5.72901,5.73063,1.50,2.48
2011.02.02 16:09:22.378,5.72891,5.73063,1.50,2.48
2011.02.02 16:09:22.498,5.72891,5.73043,1.50,1.20
2011.02.02 16:09:22.979,5.72891,5.73063,1.50,2.48
2011.02.02 16:09:23.207,5.72891,5.73063,1.50,2.48
2011.02.02 16:09:25.656,5.72891,5.73063,1.50,2.48
2011.02.02 16:09:26.337,5.72891,5.73068,1.50,1.17
2011.02.02 16:09:26.457,5.72895,5.73068,1.50,1.17
2011.02.02 16:09:26.927,5.72907,5.73068,1.50,1.17
2011.02.02 16:09:27.259,5.72907,5.73063,1.50,2.48
2011.02.02 16:09:28.479,5.72907,5.73063,1.50,2.48
2011.02.02 16:09:28.817,5.72905,5.73032,1.50,1.20
2011.02.02 16:09:29.124,5.72905,5.73063,1.50,2.48
2011.02.02 16:09:30.178,5.72879,5.73063,1.50,1.53
2011.02.02 16:09:30.626,5.72879,5.73033,1.50,1.20
2011.02.02 16:09:30.928,5.72873,5.73049,1.50,1.54
2011.02.02 16:09:31.624,5.72872,5.73049,1.50,1.54
2011.02.02 16:09:32.541,5.72872,5.73049,1.50,1.54
2011.02.02 16:09:33.316,5.72872,5.73053,1.50,1.98
2011.02.02 16:09:34.740,5.72872,5.73053,1.50,1.98
2011.02.02 16:09:35.185,5.72872,5.73053,1.50,1.98
2011.02.02 16:09:35.302,5.72864,5.73053,1.50,1.98
2011.02.02 16:09:35.750,5.72881,5.73013,1.50,1.60
2011.02.02 16:09:35.869,5.72871,5.73013,1.50,1.60
2011.02.02 16:09:35.988,5.72876,5.73013,1.50,1.60
2011.02.02 16:09:37.177,5.72878,5.73013,1.50,1.60
2011.02.02 16:09:37.508,5.72878,5.73013,1.50,1.98
2011.02.02 16:09:37.735,5.72878,5.73013,1.50,1.98
2011.02.02 16:09:38.239,5.72893,5.73013,1.50,1.98
2011.02.02 16:09:38.699,5.72893,5.73013,1.50,1.98
2011.02.02 16:09:38.816,5.72893,5.73012,1.50,1.20
2011.02.02 16:09:38.927,5.72878,5.73012,1.50,1.20
2011.02.02 16:09:39.068,5.72878,5.73013,1.50,1.98
2011.02.02 16:09:40.186,5.72878,5.73023,1.50,1.15
2011.02.02 16:09:40.297,5.72888,5.73028,1.50,1.38
2011.02.02 16:09:40.840,5.72879,5.73022,1.50,1.20
2011.02.02 16:09:41.190,5.72879,5.73053,1.50,1.98
2011.02.02 16:09:42.358,5.72896,5.73053,1.50,1.98
2011.02.02 16:09:43.110,5.72896,5.73053,1.50,1.98
2011.02.02 16:09:44.178,5.72896,5.73053,1.50,1.98
2011.02.02 16:09:44.557,5.72896,5.73053,1.50,1.98
2011.02.02 16:09:44.739,5.72896,5.73012,1.50,1.20
2011.02.02 16:09:45.428,5.72896,5.72993,1.50,1.20
2011.02.02 16:09:46.146,5.72896,5.72983,1.50,1.20
2011.02.02 16:09:47.449,5.72896,5.73047,1.50,1.53
2011.02.02 16:09:48.088,5.72895,5.73047,1.50,1.53
2011.02.02 16:09:48.213,5.72895,5.73052,1.50,1.54
2011.02.02 16:09:49.955,5.72895,5.73003,1.50,1.20
2011.02.02 16:09:52.968,5.72895,5.73052,1.50,2.48
2011.02.02 16:09:53.200,5.72875,5.72963,1.50,1.20
2011.02.02 16:09:53.655,5.72863,5.72962,1.50,1.20
2011.02.02 16:09:53.777,5.72884,5.73013,1.50,1.98
2011.02.02 16:09:53.889,5.72873,5.73013,1.50,1.98
2011.02.02 16:09:55.389,5.72871,5.73013,1.50,1.98
2011.02.02 16:09:56.307,5.72872,5.73013,1.50,1.98
2011.02.02 16:09:56.535,5.72872,5.73013,1.50,1.98
2011.02.02 16:09:56.756,5.72872,5.72982,1.50,1.20
2011.02.02 16:09:57.034,5.72872,5.72992,1.50,1.20
2011.02.02 16:09:57.152,5.72872,5.72982,1.50,1.20
2011.02.02 16:09:57.597,5.72879,5.72982,1.50,1.20
2011.02.02 16:09:57.719,5.72862,5.72982,1.50,1.20
2011.02.02 16:09:57.837,5.72872,5.72982,1.50,1.20
2011.02.02 16:09:58.516,5.72888,5.72993,1.50,1.20
2011.02.02 16:09:58.738,5.72877,5.72993,1.50,1.20
2011.02.02 16:09:59.489,5.72877,5.73013,1.50,1.98
2011.02.02 16:10:00.812,5.72875,5.73013,1.50,1.98
2011.02.02 16:10:01.650,5.72874,5.73013,1.50,1.98
2011.02.02 16:10:03.678,5.72874,5.73013,1.50,1.98
2011.02.02 16:10:04.447,5.72874,5.73013,1.50,1.98
2011.02.02 16:10:04.740,5.72874,5.73002,1.50,1.20
2011.02.02 16:10:04.965,5.72887,5.73018,1.50,1.38
2011.02.02 16:10:05.365,5.72898,5.73013,1.50,1.83
2011.02.02 16:10:05.484,5.72911,5.73073,1.50,1.98
2011.02.02 16:10:05.715,5.72911,5.73087,1.50,1.23
2011.02.02 16:10:06.176,5.72913,5.73105,1.27,1.10
2011.02.02 16:10:06.752,5.72964,5.73098,1.50,1.08
2011.02.02 16:10:07.098,5.72953,5.73092,1.50,1.79
2011.02.02 16:10:07.543,5.72961,5.73092,1.50,1.79
2011.02.02 16:10:08.030,5.72961,5.73092,1.50,1.98
2011.02.02 16:10:08.146,5.7295,5.73092,1.50,1.98
2011.02.02 16:10:08.260,5.7295,5.73092,1.50,1.98
2011.02.02 16:10:08.650,5.7295,5.73092,1.50,1.98
2011.02.02 16:10:09.226,5.7295,5.73073,1.50,1.20
2011.02.02 16:10:10.779,5.7295,5.73092,1.50,1.98
2011.02.02 16:10:11.284,5.72925,5.73053,1.50,1.98
2011.02.02 16:10:11.568,5.72925,5.73053,1.50,1.98
2011.02.02 16:10:11.796,5.72914,5.73053,1.50,1.98
2011.02.02 16:10:12.295,5.72936,5.73073,1.50,1.30
2011.02.02 16:10:12.408,5.72927,5.73073,1.50,1.30
2011.02.02 16:10:12.527,5.72927,5.73093,1.50,2.39
2011.02.02 16:10:12.846,5.72927,5.73072,1.50,1.20
2011.02.02 16:10:13.277,5.72927,5.73093,1.50,2.39
2011.02.02 16:10:13.394,5.72949,5.73093,1.50,1.98
2011.02.02 16:10:13.727,5.72949,5.73062,1.50,1.20
2011.02.02 16:10:14.272,5.72949,5.73092,1.72,1.20
2011.02.02 16:10:14.509,5.72973,5.73142,1.72,2.17
2011.02.02 16:10:15.050,5.72973,5.73142,1.50,2.17
2011.02.02 16:10:15.172,5.72966,5.73093,1.50,1.20
2011.02.02 16:10:15.510,5.72955,5.73142,1.50,2.34
2011.02.02 16:10:16.061,5.72967,5.73142,1.50,2.34
2011.02.02 16:10:16.308,5.72967,5.73142,1.50,2.34
2011.02.02 16:10:16.427,5.72967,5.73142,1.50,2.34
2011.02.02 16:10:16.538,5.72957,5.73102,1.50,1.20
2011.02.02 16:10:17.039,5.72957,5.7314,1.50,1.17
2011.02.02 16:10:17.381,5.72926,5.73072,1.50,1.98
2011.02.02 16:10:17.822,5.72926,5.73032,1.50,1.20
2011.02.02 16:10:17.949,5.72901,5.73032,1.50,1.20
2011.02.02 16:10:18.068,5.72901,5.73052,1.50,1.98
2011.02.02 16:10:18.654,5.72899,5.73052,1.50,1.98
2011.02.02 16:10:19.797,5.72914,5.73052,1.50,2.58
2011.02.02 16:10:20.208,5.72914,5.73062,1.50,1.15
2011.02.02 16:10:20.676,5.729,5.73052,1.50,1.98
2011.02.02 16:10:20.789,5.729,5.73052,1.50,1.98
2011.02.02 16:10:20.907,5.729,5.73042,1.50,1.20
2011.02.02 16:10:21.450,5.729,5.73052,1.50,2.58
2011.02.02 16:10:21.563,5.72911,5.73052,1.50,1.98
2011.02.02 16:10:21.675,5.72902,5.73052,1.50,1.98
2011.02.02 16:10:21.790,5.72902,5.73052,1.50,2.07
2011.02.02 16:10:22.336,5.72903,5.73052,1.50,2.07
2011.02.02 16:10:22.657,5.72912,5.73052,1.50,1.98
2011.02.02 16:10:23.576,5.72907,5.73033,1.50,1.20
2011.02.02 16:10:24.586,5.72914,5.73052,1.50,1.98
2011.02.02 16:10:24.909,5.72914,5.73052,1.50,1.98
2011.02.02 16:10:25.447,5.72904,5.73052,1.50,1.98
2011.02.02 16:10:25.891,5.72904,5.73052,1.50,1.98
2011.02.02 16:10:26.006,5.72904,5.73052,1.50,2.20
2011.02.02 16:10:26.250,5.72904,5.73052,1.50,1.98
2011.02.02 16:10:27.342,5.72904,5.73052,1.50,1.98
2011.02.02 16:10:27.678,5.72904,5.73052,1.50,1.98
2011.02.02 16:10:27.798,5.72904,5.73052,1.50,1.98
2011.02.02 16:10:27.917,5.72911,5.73052,1.50,1.98
2011.02.02 16:10:28.583,5.72926,5.73068,1.50,1.17
2011.02.02 16:10:29.573,5.72911,5.73082,1.50,1.09
2011.02.02 16:10:30.129,5.72932,5.73083,1.50,2.19
2011.02.02 16:10:30.719,5.72932,5.73062,1.50,1.20
2011.02.02 16:10:30.948,5.72932,5.73091,1.50,2.80
2011.02.02 16:10:31.067,5.72922,5.73118,1.50,2.82
2011.02.02 16:10:31.857,5.72922,5.73122,1.50,1.11
2011.02.02 16:10:31.977,5.72936,5.73122,1.50,1.11
2011.02.02 16:10:32.318,5.72936,5.73123,1.50,2.07
2011.02.02 16:10:32.658,5.72936,5.73103,1.50,1.20
2011.02.02 16:10:32.839,5.72945,5.73103,1.50,1.20
2011.02.02 16:10:33.175,5.72945,5.73123,1.50,2.07
2011.02.02 16:10:33.311,5.72945,5.73123,1.50,2.07
2011.02.02 16:10:33.813,5.72957,5.73123,1.50,2.21
2011.02.02 16:10:34.642,5.72957,5.73113,1.50,1.30
2011.02.02 16:10:35.103,5.72957,5.73123,1.50,2.21
2011.02.02 16:10:36.430,5.72957,5.73123,1.50,2.21
2011.02.02 16:10:37.580,5.72957,5.73123,1.50,2.21
2011.02.02 16:10:37.937,5.72957,5.73123,1.50,2.21
2011.02.02 16:10:38.561,5.72958,5.73123,1.50,2.21
2011.02.02 16:10:38.778,5.72958,5.73103,1.50,1.20
2011.02.02 16:10:38.895,5.72911,5.73123,3.97,1.69
2011.02.02 16:10:39.008,5.72883,5.73092,2.47,6.96
2011.02.02 16:10:39.451,5.72883,5.73092,2.47,6.96
2011.02.02 16:10:40.057,5.72883,5.73082,2.47,1.17
2011.02.02 16:10:41.327,5.72867,5.73042,1.72,2.35
2011.02.02 16:10:42.997,5.72867,5.73042,1.72,5.82
2011.02.02 16:10:47.857,5.72869,5.73042,1.72,2.37
2011.02.02 16:10:48.246,5.72869,5.73042,1.72,5.75
2011.02.02 16:10:48.468,5.7286,5.73042,1.50,6.61
2011.02.02 16:10:48.587,5.7286,5.73036,1.50,2.07
2011.02.02 16:10:49.104,5.72875,5.73042,1.50,6.52
2011.02.02 16:10:51.261,5.72857,5.73033,1.20,1.60
2011.02.02 16:10:51.380,5.7287,5.73033,1.50,1.56
2011.02.02 16:10:51.500,5.7287,5.73038,1.50,1.30
2011.02.02 16:10:51.621,5.72903,5.73031,1.50,2.48
2011.02.02 16:10:52.189,5.72862,5.72997,1.50,1.34
2011.02.02 16:10:53.119,5.72862,5.73002,1.50,2.84
2011.02.02 16:10:53.728,5.72862,5.73002,1.50,6.61
2011.02.02 16:10:54.580,5.72862,5.72993,1.50,2.07
2011.02.02 16:10:54.698,5.72842,5.72993,1.50,2.07
2011.02.02 16:10:55.432,5.72832,5.72993,1.50,2.67
2011.02.02 16:10:56.845,5.72832,5.72993,1.50,1.75
2011.02.02 16:10:57.086,5.72832,5.72998,1.50,1.23
2011.02.02 16:10:57.197,5.72832,5.72998,1.50,1.20
2011.02.02 16:10:57.648,5.72838,5.72998,1.50,1.20
2011.02.02 16:10:57.986,5.72838,5.72993,1.50,2.15
2011.02.02 16:10:58.096,5.72838,5.72993,1.50,1.69
2011.02.02 16:10:58.358,5.72848,5.72999,1.50,2.78
2011.02.02 16:11:00.120,5.72839,5.72993,1.50,1.92
2011.02.02 16:11:01.515,5.72837,5.72993,1.50,1.92
2011.02.02 16:11:01.628,5.72838,5.72993,1.50,2.26
2011.02.02 16:11:02.738,5.72838,5.72983,1.50,1.30
2011.02.02 16:11:03.352,5.72838,5.72993,1.50,2.32
2011.02.02 16:11:03.474,5.72826,5.72974,1.50,2.58
2011.02.02 16:11:03.592,5.72816,5.72953,1.50,1.60
2011.02.02 16:11:04.258,5.72826,5.72977,1.50,1.17
2011.02.02 16:11:04.722,5.72807,5.72963,1.50,2.84
2011.02.02 16:11:05.187,5.72816,5.72963,1.50,2.84
2011.02.02 16:11:07.940,5.72821,5.72963,1.50,2.84
2011.02.02 16:11:09.675,5.72806,5.72963,1.50,2.99
2011.02.02 16:11:12.659,5.72819,5.72963,1.50,2.84
2011.02.02 16:11:12.886,5.72812,5.72963,1.50,2.84
2011.02.02 16:11:13.873,5.72767,5.72912,1.50,1.20
2011.02.02 16:11:14.099,5.72757,5.72913,1.50,2.25
2011.02.02 16:11:14.543,5.72757,5.72913,1.50,1.92
2011.02.02 16:11:14.662,5.72765,5.72915,1.50,2.85
2011.02.02 16:11:14.888,5.72763,5.72915,1.50,2.85
2011.02.02 16:11:15.562,5.72769,5.72922,1.50,6.57
2011.02.02 16:11:17.647,5.7278,5.72922,1.50,6.48
2011.02.02 16:11:18.092,5.7278,5.72932,1.50,1.04
2011.02.02 16:11:19.411,5.7277,5.72932,1.50,1.04
2011.02.02 16:11:19.527,5.72779,5.72932,1.50,1.04
2011.02.02 16:11:20.916,5.72749,5.72942,1.50,1.15
2011.02.02 16:11:21.135,5.72749,5.72937,1.50,1.02
2011.02.02 16:11:21.508,5.72742,5.72937,1.50,1.02
2011.02.02 16:11:27.656,5.72731,5.72927,1.72,1.17
2011.02.02 16:11:27.774,5.72731,5.72913,1.72,2.80
2011.02.02 16:11:29.629,5.72657,5.72882,3.22,1.02
2011.02.02 16:11:32.352,5.72657,5.7289,3.22,1.11
2011.02.02 16:11:33.660,5.72709,5.72908,1.18,9.99
2011.02.02 16:11:33.789,5.7273,5.72896,1.72,5.05
2011.02.02 16:11:34.017,5.72712,5.72886,1.50,4.34
2011.02.02 16:11:34.128,5.72712,5.72886,1.50,10.00
2011.02.02 16:11:39.405,5.72714,5.72886,1.50,10.00
2011.02.02 16:11:41.305,5.72713,5.72886,1.50,10.00
2011.02.02 16:11:42.869,5.72713,5.72873,1.50,4.30
2011.02.02 16:11:42.988,5.72713,5.72853,1.50,2.25
2011.02.02 16:11:43.502,5.72713,5.72853,1.71,2.25
2011.02.02 16:11:43.739,5.72744,5.72887,1.71,2.29
2011.02.02 16:11:44.508,5.72744,5.72887,1.71,2.10
2011.02.02 16:11:45.837,5.72743,5.72887,1.71,1.05
2011.02.02 16:11:46.059,5.72743,5.72887,1.71,2.29
2011.02.02 16:11:46.603,5.72742,5.72887,1.71,2.48
2011.02.02 16:11:46.720,5.72742,5.72887,1.71,2.10
2011.02.02 16:11:46.947,5.7275,5.72892,1.71,2.25
2011.02.02 16:11:47.057,5.72784,5.72923,1.50,12.24
2011.02.02 16:11:47.167,5.72784,5.7294,1.50,2.78
2011.02.02 16:11:47.276,5.72786,5.7294,1.50,1.50
2011.02.02 16:11:47.384,5.72786,5.72943,1.50,3.00
2011.02.02 16:11:47.909,5.72786,5.72943,1.50,3.04
2011.02.02 16:11:48.274,5.72777,5.72943,1.50,3.04
2011.02.02 16:11:48.390,5.72777,5.72936,1.50,2.82
2011.02.02 16:11:50.290,5.72777,5.72922,1.50,1.20
2011.02.02 16:11:50.917,5.72777,5.72936,1.50,2.82
2011.02.02 16:11:51.457,5.72766,5.72936,1.50,2.86
2011.02.02 16:11:54.075,5.72766,5.72912,1.50,1.20
2011.02.02 16:11:54.318,5.72766,5.72936,1.50,2.86
2011.02.02 16:11:54.436,5.72782,5.72936,1.50,2.86
2011.02.02 16:11:54.848,5.72772,5.72936,1.50,2.86
2011.02.02 16:11:57.755,5.72782,5.72927,1.50,1.02
2011.02.02 16:11:58.268,5.72773,5.72923,1.50,1.20
2011.02.02 16:11:58.526,5.72767,5.72923,1.50,1.20
2011.02.02 16:12:00.156,5.72767,5.72936,1.50,2.86
2011.02.02 16:12:00.486,5.72771,5.72943,1.50,6.60
2011.02.02 16:12:00.708,5.72771,5.72943,1.50,6.18
2011.02.02 16:12:01.194,5.72793,5.72972,1.50,2.36
2011.02.02 16:12:02.848,5.72793,5.72968,1.50,1.13
2011.02.02 16:12:02.968,5.72793,5.72972,1.50,2.36
2011.02.02 16:12:03.198,5.72793,5.72972,1.50,2.36
2011.02.02 16:12:03.636,5.72793,5.72972,1.50,1.98
2011.02.02 16:12:04.105,5.72793,5.72967,1.50,1.13
2011.02.02 16:12:04.948,5.72793,5.72972,1.50,2.17
2011.02.02 16:12:05.600,5.72793,5.72972,1.50,2.36
2011.02.02 16:12:06.828,5.72793,5.72972,1.50,2.36
2011.02.02 16:12:07.183,5.72793,5.72973,1.50,1.23
2011.02.02 16:12:07.526,5.72809,5.72973,1.50,1.23
2011.02.02 16:12:07.875,5.72829,5.73001,1.50,1.23
2011.02.02 16:12:08.252,5.72849,5.73012,1.50,1.17
2011.02.02 16:12:08.370,5.72849,5.73018,1.50,1.23
2011.02.02 16:12:08.746,5.72849,5.73018,1.50,1.02
2011.02.02 16:12:09.337,5.72841,5.73018,1.50,1.02
2011.02.02 16:12:09.448,5.72838,5.73008,1.50,1.02
2011.02.02 16:12:09.730,5.72838,5.73017,1.50,1.02
2011.02.02 16:12:10.693,5.72838,5.73023,1.50,2.07
2011.02.02 16:12:10.813,5.72838,5.73023,1.50,1.99
2011.02.02 16:12:10.928,5.72854,5.73027,1.50,1.21
2011.02.02 16:12:11.608,5.72868,5.73034,1.50,1.29
2011.02.02 16:12:12.076,5.72868,5.73023,1.50,2.16
2011.02.02 16:12:12.694,5.72848,5.73007,1.50,1.02
2011.02.02 16:12:14.298,5.72848,5.73016,1.50,1.11
2011.02.02 16:12:14.635,5.72848,5.73007,1.50,1.02
2011.02.02 16:12:15.270,5.72848,5.73003,1.50,1.20
2011.02.02 16:12:15.495,5.72848,5.73016,1.50,1.15
2011.02.02 16:12:17.368,5.72848,5.73016,1.50,1.15
2011.02.02 16:12:17.486,5.72848,5.73016,1.50,1.15
2011.02.02 16:12:18.913,5.72848,5.73013,1.50,1.04
2011.02.02 16:12:19.034,5.7286,5.73019,1.50,1.28
2011.02.02 16:12:19.918,5.7286,5.73023,1.50,2.16
2011.02.02 16:12:20.041,5.72838,5.73023,1.50,2.16
2011.02.02 16:12:20.711,5.72838,5.73022,1.50,1.32
2011.02.02 16:12:21.154,5.72838,5.73023,1.50,2.16
2011.02.02 16:12:21.500,5.72854,5.72983,1.50,1.20
2011.02.02 16:12:22.187,5.72828,5.7301,1.50,1.11
2011.02.02 16:12:22.528,5.7284,5.72962,1.50,1.20
2011.02.02 16:12:22.769,5.72817,5.72972,1.50,1.98
2011.02.02 16:12:23.441,5.72817,5.72952,1.50,1.20
2011.02.02 16:12:24.316,5.72817,5.72972,1.50,1.98
2011.02.02 16:12:24.437,5.7281,5.72972,1.50,1.98
2011.02.02 16:12:24.552,5.7281,5.72972,1.50,2.58
2011.02.02 16:12:24.669,5.72816,5.72972,1.50,1.98
2011.02.02 16:12:25.337,5.72827,5.72972,1.50,1.98
2011.02.02 16:12:25.468,5.72827,5.72983,1.50,1.23
2011.02.02 16:12:27.856,5.7284,5.72988,1.50,1.15
2011.02.02 16:12:27.976,5.72849,5.73008,1.50,1.34
2011.02.02 16:12:28.679,5.72849,5.73008,1.50,1.23
2011.02.02 16:12:29.687,5.72849,5.73008,1.50,1.23
2011.02.02 16:12:30.387,5.72849,5.73008,1.50,1.04
2011.02.02 16:12:30.507,5.72857,5.73008,1.50,1.04
2011.02.02 16:12:31.395,5.72857,5.73022,1.50,1.79
2011.02.02 16:12:31.818,5.72872,5.73022,1.50,1.79
2011.02.02 16:12:32.390,5.72872,5.7303,1.50,1.04
2011.02.02 16:12:32.619,5.72872,5.73031,1.50,1.15
2011.02.02 16:12:34.500,5.72872,5.73028,1.50,1.08
2011.02.02 16:12:36.075,5.72872,5.73022,1.50,1.98
2011.02.02 16:12:36.344,5.72861,5.73022,1.50,1.98
2011.02.02 16:12:37.812,5.72861,5.73028,1.50,1.08
2011.02.02 16:12:38.725,5.72861,5.73022,1.50,1.79
2011.02.02 16:12:38.835,5.72861,5.73031,1.50,1.15
2011.02.02 16:12:39.706,5.72861,5.73028,1.50,1.08
2011.02.02 16:12:41.583,5.72875,5.73028,1.50,1.08
2011.02.02 16:12:41.701,5.72875,5.73033,1.50,1.08
2011.02.02 16:12:42.706,5.72875,5.73022,1.50,1.79
2011.02.02 16:12:42.817,5.72866,5.73022,1.50,1.79
2011.02.02 16:12:43.353,5.72866,5.73027,1.50,1.38
2011.02.02 16:12:43.579,5.72866,5.73022,1.50,1.98
2011.02.02 16:12:43.919,5.7286,5.73003,1.50,1.20
2011.02.02 16:12:44.036,5.7286,5.73012,1.50,1.20
2011.02.02 16:12:45.600,5.7286,5.73022,1.50,2.58
2011.02.02 16:12:46.259,5.7286,5.73011,1.50,2.29
2011.02.02 16:12:46.385,5.72846,5.72997,1.50,1.02
2011.02.02 16:12:47.217,5.72841,5.72997,1.50,1.02
2011.02.02 16:12:48.259,5.72841,5.73018,1.50,1.13
2011.02.02 16:12:48.377,5.72855,5.73022,1.50,1.38
2011.02.02 16:12:48.798,5.72855,5.7304,1.50,1.08
2011.02.02 16:12:49.017,5.72866,5.73032,1.50,1.30
2011.02.02 16:12:49.536,5.72866,5.73027,1.50,1.38
2011.02.02 16:12:51.797,5.72866,5.73032,1.50,1.30
2011.02.02 16:12:53.185,5.72866,5.73027,1.50,1.15
2011.02.02 16:12:53.570,5.72866,5.73033,1.50,1.08
2011.02.02 16:12:54.129,5.72876,5.73029,1.50,1.04
2011.02.02 16:12:54.686,5.72875,5.73039,1.50,1.15
2011.02.02 16:12:55.966,5.72875,5.73029,1.50,1.15
2011.02.02 16:12:56.336,5.72875,5.73022,1.50,2.20
2011.02.02 16:12:56.449,5.72875,5.73029,1.50,1.15
2011.02.02 16:12:56.678,5.72875,5.73033,1.50,1.08
2011.02.02 16:12:56.796,5.72886,5.73033,1.50,1.08
2011.02.02 16:12:57.258,5.72886,5.73032,1.50,1.15
2011.02.02 16:12:57.389,5.72886,5.73033,1.50,1.41
2011.02.02 16:12:58.936,5.72895,5.73067,1.50,1.91
2011.02.02 16:12:59.051,5.72895,5.73082,1.50,1.19
2011.02.02 16:12:59.168,5.72912,5.73092,1.50,1.20
2011.02.02 16:12:59.291,5.72905,5.73081,1.50,1.13
2011.02.02 16:12:59.754,5.72905,5.73081,1.50,1.35
2011.02.02 16:13:00.089,5.72911,5.73081,1.50,1.13
2011.02.02 16:13:00.632,5.72914,5.73087,1.50,1.13
2011.02.02 16:13:01.150,5.72915,5.73081,1.50,1.53
2011.02.02 16:13:01.860,5.72915,5.73081,1.50,1.72
2011.02.02 16:13:02.490,5.72915,5.73063,1.50,1.20
2011.02.02 16:13:02.608,5.72915,5.73081,1.50,1.72
2011.02.02 16:13:04.036,5.72915,5.73094,1.50,2.48
2011.02.02 16:13:04.368,5.72915,5.73081,1.50,1.76
2011.02.02 16:13:04.820,5.72924,5.73081,1.50,1.76
2011.02.02 16:13:05.304,5.72924,5.73081,1.50,1.76
2011.02.02 16:13:05.578,5.72924,5.73081,1.50,1.76
2011.02.02 16:13:05.766,5.72924,5.73063,1.50,1.20
2011.02.02 16:13:05.876,5.72924,5.73081,1.50,1.57
2011.02.02 16:13:06.100,5.72924,5.73081,1.50,1.76
2011.02.02 16:13:07.827,5.72924,5.73078,1.50,1.13
2011.02.02 16:13:07.935,5.72924,5.73081,1.50,1.76
2011.02.02 16:13:08.138,5.72924,5.73078,1.50,1.13
2011.02.02 16:13:08.867,5.72924,5.73094,1.50,2.67
2011.02.02 16:13:08.977,5.7294,5.73094,1.50,2.67
2011.02.02 16:13:09.093,5.7294,5.73102,1.50,1.79
2011.02.02 16:13:09.207,5.72948,5.73102,1.50,2.16
2011.02.02 16:13:09.731,5.72948,5.73102,1.50,1.98
2011.02.02 16:13:09.955,5.72943,5.73102,1.50,1.98
2011.02.02 16:13:10.286,5.72943,5.73102,1.50,1.98
2011.02.02 16:13:10.802,5.72928,5.73102,1.50,2.16
2011.02.02 16:13:11.029,5.72928,5.73095,1.50,1.20
2011.02.02 16:13:11.150,5.72917,5.73095,1.50,1.20
2011.02.02 16:13:11.379,5.72927,5.73087,1.50,1.02
2011.02.02 16:13:11.863,5.72931,5.73095,1.50,1.11
2011.02.02 16:13:11.976,5.72945,5.73102,1.50,2.28
2011.02.02 16:13:12.682,5.72945,5.73102,1.50,2.16
2011.02.02 16:13:13.695,5.72945,5.73102,1.50,2.16
2011.02.02 16:13:14.319,5.72945,5.73102,1.50,2.16
2011.02.02 16:13:15.025,5.72945,5.73102,1.50,1.86
2011.02.02 16:13:15.305,5.72945,5.73107,1.50,1.38
2011.02.02 16:13:15.847,5.7297,5.73123,1.50,1.41
2011.02.02 16:13:16.069,5.7297,5.73133,1.50,1.75
2011.02.02 16:13:16.622,5.7297,5.73138,1.50,1.32
2011.02.02 16:13:16.747,5.72961,5.73122,1.50,1.20
2011.02.02 16:13:16.865,5.72955,5.73128,1.50,1.03
2011.02.02 16:13:16.982,5.72955,5.73103,1.50,1.79
2011.02.02 16:13:17.451,5.72939,5.73127,1.50,1.17
2011.02.02 16:13:17.571,5.72952,5.73143,1.50,2.87
2011.02.02 16:13:18.206,5.72952,5.73132,1.50,1.20
2011.02.02 16:13:18.536,5.72938,5.73109,1.50,1.15
2011.02.02 16:13:18.870,5.72938,5.73102,1.50,1.20
2011.02.02 16:13:19.325,5.72938,5.73108,1.50,1.38
2011.02.02 16:13:20.022,5.72944,5.73103,1.50,1.98
2011.02.02 16:13:20.142,5.72944,5.73103,1.50,1.83
2011.02.02 16:13:21.800,5.72944,5.73063,1.50,3.75
2011.02.02 16:13:22.027,5.72873,5.73045,1.93,3.75
2011.02.02 16:13:22.146,5.72873,5.73045,1.71,3.75
2011.02.02 16:13:22.705,5.7287,5.73072,1.71,1.71
2011.02.02 16:13:23.426,5.7287,5.73069,1.71,2.67
2011.02.02 16:13:24.040,5.7287,5.73069,1.71,2.67
2011.02.02 16:13:24.777,5.7288,5.73069,1.50,2.67
2011.02.02 16:13:25.601,5.7288,5.73032,1.50,1.20
2011.02.02 16:13:25.728,5.72863,5.73038,1.71,2.67
2011.02.02 16:13:25.850,5.72863,5.73023,1.71,1.20
2011.02.02 16:13:26.788,5.72863,5.73012,1.71,1.20
2011.02.02 16:13:26.907,5.72853,5.73002,1.50,1.20
2011.02.02 16:13:27.018,5.72842,5.73021,1.50,1.45
2011.02.02 16:13:27.641,5.72842,5.73002,1.50,1.11
2011.02.02 16:13:28.300,5.72842,5.73012,1.50,2.92
2011.02.02 16:13:29.283,5.72842,5.73002,1.50,1.20
2011.02.02 16:13:29.399,5.72827,5.73002,1.71,1.20
2011.02.02 16:13:29.521,5.72827,5.73008,1.71,1.11
2011.02.02 16:13:30.341,5.72835,5.73018,1.71,1.11
2011.02.02 16:13:30.890,5.72835,5.73028,1.71,2.76
2011.02.02 16:13:32.056,5.72835,5.73028,1.71,2.99
2011.02.02 16:13:32.260,5.72835,5.73028,1.71,2.76
2011.02.02 16:13:32.599,5.72842,5.73024,1.50,1.52
2011.02.02 16:13:33.224,5.72861,5.73014,1.71,1.26
2011.02.02 16:13:33.346,5.72861,5.73053,1.71,8.39
2011.02.02 16:13:33.458,5.72861,5.73048,1.50,1.25
2011.02.02 16:13:33.582,5.72821,5.73005,4.12,3.75
2011.02.02 16:13:33.701,5.72821,5.73005,1.72,3.75
2011.02.02 16:13:34.157,5.72838,5.73035,1.80,1.30
2011.02.02 16:13:34.268,5.72838,5.7304,1.58,1.56
2011.02.02 16:13:34.383,5.7285,5.7304,1.50,1.41
2011.02.02 16:13:34.754,5.72913,5.7304,1.50,1.41
2011.02.02 16:13:34.993,5.72891,5.73062,1.50,2.76
2011.02.02 16:13:35.109,5.72899,5.73056,1.50,1.41
2011.02.02 16:13:36.767,5.72888,5.73049,1.50,10.08
2011.02.02 16:13:36.987,5.72884,5.73049,1.50,10.08
2011.02.02 16:13:37.938,5.72894,5.73058,1.50,1.81
2011.02.02 16:13:38.169,5.72886,5.73058,1.50,1.86
2011.02.02 16:13:38.287,5.72895,5.73058,1.50,1.19
2011.02.02 16:13:40.064,5.72876,5.73052,1.50,1.44
2011.02.02 16:13:40.188,5.72865,5.73037,1.50,1.25
2011.02.02 16:13:40.620,5.72865,5.73041,1.50,2.80
2011.02.02 16:13:41.194,5.72892,5.73048,1.50,1.19
2011.02.02 16:13:41.557,5.72892,5.73038,1.50,1.08
2011.02.02 16:13:41.668,5.72892,5.73044,1.50,1.17
2011.02.02 16:13:41.788,5.72883,5.73033,1.50,1.23
2011.02.02 16:13:42.579,5.72883,5.73041,1.50,1.14
2011.02.02 16:13:42.809,5.72883,5.73038,1.50,1.08
2011.02.02 16:13:44.879,5.72879,5.73038,1.50,1.08
2011.02.02 16:13:46.424,5.72879,5.73049,1.50,1.30
2011.02.02 16:13:46.545,5.72875,5.73038,1.50,1.08
2011.02.02 16:13:46.876,5.72896,5.73044,1.50,1.29
2011.02.02 16:13:48.648,5.72887,5.73042,1.50,1.15
2011.02.02 16:13:53.303,5.72887,5.73043,1.50,1.17
2011.02.02 16:13:53.560,5.72887,5.73041,1.50,1.25
2011.02.02 16:13:55.008,5.72919,5.73062,1.50,1.34
2011.02.02 16:13:59.555,5.72928,5.73072,1.50,1.43
2011.02.02 16:14:00.010,5.72911,5.73072,1.50,1.43
2011.02.02 16:14:00.127,5.72934,5.73072,1.50,1.43
2011.02.02 16:14:01.888,5.72927,5.73057,1.50,1.36
2011.02.02 16:14:04.189,5.72923,5.73082,1.50,4.39
2011.02.02 16:14:04.313,5.7293,5.73085,1.50,1.74
2011.02.02 16:14:04.703,5.72915,5.73082,1.50,2.33
2011.02.02 16:14:04.829,5.72894,5.73082,1.72,1.79
2011.02.02 16:14:05.265,5.72872,5.73057,1.72,1.04
2011.02.02 16:14:05.386,5.72872,5.73043,1.50,1.17
2011.02.02 16:14:05.729,5.7287,5.7305,1.50,3.51
2011.02.02 16:14:07.425,5.72856,5.73035,1.50,1.30
2011.02.02 16:14:07.543,5.72856,5.73035,1.50,2.74
2011.02.02 16:14:09.351,5.7286,5.73043,1.50,6.51
2011.02.02 16:14:10.319,5.72867,5.73035,1.50,1.17
2011.02.02 16:14:10.437,5.72867,5.73043,1.50,6.74
2011.02.02 16:14:11.021,5.72867,5.73032,1.50,1.53
2011.02.02 16:14:11.143,5.72857,5.73032,1.50,4.39
2011.02.02 16:14:12.222,5.72846,5.73032,1.50,4.39
2011.02.02 16:14:12.449,5.72846,5.73032,1.50,4.86
2011.02.02 16:14:12.678,5.72837,5.73023,1.50,1.17
2011.02.02 16:14:12.796,5.72837,5.7303,1.50,1.68
2011.02.02 16:14:13.180,5.72823,5.7303,1.72,1.48
2011.02.02 16:14:13.301,5.72838,5.73032,1.50,1.72
2011.02.02 16:14:17.094,5.72838,5.73032,1.50,4.72
2011.02.02 16:14:18.878,5.72838,5.73032,1.50,2.17
2011.02.02 16:14:19.285,5.72838,5.73032,1.50,4.72
2011.02.02 16:14:20.671,5.72838,5.73022,1.50,1.49
2011.02.02 16:14:21.261,5.72823,5.7302,1.72,1.56
2011.02.02 16:14:21.378,5.72823,5.73008,1.50,1.56
2011.02.02 16:14:21.968,5.7279,5.72973,1.88,1.98
2011.02.02 16:14:22.445,5.7279,5.72978,1.88,1.56
2011.02.02 16:14:22.870,5.7279,5.72978,1.88,1.41
2011.02.02 16:14:22.991,5.7279,5.72983,1.88,1.82
2011.02.02 16:14:23.520,5.7279,5.72973,1.88,1.11
2011.02.02 16:14:23.905,5.7279,5.72982,1.88,1.34
2011.02.02 16:14:24.425,5.7279,5.72982,1.50,1.34
2011.02.02 16:14:24.646,5.7279,5.72978,1.50,1.08
2011.02.02 16:14:24.805,5.7279,5.72983,1.50,1.82
2011.02.02 16:14:25.582,5.7279,5.72983,1.50,1.14
2011.02.02 16:14:26.257,5.72801,5.72983,1.50,1.82
2011.02.02 16:14:27.107,5.72801,5.72983,1.50,1.14
2011.02.02 16:14:27.636,5.72801,5.72983,1.50,1.82
2011.02.02 16:14:28.988,5.72801,5.72992,1.50,1.43
2011.02.02 16:14:29.106,5.72801,5.72993,1.50,1.89
2011.02.02 16:14:31.222,5.72801,5.72992,1.50,1.14
2011.02.02 16:14:31.558,5.72801,5.73,1.50,1.25
2011.02.02 16:14:31.679,5.72819,5.73009,1.50,2.80
2011.02.02 16:14:32.296,5.72832,5.73012,1.50,1.11
2011.02.02 16:14:33.773,5.72819,5.73012,1.50,1.11
2011.02.02 16:14:34.290,5.72819,5.73003,1.50,1.17
2011.02.02 16:14:34.802,5.72819,5.73012,1.50,1.11
2011.02.02 16:14:35.890,5.72826,5.72993,1.50,1.83
2011.02.02 16:14:36.015,5.72809,5.72993,1.50,1.60
2011.02.02 16:14:37.699,5.72804,5.72993,1.50,1.60
2011.02.02 16:14:37.815,5.72801,5.72993,1.50,1.60
2011.02.02 16:14:41.745,5.72801,5.73008,1.50,1.38
2011.02.02 16:14:42.819,5.72801,5.72993,1.50,1.60
2011.02.02 16:14:44.208,5.72801,5.73009,1.50,2.58
2011.02.02 16:14:44.438,5.72816,5.73009,1.50,1.30
2011.02.02 16:14:45.548,5.72801,5.73013,1.72,1.15
2011.02.02 16:14:45.669,5.72801,5.73009,1.50,2.84
2011.02.02 16:14:46.087,5.72813,5.73009,1.50,2.84
2011.02.02 16:14:46.486,5.72805,5.72993,1.50,1.60
2011.02.02 16:14:46.613,5.72805,5.73007,1.50,1.08
2011.02.02 16:14:46.834,5.72805,5.72998,1.50,1.38
2011.02.02 16:14:48.613,5.72805,5.73008,1.50,1.38
2011.02.02 16:14:49.281,5.72805,5.72993,1.50,1.45
2011.02.02 16:14:50.256,5.72805,5.73008,1.50,3.25
2011.02.02 16:14:50.476,5.72805,5.73008,1.72,1.38
2011.02.02 16:14:50.807,5.7282,5.73012,1.50,1.23
2011.02.02 16:14:57.166,5.72829,5.73017,2.02,1.08
2011.02.02 16:14:59.756,5.72829,5.73007,2.02,1.08
2011.02.02 16:15:02.839,5.7283,5.72992,1.56,1.30
2011.02.02 16:15:03.961,5.72831,5.72985,1.07,5.25
2011.02.02 16:15:04.827,5.7279,5.72962,1.40,1.09
2011.02.02 16:15:04.945,5.72769,5.72957,4.69,1.05
2011.02.02 16:15:05.061,5.72765,5.72946,2.16,2.10
2011.02.02 16:15:05.181,5.72765,5.72963,2.16,2.48
2011.02.02 16:15:05.759,5.72778,5.72963,1.47,2.10
2011.02.02 16:15:06.189,5.72778,5.72963,1.47,2.48
2011.02.02 16:15:06.748,5.72784,5.72962,4.35,1.20
2011.02.02 16:15:07.090,5.72784,5.7298,4.35,2.48
2011.02.02 16:15:08.259,5.72784,5.72963,4.35,1.20
2011.02.02 16:15:08.595,5.72778,5.72964,4.67,2.48
2011.02.02 16:15:09.565,5.72782,5.72952,4.09,1.20
2011.02.02 16:15:09.926,5.72782,5.72981,4.09,2.48
2011.02.02 16:15:11.594,5.72782,5.72952,4.09,1.20
2011.02.02 16:15:12.077,5.72782,5.72981,4.09,2.48
2011.02.02 16:15:12.378,5.72782,5.72981,4.09,2.48
2011.02.02 16:15:12.901,5.72777,5.72983,1.17,1.09
2011.02.02 16:15:14.475,5.72784,5.72981,4.09,2.70
2011.02.02 16:15:15.060,5.72784,5.72981,4.09,1.05
2011.02.02 16:15:15.477,5.72784,5.72981,4.09,2.29
2011.02.02 16:15:15.589,5.72784,5.72982,4.09,1.09
2011.02.02 16:15:15.705,5.72784,5.72992,4.28,2.28
2011.02.02 16:15:15.814,5.72784,5.72982,4.09,1.09
2011.02.02 16:15:16.255,5.72784,5.72981,4.09,2.29
2011.02.02 16:15:16.364,5.72784,5.72982,4.09,1.09
2011.02.02 16:15:17.179,5.72784,5.72981,4.09,2.29
2011.02.02 16:15:17.299,5.72784,5.72982,4.09,1.09
2011.02.02 16:15:17.416,5.72775,5.72981,4.73,2.70
2011.02.02 16:15:17.526,5.72783,5.72987,1.09,1.05
2011.02.02 16:15:17.784,5.72777,5.72983,1.17,1.09
2011.02.02 16:15:18.454,5.72775,5.72981,4.73,2.29
2011.02.02 16:15:18.905,5.72775,5.72981,4.73,2.48
2011.02.02 16:15:19.416,5.72775,5.72933,1.75,1.20
2011.02.02 16:15:19.536,5.7272,5.72933,1.44,1.30
2011.02.02 16:15:19.645,5.72698,5.72933,4.71,1.30
2011.02.02 16:15:19.756,5.72697,5.72923,3.02,3.75
2011.02.02 16:15:20.302,5.72693,5.72923,1.79,10.47
2011.02.02 16:15:20.659,5.72714,5.72922,1.53,1.20
2011.02.02 16:15:21.667,5.72734,5.72933,3.95,1.38
2011.02.02 16:15:21.886,5.72734,5.72933,4.18,1.38
2011.02.02 16:15:24.635,5.72757,5.72945,1.57,1.30
2011.02.02 16:15:27.106,5.72748,5.72942,3.96,1.23
2011.02.02 16:15:27.673,5.72748,5.72933,3.96,1.83
2011.02.02 16:15:27.796,5.72785,5.72943,1.50,1.75
2011.02.02 16:15:27.910,5.72785,5.72953,1.71,1.20
2011.02.02 16:15:28.261,5.72821,5.72963,1.06,1.20
2011.02.02 16:15:28.796,5.72823,5.72963,4.22,1.20
2011.02.02 16:15:29.032,5.72816,5.72972,4.20,1.20
2011.02.02 16:15:29.154,5.72816,5.72998,1.62,2.48
2011.02.02 16:15:29.610,5.72806,5.72998,1.50,2.48
2011.02.02 16:15:29.736,5.72798,5.72952,3.79,1.20
2011.02.02 16:15:29.849,5.72798,5.72942,3.79,1.20
2011.02.02 16:15:30.498,5.72779,5.72998,4.32,2.48
2011.02.02 16:15:30.738,5.72779,5.72963,4.32,1.20
2011.02.02 16:15:31.282,5.72779,5.72998,4.32,2.48
2011.02.02 16:15:31.638,5.72787,5.72998,4.06,2.48
2011.02.02 16:15:32.185,5.72787,5.72983,10.19,1.20
2011.02.02 16:15:32.723,5.72787,5.73003,10.19,1.98
2011.02.02 16:15:32.946,5.72787,5.73003,10.19,1.98
2011.02.02 16:15:33.346,5.72787,5.72963,10.19,1.20
2011.02.02 16:15:33.997,5.72787,5.72963,9.90,1.20
2011.02.02 16:15:34.516,5.72787,5.73003,9.90,1.98
2011.02.02 16:15:36.619,5.72787,5.72973,10.28,1.20
2011.02.02 16:15:36.792,5.72787,5.73003,9.90,1.98
2011.02.02 16:15:37.135,5.72787,5.72952,9.90,1.20
2011.02.02 16:15:37.481,5.72787,5.72922,9.90,1.20
2011.02.02 16:15:37.597,5.72763,5.72972,1.02,1.98
2011.02.02 16:15:37.708,5.72765,5.72972,10.22,1.98
2011.02.02 16:15:37.829,5.72767,5.72972,1.03,1.98
2011.02.02 16:15:38.405,5.72768,5.72972,1.06,1.98
2011.02.02 16:15:38.521,5.72768,5.72972,1.25,1.98
2011.02.02 16:15:38.642,5.72769,5.72972,10.29,1.98
2011.02.02 16:15:38.878,5.72766,5.72972,9.78,1.98
2011.02.02 16:15:39.443,5.72778,5.72972,1.26,1.98
2011.02.02 16:15:39.808,5.72787,5.72972,10.36,1.98
2011.02.02 16:15:39.927,5.7278,5.72962,1.26,1.20
2011.02.02 16:15:41.050,5.7278,5.72972,1.26,1.98
2011.02.02 16:15:41.725,5.72758,5.72922,1.34,1.20
2011.02.02 16:15:41.837,5.72758,5.72922,1.21,1.20
2011.02.02 16:15:42.084,5.72758,5.72971,1.21,2.48
2011.02.02 16:15:42.670,5.72717,5.72929,1.21,2.48
2011.02.02 16:15:43.338,5.72717,5.72872,1.21,1.20
2011.02.02 16:15:43.986,5.72705,5.72929,1.12,2.48
2011.02.02 16:15:45.772,5.727,5.72882,1.25,1.20
2011.02.02 16:15:46.579,5.727,5.72873,1.25,1.20
2011.02.02 16:15:46.937,5.72716,5.72929,1.06,2.48
2011.02.02 16:15:47.390,5.72699,5.72852,1.11,1.20
2011.02.02 16:15:47.509,5.72691,5.72852,1.09,1.20
2011.02.02 16:15:48.268,5.72694,5.72892,1.02,1.98
2011.02.02 16:15:48.798,5.72698,5.72853,1.12,1.20
2011.02.02 16:15:48.910,5.72694,5.72862,10.32,1.20
2011.02.02 16:15:49.198,5.72694,5.72853,10.32,1.20
2011.02.02 16:15:49.427,5.72698,5.72892,1.43,1.98
2011.02.02 16:15:50.349,5.72698,5.72892,1.43,1.98
2011.02.02 16:15:50.469,5.72702,5.72892,1.09,1.98
2011.02.02 16:15:51.013,5.72702,5.72892,1.09,1.98
2011.02.02 16:15:51.224,5.72708,5.72892,1.17,1.98
2011.02.02 16:15:53.087,5.72702,5.72852,1.21,1.20
2011.02.02 16:15:53.366,5.72715,5.72892,1.02,1.98
2011.02.02 16:15:55.695,5.72715,5.72892,1.02,1.98
2011.02.02 16:15:56.157,5.72715,5.72892,12.27,1.98
2011.02.02 16:15:56.267,5.72716,5.72892,1.02,1.20
2011.02.02 16:15:56.378,5.72715,5.72892,12.62,1.20
2011.02.02 16:15:56.883,5.72724,5.72933,10.38,1.98
2011.02.02 16:15:57.001,5.72717,5.72933,1.70,1.98
2011.02.02 16:15:57.485,5.72724,5.72933,10.34,1.98
2011.02.02 16:15:57.938,5.72745,5.72933,1.21,1.98
2011.02.02 16:15:58.698,5.72745,5.72902,1.21,1.20
2011.02.02 16:15:59.079,5.72745,5.72933,1.21,1.98
2011.02.02 16:15:59.197,5.72745,5.72933,1.21,1.98
2011.02.02 16:15:59.647,5.72769,5.72962,1.07,1.20
2011.02.02 16:15:59.760,5.72765,5.72972,11.70,1.98
2011.02.02 16:15:59.880,5.72765,5.72972,11.89,1.98
2011.02.02 16:15:59.999,5.72768,5.72972,1.05,1.98
2011.02.02 16:16:00.656,5.72765,5.72972,12.11,1.98
2011.02.02 16:16:00.992,5.7276,5.72972,2.47,1.98
2011.02.02 16:16:01.594,5.72765,5.72913,11.64,1.20
2011.02.02 16:16:01.715,5.72765,5.72923,12.06,1.20
2011.02.02 16:16:01.828,5.72765,5.72923,12.07,1.20
2011.02.02 16:16:02.217,5.7276,5.72972,2.60,1.98
2011.02.02 16:16:02.597,5.7276,5.72965,1.15,4.35
2011.02.02 16:16:02.713,5.72728,5.72952,1.77,1.20
2011.02.02 16:16:02.830,5.7274,5.72963,1.05,1.98
2011.02.02 16:16:03.169,5.7274,5.72973,1.18,2.48
2011.02.02 16:16:03.398,5.72764,5.72973,1.34,2.48
2011.02.02 16:16:03.868,5.7278,5.72989,1.26,2.48
2011.02.02 16:16:03.978,5.72783,5.72989,1.09,2.48
2011.02.02 16:16:04.401,5.72796,5.73003,1.14,1.98
2011.02.02 16:16:04.528,5.72796,5.73007,1.41,2.48
2011.02.02 16:16:04.640,5.72798,5.73007,1.06,2.48
2011.02.02 16:16:04.759,5.72796,5.72982,1.41,1.20
2011.02.02 16:16:05.323,5.72796,5.72982,1.19,1.20
2011.02.02 16:16:06.048,5.72789,5.72982,1.54,1.20
2011.02.02 16:16:06.403,5.72778,5.72989,1.48,2.48
2011.02.02 16:16:06.914,5.72778,5.72989,1.67,2.48
2011.02.02 16:16:07.248,5.72786,5.73002,1.17,1.98
2011.02.02 16:16:07.687,5.72788,5.73002,1.07,1.98
2011.02.02 16:16:08.287,5.72793,5.72982,1.35,1.20
2011.02.02 16:16:08.950,5.72798,5.72992,1.24,1.20
2011.02.02 16:16:09.683,5.72793,5.72992,1.36,1.20
2011.02.02 16:16:10.563,5.72788,5.73002,1.52,1.98
2011.02.02 16:16:11.027,5.72797,5.73002,1.16,1.98
2011.02.02 16:16:11.135,5.72797,5.73002,1.44,1.98
2011.02.02 16:16:11.537,5.72796,5.73002,1.17,1.98
2011.02.02 16:16:11.865,5.72797,5.73002,1.17,1.98
2011.02.02 16:16:12.462,5.72796,5.73002,1.59,1.98
2011.02.02 16:16:13.256,5.72796,5.73002,1.27,1.98
2011.02.02 16:16:13.367,5.72802,5.73002,1.03,1.98
2011.02.02 16:16:13.797,5.72801,5.73002,1.20,1.98
2011.02.02 16:16:14.488,5.72801,5.73002,1.02,1.98
2011.02.02 16:16:14.839,5.72797,5.73002,1.08,1.98
2011.02.02 16:16:15.236,5.72794,5.73002,4.65,1.98
2011.02.02 16:16:15.350,5.72796,5.73002,1.43,1.98
2011.02.02 16:16:16.823,5.72798,5.72982,1.02,1.20
2011.02.02 16:16:17.463,5.72806,5.73012,1.65,2.58
2011.02.02 16:16:17.577,5.72833,5.73043,1.50,2.48
2011.02.02 16:16:18.169,5.72828,5.73043,1.31,2.48
2011.02.02 16:16:18.293,5.72828,5.73043,1.65,2.48
2011.02.02 16:16:18.408,5.72833,5.73043,1.35,2.48
2011.02.02 16:16:18.638,5.72842,5.73033,1.25,1.20
2011.02.02 16:16:19.364,5.72865,5.73072,1.02,2.48
2011.02.02 16:16:20.161,5.72863,5.73042,1.73,1.20
2011.02.02 16:16:20.278,5.72863,5.73032,1.73,1.20
2011.02.02 16:16:20.397,5.72863,5.73072,1.73,2.48
2011.02.02 16:16:21.132,5.72864,5.73072,1.08,2.48
2011.02.02 16:16:22.057,5.72882,5.73089,1.41,2.48
2011.02.02 16:16:22.170,5.72877,5.7308,1.07,2.48
2011.02.02 16:16:22.822,5.72867,5.73078,1.10,1.17
2011.02.02 16:16:23.456,5.72882,5.73078,1.11,1.05
2011.02.02 16:16:24.022,5.72877,5.73092,1.40,1.09
2011.02.02 16:16:24.137,5.72877,5.73088,1.40,1.17
2011.02.02 16:16:24.944,5.72862,5.73073,1.27,2.48
2011.02.02 16:16:25.061,5.72877,5.73078,1.11,1.17
2011.02.02 16:16:25.520,5.72883,5.73091,1.32,2.78
2011.02.02 16:16:25.643,5.72867,5.73063,1.10,1.09
2011.02.02 16:16:25.757,5.72877,5.73073,1.11,1.09
2011.02.02 16:16:26.407,5.72877,5.73076,1.11,2.10
2011.02.02 16:16:26.938,5.7286,5.73076,1.23,2.48
2011.02.02 16:16:27.376,5.72857,5.73052,1.30,1.20
2011.02.02 16:16:27.719,5.72823,5.73019,4.11,2.48
2011.02.02 16:16:28.321,5.72837,5.73047,1.10,1.17
2011.02.02 16:16:28.443,5.72837,5.73037,1.10,1.17
2011.02.02 16:16:29.024,5.72858,5.73052,1.11,1.09
2011.02.02 16:16:30.239,5.72848,5.73048,1.17,2.29
2011.02.02 16:16:30.359,5.72842,5.73048,1.17,2.48
2011.02.02 16:16:30.696,5.72839,5.73048,1.14,2.48
2011.02.02 16:16:31.124,5.72842,5.73048,1.17,2.48
2011.02.02 16:16:31.241,5.72839,5.73048,1.25,2.48
2011.02.02 16:16:31.358,5.72847,5.73043,1.32,1.20
2011.02.02 16:16:31.478,5.72848,5.73048,1.24,2.29
2011.02.02 16:16:32.119,5.72863,5.73063,1.26,1.20
2011.02.02 16:16:32.370,5.72853,5.73052,1.82,1.20
2011.02.02 16:16:32.598,5.72867,5.73073,1.20,1.20
2011.02.02 16:16:33.158,5.72883,5.73087,1.11,1.38
2011.02.02 16:16:33.281,5.72877,5.73073,1.32,1.20
2011.02.02 16:16:33.735,5.72858,5.73057,1.21,2.10
2011.02.02 16:16:34.645,5.72867,5.73073,1.20,3.08
2011.02.02 16:16:35.769,5.7288,5.73073,1.17,1.20
2011.02.02 16:16:35.889,5.72887,5.73082,1.02,1.98
2011.02.02 16:16:36.545,5.72867,5.73073,1.18,2.48
2011.02.02 16:16:37.078,5.72878,5.73072,1.33,1.20
2011.02.02 16:16:37.545,5.72881,5.73073,1.18,1.20
2011.02.02 16:16:37.878,5.72867,5.73073,1.31,2.48
2011.02.02 16:16:38.562,5.72873,5.73062,1.23,1.20
2011.02.02 16:16:39.166,5.72877,5.73073,1.05,2.48
2011.02.02 16:16:40.910,5.72887,5.73073,1.02,2.10
2011.02.02 16:16:41.029,5.72874,5.73073,4.26,2.10
2011.02.02 16:16:41.149,5.72874,5.73072,1.98,1.20
2011.02.02 16:16:41.956,5.72873,5.73072,1.07,1.20
2011.02.02 16:16:43.139,5.72878,5.73078,1.21,1.17
2011.02.02 16:16:43.664,5.72878,5.73083,1.40,1.09
2011.02.02 16:16:44.978,5.72872,5.73068,1.15,2.29
2011.02.02 16:16:45.436,5.72869,5.73068,5.04,2.48
2011.02.02 16:16:45.550,5.72872,5.73068,1.15,2.29
2011.02.02 16:16:46.270,5.72873,5.73072,1.15,1.09
2011.02.02 16:16:46.388,5.72869,5.73068,1.29,2.29
2011.02.02 16:16:47.420,5.72878,5.73083,1.40,1.09
2011.02.02 16:16:47.538,5.72878,5.73072,1.40,1.09
2011.02.02 16:16:47.744,5.72878,5.73083,1.40,1.09
2011.02.02 16:16:48.036,5.72878,5.73078,1.21,1.17
2011.02.02 16:16:48.747,5.72868,5.73068,1.43,2.48
2011.02.02 16:16:48.969,5.72849,5.73048,4.72,2.48
2011.02.02 16:16:49.437,5.72838,5.73031,1.30,2.29
2011.02.02 16:16:49.555,5.72848,5.73048,1.03,2.48
2011.02.02 16:16:49.778,5.72848,5.73048,1.41,2.29
2011.02.02 16:16:50.129,5.72858,5.73048,1.49,1.05
2011.02.02 16:16:50.244,5.72843,5.73048,1.25,2.70
2011.02.02 16:16:50.359,5.72837,5.73052,1.92,1.09
2011.02.02 16:16:50.948,5.72848,5.73037,1.20,1.05
2011.02.02 16:16:51.290,5.72858,5.73048,1.11,1.05
2011.02.02 16:16:51.409,5.72855,5.73053,1.40,1.30
2011.02.02 16:16:51.853,5.72867,5.73053,1.20,1.45
2011.02.02 16:16:51.974,5.72858,5.73047,1.72,2.10
2011.02.02 16:16:52.090,5.72868,5.73047,1.19,1.05
2011.02.02 16:16:52.211,5.72868,5.73053,1.39,1.38
2011.02.02 16:16:52.768,5.72878,5.73064,1.88,1.45
2011.02.02 16:16:54.769,5.72873,5.73062,1.27,1.23
2011.02.02 16:16:55.687,5.72882,5.73064,1.17,1.45
2011.02.02 16:16:56.749,5.72873,5.73062,1.27,1.23
2011.02.02 16:16:56.874,5.729,5.73064,1.15,1.30
2011.02.02 16:16:56.994,5.72908,5.73092,1.23,1.38
2011.02.02 16:16:57.110,5.72908,5.73103,1.23,2.65
2011.02.02 16:16:57.529,5.72898,5.73092,1.74,2.46
2011.02.02 16:16:57.848,5.72898,5.73089,1.26,2.70
2011.02.02 16:16:58.856,5.72905,5.73102,1.41,1.15
2011.02.02 16:16:59.190,5.72905,5.73089,1.11,2.70
2011.02.02 16:16:59.417,5.72893,5.73089,1.24,2.70
2011.02.02 16:17:00.306,5.72893,5.73092,1.34,2.28
2011.02.02 16:17:01.301,5.72902,5.73089,1.11,1.05
2011.02.02 16:17:01.535,5.72888,5.73089,1.17,2.29
2011.02.02 16:17:02.201,5.72917,5.73092,1.17,1.30
2011.02.02 16:17:02.324,5.72908,5.73093,1.20,1.23
2011.02.02 16:17:02.814,5.72898,5.73082,1.47,1.20
2011.02.02 16:17:02.928,5.72893,5.73082,1.11,1.20
2011.02.02 16:17:03.041,5.72886,5.73088,1.26,2.48
2011.02.02 16:17:03.485,5.72888,5.73082,1.26,1.20
2011.02.02 16:17:03.605,5.72897,5.73098,1.14,1.08
2011.02.02 16:17:03.719,5.72896,5.73092,2.04,1.79
2011.02.02 16:17:04.098,5.72897,5.73089,1.16,2.29
2011.02.02 16:17:05.032,5.72893,5.73082,1.67,1.20
2011.02.02 16:17:05.263,5.72897,5.73089,1.16,2.29
2011.02.02 16:17:05.409,5.72883,5.73089,1.40,2.48
2011.02.02 16:17:05.983,5.72893,5.73089,1.29,2.48
2011.02.02 16:17:06.208,5.72888,5.73089,1.02,2.48
2011.02.02 16:17:06.333,5.72903,5.73089,1.08,1.05
2011.02.02 16:17:07.060,5.72897,5.73083,1.88,1.20
2011.02.02 16:17:08.719,5.72883,5.73089,1.18,2.48
2011.02.02 16:17:09.734,5.72878,5.73089,1.79,2.48
2011.02.02 16:17:10.159,5.72869,5.73089,2.07,2.48
2011.02.02 16:17:10.609,5.72869,5.73089,1.92,2.48
2011.02.02 16:17:11.084,5.72869,5.73089,4.32,2.48
2011.02.02 16:17:11.201,5.72869,5.73053,1.92,1.20
2011.02.02 16:17:11.337,5.72869,5.73089,4.32,2.48
2011.02.02 16:17:11.573,5.72869,5.73089,1.92,2.48
2011.02.02 16:17:11.800,5.72869,5.73089,2.07,2.48
2011.02.02 16:17:12.589,5.72869,5.73089,1.92,2.48
2011.02.02 16:17:13.233,5.72869,5.73089,4.32,2.48
2011.02.02 16:17:13.888,5.72869,5.73089,1.92,2.48
2011.02.02 16:17:14.010,5.7288,5.73063,1.50,1.20
2011.02.02 16:17:14.348,5.7288,5.73078,4.35,1.35
2011.02.02 16:17:14.467,5.7288,5.73078,4.17,3.36
2011.02.02 16:17:14.580,5.7289,5.7309,4.44,2.46
2011.02.02 16:17:15.123,5.72884,5.73052,1.93,1.20
2011.02.02 16:17:15.239,5.72884,5.73087,1.50,2.68
2011.02.02 16:17:15.360,5.72877,5.73087,1.92,2.68
2011.02.02 16:17:15.978,5.72877,5.73072,1.79,2.58
2011.02.02 16:17:16.220,5.72861,5.73053,4.48,1.20
2011.02.02 16:17:16.559,5.72862,5.7307,1.16,1.81
2011.02.02 16:17:17.223,5.72866,5.7307,4.04,1.81
2011.02.02 16:17:17.887,5.72867,5.7307,3.96,1.81
2011.02.02 16:17:18.589,5.72861,5.72982,1.72,1.20
2011.02.02 16:17:18.823,5.72823,5.72992,1.72,1.20
2011.02.02 16:17:19.717,5.72814,5.73012,4.26,1.43
2011.02.02 16:17:19.937,5.72814,5.73012,1.93,1.43
2011.02.02 16:17:20.515,5.72814,5.72993,1.93,1.20
2011.02.02 16:17:20.629,5.72814,5.73012,4.26,1.43
2011.02.02 16:17:21.614,5.72814,5.73012,1.93,1.43
2011.02.02 16:17:22.288,5.72814,5.73012,1.93,1.43
2011.02.02 16:17:22.628,5.728,5.72993,2.83,1.20
2011.02.02 16:17:22.781,5.728,5.72982,1.18,1.20
2011.02.02 16:17:23.290,5.728,5.73012,6.32,1.43
2011.02.02 16:17:23.676,5.728,5.73012,2.68,1.54
2011.02.02 16:17:26.156,5.728,5.72973,1.18,1.20
2011.02.02 16:17:26.339,5.728,5.73012,1.18,1.54
2011.02.02 16:17:27.734,5.72838,5.73034,3.96,2.48
2011.02.02 16:17:27.854,5.72799,5.73003,6.32,1.08
2011.02.02 16:17:28.302,5.72824,5.73023,12.01,1.89
2011.02.02 16:17:28.424,5.72828,5.73025,1.02,1.40
2011.02.02 16:17:28.540,5.72828,5.73031,1.02,1.39
2011.02.02 16:17:28.877,5.72824,5.73023,12.01,1.08
2011.02.02 16:17:29.333,5.72827,5.73031,1.14,1.39
2011.02.02 16:17:29.564,5.72824,5.73023,12.01,1.08
2011.02.02 16:17:30.592,5.72837,5.73028,1.10,1.24
2011.02.02 16:17:31.109,5.72838,5.73042,1.64,1.17
2011.02.02 16:17:32.738,5.72838,5.73051,10.82,1.70
2011.02.02 16:17:33.459,5.72838,5.73041,10.44,1.17
2011.02.02 16:17:33.970,5.72838,5.73043,10.63,1.17
2011.02.02 16:17:35.168,5.72847,5.73051,1.14,1.70
2011.02.02 16:17:35.506,5.72854,5.73052,1.14,1.23
2011.02.02 16:17:35.616,5.72857,5.73051,1.20,1.47
2011.02.02 16:17:36.408,5.72865,5.73051,12.15,1.47
2011.02.02 16:17:36.627,5.72867,5.73061,1.14,1.98
2011.02.02 16:17:37.868,5.72878,5.73078,1.45,1.25
2011.02.02 16:17:38.023,5.72867,5.73073,1.14,1.17
2011.02.02 16:17:38.660,5.72878,5.73089,1.45,2.48
2011.02.02 16:17:39.466,5.72883,5.73082,1.27,1.20
2011.02.02 16:17:39.801,5.72888,5.73088,1.20,2.70
2011.02.02 16:17:39.918,5.72882,5.73083,1.27,1.20
2011.02.02 16:17:40.575,5.72878,5.73072,1.41,1.77
2011.02.02 16:17:40.910,5.72923,5.73072,1.50,1.17
2011.02.02 16:17:41.176,5.72923,5.73072,1.50,1.77
2011.02.02 16:17:41.397,5.72915,5.73072,1.50,1.77
2011.02.02 16:17:42.077,5.72903,5.73062,1.50,2.28
2011.02.02 16:17:42.421,5.72903,5.73052,1.50,1.17
2011.02.02 16:17:42.973,5.72903,5.73057,1.50,1.05
2011.02.02 16:17:44.129,5.72903,5.73062,1.50,1.90
2011.02.02 16:17:44.250,5.72903,5.73062,1.50,2.35
2011.02.02 16:17:44.855,5.7291,5.73078,1.50,1.17
2011.02.02 16:17:44.971,5.7291,5.73078,1.50,1.17
2011.02.02 16:17:45.088,5.72899,5.73062,1.50,2.39
2011.02.02 16:17:45.210,5.72899,5.73053,1.50,1.17
2011.02.02 16:17:45.326,5.72896,5.73053,1.50,1.17
2011.02.02 16:17:45.730,5.72896,5.73062,1.50,1.33
2011.02.02 16:17:46.179,5.72896,5.73067,1.58,1.03
2011.02.02 16:17:46.526,5.72914,5.73075,1.50,1.17
2011.02.02 16:17:46.661,5.72914,5.73063,1.50,1.20
2011.02.02 16:17:47.514,5.72914,5.73073,1.50,1.17
2011.02.02 16:17:47.630,5.72928,5.73088,1.50,1.17
2011.02.02 16:17:47.967,5.72918,5.73052,1.50,1.20
2011.02.02 16:17:48.435,5.72926,5.73083,1.50,1.20
2011.02.02 16:17:48.550,5.72926,5.73088,1.50,1.39
2011.02.02 16:17:49.022,5.72937,5.73088,1.50,1.39
2011.02.02 16:17:49.396,5.72922,5.73068,1.50,1.17
2011.02.02 16:17:49.507,5.72912,5.73068,1.50,1.17
2011.02.02 16:17:50.045,5.72924,5.73073,1.50,1.17
2011.02.02 16:17:50.378,5.72913,5.73092,1.50,1.98
2011.02.02 16:17:50.810,5.72922,5.73082,1.50,1.20
2011.02.02 16:17:50.943,5.72922,5.73073,1.50,1.20
2011.02.02 16:17:51.063,5.72922,5.73092,1.50,1.98
2011.02.02 16:17:51.179,5.72922,5.73092,1.50,1.98
2011.02.02 16:17:51.298,5.72922,5.73062,1.50,1.20
2011.02.02 16:17:52.332,5.72913,5.73072,1.50,1.20
2011.02.02 16:17:53.474,5.72913,5.73092,1.50,1.98
2011.02.02 16:17:54.064,5.72906,5.73075,1.50,2.48
2011.02.02 16:17:54.191,5.72895,5.73063,1.50,1.17
2011.02.02 16:17:54.422,5.72906,5.73063,1.50,1.77
2011.02.02 16:17:54.996,5.72906,5.73079,1.50,1.39
2011.02.02 16:17:55.220,5.7293,5.73078,1.50,1.17
2011.02.02 16:17:55.698,5.72924,5.73078,1.50,1.17
2011.02.02 16:17:56.597,5.72926,5.73092,1.50,1.98
2011.02.02 16:17:57.539,5.72925,5.73092,1.50,1.98
2011.02.02 16:17:58.314,5.72925,5.73092,1.50,1.98
2011.02.02 16:17:59.069,5.729,5.73073,1.50,1.17
2011.02.02 16:17:59.300,5.729,5.73073,1.50,1.17
2011.02.02 16:17:59.675,5.729,5.73073,1.50,1.17
2011.02.02 16:18:00.609,5.72947,5.73102,1.50,1.17
2011.02.02 16:18:00.736,5.72947,5.73114,1.50,1.13
2011.02.02 16:18:01.478,5.72955,5.73112,1.50,1.20
2011.02.02 16:18:01.709,5.72955,5.73132,1.50,3.44
2011.02.02 16:18:02.149,5.72955,5.73122,1.50,1.20
2011.02.02 16:18:02.266,5.72955,5.73127,1.50,1.17
2011.02.02 16:18:02.607,5.72955,5.73123,1.50,1.95
2011.02.02 16:18:03.182,5.72955,5.73123,1.50,1.20
2011.02.02 16:18:03.305,5.72955,5.73123,1.50,1.35
2011.02.02 16:18:04.112,5.72955,5.73127,1.50,1.17
2011.02.02 16:18:04.231,5.72955,5.73123,1.50,1.95
2011.02.02 16:18:05.531,5.72955,5.73123,1.50,1.35
2011.02.02 16:18:06.370,5.72964,5.73127,1.50,1.17
2011.02.02 16:18:06.549,5.72964,5.73123,1.50,1.95
2011.02.02 16:18:06.776,5.7297,5.73132,1.50,2.59
2011.02.02 16:18:07.107,5.7297,5.73123,1.50,1.95
2011.02.02 16:18:07.578,5.72962,5.73123,1.50,1.95
2011.02.02 16:18:07.698,5.72962,5.73123,1.50,1.35
2011.02.02 16:18:08.096,5.72962,5.73123,1.50,1.35
2011.02.02 16:18:08.674,5.72962,5.73141,1.50,2.82
2011.02.02 16:18:09.443,5.72962,5.73128,1.50,1.13
2011.02.02 16:18:10.205,5.72977,5.73128,1.50,1.13
2011.02.02 16:18:10.326,5.72974,5.73132,1.50,1.19
2011.02.02 16:18:10.438,5.72974,5.73122,1.50,1.22
2011.02.02 16:18:11.526,5.72962,5.73122,1.50,1.59
2011.02.02 16:18:11.897,5.72928,5.73122,1.20,1.59
2011.02.02 16:18:12.271,5.72921,5.73118,1.36,1.35
2011.02.02 16:18:12.931,5.72948,5.73151,1.64,2.01
2011.02.02 16:18:13.348,5.72948,5.73151,1.64,1.63
2011.02.02 16:18:13.889,5.72937,5.73141,1.14,1.17
2011.02.02 16:18:16.097,5.72965,5.73163,1.14,2.18
2011.02.02 16:18:16.711,5.72965,5.73163,1.14,1.25
2011.02.02 16:18:17.836,5.72982,5.73163,2.48,1.25
2011.02.02 16:18:18.498,5.73007,5.73212,1.11,1.39
2011.02.02 16:18:18.609,5.73007,5.73207,1.11,1.05
2011.02.02 16:18:18.730,5.72983,5.73192,1.07,1.35
2011.02.02 16:18:18.848,5.72987,5.73192,1.07,1.35
2011.02.02 16:18:18.969,5.72987,5.73202,1.44,2.40
2011.02.02 16:18:19.503,5.72997,5.73202,1.14,1.95
2011.02.02 16:18:19.619,5.72997,5.73206,1.14,2.85
2011.02.02 16:18:19.738,5.72997,5.73202,1.14,1.95
2011.02.02 16:18:19.849,5.72993,5.732,1.27,1.58
2011.02.02 16:18:20.295,5.72981,5.73183,2.61,1.20
2011.02.02 16:18:20.517,5.72969,5.73168,2.40,1.58
2011.02.02 16:18:22.958,5.72982,5.73178,1.27,1.88
2011.02.02 16:18:23.177,5.72984,5.73183,2.77,1.20
2011.02.02 16:18:23.687,5.72973,5.73172,1.27,1.20
2011.02.02 16:18:23.907,5.72968,5.73176,1.05,1.35
2011.02.02 16:18:24.494,5.72918,5.73112,1.11,1.20
2011.02.02 16:18:24.615,5.7291,5.73103,2.83,1.20
2011.02.02 16:18:25.249,5.7291,5.73112,1.18,1.35
2011.02.02 16:18:25.369,5.7291,5.73112,2.57,1.35
2011.02.02 16:18:26.247,5.72912,5.73112,1.07,1.17
2011.02.02 16:18:27.710,5.72934,5.73122,4.58,1.73
2011.02.02 16:18:27.835,5.72934,5.73132,12.18,2.63
2011.02.02 16:18:28.631,5.72934,5.73132,12.18,1.40
2011.02.02 16:18:29.755,5.72934,5.73127,12.15,1.13
2011.02.02 16:18:30.139,5.72934,5.73122,4.72,1.35
2011.02.02 16:18:31.449,5.72934,5.73132,12.18,2.63
2011.02.02 16:18:32.557,5.72947,5.73132,1.14,1.17
2011.02.02 16:18:34.096,5.72943,5.73132,1.27,1.62
2011.02.02 16:18:36.189,5.72947,5.73132,1.14,1.17
2011.02.02 16:18:36.669,5.72934,5.73132,11.81,3.00
2011.02.02 16:18:40.129,5.72978,5.73123,1.20,1.05
2011.02.02 16:18:40.251,5.72975,5.7315,11.70,2.25
2011.02.02 16:18:40.368,5.72975,5.73166,11.85,1.50
2011.02.02 16:18:40.815,5.7299,5.73148,3.97,1.13
2011.02.02 16:18:40.934,5.72948,5.73132,4.12,1.20
2011.02.02 16:18:41.051,5.72944,5.73132,1.12,1.20
2011.02.02 16:18:41.536,5.72944,5.73152,2.43,1.79
2011.02.02 16:18:41.869,5.72944,5.73132,1.12,1.20
2011.02.02 16:18:42.099,5.72948,5.73132,4.12,1.20
2011.02.02 16:18:42.656,5.72948,5.73152,10.12,1.79
2011.02.02 16:18:43.137,5.72948,5.73143,9.90,1.20
2011.02.02 16:18:43.346,5.72952,5.73152,1.27,2.20
2011.02.02 16:18:43.829,5.72966,5.73167,1.14,1.11
2011.02.02 16:18:44.167,5.72975,5.73173,12.07,2.82
2011.02.02 16:18:44.606,5.72988,5.73185,1.14,2.93
2011.02.02 16:18:44.725,5.72988,5.73177,1.74,1.28
2011.02.02 16:18:46.046,5.72988,5.73178,1.36,1.28
2011.02.02 16:18:46.467,5.72977,5.73175,10.20,1.77
2011.02.02 16:18:46.822,5.72987,5.73178,1.14,1.02
2011.02.02 16:18:46.941,5.72977,5.73167,9.82,1.17
2011.02.02 16:18:47.058,5.72982,5.73175,1.27,2.10
2011.02.02 16:18:47.528,5.72988,5.73178,1.36,1.28
2011.02.02 16:18:48.974,5.72977,5.73175,10.20,1.77
2011.02.02 16:18:49.917,5.72988,5.73177,1.14,1.02
2011.02.02 16:18:50.261,5.7299,5.73192,9.79,1.35
2011.02.02 16:18:51.097,5.73003,5.73193,1.36,2.13
2011.02.02 16:18:51.822,5.7299,5.73192,10.01,1.17
2011.02.02 16:18:51.939,5.73007,5.73202,1.14,2.46
2011.02.02 16:18:53.326,5.7299,5.73192,10.12,1.35
2011.02.02 16:18:53.693,5.72998,5.73193,1.14,1.90
2011.02.02 16:18:55.104,5.72976,5.73172,10.27,1.20
2011.02.02 16:18:55.219,5.72988,5.73192,1.14,2.70
2011.02.02 16:18:55.507,5.72976,5.73182,9.93,1.35
2011.02.02 16:18:57.598,5.72976,5.73173,4.05,1.35
2011.02.02 16:18:57.712,5.72976,5.73183,10.20,2.55
2011.02.02 16:18:58.370,5.72985,5.73191,9.93,1.35
2011.02.02 16:18:58.768,5.72985,5.73191,10.20,1.17
2011.02.02 16:18:59.442,5.72985,5.73193,10.31,2.01
2011.02.02 16:18:59.890,5.73008,5.73198,1.36,1.15
2011.02.02 16:19:00.395,5.73017,5.73209,1.44,2.25
2011.02.02 16:19:00.516,5.73033,5.73225,1.27,1.20
2011.02.02 16:19:00.850,5.73055,5.73235,11.85,1.33
2011.02.02 16:19:01.222,5.73055,5.73244,11.85,2.13
2011.02.02 16:19:01.348,5.73087,5.73266,1.14,1.17
2011.02.02 16:19:01.462,5.73087,5.73266,1.14,1.17
2011.02.02 16:19:01.993,5.73087,5.73277,1.14,1.17
2011.02.02 16:19:02.117,5.7311,5.73308,2.62,1.17
2011.02.02 16:19:02.235,5.73116,5.73293,1.14,1.08
2011.02.02 16:19:02.961,5.73157,5.73325,1.14,1.41
2011.02.02 16:19:03.086,5.73141,5.73332,1.14,1.02
2011.02.02 16:19:03.309,5.73141,5.73342,1.14,2.10
2011.02.02 16:19:03.429,5.73137,5.73332,1.65,1.65
2011.02.02 16:19:03.831,5.73123,5.73322,1.07,1.35
2011.02.02 16:19:04.071,5.73107,5.73308,1.14,2.74
2011.02.02 16:19:04.712,5.73118,5.73304,1.20,1.26
2011.02.02 16:19:05.046,5.73127,5.73312,1.20,1.24
2011.02.02 16:19:05.618,5.73109,5.73311,2.62,1.80
2011.02.02 16:19:05.727,5.73107,5.73311,1.14,1.80
2011.02.02 16:19:05.948,5.73128,5.73312,1.20,1.39
2011.02.02 16:19:06.059,5.73112,5.73308,1.36,1.35
2011.02.02 16:19:06.553,5.73104,5.73302,11.85,1.25
2011.02.02 16:19:06.670,5.73104,5.7331,11.85,2.78
2011.02.02 16:19:06.788,5.73128,5.73312,1.20,2.23
2011.02.02 16:19:07.561,5.73117,5.73303,1.20,1.08
2011.02.02 16:19:08.158,5.73098,5.73303,1.64,1.77
2011.02.02 16:19:08.950,5.73098,5.73303,1.64,1.01
2011.02.02 16:19:09.110,5.73098,5.73303,1.64,1.77
2011.02.02 16:19:09.718,5.73098,5.73298,1.45,1.02
2011.02.02 16:19:10.070,5.73077,5.73283,1.14,1.35
2011.02.02 16:19:10.187,5.73087,5.73293,1.14,1.65
2011.02.02 16:19:10.747,5.73098,5.73293,2.24,1.73
2011.02.02 16:19:11.076,5.73075,5.73283,2.64,1.35
2011.02.02 16:19:11.557,5.73042,5.73247,1.07,1.35
2011.02.02 16:19:12.462,5.73052,5.73247,2.57,1.35
2011.02.02 16:19:13.003,5.73042,5.73247,10.33,1.35
2011.02.02 16:19:13.119,5.73035,5.73243,2.38,1.35
2011.02.02 16:19:13.243,5.73035,5.73243,2.76,1.35
2011.02.02 16:19:13.472,5.73037,5.73243,1.14,1.35
2011.02.02 16:19:14.034,5.73058,5.73263,1.11,2.46
2011.02.02 16:19:14.146,5.73058,5.73253,1.34,1.29
2011.02.02 16:19:14.258,5.73058,5.73263,1.11,2.19
2011.02.02 16:19:14.499,5.73058,5.73263,1.11,2.46
2011.02.02 16:19:15.064,5.73108,5.733,1.20,2.73
2011.02.02 16:19:15.177,5.73072,5.73278,10.31,1.08
2011.02.02 16:19:15.509,5.73088,5.73285,1.20,2.88
2011.02.02 16:19:15.866,5.73088,5.73271,1.20,1.20
2011.02.02 16:19:15.982,5.73074,5.73267,1.14,1.02
2011.02.02 16:19:16.101,5.73088,5.73272,1.20,1.45
2011.02.02 16:19:16.218,5.7309,5.73272,1.36,1.33
2011.02.02 16:19:16.878,5.7309,5.73269,1.36,1.17
2011.02.02 16:19:17.098,5.73097,5.73269,1.20,1.17
2011.02.02 16:19:17.507,5.73097,5.73278,1.20,1.24
2011.02.02 16:19:18.019,5.73107,5.73278,1.20,1.24
2011.02.02 16:19:18.249,5.73087,5.73278,1.14,2.09
2011.02.02 16:19:18.366,5.73098,5.73278,1.20,1.24
2011.02.02 16:19:19.292,5.7309,5.73278,1.14,1.24
2011.02.02 16:19:20.621,5.7309,5.73278,1.14,1.24
2011.02.02 16:19:20.937,5.73082,5.73272,1.27,1.15
2011.02.02 16:19:21.047,5.73077,5.73272,1.20,2.34
2011.02.02 16:19:21.265,5.73077,5.73273,1.20,1.23
2011.02.02 16:19:21.734,5.73063,5.73258,1.27,1.58
2011.02.02 16:19:23.615,5.73057,5.73252,1.08,1.88
2011.02.02 16:19:23.737,5.73058,5.73262,1.11,1.58
2011.02.02 16:19:24.067,5.73073,5.73257,1.36,1.02
2011.02.02 16:19:24.609,5.73077,5.73268,1.20,1.16
2011.02.02 16:19:24.842,5.73077,5.73272,1.20,1.15
2011.02.02 16:19:25.380,5.73087,5.73278,1.14,2.76
2011.02.02 16:19:25.509,5.73073,5.73262,4.27,1.20
2011.02.02 16:19:25.741,5.73059,5.73261,1.14,1.80
2011.02.02 16:19:26.660,5.73059,5.73258,1.14,1.11
2011.02.02 16:19:27.213,5.73098,5.73286,1.41,2.18
2011.02.02 16:19:27.331,5.73088,5.73286,1.02,1.84
2011.02.02 16:19:27.448,5.73085,5.73278,10.14,1.17
2011.02.02 16:19:27.558,5.73077,5.73278,1.20,1.15
2011.02.02 16:19:27.965,5.73105,5.73282,4.50,2.63
2011.02.02 16:19:28.309,5.73113,5.73295,1.36,1.11
2011.02.02 16:19:29.291,5.73097,5.73295,1.64,2.29
2011.02.02 16:19:29.414,5.73087,5.73288,1.02,1.17
2011.02.02 16:19:29.970,5.73097,5.73295,2.24,2.63
2011.02.02 16:19:30.088,5.73097,5.73295,1.49,2.63
2011.02.02 16:19:30.318,5.73104,5.73295,11.48,2.29
2011.02.02 16:19:30.789,5.73097,5.73287,1.26,1.17
2011.02.02 16:19:31.890,5.73097,5.73295,1.64,1.04
2011.02.02 16:19:32.231,5.731,5.73313,2.70,2.31
2011.02.02 16:19:32.350,5.73097,5.73292,1.33,1.41
2011.02.02 16:19:32.772,5.73097,5.73294,1.11,1.35
2011.02.02 16:19:32.893,5.73105,5.73302,1.14,1.08
2011.02.02 16:19:33.791,5.73105,5.73302,1.14,1.08
2011.02.02 16:19:33.946,5.73105,5.73302,1.14,1.31
2011.02.02 16:19:34.843,5.73105,5.73302,1.14,1.08
2011.02.02 16:19:36.286,5.73105,5.73302,1.14,2.40
2011.02.02 16:19:36.510,5.73107,5.73292,1.20,1.17
2011.02.02 16:19:36.739,5.73097,5.73292,1.11,2.63
2011.02.02 16:19:37.189,5.73093,5.73287,1.34,1.13
2011.02.02 16:19:37.456,5.73082,5.73282,4.71,1.17
2011.02.02 16:19:37.809,5.73092,5.73288,1.04,1.35
2011.02.02 16:19:38.147,5.73097,5.73292,1.11,2.32
2011.02.02 16:19:38.589,5.73089,5.73272,1.36,1.19
2011.02.02 16:19:38.719,5.73063,5.73245,1.80,1.20
2011.02.02 16:19:43.653,5.73058,5.73242,1.20,1.05
2011.02.02 16:19:44.289,5.73051,5.73252,4.89,1.79
2011.02.02 16:19:44.463,5.73051,5.73248,4.89,1.17
2011.02.02 16:19:45.117,5.73051,5.73252,4.89,1.71
2011.02.02 16:19:45.226,5.73057,5.73243,1.20,1.05
2011.02.02 16:19:45.550,5.73051,5.73252,4.89,1.79
2011.02.02 16:19:45.777,5.73058,5.73242,1.20,1.05
2011.02.02 16:19:46.336,5.73081,5.73271,1.14,3.14
2011.02.02 16:19:46.451,5.73078,5.73262,1.14,1.15
2011.02.02 16:19:46.729,5.73081,5.73271,1.14,3.14
2011.02.02 16:19:47.256,5.73081,5.73272,1.14,1.38
2011.02.02 16:19:47.370,5.73077,5.73268,1.14,1.02
2011.02.02 16:19:47.966,5.73072,5.73267,5.02,2.10
2011.02.02 16:19:48.189,5.73072,5.73258,1.27,1.08
2011.02.02 16:19:49.068,5.73063,5.73253,4.74,1.23
2011.02.02 16:19:50.801,5.73063,5.73242,2.02,1.29
2011.02.02 16:19:50.932,5.73052,5.73242,1.86,2.10
2011.02.02 16:19:51.109,5.73058,5.73252,1.11,3.10
2011.02.02 16:19:52.398,5.73058,5.73252,1.11,1.61
2011.02.02 16:19:52.510,5.73058,5.73252,1.11,3.10
2011.02.02 16:19:53.279,5.73067,5.73252,1.20,1.61
2011.02.02 16:19:53.629,5.73058,5.73252,1.11,3.10
2011.02.02 16:19:54.676,5.73058,5.73252,1.11,1.61
2011.02.02 16:19:56.873,5.73058,5.73252,1.11,3.10
2011.02.02 16:19:56.996,5.73078,5.73252,1.20,1.61
2011.02.02 16:19:57.538,5.73065,5.73248,3.98,1.10
2011.02.02 16:19:57.978,5.73058,5.73252,1.11,1.61
2011.02.02 16:19:58.096,5.73057,5.73248,1.11,1.10
2011.02.02 16:19:58.557,5.73058,5.73252,1.11,1.61
2011.02.02 16:19:58.896,5.73058,5.73258,1.11,1.72
2011.02.02 16:20:00.100,5.73058,5.7325,1.11,2.07
2011.02.02 16:20:01.219,5.73058,5.73252,1.11,2.38
2011.02.02 16:20:01.582,5.73077,5.73252,1.20,1.29
2011.02.02 16:20:02.389,5.73057,5.73249,1.11,2.10
2011.02.02 16:20:02.617,5.73053,5.73242,1.04,1.02
2011.02.02 16:20:02.818,5.73058,5.73249,1.11,2.10
2011.02.02 16:20:03.521,5.73052,5.73243,1.26,1.02
2011.02.02 16:20:03.750,5.73058,5.73249,1.71,2.25
2011.02.02 16:20:03.976,5.73053,5.73242,1.04,1.57
2011.02.02 16:20:05.969,5.73057,5.73242,1.11,1.12
2011.02.02 16:20:06.461,5.73057,5.73249,1.11,1.81
2011.02.02 16:20:07.779,5.73053,5.73242,1.04,1.02
2011.02.02 16:20:08.107,5.73077,5.73258,1.20,1.62
2011.02.02 16:20:08.329,5.73079,5.73267,1.36,3.32
2011.02.02 16:20:09.250,5.73088,5.73267,1.20,1.70
2011.02.02 16:20:09.680,5.73079,5.73267,1.36,3.69
2011.02.02 16:20:09.802,5.73061,5.73272,10.31,1.79
2011.02.02 16:20:09.923,5.73058,5.73272,1.46,1.98
2011.02.02 16:20:10.485,5.73043,5.73242,1.26,2.05
2011.02.02 16:20:10.837,5.73032,5.73242,1.07,1.45
2011.02.02 16:20:11.403,5.73058,5.73252,1.71,1.71
2011.02.02 16:20:11.538,5.73048,5.73252,1.27,3.15
2011.02.02 16:20:14.140,5.73058,5.73243,1.11,1.13
2011.02.02 16:20:14.386,5.73058,5.73253,1.11,2.37
2011.02.02 16:20:14.968,5.73048,5.73243,1.35,1.08
2011.02.02 16:20:15.331,5.73058,5.73253,1.11,2.37
2011.02.02 16:20:16.069,5.73067,5.73253,1.20,1.17
2011.02.02 16:20:16.193,5.73063,5.73262,1.36,1.20
2011.02.02 16:20:16.510,5.73064,5.73272,1.14,2.13
2011.02.02 16:20:17.146,5.73058,5.73263,1.46,1.45
2011.02.02 16:20:18.840,5.73058,5.73243,1.41,1.30
2011.02.02 16:20:19.280,5.73037,5.73233,1.11,1.20
2011.02.02 16:20:20.243,5.73065,5.73243,3.97,1.45
2011.02.02 16:20:20.471,5.73047,5.73243,1.35,1.08
2011.02.02 16:20:20.590,5.73058,5.73252,1.71,1.02
2011.02.02 16:20:20.922,5.73047,5.73243,1.35,1.08
2011.02.02 16:20:21.043,5.73058,5.73258,1.46,1.13
2011.02.02 16:20:21.159,5.73057,5.73253,1.07,1.87
2011.02.02 16:20:22.157,5.73058,5.73258,1.46,1.13
2011.02.02 16:20:22.518,5.73061,5.73243,9.90,1.30
2011.02.02 16:20:23.752,5.73064,5.73262,1.14,1.17
2011.02.02 16:20:23.871,5.73058,5.73258,1.46,1.13
2011.02.02 16:20:23.991,5.73058,5.73248,1.46,1.03
2011.02.02 16:20:24.110,5.73053,5.73242,1.04,1.02
2011.02.02 16:20:24.266,5.73058,5.73247,1.11,1.14
2011.02.02 16:20:24.598,5.73053,5.73242,1.04,1.02
2011.02.02 16:20:25.708,5.73057,5.73248,1.11,1.03
2011.02.02 16:20:26.499,5.73032,5.73233,10.30,1.17
2011.02.02 16:20:26.626,5.73019,5.73202,3.97,1.20
2011.02.02 16:20:27.304,5.73022,5.73222,1.36,2.05
2011.02.02 16:20:27.527,5.73022,5.73231,1.14,2.74
2011.02.02 16:20:29.116,5.73048,5.73203,1.20,1.29
2011.02.02 16:20:29.230,5.73018,5.73231,1.14,1.64
2011.02.02 16:20:29.349,5.73018,5.73233,1.03,1.02
2011.02.02 16:20:29.470,5.73014,5.73227,1.18,1.45
2011.02.02 16:20:30.218,5.7302,5.73227,3.97,1.08
2011.02.02 16:20:30.843,5.73028,5.73237,1.14,2.28
2011.02.02 16:20:31.269,5.73037,5.73237,1.14,2.20
2011.02.02 16:20:32.190,5.73028,5.73227,1.14,1.26
2011.02.02 16:20:32.308,5.73037,5.73237,1.14,2.20
2011.02.02 16:20:32.711,5.73037,5.73237,1.14,1.10
2011.02.02 16:20:33.401,5.73037,5.73242,1.14,1.50
2011.02.02 16:20:33.517,5.73037,5.73237,1.14,1.02
2011.02.02 16:20:33.626,5.73057,5.73242,1.20,1.50
2011.02.02 16:20:33.946,5.73047,5.73237,1.20,1.10
2011.02.02 16:20:34.085,5.73037,5.73237,1.14,2.28
2011.02.02 16:20:34.651,5.73037,5.73242,1.14,1.57
2011.02.02 16:20:34.820,5.73048,5.73237,1.20,1.25
2011.02.02 16:20:34.936,5.73057,5.73242,1.20,1.50
2011.02.02 16:20:35.446,5.73032,5.73227,1.05,1.30
2011.02.02 16:20:35.819,5.73023,5.73222,1.27,1.20
2011.02.02 16:20:37.088,5.7302,5.73227,10.20,1.08
2011.02.02 16:20:37.329,5.7302,5.73227,10.12,1.45
2011.02.02 16:20:37.811,5.73033,5.73227,1.36,1.68
2011.02.02 16:20:37.926,5.73037,5.73228,1.14,1.99
2011.02.02 16:20:38.125,5.73028,5.73227,1.14,1.26
2011.02.02 16:20:38.236,5.73037,5.73228,1.74,2.14
2011.02.02 16:20:38.350,5.73033,5.73227,1.36,1.68
2011.02.02 16:20:38.471,5.7302,5.73227,10.01,1.45
2011.02.02 16:20:39.148,5.73037,5.73228,1.14,1.99
2011.02.02 16:20:39.262,5.7302,5.73227,10.20,1.08
2011.02.02 16:20:39.597,5.73037,5.73229,1.14,1.99
2011.02.02 16:20:40.321,5.73023,5.73222,1.27,1.20
2011.02.02 16:20:40.437,5.7302,5.73227,10.20,1.08
2011.02.02 16:20:40.547,5.7302,5.73227,10.12,1.45
2011.02.02 16:20:41.187,5.7302,5.73221,3.97,4.35
2011.02.02 16:20:41.304,5.73012,5.73221,10.33,4.35
2011.02.02 16:20:42.381,5.73012,5.73221,9.96,4.35
2011.02.02 16:20:42.497,5.73018,5.73212,1.41,1.20
2011.02.02 16:20:42.837,5.73022,5.73221,1.36,4.58
2011.02.02 16:20:43.016,5.73012,5.73221,10.33,4.35
2011.02.02 16:20:44.242,5.73018,5.73213,1.65,1.08
2011.02.02 16:20:45.129,5.73018,5.73203,1.65,1.26
2011.02.02 16:20:45.249,5.73012,5.73203,10.11,1.41
2011.02.02 16:20:45.910,5.73006,5.73198,1.42,1.17
2011.02.02 16:20:46.899,5.72992,5.73193,1.07,1.45
2011.02.02 16:20:47.570,5.72998,5.73192,1.33,1.20
2011.02.02 16:20:49.291,5.72968,5.73162,1.11,1.20
2011.02.02 16:20:53.167,5.72979,5.73182,9.75,1.45
2011.02.02 16:20:53.278,5.72979,5.73162,3.97,1.20
2011.02.02 16:20:53.627,5.72979,5.7319,3.97,1.45
2011.02.02 16:20:54.175,5.72979,5.7319,9.75,1.45
2011.02.02 16:20:55.146,5.72979,5.73162,3.97,1.20
2011.02.02 16:20:55.399,5.72979,5.73173,9.90,1.20
2011.02.02 16:20:57.596,5.72979,5.7319,3.97,1.45
2011.02.02 16:20:57.998,5.72979,5.7319,9.75,1.45
2011.02.02 16:20:58.110,5.72982,5.73183,1.05,1.20
2011.02.02 16:20:58.339,5.72979,5.7319,9.75,1.45
2011.02.02 16:20:59.478,5.72979,5.7319,9.75,1.45
2011.02.02 16:20:59.925,5.72979,5.7319,3.97,1.45
2011.02.02 16:21:00.261,5.72967,5.73153,1.11,1.20
2011.02.02 16:21:00.727,5.72943,5.73162,2.57,1.45
2011.02.02 16:21:01.314,5.72943,5.73133,2.46,1.20
2011.02.02 16:21:01.431,5.72943,5.73142,2.76,1.26
2011.02.02 16:21:01.547,5.72953,5.73152,1.07,2.80
2011.02.02 16:21:02.620,5.72943,5.73142,2.76,1.26
2011.02.02 16:21:02.850,5.72978,5.73152,3.96,2.50
2011.02.02 16:21:03.080,5.72952,5.7316,1.07,4.35
2011.02.02 16:21:03.622,5.72964,5.73152,11.76,1.26
2011.02.02 16:21:03.814,5.72964,5.73162,12.02,3.06
2011.02.02 16:21:05.530,5.72964,5.73172,11.76,1.45
2011.02.02 16:21:06.041,5.72957,5.7317,4.26,4.35
2011.02.02 16:21:06.166,5.72952,5.73152,1.07,1.26
2011.02.02 16:21:06.420,5.72963,5.73162,1.08,1.71
2011.02.02 16:21:09.858,5.72948,5.73152,1.14,1.45
2011.02.02 16:21:10.180,5.72941,5.73112,1.18,1.69
2011.02.02 16:21:10.647,5.72938,5.73102,1.18,3.94
2011.02.02 16:21:10.767,5.72901,5.7308,1.18,1.12
2011.02.02 16:21:11.749,5.72901,5.73094,1.18,3.94
2011.02.02 16:21:12.433,5.72901,5.7308,1.18,1.15
2011.02.02 16:21:13.588,5.72864,5.73041,1.18,2.27
2011.02.02 16:21:14.705,5.72864,5.7305,1.18,1.12
2011.02.02 16:21:15.043,5.72864,5.73081,1.18,4.47
2011.02.02 16:21:15.401,5.72864,5.73072,1.18,1.08
2011.02.02 16:21:16.568,5.72815,5.73031,1.18,2.21
2011.02.02 16:21:17.113,5.72815,5.73023,2.38,1.18
2011.02.02 16:21:17.759,5.72815,5.73022,2.46,1.02
2011.02.02 16:21:18.533,5.72843,5.73024,1.04,1.26
2011.02.02 16:21:18.758,5.72843,5.73023,2.38,1.26
2011.02.02 16:21:19.088,5.72843,5.73035,2.94,1.80
2011.02.02 16:21:20.212,5.72843,5.73026,2.83,1.26
2011.02.02 16:21:21.261,5.72843,5.73033,2.46,1.46
2011.02.02 16:21:22.376,5.72843,5.73031,2.76,1.19
2011.02.02 16:21:23.394,5.72844,5.73038,1.18,1.32
2011.02.02 16:21:23.528,5.72844,5.73063,1.18,1.20
2011.02.02 16:21:23.640,5.72844,5.73042,1.18,1.61
2011.02.02 16:21:24.789,5.72844,5.73032,1.18,1.14
2011.02.02 16:21:25.237,5.72826,5.73027,2.38,1.14
2011.02.02 16:21:25.356,5.72826,5.73018,1.18,1.30
2011.02.02 16:21:25.470,5.72812,5.73018,1.07,1.15
2011.02.02 16:21:26.194,5.72813,5.73016,1.07,1.34
2011.02.02 16:21:26.538,5.72813,5.73023,1.07,1.62
2011.02.02 16:21:26.765,5.72838,5.73039,1.33,1.23
2011.02.02 16:21:26.990,5.72847,5.73039,1.33,1.23
2011.02.02 16:21:27.461,5.72847,5.73035,1.33,1.38
2011.02.02 16:21:29.153,5.72847,5.73035,1.44,1.38
2011.02.02 16:21:29.613,5.72847,5.73035,1.07,1.38
2011.02.02 16:21:29.838,5.72847,5.73044,1.44,1.59
2011.02.02 16:21:30.068,5.72847,5.73044,1.07,1.59
2011.02.02 16:21:31.978,5.72888,5.73093,1.14,1.77
2011.02.02 16:21:32.361,5.72903,5.73093,1.46,1.77
2011.02.02 16:21:33.257,5.72903,5.7309,1.46,1.29
2011.02.02 16:21:34.478,5.72917,5.7309,1.11,1.29
2011.02.02 16:21:35.387,5.72913,5.7309,1.04,1.29
2011.02.02 16:21:35.792,5.72913,5.73085,1.04,1.19
2011.02.02 16:21:36.494,5.72903,5.73085,1.57,1.19
2011.02.02 16:21:36.716,5.72903,5.73085,1.35,1.19
2011.02.02 16:21:37.556,5.72903,5.73085,1.08,1.19
2011.02.02 16:21:37.959,5.72912,5.73085,1.26,1.19
2011.02.02 16:21:38.432,5.72917,5.73085,1.11,1.19
2011.02.02 16:21:39.358,5.72929,5.73102,1.27,1.29
2011.02.02 16:21:39.475,5.72937,5.73117,1.07,1.77
2011.02.02 16:21:39.702,5.72938,5.73117,1.26,1.77
2011.02.02 16:21:40.078,5.72938,5.73113,1.26,1.19
2011.02.02 16:21:40.197,5.72938,5.73128,1.33,1.22
2011.02.02 16:21:40.310,5.72934,5.73128,1.08,1.22
2011.02.02 16:21:40.429,5.72938,5.73115,1.11,1.35
2011.02.02 16:21:41.350,5.72938,5.73115,1.71,1.35
2011.02.02 16:21:42.859,5.72933,5.73114,1.16,1.69
2011.02.02 16:21:43.301,5.72921,5.73096,4.56,1.15
2011.02.02 16:21:43.730,5.72938,5.73096,1.34,1.15
2011.02.02 16:21:44.280,5.72948,5.73099,1.20,1.19
2011.02.02 16:21:44.498,5.72938,5.73099,1.71,1.19
2011.02.02 16:21:44.608,5.72938,5.73099,1.11,1.19
2011.02.02 16:21:44.721,5.72947,5.73105,1.20,1.26
2011.02.02 16:21:44.837,5.72948,5.73139,1.74,1.39
2011.02.02 16:21:45.318,5.72947,5.73122,1.20,1.22
2011.02.02 16:21:45.433,5.72949,5.73137,1.36,1.53
2011.02.02 16:21:45.549,5.72937,5.73137,1.07,1.53
2011.02.02 16:21:45.670,5.72943,5.73137,1.27,1.53
2011.02.02 16:21:46.185,5.72934,5.73131,1.08,1.73
2011.02.02 16:21:46.298,5.72938,5.73131,1.11,1.73
2011.02.02 16:21:46.627,5.72938,5.73116,1.11,5.03
2011.02.02 16:21:47.084,5.72879,5.73057,1.14,1.15
2011.02.02 16:21:47.200,5.72886,5.73057,4.68,1.15
2011.02.02 16:21:47.663,5.72897,5.73071,4.49,1.15
2011.02.02 16:21:47.786,5.72947,5.73107,1.20,1.02
2011.02.02 16:21:47.897,5.72937,5.73107,1.11,1.02
2011.02.02 16:21:48.340,5.72932,5.73107,1.04,1.02
2011.02.02 16:21:48.455,5.72932,5.73101,1.04,1.36
2011.02.02 16:21:49.303,5.72937,5.73101,1.71,1.36
2011.02.02 16:21:49.668,5.72937,5.73108,1.11,1.12
2011.02.02 16:21:51.163,5.72957,5.73111,1.20,1.32
2011.02.02 16:21:51.280,5.72937,5.73138,1.11,1.59
2011.02.02 16:21:51.401,5.72947,5.73138,1.14,1.59
2011.02.02 16:21:52.270,5.72947,5.73125,1.14,1.26
2011.02.02 16:21:52.394,5.72937,5.7312,1.11,1.12
2011.02.02 16:21:52.623,5.72937,5.7312,1.11,1.12
2011.02.02 16:21:53.174,5.72937,5.7312,1.11,1.12
2011.02.02 16:21:54.271,5.72968,5.73113,1.20,1.23
2011.02.02 16:21:54.722,5.72924,5.73113,4.35,1.23
2011.02.02 16:21:54.842,5.7295,5.73124,1.65,1.74
2011.02.02 16:21:55.828,5.72954,5.73127,11.85,1.64
2011.02.02 16:21:55.938,5.72954,5.73127,11.85,1.09
2011.02.02 16:21:56.596,5.7296,5.73148,4.35,1.15
2011.02.02 16:21:56.716,5.7296,5.73153,4.35,1.23
2011.02.02 16:21:56.940,5.72959,5.73153,4.17,1.23
2011.02.02 16:21:57.172,5.72968,5.73153,1.20,1.23
2011.02.02 16:21:58.537,5.72978,5.73153,1.20,1.23
2011.02.02 16:21:58.648,5.72978,5.73154,1.20,1.30
2011.02.02 16:21:59.196,5.72962,5.73164,10.51,1.77
2011.02.02 16:22:00.038,5.72962,5.73162,10.51,1.58
2011.02.02 16:22:00.153,5.72977,5.73161,1.20,1.43
2011.02.02 16:22:00.618,5.72962,5.73161,1.14,1.43
2011.02.02 16:22:01.185,5.72949,5.73157,1.14,1.85
2011.02.02 16:22:01.409,5.72949,5.7314,1.14,1.45
2011.02.02 16:22:01.749,5.72941,5.7314,10.12,1.45
2011.02.02 16:22:02.183,5.72941,5.73143,10.12,1.23
2011.02.02 16:22:02.301,5.72941,5.73149,10.12,1.38
2011.02.02 16:22:02.577,5.72941,5.73149,9.75,1.38
2011.02.02 16:22:03.214,5.72949,5.73149,1.36,1.38
2011.02.02 16:22:04.047,5.72954,5.73149,11.85,1.38
2011.02.02 16:22:04.164,5.72963,5.73159,1.14,1.63
2011.02.02 16:22:04.278,5.72963,5.73159,1.14,1.63
2011.02.02 16:22:04.528,5.72968,5.73159,1.20,1.63
2011.02.02 16:22:05.191,5.72962,5.73158,9.79,1.64
2011.02.02 16:22:05.315,5.7293,5.73139,1.14,1.30
2011.02.02 16:22:05.649,5.7293,5.73139,1.36,1.64
2011.02.02 16:22:06.193,5.72921,5.73133,9.90,1.23
2011.02.02 16:22:08.507,5.72921,5.73138,10.12,1.55
2011.02.02 16:22:09.693,5.72921,5.73113,3.97,1.71
2011.02.02 16:22:09.809,5.72908,5.73112,4.27,1.05
2011.02.02 16:22:10.611,5.729,5.73112,4.27,1.50
2011.02.02 16:22:11.713,5.729,5.73102,3.97,1.26
2011.02.02 16:22:11.835,5.72884,5.73097,1.26,2.54
2011.02.02 16:22:11.950,5.72887,5.73095,1.07,1.13
2011.02.02 16:22:12.722,5.72887,5.73096,1.07,1.11
2011.02.02 16:22:13.059,5.72887,5.73066,1.11,1.08
2011.02.02 16:22:13.519,5.72898,5.73066,1.20,1.08
2011.02.02 16:22:13.749,5.72914,5.73066,4.50,1.08
2011.02.02 16:22:14.470,5.72891,5.73096,3.97,1.12
2011.02.02 16:22:14.699,5.72878,5.73091,9.96,1.09
2011.02.02 16:22:15.058,5.7288,5.73087,1.05,1.42
2011.02.02 16:22:15.393,5.72878,5.73065,4.18,1.08
2011.02.02 16:22:15.857,5.72866,5.73065,3.75,1.08
2011.02.02 16:22:15.972,5.72879,5.73067,3.75,1.09
2011.02.02 16:22:16.479,5.72879,5.73067,10.20,1.09
2011.02.02 16:22:16.922,5.72879,5.73067,9.98,1.09
2011.02.02 16:22:17.044,5.72879,5.73082,9.98,1.64
2011.02.02 16:22:17.500,5.72879,5.73082,3.90,1.64
2011.02.02 16:22:17.622,5.72866,5.73073,9.60,1.30
2011.02.02 16:22:19.739,5.72867,5.73067,1.20,1.09
2011.02.02 16:22:19.968,5.72866,5.73067,9.60,1.09
2011.02.02 16:22:20.531,5.72857,5.73073,9.60,2.35
2011.02.02 16:22:20.651,5.7284,5.73049,1.05,1.05
2011.02.02 16:22:21.230,5.72842,5.73049,1.04,1.09
2011.02.02 16:22:21.589,5.72848,5.73049,1.20,1.09
2011.02.02 16:22:22.491,5.72842,5.73049,1.04,1.09
2011.02.02 16:22:23.800,5.72868,5.73049,1.20,1.09
2011.02.02 16:22:25.051,5.72857,5.73017,1.20,1.26
2011.02.02 16:22:25.173,5.72837,5.73015,10.14,1.32
2011.02.02 16:22:25.292,5.72837,5.73013,3.75,1.30
2011.02.02 16:22:25.412,5.72803,5.73011,9.98,1.09
2011.02.02 16:22:26.398,5.72824,5.73024,21.23,1.09
2011.02.02 16:22:27.880,5.72824,5.73024,21.23,1.09
2011.02.02 16:22:28.002,5.72815,5.73024,1.14,1.09
2011.02.02 16:22:28.453,5.72838,5.73029,1.20,1.15
2011.02.02 16:22:28.570,5.72834,5.73034,9.98,1.43
2011.02.02 16:22:28.692,5.72825,5.73028,9.98,1.02
2011.02.02 16:22:28.919,5.72825,5.73028,9.98,1.77
2011.02.02 16:22:29.477,5.72825,5.73028,9.60,1.77
2011.02.02 16:22:29.666,5.72825,5.73028,9.98,1.77
2011.02.02 16:22:29.996,5.72825,5.73028,9.60,1.77
2011.02.02 16:22:30.484,5.72825,5.73028,9.98,1.77
2011.02.02 16:22:31.347,5.72825,5.73028,9.98,1.77
2011.02.02 16:22:31.510,5.72825,5.73028,9.98,1.77
2011.02.02 16:22:31.690,5.72825,5.73028,9.60,1.77
2011.02.02 16:22:32.152,5.72828,5.73028,1.20,1.77
2011.02.02 16:22:32.272,5.72825,5.73028,9.83,1.67
2011.02.02 16:22:32.497,5.72828,5.73028,1.20,1.67
2011.02.02 16:22:34.480,5.72826,5.73019,1.14,1.02
2011.02.02 16:22:35.404,5.72826,5.73019,1.14,1.02
2011.02.02 16:22:37.074,5.72817,5.73019,10.51,1.02
2011.02.02 16:22:37.190,5.72826,5.73019,1.14,1.02
2011.02.02 16:22:37.799,5.72838,5.73019,1.20,1.02
2011.02.02 16:22:39.000,5.72827,5.73019,1.20,1.02
2011.02.02 16:22:39.331,5.72826,5.73019,1.14,1.02
2011.02.02 16:22:39.828,5.72848,5.73019,1.20,1.02
2011.02.02 16:22:39.938,5.72826,5.73031,1.14,1.70
2011.02.02 16:22:40.358,5.72837,5.73031,1.20,1.70
2011.02.02 16:22:41.353,5.72827,5.73031,1.20,1.70
2011.02.02 16:22:41.671,5.72826,5.73031,1.14,1.70
2011.02.02 16:22:42.351,5.72826,5.73031,1.14,1.70
2011.02.02 16:22:42.801,5.72826,5.73031,1.14,1.70
2011.02.02 16:22:43.491,5.72844,5.73046,1.14,1.53
2011.02.02 16:22:44.190,5.72847,5.73046,1.20,1.53
2011.02.02 16:22:44.645,5.72847,5.73053,1.11,1.74
2011.02.02 16:22:44.764,5.72847,5.73044,1.11,1.12
2011.02.02 16:22:44.885,5.72827,5.73037,1.20,2.62
2011.02.02 16:22:45.237,5.72826,5.73036,1.14,1.70
2011.02.02 16:22:45.750,5.72826,5.73036,1.14,1.70
2011.02.02 16:22:46.298,5.72838,5.73036,1.20,1.70
2011.02.02 16:22:46.923,5.72826,5.73036,1.14,1.70
2011.02.02 16:22:47.284,5.72837,5.7303,1.14,1.08
2011.02.02 16:22:47.628,5.72858,5.73035,1.20,1.70
2011.02.02 16:22:49.028,5.72847,5.73035,1.20,1.70
2011.02.02 16:22:49.356,5.72843,5.73035,1.14,1.70
2011.02.02 16:22:49.784,5.72843,5.73038,1.14,1.26
2011.02.02 16:22:49.970,5.72848,5.73038,1.20,1.26
2011.02.02 16:22:50.461,5.72843,5.73038,1.14,1.26
2011.02.02 16:22:51.357,5.72867,5.73038,1.20,1.26
2011.02.02 16:22:51.475,5.72867,5.73054,1.74,1.19
2011.02.02 16:22:51.587,5.72888,5.73054,1.20,1.19
2011.02.02 16:22:51.811,5.72887,5.73073,1.20,1.53
2011.02.02 16:22:52.220,5.72907,5.73073,1.20,1.53
2011.02.02 16:22:52.346,5.72883,5.73073,1.14,1.40
2011.02.02 16:22:53.642,5.72883,5.73067,1.14,1.05
2011.02.02 16:22:53.758,5.72878,5.73067,1.14,1.05
2011.02.02 16:22:53.868,5.72861,5.73067,2.82,1.05
2011.02.02 16:22:54.350,5.72857,5.7306,1.14,1.05
2011.02.02 16:22:54.696,5.72867,5.7306,1.20,1.05
2011.02.02 16:22:56.649,5.72877,5.7306,1.20,1.05
2011.02.02 16:22:57.146,5.72866,5.7306,1.14,1.05
2011.02.02 16:22:57.369,5.72858,5.73062,1.14,1.56
2011.02.02 16:22:57.941,5.72847,5.73048,1.41,1.26
2011.02.02 16:22:58.055,5.72849,5.73048,1.36,1.26
2011.02.02 16:22:58.168,5.72847,5.73048,1.41,1.26
2011.02.02 16:22:58.858,5.72847,5.73048,1.65,1.26
2011.02.02 16:22:58.980,5.72847,5.73048,1.41,1.26
2011.02.02 16:22:59.394,5.72848,5.73048,1.14,1.26
2011.02.02 16:23:00.067,5.72847,5.73048,1.65,1.26
2011.02.02 16:23:00.198,5.72847,5.73048,1.41,1.26
2011.02.02 16:23:00.615,5.72848,5.73048,1.14,1.26
2011.02.02 16:23:00.835,5.72847,5.73039,1.07,1.02
2011.02.02 16:23:01.218,5.72847,5.73041,1.07,1.08
2011.02.02 16:23:01.332,5.72833,5.73047,1.07,1.05
2011.02.02 16:23:01.467,5.72847,5.7305,1.41,1.56
2011.02.02 16:23:01.907,5.72838,5.73047,1.33,1.31
2011.02.02 16:23:02.485,5.72818,5.73021,3.97,1.26
2011.02.02 16:23:02.601,5.72818,5.73023,3.97,1.02
2011.02.02 16:23:03.047,5.72818,5.73027,10.32,1.29
2011.02.02 16:23:04.571,5.72848,5.73032,1.20,1.50
2011.02.02 16:23:05.128,5.72855,5.73039,11.85,1.35
2011.02.02 16:23:05.246,5.72847,5.73038,1.07,1.02
2011.02.02 16:23:05.356,5.7285,5.73038,1.36,1.02
2011.02.02 16:23:05.927,5.7285,5.73038,1.14,1.02
2011.02.02 16:23:06.048,5.7287,5.73061,10.12,1.39
2011.02.02 16:23:06.159,5.72878,5.73047,3.98,1.19
2011.02.02 16:23:07.051,5.72857,5.73047,1.14,1.19
2011.02.02 16:23:07.870,5.72866,5.73047,1.14,1.19
2011.02.02 16:23:09.388,5.72866,5.73047,1.14,1.19
2011.02.02 16:23:09.838,5.72866,5.73051,1.14,1.19
2011.02.02 16:23:11.950,5.72866,5.73051,1.14,1.19
2011.02.02 16:23:12.068,5.72858,5.73051,1.14,1.19
2011.02.02 16:23:12.336,5.72866,5.73051,1.14,1.19
2011.02.02 16:23:12.666,5.72866,5.73051,1.14,1.19
2011.02.02 16:23:13.220,5.72868,5.73051,1.20,1.19
2011.02.02 16:23:13.735,5.72866,5.73051,1.14,1.19
2011.02.02 16:23:14.512,5.72866,5.73051,1.14,1.19
2011.02.02 16:23:14.743,5.72866,5.73051,1.14,1.19
2011.02.02 16:23:15.727,5.72868,5.73051,1.20,1.19
2011.02.02 16:23:15.837,5.72866,5.73051,1.14,1.19
2011.02.02 16:23:16.515,5.72866,5.73051,1.14,1.19
2011.02.02 16:23:17.981,5.72837,5.73032,1.20,1.53
2011.02.02 16:23:18.104,5.72841,5.73037,1.36,1.40
2011.02.02 16:23:18.219,5.72841,5.73031,1.36,1.22
2011.02.02 16:23:18.343,5.72824,5.73031,1.14,1.22
2011.02.02 16:23:20.007,5.72824,5.73032,1.14,1.53
2011.02.02 16:23:22.197,5.72837,5.73032,1.20,1.53
2011.02.02 16:23:22.845,5.72858,5.7304,1.20,1.77
2011.02.02 16:23:22.967,5.7285,5.7305,1.36,1.34
2011.02.02 16:23:23.079,5.72868,5.7305,1.20,1.34
2011.02.02 16:23:23.790,5.72858,5.7305,1.20,1.34
2011.02.02 16:23:24.174,5.7285,5.7305,1.14,1.34
2011.02.02 16:23:25.549,5.72877,5.73059,1.20,1.47
2011.02.02 16:23:27.287,5.72867,5.73065,1.14,1.26
2011.02.02 16:23:27.616,5.72867,5.73055,1.14,1.35
2011.02.02 16:23:30.247,5.72867,5.73055,1.14,1.35
2011.02.02 16:23:30.356,5.72867,5.73055,1.14,1.35
2011.02.02 16:23:30.836,5.72854,5.73048,11.85,1.02
2011.02.02 16:23:30.948,5.72854,5.73048,11.85,1.02
2011.02.02 16:23:31.057,5.72854,5.73057,11.85,1.10
2011.02.02 16:23:31.776,5.72867,5.73057,1.14,1.10
2011.02.02 16:23:33.685,5.72888,5.73057,1.20,1.10
2011.02.02 16:23:35.904,5.72867,5.73057,1.14,1.10
2011.02.02 16:23:36.215,5.72877,5.73066,1.14,1.52
2011.02.02 16:23:37.129,5.72867,5.73066,9.93,1.52
2011.02.02 16:23:37.320,5.72872,5.73066,1.27,1.52
2011.02.02 16:23:38.651,5.72867,5.73066,9.93,1.71
2011.02.02 16:23:38.771,5.72867,5.73049,9.60,1.44
2011.02.02 16:23:39.107,5.72848,5.73049,1.65,1.44
2011.02.02 16:23:39.488,5.72848,5.73039,1.65,1.07
2011.02.02 16:23:39.774,5.72847,5.73042,1.11,1.34
2011.02.02 16:23:39.886,5.72829,5.73042,2.83,1.34
2011.02.02 16:23:39.996,5.72837,5.73042,1.14,1.34
2011.02.02 16:23:40.486,5.72826,5.73036,9.98,1.64
2011.02.02 16:23:41.047,5.72826,5.73035,9.98,1.87
2011.02.02 16:23:41.266,5.72826,5.73036,9.98,1.64
2011.02.02 16:23:42.317,5.72826,5.73035,9.98,1.67
2011.02.02 16:23:43.468,5.72832,5.73041,1.27,1.50
2011.02.02 16:23:43.868,5.72827,5.73034,1.20,1.35
2011.02.02 16:23:45.612,5.72824,5.73034,1.14,1.35
2011.02.02 16:23:45.731,5.72824,5.73034,1.14,1.35
2011.02.02 16:23:46.199,5.72838,5.73034,1.20,1.35
2011.02.02 16:23:46.632,5.72838,5.73033,1.20,1.50
2011.02.02 16:23:47.101,5.72843,5.73039,1.36,1.50
2011.02.02 16:23:47.331,5.72838,5.73022,1.20,2.07
2011.02.02 16:23:47.450,5.72827,5.73022,1.14,2.07
2011.02.02 16:23:47.981,5.72826,5.73016,1.14,1.15
2011.02.02 16:23:55.603,5.72826,5.73016,1.14,1.15
2011.02.02 16:23:56.260,5.72838,5.73016,1.20,1.15
2011.02.02 16:23:57.308,5.72826,5.73016,1.14,1.15
2011.02.02 16:23:57.661,5.72817,5.73016,1.14,1.15
2011.02.02 16:23:57.779,5.72811,5.73004,1.14,1.32
2011.02.02 16:23:58.315,5.72815,5.73019,11.85,1.50
2011.02.02 16:23:59.448,5.72814,5.73006,9.98,1.29
2011.02.02 16:23:59.681,5.72808,5.73006,1.14,1.29
2011.02.02 16:23:59.802,5.72807,5.73013,1.07,1.60
2011.02.02 16:24:00.530,5.72808,5.73013,1.14,1.53
2011.02.02 16:24:00.788,5.72807,5.73013,1.18,2.84
2011.02.02 16:24:01.001,5.72808,5.73013,1.14,1.53
2011.02.02 16:24:01.788,5.72807,5.73013,1.41,1.68
2011.02.02 16:24:02.126,5.72808,5.73013,1.14,1.53
2011.02.02 16:24:02.774,5.72807,5.73013,1.07,1.60
2011.02.02 16:24:02.910,5.72808,5.73013,1.14,1.53
2011.02.02 16:24:04.563,5.72807,5.73013,1.07,1.60
2011.02.02 16:24:04.855,5.72808,5.73013,1.14,1.53
2011.02.02 16:24:05.992,5.72807,5.73013,1.18,2.84
2011.02.02 16:24:06.687,5.72807,5.73013,1.07,1.60
2011.02.02 16:24:06.928,5.72808,5.73013,1.74,1.53
2011.02.02 16:24:07.459,5.72814,5.73013,11.85,1.53
2011.02.02 16:24:08.159,5.72838,5.73019,1.20,1.80
2011.02.02 16:24:10.026,5.72828,5.73006,1.20,1.08
2011.02.02 16:24:10.778,5.72807,5.73006,1.65,1.08
2011.02.02 16:24:12.966,5.72818,5.73006,1.20,1.08
2011.02.02 16:24:13.298,5.72818,5.73005,1.20,1.47
2011.02.02 16:24:13.737,5.72807,5.72994,1.11,1.28
2011.02.02 16:24:13.858,5.72788,5.72966,1.11,1.09
2011.02.02 16:24:13.982,5.72788,5.72983,1.11,2.28
2011.02.02 16:24:14.499,5.72797,5.72985,1.20,1.66
2011.02.02 16:24:14.625,5.72778,5.72975,1.20,1.03
2011.02.02 16:24:14.739,5.72768,5.72975,1.46,2.03
2011.02.02 16:24:14.860,5.72768,5.72979,1.46,1.63
2011.02.02 16:24:15.399,5.72773,5.72983,9.93,1.33
2011.02.02 16:24:15.524,5.72768,5.72982,10.44,1.08
2011.02.02 16:24:15.637,5.72773,5.72987,1.05,1.15
2011.02.02 16:24:16.521,5.72768,5.72992,10.63,1.80
2011.02.02 16:24:16.869,5.72807,5.73002,1.44,1.29
2011.02.02 16:24:17.684,5.72807,5.73002,1.41,1.29
2011.02.02 16:24:18.488,5.72773,5.72992,4.27,2.08
2011.02.02 16:24:18.597,5.72773,5.72982,3.97,1.26
2011.02.02 16:24:18.817,5.72773,5.72992,10.12,1.86
2011.02.02 16:24:19.409,5.72773,5.72992,9.82,3.72
2011.02.02 16:24:19.667,5.72782,5.72992,1.05,1.63
2011.02.02 16:24:20.448,5.72782,5.72993,1.05,1.48
2011.02.02 16:24:21.379,5.72782,5.73001,10.31,1.29
2011.02.02 16:24:21.717,5.72798,5.73001,1.14,1.29
2011.02.02 16:24:22.343,5.728,5.73001,1.14,1.29
2011.02.02 16:24:22.637,5.72798,5.73001,1.14,1.29
2011.02.02 16:24:23.011,5.72807,5.73001,1.20,1.29
2011.02.02 16:24:24.124,5.72798,5.73001,1.14,1.29
2011.02.02 16:24:24.251,5.72782,5.72993,10.65,1.04
2011.02.02 16:24:24.856,5.72782,5.72993,10.65,1.04
2011.02.02 16:24:25.916,5.72782,5.73,10.31,1.70
2011.02.02 16:24:26.085,5.72782,5.72997,10.12,1.04
2011.02.02 16:24:26.879,5.72782,5.72996,10.12,1.50
2011.02.02 16:24:27.107,5.72782,5.72997,10.12,1.04
2011.02.02 16:24:28.878,5.72804,5.73009,4.79,1.56
2011.02.02 16:24:28.998,5.72823,5.73014,1.36,1.22
2011.02.02 16:24:29.401,5.72818,5.73019,2.62,1.29
2011.02.02 16:24:29.527,5.72858,5.73051,1.14,1.22
2011.02.02 16:24:29.858,5.72866,5.73053,1.14,1.05
2011.02.02 16:24:30.389,5.72858,5.73053,1.14,1.05
2011.02.02 16:24:33.329,5.72865,5.73059,10.14,1.29
2011.02.02 16:24:33.436,5.72865,5.73059,9.93,1.29
2011.02.02 16:24:35.378,5.72868,5.7307,9.93,1.42
2011.02.02 16:24:35.587,5.72868,5.73072,9.93,1.54
2011.02.02 16:24:38.663,5.72878,5.73088,1.14,1.50
2011.02.02 16:24:38.893,5.72901,5.73094,10.30,1.09
2011.02.02 16:24:39.011,5.72903,5.73102,1.14,1.29
2011.02.02 16:24:39.374,5.72903,5.73108,1.14,1.35
2011.02.02 16:24:39.898,5.7289,5.73108,2.81,1.35
2011.02.02 16:24:40.076,5.7289,5.73108,2.62,2.53
2011.02.02 16:24:40.346,5.7289,5.73108,2.70,1.35
2011.02.02 16:24:40.812,5.7289,5.73107,2.62,1.01
2011.02.02 16:24:41.529,5.72888,5.73091,1.18,1.57
2011.02.02 16:24:41.648,5.72888,5.73088,1.18,2.27
2011.02.02 16:24:42.175,5.72872,5.73088,2.57,1.86
2011.02.02 16:24:42.896,5.72877,5.73088,1.33,1.08
2011.02.02 16:24:43.009,5.72888,5.73097,1.41,1.31
2011.02.02 16:24:43.507,5.72904,5.73096,4.93,1.16
2011.02.02 16:24:43.839,5.72915,5.73103,4.93,2.94
2011.02.02 16:24:43.957,5.72915,5.73109,4.93,2.10
2011.02.02 16:24:44.772,5.72915,5.73107,4.93,1.23
2011.02.02 16:24:45.861,5.72893,5.73097,2.57,1.26
2011.02.02 16:24:45.982,5.72914,5.73103,11.83,1.02
2011.02.02 16:24:46.337,5.72914,5.73107,12.13,1.16
2011.02.02 16:24:46.452,5.72914,5.73107,11.76,2.61
2011.02.02 16:24:46.938,5.72927,5.73107,1.08,1.16
2011.02.02 16:24:47.663,5.72914,5.73107,12.13,2.54
2011.02.02 16:24:47.776,5.72927,5.73107,1.08,1.16
2011.02.02 16:24:48.285,5.7293,5.73118,1.27,1.08
2011.02.02 16:24:49.259,5.7293,5.73123,1.27,3.33
2011.02.02 16:24:52.173,5.72962,5.73148,1.26,1.05
2011.02.02 16:24:52.294,5.72967,5.73158,1.11,1.24
2011.02.02 16:24:53.709,5.72947,5.73154,1.35,1.08
2011.02.02 16:24:54.158,5.72947,5.73154,1.46,1.45
2011.02.02 16:24:54.585,5.72947,5.73142,1.42,1.20
2011.02.02 16:24:54.699,5.72947,5.73154,1.46,1.45
2011.02.02 16:24:54.819,5.72962,5.73154,1.26,1.30
2011.02.02 16:24:55.047,5.72947,5.73158,1.46,2.48
2011.02.02 16:24:57.406,5.72947,5.73158,1.46,2.29
2011.02.02 16:24:57.627,5.72967,5.73159,1.08,1.26
2011.02.02 16:25:00.858,5.72949,5.73122,1.18,1.20
2011.02.02 16:25:01.366,5.72913,5.73144,1.07,2.48
2011.02.02 16:25:02.371,5.72927,5.73123,1.33,1.20
2011.02.02 16:25:02.488,5.72919,5.73144,10.07,2.48
2011.02.02 16:25:02.771,5.72928,5.73122,1.33,1.20
2011.02.02 16:25:03.496,5.72947,5.73155,1.08,1.45
2011.02.02 16:25:03.612,5.72933,5.73155,1.07,1.45
2011.02.02 16:25:04.097,5.72932,5.73155,10.07,1.45
2011.02.02 16:25:04.719,5.72919,5.73113,10.33,1.20
2011.02.02 16:25:04.952,5.72953,5.73144,1.04,2.33
2011.02.02 16:25:05.071,5.72963,5.73159,1.04,2.70
2011.02.02 16:25:05.616,5.72957,5.73153,1.42,1.20
2011.02.02 16:25:06.745,5.72968,5.73159,1.07,1.26
2011.02.02 16:25:07.049,5.72968,5.7318,1.08,2.48
2011.02.02 16:25:08.354,5.7296,5.7318,10.07,2.48
2011.02.02 16:25:08.578,5.72967,5.7318,1.08,2.48
2011.02.02 16:25:08.817,5.7296,5.7318,10.07,2.48
2011.02.02 16:25:09.816,5.7296,5.73142,4.18,1.20
2011.02.02 16:25:10.150,5.72933,5.73166,1.18,2.48
2011.02.02 16:25:10.572,5.72933,5.73103,1.18,1.20
2011.02.02 16:25:10.698,5.72955,5.73149,1.42,4.58
2011.02.02 16:25:10.823,5.72951,5.73133,4.18,1.20
2011.02.02 16:25:11.458,5.72947,5.73143,1.33,1.20
2011.02.02 16:25:11.927,5.72938,5.73132,1.33,1.20
2011.02.02 16:25:12.450,5.72947,5.73143,1.33,1.20
2011.02.02 16:25:12.574,5.72937,5.73133,1.33,1.20
2011.02.02 16:25:12.797,5.72947,5.73143,1.33,1.20
2011.02.02 16:25:13.794,5.7297,5.73161,1.05,1.68
2011.02.02 16:25:14.670,5.72954,5.73168,12.13,1.45
2011.02.02 16:25:17.841,5.7297,5.73162,1.05,1.20
2011.02.02 16:25:17.957,5.72958,5.73152,1.33,1.20
2011.02.02 16:25:19.598,5.7297,5.73162,1.05,1.20
2011.02.02 16:25:20.488,5.72958,5.73152,1.33,1.20
2011.02.02 16:25:21.639,5.72968,5.73168,1.08,1.45
2011.02.02 16:25:21.756,5.72958,5.73152,1.33,1.20
2011.02.02 16:25:22.298,5.72937,5.73133,1.33,1.20
2011.02.02 16:25:23.478,5.72933,5.73122,2.83,1.20
2011.02.02 16:25:24.048,5.72933,5.73102,1.18,1.20
2011.02.02 16:25:24.881,5.72919,5.73082,4.18,1.20
2011.02.02 16:25:25.121,5.7293,5.73072,1.93,1.20
2011.02.02 16:25:25.242,5.7293,5.73102,1.93,1.20
2011.02.02 16:25:25.762,5.72932,5.73143,10.07,2.48
2011.02.02 16:25:25.887,5.72909,5.73128,9.75,1.08
2011.02.02 16:25:26.110,5.72916,5.73133,4.18,1.98
2011.02.02 16:25:26.708,5.72916,5.73138,4.05,1.08
2011.02.02 16:25:27.865,5.72893,5.73088,3.97,1.08
2011.02.02 16:25:37.329,5.72872,5.73098,10.12,1.08
2011.02.02 16:25:37.596,5.72872,5.73102,10.20,2.76
2011.02.02 16:25:37.991,5.72872,5.73093,10.65,1.23
2011.02.02 16:25:40.011,5.72872,5.73102,10.20,2.76
2011.02.02 16:25:41.764,5.72894,5.73118,9.93,1.45
2011.02.02 16:25:42.345,5.72906,5.73113,4.12,1.23
2011.02.02 16:25:42.466,5.72894,5.73092,3.97,1.23
2011.02.02 16:25:43.442,5.72922,5.73137,1.27,1.45
2011.02.02 16:25:43.778,5.72928,5.73137,1.36,1.30
2011.02.02 16:25:44.233,5.72935,5.73155,12.18,2.13
2011.02.02 16:25:46.081,5.72952,5.73155,1.27,2.05
2011.02.02 16:25:46.762,5.7293,5.73158,2.62,1.08
2011.02.02 16:25:52.198,5.72941,5.73143,3.97,1.23
2011.02.02 16:25:55.088,5.72954,5.73158,3.97,1.08
2011.02.02 16:25:59.367,5.72954,5.73123,3.97,1.60
2011.02.02 16:25:59.771,5.72922,5.73123,4.72,1.60
2011.02.02 16:25:59.894,5.72922,5.73123,3.97,1.98
2011.02.02 16:26:00.780,5.72922,5.73128,3.97,1.38
2011.02.02 16:26:01.005,5.72922,5.73123,3.97,2.58
2011.02.02 16:26:01.610,5.72922,5.73123,3.97,1.60
2011.02.02 16:26:02.876,5.72922,5.73132,9.90,1.23
2011.02.02 16:26:03.452,5.72922,5.73123,3.97,1.98
2011.02.02 16:26:03.592,5.72895,5.73107,1.05,1.08
2011.02.02 16:26:06.096,5.72908,5.73126,1.12,2.76
2011.02.02 16:26:08.818,5.72897,5.73092,1.72,1.23
2011.02.02 16:26:09.606,5.72905,5.73108,3.75,2.95
2011.02.02 16:26:09.726,5.72905,5.73108,4.65,2.73
2011.02.02 16:26:10.059,5.72912,5.73128,4.12,1.08
2011.02.02 16:26:10.633,5.729,5.73102,3.97,1.23
2011.02.02 16:26:12.042,5.729,5.73126,10.12,1.38
2011.02.02 16:26:12.162,5.72907,5.73126,1.14,1.38
2011.02.02 16:26:12.771,5.72912,5.73128,4.12,1.08
2011.02.02 16:26:12.895,5.72913,5.73127,1.36,1.60
2011.02.02 16:26:13.012,5.72913,5.73132,1.27,1.23
2011.02.02 16:26:13.657,5.72912,5.73141,10.20,2.58
2011.02.02 16:26:14.558,5.72912,5.73141,10.20,2.58
2011.02.02 16:26:14.675,5.72952,5.73163,1.36,1.45
2011.02.02 16:26:14.897,5.72945,5.73163,11.81,2.76
2011.02.02 16:26:15.117,5.72945,5.73153,4.87,1.23
2011.02.02 16:26:16.495,5.72945,5.73163,11.81,2.76
2011.02.02 16:26:16.898,5.72912,5.73122,4.72,1.20
2011.02.02 16:26:17.907,5.72912,5.73112,4.72,1.20
2011.02.02 16:26:18.022,5.72912,5.73123,4.72,1.98
2011.02.02 16:26:19.597,5.72916,5.73123,1.05,1.60
2011.02.02 16:26:22.007,5.72944,5.73148,4.50,1.08
2011.02.02 16:26:22.119,5.72944,5.7315,11.70,1.30
2011.02.02 16:26:22.581,5.72944,5.73152,4.87,1.23
2011.02.02 16:26:22.807,5.72944,5.73163,12.15,1.23
2011.02.02 16:26:23.627,5.72953,5.73164,1.36,1.45
2011.02.02 16:26:23.742,5.72944,5.73147,4.72,1.08
2011.02.02 16:26:24.930,5.72944,5.73164,11.81,2.76
2011.02.02 16:26:25.160,5.72954,5.73153,3.97,1.23
2011.02.02 16:26:25.281,5.72942,5.73148,4.72,1.08
2011.02.02 16:26:25.801,5.72933,5.73138,4.72,1.38
2011.02.02 16:26:26.538,5.72948,5.73152,1.12,1.23
2011.02.02 16:26:26.923,5.72952,5.73183,1.27,1.23
2011.02.02 16:26:27.047,5.72985,5.73193,4.87,1.23
2011.02.02 16:26:30.220,5.72962,5.73183,1.27,1.23
2011.02.02 16:26:31.348,5.72957,5.73176,1.14,1.30
2011.02.02 16:26:31.567,5.72965,5.73176,1.14,1.30
2011.02.02 16:26:31.787,5.72958,5.73176,1.14,1.30
2011.02.02 16:26:32.192,5.72958,5.73163,1.14,1.60
2011.02.02 16:26:33.190,5.72965,5.73176,1.14,2.76
2011.02.02 16:26:33.574,5.72958,5.73163,1.14,1.60
2011.02.02 16:26:33.687,5.72965,5.73176,1.14,2.65
2011.02.02 16:26:34.337,5.72965,5.73173,1.14,1.15
2011.02.02 16:26:36.864,5.72957,5.73163,1.14,1.98
2011.02.02 16:26:37.386,5.72963,5.73162,1.36,1.20
2011.02.02 16:26:38.105,5.72968,5.73163,1.20,1.83
2011.02.02 16:26:38.770,5.72958,5.73163,1.14,1.98
2011.02.02 16:26:45.419,5.72998,5.73176,1.20,1.30
2011.02.02 16:26:45.888,5.72998,5.73205,1.14,4.64
2011.02.02 16:26:46.014,5.72997,5.73198,1.14,1.08
2011.02.02 16:26:46.765,5.72993,5.73182,1.05,1.23
2011.02.02 16:26:48.392,5.72983,5.73172,1.05,1.23
2011.02.02 16:26:48.507,5.72977,5.73163,9.82,1.60
2011.02.02 16:26:48.838,5.72983,5.73172,1.36,1.23
2011.02.02 16:26:49.167,5.72958,5.73144,1.14,3.75
2011.02.02 16:26:49.275,5.7294,5.73144,2.62,3.75
2011.02.02 16:26:49.386,5.7294,5.73139,2.62,3.75
2011.02.02 16:26:49.841,5.72937,5.73139,1.07,3.75
2011.02.02 16:26:50.150,5.72943,5.73139,1.27,4.05
2011.02.02 16:26:50.377,5.72927,5.73139,3.23,3.75
2011.02.02 16:26:50.488,5.72966,5.73161,3.75,2.29
2011.02.02 16:26:50.847,5.72966,5.73163,4.72,1.98
2011.02.02 16:26:51.066,5.72975,5.73173,3.97,1.15
2011.02.02 16:26:51.521,5.72975,5.73163,3.97,1.98
2011.02.02 16:26:52.089,5.72975,5.73163,3.97,1.98
2011.02.02 16:26:52.627,5.72975,5.73168,4.12,1.38
2011.02.02 16:26:53.267,5.72975,5.73163,3.97,2.58
2011.02.02 16:26:53.621,5.72975,5.73163,9.93,1.60
2011.02.02 16:26:54.648,5.72975,5.73177,10.31,1.08
2011.02.02 16:26:55.651,5.73005,5.73177,4.50,1.08
2011.02.02 16:26:55.772,5.73005,5.73192,4.65,1.20
2011.02.02 16:26:56.205,5.73007,5.73213,1.14,1.15
2011.02.02 16:26:56.336,5.72992,5.73203,2.81,1.98
2011.02.02 16:26:57.025,5.72991,5.73203,4.72,1.98
2011.02.02 16:26:57.363,5.73004,5.73225,12.11,2.76
2011.02.02 16:26:57.483,5.7306,5.73225,3.75,1.30
2011.02.02 16:26:57.605,5.73082,5.7328,3.90,2.05
2011.02.02 16:26:58.045,5.73076,5.73287,1.14,1.45
2011.02.02 16:26:58.280,5.73078,5.73282,1.20,1.23
2011.02.02 16:26:58.753,5.73076,5.73287,1.14,1.38
2011.02.02 16:26:59.092,5.73097,5.73287,1.20,1.45
2011.02.02 16:26:59.433,5.73076,5.73287,1.14,2.95
2011.02.02 16:26:59.942,5.73076,5.73287,1.14,1.30
2011.02.02 16:27:00.058,5.73076,5.73287,1.14,1.38
2011.02.02 16:27:00.170,5.73076,5.73287,1.14,2.76
2011.02.02 16:27:00.399,5.73097,5.73287,1.20,1.45
2011.02.02 16:27:01.198,5.7307,5.73285,9.75,5.24
2011.02.02 16:27:01.308,5.73053,5.73253,2.62,2.05
2011.02.02 16:27:01.418,5.73048,5.73253,1.14,2.05
2011.02.02 16:27:01.749,5.73049,5.73253,1.14,2.05
2011.02.02 16:27:02.488,5.73052,5.73253,1.27,2.20
2011.02.02 16:27:03.483,5.7306,5.73253,1.14,2.05
2011.02.02 16:27:03.868,5.73077,5.73262,1.20,5.80
2011.02.02 16:27:04.090,5.73067,5.73262,1.20,5.80
2011.02.02 16:27:04.317,5.7306,5.73262,1.14,5.80
2011.02.02 16:27:04.690,5.73068,5.73262,1.14,5.48
2011.02.02 16:27:04.813,5.73078,5.73262,1.20,1.65
2011.02.02 16:27:05.147,5.73063,5.73255,1.27,4.20
2011.02.02 16:27:05.799,5.73107,5.73255,1.20,1.50
2011.02.02 16:27:05.914,5.73107,5.73285,1.20,2.05
2011.02.02 16:27:06.277,5.73092,5.73285,1.14,1.50
2011.02.02 16:27:06.392,5.73092,5.73294,1.14,1.50
2011.02.02 16:27:06.891,5.73053,5.73295,2.81,10.26
2011.02.02 16:27:07.013,5.73093,5.73286,1.36,12.25
2011.02.02 16:27:07.575,5.73071,5.73272,1.12,1.98
2011.02.02 16:27:07.694,5.73054,5.73267,2.43,4.35
2011.02.02 16:27:08.063,5.73063,5.73262,1.27,1.20
2011.02.02 16:27:08.679,5.73054,5.73267,2.43,4.35
2011.02.02 16:27:09.101,5.73054,5.73267,2.81,4.35
2011.02.02 16:27:10.140,5.73054,5.73213,2.81,1.50
2011.02.02 16:27:10.727,5.73054,5.73213,2.43,1.50
2011.02.02 16:27:11.148,5.73048,5.73213,1.26,1.50
2011.02.02 16:27:11.263,5.73038,5.73213,1.11,1.65
2011.02.02 16:27:11.376,5.73038,5.732,1.11,1.50
2011.02.02 16:27:11.488,5.73038,5.73209,1.11,1.50
2011.02.02 16:27:12.102,5.73048,5.73199,1.07,1.50
2011.02.02 16:27:12.491,5.73048,5.73199,1.26,1.50
2011.02.02 16:27:13.018,5.73057,5.73199,1.14,1.50
2011.02.02 16:27:13.239,5.73048,5.73199,1.07,1.50
2011.02.02 16:27:13.471,5.73017,5.73184,1.05,1.58
2011.02.02 16:27:13.899,5.72998,5.73184,10.12,1.58
2011.02.02 16:27:13.940,5.72996,5.73174,2.81,1.50
2011.02.02 16:27:14.327,5.73019,5.73174,1.14,1.50
2011.02.02 16:27:14.970,5.73003,5.73174,1.14,1.50
2011.02.02 16:27:15.093,5.73003,5.73184,1.14,1.50
2011.02.02 16:27:15.322,5.73003,5.73184,1.14,1.50
2011.02.02 16:27:15.851,5.73003,5.73184,1.14,1.50
2011.02.02 16:27:15.967,5.7302,5.73184,1.14,1.50
2011.02.02 16:27:16.082,5.7302,5.73184,1.14,1.50
2011.02.02 16:27:16.620,5.73008,5.73186,1.11,1.50
2011.02.02 16:27:16.745,5.73037,5.73186,1.20,1.50
2011.02.02 16:27:16.858,5.73028,5.73194,1.20,1.50
2011.02.02 16:27:17.188,5.73028,5.73185,1.20,1.50
2011.02.02 16:27:17.536,5.73017,5.73185,1.20,1.50
2011.02.02 16:27:17.869,5.73003,5.73185,1.16,1.58
2011.02.02 16:27:17.988,5.72992,5.73185,1.07,3.98
2011.02.02 16:27:18.485,5.72992,5.73164,1.07,1.50
2011.02.02 16:27:18.816,5.72976,5.73156,1.14,1.50
2011.02.02 16:27:19.613,5.72987,5.73166,1.20,1.50
2011.02.02 16:27:19.729,5.72987,5.73153,1.20,1.50
2011.02.02 16:27:20.533,5.72967,5.73153,1.11,1.50
2011.02.02 16:27:20.758,5.72967,5.73153,1.11,1.50
2011.02.02 16:27:22.061,5.72967,5.73153,1.11,1.50
2011.02.02 16:27:22.180,5.72988,5.73153,1.20,1.50
2011.02.02 16:27:22.740,5.72998,5.73157,1.20,1.50
2011.02.02 16:27:23.448,5.72976,5.73157,1.14,1.50
2011.02.02 16:27:23.557,5.72991,5.73171,1.14,1.50
2011.02.02 16:27:23.667,5.72991,5.73171,1.36,1.50
2011.02.02 16:27:23.778,5.72987,5.73161,1.20,1.50
2011.02.02 16:27:24.219,5.72992,5.73172,1.14,1.50
2011.02.02 16:27:25.754,5.72992,5.73172,1.14,1.50
2011.02.02 16:27:26.167,5.72988,5.73172,1.14,1.58
2011.02.02 16:27:26.388,5.72969,5.73181,2.81,4.17
2011.02.02 16:27:26.883,5.72988,5.73181,1.14,1.65
2011.02.02 16:27:27.268,5.72992,5.73181,1.14,1.50
2011.02.02 16:27:27.676,5.72969,5.73181,2.70,1.50
2011.02.02 16:27:28.043,5.72969,5.73181,2.62,1.65
2011.02.02 16:27:28.436,5.72967,5.73181,1.14,2.58
2011.02.02 16:27:28.908,5.72984,5.73185,9.93,2.33
2011.02.02 16:27:29.240,5.72989,5.73182,3.97,1.20
2011.02.02 16:27:29.765,5.72967,5.73173,1.33,4.95
2011.02.02 16:27:30.207,5.72974,5.73173,12.13,4.35
2011.02.02 16:27:32.939,5.72972,5.73173,1.18,4.35
2011.02.02 16:27:33.057,5.72956,5.73173,2.76,4.35
2011.02.02 16:27:33.167,5.72956,5.73173,2.38,4.35
2011.02.02 16:27:35.286,5.72956,5.73133,1.18,1.20
2011.02.02 16:27:37.451,5.72956,5.73142,2.46,1.20
2011.02.02 16:27:37.728,5.72956,5.73148,2.76,4.17
2011.02.02 16:27:38.084,5.72956,5.73157,2.38,4.35
2011.02.02 16:27:38.562,5.72956,5.73157,2.76,4.35
2011.02.02 16:27:39.816,5.72962,5.73157,1.07,3.98
2011.02.02 16:27:40.256,5.72956,5.73148,2.76,4.17
2011.02.02 16:27:41.190,5.72956,5.73148,1.18,4.35
2011.02.02 16:27:41.315,5.72956,5.73139,2.43,1.65
2011.02.02 16:27:41.432,5.72956,5.73142,1.12,1.20
2011.02.02 16:27:41.660,5.72947,5.73142,3.28,1.20
2011.02.02 16:27:42.109,5.72953,5.73152,1.27,1.20
2011.02.02 16:27:44.707,5.72963,5.73159,1.27,4.58
2011.02.02 16:27:46.289,5.72947,5.73159,3.32,4.35
2011.02.02 16:27:46.682,5.72947,5.73132,1.33,1.20
2011.02.02 16:27:46.906,5.72947,5.73143,1.41,1.20
2011.02.02 16:27:47.408,5.72943,5.73132,4.26,1.20
2011.02.02 16:27:47.751,5.72947,5.73145,1.07,4.35
2011.02.02 16:27:48.759,5.72947,5.73145,1.65,3.98
2011.02.02 16:27:49.148,5.72954,5.73162,1.14,4.35
2011.02.02 16:27:51.101,5.72948,5.73163,2.81,1.98
2011.02.02 16:27:51.824,5.72953,5.73163,1.14,1.98
2011.02.02 16:27:52.047,5.72968,5.73149,1.14,1.50
2011.02.02 16:27:52.157,5.72968,5.73155,1.14,1.58
2011.02.02 16:27:52.269,5.72963,5.73155,1.27,4.20
2011.02.02 16:27:52.839,5.72968,5.73155,1.14,1.58
2011.02.02 16:27:52.959,5.72934,5.73138,2.76,1.65
2011.02.02 16:27:53.187,5.72934,5.73138,1.18,4.35
2011.02.02 16:27:53.520,5.72917,5.7312,1.07,1.50
2011.02.02 16:27:53.747,5.72914,5.7312,1.18,1.65
2011.02.02 16:27:53.968,5.72877,5.73085,1.05,3.75
2011.02.02 16:27:54.420,5.72864,5.73084,4.18,2.33
2011.02.02 16:27:54.989,5.72863,5.73082,10.07,2.48
2011.02.02 16:27:56.079,5.72863,5.73082,4.18,2.48
2011.02.02 16:27:56.808,5.72863,5.73063,9.96,1.20
2011.02.02 16:27:57.039,5.72863,5.73052,10.33,1.20
2011.02.02 16:27:57.798,5.72837,5.73037,3.97,2.20
2011.02.02 16:27:58.631,5.72837,5.73032,3.97,1.23
2011.02.02 16:27:59.323,5.72837,5.73013,3.97,1.20
2011.02.02 16:27:59.983,5.72768,5.72967,4.72,1.38
2011.02.02 16:28:00.092,5.72794,5.72983,4.72,1.23
2011.02.02 16:28:00.209,5.72794,5.72992,4.72,2.50
2011.02.02 16:28:00.327,5.72794,5.72982,4.72,1.98
2011.02.02 16:28:00.550,5.72794,5.72992,4.72,2.28
2011.02.02 16:28:00.759,5.72794,5.72982,4.72,1.79
2011.02.02 16:28:00.990,5.72776,5.72988,4.72,1.08
2011.02.02 16:28:01.437,5.72766,5.72992,4.05,4.45
2011.02.02 16:28:01.551,5.72766,5.72988,4.05,1.08
2011.02.02 16:28:01.670,5.7277,5.72984,9.75,2.13
2011.02.02 16:28:01.789,5.7277,5.72988,3.97,1.08
2011.02.02 16:28:02.117,5.7277,5.72992,9.90,4.60
2011.02.02 16:28:02.714,5.7277,5.72982,3.97,1.79
2011.02.02 16:28:03.017,5.7277,5.72972,3.97,1.20
2011.02.02 16:28:03.126,5.7277,5.72972,3.97,1.20
2011.02.02 16:28:03.837,5.72746,5.72979,1.18,2.48
2011.02.02 16:28:04.169,5.72728,5.72932,3.97,2.20
2011.02.02 16:28:04.813,5.72728,5.72948,3.97,1.08
2011.02.02 16:28:05.039,5.72707,5.72934,1.14,4.64
2011.02.02 16:28:05.488,5.72718,5.72934,1.65,2.13
2011.02.02 16:28:06.324,5.7272,5.72938,9.75,1.08
2011.02.02 16:28:07.097,5.72724,5.72943,11.92,1.23
2011.02.02 16:28:07.566,5.72735,5.72943,1.12,1.23
2011.02.02 16:28:07.791,5.72764,5.72955,4.58,1.50
2011.02.02 16:28:07.913,5.72764,5.72964,4.80,1.58
2011.02.02 16:28:08.402,5.72769,5.72975,9.90,1.65
2011.02.02 16:28:09.842,5.72795,5.72992,4.93,1.20
2011.02.02 16:28:10.643,5.72795,5.72995,4.93,4.35
2011.02.02 16:28:11.358,5.72795,5.72983,4.93,1.20
2011.02.02 16:28:11.729,5.72795,5.72995,4.93,4.35
2011.02.02 16:28:12.506,5.72777,5.72985,1.07,4.35
2011.02.02 16:28:12.625,5.72753,5.72979,1.07,4.35
2011.02.02 16:28:12.740,5.72753,5.72979,1.07,4.35
2011.02.02 16:28:12.969,5.72766,5.72979,1.42,4.58
2011.02.02 16:28:13.347,5.72753,5.72976,1.07,2.48
2011.02.02 16:28:13.717,5.72743,5.72976,2.76,2.48
2011.02.02 16:28:14.055,5.72743,5.72976,2.94,2.48
2011.02.02 16:28:14.175,5.72729,5.72953,9.96,2.48
2011.02.02 16:28:15.085,5.72743,5.72953,3.97,2.48
2011.02.02 16:28:15.203,5.72743,5.72953,4.12,2.48
2011.02.02 16:28:15.321,5.72747,5.72962,3.97,1.98
2011.02.02 16:28:15.548,5.72747,5.72952,4.12,1.20
2011.02.02 16:28:16.250,5.72747,5.72962,9.93,1.98
2011.02.02 16:28:17.221,5.72752,5.72953,1.27,1.20
2011.02.02 16:28:19.602,5.72747,5.72962,9.93,1.98
2011.02.02 16:28:19.980,5.72747,5.7296,9.93,4.35
2011.02.02 16:28:20.463,5.72747,5.7296,3.97,4.35
2011.02.02 16:28:21.180,5.72747,5.7296,3.97,4.35
2011.02.02 16:28:22.031,5.72747,5.72913,3.97,1.20
2011.02.02 16:28:22.442,5.72725,5.72913,9.96,1.20
2011.02.02 16:28:22.564,5.72727,5.72923,1.33,1.20
2011.02.02 16:28:23.124,5.72725,5.72912,9.96,1.20
2011.02.02 16:28:23.576,5.72728,5.72922,1.11,1.20
2011.02.02 16:28:24.048,5.72736,5.72922,1.33,1.20
2011.02.02 16:28:24.611,5.72746,5.72933,4.12,1.20
2011.02.02 16:28:24.730,5.72746,5.72959,3.97,4.35
2011.02.02 16:28:24.959,5.72738,5.72949,1.65,1.65
2011.02.02 16:28:25.187,5.72725,5.72949,10.14,4.35
2011.02.02 16:28:25.663,5.72743,5.7295,1.36,1.80
2011.02.02 16:28:26.046,5.72744,5.72957,1.14,2.40
2011.02.02 16:28:26.157,5.72738,5.72957,1.65,2.40
2011.02.02 16:28:26.553,5.72743,5.72957,1.07,1.65
2011.02.02 16:28:26.792,5.72794,5.73001,4.72,4.35
2011.02.02 16:28:27.677,5.72794,5.72992,4.87,1.20
2011.02.02 16:28:28.320,5.72794,5.73001,4.72,4.35
2011.02.02 16:28:29.080,5.72794,5.73001,12.01,4.35
2011.02.02 16:28:29.760,5.72796,5.72998,1.14,4.17
2011.02.02 16:28:30.329,5.72794,5.72982,4.87,1.20
2011.02.02 16:28:30.770,5.72794,5.72993,4.87,1.20
2011.02.02 16:28:32.131,5.72778,5.72998,1.26,4.35
2011.02.02 16:28:32.571,5.72778,5.72973,1.03,1.20
2011.02.02 16:28:32.693,5.72778,5.72992,1.07,4.35
2011.02.02 16:28:32.809,5.72762,5.72992,2.94,4.35
2011.02.02 16:28:33.242,5.72778,5.72973,1.03,1.20
2011.02.02 16:28:33.797,5.72768,5.72962,1.11,1.20
2011.02.02 16:28:34.573,5.72752,5.72972,1.07,4.17
2011.02.02 16:28:35.234,5.72757,5.72963,1.33,1.20
2011.02.02 16:28:36.431,5.72753,5.72972,1.07,4.35
2011.02.02 16:28:36.786,5.72761,5.72994,2.57,4.35
2011.02.02 16:28:36.898,5.72762,5.72994,1.07,4.35
2011.02.02 16:28:37.411,5.72778,5.72992,1.33,1.20
2011.02.02 16:28:37.993,5.72784,5.72993,1.42,1.20
2011.02.02 16:28:39.388,5.72784,5.72995,1.46,2.10
2011.02.02 16:28:39.610,5.72784,5.73003,1.46,1.09
2011.02.02 16:28:39.730,5.72803,5.72995,1.26,2.33
2011.02.02 16:28:40.305,5.72793,5.72992,1.26,1.20
2011.02.02 16:28:42.031,5.72777,5.72988,1.11,4.65
2011.02.02 16:28:42.980,5.72777,5.72988,1.11,4.65
2011.02.02 16:28:43.619,5.72777,5.72988,1.11,2.25
2011.02.02 16:28:44.957,5.72777,5.72981,1.11,2.29
2011.02.02 16:28:46.706,5.72777,5.72993,1.11,1.09
2011.02.02 16:28:46.820,5.72777,5.72983,1.11,1.09
2011.02.02 16:28:47.270,5.72777,5.72993,1.11,1.09
2011.02.02 16:28:47.807,5.72777,5.72981,1.71,2.70
2011.02.02 16:28:48.330,5.72787,5.72981,1.20,1.05
2011.02.02 16:28:48.446,5.72777,5.72989,1.11,4.65
2011.02.02 16:28:48.559,5.72777,5.72995,1.07,2.48
2011.02.02 16:28:49.019,5.7276,5.72995,2.57,2.48
2011.02.02 16:28:49.411,5.72768,5.72982,1.33,1.20
2011.02.02 16:28:49.532,5.72763,5.72967,1.26,1.05
2011.02.02 16:28:50.045,5.72758,5.72955,3.96,2.48
2011.02.02 16:28:50.164,5.72722,5.72933,3.28,1.60
2011.02.02 16:28:50.531,5.72743,5.72933,1.36,1.83
2011.02.02 16:28:51.096,5.72722,5.72933,3.28,1.98
2011.02.02 16:28:51.319,5.72723,5.72917,1.27,1.38
2011.02.02 16:28:51.845,5.72727,5.72923,1.20,1.23
2011.02.02 16:28:52.855,5.72713,5.72912,1.27,2.58
2011.02.02 16:28:53.661,5.7272,5.72913,1.36,1.23
2011.02.02 16:28:54.803,5.72728,5.72932,1.14,1.15
2011.02.02 16:28:58.282,5.72735,5.72938,1.14,1.08
2011.02.02 16:28:58.884,5.72735,5.72944,1.14,2.76
2011.02.02 16:28:59.200,5.72738,5.72932,1.20,1.23
2011.02.02 16:28:59.746,5.72747,5.72943,1.20,1.23
2011.02.02 16:28:59.856,5.72738,5.72932,1.20,1.23
2011.02.02 16:29:00.335,5.72735,5.72944,1.14,2.76
2011.02.02 16:29:00.942,5.72737,5.72933,1.20,1.23
2011.02.02 16:29:01.558,5.72735,5.72944,1.14,1.30
2011.02.02 16:29:02.888,5.72735,5.72944,1.14,1.38
2011.02.02 16:29:04.636,5.72735,5.72944,1.14,1.30
2011.02.02 16:29:04.971,5.72759,5.72967,9.98,1.30
2011.02.02 16:29:05.088,5.72775,5.72986,1.14,1.30
2011.02.02 16:29:05.458,5.72794,5.72986,11.85,1.30
2011.02.02 16:29:05.574,5.728,5.73011,1.14,1.30
2011.02.02 16:29:05.689,5.72818,5.73011,1.20,1.60
2011.02.02 16:29:06.494,5.72828,5.73011,1.20,1.30
2011.02.02 16:29:06.608,5.72817,5.73011,1.20,2.73
2011.02.02 16:29:07.108,5.72827,5.73011,1.20,1.30
2011.02.02 16:29:07.909,5.728,5.73011,1.14,1.30
2011.02.02 16:29:11.710,5.728,5.73011,1.14,1.30
2011.02.02 16:29:12.086,5.72808,5.73007,1.20,1.38
2011.02.02 16:29:12.305,5.728,5.73011,1.14,2.58
2011.02.02 16:29:13.060,5.728,5.73011,1.14,1.30
2011.02.02 16:29:14.074,5.72817,5.73011,1.20,2.73
2011.02.02 16:29:15.453,5.72818,5.73011,1.20,1.60
2011.02.02 16:29:15.578,5.72801,5.7301,1.14,1.30
2011.02.02 16:29:15.909,5.72858,5.73027,1.20,1.30
2011.02.02 16:29:16.793,5.72838,5.73027,1.20,1.60
2011.02.02 16:29:17.455,5.72801,5.7301,1.14,2.84
2011.02.02 16:29:17.574,5.72801,5.7301,1.14,1.30
2011.02.02 16:29:17.910,5.72817,5.73028,1.14,1.45
2011.02.02 16:29:18.357,5.72817,5.73028,1.14,1.30
2011.02.02 16:29:18.478,5.72867,5.73051,1.20,1.30
2011.02.02 16:29:18.589,5.72858,5.73052,1.20,3.10
2011.02.02 16:29:20.537,5.72868,5.73052,1.20,1.45
2011.02.02 16:29:20.647,5.72843,5.73052,1.14,2.76
2011.02.02 16:29:20.868,5.72843,5.73043,1.14,1.60
2011.02.02 16:29:23.253,5.72826,5.73035,1.14,2.10
2011.02.02 16:29:23.527,5.72847,5.73038,1.20,1.05
2011.02.02 16:29:24.143,5.72865,5.73038,4.86,1.05
2011.02.02 16:29:24.263,5.72865,5.73075,12.18,1.50
2011.02.02 16:29:24.378,5.72865,5.73082,12.18,1.50
2011.02.02 16:29:25.170,5.72865,5.73083,12.18,1.50
2011.02.02 16:29:26.150,5.72865,5.73083,12.06,1.50
2011.02.02 16:29:27.614,5.72854,5.73072,9.93,1.09
2011.02.02 16:29:27.854,5.72808,5.73025,1.46,1.50
2011.02.02 16:29:27.970,5.72791,5.73025,10.83,1.50
2011.02.02 16:29:28.426,5.72811,5.73058,1.29,1.50
2011.02.02 16:29:29.312,5.72811,5.73025,1.29,1.50
2011.02.02 16:29:32.845,5.72785,5.73002,4.68,1.50
2011.02.02 16:29:33.756,5.72828,5.73016,1.11,1.50
2011.02.02 16:29:34.092,5.72808,5.73042,1.35,1.50
2011.02.02 16:29:34.549,5.72797,5.73042,2.69,1.50
2011.02.02 16:29:34.900,5.72868,5.73042,1.11,1.50
2011.02.02 16:29:35.020,5.72853,5.73042,1.04,1.50
2011.02.02 16:29:35.644,5.72813,5.73041,10.66,1.50
2011.02.02 16:29:39.810,5.72862,5.73041,1.26,1.50
2011.02.02 16:29:40.328,5.72862,5.73041,1.26,1.50
2011.02.02 16:29:40.438,5.72868,5.73059,1.71,1.50
2011.02.02 16:29:41.039,5.72888,5.73059,1.20,1.50
2011.02.02 16:29:41.427,5.72868,5.73059,1.11,1.50
2011.02.02 16:29:41.977,5.72868,5.73059,1.11,1.50
2011.02.02 16:29:42.343,5.72877,5.73059,1.20,1.50
2011.02.02 16:29:42.514,5.72888,5.73059,1.20,1.50
2011.02.02 16:29:43.185,5.72864,5.73071,12.18,1.50
2011.02.02 16:29:43.301,5.72867,5.73099,10.30,1.50
2011.02.02 16:29:43.529,5.72887,5.73088,1.11,4.50
2011.02.02 16:29:44.018,5.72887,5.73088,1.11,4.50
2011.02.02 16:29:44.350,5.72883,5.73104,10.19,2.25
2011.02.02 16:29:44.819,5.72883,5.73104,10.19,2.25
2011.02.02 16:29:44.933,5.72933,5.73125,1.26,1.50
2011.02.02 16:29:45.380,5.72947,5.73125,1.11,1.50
2011.02.02 16:29:45.785,5.72947,5.73142,1.11,1.50
2011.02.02 16:29:45.895,5.72958,5.73142,1.20,1.50
2011.02.02 16:29:46.335,5.72967,5.73142,1.20,1.50
2011.02.02 16:29:47.145,5.72947,5.73142,1.11,1.50
2011.02.02 16:29:47.985,5.72906,5.73108,4.30,1.50
2011.02.02 16:29:48.573,5.72881,5.731,4.68,1.50
2011.02.02 16:29:49.798,5.72933,5.731,1.26,1.50
2011.02.02 16:29:49.909,5.72947,5.73124,1.11,1.50
2011.02.02 16:29:50.030,5.72957,5.73124,1.20,1.50
2011.02.02 16:29:51.218,5.72947,5.73124,1.11,1.50
2011.02.02 16:29:53.070,5.72947,5.73107,1.11,1.50
2011.02.02 16:29:54.569,5.72947,5.73107,1.11,1.50
2011.02.02 16:29:55.324,5.72943,5.73141,1.34,1.50
2011.02.02 16:29:55.768,5.72943,5.73109,1.34,1.50
2011.02.02 16:29:55.877,5.72932,5.73109,1.04,1.50
2011.02.02 16:29:55.988,5.72947,5.73109,1.11,1.50
2011.02.02 16:29:56.430,5.72947,5.73109,1.11,1.50
2011.02.02 16:29:56.967,5.72876,5.73109,1.46,1.50
2011.02.02 16:29:57.382,5.72943,5.73109,1.34,1.50
2011.02.02 16:29:57.727,5.72947,5.73109,1.11,1.50
2011.02.02 16:29:58.777,5.72932,5.73109,1.04,1.50
2011.02.02 16:29:59.264,5.72907,5.73087,1.11,1.50
2011.02.02 16:29:59.616,5.72917,5.731,1.20,1.50
2011.02.02 16:30:00.751,5.72922,5.731,1.26,1.50
2011.02.02 16:30:00.876,5.72947,5.73124,1.11,1.50
2011.02.02 16:30:01.232,5.72942,5.73124,1.04,1.50
2011.02.02 16:30:01.354,5.72932,5.73124,1.04,1.50
2011.02.02 16:30:01.708,5.72932,5.73124,1.04,1.50
2011.02.02 16:30:02.064,5.72968,5.73139,1.20,1.50
2011.02.02 16:30:02.535,5.72947,5.73142,1.11,1.50
2011.02.02 16:30:02.759,5.72947,5.73142,1.11,1.50
2011.02.02 16:30:02.988,5.72947,5.73142,1.11,1.50
2011.02.02 16:30:03.503,5.72947,5.73142,1.11,1.50
2011.02.02 16:30:04.416,5.72967,5.73142,1.20,1.50
2011.02.02 16:30:05.310,5.72947,5.73142,1.11,1.50
2011.02.02 16:30:05.542,5.72968,5.73142,1.20,1.50
2011.02.02 16:30:06.315,5.72968,5.73124,1.20,1.50
2011.02.02 16:30:06.434,5.72947,5.73124,1.11,1.50
2011.02.02 16:30:06.553,5.72947,5.73124,1.11,1.50
2011.02.02 16:30:07.699,5.72967,5.73124,1.20,1.50
2011.02.02 16:30:07.928,5.72958,5.73124,1.20,1.50
2011.02.02 16:30:09.099,5.72947,5.73117,1.11,2.25
2011.02.02 16:30:09.206,5.72958,5.73117,1.20,2.25
2011.02.02 16:30:11.540,5.72947,5.73118,1.11,2.25
2011.02.02 16:30:11.769,5.72958,5.73124,1.20,1.50
2011.02.02 16:30:12.316,5.72958,5.73124,1.20,1.50
2011.02.02 16:30:13.192,5.72947,5.73124,1.11,1.50
2011.02.02 16:30:13.838,5.72947,5.73108,1.11,1.50
2011.02.02 16:30:14.168,5.72938,5.73108,1.11,1.50
2011.02.02 16:30:14.537,5.72947,5.73108,1.11,1.50
2011.02.02 16:30:15.106,5.72958,5.73108,1.20,1.50
2011.02.02 16:30:15.528,5.72947,5.73108,1.11,1.50
2011.02.02 16:30:16.104,5.72947,5.73108,1.11,1.50
2011.02.02 16:30:16.447,5.72947,5.73125,1.11,1.50
2011.02.02 16:30:16.943,5.72947,5.73125,1.11,1.50
2011.02.02 16:30:17.058,5.72958,5.73125,1.20,1.50
2011.02.02 16:30:17.241,5.72947,5.73125,1.11,1.50
2011.02.02 16:30:17.966,5.72947,5.73125,1.11,1.50
2011.02.02 16:30:19.320,5.72947,5.73125,1.11,1.50
2011.02.02 16:30:19.563,5.72957,5.73125,1.20,1.50
2011.02.02 16:30:20.018,5.72947,5.73107,1.71,1.50
2011.02.02 16:30:20.351,5.72942,5.73107,1.04,1.50
2011.02.02 16:30:20.479,5.72908,5.73083,1.11,1.50
2011.02.02 16:30:20.709,5.72908,5.73083,1.11,1.50
2011.02.02 16:30:20.828,5.72908,5.73083,1.11,1.50
2011.02.02 16:30:21.710,5.72908,5.73083,1.11,1.50
2011.02.02 16:30:24.963,5.72908,5.73083,1.11,1.50
2011.02.02 16:30:26.304,5.72908,5.73083,1.11,1.50
2011.02.02 16:30:26.598,5.72908,5.73083,1.11,1.50
2011.02.02 16:30:29.186,5.72937,5.73083,1.20,1.50
2011.02.02 16:30:29.487,5.72908,5.73099,1.11,1.50
2011.02.02 16:30:31.177,5.72908,5.73099,1.11,1.50
2011.02.02 16:30:31.287,5.72908,5.73099,1.11,1.50
2011.02.02 16:30:31.661,5.72908,5.73099,2.99,1.50
2011.02.02 16:30:33.279,5.72948,5.73099,1.20,1.50
2011.02.02 16:30:33.848,5.72948,5.73082,1.20,1.50
2011.02.02 16:30:33.965,5.72908,5.73082,1.11,1.50
2011.02.02 16:30:34.845,5.72907,5.73066,1.11,1.50
2011.02.02 16:30:35.290,5.72918,5.73067,1.20,1.50
2011.02.02 16:30:35.726,5.72908,5.73083,1.11,1.50
2011.02.02 16:30:35.844,5.72908,5.73083,1.11,1.50
2011.02.02 16:30:36.180,5.72908,5.73083,1.11,1.50
2011.02.02 16:30:36.321,5.72927,5.73083,1.20,1.50
2011.02.02 16:30:38.448,5.72908,5.73083,1.11,1.50
2011.02.02 16:30:38.911,5.72928,5.73083,1.20,1.50
2011.02.02 16:30:39.492,5.72908,5.73083,1.11,1.50
2011.02.02 16:30:39.829,5.72908,5.73099,1.11,1.50
2011.02.02 16:30:40.398,5.72908,5.73099,1.11,1.50
2011.02.02 16:30:40.577,5.72908,5.73099,1.11,1.50
2011.02.02 16:30:40.917,5.72948,5.73099,1.20,1.50
2011.02.02 16:30:41.248,5.72908,5.73099,1.11,1.50
2011.02.02 16:30:41.815,5.72908,5.73083,1.11,1.50
2011.02.02 16:30:41.928,5.72917,5.73083,1.20,1.50
2011.02.02 16:30:43.118,5.72908,5.73083,1.11,1.50
2011.02.02 16:30:43.295,5.72908,5.73083,1.11,1.50
2011.02.02 16:30:46.807,5.72908,5.73083,1.71,1.50
2011.02.02 16:30:47.300,5.72908,5.73083,1.11,1.50
2011.02.02 16:30:50.947,5.72908,5.73083,1.71,1.50
2011.02.02 16:30:51.407,5.72908,5.73083,1.11,1.50
2011.02.02 16:30:52.041,5.72907,5.73083,1.11,1.50
2011.02.02 16:30:52.590,5.72908,5.73083,1.11,1.50
2011.02.02 16:30:52.708,5.72908,5.731,1.11,1.50
2011.02.02 16:30:52.821,5.72908,5.73082,1.11,1.50
2011.02.02 16:30:53.592,5.72917,5.73082,1.20,1.50
2011.02.02 16:30:58.012,5.72908,5.73082,1.11,1.50
2011.02.02 16:30:58.678,5.72908,5.73082,1.11,1.50
2011.02.02 16:31:00.050,5.72908,5.73082,1.34,1.50
2011.02.02 16:31:00.606,5.72918,5.73082,1.20,1.50
2011.02.02 16:31:00.828,5.72907,5.73082,1.11,1.50
2011.02.02 16:31:01.113,5.72908,5.73082,1.11,1.50
2011.02.02 16:31:01.808,5.72908,5.73082,1.71,1.50
2011.02.02 16:31:02.770,5.72908,5.73082,1.11,1.50
2011.02.02 16:31:04.278,5.72927,5.73082,1.20,1.50
2011.02.02 16:31:04.957,5.72908,5.73082,1.11,1.50
2011.02.02 16:31:07.947,5.72908,5.73082,1.11,1.50
2011.02.02 16:31:08.482,5.72918,5.73082,1.20,1.50
2011.02.02 16:31:08.602,5.72907,5.73067,1.11,1.50
2011.02.02 16:31:10.249,5.72917,5.73067,1.20,1.50
2011.02.02 16:31:10.359,5.72917,5.73083,1.20,1.50
2011.02.02 16:31:10.469,5.72908,5.73083,1.11,1.50
2011.02.02 16:31:11.441,5.72908,5.73083,1.11,1.50
2011.02.02 16:31:12.469,5.72908,5.73083,1.11,1.50
2011.02.02 16:31:12.589,5.72865,5.73083,12.06,1.50
2011.02.02 16:31:13.398,5.72908,5.73083,1.11,1.50
2011.02.02 16:31:13.729,5.72865,5.73082,12.18,1.50
2011.02.02 16:31:14.448,5.72908,5.73082,1.71,1.50
2011.02.02 16:31:14.779,5.72908,5.73099,1.11,1.50
2011.02.02 16:31:14.889,5.72903,5.73099,1.04,1.50
2011.02.02 16:31:15.007,5.72903,5.73083,1.04,1.50
2011.02.02 16:31:16.042,5.72907,5.73083,1.11,1.50
2011.02.02 16:31:16.379,5.72927,5.73083,1.20,1.50
2011.02.02 16:31:16.608,5.72908,5.73083,1.11,1.50
2011.02.02 16:31:17.557,5.72867,5.73028,1.11,1.50
2011.02.02 16:31:17.671,5.72794,5.73028,1.46,1.50
2011.02.02 16:31:18.295,5.72793,5.73028,5.15,1.50
2011.02.02 16:31:18.417,5.72817,5.72984,1.20,1.50
2011.02.02 16:31:19.054,5.72807,5.72984,1.11,1.50
2011.02.02 16:31:19.179,5.72837,5.72999,1.20,1.50
2011.02.02 16:31:20.289,5.72827,5.72999,1.11,1.50
2011.02.02 16:31:20.519,5.72827,5.73016,1.11,1.50
2011.02.02 16:31:21.092,5.72827,5.73016,1.11,1.50
2011.02.02 16:31:21.273,5.72827,5.73016,1.11,1.50
2011.02.02 16:31:21.630,5.72847,5.73016,1.20,1.50
2011.02.02 16:31:22.737,5.72827,5.73016,1.11,1.50
2011.02.02 16:31:24.267,5.72827,5.73016,1.11,1.50
2011.02.02 16:31:24.851,5.72827,5.73016,1.11,1.50
2011.02.02 16:31:27.103,5.72827,5.73016,1.11,1.50
2011.02.02 16:31:27.746,5.72827,5.73016,1.11,1.50
2011.02.02 16:31:28.648,5.72827,5.73016,1.11,1.50
2011.02.02 16:31:28.899,5.72827,5.73016,1.11,1.50
2011.02.02 16:31:30.576,5.72827,5.73016,1.11,1.50
2011.02.02 16:31:32.905,5.72827,5.73016,1.11,1.50
2011.02.02 16:31:33.020,5.72827,5.7303,1.11,1.50
2011.02.02 16:31:33.558,5.72827,5.73001,1.11,4.50
2011.02.02 16:31:33.779,5.7278,5.72998,1.46,1.50
2011.02.02 16:31:34.268,5.72827,5.73012,1.11,1.50
2011.02.02 16:31:34.712,5.72827,5.73012,1.71,1.50
2011.02.02 16:31:34.831,5.72798,5.73025,1.35,5.25
2011.02.02 16:31:34.950,5.72782,5.73013,1.35,4.50
2011.02.02 16:31:35.390,5.72828,5.73013,1.20,4.50
2011.02.02 16:31:35.926,5.72827,5.73013,1.11,4.50
2011.02.02 16:31:37.247,5.72827,5.73013,1.11,4.50
2011.02.02 16:31:38.846,5.72827,5.73013,1.11,4.50
2011.02.02 16:31:39.072,5.72827,5.73031,1.11,1.50
2011.02.02 16:31:40.515,5.72827,5.73031,1.11,1.50
2011.02.02 16:31:40.633,5.72822,5.73033,1.35,1.50
2011.02.02 16:31:40.755,5.72868,5.73056,1.11,1.50
2011.02.02 16:31:40.871,5.72868,5.73068,1.11,2.25
2011.02.02 16:31:41.319,5.72839,5.73073,1.35,1.50
2011.02.02 16:31:44.638,5.7284,5.73073,1.35,1.50
2011.02.02 16:31:44.857,5.72825,5.73058,1.35,5.25
2011.02.02 16:31:45.848,5.72827,5.73053,1.11,1.30
2011.02.02 16:31:47.554,5.72827,5.73053,1.11,1.30
2011.02.02 16:31:47.563,5.72858,5.73053,1.20,1.30
2011.02.02 16:31:48.562,5.72827,5.73053,1.11,1.30
2011.02.02 16:31:48.898,5.72858,5.73043,1.20,4.50
2011.02.02 16:31:49.007,5.72827,5.73043,1.11,4.50
2011.02.02 16:31:49.230,5.72827,5.73043,1.11,5.25
2011.02.02 16:31:50.819,5.72828,5.73043,1.20,5.40
2011.02.02 16:31:53.043,5.72827,5.73043,1.11,5.25
2011.02.02 16:31:53.820,5.72827,5.73043,1.11,5.33
2011.02.02 16:31:54.174,5.72788,5.73001,1.14,4.50
2011.02.02 16:31:54.636,5.72797,5.73001,1.20,4.50
2011.02.02 16:31:55.445,5.72787,5.73013,1.11,5.05
2011.02.02 16:31:55.559,5.72787,5.73013,1.11,5.05
2011.02.02 16:31:55.790,5.72787,5.73013,1.11,1.30
2011.02.02 16:31:57.137,5.72787,5.73013,1.11,1.30
2011.02.02 16:31:57.247,5.72787,5.73013,1.11,1.30
2011.02.02 16:31:57.698,5.72802,5.73013,1.14,1.30
2011.02.02 16:31:57.920,5.72827,5.73038,1.64,1.50
2011.02.02 16:31:58.523,5.72827,5.73053,1.64,1.30
2011.02.02 16:31:58.890,5.72827,5.73053,1.64,1.30
2011.02.02 16:32:01.652,5.72827,5.73053,1.64,1.30
2011.02.02 16:32:01.881,5.72843,5.73055,1.14,5.05
2011.02.02 16:32:02.311,5.72908,5.73055,1.20,1.30
2011.02.02 16:32:02.436,5.72928,5.73077,1.20,1.50
2011.02.02 16:32:02.551,5.72928,5.73092,1.20,1.30
2011.02.02 16:32:02.672,5.72868,5.73092,1.64,1.30
2011.02.02 16:32:03.160,5.72907,5.73092,1.20,1.30
2011.02.02 16:32:03.282,5.72868,5.73092,1.64,1.30
2011.02.02 16:32:03.398,5.72868,5.73092,1.64,1.30
2011.02.02 16:32:03.728,5.72898,5.73085,1.20,4.50
2011.02.02 16:32:04.201,5.72907,5.73085,1.20,4.50
2011.02.02 16:32:04.550,5.72928,5.73092,1.20,1.30
2011.02.02 16:32:05.737,5.72917,5.73092,1.20,1.30
2011.02.02 16:32:06.008,5.72927,5.73092,1.20,1.30
2011.02.02 16:32:06.389,5.72927,5.73096,1.20,5.05
2011.02.02 16:32:06.613,5.72885,5.73096,1.14,1.30
2011.02.02 16:32:06.731,5.72898,5.73093,1.20,4.30
2011.02.02 16:32:06.852,5.72898,5.73086,1.20,1.50
2011.02.02 16:32:07.415,5.72868,5.73084,1.11,4.50
2011.02.02 16:32:07.530,5.72868,5.73084,1.64,4.50
2011.02.02 16:32:07.647,5.72868,5.73084,1.64,4.50
2011.02.02 16:32:07.869,5.72917,5.73092,1.20,1.30
2011.02.02 16:32:08.352,5.72868,5.73092,1.64,1.30
2011.02.02 16:32:08.878,5.72885,5.73096,1.14,1.30
2011.02.02 16:32:09.254,5.72927,5.73096,1.20,1.30
2011.02.02 16:32:09.371,5.72885,5.73096,1.14,1.30
2011.02.02 16:32:12.269,5.72927,5.73096,1.20,1.30
2011.02.02 16:32:12.392,5.72917,5.73096,1.20,1.30
2011.02.02 16:32:12.950,5.72907,5.73096,1.20,1.30
2011.02.02 16:32:13.522,5.72868,5.73086,1.11,1.50
2011.02.02 16:32:13.646,5.72898,5.73084,1.20,4.50
2011.02.02 16:32:13.868,5.72897,5.73092,1.20,1.30
2011.02.02 16:32:16.297,5.72835,5.73032,4.35,1.30
2011.02.02 16:32:16.519,5.72815,5.73032,11.85,1.30
2011.02.02 16:32:16.986,5.72828,5.73053,1.14,1.30
2011.02.02 16:32:17.238,5.72828,5.73053,1.14,1.30
2011.02.02 16:32:17.745,5.72828,5.73053,1.14,1.30
2011.02.02 16:32:17.918,5.72828,5.73053,1.14,1.30
2011.02.02 16:32:18.032,5.72858,5.73053,1.20,1.30
2011.02.02 16:32:18.689,5.72877,5.73053,1.20,1.30
2011.02.02 16:32:18.805,5.72877,5.73055,1.20,1.30
2011.02.02 16:32:21.509,5.72888,5.73055,1.20,1.30
2011.02.02 16:32:22.088,5.72907,5.73055,1.20,1.30
2011.02.02 16:32:22.476,5.72843,5.73055,1.14,1.30
2011.02.02 16:32:25.377,5.72848,5.73055,2.48,1.30
2011.02.02 16:32:25.487,5.72917,5.73055,1.20,1.30
2011.02.02 16:32:26.767,5.72848,5.73055,2.48,1.30
2011.02.02 16:32:27.066,5.72848,5.73055,2.48,1.30
2011.02.02 16:32:28.292,5.72908,5.73055,1.20,1.30
2011.02.02 16:32:29.163,5.72843,5.73055,1.14,1.30
2011.02.02 16:32:31.528,5.72843,5.73055,1.14,1.30
2011.02.02 16:32:32.267,5.72907,5.73055,1.20,1.30
2011.02.02 16:32:33.652,5.72917,5.73055,1.20,1.30
2011.02.02 16:32:33.767,5.72843,5.73055,1.14,1.30
2011.02.02 16:32:35.676,5.72843,5.73055,1.14,1.30
2011.02.02 16:32:35.909,5.72843,5.73055,1.14,1.30
2011.02.02 16:32:36.518,5.72843,5.73055,1.14,1.30
2011.02.02 16:32:37.024,5.72918,5.73055,1.20,1.30
2011.02.02 16:32:37.687,5.72858,5.73055,2.48,1.30
2011.02.02 16:32:37.805,5.72888,5.73106,1.11,2.25
2011.02.02 16:32:37.921,5.72957,5.73112,1.20,1.30
2011.02.02 16:32:39.752,5.72888,5.73112,1.11,1.30
2011.02.02 16:32:42.478,5.72948,5.73112,1.20,1.30
2011.02.02 16:32:43.229,5.72888,5.73112,1.11,1.30
2011.02.02 16:32:43.645,5.72888,5.73112,1.11,1.30
2011.02.02 16:32:44.186,5.72888,5.73112,1.11,1.30
2011.02.02 16:32:44.303,5.72871,5.73093,9.98,1.30
2011.02.02 16:32:44.531,5.72885,5.73096,1.14,1.30
2011.02.02 16:32:45.073,5.72869,5.73093,1.14,1.30
2011.02.02 16:32:45.871,5.72869,5.73093,1.14,1.30
2011.02.02 16:32:45.995,5.72869,5.73093,1.14,1.30
2011.02.02 16:32:46.110,5.72898,5.73093,1.20,1.30
2011.02.02 16:32:46.691,5.72869,5.73093,1.14,1.30
2011.02.02 16:32:48.526,5.72907,5.73093,1.20,1.30
2011.02.02 16:32:48.985,5.72867,5.73093,1.11,1.30
2011.02.02 16:32:49.780,5.72938,5.73152,1.11,1.30
2011.02.02 16:32:50.122,5.72938,5.73145,1.11,5.25
2011.02.02 16:32:50.243,5.72918,5.73132,1.11,1.30
2011.02.02 16:32:50.692,5.72938,5.73132,1.20,1.30
2011.02.02 16:32:52.136,5.72918,5.73132,1.11,1.30
2011.02.02 16:32:52.252,5.72918,5.73132,1.11,1.30
2011.02.02 16:32:56.618,5.72958,5.73132,1.20,1.30
2011.02.02 16:32:56.937,5.72918,5.73132,1.11,1.30
2011.02.02 16:32:58.059,5.72918,5.73132,1.11,1.30
2011.02.02 16:32:58.283,5.72918,5.73132,1.11,1.30
2011.02.02 16:32:59.410,5.72958,5.73132,1.20,1.30
2011.02.02 16:32:59.526,5.72947,5.73132,1.20,1.30
2011.02.02 16:33:01.259,5.72947,5.73125,1.20,4.50
2011.02.02 16:33:02.258,5.72918,5.73125,1.71,4.50
2011.02.02 16:33:02.479,5.72908,5.73103,1.20,1.30
2011.02.02 16:33:02.942,5.72908,5.73092,1.20,1.30
2011.02.02 16:33:03.946,5.72868,5.73092,1.64,1.30
2011.02.02 16:33:04.265,5.72897,5.73092,1.20,1.30
2011.02.02 16:33:05.287,5.72868,5.73092,1.64,1.30
2011.02.02 16:33:05.403,5.72897,5.73092,1.20,1.30
2011.02.02 16:33:05.940,5.72868,5.73092,1.64,1.30
2011.02.02 16:33:06.059,5.72877,5.73084,1.20,4.50
2011.02.02 16:33:06.645,5.72868,5.73084,1.11,4.50
2011.02.02 16:33:07.027,5.72868,5.73084,1.11,4.58
2011.02.02 16:33:07.629,5.72868,5.73084,1.11,4.50
2011.02.02 16:33:07.968,5.72827,5.73053,1.64,1.30
2011.02.02 16:33:08.078,5.72827,5.73053,1.64,1.30
2011.02.02 16:33:08.409,5.72827,5.73053,1.64,1.30
2011.02.02 16:33:08.764,5.72858,5.73055,1.20,1.30
2011.02.02 16:33:08.883,5.72878,5.73055,1.20,1.30
2011.02.02 16:33:09.112,5.72877,5.73093,1.20,1.45
2011.02.02 16:33:09.340,5.72877,5.73088,1.20,5.25
2011.02.02 16:33:09.459,5.72867,5.73088,1.11,12.15
2011.02.02 16:33:09.895,5.72858,5.73082,1.11,1.09
2011.02.02 16:33:10.009,5.72868,5.73087,1.20,1.05
2011.02.02 16:33:10.782,5.72878,5.73088,1.20,5.25
2011.02.02 16:33:11.544,5.72867,5.73088,1.11,5.25
2011.02.02 16:33:12.046,5.72867,5.73088,1.11,5.25
2011.02.02 16:33:12.582,5.72855,5.73088,1.46,1.50
2011.02.02 16:33:14.147,5.72855,5.73071,1.46,4.50
2011.02.02 16:33:14.372,5.72831,5.73064,1.46,1.50
2011.02.02 16:33:15.597,5.72831,5.73064,1.46,1.50
2011.02.02 16:33:17.228,5.72815,5.73047,1.46,1.50
2011.02.02 16:33:17.753,5.72862,5.73045,1.26,4.50
2011.02.02 16:33:20.915,5.72828,5.73041,1.11,4.50
2011.02.02 16:33:23.469,5.72828,5.73041,1.11,4.50
2011.02.02 16:33:24.062,5.72858,5.73041,1.20,4.50
2011.02.02 16:33:24.408,5.72833,5.73052,1.14,1.30
2011.02.02 16:33:24.518,5.72867,5.73052,1.20,1.30
2011.02.02 16:33:25.619,5.72833,5.73052,1.14,1.30
2011.02.02 16:33:25.774,5.72833,5.73052,1.14,1.30
2011.02.02 16:33:27.292,5.72833,5.73052,1.14,1.30
2011.02.02 16:33:27.629,5.72868,5.73052,1.20,1.30
2011.02.02 16:33:28.061,5.72833,5.73052,1.14,1.30
2011.02.02 16:33:29.392,5.72833,5.73052,1.14,1.30
2011.02.02 16:33:29.897,5.72834,5.73052,11.85,1.30
2011.02.02 16:33:30.229,5.72865,5.73058,4.50,1.45
2011.02.02 16:33:30.348,5.72865,5.73064,4.93,1.17
2011.02.02 16:33:30.750,5.72865,5.73064,4.93,1.54
2011.02.02 16:33:30.871,5.72865,5.73064,4.93,1.39
2011.02.02 16:33:31.608,5.72867,5.73069,1.11,1.62
2011.02.02 16:33:31.859,5.72865,5.73064,11.83,1.39
2011.02.02 16:33:32.281,5.72868,5.73069,1.08,1.47
2011.02.02 16:33:32.407,5.72855,5.73064,1.08,1.54
2011.02.02 16:33:33.243,5.72868,5.73065,1.08,1.54
2011.02.02 16:33:33.468,5.72872,5.73065,1.16,1.17
2011.02.02 16:33:33.800,5.72856,5.73064,1.35,1.54
2011.02.02 16:33:34.454,5.72856,5.73065,1.08,3.42
2011.02.02 16:33:34.678,5.72856,5.73065,1.46,3.42
2011.02.02 16:33:35.007,5.72856,5.73065,1.08,2.48
2011.02.02 16:33:35.389,5.72856,5.73065,1.46,2.48
2011.02.02 16:33:35.683,5.72856,5.73065,1.35,2.10
2011.02.02 16:33:36.130,5.72856,5.73065,1.46,2.48
2011.02.02 16:33:36.552,5.72856,5.73065,1.35,2.10
2011.02.02 16:33:38.794,5.72877,5.73083,1.71,3.08
2011.02.02 16:33:45.368,5.72877,5.73083,1.11,2.10
2011.02.02 16:33:45.530,5.72877,5.73083,1.71,3.08
2011.02.02 16:33:46.117,5.72888,5.73083,1.20,2.33
2011.02.02 16:33:47.267,5.72889,5.73098,1.14,2.84
2011.02.02 16:33:47.641,5.72887,5.73093,1.14,1.98
2011.02.02 16:33:49.035,5.72883,5.73082,1.27,1.20
2011.02.02 16:33:49.259,5.72872,5.73073,1.04,1.20
2011.02.02 16:33:49.493,5.72889,5.73098,1.14,2.84
2011.02.02 16:33:50.114,5.72887,5.73093,1.14,1.98
2011.02.02 16:33:50.441,5.72877,5.73073,10.78,1.20
2011.02.02 16:33:51.022,5.72857,5.73068,1.08,2.48
2011.02.02 16:33:51.144,5.72857,5.73068,1.46,2.48
2011.02.02 16:33:51.259,5.72868,5.73068,1.11,2.29
2011.02.02 16:33:52.359,5.72877,5.73072,1.11,1.09
2011.02.02 16:33:52.593,5.72857,5.73068,1.35,2.29
2011.02.02 16:33:52.899,5.72888,5.73089,1.20,10.20
2011.02.02 16:33:53.375,5.72886,5.73093,1.14,1.60
2011.02.02 16:33:53.837,5.72886,5.73093,1.14,1.98
2011.02.02 16:33:54.516,5.72886,5.73098,1.14,2.84
2011.02.02 16:33:55.060,5.72886,5.73093,1.14,1.98
2011.02.02 16:33:56.037,5.72886,5.73093,1.14,1.60
2011.02.02 16:33:56.590,5.72886,5.73098,1.14,1.45
2011.02.02 16:33:56.722,5.72886,5.73098,1.14,2.84
2011.02.02 16:33:57.184,5.72886,5.73093,1.14,1.98
2011.02.02 16:33:57.546,5.72877,5.73093,1.65,1.98
2011.02.02 16:33:58.040,5.72898,5.73093,1.20,1.83
2011.02.02 16:33:58.159,5.72907,5.73098,1.20,1.60
2011.02.02 16:34:03.383,5.72886,5.73098,1.14,2.84
2011.02.02 16:34:03.962,5.72877,5.73073,1.41,1.20
2011.02.02 16:34:04.311,5.72856,5.73065,1.46,2.48
2011.02.02 16:34:04.792,5.72856,5.73065,1.35,2.10
2011.02.02 16:34:08.833,5.72877,5.73082,1.11,2.48
2011.02.02 16:34:09.571,5.72872,5.73082,1.46,2.48
2011.02.02 16:34:11.894,5.73025,5.73217,4.50,1.08
2011.02.02 16:34:12.009,5.73057,5.7322,3.75,4.17
2011.02.02 16:34:12.119,5.73025,5.7322,4.71,4.17
2011.02.02 16:34:13.688,5.73006,5.73214,3.96,3.98
2011.02.02 16:34:15.474,5.73006,5.73214,3.96,3.98
2011.02.02 16:34:16.102,5.73006,5.73223,4.11,1.20
2011.02.02 16:34:19.559,5.73006,5.73226,10.30,1.50
2011.02.02 16:34:19.790,5.73038,5.73226,1.11,1.50
2011.02.02 16:34:20.217,5.73039,5.73233,9.79,1.50
2011.02.02 16:34:20.331,5.73039,5.73263,9.79,2.65
2011.02.02 16:34:21.219,5.73039,5.73254,9.98,1.50
2011.02.02 16:34:21.449,5.73039,5.73254,9.79,1.58
2011.02.02 16:34:21.910,5.73039,5.73254,9.98,1.50
2011.02.02 16:34:22.128,5.73039,5.73254,9.79,1.58
2011.02.02 16:34:22.584,5.73039,5.73254,4.05,4.20
2011.02.02 16:34:23.000,5.73039,5.73254,10.20,1.65
2011.02.02 16:34:24.135,5.73039,5.73254,3.90,3.98
2011.02.02 16:34:25.831,5.73039,5.73254,9.79,1.58
2011.02.02 16:34:26.048,5.73039,5.73254,3.90,3.98
2011.02.02 16:34:26.566,5.73039,5.73254,9.79,1.58
2011.02.02 16:34:27.009,5.73048,5.73186,9.93,1.50
2011.02.02 16:34:27.472,5.73054,5.73186,1.14,1.50
2011.02.02 16:34:27.588,5.73075,5.732,5.01,1.50
2011.02.02 16:34:28.078,5.73082,5.732,3.75,1.50
2011.02.02 16:34:28.910,5.73075,5.73206,4.93,1.50
2011.02.02 16:34:29.029,5.73082,5.73206,3.75,1.50
2011.02.02 16:34:29.358,5.73075,5.73208,4.93,1.50
2011.02.02 16:34:30.820,5.73053,5.73192,4.18,1.50
2011.02.02 16:34:31.254,5.73075,5.73192,4.93,1.50
2011.02.02 16:34:32.280,5.73075,5.73199,5.01,1.50
2011.02.02 16:34:32.859,5.73075,5.732,5.08,1.50
2011.02.02 16:34:33.763,5.73077,5.732,5.08,1.50
2011.02.02 16:34:34.423,5.7308,5.73213,2.40,1.50
2011.02.02 16:34:35.769,5.73115,5.73213,4.50,1.50
2011.02.02 16:34:35.888,5.73115,5.73221,4.50,1.50
2011.02.02 16:34:35.999,5.73115,5.73221,4.79,1.50
2011.02.02 16:34:36.554,5.73108,5.73258,1.33,1.50
2011.02.02 16:34:36.673,5.73108,5.73249,1.33,1.50
2011.02.02 16:34:39.273,5.73106,5.73242,4.18,1.50
2011.02.02 16:34:40.019,5.73087,5.7323,1.18,1.50
2011.02.02 16:34:40.805,5.73064,5.73219,4.18,1.50
2011.02.02 16:34:40.927,5.73046,5.73206,2.38,1.50
2011.02.02 16:34:41.625,5.73046,5.73207,1.18,1.50
2011.02.02 16:34:42.430,5.73074,5.73196,4.71,1.50
2011.02.02 16:34:42.874,5.73054,5.73209,9.96,1.50
2011.02.02 16:34:42.997,5.73074,5.73216,8.68,1.50
2011.02.02 16:34:43.993,5.73094,5.7323,3.75,1.50
2011.02.02 16:34:44.111,5.73078,5.7323,1.18,1.50
2011.02.02 16:34:44.343,5.73073,5.73228,4.33,1.50
2011.02.02 16:34:44.464,5.73088,5.73228,1.20,1.50
2011.02.02 16:34:44.925,5.73123,5.73244,4.33,1.50
2011.02.02 16:34:45.041,5.73123,5.73256,4.33,1.50
2011.02.02 16:34:45.731,5.73104,5.7325,2.76,1.50
2011.02.02 16:34:46.861,5.73104,5.7324,1.18,1.50
2011.02.02 16:34:47.460,5.73094,5.7324,3.97,1.50
2011.02.02 16:34:47.587,5.73064,5.7323,4.93,1.50
2011.02.02 16:34:47.979,5.73077,5.73221,1.07,1.50
2011.02.02 16:34:48.537,5.73061,5.73203,1.14,1.50
2011.02.02 16:34:49.298,5.73078,5.73193,1.20,1.50
2011.02.02 16:34:49.882,5.73078,5.73208,1.20,1.50
2011.02.02 16:34:50.397,5.73077,5.73208,1.14,1.50
2011.02.02 16:34:51.566,5.73007,5.73134,1.05,1.50
2011.02.02 16:34:51.679,5.72984,5.73134,2.81,1.50
2011.02.02 16:34:52.929,5.73129,5.73217,3.75,1.30
2011.02.02 16:34:53.048,5.73129,5.73273,3.75,2.25
2011.02.02 16:34:53.158,5.73129,5.73293,3.75,1.58
2011.02.02 16:34:53.757,5.73129,5.73293,3.75,1.50
2011.02.02 16:34:55.483,5.73105,5.73283,9.93,3.94
2011.02.02 16:34:55.828,5.73029,5.73228,3.96,1.50
2011.02.02 16:34:56.160,5.73055,5.73304,4.71,3.75
2011.02.02 16:34:56.278,5.7306,5.73314,3.96,3.75
2011.02.02 16:34:57.121,5.73067,5.73318,3.96,1.13
2011.02.02 16:35:01.009,5.73067,5.73316,3.96,5.25
2011.02.02 16:35:05.547,5.73124,5.73324,4.71,1.50
2011.02.02 16:35:07.440,5.73154,5.7331,3.96,1.50
2011.02.02 16:35:07.780,5.73165,5.7331,4.50,1.50
2011.02.02 16:35:08.184,5.73205,5.73318,4.71,1.50
2011.02.02 16:35:08.307,5.73209,5.73332,4.18,1.50
2011.02.02 16:35:08.422,5.73209,5.73355,4.18,1.50
2011.02.02 16:35:08.543,5.73196,5.73355,10.14,1.50
2011.02.02 16:35:08.978,5.73196,5.73345,10.14,1.50
2011.02.02 16:35:10.678,5.73209,5.73345,3.75,1.50
2011.02.02 16:35:11.008,5.73209,5.73345,3.97,1.50
2011.02.02 16:35:11.420,5.73209,5.73361,3.97,1.50
2011.02.02 16:35:11.542,5.73209,5.73348,3.97,1.50
2011.02.02 16:35:12.001,5.73205,5.73338,11.83,1.50
2011.02.02 16:35:12.431,5.73205,5.73357,11.83,1.50
2011.02.02 16:35:12.557,5.73195,5.73346,4.32,1.50
2011.02.02 16:35:12.780,5.73195,5.73342,4.32,1.50
2011.02.02 16:35:14.989,5.73207,5.73351,1.07,1.50
2011.02.02 16:35:15.711,5.73208,5.73341,4.05,1.50
2011.02.02 16:35:15.939,5.73195,5.73341,10.14,1.50
2011.02.02 16:35:17.001,5.73188,5.73341,9.95,1.50
2011.02.02 16:35:19.079,5.73223,5.73352,1.36,1.50
2011.02.02 16:35:19.298,5.73209,5.73352,10.12,1.50
2011.02.02 16:35:19.410,5.73209,5.73352,3.97,1.50
2011.02.02 16:35:19.531,5.73209,5.73363,3.97,1.50
2011.02.02 16:35:20.062,5.73209,5.7335,3.97,1.50
2011.02.02 16:35:21.537,5.73217,5.7335,9.93,1.50
2011.02.02 16:35:21.873,5.73244,5.7335,11.70,1.50
2011.02.02 16:35:21.992,5.73262,5.73378,9.96,1.50
2011.02.02 16:35:22.537,5.73272,5.7341,1.07,1.50
2011.02.02 16:35:22.652,5.73251,5.7341,2.57,1.50
2011.02.02 16:35:23.099,5.73251,5.73401,2.57,1.50
2011.02.02 16:35:23.670,5.73268,5.73412,1.11,1.50
2011.02.02 16:35:24.285,5.73267,5.73412,2.38,1.50
2011.02.02 16:35:25.294,5.73294,5.73427,4.87,1.50
2011.02.02 16:35:26.220,5.73257,5.73427,1.33,1.50
2011.02.02 16:35:26.340,5.7325,5.73413,2.49,1.50
2011.02.02 16:35:26.841,5.7325,5.73399,2.49,1.50
2011.02.02 16:35:27.646,5.73294,5.73399,11.81,1.50
2011.02.02 16:35:27.761,5.73294,5.73429,11.81,1.50
2011.02.02 16:35:27.988,5.73294,5.73432,11.81,1.50
2011.02.02 16:35:28.542,5.73294,5.73432,4.87,1.50
2011.02.02 16:35:29.478,5.73294,5.73432,12.15,1.50
2011.02.02 16:35:29.860,5.73303,5.73432,1.36,1.50
2011.02.02 16:35:29.982,5.73295,5.73425,4.72,1.50
2011.02.02 16:35:30.320,5.73268,5.73415,3.21,1.50
2011.02.02 16:35:30.852,5.73294,5.73415,4.50,1.50
2011.02.02 16:35:30.970,5.73294,5.73491,4.58,1.50
2011.02.02 16:35:31.088,5.73294,5.73481,4.50,1.50
2011.02.02 16:35:31.858,5.73294,5.73493,4.50,3.98
2011.02.02 16:35:33.708,5.73294,5.73502,4.50,2.28
2011.02.02 16:35:33.819,5.73268,5.73487,2.57,1.50
2011.02.02 16:35:35.191,5.73268,5.73487,2.83,1.65
2011.02.02 16:35:35.770,5.73268,5.73487,2.83,4.20
2011.02.02 16:35:35.887,5.73272,5.73487,1.07,1.58
2011.02.02 16:35:36.215,5.73287,5.73487,1.07,1.50
2011.02.02 16:35:36.761,5.73287,5.7348,1.07,1.50
2011.02.02 16:35:36.880,5.73272,5.7348,1.07,1.50
2011.02.02 16:35:37.258,5.73272,5.73475,1.07,1.50
2011.02.02 16:35:37.667,5.73278,5.73485,2.57,1.58
2011.02.02 16:35:38.930,5.73283,5.73485,4.18,3.98
2011.02.02 16:35:39.282,5.73283,5.73485,4.33,1.58
2011.02.02 16:35:39.941,5.73297,5.73485,1.14,1.50
2011.02.02 16:35:40.270,5.73325,5.73501,1.08,1.50
2011.02.02 16:35:40.776,5.73333,5.73529,10.12,1.50
2011.02.02 16:35:41.637,5.73342,5.73531,1.36,1.50
2011.02.02 16:35:41.754,5.73342,5.7354,1.27,1.50
2011.02.02 16:35:41.871,5.73341,5.7354,10.31,1.50
2011.02.02 16:35:42.285,5.73374,5.73525,4.50,1.50
2011.02.02 16:35:42.922,5.73378,5.73525,9.75,1.50
2011.02.02 16:35:43.037,5.73392,5.73547,1.05,1.50
2011.02.02 16:35:43.150,5.73374,5.73547,12.18,1.50
2011.02.02 16:35:43.765,5.73397,5.73574,1.14,1.50
2011.02.02 16:35:44.347,5.73415,5.73562,11.85,1.50
2011.02.02 16:35:45.139,5.73423,5.73562,1.14,1.50
2011.02.02 16:35:45.256,5.73479,5.73644,1.14,1.50
2011.02.02 16:35:45.649,5.73479,5.73666,1.14,1.50
2011.02.02 16:35:45.991,5.73508,5.73666,1.20,1.50
2011.02.02 16:35:46.338,5.73508,5.73677,1.20,1.50
2011.02.02 16:35:47.424,5.73479,5.73677,1.14,1.50
2011.02.02 16:35:47.546,5.73479,5.73679,1.14,1.50
2011.02.02 16:35:48.405,5.73479,5.7368,1.14,1.50
2011.02.02 16:35:48.749,5.73538,5.73691,1.20,1.50
2011.02.02 16:35:49.194,5.73523,5.73691,1.14,1.50
2011.02.02 16:35:49.651,5.73507,5.73717,10.51,1.30
2011.02.02 16:35:50.104,5.73507,5.73707,1.14,1.50
2011.02.02 16:35:50.219,5.73507,5.73716,1.14,2.05
2011.02.02 16:35:50.830,5.73507,5.73708,1.14,1.50
2011.02.02 16:35:50.957,5.73518,5.73708,1.20,2.25
2011.02.02 16:35:51.075,5.73527,5.73708,1.20,2.25
2011.02.02 16:35:51.610,5.73517,5.73708,1.20,2.25
2011.02.02 16:35:51.747,5.73507,5.73708,1.20,2.25
2011.02.02 16:35:51.880,5.73507,5.7369,1.20,1.50
2011.02.02 16:35:52.597,5.73497,5.7369,1.11,1.50
2011.02.02 16:35:52.818,5.73497,5.73692,1.11,1.50
2011.02.02 16:35:53.729,5.73528,5.73711,1.20,1.50
2011.02.02 16:35:54.251,5.73506,5.73711,1.14,1.50
2011.02.02 16:35:54.696,5.73497,5.73691,1.11,1.50
2011.02.02 16:35:54.818,5.73438,5.73667,1.16,2.95
2011.02.02 16:35:54.930,5.73433,5.73653,2.85,2.58
2011.02.02 16:35:55.610,5.73443,5.73648,1.12,2.05
2011.02.02 16:35:55.950,5.73447,5.73648,1.05,2.05
2011.02.02 16:35:56.409,5.73443,5.73648,1.61,2.24
2011.02.02 16:35:57.215,5.73432,5.73635,1.28,2.20
2011.02.02 16:35:57.439,5.73448,5.73635,1.05,2.05
2011.02.02 16:35:58.358,5.73428,5.73647,10.31,2.20
2011.02.02 16:35:58.579,5.73428,5.73639,9.93,2.58
2011.02.02 16:35:58.700,5.73428,5.73637,3.97,4.53
2011.02.02 16:35:59.092,5.7343,5.73637,1.36,2.05
2011.02.02 16:35:59.431,5.73437,5.73637,1.20,2.05
2011.02.02 16:35:59.770,5.73447,5.73639,1.20,1.30
2011.02.02 16:36:00.705,5.73446,5.73649,1.14,2.05
2011.02.02 16:36:01.040,5.73454,5.73657,11.85,1.30
2011.02.02 16:36:01.159,5.73454,5.73673,11.85,1.30
2011.02.02 16:36:01.533,5.73471,5.73675,1.14,2.05
2011.02.02 16:36:01.658,5.73471,5.73681,1.14,1.30
2011.02.02 16:36:02.677,5.73488,5.73697,1.14,1.30
2011.02.02 16:36:03.013,5.73487,5.7368,1.14,2.05
2011.02.02 16:36:03.433,5.73488,5.73673,1.20,1.30
2011.02.02 16:36:03.558,5.73486,5.73688,1.14,2.05
2011.02.02 16:36:04.201,5.73486,5.73688,1.14,2.05
2011.02.02 16:36:04.581,5.73486,5.73695,1.14,1.49
2011.02.02 16:36:05.251,5.73495,5.73695,11.85,1.49
2011.02.02 16:36:05.373,5.7353,5.73715,1.36,2.05
2011.02.02 16:36:05.935,5.73496,5.7371,1.27,4.65
2011.02.02 16:36:06.269,5.73497,5.7371,1.11,2.25
2011.02.02 16:36:06.766,5.73497,5.73703,1.11,1.50
2011.02.02 16:36:07.172,5.73497,5.73703,1.11,1.50
2011.02.02 16:36:07.779,5.73512,5.73716,1.14,2.05
2011.02.02 16:36:08.001,5.73497,5.73713,1.11,1.30
2011.02.02 16:36:08.120,5.73497,5.73709,1.11,2.25
2011.02.02 16:36:08.594,5.73518,5.7371,1.20,1.50
2011.02.02 16:36:08.779,5.73518,5.73715,1.20,2.05
2011.02.02 16:36:09.605,5.73513,5.73717,1.14,2.24
2011.02.02 16:36:10.264,5.73535,5.73729,11.85,2.05
2011.02.02 16:36:10.389,5.73571,5.73769,1.14,2.05
2011.02.02 16:36:10.961,5.73571,5.73769,1.14,2.05
2011.02.02 16:36:11.084,5.73588,5.73769,1.20,2.05
2011.02.02 16:36:11.418,5.73597,5.73769,1.20,2.05
2011.02.02 16:36:11.654,5.73587,5.73771,1.20,2.05
2011.02.02 16:36:11.769,5.73578,5.73771,1.20,2.05
2011.02.02 16:36:12.268,5.73568,5.73765,1.20,1.30
2011.02.02 16:36:12.383,5.73567,5.73751,1.20,2.25
2011.02.02 16:36:12.888,5.73587,5.73751,1.20,1.50
2011.02.02 16:36:13.218,5.73571,5.73751,1.14,1.50
2011.02.02 16:36:13.798,5.73571,5.7378,1.14,1.49
2011.02.02 16:36:13.924,5.73571,5.7378,1.14,1.49
2011.02.02 16:36:14.042,5.73571,5.7378,1.14,1.49
2011.02.02 16:36:15.628,5.73574,5.7378,4.35,1.49
2011.02.02 16:36:17.581,5.73587,5.7378,1.20,1.49
2011.02.02 16:36:17.697,5.73574,5.7378,4.35,1.49
2011.02.02 16:36:18.102,5.73588,5.7378,1.20,1.49
2011.02.02 16:36:18.438,5.73574,5.7378,4.35,1.49
2011.02.02 16:36:18.769,5.73574,5.7378,4.35,1.49
2011.02.02 16:36:19.291,5.73581,5.7378,4.17,1.49
2011.02.02 16:36:19.568,5.73569,5.7378,4.70,1.49
2011.02.02 16:36:19.677,5.73571,5.7378,1.14,1.49
2011.02.02 16:36:19.803,5.73569,5.7378,4.70,1.49
2011.02.02 16:36:20.508,5.73571,5.7378,1.14,1.49
2011.02.02 16:36:20.839,5.73583,5.7378,4.35,1.49
2011.02.02 16:36:21.919,5.73575,5.7378,1.58,2.76
2011.02.02 16:36:23.079,5.73573,5.73765,1.58,1.30
2011.02.02 16:36:23.310,5.73563,5.73765,1.50,2.88
2011.02.02 16:36:23.764,5.73511,5.73705,3.97,11.85
2011.02.02 16:36:23.881,5.73472,5.73681,2.24,2.22
2011.02.02 16:36:24.001,5.73472,5.73681,1.05,1.60
2011.02.02 16:36:24.469,5.73483,5.73696,1.05,4.64
2011.02.02 16:36:24.692,5.73469,5.73694,9.75,1.36
2011.02.02 16:36:25.148,5.73478,5.73668,1.20,4.49
2011.02.02 16:36:25.480,5.73468,5.7367,1.20,1.49
2011.02.02 16:36:25.967,5.73459,5.7367,1.14,1.49
2011.02.02 16:36:26.721,5.73487,5.7367,1.20,1.30
2011.02.02 16:36:27.063,5.73459,5.7367,1.14,1.30
2011.02.02 16:36:27.618,5.73443,5.73652,1.14,1.30
2011.02.02 16:36:27.738,5.73497,5.7367,1.20,1.30
2011.02.02 16:36:28.102,5.73459,5.7367,1.14,1.49
2011.02.02 16:36:28.229,5.73443,5.73652,1.14,1.30
2011.02.02 16:36:28.880,5.73443,5.73652,1.14,1.30
2011.02.02 16:36:29.474,5.73443,5.73652,1.14,1.30
2011.02.02 16:36:29.590,5.73443,5.73652,1.14,1.30
2011.02.02 16:36:31.143,5.73446,5.73653,1.14,2.05
2011.02.02 16:36:31.601,5.73446,5.73658,1.14,1.30
2011.02.02 16:36:32.033,5.73446,5.73658,1.14,1.30
2011.02.02 16:36:32.799,5.73458,5.73658,1.20,1.30
2011.02.02 16:36:32.909,5.73446,5.73658,1.14,1.30
2011.02.02 16:36:33.251,5.73457,5.73658,1.20,1.30
2011.02.02 16:36:33.623,5.73467,5.73658,1.20,1.30
2011.02.02 16:36:33.948,5.73446,5.73658,1.14,1.30
2011.02.02 16:36:34.587,5.73446,5.73658,1.14,1.30
2011.02.02 16:36:34.761,5.73498,5.73658,1.20,1.30
2011.02.02 16:36:36.099,5.73446,5.73658,1.14,1.30
2011.02.02 16:36:36.488,5.73446,5.73658,1.14,1.30
2011.02.02 16:36:37.343,5.73446,5.73658,1.14,1.30
2011.02.02 16:36:38.144,5.73446,5.73658,1.14,1.30
2011.02.02 16:36:38.876,5.73518,5.73658,1.20,1.30
2011.02.02 16:36:39.051,5.73508,5.73658,1.20,1.30
2011.02.02 16:36:39.330,5.73446,5.73658,1.14,1.30
2011.02.02 16:36:39.957,5.73446,5.73658,1.14,1.30
2011.02.02 16:36:40.081,5.73446,5.73658,1.14,1.30
2011.02.02 16:36:40.354,5.73446,5.73658,1.14,1.30
2011.02.02 16:36:40.948,5.73487,5.73658,1.20,1.49
2011.02.02 16:36:41.061,5.73446,5.73658,1.14,2.88
2011.02.02 16:36:41.180,5.73434,5.73643,1.14,2.76
2011.02.02 16:36:41.645,5.73405,5.73588,9.98,1.30
2011.02.02 16:36:41.767,5.73378,5.73588,1.14,1.30
2011.02.02 16:36:42.730,5.73378,5.73588,1.14,1.30
2011.02.02 16:36:42.851,5.73447,5.73602,1.20,1.49
2011.02.02 16:36:43.294,5.73447,5.73602,1.20,1.30
2011.02.02 16:36:43.392,5.73408,5.73619,1.14,1.30
2011.02.02 16:36:43.511,5.73434,5.73635,1.14,2.43
2011.02.02 16:36:44.076,5.73497,5.73643,1.20,1.30
2011.02.02 16:36:44.319,5.73434,5.73643,1.14,1.30
2011.02.02 16:36:44.569,5.73434,5.73643,1.14,1.30
2011.02.02 16:36:45.431,5.73434,5.73643,1.14,1.30
2011.02.02 16:36:45.573,5.73478,5.73643,1.20,1.30
2011.02.02 16:36:45.795,5.73434,5.73643,1.14,1.30
2011.02.02 16:36:45.963,5.73434,5.73643,1.14,1.30
2011.02.02 16:36:46.412,5.7345,5.73661,1.14,1.30
2011.02.02 16:36:46.750,5.73518,5.73661,1.20,1.30
2011.02.02 16:36:46.978,5.7345,5.73661,1.14,1.30
2011.02.02 16:36:47.434,5.73478,5.7366,1.20,4.49
2011.02.02 16:36:50.335,5.73468,5.73643,1.20,1.30
2011.02.02 16:36:50.668,5.73468,5.73632,1.20,1.30
2011.02.02 16:36:51.601,5.73488,5.73644,1.20,1.30
2011.02.02 16:36:51.806,5.73478,5.73644,1.20,1.30
2011.02.02 16:36:52.496,5.73478,5.73632,1.20,1.30
2011.02.02 16:36:52.810,5.73467,5.73632,1.20,1.30
2011.02.02 16:36:53.035,5.73418,5.73632,1.11,1.30
2011.02.02 16:36:53.778,5.73477,5.73644,1.20,1.30
2011.02.02 16:36:55.073,5.73433,5.73644,1.14,1.30
2011.02.02 16:36:55.611,5.73433,5.73644,1.14,1.30
2011.02.02 16:36:56.453,5.73433,5.73644,1.14,1.30
2011.02.02 16:36:56.570,5.73478,5.73644,1.20,1.30
2011.02.02 16:36:56.835,5.73433,5.73644,1.14,1.30
2011.02.02 16:36:57.134,5.73421,5.73632,9.98,1.30
2011.02.02 16:36:57.575,5.73438,5.73624,1.20,1.65
2011.02.02 16:36:57.697,5.73391,5.73602,1.14,1.30
2011.02.02 16:36:58.801,5.73404,5.73612,11.85,1.30
2011.02.02 16:36:59.393,5.73467,5.73633,1.20,2.05
2011.02.02 16:36:59.511,5.73457,5.73633,1.20,2.05
2011.02.02 16:36:59.741,5.73427,5.73633,1.14,2.05
2011.02.02 16:37:00.188,5.7341,5.73604,1.14,2.24
2011.02.02 16:37:00.306,5.73438,5.73595,1.20,1.49
2011.02.02 16:37:00.420,5.73418,5.73595,1.20,1.49
2011.02.02 16:37:00.870,5.73386,5.73595,1.14,1.49
2011.02.02 16:37:00.983,5.73378,5.73563,1.34,1.09
2011.02.02 16:37:01.105,5.73335,5.73543,10.30,1.02
2011.02.02 16:37:01.541,5.73323,5.73523,4.65,1.20
2011.02.02 16:37:01.663,5.73337,5.73528,1.20,1.05
2011.02.02 16:37:02.561,5.73343,5.73537,1.14,1.84
2011.02.02 16:37:02.790,5.73337,5.73537,1.11,6.34
2011.02.02 16:37:03.829,5.73337,5.73537,1.11,1.02
2011.02.02 16:37:04.583,5.73337,5.73537,1.11,2.59
2011.02.02 16:37:05.220,5.73337,5.73537,1.11,2.40
2011.02.02 16:37:05.557,5.73337,5.73537,1.11,1.09
2011.02.02 16:37:05.941,5.73337,5.73537,1.71,2.74
2011.02.02 16:37:06.537,5.73328,5.73533,1.16,1.08
2011.02.02 16:37:06.956,5.73337,5.73534,1.71,4.62
2011.02.02 16:37:07.288,5.73294,5.73495,9.98,1.02
2011.02.02 16:37:07.913,5.73287,5.73495,1.11,2.40
2011.02.02 16:37:09.053,5.73287,5.73495,1.11,1.02
2011.02.02 16:37:09.169,5.73287,5.73492,1.11,1.08
2011.02.02 16:37:09.309,5.73287,5.73495,1.11,2.40
2011.02.02 16:37:09.639,5.73287,5.73492,1.11,1.08
2011.02.02 16:37:10.009,5.73298,5.73495,1.20,2.74
2011.02.02 16:37:11.069,5.73286,5.73483,1.20,1.20
2011.02.02 16:37:11.178,5.73286,5.73478,1.20,3.12
2011.02.02 16:37:11.750,5.73248,5.73456,1.11,4.69
2011.02.02 16:37:12.366,5.73277,5.7347,1.20,2.37
2011.02.02 16:37:12.593,5.73277,5.73473,1.74,1.23
2011.02.02 16:37:12.712,5.73277,5.73483,1.14,4.56
2011.02.02 16:37:13.629,5.73277,5.73488,1.14,1.30
2011.02.02 16:37:14.154,5.73277,5.73488,1.14,1.30
2011.02.02 16:37:14.311,5.73277,5.73488,1.14,1.30
2011.02.02 16:37:14.539,5.73277,5.73488,1.14,1.30
2011.02.02 16:37:15.090,5.73277,5.73488,1.14,1.30
2011.02.02 16:37:15.142,5.73316,5.73507,1.14,1.50
2011.02.02 16:37:15.267,5.73316,5.73507,1.14,1.50
2011.02.02 16:37:15.841,5.73388,5.73498,1.20,1.50
2011.02.02 16:37:16.080,5.73343,5.73542,1.14,1.50
2011.02.02 16:37:16.203,5.73343,5.73554,1.14,1.30
2011.02.02 16:37:16.809,5.73343,5.73554,1.14,1.30
2011.02.02 16:37:17.627,5.73337,5.73551,1.11,2.25
2011.02.02 16:37:17.962,5.73337,5.73518,1.11,1.50
2011.02.02 16:37:18.426,5.73327,5.7351,1.20,1.50
2011.02.02 16:37:19.360,5.73347,5.73512,1.20,2.05
2011.02.02 16:37:19.704,5.73319,5.73527,1.14,2.05
2011.02.02 16:37:19.820,5.73319,5.73516,1.14,2.05
2011.02.02 16:37:20.346,5.73303,5.73512,1.14,1.30
2011.02.02 16:37:20.458,5.73303,5.73509,1.14,1.50
2011.02.02 16:37:21.422,5.73288,5.73495,1.11,1.50
2011.02.02 16:37:21.780,5.73288,5.73495,1.11,1.69
2011.02.02 16:37:22.352,5.73288,5.73495,1.11,1.69
2011.02.02 16:37:22.692,5.73288,5.73495,1.11,1.69
2011.02.02 16:37:22.922,5.73318,5.73503,1.14,1.50
2011.02.02 16:37:23.545,5.73338,5.73517,1.20,2.05
2011.02.02 16:37:23.667,5.73302,5.73506,1.14,1.50
2011.02.02 16:37:24.229,5.73357,5.73513,1.20,1.30
2011.02.02 16:37:24.575,5.73368,5.73513,1.20,1.30
2011.02.02 16:37:24.701,5.73358,5.73553,1.14,2.05
2011.02.02 16:37:24.827,5.73388,5.73552,1.20,1.30
2011.02.02 16:37:25.401,5.73361,5.7357,1.14,1.30
2011.02.02 16:37:26.078,5.73448,5.73587,1.20,2.44
2011.02.02 16:37:26.194,5.73448,5.73595,1.20,1.49
2011.02.02 16:37:26.481,5.73448,5.73595,1.20,1.30
2011.02.02 16:37:27.018,5.73448,5.73597,1.20,1.50
2011.02.02 16:37:27.138,5.73443,5.73655,1.14,1.30
2011.02.02 16:37:27.251,5.73458,5.73657,1.11,2.25
2011.02.02 16:37:27.691,5.73518,5.73657,1.20,1.50
2011.02.02 16:37:27.815,5.73468,5.7367,1.14,1.50
2011.02.02 16:37:29.139,5.73468,5.73681,1.14,2.25
2011.02.02 16:37:29.250,5.73468,5.73681,1.14,2.25
2011.02.02 16:37:29.647,5.73468,5.73682,1.14,1.30
2011.02.02 16:37:30.068,5.73577,5.73682,1.20,1.30
2011.02.02 16:37:30.187,5.73568,5.73718,1.20,1.50
2011.02.02 16:37:30.796,5.73511,5.73718,1.14,1.50
2011.02.02 16:37:30.918,5.73607,5.73756,1.20,2.25
2011.02.02 16:37:31.033,5.73598,5.73756,1.20,1.50
2011.02.02 16:37:31.150,5.73598,5.73756,1.20,2.25
2011.02.02 16:37:31.604,5.73497,5.73723,1.11,1.30
2011.02.02 16:37:31.721,5.73497,5.73723,1.11,1.30
2011.02.02 16:37:31.846,5.73588,5.73723,1.20,1.30
2011.02.02 16:37:32.314,5.73588,5.73726,1.20,4.30
2011.02.02 16:37:32.438,5.73567,5.73737,1.20,1.30
2011.02.02 16:37:32.772,5.73562,5.73727,2.48,3.75
2011.02.02 16:37:33.230,5.73547,5.73715,1.14,4.49
2011.02.02 16:37:33.340,5.73557,5.73708,1.20,1.49
2011.02.02 16:37:34.121,5.73568,5.7371,1.20,4.69
2011.02.02 16:37:34.226,5.73537,5.73748,1.11,4.69
2011.02.02 16:37:34.339,5.73537,5.73748,1.11,4.69
2011.02.02 16:37:34.815,5.73537,5.73748,1.11,4.69
2011.02.02 16:37:35.260,5.73537,5.73738,1.11,3.75
2011.02.02 16:37:35.726,5.73537,5.73742,1.11,1.69
2011.02.02 16:37:36.632,5.73537,5.73742,1.11,1.69
2011.02.02 16:37:37.823,5.73537,5.73742,1.11,1.69
2011.02.02 16:37:40.199,5.73587,5.73742,1.20,1.69
2011.02.02 16:37:40.552,5.73537,5.73751,1.11,2.44
2011.02.02 16:37:42.501,5.73587,5.73751,1.20,2.44
2011.02.02 16:37:42.878,5.73537,5.73751,1.11,2.44
2011.02.02 16:37:43.296,5.73537,5.73751,1.11,2.44
2011.02.02 16:37:44.138,5.73588,5.73751,1.20,2.44
2011.02.02 16:37:44.888,5.73598,5.73751,1.20,2.44
2011.02.02 16:37:45.000,5.73537,5.73751,1.11,2.44
2011.02.02 16:37:45.332,5.73537,5.73751,1.11,2.44
2011.02.02 16:37:45.559,5.73577,5.73751,1.20,2.44
2011.02.02 16:37:45.907,5.73537,5.73751,1.11,2.44
2011.02.02 16:37:46.026,5.73597,5.73752,1.20,2.44
2011.02.02 16:37:46.139,5.73537,5.73752,1.11,2.52
2011.02.02 16:37:46.938,5.7355,5.73757,1.14,4.49
2011.02.02 16:37:47.161,5.7355,5.73759,1.14,2.76
2011.02.02 16:37:47.390,5.73537,5.73742,1.44,1.08
2011.02.02 16:37:48.055,5.73548,5.73743,1.20,2.52
2011.02.02 16:37:48.217,5.73537,5.73743,1.11,2.95
2011.02.02 16:37:48.439,5.73532,5.73737,1.14,10.26
2011.02.02 16:37:48.945,5.73527,5.73718,1.20,1.60
2011.02.02 16:37:49.066,5.73508,5.73718,1.14,1.45
2011.02.02 16:37:49.402,5.73488,5.73703,1.33,1.08
2011.02.02 16:37:49.886,5.73491,5.73712,1.14,1.49
2011.02.02 16:37:50.589,5.73517,5.73712,1.20,1.49
2011.02.02 16:37:50.706,5.73491,5.73711,1.14,2.40
2011.02.02 16:37:50.822,5.73491,5.73711,1.14,4.65
2011.02.02 16:37:50.939,5.73507,5.73702,1.20,1.05
2011.02.02 16:37:51.053,5.73491,5.73704,1.14,2.25
2011.02.02 16:37:51.482,5.73508,5.73704,1.11,1.58
2011.02.02 16:37:51.609,5.73528,5.73719,1.20,1.24
2011.02.02 16:37:52.585,5.73527,5.73719,1.20,1.24
2011.02.02 16:37:53.138,5.73517,5.73719,1.20,3.18
2011.02.02 16:37:53.703,5.73508,5.73719,1.11,1.09
2011.02.02 16:37:53.828,5.7348,5.73677,1.65,2.48
2011.02.02 16:37:54.162,5.73468,5.73677,1.11,2.10
2011.02.02 16:37:54.590,5.73502,5.7369,1.26,1.80
2011.02.02 16:37:54.718,5.73528,5.73733,1.11,2.48
2011.02.02 16:37:54.832,5.73528,5.73744,1.11,2.25
2011.02.02 16:37:55.295,5.7355,5.73744,1.14,1.50
2011.02.02 16:37:55.416,5.73567,5.73759,1.20,2.37
2011.02.02 16:37:55.652,5.73547,5.73743,1.71,1.20
2011.02.02 16:37:56.178,5.73527,5.73723,1.14,1.19
2011.02.02 16:37:56.401,5.73527,5.73723,1.11,1.09
2011.02.02 16:37:56.792,5.73528,5.73727,1.11,1.50
2011.02.02 16:37:56.911,5.73557,5.73731,1.20,1.50
2011.02.02 16:37:57.023,5.73557,5.73748,1.20,1.05
2011.02.02 16:37:57.477,5.73547,5.73743,1.11,1.09
2011.02.02 16:37:57.596,5.73548,5.73757,1.11,1.17
2011.02.02 16:37:57.709,5.73548,5.73757,1.11,1.17
2011.02.02 16:37:58.334,5.73533,5.73742,1.14,1.38
2011.02.02 16:37:58.472,5.73526,5.73723,3.98,2.46
2011.02.02 16:37:58.699,5.73508,5.7372,1.14,2.29
2011.02.02 16:37:59.232,5.73518,5.7372,1.20,2.70
2011.02.02 16:37:59.533,5.73528,5.7372,1.20,1.05
2011.02.02 16:38:00.368,5.73507,5.73704,1.71,2.33
2011.02.02 16:38:01.060,5.73517,5.73708,1.20,1.05
2011.02.02 16:38:01.851,5.73463,5.73665,4.19,2.48
2011.02.02 16:38:02.568,5.73428,5.73637,1.11,2.48
2011.02.02 16:38:02.789,5.73427,5.73637,1.08,2.48
2011.02.02 16:38:03.354,5.73548,5.73661,1.71,1.50
2011.02.02 16:38:03.580,5.73548,5.73733,1.71,1.09
2011.02.02 16:38:04.492,5.73548,5.73715,1.50,5.24
2011.02.02 16:38:04.613,5.73477,5.73703,1.11,1.30
2011.02.02 16:38:05.828,5.73498,5.73703,1.20,1.30
2011.02.02 16:38:06.159,5.73517,5.7372,1.20,1.49
2011.02.02 16:38:06.610,5.73505,5.7372,11.85,1.30
2011.02.02 16:38:06.735,5.73527,5.73735,1.11,1.50
2011.02.02 16:38:07.528,5.73528,5.73744,1.11,1.30
2011.02.02 16:38:07.645,5.73527,5.73744,1.11,1.38
2011.02.02 16:38:09.055,5.73505,5.73744,12.06,2.65
2011.02.02 16:38:09.401,5.73505,5.73742,12.06,1.98
2011.02.02 16:38:10.092,5.73528,5.73744,1.71,1.45
2011.02.02 16:38:10.209,5.73505,5.73744,12.18,2.76
2011.02.02 16:38:10.438,5.73505,5.73742,12.06,1.98
2011.02.02 16:38:10.934,5.73505,5.73751,12.06,4.71
2011.02.02 16:38:11.268,5.73528,5.7376,1.11,2.88
2011.02.02 16:38:11.810,5.73544,5.73777,12.18,4.17
2011.02.02 16:38:12.397,5.73542,5.73773,1.26,1.20
2011.02.02 16:38:12.516,5.73526,5.73767,1.35,2.33
2011.02.02 16:38:12.739,5.73526,5.73763,1.46,1.09
2011.02.02 16:38:13.100,5.73526,5.73761,1.46,2.29
2011.02.02 16:38:13.356,5.73542,5.73761,1.26,1.05
2011.02.02 16:38:13.997,5.73526,5.73762,1.46,1.09
2011.02.02 16:38:14.118,5.73563,5.73773,1.04,2.40
2011.02.02 16:38:14.229,5.73568,5.73773,1.46,1.50
2011.02.02 16:38:14.912,5.73567,5.73785,1.07,2.76
2011.02.02 16:38:15.320,5.73552,5.73782,2.94,1.79
2011.02.02 16:38:15.439,5.73557,5.73773,1.08,1.09
2011.02.02 16:38:16.052,5.73568,5.73777,1.71,4.69
2011.02.02 16:38:16.306,5.73559,5.73773,1.27,1.02
2011.02.02 16:38:16.962,5.73568,5.73777,1.71,4.69
2011.02.02 16:38:20.790,5.73559,5.73772,1.16,1.02
2011.02.02 16:38:22.420,5.73567,5.73777,1.11,4.69
2011.02.02 16:38:22.540,5.73559,5.73773,1.27,1.02
2011.02.02 16:38:22.811,5.73568,5.73777,1.11,4.69
2011.02.02 16:38:23.879,5.73563,5.73772,1.04,1.09
2011.02.02 16:38:24.167,5.73568,5.73777,1.11,4.69
2011.02.02 16:38:25.679,5.73559,5.73772,1.16,1.02
2011.02.02 16:38:25.797,5.73568,5.73781,1.11,4.69
2011.02.02 16:38:26.238,5.73562,5.73773,1.26,1.09
2011.02.02 16:38:26.475,5.73568,5.73781,1.71,4.69
2011.02.02 16:38:27.281,5.73568,5.73781,1.71,4.50
2011.02.02 16:38:27.398,5.73568,5.73781,1.11,4.50
2011.02.02 16:38:28.012,5.73577,5.73782,1.20,1.30
2011.02.02 16:38:28.134,5.73573,5.73782,1.14,1.30
2011.02.02 16:38:28.250,5.73573,5.73782,1.14,1.30
2011.02.02 16:38:28.594,5.73573,5.73787,1.27,1.04
2011.02.02 16:38:28.932,5.73572,5.73783,1.36,1.45
2011.02.02 16:38:29.052,5.73568,5.73783,1.41,2.88
2011.02.02 16:38:29.427,5.73572,5.73783,1.36,1.45
2011.02.02 16:38:30.205,5.73572,5.73783,1.14,1.30
2011.02.02 16:38:30.322,5.73568,5.73783,1.46,1.38
2011.02.02 16:38:31.400,5.73577,5.73783,1.20,1.30
2011.02.02 16:38:32.309,5.73568,5.73783,1.65,1.38
2011.02.02 16:38:32.524,5.73572,5.73783,1.14,1.30
2011.02.02 16:38:32.769,5.73572,5.73783,1.36,1.45
2011.02.02 16:38:32.892,5.73577,5.73783,1.20,1.30
2011.02.02 16:38:33.412,5.73568,5.73783,1.46,1.38
2011.02.02 16:38:34.279,5.73568,5.73783,1.07,2.65
2011.02.02 16:38:34.627,5.73572,5.73783,1.14,1.30
2011.02.02 16:38:35.248,5.73572,5.73783,1.36,1.45
2011.02.02 16:38:36.441,5.73572,5.73783,1.14,1.30
2011.02.02 16:38:36.877,5.73607,5.738,1.20,1.30
2011.02.02 16:38:37.259,5.73589,5.738,1.14,1.30
2011.02.02 16:38:37.941,5.73607,5.738,1.20,1.30
2011.02.02 16:38:38.358,5.73598,5.738,1.20,1.30
2011.02.02 16:38:38.730,5.73568,5.738,1.44,2.58
2011.02.02 16:38:38.960,5.73572,5.73788,1.27,1.26
2011.02.02 16:38:39.524,5.73556,5.73773,1.46,1.02
2011.02.02 16:38:40.655,5.73568,5.7378,1.71,4.69
2011.02.02 16:38:41.146,5.73572,5.73783,1.36,1.45
2011.02.02 16:38:41.536,5.73568,5.73783,1.07,2.65
2011.02.02 16:38:41.653,5.73572,5.73783,1.36,1.45
2011.02.02 16:38:42.030,5.73572,5.73783,1.14,1.30
2011.02.02 16:38:42.268,5.73568,5.73783,1.65,1.38
2011.02.02 16:38:43.151,5.73572,5.73783,1.14,1.30
2011.02.02 16:38:43.489,5.73567,5.73782,9.93,2.28
2011.02.02 16:38:43.600,5.73567,5.73768,4.11,1.05
2011.02.02 16:38:45.460,5.73555,5.7378,1.46,10.28
2011.02.02 16:38:46.138,5.73555,5.73773,1.46,1.02
2011.02.02 16:38:46.470,5.73587,5.7379,1.14,4.30
2011.02.02 16:38:46.698,5.73568,5.73797,10.71,2.84
2011.02.02 16:38:47.125,5.73568,5.73782,11.02,1.38
2011.02.02 16:38:47.887,5.73571,5.73782,1.14,1.30
2011.02.02 16:38:48.994,5.73568,5.73782,1.46,1.30
2011.02.02 16:38:50.749,5.73577,5.73782,1.20,1.30
2011.02.02 16:38:51.274,5.73568,5.73797,1.33,1.45
2011.02.02 16:38:51.502,5.73564,5.73782,2.38,1.79
2011.02.02 16:38:51.621,5.73557,5.73764,1.11,2.33
2011.02.02 16:38:52.718,5.73508,5.73723,1.05,1.98
2011.02.02 16:38:52.834,5.73497,5.73723,1.44,1.60
2011.02.02 16:38:53.283,5.73527,5.7374,1.07,2.22
2011.02.02 16:38:54.139,5.73527,5.73756,1.44,2.76
2011.02.02 16:38:54.528,5.73527,5.73743,1.07,1.60
2011.02.02 16:38:54.869,5.73542,5.73756,1.36,1.45
2011.02.02 16:38:55.202,5.73567,5.73776,1.65,1.50
2011.02.02 16:38:55.661,5.73554,5.7378,12.13,2.29
2011.02.02 16:38:56.080,5.73517,5.73739,4.26,2.48
2011.02.02 16:38:56.188,5.73517,5.73739,10.71,2.70
2011.02.02 16:38:56.984,5.73527,5.73742,1.07,2.28
2011.02.02 16:38:57.103,5.73517,5.73724,4.11,2.33
2011.02.02 16:38:57.660,5.73515,5.73728,1.42,1.05
2011.02.02 16:38:58.077,5.73528,5.73742,1.65,1.56
2011.02.02 16:38:58.192,5.73528,5.7374,1.07,2.22
2011.02.02 16:38:58.688,5.73528,5.73742,1.46,1.49
2011.02.02 16:38:58.851,5.73528,5.73742,1.46,1.30
2011.02.02 16:38:58.970,5.73542,5.73756,1.36,1.45
2011.02.02 16:38:59.352,5.73558,5.73756,1.20,1.30
2011.02.02 16:38:59.476,5.73568,5.7378,1.65,4.69
2011.02.02 16:39:01.460,5.73548,5.73777,3.21,1.30
2011.02.02 16:39:01.582,5.73548,5.73765,1.18,2.48
2011.02.02 16:39:02.119,5.73531,5.73765,2.57,2.48
2011.02.02 16:39:02.233,5.73533,5.73765,1.07,2.48
2011.02.02 16:39:03.617,5.73567,5.73782,1.07,6.03
2011.02.02 16:39:04.128,5.73568,5.73782,1.46,1.30
2011.02.02 16:39:04.698,5.73568,5.73782,1.07,2.46
2011.02.02 16:39:06.482,5.73555,5.73781,12.02,2.29
2011.02.02 16:39:06.877,5.73555,5.73773,11.83,1.20
2011.02.02 16:39:08.907,5.73557,5.73781,1.33,2.70
2011.02.02 16:39:09.938,5.73555,5.73773,11.83,1.20
2011.02.02 16:39:10.838,5.73552,5.7378,1.07,14.01
2011.02.02 16:39:10.949,5.73553,5.73773,1.08,1.09
2011.02.02 16:39:11.100,5.73547,5.73765,1.33,2.33
2011.02.02 16:39:12.031,5.73553,5.73772,1.16,1.09
2011.02.02 16:39:12.371,5.73542,5.73765,1.07,2.10
2011.02.02 16:39:12.597,5.73553,5.73768,1.42,1.05
2011.02.02 16:39:15.070,5.73577,5.7378,1.20,4.50
2011.02.02 16:39:15.311,5.73608,5.73821,1.34,1.69
2011.02.02 16:39:15.428,5.73612,5.73824,1.36,6.51
2011.02.02 16:39:15.538,5.73612,5.73824,1.36,2.95
2011.02.02 16:39:16.600,5.73618,5.73824,1.20,2.80
2011.02.02 16:39:16.722,5.73608,5.73824,1.65,2.88
2011.02.02 16:39:17.580,5.73607,5.73824,1.07,6.51
2011.02.02 16:39:17.702,5.73597,5.73808,1.20,1.05
2011.02.02 16:39:18.126,5.73597,5.73815,1.46,2.33
2011.02.02 16:39:18.589,5.73593,5.73812,1.16,1.09
2011.02.02 16:39:18.711,5.73597,5.73815,1.46,2.33
2011.02.02 16:39:19.425,5.73608,5.73822,1.71,1.45
2011.02.02 16:39:19.750,5.73608,5.73822,1.71,1.64
2011.02.02 16:39:20.538,5.73597,5.73822,1.46,1.49
2011.02.02 16:39:20.653,5.73608,5.73822,1.11,1.56
2011.02.02 16:39:21.939,5.73597,5.73808,1.20,2.37
2011.02.02 16:39:22.510,5.73602,5.73813,1.26,1.09
2011.02.02 16:39:22.847,5.73597,5.73808,1.08,1.09
2011.02.02 16:39:27.111,5.73583,5.73808,1.07,2.76
2011.02.02 16:39:28.957,5.73593,5.73808,1.16,2.22
2011.02.02 16:39:29.116,5.73587,5.73808,1.11,3.18
2011.02.02 16:39:29.450,5.73597,5.73808,1.42,1.24
2011.02.02 16:39:30.437,5.73602,5.73813,1.26,1.09
2011.02.02 16:39:31.263,5.73603,5.73812,1.04,1.09
2011.02.02 16:39:31.649,5.73618,5.73822,1.20,1.30
2011.02.02 16:39:31.758,5.73623,5.73826,1.27,2.05
2011.02.02 16:39:32.204,5.73608,5.73825,1.65,1.38
2011.02.02 16:39:33.349,5.7361,5.73838,10.31,2.20
2011.02.02 16:39:34.316,5.73613,5.73837,1.27,1.38
2011.02.02 16:39:34.857,5.73635,5.73841,11.85,1.30
2011.02.02 16:39:34.969,5.73656,5.73864,1.14,3.75
2011.02.02 16:39:35.550,5.73656,5.73869,1.14,2.25
2011.02.02 16:39:35.677,5.73672,5.73869,1.14,1.50
2011.02.02 16:39:35.792,5.73672,5.73879,1.14,2.24
2011.02.02 16:39:35.910,5.73672,5.73879,1.14,2.24
2011.02.02 16:39:36.460,5.73727,5.7389,1.20,1.50
2011.02.02 16:39:36.579,5.73696,5.7389,1.14,1.50
2011.02.02 16:39:37.418,5.73696,5.73912,1.14,1.30
2011.02.02 16:39:37.789,5.73727,5.73912,1.20,1.30
2011.02.02 16:39:38.008,5.73696,5.73912,1.14,1.30
2011.02.02 16:39:43.098,5.73696,5.73912,1.14,1.30
2011.02.02 16:39:44.291,5.73696,5.73912,1.14,1.30
2011.02.02 16:39:45.625,5.73696,5.73906,1.14,4.50
2011.02.02 16:39:45.741,5.73688,5.73906,1.11,4.50
2011.02.02 16:39:46.394,5.73688,5.73906,1.11,4.50
2011.02.02 16:39:46.618,5.73688,5.73906,1.11,4.58
2011.02.02 16:39:47.324,5.73697,5.73906,1.20,4.50
2011.02.02 16:39:47.928,5.73698,5.73906,1.20,4.69
2011.02.02 16:39:48.428,5.73688,5.73902,1.71,1.09
2011.02.02 16:39:48.539,5.73693,5.73906,1.27,4.09
2011.02.02 16:39:48.870,5.73695,5.73906,1.14,4.50
2011.02.02 16:39:49.098,5.73708,5.73912,1.20,1.30
2011.02.02 16:39:49.944,5.73717,5.73912,1.20,1.30
2011.02.02 16:39:50.169,5.73695,5.73912,1.14,1.30
2011.02.02 16:39:50.822,5.73713,5.73922,1.14,1.30
2011.02.02 16:39:52.888,5.73738,5.73922,1.20,1.30
2011.02.02 16:39:53.358,5.73727,5.73922,1.20,1.30
2011.02.02 16:39:53.580,5.73696,5.73912,1.14,1.30
2011.02.02 16:39:53.700,5.7371,5.73921,1.14,1.49
2011.02.02 16:39:54.357,5.73738,5.73943,1.20,1.50
2011.02.02 16:39:54.475,5.73754,5.73964,1.14,1.49
2011.02.02 16:39:54.591,5.73758,5.73964,1.20,1.49
2011.02.02 16:39:55.137,5.73754,5.73964,1.14,1.49
2011.02.02 16:39:55.254,5.73753,5.73964,1.36,1.49
2011.02.02 16:39:55.901,5.73728,5.73952,1.11,1.49
2011.02.02 16:39:56.441,5.73737,5.73952,1.14,1.49
2011.02.02 16:39:56.561,5.73745,5.73952,9.98,1.49
2011.02.02 16:39:56.680,5.73745,5.73952,9.83,1.49
2011.02.02 16:39:57.304,5.73737,5.73952,1.14,1.49
2011.02.02 16:39:57.735,5.73732,5.73952,1.05,1.49
2011.02.02 16:39:58.068,5.73737,5.73952,1.14,1.49
2011.02.02 16:39:58.398,5.73754,5.73964,1.14,1.30
2011.02.02 16:39:58.508,5.73735,5.73964,10.31,1.38
2011.02.02 16:39:58.915,5.73695,5.73913,1.14,1.30
2011.02.02 16:39:59.031,5.73695,5.73913,1.14,1.38
2011.02.02 16:39:59.173,5.73695,5.73913,1.14,1.30
2011.02.02 16:40:00.142,5.73717,5.73913,1.20,1.30
2011.02.02 16:40:00.274,5.73695,5.73913,1.14,1.30
2011.02.02 16:40:01.052,5.73695,5.73913,1.14,1.38
2011.02.02 16:40:01.289,5.73695,5.73913,1.14,1.30
2011.02.02 16:40:01.693,5.73697,5.73913,1.20,1.45
2011.02.02 16:40:02.504,5.73657,5.73873,1.20,1.45
2011.02.02 16:40:03.389,5.73637,5.73846,1.93,11.85
2011.02.02 16:40:03.517,5.73615,5.73823,1.05,1.60
2011.02.02 16:40:03.634,5.73607,5.73824,1.65,1.30
2011.02.02 16:40:04.092,5.73614,5.73825,1.14,1.30
2011.02.02 16:40:04.449,5.73613,5.73825,1.36,1.45
2011.02.02 16:40:05.929,5.73608,5.73825,1.14,1.38
2011.02.02 16:40:09.429,5.73633,5.73825,3.96,2.10
2011.02.02 16:40:09.759,5.7364,5.73853,3.97,2.48
2011.02.02 16:40:09.869,5.7364,5.73861,4.18,2.48
2011.02.02 16:40:09.978,5.7364,5.73861,4.18,2.48
2011.02.02 16:40:10.503,5.7364,5.73852,4.18,1.20
2011.02.02 16:40:10.620,5.7364,5.73852,4.18,1.20
2011.02.02 16:40:11.129,5.73648,5.73861,1.41,2.70
2011.02.02 16:40:11.249,5.73684,5.73861,4.50,2.70
2011.02.02 16:40:11.701,5.73684,5.73892,11.83,1.20
2011.02.02 16:40:11.823,5.73692,5.73908,1.14,1.17
2011.02.02 16:40:12.473,5.73692,5.73903,1.14,2.10
2011.02.02 16:40:12.810,5.73692,5.73903,1.14,2.48
2011.02.02 16:40:13.391,5.73695,5.73912,9.98,1.09
2011.02.02 16:40:13.517,5.73691,5.73903,1.14,1.09
2011.02.02 16:40:13.742,5.73718,5.73907,1.20,1.05
2011.02.02 16:40:14.175,5.73691,5.73902,1.14,1.09
2011.02.02 16:40:14.511,5.73691,5.73912,1.14,1.09
2011.02.02 16:40:15.728,5.73691,5.73895,1.14,12.14
2011.02.02 16:40:15.844,5.73667,5.73853,2.10,1.60
2011.02.02 16:40:16.294,5.73663,5.73853,1.05,1.60
2011.02.02 16:40:16.416,5.73734,5.73903,4.50,1.30
2011.02.02 16:40:19.025,5.73711,5.73903,3.75,1.30
2011.02.02 16:40:19.473,5.73711,5.73903,3.75,1.30
2011.02.02 16:40:20.496,5.73694,5.73822,3.75,1.30
2011.02.02 16:40:20.612,5.7366,5.73822,3.75,1.30
2011.02.02 16:40:21.310,5.73654,5.73822,4.50,1.30
2011.02.02 16:40:22.012,5.73654,5.73822,4.50,1.30
2011.02.02 16:40:31.181,5.73626,5.73822,3.75,1.30
2011.02.02 16:40:31.411,5.73618,5.73822,3.75,1.30
2011.02.02 16:40:31.868,5.73605,5.73783,4.50,1.30
2011.02.02 16:40:31.981,5.73605,5.73783,4.50,1.30
2011.02.02 16:40:33.230,5.73611,5.73797,3.75,2.80
2011.02.02 16:40:33.702,5.73618,5.73797,3.75,2.80
2011.02.02 16:40:33.818,5.73597,5.73797,3.75,1.30
2011.02.02 16:40:33.931,5.73597,5.73783,3.75,1.30
2011.02.02 16:40:43.238,5.73597,5.73783,3.75,1.30
2011.02.02 16:40:43.348,5.73577,5.73783,6.00,1.30
2011.02.02 16:40:45.364,5.7358,5.73783,3.94,1.30
2011.02.02 16:40:45.592,5.73602,5.73799,3.75,1.30
2011.02.02 16:40:46.867,5.73609,5.73784,3.75,1.30
2011.02.02 16:40:47.655,5.73623,5.73802,3.75,2.80
2011.02.02 16:40:48.704,5.73633,5.73802,3.75,1.30
2011.02.02 16:40:50.718,5.73632,5.73802,3.75,2.80
2011.02.02 16:40:51.144,5.73612,5.73802,3.75,2.80
2011.02.02 16:40:51.612,5.73633,5.738,3.75,2.05
2011.02.02 16:40:51.971,5.73611,5.73797,3.75,2.05
2011.02.02 16:40:52.096,5.73632,5.73801,3.75,1.30
2011.02.02 16:40:52.322,5.73591,5.73784,3.75,1.30
2011.02.02 16:40:52.734,5.73591,5.73783,3.75,1.30
2011.02.02 16:40:54.619,5.73581,5.73783,3.75,2.80
2011.02.02 16:40:54.739,5.73604,5.73783,4.50,2.80
2011.02.02 16:40:55.181,5.73604,5.73785,4.50,1.30
2011.02.02 16:40:55.630,5.73623,5.73785,3.75,1.30
2011.02.02 16:40:56.590,5.73605,5.73792,4.50,1.30
2011.02.02 16:40:57.037,5.73588,5.73792,3.97,1.30
2011.02.02 16:40:57.142,5.73581,5.73783,3.75,1.30
2011.02.02 16:40:57.773,5.73604,5.73783,4.50,1.30
2011.02.02 16:40:58.223,5.73604,5.73785,4.50,1.30
2011.02.02 16:40:58.490,5.73601,5.73785,3.75,1.30
2011.02.02 16:40:58.613,5.73577,5.73742,3.75,1.30
2011.02.02 16:40:59.053,5.73569,5.73742,3.75,1.30
2011.02.02 16:41:00.956,5.73568,5.73742,3.75,1.30
2011.02.02 16:41:01.072,5.7358,5.7376,3.75,1.30
2011.02.02 16:41:01.728,5.73568,5.73742,3.75,1.30
2011.02.02 16:41:03.689,5.73568,5.73742,3.75,1.30
2011.02.02 16:41:04.177,5.73568,5.73743,3.75,1.30
2011.02.02 16:41:05.976,5.7358,5.73759,3.75,1.30
2011.02.02 16:41:09.958,5.73585,5.73767,4.71,2.25
2011.02.02 16:41:10.288,5.73615,5.73811,4.50,2.48
2011.02.02 16:41:10.785,5.73631,5.73819,3.97,4.17
2011.02.02 16:41:11.143,5.73631,5.73753,3.97,1.20
2011.02.02 16:41:11.262,5.73599,5.73794,3.97,4.35
2011.02.02 16:41:11.721,5.73619,5.73794,3.97,4.35
2011.02.02 16:41:11.901,5.73619,5.73794,3.97,4.35
2011.02.02 16:41:12.131,5.73619,5.73743,3.97,1.20
2011.02.02 16:41:12.250,5.7361,5.73743,3.97,1.20
2011.02.02 16:41:12.632,5.7361,5.73753,3.75,1.98
2011.02.02 16:41:12.759,5.73574,5.73723,4.50,1.20
2011.02.02 16:41:12.875,5.73574,5.73761,4.72,4.35
2011.02.02 16:41:14.623,5.73574,5.73761,4.72,4.35
2011.02.02 16:41:14.743,5.73577,5.73761,4.05,4.17
2011.02.02 16:41:15.302,5.7359,5.73772,3.75,4.35
2011.02.02 16:41:15.954,5.7359,5.73782,3.97,5.73
2011.02.02 16:41:16.561,5.73582,5.73772,3.97,4.35
2011.02.02 16:41:16.684,5.73574,5.73772,4.72,4.35
2011.02.02 16:41:19.258,5.73574,5.73757,4.72,4.35
2011.02.02 16:41:19.369,5.7359,5.73768,3.75,4.35
2011.02.02 16:41:19.763,5.7359,5.73758,3.75,4.35
2011.02.02 16:41:19.884,5.73578,5.73758,3.97,4.35
2011.02.02 16:41:20.223,5.7359,5.7377,3.75,4.35
2011.02.02 16:41:20.342,5.7359,5.73763,3.97,1.20
2011.02.02 16:41:20.830,5.7359,5.73752,3.97,1.20
2011.02.02 16:41:22.031,5.7359,5.7377,3.97,4.35
2011.02.02 16:41:23.080,5.7359,5.73772,3.97,1.20
2011.02.02 16:41:23.501,5.7359,5.73782,3.97,5.73
2011.02.02 16:41:24.618,5.7359,5.73772,3.97,1.20
2011.02.02 16:41:24.727,5.7359,5.73762,3.97,1.20
2011.02.02 16:41:24.838,5.7359,5.73782,3.97,5.73
2011.02.02 16:41:25.138,5.73614,5.73782,4.50,5.54
2011.02.02 16:41:25.251,5.73614,5.73791,4.50,4.58
2011.02.02 16:41:25.942,5.73632,5.73792,3.97,1.20
2011.02.02 16:41:26.278,5.73611,5.73783,4.16,1.20
2011.02.02 16:41:26.499,5.73631,5.73783,3.97,1.20
2011.02.02 16:41:29.458,5.73631,5.73783,3.75,1.20
2011.02.02 16:41:29.567,5.7361,5.73783,4.16,1.20
2011.02.02 16:41:30.069,5.7361,5.73808,4.16,4.35
2011.02.02 16:41:30.409,5.7361,5.73782,3.97,1.20
2011.02.02 16:41:31.292,5.73632,5.73782,3.75,1.20
2011.02.02 16:41:31.810,5.73632,5.73782,3.97,1.20
2011.02.02 16:41:32.039,5.73632,5.73782,3.75,1.20
2011.02.02 16:41:32.148,5.73611,5.73808,3.97,4.35
2011.02.02 16:41:34.497,5.73611,5.73767,4.72,4.17
2011.02.02 16:41:34.616,5.73631,5.73767,3.97,1.50
2011.02.02 16:41:35.869,5.73631,5.73767,3.97,1.58
2011.02.02 16:41:36.508,5.73631,5.73767,3.97,1.50
2011.02.02 16:41:36.946,5.73631,5.73779,3.97,1.65
2011.02.02 16:41:37.367,5.73631,5.73767,3.75,1.50
2011.02.02 16:41:37.487,5.73631,5.73767,3.97,1.58
2011.02.02 16:41:39.089,5.73631,5.73771,3.97,1.50
2011.02.02 16:41:41.127,5.73631,5.73761,3.97,1.50
2011.02.02 16:41:41.561,5.73631,5.73773,3.97,1.65
2011.02.02 16:41:41.869,5.73631,5.73785,3.97,1.50
2011.02.02 16:41:42.209,5.73655,5.73785,4.50,1.50
2011.02.02 16:41:42.696,5.73672,5.73816,3.97,1.65
2011.02.02 16:41:43.996,5.73672,5.73817,3.97,4.58
2011.02.02 16:41:44.236,5.73672,5.73817,3.97,1.50
2011.02.02 16:41:45.129,5.73673,5.73817,1.27,1.50
2011.02.02 16:41:45.348,5.73672,5.73826,10.12,1.50
2011.02.02 16:41:45.829,5.73672,5.73836,10.12,1.50
2011.02.02 16:41:47.149,5.73672,5.73841,10.12,1.50
2011.02.02 16:41:47.458,5.73704,5.73841,4.58,1.50
2011.02.02 16:41:48.004,5.73715,5.73846,4.12,1.50
2011.02.02 16:41:48.124,5.73715,5.73863,4.12,1.50
2011.02.02 16:41:49.031,5.73717,5.73863,1.14,1.50
2011.02.02 16:41:49.378,5.73725,5.73863,1.06,1.50
2011.02.02 16:41:49.499,5.73743,5.73884,4.27,1.50
2011.02.02 16:41:51.224,5.73743,5.73889,3.97,1.50
2011.02.02 16:41:53.300,5.73756,5.73889,3.83,1.50
2011.02.02 16:41:53.529,5.73735,5.73889,9.93,1.50
2011.02.02 16:41:54.251,5.73756,5.73889,3.75,1.50
2011.02.02 16:41:54.368,5.73735,5.73889,10.27,1.50
2011.02.02 16:41:55.113,5.73743,5.73882,3.97,1.50
2011.02.02 16:41:57.268,5.73708,5.73857,1.05,1.50
2011.02.02 16:41:57.599,5.73728,5.73874,1.18,1.50
2011.02.02 16:41:59.950,5.73746,5.73874,4.18,1.50
2011.02.02 16:42:00.309,5.73746,5.73895,4.18,1.50
2011.02.02 16:42:01.236,5.73746,5.73906,4.18,1.50
2011.02.02 16:42:01.355,5.73746,5.73897,4.18,1.50
2011.02.02 16:42:01.470,5.73746,5.73897,4.18,1.50
2011.02.02 16:42:01.728,5.73746,5.73897,4.18,1.50
2011.02.02 16:42:02.897,5.73746,5.73892,4.18,1.50
2011.02.02 16:42:04.082,5.73764,5.73899,1.05,1.50
2011.02.02 16:42:04.420,5.73787,5.73926,3.96,1.50
2011.02.02 16:42:04.538,5.73787,5.73926,4.18,1.50
2011.02.02 16:42:06.746,5.73752,5.7391,1.18,1.50
2011.02.02 16:42:08.547,5.73779,5.7391,9.96,1.50
2011.02.02 16:42:08.664,5.73787,5.73935,4.18,1.50
2011.02.02 16:42:08.889,5.73775,5.73935,4.18,1.50
2011.02.02 16:42:09.443,5.73787,5.7393,4.18,1.50
2011.02.02 16:42:09.760,5.73787,5.73942,4.18,1.50
2011.02.02 16:42:10.311,5.73787,5.73932,4.18,1.50
2011.02.02 16:42:10.424,5.73787,5.73941,10.78,1.50
2011.02.02 16:42:10.648,5.73814,5.73974,4.93,1.50
2011.02.02 16:42:11.130,5.73806,5.73966,1.18,1.50
2011.02.02 16:42:11.250,5.7379,5.73973,1.18,1.50
2011.02.02 16:42:11.479,5.73815,5.73973,4.93,1.50
2011.02.02 16:42:13.338,5.73815,5.73981,4.93,1.50
2011.02.02 16:42:13.447,5.73815,5.73971,4.93,1.50
2011.02.02 16:42:15.004,5.73792,5.73963,1.18,1.95
2011.02.02 16:42:15.230,5.73792,5.73963,1.18,1.65
2011.02.02 16:42:16.016,5.73792,5.73954,1.18,1.50
2011.02.02 16:42:16.253,5.73786,5.73954,4.18,1.58
2011.02.02 16:42:16.370,5.73767,5.73948,1.18,4.17
2011.02.02 16:42:16.708,5.73767,5.73939,1.18,1.50
2011.02.02 16:42:17.350,5.73767,5.73939,1.18,1.80
2011.02.02 16:42:17.773,5.73767,5.73939,1.18,1.50
2011.02.02 16:42:17.887,5.73767,5.73941,1.18,1.50
2011.02.02 16:42:17.997,5.73767,5.73941,1.18,1.80
2011.02.02 16:42:18.342,5.73766,5.73941,4.18,1.80
2011.02.02 16:42:18.469,5.73751,5.73914,1.18,3.98
2011.02.02 16:42:18.690,5.73725,5.73914,4.93,4.35
2011.02.02 16:42:19.382,5.73725,5.73901,4.93,1.50
2011.02.02 16:42:19.999,5.73725,5.73901,4.93,1.65
2011.02.02 16:42:20.400,5.73703,5.73876,4.72,1.50
2011.02.02 16:42:20.643,5.73666,5.73869,1.18,4.35
2011.02.02 16:42:21.228,5.73658,5.73849,1.18,4.58
2011.02.02 16:42:21.356,5.7364,5.73849,4.18,4.35
2011.02.02 16:42:21.920,5.73654,5.73818,4.71,1.50
2011.02.02 16:42:22.259,5.73654,5.73827,4.93,4.17
2011.02.02 16:42:22.369,5.73654,5.73827,4.93,1.58
2011.02.02 16:42:23.338,5.73654,5.73827,4.93,1.50
2011.02.02 16:42:24.328,5.73704,5.73845,4.18,1.50
2011.02.02 16:42:24.439,5.73704,5.73866,4.18,1.50
2011.02.02 16:42:24.964,5.73704,5.73866,4.18,1.58
2011.02.02 16:42:25.087,5.73657,5.7385,1.18,1.80
2011.02.02 16:42:25.198,5.73649,5.73837,4.18,1.50
2011.02.02 16:42:25.309,5.73655,5.73837,4.93,1.65
2011.02.02 16:42:25.961,5.73662,5.73838,3.97,1.80
2011.02.02 16:42:26.188,5.73662,5.73846,3.97,1.58
2011.02.02 16:42:28.383,5.73666,5.73846,3.97,3.98
2011.02.02 16:42:28.637,5.73666,5.73857,3.97,3.98
2011.02.02 16:42:28.888,5.73666,5.73849,3.97,4.17
2011.02.02 16:42:31.088,5.73666,5.7385,3.97,4.35
2011.02.02 16:42:33.038,5.73666,5.73838,3.97,1.50
2011.02.02 16:42:33.147,5.73666,5.73838,3.97,1.65
2011.02.02 16:42:33.379,5.73666,5.73838,3.97,1.50
2011.02.02 16:42:33.711,5.73695,5.73838,4.50,1.50
2011.02.02 16:42:34.065,5.73695,5.73838,4.71,1.50
2011.02.02 16:42:34.187,5.73708,5.7388,4.18,1.50
2011.02.02 16:42:35.460,5.73708,5.73903,4.18,1.95
2011.02.02 16:42:36.554,5.73708,5.73903,4.18,4.95
2011.02.02 16:42:37.038,5.73708,5.73892,4.18,1.20
2011.02.02 16:42:38.739,5.73704,5.73891,4.18,4.35
2011.02.02 16:42:39.302,5.73682,5.73878,4.93,4.35
2011.02.02 16:42:39.639,5.73665,5.73852,1.18,4.35
2011.02.02 16:42:40.732,5.73665,5.73852,1.18,4.17
2011.02.02 16:42:41.677,5.73684,5.73869,4.93,4.58
2011.02.02 16:42:41.899,5.73684,5.73869,4.93,1.65
2011.02.02 16:42:44.028,5.73698,5.73869,1.18,1.65
2011.02.02 16:42:44.726,5.73682,5.73893,4.18,4.35
2011.02.02 16:42:47.433,5.73682,5.73876,4.18,4.35
2011.02.02 16:42:48.148,5.73665,5.73843,1.18,1.20
2011.02.02 16:42:49.195,5.73665,5.73854,1.18,4.35
2011.02.02 16:42:49.499,5.73665,5.73854,1.18,3.98
2011.02.02 16:42:51.135,5.73685,5.73854,4.93,1.50
2011.02.02 16:42:51.249,5.73685,5.73863,4.93,1.65
2011.02.02 16:42:52.884,5.73695,5.73872,4.93,1.58
2011.02.02 16:42:53.890,5.73695,5.73872,4.93,1.73
2011.02.02 16:42:54.571,5.73695,5.73872,4.93,1.58
2011.02.02 16:42:55.653,5.73669,5.73851,1.18,1.65
2011.02.02 16:42:55.990,5.73644,5.73851,4.93,4.35
2011.02.02 16:42:56.408,5.73644,5.73851,4.93,4.17
2011.02.02 16:42:56.520,5.73644,5.73842,4.93,1.20
2011.02.02 16:42:56.639,5.73644,5.73843,4.93,1.73
2011.02.02 16:42:57.068,5.73644,5.73843,4.93,4.35
2011.02.02 16:42:57.178,5.73644,5.73843,4.93,3.98
2011.02.02 16:42:57.298,5.73644,5.73843,4.93,4.95
2011.02.02 16:42:57.568,5.73654,5.73833,4.18,1.58
2011.02.02 16:42:58.112,5.73654,5.73833,4.18,1.73
2011.02.02 16:42:58.229,5.73654,5.73833,4.18,1.65
2011.02.02 16:42:58.337,5.73654,5.73833,4.18,1.95
2011.02.02 16:42:59.771,5.73654,5.73833,4.18,1.58
2011.02.02 16:42:59.887,5.73654,5.73833,4.18,1.73
2011.02.02 16:43:00.419,5.73654,5.73833,4.18,1.58
2011.02.02 16:43:00.821,5.73662,5.73833,1.27,1.50
2011.02.02 16:43:01.389,5.73666,5.73843,3.97,4.20
2011.02.02 16:43:02.827,5.73654,5.73839,4.18,1.80
2011.02.02 16:43:05.308,5.73694,5.73839,4.50,1.50
2011.02.02 16:43:06.077,5.73735,5.73894,4.93,1.50
2011.02.02 16:43:06.410,5.73728,5.73894,4.18,1.65
2011.02.02 16:43:06.979,5.73672,5.73862,1.18,4.58
2011.02.02 16:43:07.099,5.73672,5.73849,1.18,1.50
2011.02.02 16:43:07.331,5.73672,5.73849,1.18,1.80
2011.02.02 16:43:07.759,5.73665,5.73858,3.97,4.58
2011.02.02 16:43:07.876,5.73658,5.73858,1.05,1.65
2011.02.02 16:43:09.177,5.73633,5.73857,4.18,4.35
2011.02.02 16:43:09.510,5.73633,5.73834,9.96,1.65
2011.02.02 16:43:09.911,5.73655,5.73824,4.71,1.50
2011.02.02 16:43:10.260,5.73661,5.7385,2.25,1.50
2011.02.02 16:43:11.368,5.73636,5.73838,2.81,1.50
2011.02.02 16:43:11.751,5.73636,5.73838,2.81,1.50
2011.02.02 16:43:11.871,5.73636,5.73831,2.81,1.50
2011.02.02 16:43:12.372,5.73659,5.73831,1.36,1.50
2011.02.02 16:43:12.871,5.73636,5.73831,1.05,1.65
2011.02.02 16:43:12.989,5.73627,5.73831,1.07,1.65
2011.02.02 16:43:13.495,5.73637,5.73822,1.14,1.50
2011.02.02 16:43:13.831,5.73678,5.73842,1.14,1.50
2011.02.02 16:43:14.321,5.73668,5.73852,1.44,1.58
2011.02.02 16:43:15.210,5.73672,5.73863,1.27,1.65
2011.02.02 16:43:15.440,5.73678,5.73872,1.14,1.58
2011.02.02 16:43:15.832,5.73668,5.73872,1.26,1.50
2011.02.02 16:43:16.457,5.73673,5.73872,1.27,1.95
2011.02.02 16:43:17.029,5.73682,5.73863,1.36,1.65
2011.02.02 16:43:17.786,5.73668,5.73865,1.26,3.98
2011.02.02 16:43:18.681,5.73668,5.73863,1.07,3.98
2011.02.02 16:43:18.908,5.73667,5.73858,1.07,4.17
2011.02.02 16:43:19.305,5.73668,5.73858,1.26,1.65
2011.02.02 16:43:19.757,5.73667,5.73858,1.07,4.17
2011.02.02 16:43:19.873,5.73672,5.73858,1.27,1.80
2011.02.02 16:43:19.992,5.73668,5.73848,1.34,1.50
2011.02.02 16:43:20.667,5.73673,5.73848,1.05,1.50
2011.02.02 16:43:20.999,5.73682,5.73863,1.27,1.65
2011.02.02 16:43:22.129,5.73738,5.73863,1.14,1.50
2011.02.02 16:43:22.244,5.73728,5.73892,1.44,1.50
2011.02.02 16:43:23.300,5.73737,5.73906,1.14,1.50
2011.02.02 16:43:24.688,5.73732,5.73906,1.27,1.50
2011.02.02 16:43:24.908,5.73732,5.73897,1.27,1.50
2011.02.02 16:43:25.669,5.73739,5.73897,1.36,1.50
2011.02.02 16:43:25.822,5.73732,5.73897,1.27,1.50
2011.02.02 16:43:27.890,5.73712,5.73883,4.18,1.20
2011.02.02 16:43:28.394,5.73712,5.73892,3.75,2.44
2011.02.02 16:43:28.517,5.73661,5.73861,2.57,4.35
2011.02.02 16:43:28.644,5.73668,5.73861,1.03,4.58
2011.02.02 16:43:29.198,5.73678,5.73861,2.40,1.80
2011.02.02 16:43:29.432,5.73672,5.73861,1.27,1.80
2011.02.02 16:43:29.769,5.73668,5.73861,1.41,4.58
2011.02.02 16:43:30.449,5.73668,5.73841,1.41,1.50
2011.02.02 16:43:30.779,5.73629,5.73829,9.75,4.35
2011.02.02 16:43:30.889,5.73627,5.73829,1.07,4.35
2011.02.02 16:43:32.788,5.73627,5.73829,1.07,4.17
2011.02.02 16:43:33.007,5.7362,5.73829,2.57,4.35
2011.02.02 16:43:33.880,5.7362,5.73829,2.46,4.35
2011.02.02 16:43:36.060,5.73628,5.73828,1.07,4.35
2011.02.02 16:43:36.574,5.7362,5.73828,2.57,4.35
2011.02.02 16:43:36.808,5.73628,5.73828,1.07,4.35
2011.02.02 16:43:37.592,5.7363,5.73828,3.97,4.35
2011.02.02 16:43:38.401,5.73621,5.73828,2.46,4.35
2011.02.02 16:43:39.925,5.73617,5.73805,1.08,1.58
2011.02.02 16:43:40.042,5.73603,5.73805,9.93,3.98
2011.02.02 16:43:40.270,5.73613,5.73795,1.16,1.50
2011.02.02 16:43:40.390,5.73613,5.73808,1.16,1.65
2011.02.02 16:43:40.850,5.73628,5.7381,1.03,1.50
2011.02.02 16:43:41.241,5.73615,5.7381,10.26,1.65
2011.02.02 16:43:41.369,5.73627,5.7381,1.07,1.50
2011.02.02 16:43:41.869,5.73628,5.7381,1.65,1.50
2011.02.02 16:43:44.620,5.73628,5.7381,1.07,1.65
2011.02.02 16:43:44.737,5.73633,5.73808,1.36,1.50
2011.02.02 16:43:45.327,5.73633,5.73819,1.36,1.80
2011.02.02 16:43:45.691,5.73628,5.73819,1.07,4.17
2011.02.02 16:43:45.921,5.7362,5.73809,1.05,4.58
2011.02.02 16:43:46.150,5.7362,5.73803,1.16,1.58
2011.02.02 16:43:47.550,5.73627,5.73803,1.11,1.50
2011.02.02 16:43:47.823,5.73628,5.73814,1.34,1.65
2011.02.02 16:43:48.416,5.7362,5.73814,1.16,3.98
2011.02.02 16:43:48.749,5.73628,5.73814,1.71,1.65
2011.02.02 16:43:49.119,5.73628,5.73814,1.11,1.50
2011.02.02 16:43:49.611,5.73636,5.73814,1.14,1.50
2011.02.02 16:43:49.840,5.73636,5.73823,1.14,1.50
2011.02.02 16:43:49.960,5.73636,5.73823,1.14,1.58
2011.02.02 16:43:50.621,5.73655,5.73823,4.80,1.58
2011.02.02 16:43:50.919,5.7366,5.73833,1.16,1.50
2011.02.02 16:43:51.307,5.73668,5.73833,1.11,1.50
2011.02.02 16:43:52.220,5.73668,5.73844,1.11,1.50
2011.02.02 16:43:52.534,5.7366,5.73844,1.27,1.50
2011.02.02 16:43:53.120,5.73667,5.73844,1.11,1.50
2011.02.02 16:43:53.649,5.73668,5.73844,1.11,1.50
2011.02.02 16:43:53.759,5.73667,5.73844,1.11,1.50
2011.02.02 16:43:54.108,5.73668,5.73855,1.26,1.58
2011.02.02 16:43:54.227,5.73661,5.73837,1.27,1.50
2011.02.02 16:43:54.749,5.73661,5.73846,1.27,1.58
2011.02.02 16:43:55.102,5.73657,5.73846,1.08,3.98
2011.02.02 16:43:55.329,5.73662,5.73844,1.26,1.65
2011.02.02 16:43:55.658,5.73657,5.73844,1.08,3.98
2011.02.02 16:43:58.726,5.73655,5.73855,4.93,4.35
2011.02.02 16:43:59.167,5.7364,5.73822,3.97,1.98
2011.02.02 16:43:59.284,5.7364,5.73818,3.75,6.23
2011.02.02 16:43:59.403,5.73585,5.73797,9.88,4.35
2011.02.02 16:43:59.958,5.73605,5.73782,12.22,1.58
2011.02.02 16:44:00.071,5.73607,5.73782,1.08,1.58
2011.02.02 16:44:00.195,5.73627,5.73807,1.11,1.50
2011.02.02 16:44:00.611,5.73627,5.73822,1.11,1.65
2011.02.02 16:44:00.726,5.73627,5.73811,1.11,1.50
2011.02.02 16:44:00.948,5.73622,5.73811,1.04,1.80
2011.02.02 16:44:01.513,5.73627,5.73806,1.11,1.50
2011.02.02 16:44:02.103,5.73622,5.73806,1.04,1.65
2011.02.02 16:44:02.779,5.73617,5.7379,1.11,1.50
2011.02.02 16:44:03.116,5.73662,5.73822,1.04,1.50
2011.02.02 16:44:03.233,5.73639,5.73822,10.07,1.58
2011.02.02 16:44:03.677,5.73627,5.73815,1.33,1.50
2011.02.02 16:44:03.797,5.73621,5.73812,1.05,1.20
2011.02.02 16:44:03.908,5.73622,5.73818,1.04,4.58
2011.02.02 16:44:04.130,5.73607,5.73804,1.14,3.98
2011.02.02 16:44:04.543,5.73623,5.73804,1.34,1.65
2011.02.02 16:44:05.037,5.73621,5.73804,1.05,4.20
2011.02.02 16:44:05.430,5.73621,5.73804,1.46,1.58
2011.02.02 16:44:05.770,5.73604,5.73786,1.08,1.58
2011.02.02 16:44:06.398,5.73604,5.73776,1.08,1.50
2011.02.02 16:44:06.510,5.73604,5.73781,1.08,1.50
2011.02.02 16:44:07.993,5.73592,5.73771,1.46,1.50
2011.02.02 16:44:08.222,5.73588,5.73771,1.46,1.50
2011.02.02 16:44:08.760,5.73577,5.73759,1.46,1.50
2011.02.02 16:44:12.124,5.73561,5.73745,1.46,1.50
2011.02.02 16:44:12.686,5.73583,5.73745,1.04,1.50
2011.02.02 16:44:13.325,5.73588,5.73745,1.65,1.50
2011.02.02 16:44:13.443,5.73588,5.73762,1.65,1.50
2011.02.02 16:44:14.063,5.73588,5.73762,1.41,1.65
2011.02.02 16:44:14.358,5.73588,5.73762,1.46,1.50
2011.02.02 16:44:14.903,5.73592,5.73762,1.14,1.50
2011.02.02 16:44:15.238,5.73587,5.73763,1.11,1.65
2011.02.02 16:44:15.350,5.73573,5.73762,10.33,1.20
2011.02.02 16:44:15.868,5.73588,5.73765,1.41,1.65
2011.02.02 16:44:15.980,5.73572,5.73775,10.33,4.35
2011.02.02 16:44:16.102,5.73588,5.73767,1.07,1.65
2011.02.02 16:44:16.774,5.73578,5.73767,1.11,4.58
2011.02.02 16:44:16.890,5.73587,5.73767,1.11,1.65
2011.02.02 16:44:17.118,5.73588,5.73767,1.46,1.50
2011.02.02 16:44:18.285,5.73633,5.73765,1.14,1.50
2011.02.02 16:44:18.754,5.73638,5.73812,1.11,1.50
2011.02.02 16:44:18.868,5.73633,5.73812,1.20,1.50
2011.02.02 16:44:19.486,5.73633,5.73812,1.27,1.58
2011.02.02 16:44:19.712,5.7362,5.73812,1.46,1.73
2011.02.02 16:44:20.397,5.73627,5.73802,1.11,1.50
2011.02.02 16:44:20.514,5.7362,5.73814,1.46,3.98
2011.02.02 16:44:23.512,5.73618,5.73797,1.11,1.50
2011.02.02 16:44:23.636,5.73622,5.73807,1.04,1.65
2011.02.02 16:44:23.861,5.73628,5.73818,1.20,1.80
2011.02.02 16:44:24.248,5.73627,5.73805,1.11,1.50
2011.02.02 16:44:24.575,5.73619,5.73805,1.46,1.58
2011.02.02 16:44:25.563,5.73627,5.73805,1.11,1.50
2011.02.02 16:44:25.786,5.73619,5.73805,1.16,1.58
2011.02.02 16:44:26.002,5.73627,5.73805,1.11,1.50
2011.02.02 16:44:26.118,5.73619,5.73805,1.16,1.58
2011.02.02 16:44:28.223,5.73619,5.73805,1.05,4.20
2011.02.02 16:44:28.907,5.73619,5.73795,1.16,1.50
2011.02.02 16:44:29.231,5.73617,5.73795,1.11,1.65
2011.02.02 16:44:30.522,5.73603,5.73796,1.80,4.20
2011.02.02 16:44:34.010,5.73568,5.73788,9.96,2.48
2011.02.02 16:44:34.436,5.73572,5.73771,1.26,4.58
2011.02.02 16:44:34.556,5.73564,5.73753,4.11,1.20
2011.02.02 16:44:35.550,5.73593,5.73758,1.14,1.50
2011.02.02 16:44:35.768,5.73592,5.73758,1.36,1.50
2011.02.02 16:44:35.878,5.73593,5.73758,1.14,1.50
2011.02.02 16:44:36.301,5.73593,5.73777,1.14,1.50
2011.02.02 16:44:36.424,5.73593,5.73773,1.14,1.50
2011.02.02 16:44:37.428,5.73583,5.73773,1.14,3.98
2011.02.02 16:44:38.068,5.7357,5.73773,2.83,4.35
2011.02.02 16:44:38.397,5.73564,5.73764,10.14,4.35
2011.02.02 16:44:38.629,5.73567,5.73764,1.03,3.98
2011.02.02 16:44:39.241,5.73564,5.73764,10.14,4.35
2011.02.02 16:44:39.776,5.73565,5.73762,12.18,1.73
2011.02.02 16:44:39.889,5.73588,5.73762,1.20,1.50
2011.02.02 16:44:40.107,5.73578,5.73762,1.65,1.58
2011.02.02 16:44:40.502,5.73565,5.73762,21.39,4.35
2011.02.02 16:44:41.061,5.73587,5.73776,1.07,3.98
2011.02.02 16:44:44.023,5.73576,5.73762,10.14,1.65
2011.02.02 16:44:44.581,5.73572,5.73762,2.83,4.95
2011.02.02 16:44:45.386,5.73577,5.73772,1.08,4.35
2011.02.02 16:44:46.268,5.73565,5.73772,9.88,4.35
2011.02.02 16:44:46.824,5.73565,5.73772,10.14,4.35
2011.02.02 16:44:47.602,5.73565,5.73753,9.96,1.20
2011.02.02 16:44:48.283,5.73565,5.73764,10.26,4.35
2011.02.02 16:44:48.647,5.73565,5.73764,10.26,4.35
2011.02.02 16:44:49.792,5.73655,5.73803,3.75,1.98
2011.02.02 16:44:49.912,5.73655,5.73856,3.96,4.35
2011.02.02 16:44:50.139,5.73655,5.73856,3.96,4.35
2011.02.02 16:44:50.704,5.73655,5.73822,3.96,1.20
2011.02.02 16:44:51.252,5.73655,5.73863,8.68,4.35
2011.02.02 16:44:51.831,5.73668,5.73822,4.18,1.20
2011.02.02 16:44:52.250,5.73755,5.73863,3.75,1.50
2011.02.02 16:44:52.722,5.73765,5.73852,4.71,1.50
2011.02.02 16:44:52.847,5.73772,5.73944,3.96,1.50
2011.02.02 16:44:53.070,5.73776,5.73944,3.75,2.05
2011.02.02 16:44:53.408,5.73776,5.73953,3.97,2.05
2011.02.02 16:44:54.583,5.73764,5.73953,3.75,2.05
2011.02.02 16:44:55.129,5.73693,5.73902,3.97,1.23
2011.02.02 16:44:55.609,5.73724,5.73902,4.50,1.23
2011.02.02 16:44:55.726,5.73724,5.73903,4.72,4.64
2011.02.02 16:44:57.900,5.73647,5.73829,1.18,1.50
2011.02.02 16:44:58.026,5.73636,5.73808,4.93,1.50
2011.02.02 16:44:58.249,5.73614,5.73808,4.18,1.50
2011.02.02 16:44:59.040,5.73597,5.73808,1.18,1.50
2011.02.02 16:45:00.226,5.73558,5.7376,1.18,1.50
2011.02.02 16:45:00.342,5.73574,5.7377,4.72,1.50
2011.02.02 16:45:00.463,5.73577,5.7377,1.18,1.50
2011.02.02 16:45:00.937,5.73584,5.73778,3.97,1.50
2011.02.02 16:45:01.161,5.73585,5.73788,4.72,1.50
2011.02.02 16:45:01.729,5.73541,5.73766,1.18,5.05
2011.02.02 16:45:01.851,5.73507,5.7373,2.49,1.50
2011.02.02 16:45:02.188,5.73507,5.73722,1.18,1.50
2011.02.02 16:45:02.526,5.73507,5.73722,1.18,1.50
2011.02.02 16:45:02.649,5.7354,5.73736,1.18,1.50
2011.02.02 16:45:02.873,5.73563,5.73748,1.18,1.50
2011.02.02 16:45:03.429,5.73548,5.73749,1.18,1.50
2011.02.02 16:45:03.759,5.7358,5.73762,1.18,1.50
2011.02.02 16:45:04.251,5.7358,5.73766,1.18,1.50
2011.02.02 16:45:06.292,5.73594,5.73809,4.91,2.05
2011.02.02 16:45:06.419,5.73624,5.73823,1.18,1.50
2011.02.02 16:45:07.076,5.73624,5.73827,1.18,3.75
2011.02.02 16:45:07.198,5.73595,5.73811,4.93,1.50
2011.02.02 16:45:08.650,5.73607,5.73796,1.18,1.50
2011.02.02 16:45:08.771,5.7359,5.73796,1.18,1.50
2011.02.02 16:45:08.891,5.7359,5.73787,1.18,1.50
2011.02.02 16:45:09.373,5.7359,5.73802,1.18,1.50
2011.02.02 16:45:09.602,5.73622,5.73814,1.18,1.50
2011.02.02 16:45:10.175,5.73608,5.73811,1.18,1.50
2011.02.02 16:45:11.960,5.73608,5.738,1.18,1.50
2011.02.02 16:45:12.078,5.73595,5.73809,4.93,1.50
2011.02.02 16:45:12.553,5.73624,5.73809,1.18,1.50
2011.02.02 16:45:13.113,5.73624,5.73819,1.18,1.50
2011.02.02 16:45:13.341,5.73608,5.73819,1.18,1.50
2011.02.02 16:45:13.688,5.73608,5.73808,1.18,1.50
2011.02.02 16:45:14.032,5.73663,5.73832,1.18,1.50
2011.02.02 16:45:14.515,5.73622,5.73799,1.18,1.50
2011.02.02 16:45:14.636,5.73635,5.7382,4.93,1.50
2011.02.02 16:45:14.751,5.7365,5.7381,1.18,1.50
2011.02.02 16:45:15.335,5.73608,5.73813,1.18,1.50
2011.02.02 16:45:17.123,5.73608,5.73806,1.18,1.50
2011.02.02 16:45:20.419,5.73591,5.73806,1.18,1.50
2011.02.02 16:45:20.528,5.73591,5.73787,1.18,1.50
2011.02.02 16:45:20.925,5.73575,5.73776,1.18,1.50
2011.02.02 16:45:21.047,5.73554,5.73758,4.93,1.50
2011.02.02 16:45:21.163,5.73582,5.73758,1.18,1.50
2011.02.02 16:45:21.284,5.73582,5.73768,1.18,1.50
2011.02.02 16:45:21.760,5.73591,5.73792,1.18,1.50
2011.02.02 16:45:23.093,5.73566,5.73779,1.18,1.50
2011.02.02 16:45:23.543,5.73582,5.73785,1.18,1.50
2011.02.02 16:45:25.265,5.73566,5.73789,1.18,1.65
2011.02.02 16:45:25.789,5.73566,5.73781,1.18,1.50
2011.02.02 16:45:28.759,5.73582,5.73781,1.18,1.50
2011.02.02 16:45:28.868,5.73582,5.7379,1.18,1.50
2011.02.02 16:45:32.682,5.73582,5.7379,1.18,1.65
2011.02.02 16:45:33.206,5.73582,5.7379,1.18,4.17
2011.02.02 16:45:33.969,5.73582,5.73768,1.18,1.50
2011.02.02 16:45:34.411,5.73582,5.73768,1.18,1.50
2011.02.02 16:45:34.534,5.73565,5.73791,1.18,1.50
2011.02.02 16:45:35.500,5.73565,5.73791,1.18,4.17
2011.02.02 16:45:35.618,5.73565,5.73791,1.18,1.50
2011.02.02 16:45:36.201,5.73565,5.73791,1.18,4.17
2011.02.02 16:45:36.321,5.73565,5.73791,1.18,1.80
2011.02.02 16:45:36.512,5.73565,5.73791,1.18,4.58
2011.02.02 16:45:37.080,5.73565,5.73791,1.18,1.65
2011.02.02 16:45:38.405,5.73565,5.73791,1.18,1.50
2011.02.02 16:45:39.075,5.73565,5.73791,1.18,1.65
2011.02.02 16:45:39.341,5.73565,5.73791,1.18,1.50
2011.02.02 16:45:40.514,5.73565,5.73791,1.18,1.80
2011.02.02 16:45:40.633,5.73565,5.73791,1.18,1.50
2011.02.02 16:45:45.200,5.73582,5.73791,1.18,1.80
2011.02.02 16:45:45.444,5.73582,5.73791,1.18,1.50
2011.02.02 16:45:45.913,5.73582,5.73791,1.18,1.65
2011.02.02 16:45:46.041,5.73582,5.73791,1.18,1.50
2011.02.02 16:45:46.521,5.73582,5.73757,1.18,1.50
2011.02.02 16:45:46.638,5.73538,5.73757,1.18,2.05
2011.02.02 16:45:46.748,5.73537,5.73757,1.18,2.05
2011.02.02 16:45:48.419,5.73522,5.73754,4.18,1.30
2011.02.02 16:45:49.750,5.73536,5.73757,1.18,2.05
2011.02.02 16:45:52.496,5.73523,5.73754,4.18,1.30
2011.02.02 16:45:52.612,5.73523,5.73749,4.18,1.50
2011.02.02 16:45:53.729,5.73523,5.73741,4.18,1.50
2011.02.02 16:45:54.257,5.73523,5.73749,4.18,1.50
2011.02.02 16:45:55.268,5.73536,5.73754,4.18,1.30
2011.02.02 16:45:55.380,5.73537,5.73758,1.18,2.05
2011.02.02 16:45:55.829,5.73564,5.73758,4.50,2.05
2011.02.02 16:45:56.644,5.73571,5.73789,3.97,2.05
2011.02.02 16:45:57.638,5.73568,5.73754,3.97,2.05
2011.02.02 16:45:59.006,5.73556,5.73747,3.97,2.05
2011.02.02 16:46:03.099,5.73552,5.73747,3.97,2.05
2011.02.02 16:46:03.739,5.73552,5.73747,4.18,1.50
2011.02.02 16:46:04.984,5.7356,5.73747,3.97,2.05
2011.02.02 16:46:07.400,5.73548,5.73733,3.97,1.23
2011.02.02 16:46:13.339,5.73548,5.73728,3.75,1.30
2011.02.02 16:46:13.452,5.73487,5.73695,1.18,1.50
2011.02.02 16:46:13.572,5.73487,5.73695,1.18,1.50
2011.02.02 16:46:13.690,5.73487,5.73704,1.18,1.50
2011.02.02 16:46:14.220,5.73496,5.73694,3.97,1.50
2011.02.02 16:46:14.335,5.73487,5.73694,1.18,1.50
2011.02.02 16:46:14.829,5.73487,5.73702,1.18,1.50
2011.02.02 16:46:15.233,5.73495,5.73702,4.72,1.50
2011.02.02 16:46:16.205,5.73495,5.73702,4.72,1.73
2011.02.02 16:46:17.001,5.73495,5.73702,4.72,1.50
2011.02.02 16:46:18.992,5.73495,5.73702,4.72,1.95
2011.02.02 16:46:19.767,5.73529,5.73702,4.18,1.50
2011.02.02 16:46:19.882,5.73518,5.73727,1.18,4.58
2011.02.02 16:46:20.219,5.73518,5.73727,1.18,4.58
2011.02.02 16:46:20.338,5.73535,5.73728,1.18,1.50
2011.02.02 16:46:22.313,5.73535,5.73728,1.18,4.17
2011.02.02 16:46:22.433,5.73519,5.73723,1.18,1.20
2011.02.02 16:46:23.122,5.73519,5.7371,1.18,1.50
2011.02.02 16:46:23.241,5.73519,5.7372,1.18,1.50
2011.02.02 16:46:23.402,5.73519,5.7372,1.18,4.35
2011.02.02 16:46:24.674,5.73519,5.73705,1.18,4.35
2011.02.02 16:46:25.501,5.73519,5.73663,1.18,1.20
2011.02.02 16:46:26.499,5.73519,5.73695,1.18,4.35
2011.02.02 16:46:26.875,5.73519,5.73695,1.18,4.35
2011.02.02 16:46:27.510,5.73519,5.73655,1.18,5.44
2011.02.02 16:46:27.629,5.73514,5.73652,1.18,4.69
2011.02.02 16:46:27.749,5.7349,5.73652,1.18,4.69
2011.02.02 16:46:27.858,5.73396,5.73535,4.72,5.44
2011.02.02 16:46:27.970,5.73396,5.73535,4.72,4.50
2011.02.02 16:46:28.198,5.73339,5.73535,4.72,4.50
2011.02.02 16:46:29.723,5.73355,5.73593,5.47,3.75
2011.02.02 16:46:29.950,5.73407,5.73614,1.18,1.17
2011.02.02 16:46:30.949,5.73407,5.73616,1.18,3.83
2011.02.02 16:46:31.171,5.73407,5.73616,1.18,3.75
2011.02.02 16:46:39.502,5.73441,5.73634,1.18,3.75
2011.02.02 16:46:39.622,5.73441,5.73634,1.18,3.83
2011.02.02 16:46:40.257,5.73441,5.73634,1.18,3.83
2011.02.02 16:46:41.154,5.73441,5.73634,1.18,3.75
2011.02.02 16:46:41.531,5.73441,5.73615,1.18,4.58
2011.02.02 16:46:41.655,5.73411,5.73634,1.18,10.28
2011.02.02 16:46:45.461,5.73411,5.73614,1.18,3.90
2011.02.02 16:46:46.230,5.73411,5.73614,1.18,3.75
2011.02.02 16:46:46.578,5.73411,5.73614,1.18,3.83
2011.02.02 16:46:47.128,5.73411,5.73614,1.18,3.75
2011.02.02 16:46:49.836,5.73411,5.73614,1.18,3.83
2011.02.02 16:46:50.990,5.73411,5.73614,1.18,3.75
2011.02.02 16:46:52.032,5.73411,5.73614,1.18,3.83
2011.02.02 16:46:52.149,5.73411,5.73614,1.18,3.75
2011.02.02 16:46:53.200,5.73411,5.73614,1.18,3.83
2011.02.02 16:46:53.708,5.73395,5.73601,1.18,3.75
2011.02.02 16:46:53.820,5.73395,5.73613,1.18,3.90
2011.02.02 16:46:54.051,5.73412,5.73613,1.18,9.83
2011.02.02 16:46:55.031,5.73412,5.73613,1.18,3.90
2011.02.02 16:46:56.315,5.73412,5.73613,1.18,9.83
2011.02.02 16:46:57.535,5.73394,5.73601,1.18,3.75
2011.02.02 16:46:57.880,5.73395,5.73599,1.18,1.08
2011.02.02 16:46:58.338,5.73386,5.73599,1.18,1.30
2011.02.02 16:46:58.455,5.73412,5.73593,1.18,3.90
2011.02.02 16:46:58.571,5.73412,5.73575,1.18,4.50
2011.02.02 16:46:58.691,5.73394,5.73575,1.18,11.78
2011.02.02 16:46:58.813,5.73359,5.73582,4.18,10.28
2011.02.02 16:46:59.205,5.73356,5.73581,1.18,9.87
2011.02.02 16:46:59.329,5.73409,5.73593,1.18,3.83
2011.02.02 16:47:00.097,5.73397,5.73592,1.18,3.75
2011.02.02 16:47:01.460,5.73394,5.73598,1.18,3.75
2011.02.02 16:47:03.576,5.73411,5.73614,1.18,3.94
2011.02.02 16:47:09.042,5.73395,5.73601,1.18,1.30
2011.02.02 16:47:09.392,5.73395,5.73593,1.18,3.83
2011.02.02 16:47:10.685,5.73395,5.73593,1.18,4.20
2011.02.02 16:47:11.306,5.7337,5.73562,1.18,1.08
2011.02.02 16:47:11.430,5.7337,5.73581,1.18,10.09
2011.02.02 16:47:13.468,5.73386,5.73592,1.18,3.98
2011.02.02 16:47:13.582,5.73386,5.73592,1.18,10.20
2011.02.02 16:47:13.827,5.73386,5.73592,1.18,3.90
2011.02.02 16:47:14.080,5.73387,5.73592,1.18,9.98
2011.02.02 16:47:14.479,5.73387,5.73592,1.18,10.28
2011.02.02 16:47:15.199,5.73371,5.73589,1.18,3.75
2011.02.02 16:47:15.599,5.73371,5.73592,1.18,3.83
2011.02.02 16:47:15.720,5.73387,5.73592,1.18,3.75
2011.02.02 16:47:15.833,5.73394,5.73613,1.18,9.90
2011.02.02 16:47:15.952,5.73394,5.73613,1.18,10.17
2011.02.02 16:47:16.599,5.73371,5.73575,1.18,4.58
2011.02.02 16:47:16.821,5.73371,5.73588,1.18,4.05
2011.02.02 16:47:16.943,5.73386,5.73592,1.18,3.90
2011.02.02 16:47:17.957,5.73371,5.73576,1.18,4.50
2011.02.02 16:47:18.292,5.73371,5.73589,1.18,3.90
2011.02.02 16:47:18.623,5.73387,5.73589,1.18,3.75
2011.02.02 16:47:18.745,5.73387,5.73593,1.18,9.60
2011.02.02 16:47:19.104,5.73387,5.73593,1.18,3.83
2011.02.02 16:47:19.220,5.73387,5.73576,1.18,11.70
2011.02.02 16:47:19.881,5.7337,5.73573,1.18,3.83
2011.02.02 16:47:20.111,5.7337,5.73573,1.18,3.98
2011.02.02 16:47:22.987,5.73371,5.73572,1.18,3.83
2011.02.02 16:47:23.841,5.73371,5.73602,1.18,4.64
2011.02.02 16:47:24.463,5.73371,5.73602,1.18,4.83
2011.02.02 16:47:26.033,5.73371,5.73602,1.18,1.84
2011.02.02 16:47:26.509,5.73371,5.73602,1.18,1.08
2011.02.02 16:47:26.853,5.73371,5.73603,1.18,2.74
2011.02.02 16:47:27.391,5.73375,5.73613,4.18,2.33
2011.02.02 16:47:27.623,5.73405,5.73622,4.93,2.25
2011.02.02 16:47:27.738,5.73405,5.7363,4.93,2.25
2011.02.02 16:47:28.213,5.73429,5.73624,4.15,2.33
2011.02.02 16:47:28.551,5.73485,5.73647,4.50,1.50
2011.02.02 16:47:29.067,5.73535,5.73647,4.50,1.50
2011.02.02 16:47:29.730,5.73575,5.73647,4.50,1.50
2011.02.02 16:47:33.708,5.73575,5.73728,4.50,1.50
2011.02.02 16:47:33.820,5.73575,5.73713,4.50,1.50
2011.02.02 16:47:34.321,5.73614,5.73713,4.50,1.50
2011.02.02 16:47:34.446,5.73565,5.73731,4.50,1.50
2011.02.02 16:47:34.559,5.73565,5.73731,4.50,1.50
2011.02.02 16:47:37.119,5.73565,5.737,4.50,1.50
2011.02.02 16:47:39.719,5.73614,5.737,4.71,1.50
2011.02.02 16:47:40.299,5.7348,5.73714,4.93,2.25
2011.02.02 16:47:40.629,5.73501,5.7373,1.18,1.50
2011.02.02 16:47:42.469,5.73501,5.73717,1.18,1.50
2011.02.02 16:47:43.583,5.73535,5.73717,4.50,1.50
2011.02.02 16:47:43.700,5.73541,5.7373,3.75,1.50
2011.02.02 16:47:43.815,5.73574,5.7373,4.50,1.50
2011.02.02 16:47:44.259,5.73542,5.73742,1.18,1.50
2011.02.02 16:47:44.589,5.73541,5.73736,4.72,1.50
2011.02.02 16:47:44.987,5.73541,5.73736,3.97,1.65
2011.02.02 16:47:45.108,5.73519,5.73736,3.97,1.50
2011.02.02 16:47:46.800,5.7354,5.7374,3.97,1.50
2011.02.02 16:47:47.029,5.7354,5.7374,3.97,1.50
2011.02.02 16:47:48.586,5.73574,5.7374,4.50,1.50
2011.02.02 16:47:49.044,5.73574,5.7374,5.68,1.50
2011.02.02 16:47:49.165,5.73582,5.73777,3.97,1.50
2011.02.02 16:47:50.015,5.73582,5.73767,3.97,1.50
2011.02.02 16:47:50.603,5.73614,5.73767,4.50,1.50
2011.02.02 16:47:51.187,5.73605,5.73793,4.72,1.50
2011.02.02 16:47:51.300,5.73605,5.73799,4.72,1.50
2011.02.02 16:47:54.469,5.73624,5.73817,4.72,4.17
2011.02.02 16:47:54.688,5.73624,5.73817,4.72,4.17
2011.02.02 16:47:55.419,5.73584,5.73802,4.72,1.98
2011.02.02 16:47:56.022,5.73585,5.73782,3.97,1.98
2011.02.02 16:47:56.142,5.73585,5.73782,3.97,1.98
2011.02.02 16:47:57.099,5.73576,5.73782,3.97,1.98
2011.02.02 16:47:57.485,5.73576,5.73782,3.97,1.98
2011.02.02 16:47:58.361,5.73576,5.73782,3.97,1.98
2011.02.02 16:47:58.481,5.73576,5.73773,3.97,1.20
2011.02.02 16:47:58.708,5.73584,5.73782,3.97,1.98
2011.02.02 16:47:59.172,5.73584,5.73787,3.97,1.38
2011.02.02 16:47:59.958,5.73596,5.73783,3.97,1.23
2011.02.02 16:48:00.073,5.73585,5.73782,3.97,2.58
2011.02.02 16:48:00.409,5.73585,5.73788,3.97,1.08
2011.02.02 16:48:03.539,5.73597,5.73798,3.97,1.08
2011.02.02 16:48:04.518,5.73597,5.73798,3.75,1.08
2011.02.02 16:48:04.635,5.73584,5.73782,3.97,2.58
2011.02.02 16:48:04.892,5.73584,5.73783,3.97,1.23
2011.02.02 16:48:05.119,5.73584,5.73782,3.97,2.20
2011.02.02 16:48:06.199,5.73584,5.73782,3.75,1.79
2011.02.02 16:48:06.309,5.73564,5.73782,3.97,2.58
2011.02.02 16:48:06.420,5.73564,5.73782,3.97,1.98
2011.02.02 16:48:07.002,5.73555,5.73782,4.93,1.98
2011.02.02 16:48:07.118,5.73555,5.73782,4.93,1.79
2011.02.02 16:48:07.571,5.73555,5.73775,1.18,1.50
2011.02.02 16:48:07.690,5.73558,5.73775,4.18,2.25
2011.02.02 16:48:08.140,5.73558,5.73775,4.93,1.50
2011.02.02 16:48:09.160,5.73567,5.73778,3.97,1.50
2011.02.02 16:48:09.610,5.73567,5.73778,3.97,1.80
2011.02.02 16:48:09.871,5.73567,5.73778,3.97,1.50
2011.02.02 16:48:10.721,5.73567,5.73788,3.97,1.08
2011.02.02 16:48:11.408,5.73558,5.73782,4.93,1.79
2011.02.02 16:48:11.770,5.73558,5.73792,4.93,1.15
2011.02.02 16:48:13.078,5.73558,5.73793,4.93,1.45
2011.02.02 16:48:13.192,5.73611,5.73798,3.96,1.05
2011.02.02 16:48:13.315,5.73611,5.73846,4.72,2.76
2011.02.02 16:48:13.761,5.7362,5.73822,3.75,1.45
2011.02.02 16:48:14.561,5.73715,5.73828,4.50,1.08
2011.02.02 16:48:14.685,5.73715,5.73834,4.50,1.30
2011.02.02 16:48:15.599,5.73759,5.73834,3.75,1.30
2011.02.02 16:48:15.720,5.73755,5.73856,4.50,1.30
2011.02.02 16:48:15.841,5.73759,5.73857,3.75,1.30
2011.02.02 16:48:17.431,5.73754,5.73839,4.50,1.30
2011.02.02 16:48:17.817,5.7376,5.73839,3.75,1.30
2011.02.02 16:48:19.773,5.73796,5.73894,3.75,1.30
2011.02.02 16:48:19.893,5.73796,5.73894,3.75,1.30
2011.02.02 16:48:20.010,5.73776,5.73894,3.75,1.30
2011.02.02 16:48:20.240,5.73789,5.73894,3.75,1.30
2011.02.02 16:48:21.618,5.73802,5.73881,3.75,1.30
2011.02.02 16:48:22.521,5.73834,5.73938,4.50,1.30
2011.02.02 16:48:22.640,5.73843,5.73938,3.75,1.30
2011.02.02 16:48:23.663,5.7383,5.73923,3.75,1.30
2011.02.02 16:48:24.116,5.73803,5.73882,3.75,1.30
2011.02.02 16:48:24.452,5.73812,5.73898,3.75,1.30
2011.02.02 16:48:26.270,5.73852,5.7394,3.75,1.30
2011.02.02 16:48:26.950,5.73876,5.73992,3.75,1.30
2011.02.02 16:48:27.074,5.73904,5.74104,4.71,1.58
2011.02.02 16:48:27.193,5.7392,5.74104,3.75,1.50
2011.02.02 16:48:27.770,5.73903,5.74067,3.75,1.30
2011.02.02 16:48:28.000,5.73873,5.74034,3.75,1.50
2011.02.02 16:48:28.617,5.73804,5.74034,3.96,1.50
2011.02.02 16:48:28.953,5.73825,5.74044,4.71,2.25
2011.02.02 16:48:29.074,5.73825,5.74044,4.71,1.65
2011.02.02 16:48:29.523,5.7383,5.74044,3.96,1.50
2011.02.02 16:48:29.991,5.7383,5.74044,3.96,3.98
2011.02.02 16:48:30.110,5.7383,5.74044,3.96,1.58
2011.02.02 16:48:31.071,5.7383,5.7405,3.96,4.17
2011.02.02 16:48:31.372,5.7383,5.7405,3.96,1.50
2011.02.02 16:48:31.925,5.7382,5.74044,3.96,1.50
2011.02.02 16:48:32.692,5.73799,5.74022,4.18,1.20
2011.02.02 16:48:32.816,5.73799,5.74012,3.97,3.08
2011.02.02 16:48:33.161,5.73799,5.74012,3.97,1.20
2011.02.02 16:48:33.285,5.73795,5.74027,1.18,4.53
2011.02.02 16:48:33.620,5.73795,5.74013,1.18,2.58
2011.02.02 16:48:34.098,5.73795,5.74002,1.18,1.20
2011.02.02 16:48:34.747,5.73779,5.74013,1.18,1.98
2011.02.02 16:48:34.864,5.73788,5.74011,4.18,2.48
2011.02.02 16:48:36.262,5.738,5.74011,3.97,1.05
2011.02.02 16:48:36.382,5.738,5.74018,3.97,1.38
2011.02.02 16:48:37.197,5.738,5.74021,3.97,2.20
2011.02.02 16:48:37.313,5.738,5.74013,3.97,1.60
2011.02.02 16:48:38.530,5.738,5.74013,3.97,1.98
2011.02.02 16:48:40.199,5.738,5.74013,3.97,1.98
2011.02.02 16:48:40.852,5.73763,5.73996,1.18,2.48
2011.02.02 16:48:40.970,5.73763,5.73993,1.18,6.23
2011.02.02 16:48:42.284,5.73763,5.7398,1.18,4.35
2011.02.02 16:48:43.272,5.73763,5.7398,1.18,4.35
2011.02.02 16:48:45.339,5.73763,5.73953,1.18,1.20
2011.02.02 16:48:45.836,5.73763,5.73932,1.18,1.20
2011.02.02 16:48:45.960,5.73728,5.73933,4.18,1.20
2011.02.02 16:48:46.072,5.73728,5.73952,4.18,1.98
2011.02.02 16:48:47.661,5.73728,5.73952,4.18,1.98
2011.02.02 16:48:49.266,5.73728,5.73952,4.18,1.98
2011.02.02 16:48:49.387,5.7375,5.73964,4.18,4.35
2011.02.02 16:48:50.891,5.7375,5.73963,4.18,4.35
2011.02.02 16:48:51.228,5.7375,5.73893,4.18,1.20
2011.02.02 16:48:51.562,5.73705,5.73903,1.18,2.48
2011.02.02 16:48:52.007,5.73674,5.73892,4.72,1.98
2011.02.02 16:48:52.121,5.73674,5.73822,3.97,1.20
2011.02.02 16:48:52.242,5.73654,5.73832,11.87,1.20
2011.02.02 16:48:52.705,5.73654,5.73843,4.93,1.20
2011.02.02 16:48:53.841,5.73654,5.73879,4.93,4.35
2011.02.02 16:48:54.075,5.73654,5.73879,4.93,4.35
2011.02.02 16:48:54.579,5.73675,5.73852,3.97,1.20
2011.02.02 16:48:54.697,5.73682,5.73892,3.97,5.73
2011.02.02 16:48:55.230,5.73682,5.73892,3.97,5.73
2011.02.02 16:48:55.894,5.73675,5.73872,4.72,1.20
2011.02.02 16:48:57.412,5.73704,5.73901,4.50,4.60
2011.02.02 16:48:57.530,5.73704,5.73901,4.72,4.60
2011.02.02 16:48:58.613,5.73704,5.73908,4.92,4.58
2011.02.02 16:49:00.282,5.73704,5.73903,4.92,1.20
2011.02.02 16:49:01.481,5.73704,5.73908,4.92,4.35
2011.02.02 16:49:02.488,5.73704,5.73908,4.92,4.35
2011.02.02 16:49:03.266,5.73642,5.73862,1.18,2.48
2011.02.02 16:49:03.382,5.73642,5.73862,1.18,2.48
2011.02.02 16:49:03.841,5.73664,5.73856,4.72,1.65
2011.02.02 16:49:03.962,5.73704,5.73906,4.71,2.33
2011.02.02 16:49:04.081,5.73707,5.73923,1.18,1.65
2011.02.02 16:49:04.531,5.73712,5.73917,4.18,1.50
2011.02.02 16:49:04.643,5.73716,5.73933,4.18,1.83
2011.02.02 16:49:04.900,5.73716,5.73933,4.18,1.98
2011.02.02 16:49:06.160,5.73716,5.73933,4.18,5.58
2011.02.02 16:49:06.705,5.73716,5.73933,4.18,2.50
2011.02.02 16:49:07.088,5.73716,5.7394,4.18,1.30
2011.02.02 16:49:07.203,5.73784,5.73943,4.71,2.25
2011.02.02 16:49:07.738,5.73784,5.73983,4.93,1.65
2011.02.02 16:49:07.960,5.73784,5.73991,4.93,1.50
2011.02.02 16:49:08.399,5.73783,5.73991,3.97,6.48
2011.02.02 16:49:09.053,5.73735,5.73932,1.18,1.20
2011.02.02 16:49:09.178,5.73735,5.73944,1.18,4.35
2011.02.02 16:49:09.405,5.73745,5.73936,4.71,4.35
2011.02.02 16:49:09.521,5.73745,5.73946,4.71,4.35
2011.02.02 16:49:10.030,5.73745,5.73923,4.92,1.20
2011.02.02 16:49:11.330,5.73718,5.73934,1.18,4.35
2011.02.02 16:49:11.560,5.73744,5.73934,4.71,1.58
2011.02.02 16:49:11.670,5.73749,5.73934,3.96,3.98
2011.02.02 16:49:12.332,5.73738,5.73955,2.49,4.35
2011.02.02 16:49:12.916,5.73738,5.73932,1.18,1.20
2011.02.02 16:49:13.458,5.73744,5.73945,4.93,4.35
2011.02.02 16:49:13.574,5.73755,5.73958,1.18,4.35
2011.02.02 16:49:14.022,5.73723,5.73935,1.18,4.35
2011.02.02 16:49:14.469,5.73723,5.73925,1.18,4.35
2011.02.02 16:49:14.580,5.73716,5.73925,4.18,4.20
2011.02.02 16:49:15.628,5.73745,5.73941,4.93,4.17
2011.02.02 16:49:16.097,5.73737,5.73933,1.18,1.20
2011.02.02 16:49:16.529,5.73728,5.73933,4.18,1.73
2011.02.02 16:49:16.645,5.73695,5.73928,4.93,2.48
2011.02.02 16:49:17.068,5.73695,5.73913,4.93,1.20
2011.02.02 16:49:17.972,5.73695,5.73925,4.93,4.35
2011.02.02 16:49:18.359,5.73695,5.73913,4.93,1.20
2011.02.02 16:49:18.530,5.73695,5.73922,4.93,1.20
2011.02.02 16:49:19.085,5.73695,5.73928,4.93,2.48
2011.02.02 16:49:19.199,5.73695,5.73928,4.93,2.48
2011.02.02 16:49:22.757,5.73695,5.73928,4.93,2.48
2011.02.02 16:49:23.198,5.73695,5.73928,4.93,2.48
2011.02.02 16:49:24.688,5.73695,5.73883,4.93,1.20
2011.02.02 16:49:24.801,5.73695,5.73893,4.93,1.20
2011.02.02 16:49:24.918,5.73695,5.73928,4.93,2.48
2011.02.02 16:49:25.399,5.73695,5.73928,4.93,2.48
2011.02.02 16:49:27.675,5.73695,5.73902,4.93,1.20
2011.02.02 16:49:28.069,5.73695,5.73883,4.93,1.20
2011.02.02 16:49:28.181,5.73695,5.73928,4.93,2.48
2011.02.02 16:49:28.478,5.73695,5.73928,1.18,2.48
2011.02.02 16:49:28.810,5.73704,5.73873,4.71,1.20
2011.02.02 16:49:29.262,5.73704,5.73893,4.93,1.20
2011.02.02 16:49:29.919,5.73704,5.73902,4.93,1.20
2011.02.02 16:49:30.455,5.73717,5.73922,4.18,4.35
2011.02.02 16:49:30.578,5.73744,5.7394,4.71,4.35
2011.02.02 16:49:30.800,5.73744,5.7394,4.93,4.17
2011.02.02 16:49:31.863,5.73744,5.73932,4.93,1.20
2011.02.02 16:49:32.316,5.73744,5.7394,4.93,4.35
2011.02.02 16:49:32.480,5.73744,5.7394,4.93,4.58
2011.02.02 16:49:32.603,5.73744,5.7394,4.93,4.35
2011.02.02 16:49:33.043,5.73744,5.7394,4.93,4.17
2011.02.02 16:49:33.458,5.73744,5.73933,4.93,1.20
2011.02.02 16:49:33.990,5.73744,5.7394,4.93,1.65
2011.02.02 16:49:34.116,5.73785,5.73969,4.72,1.50
2011.02.02 16:49:34.233,5.73785,5.7398,4.93,1.50
2011.02.02 16:49:34.668,5.73785,5.7398,4.93,1.65
2011.02.02 16:49:34.893,5.73799,5.73994,3.97,4.20
2011.02.02 16:49:35.328,5.73799,5.74002,3.97,4.35
2011.02.02 16:49:36.138,5.73779,5.73994,4.18,4.20
2011.02.02 16:49:37.276,5.73799,5.74007,3.97,1.58
2011.02.02 16:49:39.071,5.73799,5.74007,3.97,4.20
2011.02.02 16:49:39.867,5.73799,5.74018,3.97,1.38
2011.02.02 16:49:40.090,5.73824,5.74022,4.50,2.13
2011.02.02 16:49:40.559,5.73841,5.74022,3.97,1.50
2011.02.02 16:49:40.679,5.73841,5.74063,3.97,2.50
2011.02.02 16:49:42.849,5.73841,5.74063,3.97,5.73
2011.02.02 16:49:43.220,5.73841,5.74063,3.97,5.58
2011.02.02 16:49:43.993,5.73841,5.74063,3.97,2.13
2011.02.02 16:49:44.675,5.73841,5.74063,3.97,2.28
2011.02.02 16:49:45.008,5.73841,5.74053,3.97,2.48
2011.02.02 16:49:45.542,5.73821,5.74053,4.93,2.48
2011.02.02 16:49:45.664,5.73821,5.74053,4.93,2.48
2011.02.02 16:49:46.103,5.73821,5.74053,4.93,2.48
2011.02.02 16:49:46.222,5.73824,5.74053,4.93,3.08
2011.02.02 16:49:46.723,5.73837,5.74063,1.18,1.98
2011.02.02 16:49:46.844,5.73837,5.7407,1.18,1.30
2011.02.02 16:49:50.338,5.73841,5.7407,3.97,2.58
2011.02.02 16:49:51.146,5.73841,5.7407,3.97,1.45
2011.02.02 16:49:51.269,5.73806,5.74042,1.18,1.09
2011.02.02 16:49:51.383,5.73806,5.74048,1.18,1.05
2011.02.02 16:49:52.165,5.73841,5.74061,3.97,1.50
2011.02.02 16:49:52.283,5.73841,5.74069,3.97,1.30
2011.02.02 16:49:52.400,5.73841,5.74063,3.97,1.38
2011.02.02 16:49:53.069,5.73821,5.74057,9.99,1.05
2011.02.02 16:49:53.183,5.7382,5.74053,2.49,1.20
2011.02.02 16:49:53.949,5.7382,5.74058,1.18,1.05
2011.02.02 16:49:54.470,5.7382,5.74053,1.18,1.20
2011.02.02 16:49:55.972,5.7382,5.74053,1.18,2.48
2011.02.02 16:49:56.759,5.738,5.74036,2.68,11.85
2011.02.02 16:49:56.873,5.738,5.74027,1.35,1.08
2011.02.02 16:49:56.994,5.73797,5.74023,4.56,1.15
2011.02.02 16:49:57.112,5.73795,5.74013,1.74,1.45
2011.02.02 16:49:57.621,5.73825,5.74013,4.50,1.30
2011.02.02 16:49:57.739,5.73825,5.74026,4.50,1.30
2011.02.02 16:49:57.848,5.73825,5.74037,4.71,1.05
2011.02.02 16:49:57.958,5.73825,5.74051,4.93,2.70
2011.02.02 16:49:58.704,5.738,5.74037,2.68,1.05
2011.02.02 16:49:59.312,5.738,5.74033,2.68,2.10
2011.02.02 16:49:59.814,5.738,5.74042,2.68,1.09
2011.02.02 16:50:02.149,5.738,5.74033,2.68,2.33
2011.02.02 16:50:03.359,5.738,5.74038,2.68,1.05
2011.02.02 16:50:03.586,5.738,5.74038,1.18,1.17
2011.02.02 16:50:04.164,5.738,5.74032,1.18,1.20
2011.02.02 16:50:04.502,5.738,5.74025,1.18,1.08
2011.02.02 16:50:04.733,5.73774,5.73993,4.93,1.09
2011.02.02 16:50:05.192,5.73784,5.74013,4.17,1.38
2011.02.02 16:50:06.194,5.73797,5.74023,4.18,1.30
2011.02.02 16:50:11.670,5.73825,5.74023,4.50,1.30
2011.02.02 16:50:12.111,5.73797,5.74042,4.18,1.09
2011.02.02 16:50:12.949,5.73797,5.74028,4.18,1.17
2011.02.02 16:50:13.583,5.73797,5.74023,4.18,2.48
2011.02.02 16:50:13.810,5.73797,5.74028,4.18,1.17
2011.02.02 16:50:13.917,5.73797,5.74023,4.18,2.48
2011.02.02 16:50:14.677,5.73783,5.74006,4.18,2.10
2011.02.02 16:50:14.901,5.73796,5.74022,4.18,1.15
2011.02.02 16:50:15.659,5.73796,5.74024,4.18,2.65
2011.02.02 16:50:16.078,5.73796,5.74018,4.18,1.08
2011.02.02 16:50:16.578,5.73796,5.74024,4.18,1.30
2011.02.02 16:50:20.721,5.73779,5.73965,1.18,4.69
2011.02.02 16:50:26.831,5.7374,5.7396,1.18,3.75
2011.02.02 16:50:27.281,5.7374,5.73973,1.18,4.50
2011.02.02 16:50:27.408,5.7377,5.74007,1.18,4.50
2011.02.02 16:50:28.025,5.73805,5.74047,4.18,1.50
2011.02.02 16:50:28.146,5.73815,5.74061,1.18,4.50
2011.02.02 16:50:30.600,5.73853,5.74081,1.18,3.75
2011.02.02 16:50:30.714,5.73853,5.74103,1.18,4.69
2011.02.02 16:50:35.496,5.73848,5.74076,1.18,4.50
2011.02.02 16:50:35.610,5.73839,5.74076,1.18,4.50
2011.02.02 16:50:35.940,5.73839,5.7406,1.18,3.75
2011.02.02 16:50:36.506,5.73839,5.74061,1.18,3.75
2011.02.02 16:50:38.689,5.73839,5.74056,1.18,3.75
2011.02.02 16:50:40.283,5.73839,5.74061,1.18,3.75
2011.02.02 16:50:41.130,5.73839,5.74081,1.18,4.50
2011.02.02 16:50:41.611,5.73856,5.74081,1.18,3.75
2011.02.02 16:50:42.667,5.73856,5.7406,1.18,3.75
2011.02.02 16:50:42.783,5.73839,5.74094,1.18,4.50
2011.02.02 16:50:42.900,5.73871,5.74109,4.18,4.50
2011.02.02 16:50:43.345,5.73857,5.74085,1.18,3.75
2011.02.02 16:50:43.719,5.73881,5.74101,1.18,3.75
2011.02.02 16:50:44.722,5.73935,5.74142,3.96,3.00
2011.02.02 16:50:45.132,5.73935,5.74154,3.96,1.50
2011.02.02 16:50:46.159,5.73901,5.74131,4.18,1.69
2011.02.02 16:50:46.491,5.73897,5.74075,1.18,4.50
2011.02.02 16:50:46.609,5.73905,5.74146,4.93,1.69
2011.02.02 16:50:46.830,5.73905,5.74146,4.93,1.69
2011.02.02 16:50:47.254,5.73905,5.74147,4.93,1.69
2011.02.02 16:50:47.380,5.7391,5.74076,4.72,4.69
2011.02.02 16:50:47.502,5.73847,5.74052,1.18,3.94
2011.02.02 16:50:47.623,5.73824,5.74052,1.18,3.75
2011.02.02 16:50:48.087,5.73824,5.74026,1.18,3.75
2011.02.02 16:50:49.572,5.73824,5.74026,1.18,3.75
2011.02.02 16:50:49.689,5.7383,5.74086,4.18,3.75
2011.02.02 16:50:50.022,5.73864,5.74093,4.18,2.25
2011.02.02 16:50:50.381,5.73864,5.74118,4.18,3.75
2011.02.02 16:50:50.507,5.73889,5.74132,1.18,3.75
2011.02.02 16:50:50.843,5.73889,5.74116,1.18,4.50
2011.02.02 16:50:51.309,5.73874,5.74106,1.18,3.75
2011.02.02 16:50:52.002,5.73874,5.74116,1.18,5.25
2011.02.02 16:50:53.015,5.73874,5.74093,1.18,3.75
2011.02.02 16:50:53.132,5.73874,5.74127,1.18,4.50
2011.02.02 16:50:53.255,5.73888,5.74114,1.18,3.75
2011.02.02 16:50:53.794,5.73888,5.74127,1.18,4.50
2011.02.02 16:50:54.109,5.73888,5.74122,1.18,1.50
2011.02.02 16:50:54.735,5.73857,5.74086,1.18,3.75
2011.02.02 16:50:55.292,5.73889,5.74123,1.18,4.50
2011.02.02 16:50:55.752,5.73889,5.74118,1.18,3.75
2011.02.02 16:50:55.978,5.73889,5.74123,1.18,4.50
2011.02.02 16:50:57.195,5.73889,5.74107,1.18,3.75
2011.02.02 16:50:57.528,5.73858,5.74085,1.18,3.75
2011.02.02 16:50:59.754,5.73871,5.74113,4.18,1.50
2011.02.02 16:50:59.873,5.73888,5.74127,1.18,4.50
2011.02.02 16:51:02.933,5.73888,5.74116,1.18,4.50
2011.02.02 16:51:03.440,5.73888,5.74106,1.18,3.75
2011.02.02 16:51:03.989,5.73874,5.74107,1.18,3.75
2011.02.02 16:51:04.658,5.73874,5.74127,1.18,4.50
2011.02.02 16:51:07.515,5.73891,5.74127,1.18,4.80
2011.02.02 16:51:08.397,5.73891,5.74127,1.18,4.50
2011.02.02 16:51:10.058,5.73891,5.74114,1.18,3.75
2011.02.02 16:51:10.780,5.73891,5.74126,1.18,4.50
2011.02.02 16:51:11.390,5.73905,5.74126,4.93,4.50
2011.02.02 16:51:11.845,5.73905,5.74145,8.68,2.25
2011.02.02 16:51:12.084,5.7393,5.74169,1.18,4.50
2011.02.02 16:51:14.012,5.73916,5.74147,1.18,3.75
2011.02.02 16:51:14.565,5.73932,5.74169,1.18,6.00
2011.02.02 16:51:16.700,5.73942,5.74169,1.18,3.75
2011.02.02 16:51:17.687,5.73901,5.74127,1.18,3.75
2011.02.02 16:51:18.590,5.73916,5.74148,1.18,4.50
2011.02.02 16:51:18.811,5.73898,5.74127,1.18,3.75
2011.02.02 16:51:19.373,5.73915,5.7414,1.18,3.75
2011.02.02 16:51:20.899,5.73933,5.74168,1.18,4.50
2011.02.02 16:51:22.550,5.73933,5.74168,1.18,4.65
2011.02.02 16:51:23.128,5.73924,5.74123,1.18,3.75
2011.02.02 16:51:23.710,5.73899,5.7405,1.18,3.75
2011.02.02 16:51:24.050,5.73824,5.74045,1.93,3.75
2011.02.02 16:51:24.480,5.73813,5.74051,1.18,3.75
2011.02.02 16:51:24.723,5.7382,5.74046,1.93,3.75
2011.02.02 16:51:26.376,5.73813,5.74036,1.18,4.50
2011.02.02 16:51:26.497,5.73789,5.74013,1.72,4.30
2011.02.02 16:51:28.163,5.73772,5.74022,2.83,4.30
2011.02.02 16:51:28.274,5.73772,5.74013,2.83,4.30
2011.02.02 16:51:28.856,5.73787,5.74022,1.33,4.30
2011.02.02 16:51:29.380,5.73797,5.74041,1.18,4.30
2011.02.02 16:51:35.259,5.73825,5.74075,12.01,5.24
2011.02.02 16:51:35.369,5.73838,5.74075,1.05,5.05
2011.02.02 16:51:35.868,5.73871,5.74105,1.18,1.30
2011.02.02 16:51:38.998,5.73878,5.74105,1.26,1.30
2011.02.02 16:51:39.533,5.73888,5.74113,2.43,4.30
2011.02.02 16:51:39.657,5.73877,5.74105,1.07,1.30
2011.02.02 16:51:40.850,5.73878,5.74105,1.26,1.30
2011.02.02 16:51:41.382,5.73888,5.74121,2.81,1.30
2011.02.02 16:51:42.290,5.73888,5.74121,2.81,1.30
2011.02.02 16:51:42.769,5.73892,5.74121,1.27,1.30
2011.02.02 16:51:42.989,5.73888,5.74121,2.81,1.30
2011.02.02 16:51:43.742,5.73911,5.74121,1.36,1.30
2011.02.02 16:51:44.049,5.73892,5.74121,4.68,1.30
2011.02.02 16:51:44.468,5.73907,5.74121,1.14,1.30
2011.02.02 16:51:45.459,5.73911,5.74121,1.14,1.30
2011.02.02 16:51:45.839,5.73907,5.74121,1.14,1.30
2011.02.02 16:51:45.948,5.73911,5.74142,1.27,1.30
2011.02.02 16:51:46.463,5.73911,5.74142,1.16,1.30
2011.02.02 16:51:46.689,5.73917,5.74142,1.11,1.30
2011.02.02 16:51:47.812,5.73914,5.74142,9.81,1.30
2011.02.02 16:51:47.934,5.73917,5.74142,1.11,1.30
2011.02.02 16:51:48.599,5.73968,5.74162,1.20,1.30
2011.02.02 16:51:48.718,5.73955,5.74186,12.02,1.30
2011.02.02 16:51:49.711,5.73953,5.7418,2.57,3.75
2011.02.02 16:51:50.216,5.73955,5.74187,2.76,1.30
2011.02.02 16:51:51.524,5.73968,5.74205,1.18,1.30
2011.02.02 16:51:55.112,5.73954,5.74186,4.93,1.30
2011.02.02 16:51:56.191,5.73947,5.74179,1.93,4.50
2011.02.02 16:51:56.874,5.73955,5.74185,4.93,1.30
2011.02.02 16:51:56.989,5.73941,5.7418,1.93,4.50
2011.02.02 16:51:57.389,5.73954,5.7418,4.93,3.75
2011.02.02 16:51:57.852,5.73954,5.74185,4.93,1.30
2011.02.02 16:51:59.639,5.73933,5.74146,1.72,1.30
2011.02.02 16:51:59.871,5.73912,5.74138,1.56,4.50
2011.02.02 16:52:00.299,5.73907,5.74138,1.74,3.75
2011.02.02 16:52:00.627,5.73897,5.7413,1.16,1.30
2011.02.02 16:52:01.913,5.73915,5.7413,11.81,1.30
2011.02.02 16:52:02.030,5.73928,5.74163,2.47,1.30
2011.02.02 16:52:02.142,5.73954,5.74163,4.58,1.30
2011.02.02 16:52:02.263,5.73943,5.7418,1.07,3.75
2011.02.02 16:52:02.717,5.73938,5.74166,1.18,4.50
2011.02.02 16:52:03.339,5.73926,5.74109,2.47,3.75
2011.02.02 16:52:03.461,5.73888,5.74125,4.18,5.25
2011.02.02 16:52:03.572,5.73888,5.74125,4.18,5.25
2011.02.02 16:52:05.010,5.73869,5.7412,2.68,1.50
2011.02.02 16:52:06.482,5.73874,5.74102,4.93,4.50
2011.02.02 16:52:08.781,5.73854,5.74101,1.93,4.50
2011.02.02 16:52:09.744,5.73849,5.74085,1.18,5.25
2011.02.02 16:52:09.861,5.73841,5.7408,1.93,1.50
2011.02.02 16:52:11.334,5.73846,5.7408,4.18,1.50
2011.02.02 16:52:11.452,5.73837,5.7408,1.93,1.50
2011.02.02 16:52:13.068,5.73824,5.74068,2.46,4.50
2011.02.02 16:52:13.187,5.73835,5.7408,4.93,1.50
2011.02.02 16:52:13.542,5.73832,5.74063,4.11,1.50
2011.02.02 16:52:14.228,5.73824,5.74068,2.46,4.50
2011.02.02 16:52:14.672,5.73834,5.74081,9.88,1.50
2011.02.02 16:52:15.206,5.73835,5.7408,11.76,1.50
2011.02.02 16:52:15.995,5.73847,5.74097,4.18,1.50
2011.02.02 16:52:17.655,5.73821,5.74064,4.44,1.50
2011.02.02 16:52:21.059,5.73838,5.74069,1.33,4.50
2011.02.02 16:52:23.534,5.73833,5.74064,1.71,1.50
2011.02.02 16:52:24.062,5.73835,5.74069,11.76,4.50
2011.02.02 16:52:24.719,5.73848,5.74096,1.93,1.50
2011.02.02 16:52:25.747,5.73841,5.74085,1.18,5.25
2011.02.02 16:52:26.191,5.73846,5.74096,9.88,1.50
2011.02.02 16:52:27.278,5.73841,5.74086,1.18,5.25
2011.02.02 16:52:31.367,5.73819,5.74059,1.93,10.28
2011.02.02 16:52:33.471,5.73834,5.7408,4.93,5.25
2011.02.02 16:52:38.936,5.73835,5.74064,4.93,1.50
2011.02.02 16:52:40.772,5.73815,5.7405,1.93,4.50
2011.02.02 16:52:46.839,5.73806,5.74037,1.18,1.05
2011.02.02 16:52:50.985,5.73803,5.74017,1.93,1.05
2011.02.02 16:52:51.102,5.73795,5.74038,4.93,1.50
2011.02.02 16:52:51.331,5.73794,5.74015,1.93,2.10
2011.02.02 16:52:51.798,5.73779,5.74018,1.93,4.65
2011.02.02 16:52:54.074,5.73864,5.74022,4.50,1.50
2011.02.02 16:52:54.533,5.73864,5.74022,4.50,1.50
2011.02.02 16:52:56.956,5.73855,5.74044,4.50,1.50
2011.02.02 16:53:02.782,5.73853,5.74044,3.75,1.50
2011.02.02 16:53:02.900,5.73853,5.74033,3.75,1.50
2011.02.02 16:53:03.336,5.73844,5.74033,3.75,1.50
2011.02.02 16:53:03.454,5.73831,5.74033,3.96,1.50
2011.02.02 16:53:07.979,5.73831,5.74043,3.96,1.50
2011.02.02 16:53:08.884,5.73791,5.73952,3.75,1.30
2011.02.02 16:53:09.007,5.73748,5.73952,3.75,1.30
2011.02.02 16:53:09.451,5.73748,5.73932,3.75,1.30
2011.02.02 16:53:10.237,5.73782,5.73992,3.75,1.30
2011.02.02 16:53:10.792,5.73774,5.73972,4.50,1.30
2011.02.02 16:53:10.907,5.73774,5.73972,4.50,1.30
2011.02.02 16:53:11.023,5.73791,5.73972,3.75,1.30
2011.02.02 16:53:12.340,5.73814,5.73972,4.50,1.30
2011.02.02 16:53:12.897,5.73832,5.74013,3.75,1.30
2011.02.02 16:53:14.114,5.73832,5.74031,3.96,1.50
2011.02.02 16:53:14.236,5.73855,5.74059,4.50,1.50
2011.02.02 16:53:18.903,5.73866,5.74059,3.75,1.50
2011.02.02 16:53:19.040,5.73895,5.74116,4.71,1.50
2011.02.02 16:53:19.155,5.73916,5.74116,3.75,1.50
2011.02.02 16:53:19.635,5.73934,5.74142,4.50,1.30
2011.02.02 16:53:19.753,5.73916,5.74142,3.96,1.30
2011.02.02 16:53:20.316,5.73916,5.74125,3.96,1.50
2011.02.02 16:53:20.546,5.73886,5.74102,3.75,1.30
2011.02.02 16:53:20.664,5.73886,5.74102,3.75,2.05
2011.02.02 16:53:21.078,5.73873,5.74084,3.96,1.50
2011.02.02 16:53:21.212,5.73895,5.74101,8.25,1.50
2011.02.02 16:53:21.334,5.73895,5.74101,8.25,1.50
2011.02.02 16:53:24.811,5.73874,5.74084,3.96,1.50
2011.02.02 16:53:26.743,5.73874,5.74076,3.96,1.50
2011.02.02 16:53:27.292,5.73894,5.74076,8.25,1.50
2011.02.02 16:53:27.407,5.73894,5.74101,8.25,1.50
2011.02.02 16:53:27.635,5.73894,5.74101,8.25,1.50
2011.02.02 16:53:28.097,5.73937,5.74142,3.75,1.50
2011.02.02 16:53:28.333,5.73937,5.74143,3.75,1.30
2011.02.02 16:53:28.889,5.73937,5.74142,3.75,1.50
2011.02.02 16:53:30.596,5.73937,5.74143,3.75,1.30
2011.02.02 16:53:30.715,5.73957,5.74143,3.75,1.30
2011.02.02 16:53:32.084,5.73942,5.74143,3.75,1.30
2011.02.02 16:53:32.203,5.73964,5.74143,4.50,1.30
2011.02.02 16:53:32.323,5.73964,5.74183,4.93,1.30
2011.02.02 16:53:32.890,5.7395,5.74183,4.18,1.30
2011.02.02 16:53:33.000,5.73964,5.74183,4.71,1.30
2011.02.02 16:53:33.373,5.73964,5.74183,4.93,1.30
2011.02.02 16:53:33.487,5.73975,5.74183,3.75,1.30
2011.02.02 16:53:34.389,5.73979,5.74183,3.75,1.30
2011.02.02 16:53:35.413,5.73985,5.74183,3.75,1.30
2011.02.02 16:53:36.115,5.73979,5.74183,3.75,1.30
2011.02.02 16:53:36.271,5.73985,5.74183,3.75,1.30
2011.02.02 16:53:36.498,5.7398,5.74183,3.75,1.30
2011.02.02 16:53:37.121,5.73985,5.74183,3.75,1.30
2011.02.02 16:53:37.367,5.73979,5.74183,3.75,1.30
2011.02.02 16:53:37.751,5.73984,5.74183,3.75,1.30
2011.02.02 16:53:38.198,5.7398,5.74183,3.75,1.30
2011.02.02 16:53:38.310,5.73959,5.74183,3.96,1.30
2011.02.02 16:53:39.237,5.73955,5.74172,3.96,1.50
2011.02.02 16:53:39.571,5.73979,5.74183,3.75,1.30
2011.02.02 16:53:40.014,5.73959,5.74183,3.96,1.30
2011.02.02 16:53:40.823,5.73943,5.74172,3.96,1.50
2011.02.02 16:53:43.227,5.7398,5.74183,3.75,1.30
2011.02.02 16:53:44.572,5.7398,5.74183,3.75,1.30
2011.02.02 16:53:45.045,5.73954,5.74183,4.18,1.30
2011.02.02 16:53:46.078,5.73943,5.74169,3.96,1.50
2011.02.02 16:53:46.304,5.73922,5.74142,3.75,1.30
2011.02.02 16:53:46.867,5.73917,5.74142,6.21,1.30
2011.02.02 16:53:48.946,5.73924,5.74142,4.50,1.30
2011.02.02 16:53:49.068,5.73917,5.74142,6.21,1.30
2011.02.02 16:53:49.550,5.73917,5.74123,2.25,3.10
2011.02.02 16:53:49.982,5.73888,5.74103,3.75,1.30
2011.02.02 16:53:50.101,5.73884,5.74088,4.50,1.50
2011.02.02 16:53:50.225,5.73885,5.74103,4.50,1.30
2011.02.02 16:53:50.684,5.73885,5.74088,4.50,1.50
2011.02.02 16:53:50.812,5.73904,5.74103,4.50,1.30
2011.02.02 16:53:51.157,5.73887,5.74103,3.75,1.30
2011.02.02 16:53:51.648,5.73832,5.74043,3.75,1.30
2011.02.02 16:53:51.762,5.73832,5.74054,3.96,1.50
2011.02.02 16:53:52.274,5.73832,5.74054,3.96,1.50
2011.02.02 16:53:52.835,5.73864,5.74049,4.50,1.50
2011.02.02 16:53:53.299,5.73862,5.74062,3.75,1.30
2011.02.02 16:53:53.413,5.7384,5.74062,3.75,1.30
2011.02.02 16:53:53.640,5.7384,5.7405,3.75,1.50
2011.02.02 16:53:54.101,5.73887,5.74103,3.75,1.30
2011.02.02 16:53:54.225,5.73887,5.74103,3.75,1.30
2011.02.02 16:53:54.342,5.73874,5.74092,3.96,1.50
2011.02.02 16:53:56.342,5.73906,5.74103,3.97,1.30
2011.02.02 16:53:56.569,5.73906,5.74129,3.97,1.30
2011.02.02 16:53:57.585,5.73935,5.74146,4.72,1.30
2011.02.02 16:53:58.218,5.73947,5.74163,3.97,1.30
2011.02.02 16:53:58.340,5.73985,5.74185,3.75,1.58
2011.02.02 16:53:58.452,5.73987,5.74203,3.97,1.98
2011.02.02 16:53:59.007,5.73987,5.74203,3.97,1.98
2011.02.02 16:53:59.129,5.73966,5.74182,4.18,1.20
2011.02.02 16:54:01.641,5.73966,5.74172,4.18,1.20
2011.02.02 16:54:01.762,5.73948,5.74172,1.18,1.20
2011.02.02 16:54:02.422,5.73948,5.74182,1.18,2.70
2011.02.02 16:54:02.544,5.73948,5.74182,1.18,2.48
2011.02.02 16:54:02.772,5.73948,5.74182,1.18,2.48
2011.02.02 16:54:04.150,5.73987,5.74193,3.75,1.09
2011.02.02 16:54:04.741,5.73987,5.74203,3.97,1.98
2011.02.02 16:54:05.519,5.73982,5.74203,3.97,1.98
2011.02.02 16:54:05.641,5.73982,5.74203,3.97,1.98
2011.02.02 16:54:06.398,5.73994,5.74197,4.50,1.05
2011.02.02 16:54:06.509,5.73994,5.74203,4.72,1.83
2011.02.02 16:54:07.175,5.73994,5.74203,4.72,1.98
2011.02.02 16:54:07.679,5.73994,5.74203,4.72,2.58
2011.02.02 16:54:08.123,5.73994,5.74203,4.72,1.98
2011.02.02 16:54:09.037,5.73994,5.74203,4.72,1.98
2011.02.02 16:54:09.397,5.74002,5.74203,3.97,1.98
2011.02.02 16:54:09.732,5.74002,5.74203,3.97,1.60
2011.02.02 16:54:11.492,5.74002,5.74203,3.97,1.98
2011.02.02 16:54:12.527,5.7399,5.74203,3.97,1.98
2011.02.02 16:54:12.874,5.7399,5.74203,3.97,1.98
2011.02.02 16:54:13.420,5.7399,5.74203,3.97,1.98
2011.02.02 16:54:13.522,5.73999,5.74213,3.97,1.15
2011.02.02 16:54:13.850,5.73999,5.74226,3.97,2.76
2011.02.02 16:54:14.386,5.74002,5.74213,3.97,1.15
2011.02.02 16:54:14.609,5.74002,5.74223,3.97,1.15
2011.02.02 16:54:16.454,5.74002,5.74203,3.97,1.98
2011.02.02 16:54:16.681,5.73989,5.74203,3.97,1.98
2011.02.02 16:54:16.802,5.73989,5.74203,3.97,1.98
2011.02.02 16:54:17.103,5.73989,5.74192,3.97,1.20
2011.02.02 16:54:18.042,5.73994,5.74203,3.97,1.98
2011.02.02 16:54:18.285,5.73994,5.74203,3.97,1.98
2011.02.02 16:54:18.403,5.74005,5.74208,3.97,1.38
2011.02.02 16:54:18.521,5.74005,5.74227,3.97,1.08
2011.02.02 16:54:19.190,5.74005,5.74217,3.97,1.08
2011.02.02 16:54:20.198,5.74005,5.74228,3.97,1.08
2011.02.02 16:54:20.858,5.7401,5.74208,3.97,1.08
2011.02.02 16:54:21.080,5.7395,5.74155,4.72,5.24
2011.02.02 16:54:21.189,5.7395,5.74155,4.72,5.24
2011.02.02 16:54:22.531,5.73958,5.74204,1.18,4.30
2011.02.02 16:54:22.873,5.73958,5.74156,1.18,3.75
2011.02.02 16:54:23.307,5.73937,5.74156,1.18,5.05
2011.02.02 16:54:23.426,5.73937,5.74156,1.18,5.05
2011.02.02 16:54:23.686,5.73937,5.74156,1.18,5.05
2011.02.02 16:54:27.043,5.74038,5.74178,1.17,3.75
2011.02.02 16:54:27.167,5.74044,5.74195,4.18,4.50
2011.02.02 16:54:27.283,5.74044,5.74195,3.75,5.24
2011.02.02 16:54:27.513,5.73984,5.74195,4.72,5.24
2011.02.02 16:54:29.860,5.74026,5.74238,3.97,1.08
2011.02.02 16:54:30.476,5.74054,5.74237,4.50,1.08
2011.02.02 16:54:30.609,5.74067,5.74263,3.97,1.23
2011.02.02 16:54:31.752,5.74059,5.74247,4.72,1.08
2011.02.02 16:54:31.982,5.74039,5.74237,3.97,1.08
2011.02.02 16:54:32.513,5.74055,5.74262,4.72,1.23
2011.02.02 16:54:32.850,5.74081,5.74268,3.75,1.08
2011.02.02 16:54:33.318,5.74122,5.74277,3.75,1.30
2011.02.02 16:54:33.439,5.74097,5.74297,3.97,1.08
2011.02.02 16:54:34.214,5.74102,5.74288,4.72,1.08
2011.02.02 16:54:35.859,5.74134,5.74308,4.50,1.08
2011.02.02 16:54:35.985,5.74151,5.74347,3.97,1.08
2011.02.02 16:54:36.583,5.74151,5.74332,3.97,1.23
2011.02.02 16:54:37.194,5.74156,5.74347,3.97,1.08
2011.02.02 16:54:37.545,5.74175,5.74373,4.50,6.51
2011.02.02 16:54:38.129,5.74206,5.74362,3.97,1.23
2011.02.02 16:54:38.951,5.74225,5.74418,5.47,1.08
2011.02.02 16:54:39.522,5.74245,5.74391,3.97,1.50
2011.02.02 16:54:39.669,5.74188,5.74414,1.18,2.05
2011.02.02 16:54:40.109,5.74188,5.74436,1.18,4.30
2011.02.02 16:54:40.461,5.74188,5.74418,1.18,2.20
2011.02.02 16:54:41.206,5.74188,5.74408,1.18,1.08
2011.02.02 16:54:41.860,5.74188,5.74402,1.18,1.79
2011.02.02 16:54:41.975,5.74188,5.74402,1.18,1.98
2011.02.02 16:54:42.750,5.74157,5.74361,2.47,9.98
2011.02.02 16:54:42.865,5.74147,5.74373,1.18,1.15
2011.02.02 16:54:43.615,5.74147,5.7436,1.18,9.98
2011.02.02 16:54:43.735,5.74147,5.7436,1.18,9.98
2011.02.02 16:54:44.519,5.74127,5.74328,1.18,10.20
2011.02.02 16:54:44.637,5.74127,5.74323,1.18,1.20
2011.02.02 16:54:45.120,5.74127,5.74343,1.18,1.98
2011.02.02 16:54:45.238,5.74127,5.74343,1.18,1.98
2011.02.02 16:54:45.394,5.74127,5.74313,1.18,1.20
2011.02.02 16:54:46.007,5.74127,5.74332,1.18,1.20
2011.02.02 16:54:46.123,5.74127,5.74343,1.18,1.98
2011.02.02 16:54:46.243,5.74127,5.74332,1.18,1.20
2011.02.02 16:54:46.670,5.74127,5.74303,1.18,1.20
2011.02.02 16:54:47.003,5.74105,5.74292,4.72,1.20
2011.02.02 16:54:47.394,5.74105,5.74323,4.72,1.98
2011.02.02 16:54:47.518,5.74097,5.74292,1.18,1.20
2011.02.02 16:54:47.653,5.74097,5.74323,1.18,1.98
2011.02.02 16:54:47.770,5.74097,5.74313,1.18,1.20
2011.02.02 16:54:48.286,5.74097,5.74323,1.18,1.98
2011.02.02 16:54:48.746,5.74097,5.74302,1.18,1.20
2011.02.02 16:54:49.192,5.74097,5.74302,2.68,1.20
2011.02.02 16:54:49.317,5.74105,5.74313,4.72,1.20
2011.02.02 16:54:49.542,5.74105,5.74313,4.72,1.20
2011.02.02 16:54:49.963,5.74105,5.74323,4.72,1.98
2011.02.02 16:54:50.088,5.74097,5.74312,1.18,1.20
2011.02.02 16:54:50.203,5.74097,5.74312,1.18,1.20
2011.02.02 16:54:50.319,5.74097,5.74323,1.18,1.98
2011.02.02 16:54:50.763,5.74105,5.74323,4.72,1.98
2011.02.02 16:54:50.887,5.74105,5.74323,4.72,1.60
2011.02.02 16:54:51.577,5.74106,5.74338,4.72,1.38
2011.02.02 16:54:51.691,5.74106,5.74323,4.72,1.83
2011.02.02 16:54:52.476,5.74106,5.74343,4.72,1.23
2011.02.02 16:54:53.387,5.74168,5.7436,1.18,3.75
2011.02.02 16:54:53.505,5.74168,5.74382,1.18,2.20
2011.02.02 16:54:53.622,5.74168,5.74387,1.18,1.38
2011.02.02 16:54:54.095,5.74168,5.74372,1.18,1.20
2011.02.02 16:54:54.906,5.74148,5.74363,1.18,1.23
2011.02.02 16:54:55.591,5.74148,5.7436,1.18,9.98
2011.02.02 16:54:55.705,5.74148,5.7436,1.18,9.98
2011.02.02 16:54:55.943,5.74148,5.7436,1.18,9.98
2011.02.02 16:54:56.386,5.74148,5.74378,4.93,1.08
2011.02.02 16:54:56.501,5.74149,5.74363,2.47,1.23
2011.02.02 16:54:56.944,5.74149,5.74362,2.47,1.98
2011.02.02 16:54:57.066,5.74149,5.74372,2.47,1.15
2011.02.02 16:54:58.360,5.74149,5.74382,2.47,1.15
2011.02.02 16:54:58.629,5.74149,5.74363,2.47,1.23
2011.02.02 16:54:59.499,5.74148,5.74382,4.93,1.15
2011.02.02 16:54:59.630,5.74188,5.74402,1.18,1.98
2011.02.02 16:54:59.741,5.74188,5.74403,1.18,4.98
2011.02.02 16:54:59.863,5.74188,5.74402,1.18,2.20
2011.02.02 16:55:00.420,5.74188,5.74402,1.18,1.98
2011.02.02 16:55:00.982,5.74188,5.74413,1.18,1.23
2011.02.02 16:55:01.101,5.74188,5.74407,1.18,1.38
2011.02.02 16:55:01.221,5.74188,5.74422,1.18,4.90
2011.02.02 16:55:01.679,5.74188,5.74428,1.18,1.08
2011.02.02 16:55:02.337,5.74188,5.74407,1.18,1.38
2011.02.02 16:55:02.565,5.74188,5.74402,1.18,1.79
2011.02.02 16:55:02.793,5.74188,5.74402,1.18,1.98
2011.02.02 16:55:02.913,5.74188,5.74402,1.18,1.98
2011.02.02 16:55:03.265,5.74189,5.74413,4.72,1.23
2011.02.02 16:55:03.386,5.74189,5.74403,4.72,1.23
2011.02.02 16:55:03.968,5.74188,5.74402,1.18,2.20
2011.02.02 16:55:04.089,5.74188,5.74402,1.18,1.98
2011.02.02 16:55:04.419,5.74188,5.74407,1.18,1.38
2011.02.02 16:55:05.001,5.74188,5.74422,1.18,1.15
2011.02.02 16:55:05.342,5.74194,5.74418,2.47,1.08
2011.02.02 16:55:06.323,5.74192,5.74431,2.47,4.30
2011.02.02 16:55:08.587,5.74188,5.74407,1.18,1.38
2011.02.02 16:55:08.919,5.74188,5.74411,1.18,10.08
2011.02.02 16:55:09.661,5.74188,5.74412,1.18,1.15
2011.02.02 16:55:09.773,5.74188,5.74422,1.18,1.15
2011.02.02 16:55:09.894,5.74188,5.74407,1.18,1.38
2011.02.02 16:55:10.272,5.74188,5.74418,1.18,1.08
2011.02.02 16:55:10.388,5.74188,5.74422,1.18,1.23
2011.02.02 16:55:11.383,5.74183,5.74385,1.72,12.14
2011.02.02 16:55:11.501,5.74155,5.74363,4.72,1.60
2011.02.02 16:55:11.957,5.74147,5.7436,1.18,9.79
2011.02.02 16:55:12.537,5.74147,5.7436,1.18,3.75
2011.02.02 16:55:12.661,5.74148,5.74363,4.72,1.98
2011.02.02 16:55:12.771,5.74148,5.74363,4.72,1.98
2011.02.02 16:55:12.892,5.74147,5.74342,1.18,1.20
2011.02.02 16:55:13.324,5.74121,5.74332,1.72,1.15
2011.02.02 16:55:13.449,5.74101,5.74322,4.72,1.98
2011.02.02 16:55:14.108,5.74106,5.74332,2.47,4.45
2011.02.02 16:55:14.566,5.74102,5.74328,6.22,1.08
2011.02.02 16:55:15.138,5.74102,5.74337,2.47,1.38
2011.02.02 16:55:15.472,5.7411,5.74357,2.47,1.08
2011.02.02 16:55:16.045,5.7411,5.74332,2.47,1.15
2011.02.02 16:55:16.163,5.74106,5.74357,4.72,1.08
2011.02.02 16:55:16.284,5.74107,5.74353,2.47,1.23
2011.02.02 16:55:18.106,5.74135,5.7436,1.16,4.30
2011.02.02 16:55:18.228,5.74167,5.74383,1.18,1.60
2011.02.02 16:55:18.515,5.74167,5.74389,1.18,2.35
2011.02.02 16:55:19.433,5.74167,5.74383,1.18,1.83
2011.02.02 16:55:20.100,5.74167,5.74383,1.18,1.98
2011.02.02 16:55:20.406,5.74167,5.74383,1.18,1.60
2011.02.02 16:55:20.631,5.74167,5.74392,1.18,1.23
2011.02.02 16:55:21.195,5.74185,5.74402,1.18,4.53
2011.02.02 16:55:21.421,5.74185,5.74402,1.18,1.79
2011.02.02 16:55:21.763,5.74188,5.74402,1.18,2.20
2011.02.02 16:55:22.426,5.74188,5.74407,1.18,4.64
2011.02.02 16:55:22.673,5.74188,5.74407,1.18,2.20
2011.02.02 16:55:22.901,5.74188,5.74402,1.18,2.20
2011.02.02 16:55:23.333,5.74188,5.74402,1.18,2.20
2011.02.02 16:55:23.971,5.74188,5.74402,1.18,4.75
2011.02.02 16:55:24.611,5.74188,5.74357,1.18,1.50
2011.02.02 16:55:25.418,5.74188,5.74357,1.18,1.50
2011.02.02 16:55:25.539,5.74148,5.74334,1.18,1.50
2011.02.02 16:55:25.871,5.74148,5.74339,1.18,1.50
2011.02.02 16:55:27.159,5.74148,5.74327,1.18,1.50
2011.02.02 16:55:27.380,5.74148,5.74327,1.18,1.50
2011.02.02 16:55:29.529,5.74148,5.74327,1.18,1.50
2011.02.02 16:55:30.993,5.74148,5.74327,1.18,1.50
2011.02.02 16:55:31.115,5.74148,5.7434,1.18,1.50
2011.02.02 16:55:31.344,5.74148,5.7434,1.18,1.50
2011.02.02 16:55:31.923,5.74148,5.74329,1.18,1.50
2011.02.02 16:55:32.947,5.7422,5.74363,1.18,3.75
2011.02.02 16:55:33.061,5.74226,5.74405,4.18,3.98
2011.02.02 16:55:33.675,5.74206,5.74414,4.18,4.35
2011.02.02 16:55:34.011,5.74197,5.74414,2.68,4.20
2011.02.02 16:55:34.816,5.74197,5.74402,2.68,1.50
2011.02.02 16:55:35.264,5.74225,5.74417,4.71,1.50
2011.02.02 16:55:35.751,5.74225,5.74417,4.93,1.80
2011.02.02 16:55:35.873,5.74226,5.74417,4.18,1.50
2011.02.02 16:55:36.190,5.74226,5.74417,4.18,1.65
2011.02.02 16:55:36.843,5.74226,5.74419,4.18,1.65
2011.02.02 16:55:37.181,5.74205,5.74403,4.18,1.58
2011.02.02 16:55:37.735,5.74205,5.74403,4.18,1.50
2011.02.02 16:55:38.071,5.74205,5.74403,4.18,1.73
2011.02.02 16:55:38.614,5.74205,5.74403,4.18,1.58
2011.02.02 16:55:38.817,5.74205,5.74403,4.18,3.98
2011.02.02 16:55:39.381,5.74205,5.74403,4.18,1.58
2011.02.02 16:55:40.028,5.74225,5.74403,4.71,1.50
2011.02.02 16:55:40.250,5.74235,5.74403,3.75,1.50
2011.02.02 16:55:40.655,5.74245,5.74426,3.75,2.40
2011.02.02 16:55:40.777,5.74229,5.74414,3.97,1.58
2011.02.02 16:55:40.889,5.74229,5.74414,3.97,3.98
2011.02.02 16:55:41.557,5.742,5.74414,4.18,6.23
2011.02.02 16:55:41.678,5.74221,5.74394,3.96,1.58
2011.02.02 16:55:41.795,5.74221,5.74394,3.96,4.20
2011.02.02 16:55:42.457,5.74221,5.74398,3.96,4.35
2011.02.02 16:55:42.575,5.74221,5.74398,3.96,4.17
2011.02.02 16:55:43.453,5.74221,5.74398,3.96,1.65
2011.02.02 16:55:44.140,5.74221,5.744,3.96,4.58
2011.02.02 16:55:44.602,5.74226,5.744,3.96,1.65
2011.02.02 16:55:44.721,5.74226,5.74415,3.96,4.35
2011.02.02 16:55:44.939,5.74226,5.74396,3.96,1.58
2011.02.02 16:55:47.102,5.74222,5.74408,3.96,4.35
2011.02.02 16:55:47.381,5.74222,5.74408,3.96,4.17
2011.02.02 16:55:47.561,5.74222,5.74402,3.96,1.20
2011.02.02 16:55:47.795,5.74222,5.74408,3.96,4.17
2011.02.02 16:55:48.902,5.74212,5.7441,4.18,1.50
2011.02.02 16:55:49.198,5.74212,5.7441,4.18,1.65
2011.02.02 16:55:51.044,5.74219,5.7441,4.18,1.50
2011.02.02 16:55:51.500,5.74219,5.74418,4.18,4.17
2011.02.02 16:55:51.828,5.74211,5.74412,4.18,1.50
2011.02.02 16:55:52.500,5.74211,5.7441,4.18,4.17
2011.02.02 16:55:53.783,5.74212,5.74402,4.18,1.20
2011.02.02 16:55:58.648,5.7419,5.74401,4.18,4.17
2011.02.02 16:55:58.871,5.74204,5.74401,4.18,1.65
2011.02.02 16:56:00.106,5.74204,5.74394,4.18,4.20
2011.02.02 16:56:00.551,5.74204,5.74406,4.18,3.98
2011.02.02 16:56:02.670,5.74211,5.74408,4.18,4.17
2011.02.02 16:56:04.739,5.74211,5.74408,4.18,1.65
2011.02.02 16:56:05.282,5.74211,5.74408,4.18,1.50
2011.02.02 16:56:05.403,5.74203,5.74429,4.18,4.17
2011.02.02 16:56:06.551,5.74203,5.74412,4.18,1.20
2011.02.02 16:56:08.500,5.74212,5.74422,4.18,1.20
2011.02.02 16:56:08.610,5.74213,5.74437,1.18,4.35
2011.02.02 16:56:10.299,5.7422,5.74437,4.18,4.35
2011.02.02 16:56:11.202,5.7422,5.74437,4.18,3.98
2011.02.02 16:56:11.315,5.7422,5.74433,4.18,1.20
2011.02.02 16:56:11.698,5.7422,5.74446,4.18,2.48
2011.02.02 16:56:12.372,5.7422,5.74446,4.18,2.48
2011.02.02 16:56:12.709,5.7422,5.74446,4.18,2.48
2011.02.02 16:56:14.721,5.74229,5.74446,3.97,2.48
2011.02.02 16:56:14.841,5.74229,5.74446,3.97,2.48
2011.02.02 16:56:16.268,5.74229,5.74442,3.97,1.20
2011.02.02 16:56:16.909,5.74229,5.74446,3.97,2.48
2011.02.02 16:56:18.149,5.74229,5.74446,4.16,2.48
2011.02.02 16:56:18.261,5.74253,5.74467,1.18,4.35
2011.02.02 16:56:18.819,5.74253,5.74467,1.18,4.35
2011.02.02 16:56:18.930,5.74241,5.74442,4.37,1.20
2011.02.02 16:56:19.039,5.74241,5.74453,4.18,1.20
2011.02.02 16:56:19.149,5.74241,5.74458,4.18,4.35
2011.02.02 16:56:21.176,5.74237,5.74432,2.68,1.20
2011.02.02 16:56:23.679,5.74237,5.74422,2.68,1.20
2011.02.02 16:56:23.805,5.74237,5.74455,2.68,2.48
2011.02.02 16:56:24.147,5.74237,5.74455,2.68,2.48
2011.02.02 16:56:24.390,5.74237,5.74413,2.68,1.58
2011.02.02 16:56:24.730,5.74237,5.74423,2.68,4.35
2011.02.02 16:56:25.510,5.74158,5.74332,4.18,1.20
2011.02.02 16:56:26.411,5.74158,5.74333,4.18,1.20
2011.02.02 16:56:27.056,5.74138,5.74343,1.18,1.20
2011.02.02 16:56:27.431,5.74155,5.74351,1.18,1.65
2011.02.02 16:56:27.551,5.74178,5.74371,4.18,4.35
2011.02.02 16:56:28.030,5.74178,5.74371,4.18,4.35
2011.02.02 16:56:28.831,5.74162,5.74332,1.18,1.20
2011.02.02 16:56:28.953,5.74178,5.74363,4.18,4.35
2011.02.02 16:56:29.070,5.74169,5.74363,1.18,4.35
2011.02.02 16:56:29.788,5.7417,5.74363,4.18,4.35
2011.02.02 16:56:29.906,5.7417,5.74372,4.18,1.73
2011.02.02 16:56:30.244,5.74179,5.74372,4.18,4.17
2011.02.02 16:56:32.332,5.74178,5.74372,4.18,4.35
2011.02.02 16:56:32.450,5.74178,5.74372,4.18,4.35
2011.02.02 16:56:32.558,5.74178,5.74372,4.18,1.65
2011.02.02 16:56:33.659,5.74214,5.74372,1.18,1.50
2011.02.02 16:56:33.771,5.7422,5.74409,4.18,1.80
2011.02.02 16:56:34.380,5.74199,5.74399,4.18,4.58
2011.02.02 16:56:35.305,5.74199,5.74423,4.18,4.35
2011.02.02 16:56:35.532,5.74199,5.74403,4.18,4.95
2011.02.02 16:56:35.649,5.74199,5.74393,4.18,1.20
2011.02.02 16:56:36.369,5.7418,5.74392,1.18,4.35
2011.02.02 16:56:36.479,5.7418,5.74392,1.18,4.17
2011.02.02 16:56:37.075,5.7418,5.74383,1.18,1.20
2011.02.02 16:56:38.599,5.7418,5.74381,1.18,1.50
2011.02.02 16:56:39.137,5.7418,5.74393,1.18,1.50
2011.02.02 16:56:39.260,5.74194,5.74372,4.18,1.20
2011.02.02 16:56:39.482,5.74199,5.7437,3.97,4.17
2011.02.02 16:56:39.602,5.74199,5.74363,3.75,1.20
2011.02.02 16:56:41.278,5.74145,5.74347,4.18,4.20
2011.02.02 16:56:41.511,5.74145,5.74347,4.18,1.50
2011.02.02 16:56:42.296,5.74178,5.74362,4.18,1.50
2011.02.02 16:56:42.410,5.74178,5.74376,4.18,1.50
2011.02.02 16:56:43.212,5.74178,5.74401,4.18,1.50
2011.02.02 16:56:43.550,5.74193,5.74401,3.97,1.50
2011.02.02 16:56:45.596,5.74193,5.74401,3.75,4.65
2011.02.02 16:56:45.715,5.7418,5.7439,4.18,1.50
2011.02.02 16:56:46.488,5.74193,5.7439,3.97,1.50
2011.02.02 16:56:46.600,5.74193,5.744,3.97,1.50
2011.02.02 16:56:47.362,5.74193,5.744,4.18,1.50
2011.02.02 16:56:47.486,5.74214,5.74412,4.18,1.50
2011.02.02 16:56:47.932,5.74192,5.74412,4.18,1.50
2011.02.02 16:56:48.486,5.74192,5.74398,4.18,1.50
2011.02.02 16:56:48.911,5.74192,5.74398,4.18,1.65
2011.02.02 16:56:49.393,5.74192,5.74398,4.18,1.50
2011.02.02 16:56:50.566,5.74192,5.74398,4.18,1.80
2011.02.02 16:56:50.683,5.74192,5.74411,4.18,1.65
2011.02.02 16:56:50.801,5.74192,5.744,4.18,1.80
2011.02.02 16:56:50.909,5.74192,5.744,4.18,1.50
2011.02.02 16:56:51.775,5.74192,5.744,4.18,1.65
2011.02.02 16:56:52.111,5.74192,5.744,4.18,1.50
2011.02.02 16:56:53.251,5.74192,5.744,4.18,1.65
2011.02.02 16:56:54.451,5.74192,5.744,4.18,1.50
2011.02.02 16:56:54.888,5.74192,5.7441,4.18,1.50
2011.02.02 16:56:56.582,5.74192,5.7441,4.18,1.65
2011.02.02 16:56:57.885,5.74192,5.7441,4.18,4.17
2011.02.02 16:56:58.324,5.74192,5.74399,4.18,1.50
2011.02.02 16:56:58.549,5.74192,5.74399,4.18,1.65
2011.02.02 16:56:59.030,5.74192,5.74399,4.18,1.50
2011.02.02 16:56:59.348,5.74192,5.74399,4.18,1.65
2011.02.02 16:57:00.880,5.74192,5.74382,3.97,1.73
2011.02.02 16:57:01.269,5.74181,5.74382,4.18,1.73
2011.02.02 16:57:01.390,5.73965,5.74202,1.46,3.75
2011.02.02 16:57:05.284,5.73948,5.74181,1.33,3.75
2011.02.02 16:57:05.725,5.73949,5.74201,1.27,1.50
2011.02.02 16:57:06.291,5.73983,5.74209,1.42,1.50
2011.02.02 16:57:06.411,5.73978,5.74215,1.11,3.75
2011.02.02 16:57:06.757,5.73978,5.74213,1.11,1.50
2011.02.02 16:57:10.371,5.73998,5.74213,2.80,1.50
2011.02.02 16:57:10.486,5.74021,5.74242,1.35,1.50
2011.02.02 16:57:10.607,5.74021,5.74251,1.46,1.50
2011.02.02 16:57:11.072,5.74007,5.74245,1.46,3.75
2011.02.02 16:57:11.921,5.74007,5.74237,1.46,1.50
2011.02.02 16:57:12.689,5.73973,5.74215,1.07,1.50
2011.02.02 16:57:13.190,5.73978,5.74214,1.33,1.50
2011.02.02 16:57:13.871,5.73968,5.74205,6.32,3.94
2011.02.02 16:57:13.987,5.73968,5.74181,2.76,3.75
2011.02.02 16:57:14.107,5.73953,5.74181,1.07,3.75
2011.02.02 16:57:14.226,5.73953,5.74203,1.07,3.94
2011.02.02 16:57:14.661,5.73953,5.74203,1.07,3.75
2011.02.02 16:57:14.886,5.73966,5.742,1.42,1.50
2011.02.02 16:57:15.544,5.73963,5.74182,1.26,3.75
2011.02.02 16:57:15.885,5.73963,5.74174,1.26,3.75
2011.02.02 16:57:16.525,5.73965,5.74191,1.42,1.50
2011.02.02 16:57:16.646,5.73983,5.74208,1.26,2.25
2011.02.02 16:57:21.473,5.73982,5.74215,1.46,5.25
2011.02.02 16:57:21.730,5.73982,5.74215,1.46,5.25
2011.02.02 16:57:25.158,5.74007,5.74218,1.08,1.50
2011.02.02 16:57:25.274,5.74007,5.74237,1.08,6.00
2011.02.02 16:57:27.968,5.74007,5.74216,1.46,3.75
2011.02.02 16:57:28.366,5.74007,5.74214,1.08,1.50
2011.02.02 16:57:28.707,5.7399,5.74216,1.46,4.50
2011.02.02 16:57:29.293,5.74003,5.74224,1.26,1.50
2011.02.02 16:57:35.143,5.74033,5.74233,1.15,1.50
2011.02.02 16:57:36.015,5.73976,5.74179,2.81,3.75
2011.02.02 16:57:36.128,5.73976,5.74179,2.77,3.75
2011.02.02 16:57:36.244,5.73968,5.74179,1.20,4.50
2011.02.02 16:57:36.356,5.73978,5.74179,1.20,4.50
2011.02.02 16:57:36.474,5.73961,5.74179,1.36,4.50
2011.02.02 16:57:36.980,5.73961,5.74179,1.14,4.50
2011.02.02 16:57:37.356,5.73961,5.74165,1.14,1.50
2011.02.02 16:57:37.475,5.73957,5.74165,1.65,1.50
2011.02.02 16:57:37.882,5.73919,5.74143,1.14,1.30
2011.02.02 16:57:38.484,5.73919,5.74137,1.14,4.50
2011.02.02 16:57:39.192,5.7392,5.74128,1.14,1.50
2011.02.02 16:57:39.416,5.73917,5.74128,1.65,1.50
2011.02.02 16:57:39.537,5.73917,5.74119,1.65,1.50
2011.02.02 16:57:40.011,5.73917,5.74119,1.11,6.00
2011.02.02 16:57:40.131,5.73917,5.74119,1.65,1.50
2011.02.02 16:57:40.248,5.73928,5.74119,1.20,1.50
2011.02.02 16:57:41.128,5.73903,5.74119,1.07,1.50
2011.02.02 16:57:41.245,5.73903,5.74119,1.07,1.50
2011.02.02 16:57:41.355,5.73903,5.74135,1.07,2.25
2011.02.02 16:57:42.381,5.73919,5.74134,1.46,2.25
2011.02.02 16:57:42.499,5.73948,5.74134,1.11,2.25
2011.02.02 16:57:43.391,5.73942,5.74134,1.04,2.25
2011.02.02 16:57:43.509,5.73957,5.74149,1.11,2.25
2011.02.02 16:57:44.187,5.73953,5.74149,1.34,2.25
2011.02.02 16:57:44.319,5.73957,5.74149,1.11,2.25
2011.02.02 16:57:44.439,5.73904,5.74124,10.30,2.25
2011.02.02 16:57:45.163,5.73942,5.74128,1.04,1.50
2011.02.02 16:57:45.274,5.7392,5.74128,1.35,1.50
2011.02.02 16:57:45.604,5.73903,5.74093,4.18,3.19
2011.02.02 16:57:46.264,5.73877,5.74081,1.18,3.75
2011.02.02 16:57:46.433,5.73877,5.74081,1.18,4.13
2011.02.02 16:57:47.157,5.73877,5.74081,1.18,4.13
2011.02.02 16:57:47.495,5.7386,5.74011,1.18,3.75
2011.02.02 16:57:48.858,5.7386,5.74032,1.18,3.75
2011.02.02 16:57:49.596,5.73877,5.74011,1.18,3.75
2011.02.02 16:57:50.656,5.73891,5.74033,1.18,3.75
2011.02.02 16:57:50.775,5.73891,5.74051,1.18,3.75
2011.02.02 16:57:51.359,5.73876,5.74032,1.18,3.75
2011.02.02 16:57:52.207,5.73859,5.7401,1.18,3.75
2011.02.02 16:57:52.548,5.73877,5.74031,1.18,3.75
2011.02.02 16:57:55.787,5.73877,5.74022,1.18,3.75
2011.02.02 16:57:56.218,5.73877,5.7401,1.18,3.75
2011.02.02 16:57:56.345,5.7386,5.7401,1.18,3.75
2011.02.02 16:57:56.458,5.73821,5.73976,1.18,3.75
2011.02.02 16:57:56.578,5.73835,5.73997,1.18,3.75
2011.02.02 16:57:58.269,5.73757,5.73962,1.12,4.30
2011.02.02 16:57:58.496,5.73742,5.73962,1.27,4.30
2011.02.02 16:57:59.270,5.7373,5.73962,2.70,4.30
2011.02.02 16:57:59.607,5.7373,5.73926,2.81,3.75
2011.02.02 16:58:00.489,5.73717,5.73926,1.11,3.75
2011.02.02 16:58:01.834,5.73717,5.73896,1.11,3.75
2011.02.02 16:58:03.188,5.73737,5.73926,1.20,3.75
2011.02.02 16:58:03.746,5.73717,5.73926,1.11,3.75
2011.02.02 16:58:04.167,5.73703,5.73926,1.26,3.75
2011.02.02 16:58:04.286,5.73692,5.73916,1.26,3.75
2011.02.02 16:58:04.730,5.73677,5.73897,6.55,3.75
2011.02.02 16:58:05.452,5.73677,5.73897,6.55,3.75
2011.02.02 16:58:05.786,5.73673,5.73875,1.04,3.75
2011.02.02 16:58:06.341,5.73697,5.73896,1.20,3.75
2011.02.02 16:58:06.684,5.7384,5.73948,3.75,2.25
2011.02.02 16:58:06.795,5.7384,5.73948,3.75,1.50
2011.02.02 16:58:06.921,5.7384,5.74037,3.75,1.30
2011.02.02 16:58:07.524,5.7384,5.74055,3.96,2.25
2011.02.02 16:58:07.638,5.73862,5.74063,3.75,1.30
2011.02.02 16:58:07.756,5.73862,5.74066,3.75,1.30
2011.02.02 16:58:08.448,5.73862,5.74063,3.75,1.49
2011.02.02 16:58:09.086,5.73726,5.7398,3.96,3.75
2011.02.02 16:58:09.329,5.73726,5.73959,3.96,3.75
2011.02.02 16:58:09.452,5.73698,5.73947,2.68,3.75
2011.02.02 16:58:09.847,5.737,5.73947,1.18,3.75
2011.02.02 16:58:10.562,5.73698,5.73947,2.68,4.50
2011.02.02 16:58:10.872,5.73687,5.73912,1.33,4.50
2011.02.02 16:58:11.560,5.7369,5.73912,2.57,3.75
2011.02.02 16:58:11.683,5.73728,5.73933,1.33,3.75
2011.02.02 16:58:12.353,5.73702,5.73954,1.07,5.25
2011.02.02 16:58:13.598,5.73739,5.73954,1.05,4.50
2011.02.02 16:58:15.949,5.73721,5.73933,1.27,4.50
2011.02.02 16:58:18.088,5.73742,5.73953,1.26,4.50
2011.02.02 16:58:23.356,5.73723,5.73949,1.05,1.30
2011.02.02 16:58:23.473,5.73715,5.73949,2.70,1.30
2011.02.02 16:58:23.987,5.73687,5.73903,1.11,1.30
2011.02.02 16:58:26.030,5.73701,5.73913,1.14,1.30
2011.02.02 16:58:26.153,5.73704,5.73913,2.48,1.30
2011.02.02 16:58:26.599,5.73728,5.73942,1.11,1.30
2011.02.02 16:58:26.826,5.73728,5.73942,1.11,1.30
2011.02.02 16:58:27.629,5.73687,5.73903,1.11,1.30
2011.02.02 16:58:28.319,5.73717,5.73903,1.20,1.30
2011.02.02 16:58:28.831,5.73708,5.73903,1.20,1.30
2011.02.02 16:58:29.201,5.73717,5.73903,1.20,1.30
2011.02.02 16:58:29.718,5.73702,5.73912,1.14,1.30
2011.02.02 16:58:30.092,5.73702,5.73912,1.14,1.30
2011.02.02 16:58:30.712,5.73758,5.73942,1.20,1.30
2011.02.02 16:58:31.557,5.73747,5.73938,1.20,4.50
2011.02.02 16:58:32.657,5.73747,5.73938,1.20,3.75
2011.02.02 16:58:32.776,5.7376,5.73981,9.75,1.30
2011.02.02 16:58:32.888,5.7376,5.73981,10.12,1.30
2011.02.02 16:58:33.007,5.73753,5.73981,1.27,1.30
2011.02.02 16:58:33.668,5.73753,5.73966,1.36,1.30
2011.02.02 16:58:34.799,5.73739,5.73966,10.12,1.30
2011.02.02 16:58:34.916,5.73739,5.73966,3.97,1.30
2011.02.02 16:58:35.146,5.73772,5.73966,3.75,1.30
2011.02.02 16:58:36.037,5.73738,5.73966,3.97,1.30
2011.02.02 16:58:36.488,5.73747,5.73949,3.75,1.30
2011.02.02 16:58:36.796,5.73737,5.73949,2.47,1.30
2011.02.02 16:58:37.338,5.73737,5.73966,2.47,1.30
2011.02.02 16:58:37.563,5.73752,5.7395,3.75,1.30
2011.02.02 16:58:37.674,5.73737,5.7395,2.47,1.30
2011.02.02 16:58:42.127,5.73755,5.7395,3.75,1.30
2011.02.02 16:58:45.742,5.73796,5.73985,3.75,1.30
2011.02.02 16:58:46.844,5.73776,5.73985,3.75,1.30
2011.02.02 16:58:47.630,5.73784,5.7397,3.75,1.30
2011.02.02 16:58:47.954,5.73764,5.73952,3.75,1.30
2011.02.02 16:58:48.544,5.73785,5.7397,3.75,1.30
2011.02.02 16:58:48.663,5.73763,5.73987,4.12,1.30
2011.02.02 16:58:48.781,5.73797,5.73987,3.75,1.30
2011.02.02 16:58:49.236,5.73784,5.7397,3.75,1.30
2011.02.02 16:58:49.907,5.73748,5.7397,3.97,1.30
2011.02.02 16:58:50.677,5.73748,5.73971,3.97,1.30
2011.02.02 16:58:52.214,5.73748,5.73954,3.90,1.30
2011.02.02 16:58:52.690,5.73728,5.73954,10.44,1.30
2011.02.02 16:58:53.025,5.73728,5.73971,10.26,1.30
2011.02.02 16:58:54.747,5.73749,5.73952,3.75,1.30
2011.02.02 16:58:54.868,5.73728,5.73952,10.26,1.30
2011.02.02 16:58:55.356,5.7372,5.73936,3.96,1.50
2011.02.02 16:58:55.881,5.73718,5.73912,2.25,1.30
2011.02.02 16:58:56.106,5.73718,5.73926,2.33,1.30
2011.02.02 16:58:57.168,5.73718,5.73926,6.23,1.30
2011.02.02 16:58:57.729,5.73719,5.73942,10.12,1.30
2011.02.02 16:58:57.847,5.73719,5.73942,9.75,1.30
2011.02.02 16:58:58.572,5.73719,5.73961,3.97,1.30
2011.02.02 16:59:06.745,5.73756,5.73961,1.50,1.30
2011.02.02 16:59:07.354,5.73761,5.73961,1.50,1.30
2011.02.02 16:59:09.441,5.73761,5.73973,1.72,1.30
2011.02.02 16:59:09.916,5.73749,5.73971,3.97,1.68
2011.02.02 16:59:10.349,5.73749,5.73969,3.97,1.68
2011.02.02 16:59:10.470,5.73741,5.73946,1.50,1.30
2011.02.02 16:59:12.140,5.73758,5.73964,3.75,1.30
2011.02.02 16:59:12.260,5.73758,5.73972,4.05,1.30
2011.02.02 16:59:12.835,5.73777,5.73988,2.47,1.30
2011.02.02 16:59:14.836,5.73777,5.73973,2.25,1.30
2011.02.02 16:59:18.877,5.73777,5.73989,2.62,1.30
2011.02.02 16:59:19.922,5.73788,5.74005,4.89,1.30
2011.02.02 16:59:20.779,5.73799,5.74005,4.17,1.30
2011.02.02 16:59:20.956,5.73799,5.74005,1.65,1.30
2011.02.02 16:59:21.186,5.73789,5.74005,4.12,1.30
2011.02.02 16:59:21.646,5.73792,5.74005,1.36,1.30
2011.02.02 16:59:22.810,5.73789,5.74005,4.27,1.30
2011.02.02 16:59:22.928,5.73789,5.74005,4.70,1.30
2011.02.02 16:59:23.297,5.73789,5.74005,4.12,1.30
2011.02.02 16:59:23.593,5.73789,5.74005,4.70,1.30
2011.02.02 16:59:23.815,5.73789,5.74005,4.27,1.30
2011.02.02 16:59:24.015,5.738,5.74005,1.50,1.30
2011.02.02 16:59:24.394,5.738,5.74005,1.80,1.30
2011.02.02 16:59:24.615,5.738,5.74005,1.50,1.30
2011.02.02 16:59:24.724,5.738,5.74005,1.65,1.30
2011.02.02 16:59:25.612,5.73793,5.74005,1.36,1.30
2011.02.02 16:59:26.394,5.7379,5.74005,4.70,1.30
2011.02.02 16:59:26.844,5.73828,5.74031,1.20,1.30
2011.02.02 16:59:26.964,5.73815,5.74048,2.43,1.30
2011.02.02 16:59:27.079,5.73806,5.74031,4.68,1.30
2011.02.02 16:59:27.196,5.73806,5.74031,4.31,1.30
2011.02.02 16:59:27.317,5.73806,5.74031,4.68,1.30
2011.02.02 16:59:27.810,5.73806,5.74031,4.31,1.30
2011.02.02 16:59:28.828,5.73827,5.74031,1.58,1.30
2011.02.02 16:59:29.815,5.73822,5.74047,1.27,1.30
2011.02.02 16:59:30.300,5.73805,5.7403,4.68,1.30
2011.02.02 16:59:31.008,5.73818,5.7403,1.80,1.30
2011.02.02 16:59:31.130,5.73818,5.7403,4.31,1.30
2011.02.02 16:59:31.677,5.73834,5.74048,1.72,1.30
2011.02.02 16:59:32.018,5.73837,5.74048,1.14,1.30
2011.02.02 16:59:32.653,5.73863,5.7407,1.14,1.30
2011.02.02 16:59:32.784,5.73878,5.74083,1.14,1.04
2011.02.02 16:59:32.899,5.73867,5.74083,4.31,1.04
2011.02.02 16:59:33.647,5.73877,5.74083,1.14,1.04
2011.02.02 16:59:34.334,5.73852,5.74073,4.50,1.30
2011.02.02 16:59:34.665,5.73865,5.74083,1.87,1.04
2011.02.02 16:59:35.517,5.7385,5.74072,4.27,1.30
2011.02.02 16:59:36.015,5.7385,5.74072,4.38,1.30
2011.02.02 16:59:36.131,5.7384,5.74072,2.62,1.30
2011.02.02 16:59:37.263,5.7384,5.74072,2.70,1.30
2011.02.02 16:59:37.596,5.73863,5.74072,1.14,1.30
2011.02.02 16:59:38.483,5.73887,5.74072,1.20,1.30
2011.02.02 16:59:38.977,5.73888,5.74072,1.20,1.30
2011.02.02 16:59:39.434,5.73878,5.74072,1.20,1.30
2011.02.02 16:59:39.544,5.73867,5.74072,1.20,1.30
2011.02.02 16:59:39.654,5.73863,5.74072,1.14,1.30
2011.02.02 16:59:39.764,5.7384,5.74072,2.81,1.30
2011.02.02 16:59:39.873,5.7384,5.74072,2.62,1.30
2011.02.02 16:59:40.353,5.73817,5.74055,1.05,5.05
2011.02.02 16:59:40.466,5.73799,5.74031,10.12,1.30
2011.02.02 16:59:41.178,5.73812,5.74031,1.27,1.30
2011.02.02 16:59:41.576,5.7382,5.74031,1.36,1.30
2011.02.02 16:59:42.105,5.73814,5.74048,2.70,1.30
2011.02.02 16:59:42.436,5.73837,5.74048,1.74,1.30
2011.02.02 16:59:42.666,5.73821,5.74048,10.20,1.30
2011.02.02 16:59:43.105,5.73821,5.74048,3.97,1.30
2011.02.02 16:59:43.435,5.73808,5.74031,9.93,1.30
2011.02.02 16:59:44.246,5.73787,5.74014,10.31,1.30
2011.02.02 16:59:44.816,5.73798,5.74014,1.14,1.30
2011.02.02 16:59:45.597,5.73808,5.7403,9.75,1.30
2011.02.02 16:59:46.504,5.73813,5.7403,1.27,1.30
2011.02.02 16:59:46.835,5.73822,5.74045,1.27,1.30
2011.02.02 16:59:47.409,5.73821,5.74045,9.75,1.30
2011.02.02 16:59:47.531,5.73815,5.74029,1.80,1.30
2011.02.02 16:59:47.870,5.738,5.74012,3.97,1.30
2011.02.02 16:59:48.322,5.73766,5.74005,4.31,1.30
2011.02.02 16:59:48.437,5.73766,5.73988,1.80,1.30
2011.02.02 16:59:48.557,5.73757,5.73972,4.20,1.30
2011.02.02 16:59:48.677,5.73761,5.73972,4.70,1.30
2011.02.02 16:59:49.229,5.73761,5.73988,4.50,1.30
2011.02.02 16:59:50.551,5.7376,5.73971,1.87,1.30
2011.02.02 16:59:50.775,5.73763,5.73987,4.38,1.30
2011.02.02 16:59:52.174,5.73808,5.74011,1.20,1.50
2011.02.02 16:59:52.680,5.73821,5.74048,9.90,1.30
2011.02.02 16:59:53.619,5.73799,5.74028,9.75,1.30
2011.02.02 16:59:53.740,5.73799,5.74013,3.97,1.30
2011.02.02 16:59:56.211,5.73778,5.74013,4.72,1.30
2011.02.02 16:59:56.338,5.73752,5.73974,1.72,1.30
2011.02.02 16:59:57.197,5.73741,5.73974,2.81,1.30
2011.02.02 16:59:58.369,5.73758,5.73974,1.14,1.30
2011.02.02 16:59:58.488,5.73748,5.73974,9.75,1.30
2011.02.02 16:59:58.928,5.73753,5.73974,1.05,1.30
2011.02.02 16:59:59.158,5.73753,5.73989,1.27,1.30
