2017.03.15 22:00:00.320,8.49757,8.50183,0.75,0.75
2017.03.15 22:00:01.170,8.49751,8.50182,0.75,0.75
2017.03.15 22:00:04.913,8.4975,8.50163,0.75,0.75
2017.03.15 22:00:05.245,8.49761,8.50162,0.75,0.75
2017.03.15 22:00:11.019,8.4978,8.50163,0.75,0.75
2017.03.15 22:00:11.334,8.49872,8.50163,0.75,0.75
2017.03.15 22:00:11.670,8.49922,8.50163,0.75,0.75
2017.03.15 22:00:12.224,8.49883,8.50162,0.75,0.75
2017.03.15 22:00:12.385,8.49872,8.50133,0.75,0.75
2017.03.15 22:00:13.725,8.49872,8.50173,0.75,0.75
2017.03.15 22:00:15.490,8.49922,8.50173,0.75,0.75
2017.03.15 22:00:16.004,8.49882,8.50173,0.75,0.75
2017.03.15 22:00:16.055,8.49872,8.50173,0.75,0.75
2017.03.15 22:00:16.627,8.49922,8.50173,0.75,0.75
2017.03.15 22:00:17.289,8.49882,8.50173,0.75,0.75
2017.03.15 22:00:17.340,8.49922,8.50143,0.75,0.75
2017.03.15 22:00:17.769,8.49882,8.50143,0.75,0.75
2017.03.15 22:00:17.820,8.49872,8.50143,0.75,0.75
2017.03.15 22:00:18.629,8.49922,8.50143,0.75,0.75
2017.03.15 22:00:18.680,8.49872,8.50143,0.75,0.75
2017.03.15 22:00:18.855,8.49923,8.50142,0.75,0.75
2017.03.15 22:00:19.073,8.49877,8.50143,0.75,0.75
2017.03.15 22:00:19.124,8.49872,8.50143,0.75,0.75
2017.03.15 22:00:19.175,8.49922,8.50143,0.75,0.75
2017.03.15 22:00:19.545,8.49872,8.50143,0.75,0.75
2017.03.15 22:00:19.727,8.49922,8.50143,0.75,0.75
2017.03.15 22:00:20.067,8.49922,8.50203,0.75,0.75
2017.03.15 22:00:20.168,8.49872,8.50213,0.75,0.75
2017.03.15 22:00:20.369,8.49922,8.50213,0.75,0.75
2017.03.15 22:00:20.868,8.49873,8.50212,0.75,0.75
2017.03.15 22:00:20.919,8.49922,8.50213,0.75,0.75
2017.03.15 22:00:21.124,8.49922,8.50243,0.75,0.75
2017.03.15 22:00:21.175,8.49872,8.50223,0.75,0.75
2017.03.15 22:00:21.674,8.49922,8.50223,0.75,0.75
2017.03.15 22:00:24.914,8.49923,8.50222,0.75,0.75
2017.03.15 22:00:26.845,8.49922,8.50223,0.75,0.75
2017.03.15 22:00:27.254,8.49882,8.50223,0.75,0.75
2017.03.15 22:00:27.305,8.49872,8.50223,0.75,0.75
2017.03.15 22:00:29.550,8.49872,8.50263,0.75,0.75
2017.03.15 22:00:31.750,8.49922,8.50263,0.75,0.75
2017.03.15 22:00:32.564,8.49922,8.50273,0.75,1.50
2017.03.15 22:00:34.189,8.49922,8.50293,0.75,1.50
2017.03.15 22:00:34.290,8.49931,8.50293,0.75,0.75
2017.03.15 22:00:36.366,8.49931,8.50303,0.75,0.75
2017.03.15 22:00:36.817,8.49922,8.50303,0.75,1.50
2017.03.15 22:00:36.868,8.49922,8.50273,0.75,0.75
2017.03.15 22:00:37.272,8.49926,8.50273,0.75,0.75
2017.03.15 22:00:37.355,8.49923,8.50272,0.75,0.75
2017.03.15 22:00:37.506,8.49927,8.50272,0.75,0.75
2017.03.15 22:00:37.557,8.49926,8.50293,0.75,0.75
2017.03.15 22:00:39.520,8.49926,8.50283,0.75,0.75
2017.03.15 22:00:40.115,8.49947,8.50283,0.75,0.75
2017.03.15 22:00:40.358,8.49922,8.50283,0.75,0.75
2017.03.15 22:00:40.862,8.49923,8.50282,0.75,0.75
2017.03.15 22:00:42.458,8.49922,8.50283,0.75,0.75
2017.03.15 22:00:42.838,8.49922,8.50293,0.75,1.50
2017.03.15 22:00:43.213,8.49951,8.50313,0.75,0.75
2017.03.15 22:00:43.765,8.49952,8.50312,0.75,0.75
2017.03.15 22:00:43.967,8.49801,8.50283,0.75,0.75
2017.03.15 22:00:44.510,8.49783,8.50283,0.75,0.75
2017.03.15 22:00:44.561,8.49752,8.50283,1.50,0.75
2017.03.15 22:00:45.562,8.49752,8.50293,0.75,0.75
2017.03.15 22:00:45.613,8.49718,8.50262,0.75,0.75
2017.03.15 22:00:45.664,8.4971,8.50262,0.75,0.75
2017.03.15 22:00:45.765,8.49703,8.5027,0.75,0.75
2017.03.15 22:00:45.866,8.49679,8.50277,0.75,0.75
2017.03.15 22:00:45.967,8.49687,8.50277,3.00,0.75
2017.03.15 22:00:46.293,8.49683,8.50252,0.75,0.75
2017.03.15 22:00:46.394,8.49672,8.50252,0.75,0.75
2017.03.15 22:00:46.445,8.49722,8.50252,0.75,0.75
2017.03.15 22:00:46.496,8.49672,8.50252,0.75,0.75
2017.03.15 22:00:46.546,8.49722,8.50252,0.75,0.75
2017.03.15 22:00:46.874,8.49782,8.50253,0.75,0.75
2017.03.15 22:00:46.975,8.4977,8.50253,0.75,0.75
2017.03.15 22:00:47.077,8.49852,8.50253,0.75,0.75
2017.03.15 22:00:47.127,8.49792,8.50253,0.75,0.75
2017.03.15 22:00:47.228,8.49822,8.50253,0.75,0.75
2017.03.15 22:00:47.279,8.49792,8.50253,0.75,0.75
2017.03.15 22:00:47.380,8.49822,8.50253,0.75,0.75
2017.03.15 22:00:47.531,8.49792,8.50253,0.75,0.75
2017.03.15 22:00:47.632,8.49732,8.50253,0.75,0.75
2017.03.15 22:00:47.683,8.49763,8.50253,0.75,0.75
2017.03.15 22:00:47.986,8.49792,8.50253,0.75,0.75
2017.03.15 22:00:48.037,8.49738,8.50253,0.75,0.75
2017.03.15 22:00:48.088,8.49772,8.50253,0.75,0.75
2017.03.15 22:00:48.231,8.49752,8.50253,0.75,0.75
2017.03.15 22:00:48.282,8.49748,8.50253,0.75,0.75
2017.03.15 22:00:48.333,8.49812,8.50253,0.75,0.75
2017.03.15 22:00:48.429,8.49757,8.50253,2.25,0.75
2017.03.15 22:00:48.530,8.49736,8.50253,0.75,0.75
2017.03.15 22:00:48.631,8.49715,8.50253,0.75,0.75
2017.03.15 22:00:48.732,8.49712,8.50253,0.75,0.75
2017.03.15 22:00:48.782,8.49712,8.50223,0.75,0.75
2017.03.15 22:00:48.985,8.49616,8.50223,0.75,0.75
2017.03.15 22:00:49.362,8.49619,8.50223,0.75,0.75
2017.03.15 22:00:49.463,8.49607,8.50223,0.75,0.75
2017.03.15 22:00:51.003,8.49622,8.50223,0.75,0.75
2017.03.15 22:00:51.310,8.49726,8.50222,0.75,0.75
2017.03.15 22:00:51.360,8.49723,8.50222,0.75,0.75
2017.03.15 22:00:51.411,8.49706,8.50223,0.75,0.75
2017.03.15 22:00:51.462,8.49722,8.50223,0.75,0.75
2017.03.15 22:00:51.512,8.49688,8.5023,0.75,0.75
2017.03.15 22:00:51.563,8.49772,8.5023,0.75,0.75
2017.03.15 22:00:51.614,8.49712,8.50233,0.75,0.75
2017.03.15 22:00:51.715,8.49687,8.50232,0.75,0.75
2017.03.15 22:00:51.816,8.49672,8.50233,0.75,0.75
2017.03.15 22:00:51.933,8.49743,8.50232,0.75,0.75
2017.03.15 22:00:51.984,8.49669,8.50233,0.75,0.75
2017.03.15 22:00:52.085,8.49872,8.50233,0.75,0.75
2017.03.15 22:00:52.136,8.49746,8.50233,0.75,0.75
2017.03.15 22:00:52.392,8.49757,8.50233,0.75,0.75
2017.03.15 22:00:52.695,8.49799,8.50233,0.75,0.75
2017.03.15 22:00:52.746,8.49788,8.50232,2.25,0.75
2017.03.15 22:00:52.797,8.49778,8.50232,0.75,0.75
2017.03.15 22:00:53.159,8.49822,8.50233,0.75,0.75
2017.03.15 22:00:53.210,8.49783,8.50232,0.75,0.75
2017.03.15 22:00:53.361,8.49792,8.50233,0.75,0.75
2017.03.15 22:00:53.529,8.49767,8.50233,0.75,0.75
2017.03.15 22:00:53.715,8.49812,8.50233,0.75,0.75
2017.03.15 22:00:53.766,8.49772,8.50233,0.75,0.75
2017.03.15 22:00:53.873,8.4981,8.50233,0.75,0.75
2017.03.15 22:00:54.633,8.4981,8.50232,0.75,0.75
2017.03.15 22:00:54.813,8.4981,8.50273,0.75,2.25
2017.03.15 22:00:55.770,8.4981,8.50272,0.75,0.75
2017.03.15 22:00:56.084,8.49822,8.50273,0.75,0.75
2017.03.15 22:00:56.488,8.49822,8.50243,0.75,0.75
2017.03.15 22:00:56.539,8.4981,8.50253,0.75,0.75
2017.03.15 22:00:56.702,8.49822,8.50253,0.75,0.75
2017.03.15 22:00:56.752,8.4981,8.50253,0.75,0.75
2017.03.15 22:00:57.019,8.49872,8.50253,0.75,0.75
2017.03.15 22:00:57.069,8.4981,8.50253,0.75,0.75
2017.03.15 22:00:57.238,8.49813,8.50252,0.75,0.75
2017.03.15 22:00:57.339,8.4981,8.50253,0.75,0.75
2017.03.15 22:00:59.769,8.4981,8.50293,0.75,2.25
2017.03.15 22:01:01.071,8.4981,8.50292,0.75,0.75
2017.03.15 22:01:01.609,8.4981,8.50293,0.75,0.75
2017.03.15 22:01:01.674,8.49822,8.50293,0.75,0.75
2017.03.15 22:01:01.987,8.4981,8.50263,0.75,0.75
2017.03.15 22:01:02.088,8.49781,8.50263,0.75,0.75
2017.03.15 22:01:02.139,8.49768,8.50263,0.75,0.75
2017.03.15 22:01:02.337,8.49762,8.50263,0.75,0.75
2017.03.15 22:01:02.388,8.49808,8.50263,0.75,0.75
2017.03.15 22:01:02.438,8.49788,8.50263,0.75,0.75
2017.03.15 22:01:02.539,8.49785,8.50263,0.75,0.75
2017.03.15 22:01:02.792,8.49764,8.50262,0.75,0.75
2017.03.15 22:01:03.059,8.49784,8.50263,0.75,0.75
2017.03.15 22:01:03.160,8.49767,8.50262,0.75,0.75
2017.03.15 22:01:03.261,8.49858,8.50263,0.75,0.75
2017.03.15 22:01:03.468,8.49764,8.50263,0.75,0.75
2017.03.15 22:01:03.623,8.49752,8.50263,0.75,0.75
2017.03.15 22:01:04.179,8.49756,8.50262,0.75,0.75
2017.03.15 22:01:06.695,8.49735,8.50263,0.75,0.75
2017.03.15 22:01:06.796,8.49717,8.50263,0.75,0.75
2017.03.15 22:01:07.035,8.49713,8.50252,0.75,0.75
2017.03.15 22:01:07.132,8.49691,8.50253,0.75,0.75
2017.03.15 22:01:07.408,8.49715,8.50252,0.75,0.75
2017.03.15 22:01:07.509,8.49701,8.50253,0.75,0.75
2017.03.15 22:01:07.560,8.49823,8.50252,0.75,0.75
2017.03.15 22:01:07.661,8.49773,8.50252,0.75,0.75
2017.03.15 22:01:07.712,8.49754,8.50253,0.75,0.75
2017.03.15 22:01:07.904,8.4973,8.50253,0.75,0.75
2017.03.15 22:01:07.955,8.49711,8.50253,0.75,0.75
2017.03.15 22:01:08.056,8.49822,8.50253,0.75,0.75
2017.03.15 22:01:08.106,8.49737,8.50253,0.75,0.75
2017.03.15 22:01:08.199,8.4976,8.50253,0.75,0.75
2017.03.15 22:01:08.652,8.49762,8.50253,0.75,0.75
2017.03.15 22:01:08.978,8.49772,8.50253,0.75,0.75
2017.03.15 22:01:09.029,8.4976,8.50253,0.75,0.75
2017.03.15 22:01:09.530,8.49761,8.50253,0.75,0.75
2017.03.15 22:01:09.773,8.49761,8.50263,0.75,0.75
2017.03.15 22:01:11.709,8.49749,8.50263,0.75,0.75
2017.03.15 22:01:11.760,8.49749,8.50233,0.75,0.75
2017.03.15 22:01:12.010,8.4977,8.50263,0.75,0.75
2017.03.15 22:01:12.196,8.4977,8.50293,0.75,1.50
2017.03.15 22:01:12.417,8.49783,8.50263,0.75,0.75
2017.03.15 22:01:12.518,8.49773,8.50263,0.75,0.75
2017.03.15 22:01:12.569,8.49763,8.50263,0.75,0.75
2017.03.15 22:01:12.723,8.49792,8.50263,0.75,0.75
2017.03.15 22:01:12.930,8.49782,8.50262,0.75,0.75
2017.03.15 22:01:13.031,8.4978,8.50383,0.75,1.50
2017.03.15 22:01:13.082,8.49796,8.50383,0.75,0.75
2017.03.15 22:01:13.309,8.49769,8.50383,0.75,0.75
2017.03.15 22:01:13.426,8.49719,8.50383,0.75,0.75
2017.03.15 22:01:13.477,8.4971,8.50358,0.75,0.75
2017.03.15 22:01:13.528,8.49682,8.50358,0.75,0.75
2017.03.15 22:01:13.579,8.49736,8.50383,0.75,0.75
2017.03.15 22:01:14.163,8.49764,8.50383,0.75,0.75
2017.03.15 22:01:14.467,8.49833,8.50382,0.75,0.75
2017.03.15 22:01:14.517,8.49763,8.50383,0.75,0.75
2017.03.15 22:01:14.619,8.49754,8.50383,0.75,0.75
2017.03.15 22:01:15.579,8.49787,8.50383,0.75,0.75
2017.03.15 22:01:15.630,8.49768,8.50382,0.75,0.75
2017.03.15 22:01:15.735,8.49751,8.50383,0.75,0.75
2017.03.15 22:01:15.937,8.49782,8.50382,0.75,0.75
2017.03.15 22:01:15.988,8.49762,8.50382,0.75,0.75
2017.03.15 22:01:16.038,8.49761,8.50363,0.75,0.75
2017.03.15 22:01:16.372,8.49733,8.50302,0.75,0.75
2017.03.15 22:01:16.690,8.4975,8.50302,0.75,0.75
2017.03.15 22:01:16.791,8.49762,8.50363,0.75,0.75
2017.03.15 22:01:16.879,8.49773,8.50362,0.75,0.75
2017.03.15 22:01:17.187,8.49748,8.50313,0.75,0.75
2017.03.15 22:01:17.238,8.4973,8.50313,0.75,0.75
2017.03.15 22:01:17.340,8.49792,8.50313,0.75,0.75
2017.03.15 22:01:17.653,8.49823,8.50282,0.75,0.75
2017.03.15 22:01:17.703,8.49773,8.50283,0.75,0.75
2017.03.15 22:01:17.804,8.49848,8.50282,0.75,0.75
2017.03.15 22:01:18.057,8.49848,8.50303,0.75,0.75
2017.03.15 22:01:18.107,8.49848,8.50273,0.75,0.75
2017.03.15 22:01:18.198,8.49823,8.50272,0.75,0.75
2017.03.15 22:01:18.355,8.49796,8.50273,0.75,0.75
2017.03.15 22:01:18.456,8.49764,8.50273,0.75,0.75
2017.03.15 22:01:18.523,8.49772,8.50273,0.75,0.75
2017.03.15 22:01:18.921,8.49832,8.50273,0.75,0.75
2017.03.15 22:01:19.126,8.498,8.50272,0.75,0.75
2017.03.15 22:01:19.227,8.49832,8.50273,0.75,0.75
2017.03.15 22:01:19.278,8.49809,8.50272,0.75,0.75
2017.03.15 22:01:19.379,8.49802,8.50273,0.75,0.75
2017.03.15 22:01:19.441,8.49791,8.50273,0.75,0.75
2017.03.15 22:01:20.067,8.49805,8.50273,0.75,0.75
2017.03.15 22:01:20.169,8.49791,8.50273,0.75,0.75
2017.03.15 22:01:20.435,8.4978,8.50273,0.75,0.75
2017.03.15 22:01:20.635,8.49792,8.50273,0.75,0.75
2017.03.15 22:01:20.749,8.49783,8.50272,0.75,0.75
2017.03.15 22:01:20.850,8.49778,8.50272,1.50,0.75
2017.03.15 22:01:20.951,8.49833,8.50272,0.75,0.75
2017.03.15 22:01:21.103,8.49787,8.50272,0.75,0.75
2017.03.15 22:01:21.154,8.49764,8.50273,0.75,0.75
2017.03.15 22:01:21.355,8.49786,8.50272,0.75,0.75
2017.03.15 22:01:21.574,8.49775,8.50273,0.75,0.75
2017.03.15 22:01:21.625,8.49756,8.50273,0.75,0.75
2017.03.15 22:01:21.742,8.49772,8.50273,0.75,0.75
2017.03.15 22:01:22.066,8.49756,8.50243,0.75,0.75
2017.03.15 22:01:22.391,8.49773,8.50242,1.50,0.75
2017.03.15 22:01:22.612,8.49761,8.50243,0.75,0.75
2017.03.15 22:01:22.663,8.49822,8.50243,0.75,0.75
2017.03.15 22:01:22.714,8.49761,8.50243,0.75,0.75
2017.03.15 22:01:22.765,8.49757,8.50243,0.75,0.75
2017.03.15 22:01:22.816,8.49822,8.50243,0.75,0.75
2017.03.15 22:01:22.918,8.49757,8.50243,0.75,0.75
2017.03.15 22:01:23.097,8.49744,8.50243,0.75,0.75
2017.03.15 22:01:23.511,8.49736,8.50243,0.75,0.75
2017.03.15 22:01:23.562,8.49724,8.50243,0.75,0.75
2017.03.15 22:01:23.663,8.49706,8.50242,1.50,0.75
2017.03.15 22:01:23.764,8.49767,8.50243,0.75,0.75
2017.03.15 22:01:24.017,8.49743,8.50243,0.75,0.75
2017.03.15 22:01:24.068,8.49696,8.50263,0.75,0.75
2017.03.15 22:01:24.280,8.49696,8.50233,0.75,0.75
2017.03.15 22:01:24.583,8.49747,8.50233,0.75,0.75
2017.03.15 22:01:24.886,8.49833,8.50232,0.75,0.75
2017.03.15 22:01:25.866,8.49822,8.50233,1.50,0.75
2017.03.15 22:01:26.247,8.49797,8.50213,0.75,0.75
2017.03.15 22:01:26.299,8.49811,8.50213,0.75,0.75
2017.03.15 22:01:26.714,8.49832,8.50213,0.75,0.75
2017.03.15 22:01:27.062,8.49832,8.50253,0.75,0.75
2017.03.15 22:01:27.581,8.49833,8.50222,0.75,0.75
2017.03.15 22:01:27.733,8.49792,8.50223,0.75,0.75
2017.03.15 22:01:27.884,8.49771,8.50223,0.75,0.75
2017.03.15 22:01:28.532,8.49772,8.50232,0.75,0.75
2017.03.15 22:01:28.633,8.49779,8.50203,0.75,0.75
2017.03.15 22:01:28.895,8.49772,8.50203,0.75,0.75
2017.03.15 22:01:29.008,8.49767,8.50202,0.75,0.75
2017.03.15 22:01:29.303,8.49788,8.50203,0.75,0.75
2017.03.15 22:01:29.353,8.49764,8.50203,0.75,0.75
2017.03.15 22:01:31.152,8.49765,8.50202,0.75,0.75
2017.03.15 22:01:31.355,8.49764,8.50233,0.75,0.75
2017.03.15 22:01:31.406,8.49764,8.50223,0.75,0.75
2017.03.15 22:01:31.724,8.49772,8.50203,0.75,0.75
2017.03.15 22:01:32.262,8.49773,8.50202,1.50,0.75
2017.03.15 22:01:32.522,8.4976,8.50203,0.75,0.75
2017.03.15 22:01:32.615,8.49754,8.50203,0.75,0.75
2017.03.15 22:01:32.942,8.49738,8.50203,0.75,0.75
2017.03.15 22:01:32.993,8.49754,8.50203,0.75,0.75
2017.03.15 22:01:33.144,8.49735,8.50203,0.75,0.75
2017.03.15 22:01:33.637,8.49727,8.50203,0.75,0.75
2017.03.15 22:01:33.738,8.49759,8.50203,0.75,0.75
2017.03.15 22:01:33.839,8.4974,8.50203,0.75,0.75
2017.03.15 22:01:33.890,8.49727,8.50203,0.75,0.75
2017.03.15 22:01:34.136,8.49792,8.50203,0.75,0.75
2017.03.15 22:01:34.817,8.49783,8.50203,0.75,0.75
2017.03.15 22:01:35.249,8.49791,8.50203,0.75,0.75
2017.03.15 22:01:35.636,8.49783,8.50203,0.75,0.75
2017.03.15 22:01:35.737,8.49757,8.50203,0.75,0.75
2017.03.15 22:01:36.163,8.49792,8.50203,0.75,0.75
2017.03.15 22:01:36.311,8.49793,8.50242,0.75,0.75
2017.03.15 22:01:36.362,8.49781,8.50213,0.75,0.75
2017.03.15 22:01:36.709,8.49792,8.50213,0.75,0.75
2017.03.15 22:01:37.568,8.49775,8.50212,0.75,0.75
2017.03.15 22:01:37.811,8.49764,8.50213,0.75,0.75
2017.03.15 22:01:38.074,8.49735,8.50213,0.75,0.75
2017.03.15 22:01:38.196,8.49729,8.50213,0.75,0.75
2017.03.15 22:01:38.297,8.49707,8.50213,0.75,0.75
2017.03.15 22:01:38.348,8.497,8.50213,0.75,0.75
2017.03.15 22:01:38.399,8.49714,8.50213,0.75,0.75
2017.03.15 22:01:38.562,8.49687,8.50213,0.75,0.75
2017.03.15 22:01:38.663,8.49702,8.50213,0.75,0.75
2017.03.15 22:01:38.764,8.49727,8.50243,0.75,0.75
2017.03.15 22:01:38.815,8.49727,8.50252,0.75,0.75
2017.03.15 22:01:38.865,8.49756,8.50243,0.75,0.75
2017.03.15 22:01:39.563,8.49741,8.50243,0.75,0.75
2017.03.15 22:01:39.714,8.49727,8.50243,0.75,0.75
2017.03.15 22:01:39.866,8.49752,8.50243,0.75,0.75
2017.03.15 22:01:40.017,8.49752,8.50253,0.75,0.75
2017.03.15 22:01:40.664,8.49752,8.50223,0.75,0.75
2017.03.15 22:01:40.917,8.49737,8.50223,0.75,0.75
2017.03.15 22:01:41.018,8.49754,8.50253,0.75,0.75
2017.03.15 22:01:41.068,8.49754,8.50243,0.75,0.75
2017.03.15 22:01:41.371,8.49791,8.50213,0.75,0.75
2017.03.15 22:01:41.706,8.49808,8.50213,0.75,0.75
2017.03.15 22:01:41.757,8.49761,8.50213,0.75,0.75
2017.03.15 22:01:41.807,8.49773,8.50212,0.75,0.75
2017.03.15 22:01:41.858,8.49761,8.50213,0.75,0.75
2017.03.15 22:01:41.971,8.49785,8.50213,0.75,0.75
2017.03.15 22:01:42.021,8.49765,8.50213,0.75,0.75
2017.03.15 22:01:42.122,8.49756,8.50212,0.75,0.75
2017.03.15 22:01:42.274,8.49755,8.50252,0.75,0.75
2017.03.15 22:01:42.526,8.49723,8.50262,1.50,0.75
2017.03.15 22:01:42.728,8.49727,8.50263,1.50,0.75
2017.03.15 22:01:42.779,8.49687,8.50263,0.75,0.75
2017.03.15 22:01:42.830,8.49679,8.50263,0.75,0.75
2017.03.15 22:01:42.881,8.49667,8.50263,3.75,0.75
2017.03.15 22:01:42.931,8.49747,8.50263,0.75,0.75
2017.03.15 22:01:42.982,8.49696,8.50263,0.75,0.75
2017.03.15 22:01:43.083,8.49754,8.50263,0.75,0.75
2017.03.15 22:01:43.300,8.49742,8.50263,0.75,0.75
2017.03.15 22:01:43.401,8.49732,8.50262,0.75,0.75
2017.03.15 22:01:43.502,8.49719,8.50292,0.75,0.75
2017.03.15 22:01:43.553,8.49718,8.50273,0.75,0.75
2017.03.15 22:01:43.856,8.49722,8.50243,0.75,0.75
2017.03.15 22:01:44.192,8.49753,8.50242,0.75,0.75
2017.03.15 22:01:44.243,8.4974,8.50242,0.75,0.75
2017.03.15 22:01:44.833,8.49739,8.50243,0.75,0.75
2017.03.15 22:01:44.884,8.49753,8.50243,0.75,0.75
2017.03.15 22:01:44.935,8.49753,8.50253,0.75,0.75
2017.03.15 22:01:45.036,8.49763,8.50253,0.75,0.75
2017.03.15 22:01:45.508,8.4975,8.50223,0.75,0.75
2017.03.15 22:01:46.318,8.49764,8.50223,0.75,0.75
2017.03.15 22:01:46.419,8.49737,8.50222,0.75,0.75
2017.03.15 22:01:46.520,8.49763,8.50222,0.75,0.75
2017.03.15 22:01:46.621,8.49751,8.50223,0.75,0.75
2017.03.15 22:01:46.794,8.49736,8.50223,0.75,0.75
2017.03.15 22:01:46.845,8.49772,8.50223,0.75,0.75
2017.03.15 22:01:47.210,8.49733,8.50223,0.75,0.75
2017.03.15 22:01:47.261,8.49737,8.50223,0.75,0.75
2017.03.15 22:01:47.762,8.49755,8.50222,0.75,0.75
2017.03.15 22:01:47.863,8.4974,8.50223,0.75,0.75
2017.03.15 22:01:47.964,8.49759,8.50223,0.75,0.75
2017.03.15 22:01:48.271,8.498,8.50223,0.75,0.75
2017.03.15 22:01:48.322,8.49773,8.50223,0.75,0.75
2017.03.15 22:01:48.423,8.49763,8.50223,0.75,0.75
2017.03.15 22:01:49.344,8.49749,8.50223,0.75,0.75
2017.03.15 22:01:49.559,8.49714,8.50222,0.75,0.75
2017.03.15 22:01:50.778,8.49713,8.50223,0.75,0.75
2017.03.15 22:01:51.182,8.49751,8.50223,0.75,0.75
2017.03.15 22:01:51.389,8.49731,8.50223,0.75,0.75
2017.03.15 22:01:51.490,8.49733,8.50223,0.75,0.75
2017.03.15 22:01:51.724,8.4973,8.50223,0.75,0.75
2017.03.15 22:01:51.961,8.497,8.50223,0.75,0.75
2017.03.15 22:01:52.016,8.49756,8.50223,0.75,0.75
2017.03.15 22:01:52.244,8.49741,8.50223,0.75,0.75
2017.03.15 22:01:52.295,8.49725,8.50223,0.75,0.75
2017.03.15 22:01:52.497,8.49744,8.50222,0.75,0.75
2017.03.15 22:01:53.175,8.49764,8.50223,0.75,0.75
2017.03.15 22:01:53.235,8.4973,8.50223,0.75,0.75
2017.03.15 22:01:53.309,8.49756,8.50222,0.75,0.75
2017.03.15 22:01:53.360,8.49736,8.50222,0.75,0.75
2017.03.15 22:01:53.461,8.49751,8.50223,0.75,0.75
2017.03.15 22:01:53.771,8.49755,8.50223,0.75,0.75
2017.03.15 22:01:54.246,8.49751,8.50223,0.75,0.75
2017.03.15 22:01:54.297,8.4977,8.50223,0.75,0.75
2017.03.15 22:01:54.398,8.49733,8.50222,1.50,0.75
2017.03.15 22:01:54.499,8.49721,8.50223,0.75,0.75
2017.03.15 22:01:54.633,8.49738,8.50222,0.75,0.75
2017.03.15 22:01:54.684,8.49697,8.50223,0.75,0.75
2017.03.15 22:01:54.885,8.49722,8.50223,0.75,0.75
2017.03.15 22:01:54.936,8.49712,8.50223,0.75,0.75
2017.03.15 22:01:55.823,8.49713,8.50222,0.75,0.75
2017.03.15 22:01:56.137,8.49722,8.50223,0.75,0.75
2017.03.15 22:01:56.765,8.49752,8.50223,0.75,0.75
2017.03.15 22:01:57.164,8.49755,8.50223,0.75,0.75
2017.03.15 22:01:57.757,8.49755,8.50222,0.75,0.75
2017.03.15 22:01:58.321,8.49755,8.50223,0.75,0.75
2017.03.15 22:01:58.912,8.49759,8.50222,0.75,0.75
2017.03.15 22:01:58.962,8.49755,8.50223,0.75,0.75
2017.03.15 22:01:59.013,8.49755,8.50193,0.75,0.75
2017.03.15 22:01:59.064,8.49751,8.50193,0.75,0.75
2017.03.15 22:01:59.173,8.4974,8.50193,0.75,0.75
2017.03.15 22:01:59.324,8.49725,8.50193,0.75,0.75
2017.03.15 22:01:59.433,8.49759,8.50193,0.75,0.75
2017.03.15 22:02:00.333,8.49756,8.50193,0.75,0.75
2017.03.15 22:02:00.485,8.4976,8.50193,0.75,0.75
2017.03.15 22:02:00.902,8.49756,8.50192,0.75,0.75
2017.03.15 22:02:00.953,8.49751,8.50192,0.75,0.75
2017.03.15 22:02:01.104,8.49746,8.50193,0.75,0.75
2017.03.15 22:02:01.206,8.49732,8.50232,0.75,0.75
2017.03.15 22:02:01.307,8.49688,8.50233,0.75,0.75
2017.03.15 22:02:01.408,8.4967,8.50233,0.75,0.75
2017.03.15 22:02:01.458,8.49718,8.50233,0.75,0.75
2017.03.15 22:02:01.509,8.49718,8.50263,0.75,0.75
2017.03.15 22:02:01.560,8.49718,8.50268,0.75,0.75
2017.03.15 22:02:01.611,8.49757,8.50273,0.75,0.75
2017.03.15 22:02:01.712,8.49735,8.50273,0.75,0.75
2017.03.15 22:02:01.863,8.49735,8.50243,0.75,0.75
2017.03.15 22:02:02.118,8.49694,8.50243,0.75,0.75
2017.03.15 22:02:02.590,8.49707,8.50243,0.75,0.75
2017.03.15 22:02:02.916,8.49731,8.50243,0.75,0.75
2017.03.15 22:02:03.182,8.4972,8.50243,0.75,0.75
2017.03.15 22:02:03.691,8.49721,8.50242,0.75,0.75
2017.03.15 22:02:03.906,8.49703,8.50243,0.75,0.75
2017.03.15 22:02:04.007,8.49744,8.50242,0.75,0.75
2017.03.15 22:02:04.765,8.49743,8.50243,0.75,0.75
2017.03.15 22:02:05.917,8.49748,8.50242,0.75,0.75
2017.03.15 22:02:06.419,8.49747,8.50243,0.75,0.75
2017.03.15 22:02:06.640,8.49748,8.50272,0.75,0.75
2017.03.15 22:02:06.691,8.49748,8.50282,0.75,0.75
2017.03.15 22:02:06.842,8.49742,8.50283,0.75,0.75
2017.03.15 22:02:06.936,8.49757,8.50283,0.75,0.75
2017.03.15 22:02:12.423,8.49758,8.50282,0.75,0.75
2017.03.15 22:02:15.944,8.49757,8.50283,0.75,0.75
2017.03.15 22:02:16.639,8.49757,8.50286,0.75,0.75
2017.03.15 22:02:16.908,8.49757,8.50283,0.75,0.75
2017.03.15 22:02:16.958,8.49757,8.50291,0.75,0.75
2017.03.15 22:02:17.957,8.49757,8.5029,0.75,0.75
2017.03.15 22:02:18.144,8.49757,8.50284,0.75,0.75
2017.03.15 22:02:18.235,8.49757,8.50293,0.75,0.75
2017.03.15 22:02:18.958,8.49757,8.5029,0.75,0.75
2017.03.15 22:02:19.145,8.49757,8.50293,0.75,0.75
2017.03.15 22:02:22.076,8.49757,8.50291,0.75,0.75
2017.03.15 22:02:22.814,8.49757,8.50283,0.75,0.75
2017.03.15 22:02:23.634,8.49757,8.50281,0.75,0.75
2017.03.15 22:02:24.576,8.49757,8.50276,0.75,0.75
2017.03.15 22:02:25.533,8.49757,8.50272,0.75,0.75
2017.03.15 22:02:26.546,8.49757,8.50275,0.75,0.75
2017.03.15 22:02:26.596,8.49757,8.50269,0.75,0.75
2017.03.15 22:02:27.293,8.49757,8.50263,0.75,0.75
2017.03.15 22:02:28.941,8.49731,8.50262,0.75,0.75
2017.03.15 22:02:29.039,8.49746,8.50262,0.75,0.75
2017.03.15 22:02:32.395,8.49763,8.50263,0.75,0.75
2017.03.15 22:02:34.745,8.49745,8.50263,0.75,0.75
2017.03.15 22:02:34.897,8.49773,8.50261,0.75,0.75
2017.03.15 22:02:35.032,8.49755,8.50263,0.75,0.75
2017.03.15 22:02:36.141,8.49729,8.50263,0.75,0.75
2017.03.15 22:02:36.192,8.49765,8.50263,0.75,0.75
2017.03.15 22:02:36.635,8.49765,8.50281,0.75,0.75
2017.03.15 22:02:36.966,8.49745,8.50274,0.75,0.75
2017.03.15 22:02:37.119,8.49745,8.50285,0.75,0.75
2017.03.15 22:02:37.415,8.49745,8.50275,0.75,0.75
2017.03.15 22:02:38.003,8.49746,8.50275,0.75,0.75
2017.03.15 22:02:38.395,8.49746,8.50272,0.75,0.75
2017.03.15 22:02:38.446,8.49746,8.50282,0.75,0.75
2017.03.15 22:02:38.497,8.49736,8.50264,0.75,0.75
2017.03.15 22:02:38.873,8.49763,8.50262,0.75,0.75
2017.03.15 22:02:39.067,8.49763,8.50269,0.75,0.75
2017.03.15 22:02:39.600,8.49763,8.5027,0.75,0.75
2017.03.15 22:02:39.767,8.49763,8.50251,0.75,0.75
2017.03.15 22:02:41.184,8.49763,8.50252,0.75,0.75
2017.03.15 22:02:42.054,8.49763,8.50261,0.75,0.75
2017.03.15 22:02:42.104,8.49763,8.50252,0.75,0.75
2017.03.15 22:02:42.421,8.49763,8.50259,0.75,0.75
2017.03.15 22:02:42.492,8.49763,8.50263,0.75,0.75
2017.03.15 22:02:42.543,8.49736,8.50272,0.75,0.75
2017.03.15 22:02:42.676,8.49743,8.50272,0.75,0.75
2017.03.15 22:02:43.181,8.49756,8.50272,0.75,0.75
2017.03.15 22:02:43.974,8.49756,8.50257,0.75,0.75
2017.03.15 22:02:44.519,8.49756,8.5027,0.75,0.75
2017.03.15 22:02:46.179,8.49756,8.50272,0.75,0.75
2017.03.15 22:02:48.538,8.49756,8.50255,0.75,0.75
2017.03.15 22:02:48.902,8.49756,8.50261,0.75,0.75
2017.03.15 22:02:53.013,8.49756,8.50255,0.75,0.75
2017.03.15 22:02:53.064,8.49734,8.50259,0.75,0.75
2017.03.15 22:02:53.336,8.49735,8.5022,0.75,0.75
2017.03.15 22:02:54.023,8.49735,8.50229,0.75,0.75
2017.03.15 22:02:55.668,8.49735,8.50225,0.75,0.75
2017.03.15 22:02:56.895,8.49735,8.50217,0.75,0.75
2017.03.15 22:02:57.242,8.49737,8.50217,0.75,0.75
2017.03.15 22:02:57.419,8.49737,8.50226,0.75,0.75
2017.03.15 22:02:58.168,8.49734,8.50226,0.75,0.75
2017.03.15 22:03:00.475,8.49734,8.50238,0.75,0.75
2017.03.15 22:03:01.431,8.49734,8.50236,0.75,0.75
2017.03.15 22:03:01.824,8.49734,8.50243,0.75,0.75
2017.03.15 22:03:02.273,8.49734,8.50226,0.75,0.75
2017.03.15 22:03:02.907,8.49735,8.50226,0.75,0.75
2017.03.15 22:03:04.002,8.49734,8.50226,0.75,0.75
2017.03.15 22:03:05.753,8.49734,8.50221,0.75,0.75
2017.03.15 22:03:06.025,8.49723,8.50219,0.75,0.75
2017.03.15 22:03:06.118,8.4971,8.50219,0.75,0.75
2017.03.15 22:03:06.975,8.4971,8.50222,0.75,0.75
2017.03.15 22:03:08.724,8.4971,8.50224,0.75,0.75
2017.03.15 22:03:10.279,8.4971,8.50223,0.75,0.75
2017.03.15 22:03:10.380,8.49714,8.50223,0.75,0.75
2017.03.15 22:03:11.166,8.49714,8.50222,0.75,0.75
2017.03.15 22:03:14.053,8.49714,8.50218,0.75,0.75
2017.03.15 22:03:15.054,8.49714,8.50222,0.75,0.75
2017.03.15 22:03:16.239,8.49714,8.50224,0.75,0.75
2017.03.15 22:03:23.781,8.49714,8.50238,0.75,0.75
2017.03.15 22:03:23.882,8.4971,8.50236,0.75,0.75
2017.03.15 22:03:24.047,8.4971,8.50219,0.75,0.75
2017.03.15 22:03:24.097,8.4971,8.50226,0.75,0.75
2017.03.15 22:03:25.072,8.4971,8.50228,0.75,0.75
2017.03.15 22:03:25.638,8.4971,8.50229,0.75,0.75
2017.03.15 22:03:26.214,8.4971,8.50224,0.75,0.75
2017.03.15 22:03:28.283,8.4971,8.50238,0.75,0.75
2017.03.15 22:03:28.384,8.49716,8.50238,0.75,0.75
2017.03.15 22:03:28.955,8.49716,8.50223,0.75,0.75
2017.03.15 22:03:31.269,8.49716,8.50225,0.75,0.75
2017.03.15 22:03:36.948,8.49715,8.50225,0.75,0.75
2017.03.15 22:03:38.784,8.49715,8.50226,0.75,0.75
2017.03.15 22:03:42.009,8.49715,8.5023,0.75,0.75
2017.03.15 22:03:46.300,8.49715,8.50226,0.75,0.75
2017.03.15 22:03:46.971,8.49716,8.50226,0.75,0.75
2017.03.15 22:03:47.482,8.49715,8.50226,0.75,0.75
2017.03.15 22:03:48.151,8.49716,8.50226,0.75,0.75
2017.03.15 22:03:48.697,8.49715,8.50226,0.75,0.75
2017.03.15 22:03:50.143,8.49715,8.50234,0.75,0.75
2017.03.15 22:03:50.194,8.49715,8.50224,0.75,0.75
2017.03.15 22:03:51.164,8.49715,8.50225,0.75,0.75
2017.03.15 22:03:55.225,8.49715,8.50236,0.75,0.75
2017.03.15 22:03:58.768,8.49715,8.50241,0.75,0.75
2017.03.15 22:04:00.254,8.49705,8.50268,0.75,0.75
2017.03.15 22:04:00.355,8.49727,8.50268,0.75,0.75
2017.03.15 22:04:00.698,8.49734,8.50268,0.75,0.75
2017.03.15 22:04:01.224,8.49734,8.50272,0.75,0.75
2017.03.15 22:04:01.709,8.49734,8.50263,0.75,0.75
2017.03.15 22:04:02.518,8.49733,8.50263,1.00,1.00
2017.03.15 22:04:02.889,8.49745,8.50265,1.00,1.00
2017.03.15 22:04:04.540,8.49745,8.50253,1.00,1.00
2017.03.15 22:04:05.814,8.49744,8.50253,1.00,1.00
2017.03.15 22:04:08.843,8.49744,8.50258,1.00,1.00
2017.03.15 22:04:15.305,8.49745,8.50258,1.00,1.00
2017.03.15 22:04:16.358,8.49745,8.50262,1.00,1.00
2017.03.15 22:04:18.065,8.49744,8.50262,1.00,1.00
2017.03.15 22:04:18.935,8.49744,8.50254,1.00,1.00
2017.03.15 22:04:23.874,8.49744,8.50251,1.00,1.00
2017.03.15 22:04:35.158,8.49732,8.50251,1.00,1.00
2017.03.15 22:04:35.209,8.49731,8.50253,1.00,1.00
2017.03.15 22:04:35.259,8.49761,8.50253,1.00,1.00
2017.03.15 22:04:40.710,8.49761,8.50258,1.00,1.00
2017.03.15 22:04:46.418,8.49761,8.50254,1.00,1.00
2017.03.15 22:04:52.418,8.49762,8.50254,1.00,1.00
2017.03.15 22:04:52.738,8.49761,8.5025,1.00,1.00
2017.03.15 22:04:53.688,8.49761,8.50254,1.00,1.00
2017.03.15 22:04:54.689,8.49761,8.50255,1.00,1.00
2017.03.15 22:04:59.603,8.49743,8.50255,1.00,1.00
2017.03.15 22:04:59.704,8.49763,8.50258,1.00,1.00
2017.03.15 22:05:00.633,8.49763,8.50253,1.00,1.00
2017.03.15 22:05:01.635,8.49763,8.50256,1.00,1.00
2017.03.15 22:05:02.636,8.49763,8.50254,1.00,1.00
2017.03.15 22:05:08.080,8.49763,8.50255,1.00,1.00
2017.03.15 22:05:09.075,8.49763,8.50253,1.00,1.00
2017.03.15 22:05:11.075,8.49763,8.50275,1.00,1.00
2017.03.15 22:05:12.075,8.49763,8.50272,1.00,1.00
2017.03.15 22:05:13.123,8.49763,8.50271,1.00,1.00
2017.03.15 22:05:13.962,8.49763,8.50264,1.00,1.00
2017.03.15 22:05:14.155,8.49763,8.50274,1.00,1.00
2017.03.15 22:05:16.478,8.49763,8.5027,1.00,1.00
2017.03.15 22:05:18.108,8.49764,8.5027,1.00,1.00
2017.03.15 22:05:20.692,8.49764,8.50267,1.00,1.00
2017.03.15 22:05:21.053,8.49764,8.50273,1.00,1.00
2017.03.15 22:05:21.694,8.49764,8.50282,1.00,1.00
2017.03.15 22:05:22.064,8.49764,8.50271,1.00,1.00
2017.03.15 22:05:22.588,8.49763,8.50271,1.00,1.00
2017.03.15 22:05:29.239,8.49763,8.50286,1.00,1.00
2017.03.15 22:05:29.289,8.49763,8.50275,1.00,1.00
2017.03.15 22:05:29.957,8.49763,8.50261,1.00,1.00
2017.03.15 22:05:30.270,8.49763,8.50273,1.00,1.00
2017.03.15 22:05:30.959,8.49763,8.50265,1.00,1.00
2017.03.15 22:05:31.328,8.49763,8.50272,1.00,1.00
2017.03.15 22:05:31.991,8.49763,8.50263,1.00,1.00
2017.03.15 22:05:32.741,8.49763,8.50257,1.00,1.00
2017.03.15 22:05:33.105,8.49763,8.50267,1.00,1.00
2017.03.15 22:05:33.759,8.49763,8.50255,1.00,1.00
2017.03.15 22:05:35.746,8.49763,8.50261,1.00,1.00
2017.03.15 22:05:36.212,8.49763,8.5027,1.00,1.00
2017.03.15 22:05:39.667,8.49763,8.50265,1.00,1.00
2017.03.15 22:05:39.718,8.49763,8.50272,1.00,1.00
2017.03.15 22:05:40.907,8.49763,8.50268,1.00,1.00
2017.03.15 22:05:41.487,8.49763,8.5026,1.00,1.00
2017.03.15 22:05:42.487,8.49763,8.50259,1.00,1.00
2017.03.15 22:05:42.643,8.49763,8.50267,1.00,1.00
2017.03.15 22:05:43.707,8.49763,8.50275,1.00,1.00
2017.03.15 22:05:44.428,8.49763,8.50267,1.00,1.00
2017.03.15 22:05:46.374,8.49763,8.5027,1.00,1.00
2017.03.15 22:05:47.374,8.49763,8.50268,1.00,1.00
2017.03.15 22:05:48.107,8.49764,8.50268,1.00,1.00
2017.03.15 22:05:50.777,8.49763,8.50268,1.00,1.00
2017.03.15 22:05:50.838,8.49763,8.50275,1.00,1.00
2017.03.15 22:05:51.839,8.49763,8.50277,1.00,1.00
2017.03.15 22:05:51.989,8.49763,8.50271,1.00,1.00
2017.03.15 22:05:52.863,8.49763,8.50276,1.00,1.00
2017.03.15 22:05:53.608,8.49763,8.5027,1.00,1.00
2017.03.15 22:05:54.145,8.49763,8.50276,1.00,1.00
2017.03.15 22:05:55.146,8.49763,8.50271,1.00,1.00
2017.03.15 22:05:56.011,8.49763,8.50279,1.00,1.00
2017.03.15 22:05:56.947,8.49763,8.50273,1.00,1.00
2017.03.15 22:05:57.164,8.49763,8.50281,1.00,1.00
2017.03.15 22:05:57.950,8.49763,8.50275,1.00,1.00
2017.03.15 22:06:00.349,8.49763,8.5029,1.00,1.00
2017.03.15 22:06:00.400,8.49763,8.50272,1.00,1.00
2017.03.15 22:06:01.379,8.49763,8.50276,1.00,1.00
2017.03.15 22:06:02.380,8.49763,8.50273,1.00,1.00
2017.03.15 22:06:04.516,8.49763,8.50267,1.00,1.00
2017.03.15 22:06:04.798,8.49763,8.50276,1.00,1.00
2017.03.15 22:06:05.415,8.49763,8.50284,1.00,1.00
2017.03.15 22:06:05.798,8.49763,8.50275,1.00,1.00
2017.03.15 22:06:06.799,8.49763,8.50271,1.00,1.00
2017.03.15 22:06:08.059,8.49763,8.50263,1.00,1.00
2017.03.15 22:06:18.064,8.49764,8.50274,1.00,1.00
2017.03.15 22:06:18.992,8.49763,8.50274,1.00,1.00
2017.03.15 22:06:19.231,8.49763,8.50279,1.00,1.00
2017.03.15 22:06:20.542,8.49763,8.50273,1.00,1.00
2017.03.15 22:06:22.431,8.49763,8.50277,1.00,1.00
2017.03.15 22:06:23.464,8.49761,8.50277,1.00,1.00
2017.03.15 22:06:23.569,8.49768,8.50277,1.00,1.00
2017.03.15 22:06:24.003,8.49768,8.50271,1.00,1.00
2017.03.15 22:06:24.751,8.49768,8.50264,1.00,1.00
2017.03.15 22:06:24.894,8.49768,8.50271,1.00,1.00
2017.03.15 22:06:25.169,8.49768,8.50283,1.00,1.00
2017.03.15 22:06:25.894,8.49768,8.50274,1.00,1.00
2017.03.15 22:06:26.901,8.49768,8.50269,1.00,1.00
2017.03.15 22:06:27.587,8.49768,8.50268,1.00,1.00
2017.03.15 22:06:27.963,8.49768,8.50272,1.00,1.00
2017.03.15 22:06:28.582,8.49768,8.50266,1.00,1.00
2017.03.15 22:06:30.121,8.49768,8.50273,1.00,1.00
2017.03.15 22:06:30.172,8.49768,8.50283,1.00,1.00
2017.03.15 22:06:31.123,8.49769,8.50275,1.00,1.00
2017.03.15 22:06:31.899,8.49769,8.5028,1.00,1.00
2017.03.15 22:06:32.125,8.49769,8.50287,1.00,1.00
2017.03.15 22:06:32.887,8.49768,8.50271,1.00,1.00
2017.03.15 22:06:33.851,8.49769,8.50271,1.00,1.00
2017.03.15 22:06:34.384,8.49768,8.50271,1.00,1.00
2017.03.15 22:06:35.928,8.49768,8.50282,1.00,1.00
2017.03.15 22:06:36.219,8.49768,8.50274,1.00,1.00
2017.03.15 22:06:37.507,8.49768,8.50269,1.00,1.00
2017.03.15 22:06:37.557,8.49768,8.50277,1.00,1.00
2017.03.15 22:06:38.568,8.49768,8.50282,1.00,1.00
2017.03.15 22:06:38.619,8.49768,8.50274,1.00,1.00
2017.03.15 22:06:39.590,8.49768,8.5027,1.00,1.00
2017.03.15 22:06:42.314,8.49768,8.50277,1.00,1.00
2017.03.15 22:06:43.315,8.49768,8.50273,1.00,1.00
2017.03.15 22:06:44.317,8.49768,8.50267,1.00,1.00
2017.03.15 22:06:45.287,8.49768,8.50282,1.00,1.00
2017.03.15 22:06:45.566,8.49768,8.50273,1.00,1.00
2017.03.15 22:06:46.551,8.49768,8.50283,1.00,1.00
2017.03.15 22:06:46.602,8.49768,8.5027,1.00,1.00
2017.03.15 22:06:47.581,8.49768,8.50268,1.00,1.00
2017.03.15 22:06:51.287,8.49768,8.5028,1.00,1.00
2017.03.15 22:06:51.462,8.49768,8.50273,1.00,1.00
2017.03.15 22:06:54.607,8.49768,8.50269,1.00,1.00
2017.03.15 22:06:56.342,8.49768,8.5028,1.00,1.00
2017.03.15 22:06:56.609,8.49768,8.50273,1.00,1.00
2017.03.15 22:06:57.318,8.49768,8.5028,1.00,1.00
2017.03.15 22:06:57.611,8.49768,8.50273,1.00,1.00
2017.03.15 22:06:58.351,8.49768,8.50279,1.00,1.00
2017.03.15 22:06:58.612,8.49768,8.5027,1.00,1.00
2017.03.15 22:07:01.688,8.49768,8.50274,1.00,1.00
2017.03.15 22:07:10.205,8.49768,8.50278,1.00,1.00
2017.03.15 22:07:11.539,8.49768,8.50274,1.00,1.00
2017.03.15 22:07:12.457,8.49768,8.5027,1.00,1.00
2017.03.15 22:07:13.653,8.49768,8.50273,1.00,1.00
2017.03.15 22:07:14.654,8.49768,8.5027,1.00,1.00
2017.03.15 22:07:14.755,8.49768,8.50281,1.00,1.00
2017.03.15 22:07:15.745,8.49768,8.50276,1.00,1.00
2017.03.15 22:07:16.745,8.49768,8.50274,1.00,1.00
2017.03.15 22:07:18.040,8.49768,8.50278,1.00,1.00
2017.03.15 22:07:20.000,8.49768,8.50273,1.00,1.00
2017.03.15 22:07:21.900,8.49768,8.50277,1.00,1.00
2017.03.15 22:07:23.194,8.49769,8.50277,1.00,1.00
2017.03.15 22:07:23.295,8.49769,8.50274,1.00,1.00
2017.03.15 22:07:24.653,8.49769,8.5028,1.00,1.00
2017.03.15 22:07:25.655,8.49769,8.50279,1.00,1.00
2017.03.15 22:07:31.443,8.49785,8.50284,1.00,1.00
2017.03.15 22:07:31.494,8.49785,8.50325,1.00,1.00
2017.03.15 22:07:31.545,8.49777,8.50333,1.00,1.00
2017.03.15 22:07:31.650,8.49804,8.50333,1.00,1.00
2017.03.15 22:07:32.507,8.49804,8.50335,1.00,1.00
2017.03.15 22:07:39.608,8.49804,8.50318,1.00,1.00
2017.03.15 22:07:39.709,8.49804,8.50325,1.00,1.00
2017.03.15 22:07:39.811,8.49804,8.50302,1.00,1.00
2017.03.15 22:07:40.186,8.49779,8.50297,1.00,1.00
2017.03.15 22:07:40.237,8.49774,8.5032,1.00,1.00
2017.03.15 22:07:40.288,8.49804,8.50276,1.00,1.00
2017.03.15 22:07:40.565,8.49773,8.50276,1.00,1.00
2017.03.15 22:07:40.616,8.49773,8.50312,1.00,1.00
2017.03.15 22:07:40.667,8.49805,8.50312,1.00,1.00
2017.03.15 22:07:40.769,8.49773,8.50312,1.00,1.00
2017.03.15 22:07:40.870,8.49805,8.50312,1.00,1.00
2017.03.15 22:07:41.164,8.49805,8.50327,1.00,1.00
2017.03.15 22:07:41.511,8.49805,8.50291,1.00,1.00
2017.03.15 22:07:41.613,8.49805,8.50325,1.00,1.00
2017.03.15 22:07:42.512,8.49805,8.50333,1.00,1.00
2017.03.15 22:07:42.959,8.49805,8.50326,1.00,1.00
2017.03.15 22:07:43.953,8.49805,8.50333,1.00,1.00
2017.03.15 22:07:44.004,8.49805,8.50331,1.00,1.00
2017.03.15 22:07:44.958,8.49805,8.50325,1.00,1.00
2017.03.15 22:07:45.704,8.49805,8.50332,1.00,1.00
2017.03.15 22:07:45.960,8.49805,8.50324,1.00,1.00
2017.03.15 22:07:47.594,8.49805,8.50331,1.00,1.00
2017.03.15 22:07:47.746,8.49805,8.50324,1.00,1.00
2017.03.15 22:07:48.747,8.49805,8.50323,1.00,1.00
2017.03.15 22:07:49.295,8.49805,8.50336,1.00,1.00
2017.03.15 22:07:49.748,8.49805,8.50333,1.00,1.00
2017.03.15 22:07:50.192,8.49805,8.50315,1.00,1.00
2017.03.15 22:07:50.610,8.49805,8.503,1.00,1.00
2017.03.15 22:07:50.802,8.49805,8.5033,1.00,1.00
2017.03.15 22:07:50.919,8.49805,8.50291,1.00,1.00
2017.03.15 22:07:51.419,8.49805,8.50326,1.00,1.00
2017.03.15 22:07:51.939,8.49805,8.50327,1.00,1.00
2017.03.15 22:07:51.992,8.49805,8.50323,1.00,1.00
2017.03.15 22:07:52.739,8.49805,8.50317,1.00,1.00
2017.03.15 22:07:53.417,8.49805,8.50304,1.00,1.00
2017.03.15 22:07:59.105,8.49805,8.50314,1.00,1.00
2017.03.15 22:07:59.207,8.49805,8.50321,1.00,1.00
2017.03.15 22:07:59.919,8.49805,8.50328,1.00,1.00
2017.03.15 22:08:00.246,8.49805,8.50322,1.00,1.00
2017.03.15 22:08:00.921,8.49805,8.50325,1.00,1.00
2017.03.15 22:08:01.652,8.49805,8.50318,1.00,1.00
2017.03.15 22:08:02.726,8.49805,8.50322,1.00,1.00
2017.03.15 22:08:04.458,8.49805,8.50314,1.00,1.00
2017.03.15 22:08:04.509,8.49805,8.50319,1.00,1.00
2017.03.15 22:08:05.508,8.49805,8.50314,1.00,1.00
2017.03.15 22:08:05.908,8.49805,8.5033,1.00,1.00
2017.03.15 22:08:06.794,8.49805,8.50303,1.00,1.00
2017.03.15 22:08:06.928,8.49805,8.50318,1.00,1.00
2017.03.15 22:08:07.147,8.49805,8.50287,1.00,1.00
2017.03.15 22:08:07.485,8.49805,8.50312,1.00,1.00
2017.03.15 22:08:07.906,8.49805,8.50329,1.00,1.00
2017.03.15 22:08:08.007,8.49805,8.50318,1.00,1.00
2017.03.15 22:08:08.341,8.49805,8.50325,1.00,1.00
2017.03.15 22:08:08.910,8.49805,8.50311,1.00,1.00
2017.03.15 22:08:08.961,8.49805,8.5032,1.00,1.00
2017.03.15 22:08:09.913,8.49805,8.50313,1.00,1.00
2017.03.15 22:08:10.425,8.49805,8.50324,1.00,1.00
2017.03.15 22:08:11.232,8.49805,8.50319,1.00,1.00
2017.03.15 22:08:11.633,8.49805,8.50302,1.00,1.00
2017.03.15 22:08:12.227,8.49805,8.50326,1.00,1.00
2017.03.15 22:08:12.278,8.49805,8.50323,1.00,1.00
2017.03.15 22:08:12.386,8.49805,8.50328,1.00,1.00
2017.03.15 22:08:12.437,8.49805,8.5032,1.00,1.00
2017.03.15 22:08:12.744,8.49805,8.5031,1.00,1.00
2017.03.15 22:08:13.345,8.49773,8.5031,1.00,1.00
2017.03.15 22:08:13.396,8.49773,8.50288,1.00,1.00
2017.03.15 22:08:13.519,8.49773,8.50319,1.00,1.00
2017.03.15 22:08:13.758,8.49805,8.50335,1.00,1.00
2017.03.15 22:08:14.087,8.49805,8.50325,1.00,1.00
2017.03.15 22:08:14.895,8.49805,8.50326,1.00,1.00
2017.03.15 22:08:14.946,8.49805,8.50331,1.00,1.00
2017.03.15 22:08:15.292,8.49805,8.50323,1.00,1.00
2017.03.15 22:08:15.522,8.49805,8.50349,1.00,1.00
2017.03.15 22:08:15.955,8.49805,8.50322,1.00,1.00
2017.03.15 22:08:16.005,8.49805,8.50329,1.00,1.00
2017.03.15 22:08:16.556,8.49805,8.50315,1.00,1.00
2017.03.15 22:08:16.957,8.49805,8.50323,1.00,1.00
2017.03.15 22:08:17.007,8.49805,8.50305,1.00,1.00
2017.03.15 22:08:17.058,8.49805,8.50321,1.00,1.00
2017.03.15 22:08:17.163,8.49779,8.50321,1.00,1.00
2017.03.15 22:08:17.264,8.49805,8.50321,1.00,1.00
2017.03.15 22:08:18.024,8.49805,8.50308,1.00,1.00
2017.03.15 22:08:18.075,8.49805,8.50324,1.00,1.00
2017.03.15 22:08:18.612,8.49805,8.50315,1.00,1.00
2017.03.15 22:08:18.998,8.49805,8.50292,1.00,1.00
2017.03.15 22:08:19.200,8.49805,8.50313,1.00,1.00
2017.03.15 22:08:19.330,8.49805,8.50307,1.00,1.00
2017.03.15 22:08:20.318,8.49805,8.50317,1.00,1.00
2017.03.15 22:08:20.369,8.49805,8.50307,1.00,1.00
2017.03.15 22:08:21.115,8.49805,8.5029,1.00,1.00
2017.03.15 22:08:21.216,8.49805,8.50309,1.00,1.00
2017.03.15 22:08:22.077,8.49805,8.50298,1.00,1.00
2017.03.15 22:08:22.482,8.49805,8.50313,1.00,1.00
2017.03.15 22:08:22.727,8.49805,8.50327,1.00,1.00
2017.03.15 22:08:23.355,8.49805,8.50326,1.00,1.00
2017.03.15 22:08:23.729,8.49805,8.50297,1.00,1.00
2017.03.15 22:08:23.780,8.49805,8.50302,1.00,1.00
2017.03.15 22:08:24.223,8.49805,8.50323,1.00,1.00
2017.03.15 22:08:24.273,8.49805,8.5029,1.00,1.00
2017.03.15 22:08:24.541,8.49805,8.50318,1.00,1.00
2017.03.15 22:08:25.542,8.49805,8.50299,1.00,1.00
2017.03.15 22:08:25.995,8.49805,8.50313,1.00,1.00
2017.03.15 22:08:26.096,8.49806,8.50283,1.00,1.00
2017.03.15 22:08:26.150,8.49774,8.50283,1.00,1.00
2017.03.15 22:08:26.201,8.49774,8.50321,1.00,1.00
2017.03.15 22:08:26.647,8.49774,8.50294,1.00,1.00
2017.03.15 22:08:27.002,8.49774,8.50318,1.00,1.00
2017.03.15 22:08:27.053,8.49805,8.50318,1.00,1.00
2017.03.15 22:08:27.154,8.49774,8.50318,1.00,1.00
2017.03.15 22:08:27.205,8.49774,8.50297,1.00,1.00
2017.03.15 22:08:27.500,8.49775,8.50322,1.00,1.00
2017.03.15 22:08:27.551,8.49775,8.50311,1.00,1.00
2017.03.15 22:08:27.601,8.49774,8.5033,1.00,1.00
2017.03.15 22:08:27.652,8.49805,8.5033,1.00,1.00
2017.03.15 22:08:28.320,8.49805,8.50337,1.00,1.00
2017.03.15 22:08:28.620,8.49805,8.50319,1.00,1.00
2017.03.15 22:08:29.540,8.49805,8.50322,1.00,1.00
2017.03.15 22:08:30.382,8.49805,8.50334,1.00,1.00
2017.03.15 22:08:30.432,8.49805,8.50317,1.00,1.00
2017.03.15 22:08:30.577,8.49805,8.50333,1.00,1.00
2017.03.15 22:08:31.008,8.49805,8.50308,1.00,1.00
2017.03.15 22:08:31.406,8.49805,8.50329,1.00,1.00
2017.03.15 22:08:31.608,8.49805,8.5031,1.00,1.00
2017.03.15 22:08:31.667,8.49805,8.50337,1.00,1.00
2017.03.15 22:08:32.320,8.49805,8.50303,1.00,1.00
2017.03.15 22:08:32.784,8.49805,8.50312,1.00,1.00
2017.03.15 22:08:32.885,8.49805,8.50328,1.00,1.00
2017.03.15 22:08:32.972,8.49805,8.50326,1.00,1.00
2017.03.15 22:08:33.540,8.49805,8.50325,1.00,1.00
2017.03.15 22:08:33.856,8.49805,8.50301,1.00,1.00
2017.03.15 22:08:34.385,8.49805,8.50335,1.00,1.00
2017.03.15 22:08:34.981,8.49805,8.50322,1.00,1.00
2017.03.15 22:08:35.101,8.49805,8.5034,1.00,1.00
2017.03.15 22:08:35.341,8.49805,8.50315,1.00,1.00
2017.03.15 22:08:35.984,8.49805,8.5032,1.00,1.00
2017.03.15 22:08:36.127,8.49805,8.50301,1.00,1.00
2017.03.15 22:08:36.472,8.49805,8.50317,1.00,1.00
2017.03.15 22:08:37.105,8.49805,8.50307,1.00,1.00
2017.03.15 22:08:37.317,8.49805,8.50322,1.00,1.00
2017.03.15 22:08:37.529,8.49805,8.50338,1.00,1.00
2017.03.15 22:08:37.648,8.49805,8.50308,1.00,1.00
2017.03.15 22:08:38.563,8.49805,8.50305,1.00,1.00
2017.03.15 22:08:39.090,8.49774,8.50305,1.00,1.00
2017.03.15 22:08:39.526,8.49774,8.50295,1.00,1.00
2017.03.15 22:08:39.577,8.49774,8.5032,1.50,1.00
2017.03.15 22:08:39.939,8.49774,8.5031,1.50,1.00
2017.03.15 22:08:40.527,8.49774,8.50288,1.50,1.00
2017.03.15 22:08:40.578,8.49774,8.50311,1.50,1.00
2017.03.15 22:08:40.679,8.49806,8.50311,1.00,1.00
2017.03.15 22:08:40.910,8.49775,8.50311,1.00,1.00
2017.03.15 22:08:40.961,8.49775,8.50316,1.00,1.00
2017.03.15 22:08:41.012,8.49805,8.50316,1.00,1.00
2017.03.15 22:08:41.298,8.49774,8.50316,1.50,1.00
2017.03.15 22:08:41.352,8.49774,8.50288,1.50,1.00
2017.03.15 22:08:41.671,8.49774,8.50316,1.50,1.00
2017.03.15 22:08:41.969,8.49774,8.50295,1.50,1.00
2017.03.15 22:08:43.146,8.49774,8.50299,1.50,1.00
2017.03.15 22:08:44.045,8.49774,8.50303,1.50,1.00
2017.03.15 22:08:44.208,8.49805,8.50321,1.00,1.00
2017.03.15 22:08:44.512,8.49786,8.50295,1.00,1.00
2017.03.15 22:08:45.011,8.49786,8.50297,1.00,1.00
2017.03.15 22:08:45.546,8.49774,8.50297,1.50,1.00
2017.03.15 22:08:45.920,8.49774,8.50303,1.50,1.00
2017.03.15 22:08:46.444,8.49775,8.50302,1.00,1.00
2017.03.15 22:08:46.886,8.49774,8.50297,1.50,1.00
2017.03.15 22:08:47.381,8.49781,8.50297,1.00,1.00
2017.03.15 22:08:47.865,8.49781,8.50287,1.00,1.00
2017.03.15 22:08:48.063,8.49781,8.50292,1.00,1.00
2017.03.15 22:08:48.114,8.49781,8.50307,1.00,1.00
2017.03.15 22:08:48.298,8.49781,8.50296,1.00,1.00
2017.03.15 22:08:48.564,8.49781,8.503,1.00,1.00
2017.03.15 22:08:49.088,8.49781,8.50316,1.00,1.00
2017.03.15 22:08:49.313,8.49781,8.50297,1.00,1.00
2017.03.15 22:08:50.089,8.49781,8.50296,1.00,1.00
2017.03.15 22:08:50.369,8.49781,8.50307,1.00,1.00
2017.03.15 22:08:51.089,8.49781,8.50298,1.00,1.00
2017.03.15 22:08:51.260,8.49781,8.503,1.00,1.00
2017.03.15 22:08:51.385,8.49781,8.50285,1.00,1.00
2017.03.15 22:08:52.137,8.49781,8.50311,1.00,1.00
2017.03.15 22:08:52.387,8.49781,8.503,1.00,1.00
2017.03.15 22:08:52.758,8.49781,8.50283,1.00,1.00
2017.03.15 22:08:52.809,8.49781,8.5029,1.00,1.00
2017.03.15 22:08:53.830,8.49785,8.5029,1.00,1.00
2017.03.15 22:08:54.836,8.49785,8.50291,1.00,1.00
2017.03.15 22:08:55.838,8.49785,8.50288,1.00,1.00
2017.03.15 22:08:55.949,8.49784,8.50303,1.00,1.00
2017.03.15 22:08:56.143,8.49784,8.50326,1.00,1.00
2017.03.15 22:08:56.454,8.49784,8.50309,1.00,1.00
2017.03.15 22:08:56.906,8.49784,8.50313,1.00,1.00
2017.03.15 22:08:57.182,8.49784,8.5031,1.00,1.00
2017.03.15 22:08:58.164,8.49784,8.50305,1.00,1.00
2017.03.15 22:08:59.191,8.49784,8.50311,1.00,1.00
2017.03.15 22:09:00.069,8.49784,8.50299,1.00,1.00
2017.03.15 22:09:01.657,8.49784,8.50298,1.00,1.00
2017.03.15 22:09:01.708,8.49784,8.5031,1.00,1.00
2017.03.15 22:09:02.035,8.49781,8.50296,1.00,1.00
2017.03.15 22:09:02.407,8.49781,8.50287,1.00,1.00
2017.03.15 22:09:03.103,8.49781,8.50286,1.00,1.00
2017.03.15 22:09:03.608,8.49781,8.50306,1.00,1.00
2017.03.15 22:09:03.767,8.49781,8.50285,1.00,1.00
2017.03.15 22:09:04.058,8.49781,8.50287,1.00,1.00
2017.03.15 22:09:05.064,8.49781,8.50282,1.00,1.00
2017.03.15 22:09:05.720,8.49781,8.50283,1.00,1.00
2017.03.15 22:09:06.112,8.49781,8.50278,1.00,1.00
2017.03.15 22:09:06.162,8.49781,8.50281,1.00,1.00
2017.03.15 22:09:06.308,8.49781,8.50266,1.00,1.00
2017.03.15 22:09:06.684,8.49781,8.50292,1.00,1.00
2017.03.15 22:09:07.115,8.49781,8.50274,1.00,1.00
2017.03.15 22:09:08.025,8.49781,8.50286,1.00,1.00
2017.03.15 22:09:08.136,8.49781,8.5028,1.00,1.00
2017.03.15 22:09:08.445,8.49781,8.50276,1.00,1.00
2017.03.15 22:09:08.927,8.49781,8.50273,1.00,1.00
2017.03.15 22:09:09.007,8.49775,8.50273,1.00,1.00
2017.03.15 22:09:09.058,8.49776,8.5028,1.00,1.00
2017.03.15 22:09:09.914,8.49775,8.5027,1.00,1.00
2017.03.15 22:09:10.452,8.49775,8.50287,1.00,1.00
2017.03.15 22:09:10.554,8.4977,8.50279,1.00,1.00
2017.03.15 22:09:10.745,8.4977,8.50285,1.00,1.00
2017.03.15 22:09:11.512,8.4977,8.50266,1.00,1.00
2017.03.15 22:09:15.961,8.4977,8.50265,1.00,1.00
2017.03.15 22:09:16.122,8.4977,8.50281,1.00,1.00
2017.03.15 22:09:16.172,8.49782,8.50276,1.00,1.00
2017.03.15 22:09:17.953,8.49782,8.50281,1.50,1.00
2017.03.15 22:09:21.377,8.49782,8.50277,1.50,1.00
2017.03.15 22:09:21.428,8.49782,8.50283,1.50,1.00
2017.03.15 22:09:22.967,8.49782,8.50276,1.50,1.00
2017.03.15 22:09:23.270,8.49782,8.50286,1.50,1.00
2017.03.15 22:09:24.768,8.49782,8.50276,1.50,1.00
2017.03.15 22:09:25.273,8.49783,8.50287,1.00,1.00
2017.03.15 22:09:26.276,8.49783,8.50281,1.00,1.00
2017.03.15 22:09:26.905,8.49782,8.50275,1.00,1.00
2017.03.15 22:09:27.371,8.49782,8.50283,1.50,1.00
2017.03.15 22:09:28.313,8.49782,8.50282,1.50,1.00
2017.03.15 22:09:29.086,8.49782,8.50268,1.50,1.00
2017.03.15 22:09:29.405,8.49782,8.50258,1.00,1.00
2017.03.15 22:09:29.456,8.49782,8.50281,1.00,1.00
2017.03.15 22:09:29.557,8.49782,8.50277,1.00,1.00
2017.03.15 22:09:30.063,8.49783,8.50276,1.00,1.00
2017.03.15 22:09:30.174,8.49783,8.50294,1.00,1.00
2017.03.15 22:09:30.327,8.49783,8.50275,1.00,1.00
2017.03.15 22:09:31.187,8.49783,8.50276,1.00,1.00
2017.03.15 22:09:31.856,8.49782,8.50276,1.50,1.00
2017.03.15 22:09:32.792,8.49782,8.50274,1.50,1.00
2017.03.15 22:09:39.558,8.49782,8.50292,1.50,1.00
2017.03.15 22:09:39.609,8.49782,8.50296,1.50,1.00
2017.03.15 22:09:40.561,8.49782,8.50308,1.50,1.00
2017.03.15 22:09:42.686,8.49782,8.50304,1.50,1.00
2017.03.15 22:09:47.016,8.49782,8.50307,1.50,1.00
2017.03.15 22:09:54.531,8.49782,8.50309,1.50,1.00
2017.03.15 22:09:59.923,8.49782,8.50297,1.50,1.00
2017.03.15 22:10:00.224,8.49782,8.50306,1.50,1.00
2017.03.15 22:10:00.922,8.49782,8.50313,1.50,1.00
2017.03.15 22:10:01.011,8.49782,8.50308,1.50,1.00
2017.03.15 22:10:01.582,8.49782,8.50309,1.50,1.00
2017.03.15 22:10:02.796,8.49782,8.50315,1.50,1.00
2017.03.15 22:10:03.797,8.49782,8.5031,1.50,1.00
2017.03.15 22:10:05.270,8.49782,8.50315,1.50,1.00
2017.03.15 22:10:09.562,8.49782,8.50319,1.50,1.00
2017.03.15 22:10:13.058,8.49782,8.5031,1.50,1.00
2017.03.15 22:10:15.602,8.49782,8.50319,1.50,1.00
2017.03.15 22:10:17.078,8.49782,8.50316,1.00,1.00
2017.03.15 22:10:19.996,8.49782,8.50295,1.00,1.00
2017.03.15 22:10:20.366,8.49782,8.50301,1.00,1.00
2017.03.15 22:10:21.011,8.49782,8.50297,1.00,1.00
2017.03.15 22:10:24.592,8.49782,8.50304,1.00,1.00
2017.03.15 22:10:26.234,8.49783,8.50304,1.00,1.00
2017.03.15 22:10:31.405,8.49782,8.50304,1.00,1.00
2017.03.15 22:10:31.699,8.49782,8.50315,1.00,1.00
2017.03.15 22:10:31.750,8.49782,8.50309,1.00,1.00
2017.03.15 22:10:32.725,8.49782,8.50312,1.00,1.00
2017.03.15 22:10:39.622,8.49782,8.50314,1.00,1.00
2017.03.15 22:10:45.427,8.49809,8.50324,1.00,1.00
2017.03.15 22:10:45.750,8.49862,8.50347,1.00,1.00
2017.03.15 22:10:46.702,8.49862,8.50341,1.00,1.00
2017.03.15 22:10:53.787,8.49862,8.50348,1.00,1.00
2017.03.15 22:10:54.652,8.49862,8.50359,1.00,1.00
2017.03.15 22:10:55.653,8.49862,8.50353,1.00,1.00
2017.03.15 22:10:59.827,8.49862,8.50361,1.00,1.00
2017.03.15 22:11:02.191,8.49862,8.50357,1.00,1.00
2017.03.15 22:11:05.347,8.49862,8.50373,1.00,1.00
2017.03.15 22:11:05.549,8.49885,8.50373,1.00,1.00
2017.03.15 22:11:05.914,8.49885,8.50369,1.00,1.00
2017.03.15 22:11:06.297,8.49885,8.50377,1.00,1.00
2017.03.15 22:11:09.682,8.49885,8.50379,1.00,1.00
2017.03.15 22:11:10.683,8.49885,8.50374,1.00,1.00
2017.03.15 22:11:14.162,8.49885,8.50366,1.00,1.00
2017.03.15 22:11:14.263,8.49885,8.5038,1.00,1.00
2017.03.15 22:11:23.858,8.49892,8.5038,1.00,1.00
2017.03.15 22:11:24.017,8.49892,8.50387,1.00,1.00
2017.03.15 22:11:25.019,8.49892,8.50382,1.00,1.00
2017.03.15 22:11:28.122,8.49892,8.50381,1.00,1.00
2017.03.15 22:11:32.227,8.49892,8.50379,1.00,1.00
2017.03.15 22:11:34.445,8.49892,8.50389,1.00,1.00
2017.03.15 22:11:34.496,8.49892,8.5038,1.00,1.00
2017.03.15 22:11:36.960,8.49892,8.50385,1.00,1.00
2017.03.15 22:11:37.898,8.49892,8.5038,1.00,1.00
2017.03.15 22:11:39.742,8.49892,8.50377,1.00,1.00
2017.03.15 22:11:43.468,8.49892,8.50383,1.00,1.00
2017.03.15 22:11:43.520,8.49892,8.50388,1.00,1.00
2017.03.15 22:11:44.478,8.49892,8.50405,1.00,1.00
2017.03.15 22:11:46.725,8.49892,8.50404,1.00,1.00
2017.03.15 22:11:46.776,8.49892,8.5039,1.00,1.00
2017.03.15 22:11:47.729,8.49892,8.50392,1.00,1.00
2017.03.15 22:11:48.628,8.49892,8.50399,1.00,1.00
2017.03.15 22:11:48.790,8.49892,8.50389,1.00,1.00
2017.03.15 22:11:49.792,8.49892,8.50394,1.00,1.00
2017.03.15 22:11:50.163,8.49892,8.50403,1.00,1.00
2017.03.15 22:11:51.119,8.49892,8.50402,1.00,1.00
2017.03.15 22:11:53.407,8.49892,8.50406,1.00,1.00
2017.03.15 22:11:54.491,8.49892,8.50413,1.00,1.00
2017.03.15 22:11:55.393,8.49892,8.50411,1.00,1.00
2017.03.15 22:11:58.717,8.49892,8.50415,1.00,1.00
2017.03.15 22:11:58.768,8.49892,8.50409,1.00,1.00
2017.03.15 22:11:59.915,8.49892,8.50419,1.00,1.00
2017.03.15 22:12:00.044,8.49892,8.50406,1.00,1.00
2017.03.15 22:12:02.179,8.49892,8.50423,1.00,1.00
2017.03.15 22:12:02.230,8.49892,8.50407,1.00,1.00
2017.03.15 22:12:03.053,8.49892,8.50389,1.00,1.00
2017.03.15 22:12:03.235,8.49892,8.50394,1.00,1.00
2017.03.15 22:12:04.305,8.49892,8.50411,1.00,1.00
2017.03.15 22:12:04.406,8.49892,8.50419,1.00,1.00
2017.03.15 22:12:05.316,8.49892,8.5041,1.00,1.00
2017.03.15 22:12:07.370,8.49892,8.50409,1.00,1.00
2017.03.15 22:12:08.113,8.49892,8.5042,1.00,1.00
2017.03.15 22:12:09.108,8.49892,8.50416,1.00,1.00
2017.03.15 22:12:10.083,8.49892,8.50418,1.00,1.00
2017.03.15 22:12:12.101,8.49892,8.50414,1.00,1.00
2017.03.15 22:12:12.951,8.49892,8.50424,1.00,1.00
2017.03.15 22:12:13.205,8.49892,8.50418,1.00,1.00
2017.03.15 22:12:13.502,8.49892,8.50426,1.00,1.00
2017.03.15 22:12:13.553,8.49941,8.50426,1.00,1.00
2017.03.15 22:12:14.232,8.49941,8.50422,1.00,1.00
2017.03.15 22:12:14.563,8.49941,8.50414,1.00,1.00
2017.03.15 22:12:15.535,8.49941,8.50418,1.00,1.00
2017.03.15 22:12:17.317,8.49941,8.50419,1.00,1.00
2017.03.15 22:12:17.743,8.49941,8.50426,1.00,1.00
2017.03.15 22:12:18.744,8.49941,8.50422,1.00,1.00
2017.03.15 22:12:18.794,8.49941,8.50429,1.00,1.00
2017.03.15 22:12:22.370,8.49941,8.5045,1.00,1.00
2017.03.15 22:12:23.346,8.49941,8.50445,1.00,1.00
2017.03.15 22:12:23.591,8.49941,8.50459,1.00,1.00
2017.03.15 22:12:23.817,8.49941,8.50479,1.00,1.00
2017.03.15 22:12:24.059,8.49973,8.50479,1.00,1.00
2017.03.15 22:12:24.444,8.49973,8.50464,1.00,1.00
2017.03.15 22:12:25.067,8.49973,8.50458,1.00,1.00
2017.03.15 22:12:25.118,8.49973,8.50464,1.00,1.00
2017.03.15 22:12:25.459,8.49973,8.50478,1.00,1.00
2017.03.15 22:12:25.962,8.49973,8.50442,1.00,1.00
2017.03.15 22:12:26.477,8.49947,8.50434,1.00,1.00
2017.03.15 22:12:27.233,8.49941,8.50434,1.00,1.00
2017.03.15 22:12:27.462,8.49941,8.5043,1.00,1.00
2017.03.15 22:12:31.012,8.49941,8.50425,1.00,1.00
2017.03.15 22:12:31.374,8.49941,8.50423,1.00,1.00
2017.03.15 22:12:32.375,8.49941,8.50424,1.00,1.00
2017.03.15 22:12:33.817,8.49941,8.50429,1.00,1.00
2017.03.15 22:12:35.787,8.49941,8.50423,1.00,1.00
2017.03.15 22:12:35.838,8.49941,8.50426,1.00,1.00
2017.03.15 22:12:35.967,8.49941,8.50423,1.00,1.00
2017.03.15 22:12:36.795,8.49941,8.50424,1.00,1.00
2017.03.15 22:12:37.525,8.49941,8.50433,1.00,1.00
2017.03.15 22:12:37.673,8.49941,8.50428,1.00,1.00
2017.03.15 22:12:37.774,8.49909,8.50403,1.00,1.00
2017.03.15 22:12:37.825,8.49909,8.50393,1.00,1.00
2017.03.15 22:12:37.977,8.49909,8.50426,1.00,1.00
2017.03.15 22:12:38.183,8.49924,8.50426,1.00,1.00
2017.03.15 22:12:38.694,8.49924,8.5041,1.00,1.00
2017.03.15 22:12:39.030,8.49924,8.5039,1.00,1.00
2017.03.15 22:12:39.156,8.49885,8.5039,1.00,1.00
2017.03.15 22:12:39.926,8.49885,8.50388,1.00,1.00
2017.03.15 22:12:40.020,8.49885,8.50399,1.00,1.00
2017.03.15 22:12:40.890,8.49885,8.5039,1.00,1.00
2017.03.15 22:12:41.860,8.49885,8.50385,1.00,1.00
2017.03.15 22:12:44.017,8.49885,8.50391,1.00,1.00
2017.03.15 22:12:44.118,8.49885,8.50401,1.00,1.00
2017.03.15 22:12:44.303,8.49885,8.50395,1.00,1.00
2017.03.15 22:12:44.727,8.49885,8.50406,1.00,1.00
2017.03.15 22:12:45.001,8.49925,8.50406,1.00,1.00
2017.03.15 22:12:45.051,8.49925,8.50418,1.00,1.00
2017.03.15 22:12:45.477,8.49925,8.50398,1.00,1.00
2017.03.15 22:12:48.324,8.49925,8.50403,1.00,1.00
2017.03.15 22:12:50.081,8.49925,8.5041,1.00,1.00
2017.03.15 22:12:50.132,8.49925,8.50396,1.00,1.00
2017.03.15 22:12:50.284,8.49884,8.50386,1.00,1.00
2017.03.15 22:12:51.082,8.49884,8.50377,1.00,1.00
2017.03.15 22:12:51.234,8.49884,8.50385,1.00,1.00
2017.03.15 22:12:52.083,8.49884,8.50378,1.00,1.00
2017.03.15 22:12:53.135,8.49884,8.50383,1.00,1.00
2017.03.15 22:12:53.216,8.49884,8.50393,1.00,1.00
2017.03.15 22:12:53.745,8.49884,8.50388,1.00,1.00
2017.03.15 22:12:54.198,8.49884,8.50381,1.00,1.00
2017.03.15 22:12:54.745,8.49884,8.50385,1.00,1.00
2017.03.15 22:12:58.220,8.49884,8.50381,1.00,1.00
2017.03.15 22:12:58.316,8.49884,8.50387,1.00,1.00
2017.03.15 22:12:59.239,8.49884,8.50382,1.00,1.00
2017.03.15 22:12:59.336,8.49884,8.50392,1.00,1.00
2017.03.15 22:13:00.342,8.49884,8.50384,1.00,1.00
2017.03.15 22:13:02.471,8.49884,8.5039,1.00,1.00
2017.03.15 22:13:05.355,8.49884,8.50385,1.00,1.00
2017.03.15 22:13:06.184,8.49884,8.50393,1.00,1.00
2017.03.15 22:13:06.304,8.49884,8.50366,1.00,1.00
2017.03.15 22:13:07.305,8.49884,8.50372,1.00,1.00
2017.03.15 22:13:07.493,8.49884,8.50382,1.00,1.00
2017.03.15 22:13:08.415,8.49884,8.50381,1.00,1.00
2017.03.15 22:13:09.416,8.49884,8.50377,1.00,1.00
2017.03.15 22:13:09.921,8.49884,8.50367,1.00,1.00
2017.03.15 22:13:11.588,8.49884,8.50371,1.00,1.00
2017.03.15 22:13:11.639,8.49884,8.50374,1.00,1.00
2017.03.15 22:13:12.598,8.49884,8.5037,1.00,1.00
2017.03.15 22:13:13.085,8.49884,8.50358,1.00,1.00
2017.03.15 22:13:13.638,8.49884,8.50367,1.00,1.00
2017.03.15 22:13:13.983,8.49884,8.50374,1.00,1.00
2017.03.15 22:13:14.502,8.49884,8.50372,1.00,1.00
2017.03.15 22:13:14.985,8.49884,8.50358,1.00,1.00
2017.03.15 22:13:15.633,8.49884,8.50349,1.00,1.00
2017.03.15 22:13:15.987,8.49884,8.50355,1.00,1.00
2017.03.15 22:13:16.989,8.49884,8.5036,1.00,1.00
2017.03.15 22:13:17.992,8.49884,8.50359,1.00,1.00
2017.03.15 22:13:20.694,8.49884,8.50415,1.00,1.00
2017.03.15 22:13:20.947,8.49884,8.50418,1.00,1.00
2017.03.15 22:13:21.664,8.49884,8.50413,1.00,1.00
2017.03.15 22:13:22.066,8.49884,8.50404,1.00,1.00
2017.03.15 22:13:23.742,8.49884,8.50411,1.00,1.00
2017.03.15 22:13:23.915,8.49884,8.50406,1.00,1.00
2017.03.15 22:13:24.951,8.49884,8.5041,1.00,1.00
2017.03.15 22:13:28.781,8.49884,8.5043,1.00,1.00
2017.03.15 22:13:28.932,8.49942,8.5043,1.00,1.00
2017.03.15 22:13:29.262,8.49974,8.5043,1.00,1.00
2017.03.15 22:13:29.746,8.49974,8.50444,1.00,1.00
2017.03.15 22:13:30.768,8.49974,8.50459,1.00,1.00
2017.03.15 22:13:30.909,8.49974,8.50446,1.00,1.00
2017.03.15 22:13:31.471,8.49974,8.50431,1.00,1.00
2017.03.15 22:13:32.067,8.49974,8.50432,1.00,1.00
2017.03.15 22:13:32.504,8.49974,8.50413,1.00,1.00
2017.03.15 22:13:32.580,8.49974,8.5042,1.00,1.00
2017.03.15 22:13:32.631,8.49942,8.5042,1.00,1.00
2017.03.15 22:13:33.505,8.49942,8.50416,1.00,1.00
2017.03.15 22:13:34.048,8.49942,8.50408,1.00,1.00
2017.03.15 22:13:34.429,8.49942,8.50405,1.00,1.00
2017.03.15 22:13:34.645,8.4991,8.50394,1.00,1.00
2017.03.15 22:13:34.967,8.4991,8.50392,1.00,1.00
2017.03.15 22:13:35.303,8.4991,8.50398,1.00,1.00
2017.03.15 22:13:39.199,8.4991,8.50405,1.00,1.00
2017.03.15 22:13:39.357,8.4991,8.50392,1.00,1.00
2017.03.15 22:13:40.201,8.4991,8.50398,1.00,1.00
2017.03.15 22:13:44.631,8.4991,8.50394,1.00,1.00
2017.03.15 22:13:45.012,8.49877,8.50361,1.50,1.00
2017.03.15 22:13:45.644,8.49877,8.50368,1.50,1.00
2017.03.15 22:13:45.958,8.49877,8.50391,1.50,1.00
2017.03.15 22:13:46.934,8.49877,8.50399,1.50,1.00
2017.03.15 22:13:46.995,8.49887,8.50399,1.00,1.00
2017.03.15 22:13:47.924,8.49887,8.50397,1.00,1.00
2017.03.15 22:13:50.812,8.49886,8.50388,1.00,1.00
2017.03.15 22:13:55.011,8.49886,8.50387,1.00,1.00
2017.03.15 22:13:57.036,8.49877,8.50387,1.00,1.00
2017.03.15 22:13:57.087,8.49877,8.50367,1.00,1.00
2017.03.15 22:13:57.239,8.49877,8.50393,1.00,1.00
2017.03.15 22:13:57.865,8.49877,8.5039,1.00,1.00
2017.03.15 22:13:58.054,8.49877,8.50413,1.00,1.00
2017.03.15 22:13:58.866,8.49877,8.50406,1.00,1.00
2017.03.15 22:14:01.192,8.499,8.50409,1.00,1.00
2017.03.15 22:14:01.516,8.49926,8.50409,1.00,1.00
2017.03.15 22:14:01.824,8.49926,8.50385,1.00,1.00
2017.03.15 22:14:01.970,8.49885,8.50385,1.00,1.00
2017.03.15 22:14:02.674,8.49885,8.50378,1.00,1.00
2017.03.15 22:14:03.216,8.49885,8.50379,1.00,1.00
2017.03.15 22:14:03.675,8.49885,8.50388,1.00,1.00
2017.03.15 22:14:03.981,8.49885,8.50382,1.00,1.00
2017.03.15 22:14:05.020,8.49885,8.50387,1.00,1.00
2017.03.15 22:14:07.281,8.49885,8.50383,1.00,1.00
2017.03.15 22:14:09.434,8.49885,8.50387,1.00,1.00
2017.03.15 22:14:10.435,8.49885,8.50388,1.00,1.00
2017.03.15 22:14:12.833,8.49885,8.50382,1.00,1.00
2017.03.15 22:14:13.926,8.49885,8.50386,1.00,1.00
2017.03.15 22:14:15.042,8.49885,8.50383,1.00,1.00
2017.03.15 22:14:22.966,8.49885,8.50376,1.00,1.00
2017.03.15 22:14:25.005,8.49885,8.50374,1.00,1.00
2017.03.15 22:14:25.972,8.49885,8.5037,1.00,1.00
2017.03.15 22:14:26.972,8.49885,8.50382,1.00,1.00
2017.03.15 22:14:28.157,8.49885,8.50373,1.00,1.00
2017.03.15 22:14:34.265,8.49885,8.50381,1.00,1.00
2017.03.15 22:14:34.422,8.49885,8.5037,1.00,1.00
2017.03.15 22:14:35.422,8.49885,8.50366,1.00,1.00
2017.03.15 22:14:35.473,8.49885,8.50372,1.00,1.00
2017.03.15 22:14:37.788,8.49885,8.50374,1.00,1.00
2017.03.15 22:14:37.889,8.49885,8.50386,1.00,1.00
2017.03.15 22:14:37.940,8.49885,8.50345,1.00,1.00
2017.03.15 22:14:37.990,8.49845,8.50345,1.00,1.00
2017.03.15 22:14:38.889,8.49845,8.50334,1.00,1.00
2017.03.15 22:14:40.101,8.49845,8.50336,1.00,1.00
2017.03.15 22:14:41.481,8.49845,8.50343,1.00,1.00
2017.03.15 22:14:42.483,8.49845,8.50337,1.00,1.00
2017.03.15 22:14:49.096,8.49845,8.50333,1.00,1.00
2017.03.15 22:14:49.252,8.49845,8.50346,1.00,1.00
2017.03.15 22:14:50.003,8.49845,8.50336,1.00,1.00
2017.03.15 22:14:52.049,8.49845,8.50329,1.00,1.00
2017.03.15 22:14:52.586,8.49845,8.50341,1.00,1.00
2017.03.15 22:14:53.021,8.49845,8.50333,1.00,1.00
2017.03.15 22:14:53.659,8.49845,8.50343,1.00,1.00
2017.03.15 22:14:54.024,8.49845,8.50334,1.00,1.00
2017.03.15 22:14:56.167,8.49845,8.50353,1.00,1.00
2017.03.15 22:14:57.059,8.49845,8.5036,1.00,1.00
2017.03.15 22:14:57.173,8.49845,8.50354,1.00,1.00
2017.03.15 22:14:57.791,8.49845,8.5034,1.00,1.00
2017.03.15 22:14:58.372,8.49845,8.50336,1.00,1.00
2017.03.15 22:15:02.990,8.49845,8.50333,1.00,1.00
2017.03.15 22:15:06.015,8.49845,8.50329,1.00,1.00
2017.03.15 22:15:06.175,8.49845,8.50341,1.00,1.00
2017.03.15 22:15:06.779,8.49845,8.50359,1.00,1.00
2017.03.15 22:15:06.830,8.49845,8.50388,1.00,1.00
2017.03.15 22:15:06.940,8.49845,8.50351,1.00,1.00
2017.03.15 22:15:07.415,8.49845,8.50323,1.00,1.00
2017.03.15 22:15:07.466,8.49815,8.503,1.00,1.00
2017.03.15 22:15:07.517,8.49813,8.503,1.00,1.00
2017.03.15 22:15:08.055,8.49808,8.503,1.00,1.00
2017.03.15 22:15:08.829,8.49808,8.50296,1.00,1.00
2017.03.15 22:15:10.153,8.49808,8.50295,1.00,1.00
2017.03.15 22:15:10.204,8.49808,8.503,1.00,1.00
2017.03.15 22:15:17.681,8.49808,8.50301,1.00,1.00
2017.03.15 22:15:25.195,8.49808,8.50302,1.00,1.00
2017.03.15 22:15:31.267,8.49808,8.50293,1.00,1.00
2017.03.15 22:15:32.073,8.49808,8.50278,1.00,1.00
2017.03.15 22:15:32.275,8.4978,8.50263,1.00,1.00
2017.03.15 22:15:33.202,8.4978,8.5027,1.00,1.00
2017.03.15 22:15:38.349,8.4978,8.50266,1.00,1.00
2017.03.15 22:15:40.225,8.4978,8.5027,1.00,1.00
2017.03.15 22:15:48.081,8.4978,8.50268,1.00,1.00
2017.03.15 22:15:50.478,8.4978,8.50281,1.00,1.00
2017.03.15 22:15:50.529,8.4978,8.50287,1.00,1.00
2017.03.15 22:15:50.909,8.4978,8.50301,1.00,1.00
2017.03.15 22:15:51.216,8.4978,8.50274,1.00,1.00
2017.03.15 22:15:51.998,8.49775,8.50264,1.00,1.00
2017.03.15 22:15:54.728,8.49775,8.50269,1.00,1.00
2017.03.15 22:15:55.729,8.49775,8.50265,1.00,1.00
2017.03.15 22:15:58.582,8.49775,8.5027,1.00,1.00
2017.03.15 22:16:02.773,8.49775,8.50267,1.00,1.00
2017.03.15 22:16:07.943,8.49775,8.5026,1.00,1.00
2017.03.15 22:16:08.666,8.49775,8.50261,1.00,1.00
2017.03.15 22:16:12.911,8.49775,8.50268,1.00,1.00
2017.03.15 22:16:14.792,8.49775,8.50261,1.00,1.00
2017.03.15 22:16:15.792,8.49775,8.50265,1.00,1.00
2017.03.15 22:16:17.444,8.49775,8.50257,1.00,1.00
2017.03.15 22:16:18.322,8.49775,8.50264,1.00,1.00
2017.03.15 22:16:18.373,8.49782,8.50316,1.00,1.00
2017.03.15 22:16:18.475,8.49795,8.50316,1.00,1.00
2017.03.15 22:16:18.822,8.49807,8.50316,1.00,1.00
2017.03.15 22:16:19.372,8.49807,8.50329,1.00,1.00
2017.03.15 22:16:25.314,8.49807,8.50333,1.00,1.00
2017.03.15 22:16:32.848,8.49807,8.5033,1.00,1.00
2017.03.15 22:16:34.384,8.49807,8.50336,1.00,1.00
2017.03.15 22:16:40.131,8.49807,8.50332,1.00,1.00
2017.03.15 22:16:43.031,8.49807,8.50337,1.00,1.00
2017.03.15 22:16:45.915,8.49807,8.50344,1.00,1.00
2017.03.15 22:16:45.966,8.49807,8.5035,1.00,1.00
2017.03.15 22:16:46.017,8.49807,8.5037,1.00,1.00
2017.03.15 22:16:46.069,8.49863,8.50376,1.00,1.00
2017.03.15 22:16:46.572,8.49863,8.50375,1.00,1.00
2017.03.15 22:16:46.875,8.49854,8.50345,1.00,1.00
2017.03.15 22:16:47.266,8.49854,8.50333,1.00,1.00
2017.03.15 22:16:47.787,8.49854,8.50326,1.00,1.00
2017.03.15 22:16:49.051,8.49849,8.50326,1.00,1.00
2017.03.15 22:16:55.472,8.49849,8.50333,1.00,1.00
2017.03.15 22:16:58.026,8.49849,8.50327,1.00,1.00
2017.03.15 22:16:58.143,8.49849,8.50337,1.00,1.00
2017.03.15 22:17:00.364,8.49849,8.50332,1.00,1.00
2017.03.15 22:17:02.891,8.49849,8.50331,1.00,1.00
2017.03.15 22:17:13.616,8.49849,8.50334,1.00,1.00
2017.03.15 22:17:17.658,8.49849,8.5034,1.00,1.00
2017.03.15 22:17:18.658,8.49849,8.50343,1.00,1.00
2017.03.15 22:17:19.566,8.49849,8.50334,1.00,1.00
2017.03.15 22:17:19.816,8.49849,8.50341,1.00,1.00
2017.03.15 22:17:19.917,8.49824,8.50341,1.00,1.00
2017.03.15 22:17:20.571,8.49824,8.50338,1.00,1.00
2017.03.15 22:17:22.176,8.49824,8.5033,1.00,1.00
2017.03.15 22:17:22.589,8.49824,8.50319,1.00,1.00
2017.03.15 22:17:23.123,8.49824,8.5032,1.00,1.00
2017.03.15 22:17:23.330,8.49824,8.50324,1.00,1.00
2017.03.15 22:17:24.331,8.49824,8.50325,1.50,1.00
2017.03.15 22:17:25.454,8.49824,8.50326,1.50,1.00
2017.03.15 22:17:28.566,8.49825,8.50326,1.00,1.00
2017.03.15 22:17:30.548,8.49825,8.50337,1.00,1.00
2017.03.15 22:17:30.599,8.49825,8.50332,1.00,1.00
2017.03.15 22:17:30.971,8.49839,8.50332,1.00,1.00
2017.03.15 22:17:31.585,8.49839,8.50331,1.00,1.00
2017.03.15 22:17:32.949,8.49839,8.50329,1.00,1.00
2017.03.15 22:17:34.775,8.49839,8.50335,1.00,1.00
2017.03.15 22:17:35.049,8.49839,8.5034,1.00,1.00
2017.03.15 22:17:35.178,8.49839,8.50376,1.00,1.00
2017.03.15 22:17:35.228,8.49839,8.50354,1.00,1.00
2017.03.15 22:17:36.087,8.49839,8.50343,1.00,1.00
2017.03.15 22:17:36.737,8.49839,8.50351,1.00,1.00
2017.03.15 22:17:37.054,8.49871,8.50351,1.00,1.00
2017.03.15 22:17:37.105,8.49871,8.50365,1.00,1.00
2017.03.15 22:17:37.257,8.49871,8.50378,1.00,1.00
2017.03.15 22:17:40.464,8.49871,8.50377,1.00,1.00
2017.03.15 22:17:45.260,8.49871,8.50379,1.00,1.00
2017.03.15 22:17:48.086,8.49871,8.50338,1.00,1.00
2017.03.15 22:17:48.250,8.4984,8.50338,1.00,1.00
2017.03.15 22:17:48.760,8.49839,8.50376,1.00,1.00
2017.03.15 22:17:48.861,8.49879,8.50376,1.00,1.00
2017.03.15 22:17:49.071,8.49879,8.50385,1.00,1.00
2017.03.15 22:17:49.156,8.49847,8.50335,1.00,1.00
2017.03.15 22:17:50.078,8.49847,8.50346,1.00,1.00
2017.03.15 22:17:50.181,8.49847,8.50356,1.00,1.00
2017.03.15 22:17:50.232,8.49847,8.50348,1.00,1.00
2017.03.15 22:17:50.508,8.49847,8.50397,1.00,1.00
2017.03.15 22:17:50.660,8.49903,8.50369,1.00,1.00
2017.03.15 22:17:50.761,8.49862,8.50369,1.00,1.00
2017.03.15 22:17:51.238,8.49862,8.50357,1.00,1.00
2017.03.15 22:17:51.652,8.49862,8.5036,1.00,1.00
2017.03.15 22:17:51.927,8.49862,8.50374,1.00,1.00
2017.03.15 22:17:52.252,8.49862,8.50347,1.00,1.00
2017.03.15 22:17:52.374,8.49839,8.50347,1.00,1.00
2017.03.15 22:17:52.425,8.49831,8.50347,1.00,1.00
2017.03.15 22:17:52.576,8.49831,8.50388,1.00,1.00
2017.03.15 22:17:52.627,8.4985,8.50388,1.00,1.00
2017.03.15 22:17:52.930,8.49855,8.50356,1.00,1.00
2017.03.15 22:17:53.611,8.49855,8.50354,1.00,1.00
2017.03.15 22:17:54.613,8.49855,8.50357,1.00,1.00
2017.03.15 22:17:55.011,8.49855,8.50348,1.00,1.00
2017.03.15 22:17:55.616,8.49855,8.50356,1.00,1.00
2017.03.15 22:17:56.617,8.49855,8.50354,1.00,1.00
2017.03.15 22:17:57.093,8.49855,8.50349,1.00,1.00
2017.03.15 22:17:58.065,8.49855,8.50351,1.00,1.00
2017.03.15 22:18:02.269,8.49855,8.50355,1.00,1.00
2017.03.15 22:18:02.405,8.49855,8.50366,1.00,1.00
2017.03.15 22:18:02.456,8.49855,8.50362,1.00,1.00
2017.03.15 22:18:03.357,8.49855,8.5035,1.00,1.00
2017.03.15 22:18:03.620,8.49855,8.50366,1.00,1.00
2017.03.15 22:18:04.181,8.49855,8.50344,1.00,1.00
2017.03.15 22:18:07.029,8.49855,8.50327,1.00,1.00
2017.03.15 22:18:07.937,8.49855,8.50321,1.00,1.00
2017.03.15 22:18:08.937,8.49855,8.50324,1.00,1.00
2017.03.15 22:18:10.524,8.49855,8.50327,1.00,1.00
2017.03.15 22:18:10.575,8.49855,8.50334,1.00,1.00
2017.03.15 22:18:10.676,8.49823,8.50334,1.00,1.00
2017.03.15 22:18:11.526,8.49823,8.50341,1.00,1.00
2017.03.15 22:18:12.235,8.49823,8.50332,1.00,1.00
2017.03.15 22:18:12.614,8.49823,8.50329,1.00,1.00
2017.03.15 22:18:12.944,8.49823,8.50357,1.00,1.00
2017.03.15 22:18:12.995,8.49823,8.50341,1.00,1.00
2017.03.15 22:18:13.296,8.49833,8.50341,1.00,1.00
2017.03.15 22:18:13.818,8.49832,8.50341,1.00,1.00
2017.03.15 22:18:16.151,8.49832,8.50345,1.00,1.00
2017.03.15 22:18:17.152,8.49832,8.5034,1.00,1.00
2017.03.15 22:18:22.917,8.49823,8.50309,1.00,1.00
2017.03.15 22:18:22.968,8.49823,8.50315,1.00,1.00
2017.03.15 22:18:23.018,8.49798,8.5029,1.00,1.00
2017.03.15 22:18:23.969,8.49798,8.50287,1.00,1.00
2017.03.15 22:18:25.566,8.49798,8.50294,1.00,1.00
2017.03.15 22:18:26.928,8.49798,8.50327,1.00,1.00
2017.03.15 22:18:27.520,8.49798,8.50326,1.00,1.00
2017.03.15 22:18:27.621,8.49848,8.50326,1.00,1.00
2017.03.15 22:18:27.887,8.49848,8.50334,1.00,1.00
2017.03.15 22:18:28.726,8.49848,8.50333,1.00,1.00
2017.03.15 22:18:28.777,8.49848,8.50335,1.00,1.00
2017.03.15 22:18:31.927,8.49848,8.50303,1.00,1.00
2017.03.15 22:18:32.053,8.49818,8.50278,1.00,1.00
2017.03.15 22:18:32.104,8.49818,8.50307,1.00,1.00
2017.03.15 22:18:32.255,8.49833,8.50307,1.00,1.00
2017.03.15 22:18:32.918,8.49833,8.50327,1.00,1.00
2017.03.15 22:18:33.161,8.49833,8.5033,1.00,1.00
2017.03.15 22:18:33.230,8.49833,8.50286,1.00,1.00
2017.03.15 22:18:33.461,8.49801,8.50318,1.00,1.00
2017.03.15 22:18:33.512,8.49801,8.50294,1.00,1.00
2017.03.15 22:18:33.950,8.49801,8.50328,1.00,1.00
2017.03.15 22:18:34.051,8.49832,8.50331,1.00,1.00
2017.03.15 22:18:34.355,8.49832,8.50306,1.00,1.00
2017.03.15 22:18:34.945,8.49832,8.50299,1.00,1.00
2017.03.15 22:18:35.958,8.49832,8.50304,1.00,1.00
2017.03.15 22:18:38.719,8.49832,8.50295,1.00,1.00
2017.03.15 22:18:38.871,8.49768,8.50267,1.00,1.00
2017.03.15 22:18:38.972,8.49768,8.50259,1.00,1.00
2017.03.15 22:18:39.073,8.49768,8.50305,1.00,1.00
2017.03.15 22:18:39.124,8.49824,8.50305,1.00,1.00
2017.03.15 22:18:39.516,8.49792,8.50305,1.00,1.00
2017.03.15 22:18:39.804,8.49792,8.50312,1.00,1.00
2017.03.15 22:18:39.910,8.49792,8.50281,1.00,1.00
2017.03.15 22:18:40.348,8.49792,8.50267,1.00,1.00
2017.03.15 22:18:41.220,8.49792,8.50266,1.00,1.00
2017.03.15 22:18:41.781,8.49792,8.50261,1.00,1.00
2017.03.15 22:18:42.185,8.49792,8.50273,1.00,1.00
2017.03.15 22:18:42.774,8.49763,8.50273,1.00,1.00
2017.03.15 22:18:42.875,8.49763,8.50276,1.00,1.00
2017.03.15 22:18:42.976,8.49764,8.50287,1.00,1.00
2017.03.15 22:18:43.675,8.49764,8.50305,1.00,1.00
2017.03.15 22:18:44.031,8.49763,8.50267,1.00,1.00
2017.03.15 22:18:44.283,8.49759,8.50286,1.00,1.00
2017.03.15 22:18:44.385,8.49759,8.50256,1.00,1.00
2017.03.15 22:18:44.687,8.49763,8.50256,1.00,1.00
2017.03.15 22:18:44.987,8.49763,8.50289,1.00,1.00
2017.03.15 22:18:45.484,8.49763,8.50296,1.00,1.00
2017.03.15 22:18:46.319,8.49764,8.50296,1.00,1.00
2017.03.15 22:18:46.436,8.49764,8.50312,1.00,1.00
2017.03.15 22:18:47.046,8.49764,8.50306,1.00,1.00
2017.03.15 22:18:48.048,8.49764,8.50304,1.00,1.00
2017.03.15 22:18:48.592,8.49763,8.50304,1.00,1.00
2017.03.15 22:18:49.050,8.49763,8.50306,1.00,1.00
2017.03.15 22:18:52.483,8.49763,8.50299,1.00,1.00
2017.03.15 22:18:52.822,8.49763,8.50291,1.00,1.00
2017.03.15 22:18:53.413,8.49763,8.50299,1.00,1.00
2017.03.15 22:18:54.074,8.49763,8.50307,1.00,1.00
2017.03.15 22:18:54.176,8.49796,8.50325,1.00,1.00
2017.03.15 22:18:54.482,8.49816,8.5031,1.00,1.00
2017.03.15 22:18:55.196,8.49816,8.50317,1.00,1.00
2017.03.15 22:18:55.438,8.49816,8.50323,1.00,1.00
2017.03.15 22:18:56.444,8.49816,8.50324,1.00,1.00
2017.03.15 22:18:57.558,8.49816,8.50312,1.00,1.00
2017.03.15 22:18:57.710,8.49816,8.50318,1.00,1.00
2017.03.15 22:18:58.071,8.49816,8.50313,1.00,1.00
2017.03.15 22:18:59.065,8.49816,8.50317,1.00,1.00
2017.03.15 22:19:03.171,8.49816,8.50333,1.00,1.00
2017.03.15 22:19:03.230,8.49816,8.50325,1.00,1.00
2017.03.15 22:19:04.176,8.49816,8.50332,1.00,1.00
2017.03.15 22:19:06.267,8.49816,8.50321,1.00,1.00
2017.03.15 22:19:06.570,8.49816,8.50314,1.00,1.00
2017.03.15 22:19:07.416,8.49816,8.50311,1.00,1.00
2017.03.15 22:19:08.333,8.49816,8.50317,1.00,1.00
2017.03.15 22:19:10.643,8.49816,8.50319,1.00,1.00
2017.03.15 22:19:16.990,8.49816,8.50343,1.00,1.00
2017.03.15 22:19:17.041,8.49816,8.5034,1.00,1.00
2017.03.15 22:19:17.143,8.49816,8.50345,1.00,1.00
2017.03.15 22:19:17.193,8.49865,8.50345,1.00,1.00
2017.03.15 22:19:17.466,8.49838,8.50345,1.00,1.00
2017.03.15 22:19:18.021,8.49838,8.50335,1.00,1.00
2017.03.15 22:19:19.068,8.49838,8.50338,1.00,1.00
2017.03.15 22:19:21.437,8.49838,8.5034,1.00,1.00
2017.03.15 22:19:22.438,8.49838,8.50336,1.00,1.00
2017.03.15 22:19:25.673,8.49838,8.50337,1.00,1.00
2017.03.15 22:19:30.697,8.49838,8.5034,1.00,1.00
2017.03.15 22:19:31.064,8.49838,8.50348,1.00,1.00
2017.03.15 22:19:31.932,8.4985,8.50341,1.00,1.00
2017.03.15 22:19:32.084,8.49838,8.50341,1.00,1.00
2017.03.15 22:19:32.885,8.49838,8.50339,1.00,1.00
2017.03.15 22:19:33.519,8.49838,8.5034,1.00,1.00
2017.03.15 22:19:35.691,8.49841,8.5034,1.00,1.00
2017.03.15 22:19:40.704,8.49841,8.50343,1.00,1.00
2017.03.15 22:19:41.880,8.49841,8.50333,1.00,1.00
2017.03.15 22:19:42.186,8.49838,8.5031,1.00,1.00
2017.03.15 22:19:42.439,8.49808,8.50282,1.00,1.00
2017.03.15 22:19:42.988,8.49808,8.50283,1.00,1.00
2017.03.15 22:19:43.962,8.49808,8.50289,1.00,1.00
2017.03.15 22:19:48.219,8.49808,8.5029,1.00,1.00
2017.03.15 22:19:48.647,8.49808,8.50302,1.00,1.00
2017.03.15 22:19:49.603,8.49808,8.50299,1.00,1.00
2017.03.15 22:19:52.668,8.49808,8.50313,1.00,1.00
2017.03.15 22:19:52.820,8.4985,8.50313,1.00,1.00
2017.03.15 22:19:52.921,8.4985,8.50318,1.00,1.00
2017.03.15 22:19:53.957,8.4985,8.50322,1.00,1.00
2017.03.15 22:19:56.869,8.4985,8.50332,1.00,1.00
2017.03.15 22:19:57.068,8.4985,8.50341,1.00,1.00
2017.03.15 22:19:58.039,8.4985,8.50339,1.00,1.00
2017.03.15 22:19:59.690,8.4985,8.50343,1.00,1.00
2017.03.15 22:19:59.741,8.4985,8.50354,1.00,1.00
2017.03.15 22:20:00.711,8.4985,8.50359,1.00,1.00
2017.03.15 22:20:01.472,8.4985,8.50349,1.00,1.00
2017.03.15 22:20:01.837,8.4985,8.50323,1.00,1.00
2017.03.15 22:20:01.888,8.4985,8.5035,1.00,1.00
2017.03.15 22:20:02.424,8.4985,8.50318,1.00,1.00
2017.03.15 22:20:03.277,8.4985,8.50304,1.00,1.00
2017.03.15 22:20:03.966,8.4985,8.5031,1.00,1.00
2017.03.15 22:20:04.986,8.4985,8.50297,1.00,1.00
2017.03.15 22:20:05.239,8.4982,8.50285,1.00,1.00
2017.03.15 22:20:05.514,8.4982,8.50283,1.00,1.00
2017.03.15 22:20:06.325,8.4982,8.50293,1.00,1.00
2017.03.15 22:20:07.083,8.4982,8.50312,1.00,1.00
2017.03.15 22:20:07.134,8.4982,8.50319,1.00,1.00
2017.03.15 22:20:07.185,8.4985,8.50319,1.00,1.00
2017.03.15 22:20:08.061,8.4985,8.5033,1.00,1.00
2017.03.15 22:20:10.767,8.4985,8.50332,1.00,1.00
2017.03.15 22:20:12.646,8.4985,8.50341,1.00,1.00
2017.03.15 22:20:18.783,8.4985,8.50328,1.00,1.00
2017.03.15 22:20:19.388,8.4985,8.50321,1.00,1.00
2017.03.15 22:20:19.693,8.4985,8.50308,1.00,1.00
2017.03.15 22:20:19.908,8.49819,8.50289,1.00,1.00
2017.03.15 22:20:23.201,8.49819,8.50327,1.00,1.00
2017.03.15 22:20:23.376,8.49849,8.50327,1.00,1.00
2017.03.15 22:20:23.483,8.49849,8.50348,1.00,1.00
2017.03.15 22:20:23.584,8.49888,8.50348,1.00,1.00
2017.03.15 22:20:23.701,8.49858,8.50348,1.00,1.00
2017.03.15 22:20:23.752,8.49858,8.50317,1.00,1.00
2017.03.15 22:20:24.221,8.49858,8.50339,1.00,1.00
2017.03.15 22:20:25.796,8.49858,8.50335,1.00,1.00
2017.03.15 22:20:28.209,8.49858,8.50353,1.00,1.00
2017.03.15 22:20:29.166,8.49896,8.50377,1.00,1.00
2017.03.15 22:20:29.217,8.49896,8.50398,1.00,1.00
2017.03.15 22:20:29.268,8.49896,8.50429,1.00,1.00
2017.03.15 22:20:29.369,8.49944,8.50429,1.00,1.00
2017.03.15 22:20:29.672,8.49904,8.50401,1.00,1.00
2017.03.15 22:20:29.898,8.49904,8.50431,1.00,1.00
2017.03.15 22:20:30.000,8.49893,8.50431,1.00,1.00
2017.03.15 22:20:30.051,8.49893,8.50397,1.00,1.00
2017.03.15 22:20:31.185,8.4992,8.50397,1.00,1.00
2017.03.15 22:20:32.881,8.4992,8.50402,1.00,1.00
2017.03.15 22:20:33.953,8.4992,8.50394,1.00,1.00
2017.03.15 22:20:35.150,8.4992,8.50386,1.00,1.00
2017.03.15 22:20:35.201,8.4992,8.50395,1.00,1.00
2017.03.15 22:20:36.068,8.4992,8.50411,1.00,1.00
2017.03.15 22:20:36.169,8.49961,8.50455,1.00,1.00
2017.03.15 22:20:36.621,8.49961,8.5044,1.00,1.00
2017.03.15 22:20:36.773,8.49921,8.5044,1.00,1.00
2017.03.15 22:20:37.129,8.49921,8.50423,1.00,1.00
2017.03.15 22:20:37.514,8.49921,8.50409,1.00,1.00
2017.03.15 22:20:37.615,8.49921,8.50412,1.00,1.00
2017.03.15 22:20:38.154,8.49921,8.50406,1.00,1.00
2017.03.15 22:20:40.826,8.49921,8.50404,1.00,1.00
2017.03.15 22:20:44.778,8.49921,8.50414,1.00,1.00
2017.03.15 22:20:45.307,8.49948,8.50413,1.00,1.00
2017.03.15 22:20:46.522,8.49948,8.50396,1.00,1.00
2017.03.15 22:20:46.884,8.49948,8.50406,1.00,1.00
2017.03.15 22:20:47.706,8.49948,8.50415,1.00,1.00
2017.03.15 22:20:47.884,8.49948,8.50425,1.00,1.00
2017.03.15 22:20:48.886,8.49948,8.5043,1.00,1.00
2017.03.15 22:20:53.605,8.49948,8.50437,1.00,1.00
2017.03.15 22:20:53.656,8.49948,8.50412,1.00,1.00
2017.03.15 22:20:54.605,8.49948,8.50401,1.00,1.00
2017.03.15 22:20:55.856,8.49948,8.50405,1.00,1.00
2017.03.15 22:21:10.886,8.49948,8.50414,1.00,1.00
2017.03.15 22:21:11.353,8.49948,8.50477,1.00,1.00
2017.03.15 22:21:11.403,8.49971,8.50477,1.00,1.00
2017.03.15 22:21:11.726,8.50012,8.50451,1.00,1.00
2017.03.15 22:21:12.230,8.50012,8.50468,1.00,1.00
2017.03.15 22:21:13.206,8.50012,8.50473,1.00,1.00
2017.03.15 22:21:13.843,8.50012,8.50466,1.00,1.00
2017.03.15 22:21:16.692,8.50012,8.50465,1.00,1.00
2017.03.15 22:21:16.871,8.49973,8.50439,1.00,1.00
2017.03.15 22:21:17.742,8.49973,8.50428,1.00,1.00
2017.03.15 22:21:18.723,8.49973,8.5043,1.00,1.00
2017.03.15 22:21:19.163,8.49973,8.50438,1.00,1.00
2017.03.15 22:21:19.264,8.49973,8.50456,1.00,1.00
2017.03.15 22:21:20.265,8.49973,8.50462,1.00,1.00
2017.03.15 22:21:25.324,8.49973,8.50481,1.00,1.00
2017.03.15 22:21:25.465,8.50039,8.50503,1.00,1.00
2017.03.15 22:21:25.812,8.50039,8.50473,1.00,1.00
2017.03.15 22:21:26.323,8.50039,8.50491,1.00,1.00
2017.03.15 22:21:27.323,8.50039,8.50495,1.00,1.00
2017.03.15 22:21:28.513,8.50039,8.50523,1.00,1.50
2017.03.15 22:21:28.564,8.50071,8.50523,1.00,1.00
2017.03.15 22:21:28.974,8.50079,8.50523,1.00,1.00
2017.03.15 22:21:29.527,8.50079,8.50515,1.00,1.00
2017.03.15 22:21:29.847,8.50079,8.50506,1.00,1.00
2017.03.15 22:21:29.999,8.50041,8.50484,1.00,1.00
2017.03.15 22:21:30.749,8.50041,8.50476,1.00,1.00
2017.03.15 22:21:30.950,8.50041,8.50484,1.00,1.00
2017.03.15 22:21:31.001,8.50041,8.50479,1.00,1.00
2017.03.15 22:21:31.457,8.50041,8.50501,1.00,1.00
2017.03.15 22:21:32.070,8.50058,8.50501,1.00,1.00
2017.03.15 22:21:32.468,8.50058,8.50503,1.00,1.00
2017.03.15 22:21:33.431,8.50058,8.50502,1.00,1.00
2017.03.15 22:21:40.946,8.50058,8.50506,1.00,1.00
2017.03.15 22:21:41.069,8.50033,8.5047,1.00,1.00
2017.03.15 22:21:41.271,8.49993,8.5047,1.00,1.00
2017.03.15 22:21:41.372,8.50023,8.5047,1.00,1.00
2017.03.15 22:21:41.947,8.50023,8.50493,1.00,1.00
2017.03.15 22:21:43.194,8.50023,8.50498,1.00,1.00
2017.03.15 22:21:43.389,8.50023,8.50465,1.00,1.00
2017.03.15 22:21:44.385,8.50023,8.5046,1.00,1.00
2017.03.15 22:21:46.708,8.50023,8.50492,1.00,1.00
2017.03.15 22:21:47.072,8.50055,8.50491,1.00,1.00
2017.03.15 22:21:47.663,8.50055,8.50516,1.00,1.00
2017.03.15 22:21:48.020,8.50055,8.50502,1.00,1.00
2017.03.15 22:21:48.309,8.50024,8.50484,1.00,1.00
2017.03.15 22:21:48.423,8.50024,8.50492,1.00,1.00
2017.03.15 22:21:49.238,8.50024,8.50525,1.00,1.00
2017.03.15 22:21:49.289,8.5008,8.50525,1.00,1.00
2017.03.15 22:21:49.440,8.5008,8.50531,1.00,1.00
2017.03.15 22:21:50.454,8.5008,8.50527,1.00,1.00
2017.03.15 22:21:51.389,8.5008,8.50533,1.00,1.00
2017.03.15 22:21:51.440,8.5008,8.50514,1.00,1.00
2017.03.15 22:21:51.490,8.50055,8.50499,1.00,1.00
2017.03.15 22:21:51.642,8.50055,8.50481,1.00,1.00
2017.03.15 22:21:51.996,8.50023,8.50481,1.00,1.00
2017.03.15 22:21:52.097,8.50063,8.50518,1.00,1.00
2017.03.15 22:21:53.073,8.50063,8.50523,1.00,1.00
2017.03.15 22:21:55.408,8.50063,8.50502,1.00,1.00
2017.03.15 22:21:56.366,8.50063,8.50491,1.00,1.00
2017.03.15 22:21:58.333,8.50063,8.50498,1.00,1.00
2017.03.15 22:21:58.434,8.50063,8.5052,1.00,1.00
2017.03.15 22:21:58.535,8.50096,8.5052,1.00,1.00
2017.03.15 22:21:59.385,8.50096,8.50528,1.00,1.00
2017.03.15 22:22:03.491,8.50096,8.50532,1.00,1.00
2017.03.15 22:22:04.142,8.50096,8.5052,1.00,1.00
2017.03.15 22:22:04.192,8.50071,8.5052,1.00,1.00
2017.03.15 22:22:04.243,8.50071,8.50505,1.00,1.00
2017.03.15 22:22:04.294,8.50071,8.5051,1.00,1.00
2017.03.15 22:22:05.266,8.50071,8.50514,1.00,1.00
2017.03.15 22:22:07.609,8.50071,8.5052,1.00,1.00
2017.03.15 22:22:07.660,8.50071,8.50527,1.00,1.00
2017.03.15 22:22:07.808,8.50095,8.5053,1.00,1.00
2017.03.15 22:22:08.613,8.50095,8.50528,1.00,1.00
2017.03.15 22:22:09.248,8.50095,8.50551,1.00,1.00
2017.03.15 22:22:09.450,8.50119,8.50551,1.00,1.00
2017.03.15 22:22:10.194,8.50119,8.50544,1.00,1.00
2017.03.15 22:22:11.196,8.50119,8.50547,1.00,1.00
2017.03.15 22:22:13.205,8.50119,8.50552,1.00,1.00
2017.03.15 22:22:14.181,8.50119,8.50555,1.00,1.00
2017.03.15 22:22:15.370,8.50119,8.50561,1.00,1.00
2017.03.15 22:22:15.682,8.50119,8.50586,1.00,1.00
2017.03.15 22:22:15.733,8.50143,8.50586,1.00,1.00
2017.03.15 22:22:15.834,8.50143,8.50601,1.00,1.00
2017.03.15 22:22:16.568,8.50172,8.50601,1.00,1.00
2017.03.15 22:22:16.840,8.50172,8.50603,1.00,1.00
2017.03.15 22:22:17.642,8.50172,8.50613,1.00,1.00
2017.03.15 22:22:18.644,8.50172,8.50608,1.00,1.00
2017.03.15 22:22:19.644,8.50172,8.50612,1.00,1.00
2017.03.15 22:22:22.140,8.50172,8.50605,1.00,1.00
2017.03.15 22:22:26.036,8.50172,8.50611,1.00,1.00
2017.03.15 22:22:26.688,8.50172,8.50618,1.00,1.00
2017.03.15 22:22:27.689,8.50172,8.50612,1.00,1.00
2017.03.15 22:22:29.238,8.50172,8.50616,1.00,1.00
2017.03.15 22:22:30.075,8.50172,8.50602,1.00,1.00
2017.03.15 22:22:30.604,8.50172,8.50587,1.00,1.00
2017.03.15 22:22:31.106,8.50172,8.50602,1.00,1.00
2017.03.15 22:22:33.188,8.50172,8.50606,1.00,1.00
2017.03.15 22:22:37.171,8.50172,8.506,1.00,1.00
2017.03.15 22:22:37.222,8.50172,8.50603,1.00,1.00
2017.03.15 22:22:38.466,8.50172,8.50586,1.00,1.00
2017.03.15 22:22:38.517,8.50172,8.50593,1.00,1.00
2017.03.15 22:22:41.066,8.50172,8.50596,1.00,1.00
2017.03.15 22:22:41.242,8.50172,8.50586,1.00,1.00
2017.03.15 22:22:46.197,8.50172,8.50591,1.00,1.00
2017.03.15 22:22:48.581,8.50172,8.50595,1.00,1.00
2017.03.15 22:22:49.233,8.50172,8.5058,1.00,1.00
2017.03.15 22:22:49.283,8.50141,8.5058,1.00,1.00
2017.03.15 22:22:49.611,8.50141,8.50592,1.00,1.00
2017.03.15 22:22:53.074,8.50141,8.506,1.00,1.00
2017.03.15 22:22:55.472,8.50141,8.50617,1.00,1.00
2017.03.15 22:22:55.621,8.50167,8.50617,1.00,1.00
2017.03.15 22:22:55.924,8.50167,8.50604,1.00,1.00
2017.03.15 22:22:56.748,8.50167,8.50601,1.00,1.00
2017.03.15 22:22:58.732,8.50142,8.50601,1.00,1.00
2017.03.15 22:23:03.611,8.50142,8.50597,1.00,1.00
2017.03.15 22:23:04.536,8.50142,8.50586,1.00,1.00
2017.03.15 22:23:04.637,8.50142,8.50599,1.00,1.00
2017.03.15 22:23:05.614,8.50142,8.50605,1.00,1.00
2017.03.15 22:23:06.183,8.50142,8.50602,1.00,1.00
2017.03.15 22:23:06.633,8.50142,8.5059,1.00,1.00
2017.03.15 22:23:07.618,8.50142,8.50595,1.00,1.00
2017.03.15 22:23:07.669,8.50142,8.50589,1.00,1.00
2017.03.15 22:23:09.888,8.50142,8.506,1.00,1.00
2017.03.15 22:23:09.939,8.50142,8.50594,1.00,1.00
2017.03.15 22:23:10.617,8.50142,8.50598,1.00,1.00
2017.03.15 22:23:11.581,8.50142,8.50599,1.00,1.00
2017.03.15 22:23:12.053,8.5015,8.50613,1.00,1.00
2017.03.15 22:23:12.155,8.50142,8.50593,1.00,1.00
2017.03.15 22:23:12.470,8.50205,8.50613,1.00,1.00
2017.03.15 22:23:12.521,8.50205,8.50623,1.00,1.00
2017.03.15 22:23:12.730,8.50181,8.50623,1.00,1.00
2017.03.15 22:23:13.210,8.50181,8.50616,1.00,1.00
2017.03.15 22:23:16.969,8.50181,8.50626,1.00,1.00
2017.03.15 22:23:18.825,8.50181,8.50612,1.00,1.00
2017.03.15 22:23:19.266,8.50181,8.50598,1.00,1.00
2017.03.15 22:23:19.865,8.50181,8.50596,1.00,1.00
2017.03.15 22:23:21.560,8.50181,8.50602,1.00,1.00
2017.03.15 22:23:22.815,8.50181,8.50613,1.00,1.00
2017.03.15 22:23:24.469,8.50181,8.50607,1.00,1.00
2017.03.15 22:23:26.156,8.50181,8.5061,1.00,1.00
2017.03.15 22:23:26.622,8.50181,8.5062,1.00,1.00
2017.03.15 22:23:30.981,8.50181,8.50611,1.00,1.00
2017.03.15 22:23:33.671,8.50181,8.50612,1.00,1.00
2017.03.15 22:23:34.681,8.50181,8.50608,1.00,1.00
2017.03.15 22:23:35.682,8.50181,8.50613,1.00,1.50
2017.03.15 22:23:37.293,8.50209,8.50613,1.00,1.00
2017.03.15 22:23:39.262,8.50209,8.50612,1.00,1.00
2017.03.15 22:23:39.364,8.50185,8.50609,1.00,1.00
2017.03.15 22:23:40.219,8.50185,8.50605,1.00,1.00
2017.03.15 22:23:40.987,8.50185,8.50612,1.00,1.00
2017.03.15 22:23:42.367,8.50185,8.50625,1.00,1.00
2017.03.15 22:23:42.759,8.50185,8.50616,1.00,1.00
2017.03.15 22:23:43.223,8.50185,8.50606,1.00,1.00
2017.03.15 22:23:44.538,8.50185,8.50622,1.00,1.00
2017.03.15 22:23:47.864,8.50185,8.50629,1.00,1.00
2017.03.15 22:23:49.040,8.50185,8.50627,1.00,1.00
2017.03.15 22:23:50.042,8.50185,8.50632,1.00,1.00
2017.03.15 22:23:53.154,8.50185,8.50628,1.00,1.00
2017.03.15 22:23:56.215,8.50185,8.50627,1.00,1.00
2017.03.15 22:23:57.213,8.50185,8.50637,1.00,1.00
2017.03.15 22:23:57.717,8.50185,8.50631,1.00,1.00
2017.03.15 22:23:58.022,8.50161,8.5059,1.00,1.00
2017.03.15 22:23:58.825,8.50161,8.50596,1.00,1.00
2017.03.15 22:23:59.494,8.50161,8.50585,1.00,1.00
2017.03.15 22:24:00.021,8.50161,8.50572,1.00,1.00
2017.03.15 22:24:00.159,8.50161,8.50579,1.00,1.00
2017.03.15 22:24:03.730,8.50161,8.50578,1.00,1.00
2017.03.15 22:24:10.241,8.50161,8.50603,1.00,1.00
2017.03.15 22:24:10.471,8.50187,8.50602,1.00,1.00
2017.03.15 22:24:11.117,8.50187,8.50603,1.00,1.00
2017.03.15 22:24:11.769,8.50187,8.50602,1.00,1.00
2017.03.15 22:24:12.100,8.50187,8.50581,1.00,1.00
2017.03.15 22:24:12.151,8.5015,8.50581,1.00,1.00
2017.03.15 22:24:12.270,8.50127,8.50581,1.00,1.00
2017.03.15 22:24:12.375,8.50127,8.50572,1.00,1.00
2017.03.15 22:24:12.744,8.50102,8.50572,1.00,1.00
2017.03.15 22:24:13.228,8.50102,8.50569,1.00,1.00
2017.03.15 22:24:17.616,8.50102,8.5056,1.00,1.00
2017.03.15 22:24:17.958,8.50102,8.50534,1.00,1.00
2017.03.15 22:24:18.185,8.50063,8.50512,1.00,1.00
2017.03.15 22:24:18.870,8.50063,8.50521,1.00,1.00
2017.03.15 22:24:19.872,8.50063,8.50525,1.00,1.00
2017.03.15 22:24:21.585,8.50096,8.50525,1.00,1.00
2017.03.15 22:24:22.674,8.50096,8.50535,1.00,1.00
2017.03.15 22:24:23.665,8.50096,8.50539,1.00,1.00
2017.03.15 22:24:26.275,8.50096,8.50541,1.00,1.00
2017.03.15 22:24:33.269,8.50096,8.50526,1.00,1.00
2017.03.15 22:24:33.574,8.50035,8.50457,1.00,1.00
2017.03.15 22:24:33.963,8.50005,8.50457,1.00,1.00
2017.03.15 22:24:34.381,8.50005,8.50441,1.00,1.00
2017.03.15 22:24:35.334,8.50005,8.50448,1.00,1.00
2017.03.15 22:24:36.756,8.50005,8.50465,1.00,1.00
2017.03.15 22:24:39.182,8.50032,8.50465,1.00,1.00
2017.03.15 22:24:41.305,8.50032,8.5047,1.00,1.00
2017.03.15 22:24:43.536,8.50032,8.50474,1.00,1.00
2017.03.15 22:24:44.244,8.50032,8.50453,1.00,1.00
2017.03.15 22:24:44.482,8.5,8.5043,1.00,1.00
2017.03.15 22:24:44.584,8.5,8.50437,1.00,1.00
2017.03.15 22:24:48.821,8.5,8.5044,1.00,1.00
2017.03.15 22:24:51.800,8.5,8.50453,1.00,1.00
2017.03.15 22:24:53.022,8.5,8.5046,1.00,1.00
2017.03.15 22:24:56.335,8.5,8.50457,1.00,1.00
2017.03.15 22:24:56.944,8.5,8.50446,1.00,1.00
2017.03.15 22:24:57.251,8.5,8.50434,1.00,1.00
2017.03.15 22:24:57.561,8.49971,8.50397,1.00,1.00
2017.03.15 22:24:58.388,8.49971,8.50401,1.00,1.00
2017.03.15 22:24:59.812,8.49971,8.50385,1.00,1.00
2017.03.15 22:25:01.320,8.49971,8.5039,1.00,1.00
2017.03.15 22:25:03.679,8.49971,8.50381,1.00,1.00
2017.03.15 22:25:03.859,8.49971,8.50386,1.00,1.00
2017.03.15 22:25:04.860,8.49971,8.50383,1.00,1.00
2017.03.15 22:25:05.436,8.49971,8.50396,1.00,1.00
2017.03.15 22:25:08.595,8.49971,8.50393,1.00,1.00
2017.03.15 22:25:08.646,8.4994,8.50393,1.00,1.00
2017.03.15 22:25:08.697,8.4994,8.50389,1.00,1.00
2017.03.15 22:25:10.178,8.4994,8.50386,1.00,1.00
2017.03.15 22:25:10.483,8.4994,8.50383,1.00,1.00
2017.03.15 22:25:11.191,8.4994,8.50378,1.00,1.00
2017.03.15 22:25:12.215,8.4994,8.50377,1.00,1.00
2017.03.15 22:25:12.531,8.4994,8.50365,1.00,1.00
2017.03.15 22:25:13.261,8.4994,8.5036,1.00,1.00
2017.03.15 22:25:18.878,8.4994,8.50359,1.00,1.00
2017.03.15 22:25:20.014,8.49913,8.50359,1.00,1.00
2017.03.15 22:25:21.800,8.49913,8.50371,1.00,1.00
2017.03.15 22:25:24.517,8.49913,8.50382,1.00,1.00
2017.03.15 22:25:24.740,8.49913,8.50391,1.00,1.00
2017.03.15 22:25:25.903,8.49913,8.50384,1.00,1.00
2017.03.15 22:25:26.393,8.49913,8.5037,1.00,1.00
2017.03.15 22:25:26.942,8.49913,8.50377,1.00,1.00
2017.03.15 22:25:33.908,8.49913,8.50376,1.00,1.00
2017.03.15 22:25:35.578,8.49913,8.50368,1.00,1.00
2017.03.15 22:25:36.019,8.49913,8.50343,1.00,1.00
2017.03.15 22:25:36.580,8.49913,8.50356,1.00,1.00
2017.03.15 22:25:39.251,8.49913,8.50369,1.00,1.00
2017.03.15 22:25:40.133,8.49913,8.5036,1.00,1.00
2017.03.15 22:25:40.234,8.49913,8.50367,1.00,1.00
2017.03.15 22:25:45.225,8.49913,8.50377,1.00,1.00
2017.03.15 22:25:45.276,8.49913,8.50373,1.00,1.00
2017.03.15 22:25:57.039,8.49913,8.50371,1.00,1.00
2017.03.15 22:25:57.455,8.49913,8.50375,1.00,1.00
2017.03.15 22:26:00.956,8.49913,8.50369,1.00,1.00
2017.03.15 22:26:01.286,8.49913,8.50372,1.00,1.00
2017.03.15 22:26:02.288,8.49913,8.50375,1.00,1.00
2017.03.15 22:26:03.307,8.49913,8.50366,1.00,1.00
2017.03.15 22:26:03.748,8.49913,8.50371,1.00,1.00
2017.03.15 22:26:05.747,8.49913,8.50364,1.00,1.00
2017.03.15 22:26:06.149,8.49913,8.50368,1.00,1.00
2017.03.15 22:26:07.211,8.49913,8.50355,1.00,1.00
2017.03.15 22:26:07.364,8.49913,8.50362,1.00,1.00
2017.03.15 22:26:08.149,8.49913,8.50353,1.00,1.00
2017.03.15 22:26:08.372,8.49913,8.50359,1.00,1.00
2017.03.15 22:26:13.376,8.49913,8.50363,1.00,1.00
2017.03.15 22:26:14.283,8.49913,8.50359,1.00,1.00
2017.03.15 22:26:16.342,8.49913,8.50354,1.00,1.00
2017.03.15 22:26:16.478,8.49913,8.50362,1.00,1.00
2017.03.15 22:26:17.131,8.49913,8.50373,1.00,1.00
2017.03.15 22:26:17.679,8.49913,8.50381,1.00,1.00
2017.03.15 22:26:17.780,8.49925,8.50396,1.00,1.00
2017.03.15 22:26:17.881,8.49945,8.50396,1.00,1.00
2017.03.15 22:26:18.206,8.49945,8.5038,1.00,1.00
2017.03.15 22:26:18.257,8.49913,8.5038,1.00,1.00
2017.03.15 22:26:19.134,8.49912,8.50376,1.00,1.00
2017.03.15 22:26:24.749,8.49912,8.50383,1.00,1.50
2017.03.15 22:26:24.800,8.49912,8.5038,1.00,1.00
2017.03.15 22:26:25.750,8.49912,8.50383,1.00,1.00
2017.03.15 22:26:27.312,8.49912,8.50401,1.00,1.00
2017.03.15 22:26:27.510,8.49912,8.50396,1.00,1.00
2017.03.15 22:26:30.187,8.49912,8.50392,1.00,1.00
2017.03.15 22:26:31.189,8.49912,8.50396,1.00,1.00
2017.03.15 22:26:33.489,8.49912,8.50392,1.00,1.00
2017.03.15 22:26:35.490,8.49912,8.50386,1.00,1.00
2017.03.15 22:26:36.491,8.49912,8.50392,1.00,1.00
2017.03.15 22:26:41.542,8.49912,8.50396,1.00,1.00
2017.03.15 22:26:45.483,8.49912,8.50403,1.00,1.00
2017.03.15 22:26:45.635,8.49967,8.50403,1.00,1.00
2017.03.15 22:26:47.266,8.49967,8.50418,1.00,1.00
2017.03.15 22:26:47.317,8.49967,8.50425,1.00,1.00
2017.03.15 22:26:48.720,8.49967,8.50406,1.00,1.00
2017.03.15 22:26:49.022,8.49967,8.50394,1.00,1.00
2017.03.15 22:26:49.425,8.49934,8.50394,1.00,1.00
2017.03.15 22:26:56.573,8.49934,8.50395,1.00,1.00
2017.03.15 22:27:11.603,8.49934,8.50391,1.00,1.00
2017.03.15 22:27:14.051,8.49934,8.50385,1.00,1.00
2017.03.15 22:27:17.768,8.49934,8.5039,1.00,1.00
2017.03.15 22:27:19.118,8.49934,8.50391,1.00,1.00
2017.03.15 22:27:23.156,8.49934,8.50403,1.00,1.00
2017.03.15 22:27:23.257,8.49934,8.50409,1.00,1.00
2017.03.15 22:27:23.308,8.49964,8.50414,1.00,1.00
2017.03.15 22:27:24.120,8.49964,8.50403,1.00,1.00
2017.03.15 22:27:25.113,8.49964,8.50414,1.00,1.00
2017.03.15 22:27:26.042,8.49964,8.50406,1.00,1.00
2017.03.15 22:27:26.632,8.49964,8.50411,1.00,1.00
2017.03.15 22:27:31.636,8.49964,8.50393,1.00,1.00
2017.03.15 22:27:31.812,8.49939,8.50393,1.00,1.00
2017.03.15 22:27:34.148,8.49939,8.50398,1.00,1.00
2017.03.15 22:27:41.662,8.49939,8.50399,1.00,1.00
2017.03.15 22:27:43.901,8.49939,8.50394,1.00,1.00
2017.03.15 22:27:44.858,8.49939,8.50392,1.00,1.00
2017.03.15 22:27:45.860,8.49939,8.50398,1.00,1.00
2017.03.15 22:27:48.263,8.49939,8.50386,1.00,1.00
2017.03.15 22:27:49.211,8.49939,8.50379,1.00,1.00
2017.03.15 22:27:51.550,8.49939,8.5038,1.00,1.00
2017.03.15 22:27:51.895,8.49939,8.50377,1.00,1.00
2017.03.15 22:27:56.692,8.49939,8.50378,1.00,1.00
2017.03.15 22:27:57.206,8.49939,8.50386,1.00,1.00
2017.03.15 22:27:58.711,8.49939,8.50389,1.00,1.00
2017.03.15 22:27:59.713,8.49939,8.50384,1.00,1.00
2017.03.15 22:28:01.186,8.49939,8.50393,1.00,1.00
2017.03.15 22:28:02.187,8.49939,8.50388,1.00,1.00
2017.03.15 22:28:04.207,8.49939,8.50389,1.00,1.00
2017.03.15 22:28:04.759,8.49939,8.50381,1.00,1.00
2017.03.15 22:28:05.762,8.49939,8.50385,1.00,1.00
2017.03.15 22:28:15.648,8.49939,8.50381,1.00,1.00
2017.03.15 22:28:16.651,8.49939,8.50383,1.00,1.00
2017.03.15 22:28:17.654,8.49939,8.50387,1.00,1.00
2017.03.15 22:28:20.745,8.49939,8.50392,1.00,1.00
2017.03.15 22:28:22.615,8.49939,8.50378,1.00,1.00
2017.03.15 22:28:23.130,8.49939,8.50388,1.00,1.00
2017.03.15 22:28:23.181,8.49939,8.50375,1.00,1.00
2017.03.15 22:28:23.618,8.49939,8.50386,1.00,1.00
2017.03.15 22:28:26.752,8.49939,8.50388,1.00,1.00
2017.03.15 22:28:27.048,8.49939,8.50382,1.00,1.00
2017.03.15 22:28:27.099,8.49939,8.5039,1.00,1.00
2017.03.15 22:28:31.897,8.49904,8.5039,1.00,1.00
2017.03.15 22:28:34.267,8.49904,8.50393,1.00,1.00
2017.03.15 22:28:35.267,8.49904,8.50394,1.00,1.00
2017.03.15 22:28:36.134,8.49904,8.50406,1.00,1.00
2017.03.15 22:28:36.185,8.49915,8.5042,1.00,1.00
2017.03.15 22:28:36.510,8.49916,8.5041,1.00,1.00
2017.03.15 22:28:36.896,8.49932,8.5041,1.00,1.00
2017.03.15 22:28:37.192,8.49933,8.50416,1.00,1.00
2017.03.15 22:28:37.513,8.49932,8.50426,1.00,1.00
2017.03.15 22:28:38.222,8.49933,8.50426,1.00,1.00
2017.03.15 22:28:38.515,8.49933,8.5042,1.00,1.00
2017.03.15 22:28:41.781,8.49933,8.50417,1.00,1.00
2017.03.15 22:28:42.880,8.49932,8.50417,1.00,1.00
2017.03.15 22:28:45.714,8.49933,8.50417,1.00,1.00
2017.03.15 22:28:48.208,8.49933,8.50405,1.00,1.00
2017.03.15 22:28:48.259,8.49888,8.50397,1.00,1.00
2017.03.15 22:28:48.410,8.49889,8.50384,1.00,1.00
2017.03.15 22:28:49.015,8.49888,8.50384,1.00,1.00
2017.03.15 22:28:49.213,8.49888,8.50392,1.00,1.00
2017.03.15 22:28:50.215,8.49888,8.50391,1.00,1.00
2017.03.15 22:28:51.255,8.49888,8.50385,1.00,1.00
2017.03.15 22:28:52.265,8.49899,8.50408,1.00,1.00
2017.03.15 22:28:52.841,8.499,8.50408,1.00,1.00
2017.03.15 22:28:56.182,8.499,8.50415,1.00,1.00
2017.03.15 22:28:56.233,8.49902,8.50408,1.00,1.00
2017.03.15 22:28:57.248,8.49902,8.50411,1.00,1.00
2017.03.15 22:28:59.862,8.49902,8.50407,1.00,1.00
2017.03.15 22:29:01.001,8.49902,8.5041,1.00,1.00
2017.03.15 22:29:02.154,8.49902,8.50423,1.00,1.00
2017.03.15 22:29:02.205,8.49902,8.50394,1.00,1.00
2017.03.15 22:29:02.882,8.49903,8.50394,1.00,1.00
2017.03.15 22:29:03.318,8.49903,8.50392,1.00,1.00
2017.03.15 22:29:04.327,8.49903,8.50391,1.00,1.00
2017.03.15 22:29:06.585,8.49903,8.50395,1.00,1.00
2017.03.15 22:29:06.992,8.49903,8.50423,1.00,1.00
2017.03.15 22:29:07.678,8.49924,8.50423,1.00,1.00
2017.03.15 22:29:13.618,8.49924,8.50433,1.00,1.00
2017.03.15 22:29:14.824,8.49924,8.50439,1.00,1.00
2017.03.15 22:29:17.306,8.49966,8.50449,1.00,1.00
2017.03.15 22:29:17.763,8.49992,8.50437,1.00,1.00
2017.03.15 22:29:18.360,8.49992,8.50446,1.00,1.00
2017.03.15 22:29:19.361,8.49992,8.50443,1.00,1.00
2017.03.15 22:29:20.811,8.49992,8.50438,1.00,1.00
2017.03.15 22:29:24.058,8.49992,8.50443,1.00,1.00
2017.03.15 22:29:25.060,8.49992,8.50437,1.00,1.00
2017.03.15 22:29:26.903,8.49992,8.50445,1.00,1.00
2017.03.15 22:29:28.193,8.49965,8.50445,1.00,1.00
2017.03.15 22:29:28.259,8.49965,8.50438,1.00,1.00
2017.03.15 22:29:34.387,8.49965,8.50435,1.00,1.00
2017.03.15 22:29:37.200,8.49965,8.50442,1.00,1.00
2017.03.15 22:29:38.166,8.49965,8.50441,1.00,1.00
2017.03.15 22:29:41.950,8.49965,8.50435,1.00,1.00
2017.03.15 22:29:47.148,8.49965,8.5044,1.00,1.00
2017.03.15 22:29:49.757,8.49965,8.50438,1.00,1.00
2017.03.15 22:29:56.947,8.49965,8.50431,1.00,1.00
2017.03.15 22:30:00.312,8.49965,8.50425,1.00,1.00
2017.03.15 22:30:00.363,8.49938,8.50425,1.00,1.00
2017.03.15 22:30:00.414,8.49938,8.50418,1.00,1.00
2017.03.15 22:30:00.890,8.49938,8.50412,1.00,1.00
2017.03.15 22:30:01.586,8.49938,8.50416,1.00,1.00
2017.03.15 22:30:02.563,8.49938,8.50417,1.00,1.00
2017.03.15 22:30:04.459,8.49938,8.50421,1.00,1.00
2017.03.15 22:30:05.814,8.49938,8.50425,1.00,1.00
2017.03.15 22:30:06.804,8.49938,8.5043,1.00,1.00
2017.03.15 22:30:07.803,8.49938,8.50425,1.00,1.00
2017.03.15 22:30:11.961,8.49938,8.50428,1.00,1.00
2017.03.15 22:30:12.756,8.49938,8.50421,1.00,1.00
2017.03.15 22:30:15.989,8.49938,8.50426,1.00,1.00
2017.03.15 22:30:21.165,8.49938,8.50431,1.00,1.00
2017.03.15 22:30:22.117,8.49938,8.50426,1.00,1.00
2017.03.15 22:30:26.062,8.49938,8.50421,1.00,1.00
2017.03.15 22:30:27.063,8.49938,8.5042,1.00,1.00
2017.03.15 22:30:28.067,8.49938,8.50424,1.00,1.00
2017.03.15 22:30:31.445,8.49938,8.5042,1.00,1.00
2017.03.15 22:30:32.445,8.49938,8.50421,1.00,1.00
2017.03.15 22:30:34.506,8.49938,8.50419,1.00,1.00
2017.03.15 22:30:35.509,8.49938,8.50415,1.00,1.00
2017.03.15 22:30:42.021,8.49938,8.50414,1.00,1.00
2017.03.15 22:30:43.489,8.49938,8.50419,1.00,1.00
2017.03.15 22:30:49.537,8.49938,8.50417,1.00,1.00
2017.03.15 22:30:57.220,8.49938,8.50412,1.00,1.00
2017.03.15 22:30:57.814,8.49938,8.50416,1.00,1.00
2017.03.15 22:31:01.289,8.49903,8.50416,1.00,1.00
2017.03.15 22:31:02.830,8.49903,8.50413,1.00,1.00
2017.03.15 22:31:07.979,8.49859,8.50382,1.50,1.00
2017.03.15 22:31:08.081,8.49905,8.50382,1.00,1.00
2017.03.15 22:31:08.300,8.49879,8.50382,1.00,1.00
2017.03.15 22:31:08.906,8.49879,8.50363,1.00,1.00
2017.03.15 22:31:09.247,8.49879,8.50356,1.00,1.00
2017.03.15 22:31:09.993,8.49879,8.50357,1.00,1.00
2017.03.15 22:31:12.082,8.49879,8.5036,1.00,1.00
2017.03.15 22:31:17.933,8.49879,8.50354,1.00,1.00
2017.03.15 22:31:18.245,8.49847,8.50317,1.00,1.00
2017.03.15 22:31:18.935,8.49847,8.50321,1.00,1.00
2017.03.15 22:31:19.522,8.49847,8.50332,1.00,1.00
2017.03.15 22:31:19.573,8.49847,8.50343,1.00,1.00
2017.03.15 22:31:19.624,8.49847,8.50321,1.00,1.00
2017.03.15 22:31:19.806,8.49821,8.50321,1.00,1.00
2017.03.15 22:31:20.281,8.49821,8.50342,1.00,1.00
2017.03.15 22:31:20.533,8.49821,8.50317,1.00,1.00
2017.03.15 22:31:20.685,8.49821,8.50325,1.00,1.00
2017.03.15 22:31:21.281,8.49821,8.50346,1.00,1.00
2017.03.15 22:31:22.010,8.49821,8.50335,1.00,1.00
2017.03.15 22:31:27.111,8.49821,8.50334,1.00,1.00
2017.03.15 22:31:30.819,8.49821,8.50328,1.00,1.00
2017.03.15 22:31:34.641,8.49821,8.50329,1.00,1.00
2017.03.15 22:31:57.171,8.49821,8.50331,1.00,1.00
2017.03.15 22:32:00.324,8.49821,8.50326,1.00,1.00
2017.03.15 22:32:00.895,8.49821,8.50316,1.00,1.00
2017.03.15 22:32:00.996,8.49821,8.5033,1.00,1.00
2017.03.15 22:32:01.317,8.49821,8.50346,1.00,1.00
2017.03.15 22:32:02.159,8.49821,8.50337,1.00,1.00
2017.03.15 22:32:02.641,8.49821,8.50325,1.00,1.00
2017.03.15 22:32:03.208,8.49821,8.50335,1.00,1.00
2017.03.15 22:32:04.161,8.49821,8.50339,1.00,1.00
2017.03.15 22:32:05.163,8.49821,8.50343,1.00,1.00
2017.03.15 22:32:06.350,8.49821,8.50339,1.00,1.00
2017.03.15 22:32:07.016,8.49821,8.50316,1.00,1.00
2017.03.15 22:32:07.221,8.49821,8.5034,1.00,1.00
2017.03.15 22:32:07.959,8.49821,8.50348,1.00,1.00
2017.03.15 22:32:08.931,8.49821,8.50354,1.00,1.00
2017.03.15 22:32:09.705,8.49821,8.50361,1.00,1.00
2017.03.15 22:32:09.756,8.4987,8.50361,1.00,1.00
2017.03.15 22:32:10.264,8.4987,8.50362,1.00,1.00
2017.03.15 22:32:10.676,8.4987,8.50321,1.00,1.00
2017.03.15 22:32:11.056,8.49839,8.5034,1.00,1.00
2017.03.15 22:32:11.798,8.49839,8.50349,1.00,1.00
2017.03.15 22:32:12.168,8.49839,8.5034,1.00,1.00
2017.03.15 22:32:13.161,8.49839,8.50344,1.00,1.00
2017.03.15 22:32:14.147,8.49839,8.5034,1.00,1.00
2017.03.15 22:32:15.149,8.49839,8.50344,1.00,1.00
2017.03.15 22:32:16.151,8.49839,8.50343,1.00,1.00
2017.03.15 22:32:17.175,8.49839,8.50339,1.00,1.00
2017.03.15 22:32:17.271,8.49839,8.50345,1.00,1.00
2017.03.15 22:32:22.918,8.49839,8.50357,1.00,1.00
2017.03.15 22:32:23.537,8.49839,8.50346,1.00,1.00
2017.03.15 22:32:23.922,8.49839,8.50337,1.00,1.00
2017.03.15 22:32:24.001,8.49839,8.50352,1.00,1.00
2017.03.15 22:32:24.920,8.49839,8.50343,1.00,1.00
2017.03.15 22:32:28.029,8.49839,8.50338,1.00,1.00
2017.03.15 22:32:29.031,8.49839,8.50343,1.00,1.00
2017.03.15 22:32:30.034,8.49839,8.50345,1.00,1.00
2017.03.15 22:32:34.746,8.49839,8.50346,1.00,1.00
2017.03.15 22:32:35.313,8.49839,8.50362,1.00,1.00
2017.03.15 22:32:35.364,8.49853,8.50363,1.00,1.00
2017.03.15 22:32:35.766,8.49877,8.50363,1.00,1.00
2017.03.15 22:32:36.810,8.49877,8.50354,1.00,1.00
2017.03.15 22:32:37.669,8.49877,8.50363,1.00,1.00
2017.03.15 22:32:37.962,8.49877,8.5037,1.00,1.00
2017.03.15 22:32:38.332,8.49877,8.50378,1.00,1.00
2017.03.15 22:32:39.309,8.49877,8.50373,1.00,1.00
2017.03.15 22:32:40.309,8.49877,8.50372,1.00,1.00
2017.03.15 22:32:41.411,8.49877,8.50379,1.00,1.00
2017.03.15 22:32:42.412,8.49877,8.50376,1.00,1.00
2017.03.15 22:32:46.205,8.49877,8.50373,1.00,1.00
2017.03.15 22:32:49.851,8.49877,8.50376,1.00,1.00
2017.03.15 22:32:50.922,8.49877,8.50364,1.00,1.00
2017.03.15 22:32:51.932,8.49877,8.50371,1.00,1.00
2017.03.15 22:32:58.318,8.49877,8.50367,1.00,1.00
2017.03.15 22:32:58.886,8.49877,8.5038,1.00,1.00
2017.03.15 22:32:58.988,8.49877,8.50368,1.00,1.00
2017.03.15 22:33:00.252,8.49877,8.50372,1.00,1.00
2017.03.15 22:33:01.252,8.49877,8.50373,1.00,1.00
2017.03.15 22:33:03.621,8.49877,8.5037,1.00,1.00
2017.03.15 22:33:04.622,8.49877,8.50368,1.00,1.00
2017.03.15 22:33:05.624,8.49877,8.50371,1.00,1.00
2017.03.15 22:33:06.626,8.49877,8.50366,1.00,1.00
2017.03.15 22:33:07.627,8.49877,8.50368,1.00,1.00
2017.03.15 22:33:09.548,8.49877,8.50372,1.00,1.00
2017.03.15 22:33:15.857,8.49877,8.50375,1.00,1.00
2017.03.15 22:33:19.015,8.49877,8.50364,1.00,1.00
2017.03.15 22:33:20.125,8.49877,8.5036,1.00,1.00
2017.03.15 22:33:22.446,8.49877,8.50363,1.00,1.00
2017.03.15 22:33:23.414,8.49877,8.50366,1.00,1.00
2017.03.15 22:33:28.600,8.49877,8.50361,1.00,1.00
2017.03.15 22:33:29.650,8.49877,8.50358,1.00,1.00
2017.03.15 22:33:29.701,8.49877,8.50365,1.00,1.00
2017.03.15 22:33:31.453,8.49877,8.5036,1.00,1.00
2017.03.15 22:33:32.455,8.49877,8.50359,1.00,1.00
2017.03.15 22:33:34.106,8.49877,8.50356,1.00,1.00
2017.03.15 22:33:35.231,8.49877,8.50371,1.00,1.00
2017.03.15 22:33:35.332,8.49877,8.5036,1.00,1.00
2017.03.15 22:33:36.003,8.49853,8.5036,1.00,1.00
2017.03.15 22:33:36.291,8.49853,8.50364,1.00,1.00
2017.03.15 22:33:37.685,8.49852,8.50364,1.00,1.00
2017.03.15 22:33:39.141,8.49852,8.50373,1.00,1.00
2017.03.15 22:33:39.192,8.49847,8.50393,3.00,1.00
2017.03.15 22:33:39.242,8.49927,8.50393,1.00,1.00
2017.03.15 22:33:40.143,8.49927,8.50389,1.00,1.00
2017.03.15 22:33:41.324,8.49927,8.50386,1.00,1.00
2017.03.15 22:33:42.380,8.49927,8.50389,1.00,1.00
2017.03.15 22:33:49.896,8.49927,8.50392,1.00,1.00
2017.03.15 22:33:57.410,8.49927,8.50393,1.00,1.00
2017.03.15 22:34:00.198,8.49927,8.50411,1.00,1.00
2017.03.15 22:34:00.249,8.49927,8.50399,1.00,1.00
2017.03.15 22:34:01.203,8.49927,8.50392,1.00,1.00
2017.03.15 22:34:04.925,8.49927,8.50394,1.00,1.00
2017.03.15 22:34:10.142,8.49927,8.50401,1.00,1.00
2017.03.15 22:34:11.142,8.49927,8.50396,1.00,1.00
2017.03.15 22:34:19.310,8.49927,8.50402,1.00,1.00
2017.03.15 22:34:19.440,8.49927,8.50413,1.00,1.00
2017.03.15 22:34:20.180,8.49927,8.50428,1.00,1.00
2017.03.15 22:34:20.281,8.49956,8.50429,1.00,1.00
2017.03.15 22:34:20.584,8.49925,8.50426,1.00,1.00
2017.03.15 22:34:21.163,8.49925,8.504,1.00,1.00
2017.03.15 22:34:22.236,8.49925,8.50396,1.00,1.00
2017.03.15 22:34:24.525,8.49925,8.50391,1.00,1.00
2017.03.15 22:34:29.310,8.49925,8.50396,1.00,1.00
2017.03.15 22:34:29.372,8.49925,8.5039,1.00,1.00
2017.03.15 22:34:29.473,8.49899,8.5039,1.00,1.00
2017.03.15 22:34:30.312,8.49899,8.50389,1.00,1.00
2017.03.15 22:34:33.350,8.49899,8.50384,1.00,1.00
2017.03.15 22:34:33.502,8.49858,8.50379,1.00,1.00
2017.03.15 22:34:34.116,8.49899,8.50379,1.00,1.00
2017.03.15 22:34:34.372,8.49899,8.50384,1.00,1.00
2017.03.15 22:34:35.152,8.49899,8.50406,1.00,1.00
2017.03.15 22:34:35.404,8.49899,8.50389,1.00,1.00
2017.03.15 22:34:36.374,8.49899,8.50388,1.00,1.00
2017.03.15 22:34:39.174,8.49899,8.50412,1.00,1.00
2017.03.15 22:34:40.145,8.49899,8.50418,1.00,1.00
2017.03.15 22:34:40.196,8.49899,8.50431,1.00,1.00
2017.03.15 22:34:40.297,8.49938,8.50431,1.00,1.00
2017.03.15 22:34:41.194,8.49938,8.50416,1.00,1.00
2017.03.15 22:34:42.500,8.49938,8.5042,1.00,1.00
2017.03.15 22:34:42.867,8.49938,8.50427,1.00,1.00
2017.03.15 22:34:43.192,8.49938,8.50457,1.00,1.00
2017.03.15 22:34:43.863,8.49938,8.50447,1.00,1.00
2017.03.15 22:34:45.057,8.49938,8.50442,1.00,1.00
2017.03.15 22:34:45.432,8.49938,8.50437,1.00,1.00
2017.03.15 22:34:45.765,8.49938,8.50423,1.00,1.00
2017.03.15 22:34:46.865,8.49938,8.50425,1.00,1.00
2017.03.15 22:34:47.860,8.49938,8.5043,1.00,1.00
2017.03.15 22:34:50.355,8.49938,8.50427,1.00,1.00
2017.03.15 22:34:51.035,8.49938,8.50421,1.00,1.00
2017.03.15 22:34:51.515,8.49938,8.5041,1.00,1.00
2017.03.15 22:34:55.727,8.49938,8.50427,1.00,1.00
2017.03.15 22:34:55.778,8.49938,8.50439,1.00,1.00
2017.03.15 22:34:55.886,8.49938,8.50431,1.00,1.00
2017.03.15 22:34:56.681,8.49938,8.50429,1.00,1.00
2017.03.15 22:34:57.683,8.49938,8.50432,1.00,1.00
2017.03.15 22:34:58.442,8.49938,8.50442,1.00,1.00
2017.03.15 22:35:01.840,8.49938,8.50447,1.00,1.00
2017.03.15 22:35:02.841,8.49938,8.5045,1.00,1.00
2017.03.15 22:35:12.563,8.49938,8.50452,1.00,1.00
2017.03.15 22:35:18.488,8.49938,8.50436,1.00,1.00
2017.03.15 22:35:18.597,8.49938,8.50444,1.00,1.00
2017.03.15 22:35:19.597,8.49938,8.5045,1.00,1.00
2017.03.15 22:35:27.815,8.49938,8.5046,1.00,1.00
2017.03.15 22:35:27.866,8.49938,8.50471,1.00,1.00
2017.03.15 22:35:28.141,8.49938,8.50451,1.00,1.00
2017.03.15 22:35:29.118,8.49938,8.50447,1.00,1.00
2017.03.15 22:35:31.334,8.49938,8.50455,1.00,1.00
2017.03.15 22:35:31.385,8.49938,8.50471,1.00,1.00
2017.03.15 22:35:31.486,8.50002,8.50471,1.00,1.00
2017.03.15 22:35:32.185,8.50002,8.50453,1.00,1.00
2017.03.15 22:35:32.404,8.50002,8.50461,1.00,1.00
2017.03.15 22:35:33.421,8.50002,8.50458,1.00,1.00
2017.03.15 22:35:34.407,8.50002,8.50456,1.00,1.00
2017.03.15 22:35:35.409,8.50002,8.50458,1.00,1.00
2017.03.15 22:35:38.084,8.50002,8.50466,1.00,1.00
2017.03.15 22:35:42.623,8.50002,8.5047,1.00,1.00
2017.03.15 22:35:46.522,8.50002,8.50477,1.00,1.00
2017.03.15 22:35:46.574,8.50002,8.50486,1.00,1.00
2017.03.15 22:35:46.625,8.50002,8.50498,1.00,1.00
2017.03.15 22:35:46.751,8.50002,8.50477,1.00,1.00
2017.03.15 22:35:47.653,8.50002,8.50451,1.00,1.00
2017.03.15 22:35:47.805,8.49975,8.50434,1.00,1.00
2017.03.15 22:35:47.916,8.49975,8.50412,1.00,1.00
2017.03.15 22:35:47.967,8.49942,8.50412,1.00,1.00
2017.03.15 22:35:48.769,8.49942,8.50404,1.00,1.00
2017.03.15 22:35:50.138,8.49942,8.50407,1.00,1.00
2017.03.15 22:35:54.144,8.49942,8.50428,1.00,1.00
2017.03.15 22:35:54.195,8.49942,8.50425,1.00,1.00
2017.03.15 22:35:54.617,8.49942,8.50423,1.00,1.00
2017.03.15 22:35:55.162,8.49942,8.50431,1.00,1.00
2017.03.15 22:35:56.165,8.49942,8.50443,1.00,1.00
2017.03.15 22:35:56.266,8.49942,8.50421,1.00,1.00
2017.03.15 22:35:57.197,8.49942,8.50442,1.00,1.00
2017.03.15 22:35:57.299,8.49945,8.50442,1.00,1.00
2017.03.15 22:35:58.184,8.49945,8.50447,1.00,1.00
2017.03.15 22:35:59.666,8.49945,8.50459,1.00,1.00
2017.03.15 22:36:01.712,8.49945,8.50417,1.00,1.00
2017.03.15 22:36:01.922,8.49915,8.50417,1.00,1.00
2017.03.15 22:36:02.550,8.49917,8.50417,1.00,1.00
2017.03.15 22:36:02.891,8.49955,8.5044,1.00,1.00
2017.03.15 22:36:03.665,8.49955,8.50445,1.00,1.00
2017.03.15 22:36:08.737,8.49955,8.5045,1.00,1.00
2017.03.15 22:36:08.821,8.49955,8.50469,1.00,1.00
2017.03.15 22:36:08.893,8.49955,8.5045,1.00,1.00
2017.03.15 22:36:10.462,8.49955,8.50455,1.00,1.00
2017.03.15 22:36:10.513,8.49955,8.50472,1.00,1.00
2017.03.15 22:36:11.457,8.49955,8.50465,1.00,1.00
2017.03.15 22:36:12.156,8.49955,8.50455,1.00,1.00
2017.03.15 22:36:12.682,8.49955,8.50461,1.00,1.00
2017.03.15 22:36:13.510,8.49955,8.50475,1.00,1.00
2017.03.15 22:36:14.142,8.49955,8.50465,1.00,1.00
2017.03.15 22:36:14.477,8.49955,8.50459,1.00,1.00
2017.03.15 22:36:15.226,8.49955,8.50468,1.00,1.00
2017.03.15 22:36:16.145,8.49955,8.50473,1.00,1.00
2017.03.15 22:36:17.146,8.49955,8.50472,1.00,1.00
2017.03.15 22:36:17.384,8.49955,8.50464,1.00,1.00
2017.03.15 22:36:18.171,8.49955,8.50472,1.00,1.00
2017.03.15 22:36:19.107,8.49955,8.50461,1.00,1.00
2017.03.15 22:36:19.527,8.49955,8.50478,1.00,1.00
2017.03.15 22:36:20.527,8.49955,8.50477,1.00,1.00
2017.03.15 22:36:27.738,8.49955,8.5047,1.00,1.00
2017.03.15 22:36:31.585,8.49955,8.50472,1.00,1.00
2017.03.15 22:36:34.575,8.49955,8.50507,1.00,1.00
2017.03.15 22:36:34.625,8.5001,8.50507,1.00,1.00
2017.03.15 22:36:34.928,8.50042,8.50507,1.00,1.00
2017.03.15 22:36:35.581,8.50042,8.50515,1.00,1.00
2017.03.15 22:36:35.858,8.50042,8.50521,1.00,1.00
2017.03.15 22:36:35.909,8.50042,8.50526,1.00,1.00
2017.03.15 22:36:39.571,8.50042,8.50534,1.00,1.00
2017.03.15 22:36:40.582,8.50042,8.50536,1.00,1.00
2017.03.15 22:36:42.269,8.50042,8.50519,1.00,1.00
2017.03.15 22:36:42.532,8.50042,8.50538,1.00,1.00
2017.03.15 22:36:43.284,8.50042,8.50532,1.00,1.00
2017.03.15 22:36:43.538,8.50042,8.50543,1.00,1.00
2017.03.15 22:36:43.690,8.50042,8.50563,1.00,1.00
2017.03.15 22:36:43.741,8.50074,8.50563,1.00,1.00
2017.03.15 22:36:44.111,8.50074,8.5054,1.00,1.00
2017.03.15 22:36:44.496,8.50074,8.50538,1.00,1.00
2017.03.15 22:36:45.497,8.50074,8.50543,1.00,1.00
2017.03.15 22:36:45.775,8.50074,8.50536,1.00,1.00
2017.03.15 22:36:46.818,8.50074,8.50541,1.00,1.00
2017.03.15 22:36:50.258,8.50074,8.50543,1.00,1.00
2017.03.15 22:36:51.258,8.50074,8.50544,1.00,1.00
2017.03.15 22:36:52.014,8.50074,8.50557,1.00,1.00
2017.03.15 22:36:52.115,8.50074,8.50564,1.00,1.00
2017.03.15 22:36:52.266,8.50074,8.50541,1.00,1.00
2017.03.15 22:36:53.189,8.50074,8.50551,1.00,1.00
2017.03.15 22:36:56.198,8.50074,8.50558,1.00,1.00
2017.03.15 22:36:56.299,8.50074,8.50565,1.00,1.00
2017.03.15 22:36:57.060,8.50074,8.50554,1.00,1.00
2017.03.15 22:36:57.862,8.50074,8.50564,1.00,1.00
2017.03.15 22:36:57.965,8.50092,8.50576,1.00,1.00
2017.03.15 22:36:58.351,8.50092,8.50574,1.00,1.00
2017.03.15 22:36:59.571,8.50092,8.50587,1.00,1.00
2017.03.15 22:36:59.672,8.50124,8.50587,1.00,1.00
2017.03.15 22:37:00.527,8.50124,8.50582,1.00,1.00
2017.03.15 22:37:02.746,8.50124,8.50589,1.00,1.00
2017.03.15 22:37:05.287,8.50124,8.5059,1.00,1.00
2017.03.15 22:37:06.288,8.50124,8.50585,1.00,1.00
2017.03.15 22:37:08.812,8.50124,8.5058,1.00,1.00
2017.03.15 22:37:08.913,8.50124,8.50583,1.00,1.00
2017.03.15 22:37:12.802,8.50124,8.50587,1.00,1.00
2017.03.15 22:37:14.581,8.50124,8.50604,1.00,1.00
2017.03.15 22:37:14.631,8.50124,8.50593,1.00,1.00
2017.03.15 22:37:15.075,8.50124,8.50577,1.00,1.00
2017.03.15 22:37:15.569,8.50124,8.5058,1.00,1.00
2017.03.15 22:37:16.329,8.50124,8.50586,1.00,1.00
2017.03.15 22:37:19.580,8.50124,8.50598,1.00,1.00
2017.03.15 22:37:20.658,8.50124,8.50597,1.00,1.00
2017.03.15 22:37:21.964,8.50124,8.50603,1.00,1.00
2017.03.15 22:37:22.051,8.50124,8.50597,1.00,1.00
2017.03.15 22:37:27.832,8.50124,8.50599,1.00,1.00
2017.03.15 22:37:29.691,8.50124,8.50603,1.00,1.00
2017.03.15 22:37:30.692,8.50124,8.50598,1.00,1.00
2017.03.15 22:37:34.610,8.50124,8.50592,1.00,1.00
2017.03.15 22:37:35.613,8.50124,8.50589,1.00,1.00
2017.03.15 22:37:36.615,8.50124,8.50585,1.00,1.00
2017.03.15 22:37:36.717,8.50124,8.50592,1.00,1.00
2017.03.15 22:37:37.627,8.50124,8.50585,1.00,1.00
2017.03.15 22:37:38.170,8.50124,8.50594,1.00,1.00
2017.03.15 22:37:39.146,8.50124,8.50596,1.00,1.00
2017.03.15 22:37:39.974,8.50124,8.50588,1.00,1.00
2017.03.15 22:37:40.962,8.50124,8.50592,1.00,1.00
2017.03.15 22:37:42.484,8.50124,8.50605,1.00,1.00
2017.03.15 22:37:42.702,8.50124,8.50616,1.00,1.00
2017.03.15 22:37:46.638,8.50124,8.50595,1.00,1.00
2017.03.15 22:37:47.011,8.50124,8.50583,1.00,1.00
2017.03.15 22:37:50.102,8.50124,8.50587,1.00,1.00
2017.03.15 22:37:50.153,8.50124,8.50597,1.00,1.00
2017.03.15 22:37:50.204,8.50124,8.50608,1.00,1.00
2017.03.15 22:37:51.104,8.50124,8.50622,1.00,1.00
2017.03.15 22:37:53.172,8.50124,8.5063,1.00,1.00
2017.03.15 22:37:54.657,8.50124,8.50626,1.00,1.00
2017.03.15 22:37:57.892,8.50124,8.50625,1.00,1.00
2017.03.15 22:38:00.202,8.5012,8.50625,1.00,1.00
2017.03.15 22:38:01.160,8.5012,8.50629,1.00,1.00
2017.03.15 22:38:01.406,8.50121,8.50631,1.00,1.00
2017.03.15 22:38:01.922,8.5012,8.50631,1.00,1.00
2017.03.15 22:38:02.379,8.5012,8.50625,1.00,1.00
2017.03.15 22:38:02.950,8.5012,8.50631,1.00,1.00
2017.03.15 22:38:03.586,8.5012,8.50624,1.00,1.00
2017.03.15 22:38:03.951,8.5012,8.50617,1.00,1.00
2017.03.15 22:38:04.810,8.50121,8.50617,1.00,1.00
2017.03.15 22:38:05.407,8.50121,8.50619,1.00,1.00
2017.03.15 22:38:06.409,8.50121,8.50621,1.00,1.00
2017.03.15 22:38:07.409,8.50121,8.50623,1.00,1.00
2017.03.15 22:38:15.238,8.50121,8.50617,1.00,1.00
2017.03.15 22:38:16.239,8.50121,8.50622,1.00,1.00
2017.03.15 22:38:18.016,8.501,8.50656,1.00,1.00
2017.03.15 22:38:18.067,8.50162,8.50656,1.00,1.00
2017.03.15 22:38:18.168,8.50162,8.50677,1.00,1.00
2017.03.15 22:38:18.307,8.50201,8.50677,1.00,1.00
2017.03.15 22:38:19.081,8.50201,8.50668,1.00,1.00
2017.03.15 22:38:19.515,8.50201,8.50658,1.00,1.00
2017.03.15 22:38:20.622,8.50201,8.50664,1.00,1.00
2017.03.15 22:38:22.462,8.50201,8.50656,1.00,1.00
2017.03.15 22:38:24.265,8.50201,8.50662,1.00,1.00
2017.03.15 22:38:26.224,8.50201,8.50668,1.00,1.00
2017.03.15 22:38:27.166,8.50201,8.50661,1.00,1.00
2017.03.15 22:38:27.911,8.50201,8.50667,1.00,1.00
2017.03.15 22:38:27.962,8.50201,8.50681,1.00,1.00
2017.03.15 22:38:28.333,8.50201,8.50669,1.00,1.00
2017.03.15 22:38:29.322,8.50201,8.50672,1.00,1.00
2017.03.15 22:38:29.698,8.50201,8.50681,1.00,1.00
2017.03.15 22:38:31.441,8.50201,8.5067,1.00,1.00
2017.03.15 22:38:32.634,8.50201,8.5066,1.00,1.00
2017.03.15 22:38:33.635,8.50201,8.50661,1.00,1.00
2017.03.15 22:38:35.467,8.50201,8.5066,1.00,1.00
2017.03.15 22:38:36.340,8.50201,8.50667,1.00,1.00
2017.03.15 22:38:37.318,8.50201,8.5066,1.00,1.00
2017.03.15 22:38:38.044,8.50201,8.50669,1.00,1.00
2017.03.15 22:38:40.158,8.50201,8.5066,1.00,1.00
2017.03.15 22:38:40.950,8.50201,8.50668,1.00,1.00
2017.03.15 22:38:41.404,8.50201,8.50659,1.00,1.00
2017.03.15 22:38:42.111,8.50201,8.50669,1.00,1.00
2017.03.15 22:38:43.112,8.50201,8.50664,1.00,1.00
2017.03.15 22:38:44.134,8.50201,8.50659,1.00,1.00
2017.03.15 22:38:45.136,8.50201,8.50664,1.00,1.00
2017.03.15 22:38:46.137,8.50201,8.50665,1.00,1.00
2017.03.15 22:38:46.902,8.50201,8.50646,1.00,1.00
2017.03.15 22:38:47.054,8.5017,8.50634,1.00,1.00
2017.03.15 22:38:47.219,8.5017,8.50615,1.00,1.00
2017.03.15 22:38:47.836,8.50139,8.50615,1.00,1.00
2017.03.15 22:38:47.887,8.50139,8.50611,1.00,1.00
2017.03.15 22:38:53.171,8.50139,8.50622,1.00,1.00
2017.03.15 22:38:54.162,8.50139,8.50623,1.00,1.00
2017.03.15 22:38:55.442,8.50139,8.50615,1.00,1.00
2017.03.15 22:38:58.011,8.50139,8.50614,1.00,1.00
2017.03.15 22:38:58.172,8.50139,8.5062,1.00,1.00
2017.03.15 22:38:59.138,8.50139,8.50626,1.00,1.00
2017.03.15 22:39:05.527,8.50139,8.50623,1.00,1.00
2017.03.15 22:39:09.882,8.50139,8.50629,1.00,1.00
2017.03.15 22:39:10.291,8.50139,8.50622,1.00,1.00
2017.03.15 22:39:11.318,8.50139,8.5062,1.00,1.00
2017.03.15 22:39:13.991,8.50139,8.50624,1.00,1.00
2017.03.15 22:39:15.003,8.50139,8.50616,1.00,1.00
2017.03.15 22:39:15.969,8.50139,8.5062,1.00,1.00
2017.03.15 22:39:16.976,8.50139,8.50619,1.00,1.00
2017.03.15 22:39:17.971,8.50139,8.50624,1.00,1.00
2017.03.15 22:39:19.787,8.50139,8.50634,1.00,1.00
2017.03.15 22:39:32.978,8.50139,8.50609,1.00,1.00
2017.03.15 22:39:33.282,8.50139,8.5059,1.00,1.00
2017.03.15 22:39:34.007,8.50139,8.50605,1.00,1.00
2017.03.15 22:39:34.238,8.50139,8.5061,1.00,1.00
2017.03.15 22:39:34.541,8.50139,8.50612,1.00,1.00
2017.03.15 22:39:35.543,8.50139,8.50614,1.00,1.00
2017.03.15 22:39:36.544,8.50139,8.50612,1.00,1.00
2017.03.15 22:39:38.171,8.50139,8.50632,1.00,1.00
2017.03.15 22:39:38.222,8.50139,8.50628,1.00,1.00
2017.03.15 22:39:39.137,8.50139,8.50621,1.00,1.00
2017.03.15 22:39:40.379,8.50139,8.50627,1.00,1.00
2017.03.15 22:39:43.102,8.50139,8.50634,1.00,1.00
2017.03.15 22:39:45.106,8.50139,8.50643,1.00,1.00
2017.03.15 22:39:45.651,8.50139,8.50629,1.00,1.00
2017.03.15 22:39:46.441,8.50139,8.50639,1.00,1.00
2017.03.15 22:39:47.866,8.50123,8.50634,1.00,1.00
2017.03.15 22:39:49.441,8.50109,8.50617,1.00,1.00
2017.03.15 22:39:49.543,8.50087,8.50605,1.00,1.00
2017.03.15 22:39:50.068,8.50086,8.50605,1.00,1.00
2017.03.15 22:39:50.481,8.50086,8.506,1.00,1.00
2017.03.15 22:39:51.483,8.50086,8.50605,1.00,1.00
2017.03.15 22:39:53.720,8.50105,8.50626,1.00,1.00
2017.03.15 22:39:53.821,8.50145,8.50626,1.00,1.00
2017.03.15 22:39:53.923,8.50113,8.50601,1.00,1.00
2017.03.15 22:39:54.663,8.50113,8.5063,1.00,1.00
2017.03.15 22:39:54.714,8.50145,8.5063,1.00,1.00
2017.03.15 22:39:54.765,8.50145,8.50652,1.00,1.00
2017.03.15 22:39:54.866,8.50145,8.50648,1.00,1.00
2017.03.15 22:39:55.830,8.50145,8.50663,1.00,1.00
2017.03.15 22:39:56.032,8.50178,8.50646,1.00,1.00
2017.03.15 22:39:56.788,8.50178,8.50649,1.00,1.00
2017.03.15 22:39:57.456,8.50178,8.50639,1.00,1.00
2017.03.15 22:39:57.608,8.50146,8.50613,1.00,1.00
2017.03.15 22:39:58.426,8.50146,8.50626,1.00,1.00
2017.03.15 22:39:58.628,8.50146,8.50604,1.00,1.00
2017.03.15 22:40:02.031,8.50146,8.50613,1.00,1.00
2017.03.15 22:40:02.497,8.50146,8.5062,1.00,1.00
2017.03.15 22:40:02.957,8.50146,8.50609,1.00,1.00
2017.03.15 22:40:03.319,8.50146,8.5062,1.00,1.00
2017.03.15 22:40:03.966,8.50146,8.50603,1.00,1.00
2017.03.15 22:40:04.118,8.50101,8.50566,1.00,1.00
2017.03.15 22:40:04.371,8.50101,8.50545,1.00,1.00
2017.03.15 22:40:05.031,8.50101,8.50551,1.00,1.00
2017.03.15 22:40:05.082,8.50101,8.50535,1.00,1.00
2017.03.15 22:40:05.134,8.50069,8.5053,1.00,1.00
2017.03.15 22:40:05.336,8.50069,8.5054,1.00,1.00
2017.03.15 22:40:05.589,8.50069,8.50503,1.00,1.00
2017.03.15 22:40:05.640,8.50037,8.50503,1.00,1.00
2017.03.15 22:40:05.742,8.49997,8.50503,1.00,1.00
2017.03.15 22:40:05.920,8.49997,8.50474,1.00,1.00
2017.03.15 22:40:06.433,8.49997,8.50489,1.00,1.00
2017.03.15 22:40:06.585,8.49997,8.50471,1.00,1.00
2017.03.15 22:40:06.904,8.49997,8.5046,1.00,1.00
2017.03.15 22:40:07.886,8.49997,8.50465,1.00,1.00
2017.03.15 22:40:13.173,8.49997,8.50466,1.00,1.00
2017.03.15 22:40:15.067,8.49997,8.50448,1.00,1.00
2017.03.15 22:40:15.168,8.49967,8.50441,1.00,1.00
2017.03.15 22:40:15.269,8.49967,8.50421,1.00,1.00
2017.03.15 22:40:15.320,8.49967,8.50438,1.00,1.00
2017.03.15 22:40:16.251,8.49967,8.50431,1.00,1.00
2017.03.15 22:40:17.258,8.49967,8.50425,1.00,1.00
2017.03.15 22:40:17.566,8.49967,8.50417,1.00,1.00
2017.03.15 22:40:18.566,8.49967,8.50422,1.00,1.00
2017.03.15 22:40:19.099,8.49967,8.5041,1.00,1.00
2017.03.15 22:40:19.429,8.49935,8.5041,1.00,1.00
2017.03.15 22:40:19.480,8.49935,8.50395,1.00,1.00
2017.03.15 22:40:20.222,8.49935,8.50426,1.00,1.00
2017.03.15 22:40:21.001,8.49935,8.50419,1.00,1.00
2017.03.15 22:40:21.979,8.49935,8.50415,1.00,1.00
2017.03.15 22:40:25.483,8.49935,8.50398,1.00,1.00
2017.03.15 22:40:25.635,8.49894,8.50373,1.00,1.00
2017.03.15 22:40:25.944,8.49894,8.50395,1.00,1.00
2017.03.15 22:40:26.095,8.49894,8.50359,1.00,1.00
2017.03.15 22:40:26.550,8.49894,8.5035,1.00,1.00
2017.03.15 22:40:27.029,8.49894,8.50379,1.00,1.00
2017.03.15 22:40:27.768,8.49894,8.50372,1.00,1.00
2017.03.15 22:40:28.630,8.49894,8.50385,1.00,1.00
2017.03.15 22:40:28.782,8.49894,8.50392,1.00,1.00
2017.03.15 22:40:28.833,8.49927,8.50392,1.00,1.00
2017.03.15 22:40:29.765,8.49927,8.504,1.00,1.00
2017.03.15 22:40:31.175,8.49927,8.50428,1.00,1.00
2017.03.15 22:40:32.132,8.49927,8.50419,1.00,1.00
2017.03.15 22:40:34.096,8.49927,8.50404,1.00,1.00
2017.03.15 22:40:34.265,8.49927,8.50407,1.00,1.00
2017.03.15 22:40:35.173,8.49927,8.50398,1.00,1.00
2017.03.15 22:40:36.175,8.49927,8.50396,1.00,1.00
2017.03.15 22:40:38.661,8.49927,8.5038,1.00,1.00
2017.03.15 22:40:38.919,8.49889,8.50347,1.00,1.00
2017.03.15 22:40:39.020,8.49861,8.50347,1.00,1.00
2017.03.15 22:40:39.649,8.49861,8.50341,1.00,1.00
2017.03.15 22:40:41.104,8.49861,8.50336,1.00,1.00
2017.03.15 22:40:41.389,8.49828,8.50308,1.00,1.00
2017.03.15 22:40:41.603,8.49828,8.5034,1.00,1.00
2017.03.15 22:40:41.653,8.4986,8.503,1.00,1.00
2017.03.15 22:40:41.755,8.4982,8.503,1.00,1.00
2017.03.15 22:40:42.161,8.4982,8.50283,1.00,1.00
2017.03.15 22:40:42.564,8.4982,8.50278,1.00,1.00
2017.03.15 22:40:42.801,8.4982,8.503,1.00,1.00
2017.03.15 22:40:43.238,8.4982,8.5031,1.00,1.00
2017.03.15 22:40:43.811,8.4982,8.50299,1.00,1.00
2017.03.15 22:40:44.286,8.4982,8.50289,1.00,1.00
2017.03.15 22:40:44.387,8.4982,8.50295,1.00,1.00
2017.03.15 22:40:45.384,8.4982,8.5029,1.00,1.00
2017.03.15 22:40:45.768,8.49785,8.50276,1.00,1.00
2017.03.15 22:40:45.920,8.49785,8.50287,1.00,1.00
2017.03.15 22:40:45.970,8.49818,8.50287,1.00,1.00
2017.03.15 22:40:46.865,8.49818,8.50294,1.00,1.00
2017.03.15 22:40:50.564,8.49818,8.50287,1.00,1.00
2017.03.15 22:40:50.615,8.49818,8.50297,1.00,1.00
2017.03.15 22:40:50.815,8.49818,8.50285,1.00,1.00
2017.03.15 22:40:51.574,8.49818,8.50294,1.00,1.00
2017.03.15 22:40:53.907,8.49818,8.50302,1.00,1.00
2017.03.15 22:40:53.958,8.49818,8.50309,1.00,1.00
2017.03.15 22:40:54.070,8.49818,8.50296,1.00,1.00
2017.03.15 22:40:54.921,8.49818,8.50291,1.00,1.00
2017.03.15 22:41:00.327,8.49818,8.50303,1.00,1.00
2017.03.15 22:41:02.141,8.49818,8.50307,1.00,1.00
2017.03.15 22:41:02.379,8.49818,8.50291,1.00,1.00
2017.03.15 22:41:03.170,8.49818,8.50304,1.00,1.00
2017.03.15 22:41:04.132,8.49818,8.5031,1.00,1.00
2017.03.15 22:41:04.450,8.49818,8.50301,1.00,1.00
2017.03.15 22:41:05.134,8.49818,8.50294,1.00,1.00
2017.03.15 22:41:06.135,8.49818,8.50292,1.00,1.00
2017.03.15 22:41:08.555,8.49818,8.50305,1.00,1.00
2017.03.15 22:41:09.531,8.49818,8.50309,1.00,1.00
2017.03.15 22:41:11.178,8.49818,8.50305,1.00,1.00
2017.03.15 22:41:11.683,8.49818,8.50304,1.00,1.00
2017.03.15 22:41:12.187,8.49818,8.50297,1.00,1.00
2017.03.15 22:41:13.284,8.49818,8.50296,1.00,1.00
2017.03.15 22:41:14.787,8.49818,8.503,1.00,1.00
2017.03.15 22:41:14.901,8.49818,8.5032,1.00,1.00
2017.03.15 22:41:15.125,8.49848,8.5032,1.00,1.00
2017.03.15 22:41:15.378,8.49818,8.50317,1.00,1.00
2017.03.15 22:41:15.581,8.49848,8.50317,1.00,1.00
2017.03.15 22:41:15.881,8.49848,8.50328,1.00,1.00
2017.03.15 22:41:16.386,8.49848,8.50338,1.00,1.00
2017.03.15 22:41:17.048,8.49848,8.50334,1.00,1.00
2017.03.15 22:41:18.013,8.49848,8.5033,1.00,1.00
2017.03.15 22:41:19.016,8.49848,8.50334,1.00,1.00
2017.03.15 22:41:19.318,8.49848,8.50326,1.00,1.00
2017.03.15 22:41:20.319,8.49848,8.50322,1.00,1.00
2017.03.15 22:41:21.343,8.49848,8.50323,1.00,1.00
2017.03.15 22:41:27.193,8.49848,8.50333,1.00,1.00
2017.03.15 22:41:27.304,8.49848,8.50324,1.00,1.00
2017.03.15 22:41:27.355,8.49848,8.50337,1.00,1.00
2017.03.15 22:41:27.811,8.49879,8.50337,1.00,1.00
2017.03.15 22:41:28.176,8.49879,8.50349,1.00,1.00
2017.03.15 22:41:30.478,8.49879,8.50355,1.00,1.00
2017.03.15 22:41:31.312,8.49879,8.50362,1.00,1.00
2017.03.15 22:41:31.439,8.49879,8.50373,1.00,1.00
2017.03.15 22:41:31.826,8.49879,8.50381,1.00,1.00
2017.03.15 22:41:32.433,8.49879,8.5037,1.00,1.00
2017.03.15 22:41:33.020,8.49879,8.50354,1.00,1.00
2017.03.15 22:41:35.592,8.49879,8.50368,1.00,1.00
2017.03.15 22:41:36.543,8.49879,8.50363,1.00,1.00
2017.03.15 22:41:42.394,8.49879,8.50369,1.00,1.00
2017.03.15 22:41:43.231,8.49879,8.50378,1.00,1.00
2017.03.15 22:41:43.688,8.49879,8.50382,1.00,1.00
2017.03.15 22:41:43.804,8.49879,8.50404,1.00,1.00
2017.03.15 22:41:44.050,8.49916,8.50404,1.00,1.00
2017.03.15 22:41:44.932,8.49916,8.5041,1.00,1.00
2017.03.15 22:41:51.860,8.49916,8.50411,1.00,1.00
2017.03.15 22:41:52.861,8.49916,8.50415,1.00,1.00
2017.03.15 22:41:58.374,8.49916,8.50421,1.00,1.00
2017.03.15 22:42:03.177,8.49916,8.50422,1.00,1.00
2017.03.15 22:42:03.278,8.49948,8.50422,1.00,1.00
2017.03.15 22:42:03.438,8.49948,8.50436,1.00,1.00
2017.03.15 22:42:04.183,8.49948,8.5045,1.00,1.00
2017.03.15 22:42:05.136,8.49948,8.50455,1.00,1.00
2017.03.15 22:42:06.139,8.49948,8.50457,1.00,1.00
2017.03.15 22:42:07.139,8.49948,8.50455,1.00,1.00
2017.03.15 22:42:07.294,8.49948,8.50466,1.00,1.00
2017.03.15 22:42:07.345,8.49979,8.50466,1.00,1.00
2017.03.15 22:42:08.288,8.49979,8.50455,1.00,1.00
2017.03.15 22:42:08.866,8.49979,8.50472,1.00,1.00
2017.03.15 22:42:09.281,8.49979,8.5048,1.00,1.00
2017.03.15 22:42:09.921,8.49979,8.50489,1.00,1.00
2017.03.15 22:42:10.923,8.49979,8.50484,1.00,1.00
2017.03.15 22:42:11.249,8.49979,8.50451,1.00,1.00
2017.03.15 22:42:12.209,8.49979,8.50447,1.00,1.00
2017.03.15 22:42:12.260,8.49979,8.50453,1.00,1.00
2017.03.15 22:42:13.446,8.49979,8.50455,1.00,1.00
2017.03.15 22:42:15.199,8.49979,8.50463,1.00,1.00
2017.03.15 22:42:15.250,8.49979,8.50486,1.00,1.00
2017.03.15 22:42:15.568,8.50012,8.50486,1.00,1.00
2017.03.15 22:42:15.891,8.50012,8.5047,1.00,1.00
2017.03.15 22:42:16.196,8.50012,8.50487,1.00,1.00
2017.03.15 22:42:16.404,8.50012,8.5047,1.00,1.00
2017.03.15 22:42:16.555,8.4998,8.5047,1.00,1.00
2017.03.15 22:42:16.817,8.4998,8.50447,1.00,1.00
2017.03.15 22:42:16.918,8.4998,8.50452,1.00,1.00
2017.03.15 22:42:20.919,8.4998,8.50455,1.00,1.00
2017.03.15 22:42:21.371,8.4998,8.50463,1.00,1.00
2017.03.15 22:42:22.371,8.4998,8.50468,1.00,1.00
2017.03.15 22:42:24.366,8.4998,8.50463,1.00,1.00
2017.03.15 22:42:24.703,8.4998,8.5046,1.00,1.00
2017.03.15 22:42:25.126,8.4998,8.50479,1.00,1.00
2017.03.15 22:42:25.708,8.4998,8.50482,1.00,1.00
2017.03.15 22:42:26.740,8.4998,8.50485,1.00,1.00
2017.03.15 22:42:27.763,8.5001,8.50499,1.00,1.00
2017.03.15 22:42:27.915,8.5001,8.50508,1.00,1.00
2017.03.15 22:42:28.097,8.5001,8.50494,1.00,1.00
2017.03.15 22:42:28.720,8.5001,8.50496,1.00,1.00
2017.03.15 22:42:29.721,8.5001,8.50498,1.00,1.00
2017.03.15 22:42:32.946,8.5001,8.50503,1.00,1.00
2017.03.15 22:42:35.949,8.5001,8.50505,1.00,1.00
2017.03.15 22:42:36.984,8.5001,8.50507,1.00,1.00
2017.03.15 22:42:39.995,8.5001,8.50509,1.00,1.00
2017.03.15 22:42:41.193,8.5001,8.505,1.00,1.00
2017.03.15 22:42:41.773,8.5001,8.50488,1.00,1.00
2017.03.15 22:42:43.463,8.5001,8.50491,1.00,1.00
2017.03.15 22:42:49.146,8.5001,8.50481,1.00,1.00
2017.03.15 22:42:49.505,8.5001,8.50473,1.00,1.00
2017.03.15 22:42:50.237,8.5001,8.50478,1.00,1.00
2017.03.15 22:42:51.234,8.5001,8.50481,1.00,1.00
2017.03.15 22:42:52.302,8.5001,8.50486,1.00,1.00
2017.03.15 22:42:52.352,8.5001,8.50467,1.00,1.00
2017.03.15 22:42:52.655,8.5001,8.50457,1.00,1.00
2017.03.15 22:42:52.706,8.4998,8.50457,1.00,1.00
2017.03.15 22:42:53.308,8.4998,8.50456,1.00,1.00
2017.03.15 22:42:56.512,8.4998,8.50461,1.00,1.00
2017.03.15 22:42:56.597,8.4998,8.50471,1.00,1.00
2017.03.15 22:42:57.267,8.4998,8.50472,1.00,1.00
2017.03.15 22:42:57.513,8.4998,8.50485,1.00,1.00
2017.03.15 22:42:58.493,8.4998,8.50489,1.00,1.00
2017.03.15 22:43:00.486,8.4998,8.50493,1.00,1.00
2017.03.15 22:43:00.587,8.4998,8.50503,1.00,1.00
2017.03.15 22:43:00.701,8.5001,8.50503,1.00,1.00
2017.03.15 22:43:01.976,8.5001,8.50502,1.00,1.00
2017.03.15 22:43:04.017,8.5001,8.505,1.00,1.00
2017.03.15 22:43:04.339,8.4994,8.50413,1.00,1.00
2017.03.15 22:43:04.441,8.49907,8.50413,1.00,1.00
2017.03.15 22:43:04.694,8.49907,8.50378,1.00,1.00
2017.03.15 22:43:05.078,8.49907,8.50374,1.00,1.00
2017.03.15 22:43:05.230,8.49907,8.50388,1.00,1.00
2017.03.15 22:43:05.660,8.49907,8.504,1.00,1.00
2017.03.15 22:43:06.675,8.49907,8.50391,1.00,1.00
2017.03.15 22:43:07.115,8.49907,8.50385,1.00,1.00
2017.03.15 22:43:07.166,8.49907,8.50396,1.00,1.00
2017.03.15 22:43:07.732,8.49907,8.50402,1.00,1.00
2017.03.15 22:43:11.771,8.49907,8.50397,1.00,1.00
2017.03.15 22:43:11.872,8.49907,8.50419,1.00,1.00
2017.03.15 22:43:12.693,8.49907,8.50428,1.00,1.00
2017.03.15 22:43:12.743,8.4994,8.50428,1.00,1.00
2017.03.15 22:43:13.523,8.4994,8.50427,1.00,1.00
2017.03.15 22:43:15.899,8.4994,8.50399,1.00,1.00
2017.03.15 22:43:16.151,8.49909,8.50383,1.00,1.00
2017.03.15 22:43:16.864,8.49909,8.50392,1.00,1.00
2017.03.15 22:43:17.103,8.49909,8.50382,1.00,1.00
2017.03.15 22:43:18.103,8.49909,8.50387,1.00,1.00
2017.03.15 22:43:21.038,8.49909,8.50388,1.00,1.00
2017.03.15 22:43:24.275,8.49909,8.50402,1.00,1.00
2017.03.15 22:43:24.326,8.49909,8.5041,1.00,1.00
2017.03.15 22:43:24.377,8.49909,8.50414,1.00,1.00
2017.03.15 22:43:24.529,8.4994,8.50414,1.00,1.00
2017.03.15 22:43:25.039,8.4994,8.50413,1.00,1.00
2017.03.15 22:43:25.276,8.4994,8.50426,1.00,1.00
2017.03.15 22:43:31.228,8.4994,8.50433,1.00,1.00
2017.03.15 22:43:31.648,8.4994,8.50424,1.00,1.00
2017.03.15 22:43:32.229,8.4994,8.50431,1.00,1.00
2017.03.15 22:43:35.195,8.4994,8.50446,1.00,1.00
2017.03.15 22:43:36.150,8.4994,8.50443,1.00,1.00
2017.03.15 22:43:37.270,8.4994,8.50434,1.00,1.00
2017.03.15 22:43:38.270,8.4994,8.50429,1.00,1.00
2017.03.15 22:43:43.583,8.4994,8.50428,1.00,1.00
2017.03.15 22:43:45.141,8.4994,8.50433,1.00,1.00
2017.03.15 22:43:46.142,8.4994,8.50429,1.00,1.00
2017.03.15 22:43:51.098,8.4994,8.5043,1.00,1.00
2017.03.15 22:43:58.613,8.4994,8.50432,1.00,1.00
2017.03.15 22:44:03.568,8.4994,8.50437,1.00,1.00
2017.03.15 22:44:04.441,8.4994,8.50432,1.00,1.00
2017.03.15 22:44:05.443,8.4994,8.50429,1.00,1.00
2017.03.15 22:44:06.507,8.4994,8.50432,1.00,1.00
2017.03.15 22:44:07.629,8.4994,8.50445,1.00,1.00
2017.03.15 22:44:07.759,8.4994,8.50434,1.00,1.00
2017.03.15 22:44:08.884,8.4994,8.5043,1.00,1.00
2017.03.15 22:44:11.816,8.4994,8.5042,1.00,1.00
2017.03.15 22:44:11.866,8.4994,8.50429,1.00,1.00
2017.03.15 22:44:12.844,8.4994,8.50427,1.00,1.00
2017.03.15 22:44:13.846,8.4994,8.50428,1.00,1.00
2017.03.15 22:44:16.130,8.4994,8.50434,1.00,1.00
2017.03.15 22:44:17.132,8.4994,8.5043,1.00,1.00
2017.03.15 22:44:21.158,8.4994,8.50433,1.00,1.00
2017.03.15 22:44:24.187,8.4994,8.50437,1.00,1.00
2017.03.15 22:44:24.302,8.4994,8.50444,1.00,1.00
2017.03.15 22:44:24.528,8.49933,8.50444,1.00,1.00
2017.03.15 22:44:25.088,8.49934,8.50444,1.00,1.00
2017.03.15 22:44:26.235,8.49934,8.50434,1.00,1.00
2017.03.15 22:44:26.937,8.49933,8.50434,1.00,1.00
2017.03.15 22:44:27.278,8.49933,8.50448,1.00,1.00
2017.03.15 22:44:28.375,8.49933,8.50435,1.00,1.00
2017.03.15 22:44:28.591,8.49933,8.50445,1.00,1.00
2017.03.15 22:44:29.590,8.49933,8.50441,1.00,1.00
2017.03.15 22:44:35.081,8.49934,8.50441,1.00,1.00
2017.03.15 22:44:36.188,8.49934,8.50443,1.00,1.00
2017.03.15 22:44:37.931,8.49933,8.50443,1.00,1.00
2017.03.15 22:44:38.081,8.49933,8.50434,1.00,1.00
2017.03.15 22:44:38.516,8.49972,8.50434,1.00,1.00
2017.03.15 22:44:43.703,8.49972,8.50436,1.00,1.00
2017.03.15 22:44:45.638,8.49972,8.50427,1.00,1.00
2017.03.15 22:44:47.179,8.49972,8.50447,1.00,1.00
2017.03.15 22:44:47.280,8.49972,8.50439,1.00,1.00
2017.03.15 22:44:48.181,8.49972,8.5043,1.00,1.00
2017.03.15 22:44:51.218,8.49972,8.50431,1.00,1.00
2017.03.15 22:44:53.790,8.49972,8.50436,1.00,1.00
2017.03.15 22:44:54.792,8.49972,8.50432,1.00,1.00
2017.03.15 22:45:00.500,8.49972,8.50329,1.00,1.00
2017.03.15 22:45:00.551,8.49968,8.50329,1.00,1.00
2017.03.15 22:45:00.602,8.49919,8.50313,1.00,1.00
2017.03.15 22:45:00.890,8.49919,8.50313,1.37,1.00
2017.03.15 22:45:01.456,8.49961,8.50304,1.00,1.00
2017.03.15 22:45:01.759,8.49966,8.50269,1.00,1.00
2017.03.15 22:45:02.760,8.49965,8.50293,1.00,1.00
2017.03.15 22:45:05.817,8.49969,8.50297,1.00,1.00
2017.03.15 22:45:06.836,8.49965,8.50293,1.00,1.00
2017.03.15 22:45:07.387,8.49965,8.50292,1.00,1.00
2017.03.15 22:45:07.712,8.49964,8.50266,1.00,1.00
2017.03.15 22:45:07.813,8.49958,8.50302,1.00,1.00
2017.03.15 22:45:08.010,8.49966,8.50244,1.00,1.00
2017.03.15 22:45:15.659,8.49981,8.50259,1.00,1.00
2017.03.15 22:45:16.075,8.4999,8.50267,1.00,1.00
2017.03.15 22:45:16.411,8.49981,8.50245,1.00,1.00
2017.03.15 22:45:17.281,8.49975,8.50291,1.00,1.00
2017.03.15 22:45:17.761,8.49981,8.50245,1.00,1.00
2017.03.15 22:45:18.799,8.49975,8.50289,1.00,1.00
2017.03.15 22:45:19.051,8.49981,8.50244,1.00,1.00
2017.03.15 22:45:20.051,8.49977,8.50285,1.00,1.00
2017.03.15 22:45:20.510,8.49981,8.50244,1.00,1.00
2017.03.15 22:45:20.980,8.49908,8.50239,2.62,1.00
2017.03.15 22:45:21.112,8.49903,8.50266,1.00,1.00
2017.03.15 22:45:21.163,8.49981,8.50244,1.00,1.00
2017.03.15 22:45:21.631,8.49983,8.50207,1.00,1.00
2017.03.15 22:45:21.830,8.499,8.50263,1.37,1.00
2017.03.15 22:45:21.881,8.49975,8.50205,1.00,1.00
2017.03.15 22:45:22.063,8.49981,8.50229,1.00,1.00
2017.03.15 22:45:22.560,8.49972,8.50275,1.00,1.00
2017.03.15 22:45:23.010,8.49979,8.50241,1.00,1.00
2017.03.15 22:45:24.313,8.4998,8.5024,1.00,1.00
2017.03.15 22:45:24.509,8.49976,8.50275,1.00,1.00
2017.03.15 22:45:24.900,8.49981,8.50242,1.00,1.00
2017.03.15 22:45:30.439,8.4997,8.50232,1.00,1.00
2017.03.15 22:45:30.760,8.49975,8.50196,1.00,1.00
2017.03.15 22:45:31.440,8.49972,8.5022,1.00,1.00
2017.03.15 22:45:31.632,8.5,8.50248,1.00,1.00
2017.03.15 22:45:31.795,8.49949,8.50267,1.00,1.00
2017.03.15 22:45:31.956,8.50001,8.50255,1.00,1.00
2017.03.15 22:45:32.074,8.50008,8.50285,1.00,1.00
2017.03.15 22:45:32.510,8.50008,8.50258,1.00,1.00
2017.03.15 22:45:33.064,8.50004,8.50256,1.00,1.00
2017.03.15 22:45:36.147,8.50003,8.50253,1.00,1.00
2017.03.15 22:45:36.198,8.4996,8.50265,1.00,1.00
2017.03.15 22:45:36.376,8.49985,8.50267,1.00,1.00
2017.03.15 22:45:37.195,8.49995,8.50276,1.00,1.00
2017.03.15 22:45:37.297,8.49983,8.50265,1.00,1.00
2017.03.15 22:45:37.357,8.50021,8.50282,1.00,1.00
2017.03.15 22:45:38.129,8.50014,8.50264,1.00,1.00
2017.03.15 22:45:38.461,8.5002,8.50249,1.00,1.00
2017.03.15 22:45:38.512,8.50009,8.50261,1.00,1.00
2017.03.15 22:45:38.664,8.49965,8.50262,1.00,1.00
2017.03.15 22:45:38.775,8.50007,8.50262,1.00,1.00
2017.03.15 22:45:39.714,8.50012,8.50266,1.00,1.00
2017.03.15 22:45:43.822,8.50013,8.50266,1.00,1.00
2017.03.15 22:45:44.513,8.50014,8.50265,1.00,1.00
2017.03.15 22:45:44.861,8.50033,8.50257,1.00,1.00
2017.03.15 22:45:44.932,8.50018,8.50271,1.00,1.00
2017.03.15 22:45:45.036,8.50033,8.50257,1.00,1.00
2017.03.15 22:45:45.141,8.50033,8.50286,1.00,1.00
2017.03.15 22:45:45.365,8.50006,8.5026,1.00,1.00
2017.03.15 22:45:45.567,8.50006,8.50257,1.00,1.00
2017.03.15 22:45:46.054,8.50018,8.50239,1.00,1.00
2017.03.15 22:45:47.036,8.50017,8.50236,1.00,1.00
2017.03.15 22:45:47.087,8.50004,8.50252,1.00,1.00
2017.03.15 22:45:47.148,8.50017,8.50239,1.00,1.00
2017.03.15 22:45:48.148,8.50017,8.50236,1.00,1.00
2017.03.15 22:45:48.199,8.50004,8.50251,1.00,1.00
2017.03.15 22:45:48.253,8.50017,8.50239,1.00,1.00
2017.03.15 22:45:49.149,8.50032,8.5025,1.00,1.00
2017.03.15 22:45:49.301,8.50029,8.50267,1.00,1.00
2017.03.15 22:45:51.287,8.50035,8.50271,1.00,1.00
2017.03.15 22:45:51.338,8.50026,8.50264,1.00,1.00
2017.03.15 22:45:51.510,8.50021,8.50245,1.00,1.00
2017.03.15 22:45:51.824,8.5001,8.50224,1.00,1.00
2017.03.15 22:45:52.663,8.49993,8.50237,1.00,1.00
2017.03.15 22:45:52.717,8.50009,8.50226,1.00,1.00
2017.03.15 22:45:53.614,8.49994,8.50236,1.00,1.00
2017.03.15 22:45:53.745,8.50008,8.50227,1.00,1.00
2017.03.15 22:45:54.615,8.49991,8.50234,1.00,1.00
2017.03.15 22:45:54.720,8.50008,8.50223,1.00,1.00
2017.03.15 22:45:54.771,8.4999,8.50234,1.00,1.00
2017.03.15 22:45:55.616,8.5001,8.50219,1.00,1.00
2017.03.15 22:45:55.722,8.4999,8.50234,1.00,1.00
2017.03.15 22:45:55.824,8.50008,8.50223,1.00,1.00
2017.03.15 22:45:56.826,8.50013,8.50224,1.00,1.00
2017.03.15 22:45:56.876,8.49992,8.50237,1.00,1.00
2017.03.15 22:45:56.978,8.50008,8.50227,1.00,1.00
2017.03.15 22:45:57.222,8.49976,8.50249,1.00,1.00
2017.03.15 22:45:58.862,8.49983,8.50244,1.00,1.00
2017.03.15 22:45:59.312,8.49984,8.50227,1.00,1.00
2017.03.15 22:45:59.854,8.49983,8.50243,1.00,1.00
2017.03.15 22:46:00.259,8.49981,8.50209,1.00,1.00
2017.03.15 22:46:01.365,8.49985,8.50213,1.00,1.00
2017.03.15 22:46:06.031,8.4998,8.50206,1.00,1.00
2017.03.15 22:46:06.083,8.49972,8.502,1.00,1.00
2017.03.15 22:46:06.134,8.49962,8.5019,1.00,1.00
2017.03.15 22:46:06.286,8.49969,8.50224,1.00,1.00
2017.03.15 22:46:07.262,8.49973,8.5023,1.00,1.00
2017.03.15 22:46:09.286,8.49971,8.50223,1.00,1.00
2017.03.15 22:46:09.822,8.49981,8.50233,1.00,1.00
2017.03.15 22:46:10.251,8.49994,8.50211,1.00,1.00
2017.03.15 22:46:10.302,8.49977,8.50232,1.00,1.00
2017.03.15 22:46:10.793,8.49993,8.50215,1.00,1.00
2017.03.15 22:46:11.243,8.49976,8.5023,1.00,1.00
2017.03.15 22:46:11.794,8.49993,8.50213,1.00,1.00
2017.03.15 22:46:12.795,8.49997,8.50211,1.00,1.00
2017.03.15 22:46:13.141,8.49979,8.50232,1.00,1.00
2017.03.15 22:46:13.248,8.49997,8.50216,1.00,1.00
2017.03.15 22:46:14.252,8.49979,8.50231,1.00,1.00
2017.03.15 22:46:14.464,8.49997,8.50211,1.00,1.00
2017.03.15 22:46:15.357,8.49979,8.5023,1.00,1.00
2017.03.15 22:46:15.460,8.49997,8.50215,1.00,1.00
2017.03.15 22:46:15.510,8.49979,8.5023,1.00,1.00
2017.03.15 22:46:15.561,8.4996,8.50211,1.00,1.00
2017.03.15 22:46:15.907,8.49962,8.50181,1.00,1.00
2017.03.15 22:46:16.479,8.49957,8.50198,1.00,1.00
2017.03.15 22:46:16.593,8.49972,8.50189,1.00,1.00
2017.03.15 22:46:16.644,8.49957,8.50198,1.00,1.00
2017.03.15 22:46:17.491,8.49978,8.5019,1.00,1.00
2017.03.15 22:46:17.592,8.49993,8.50206,1.00,1.00
2017.03.15 22:46:17.643,8.49973,8.50218,1.00,1.00
2017.03.15 22:46:18.569,8.49987,8.50213,1.00,1.00
2017.03.15 22:46:18.620,8.49979,8.50224,1.00,1.00
2017.03.15 22:46:18.677,8.49989,8.50213,1.00,1.00
2017.03.15 22:46:19.290,8.4997,8.50194,1.00,1.00
2017.03.15 22:46:19.595,8.49958,8.50182,1.00,1.00
2017.03.15 22:46:20.384,8.49957,8.50194,1.00,1.00
2017.03.15 22:46:20.678,8.49976,8.50183,1.00,1.00
2017.03.15 22:46:21.577,8.49957,8.50193,1.00,1.00
2017.03.15 22:46:21.684,8.49976,8.50186,1.00,1.00
2017.03.15 22:46:21.735,8.49958,8.50192,1.00,1.00
2017.03.15 22:46:22.579,8.49977,8.50182,1.00,1.00
2017.03.15 22:46:22.686,8.49957,8.50192,1.00,1.00
2017.03.15 22:46:22.789,8.49976,8.50185,1.00,1.00
2017.03.15 22:46:23.090,8.49982,8.50169,1.00,1.00
2017.03.15 22:46:23.464,8.49968,8.50206,1.00,1.00
2017.03.15 22:46:23.813,8.50027,8.50214,1.00,1.00
2017.03.15 22:46:24.323,8.49998,8.50185,1.00,1.00
2017.03.15 22:46:25.195,8.50015,8.50202,1.00,1.00
2017.03.15 22:46:25.246,8.49982,8.50221,1.00,1.00
2017.03.15 22:46:25.347,8.50009,8.50225,1.00,1.00
2017.03.15 22:46:25.765,8.50006,8.50212,1.00,1.00
2017.03.15 22:46:26.211,8.49998,8.50242,1.00,1.00
2017.03.15 22:46:26.762,8.50016,8.50237,1.00,1.00
2017.03.15 22:46:27.324,8.50009,8.502,1.00,1.00
2017.03.15 22:46:28.310,8.5,8.5021,1.00,1.00
2017.03.15 22:46:28.411,8.50002,8.5021,1.00,1.00
2017.03.15 22:46:28.509,8.50001,8.50239,1.00,1.00
2017.03.15 22:46:29.260,8.50019,8.50236,1.00,1.00
2017.03.15 22:46:30.261,8.5002,8.50234,1.00,1.00
2017.03.15 22:46:31.834,8.50009,8.50223,1.00,1.00
2017.03.15 22:46:34.133,8.49999,8.50214,1.00,1.00
2017.03.15 22:46:34.183,8.50005,8.5022,1.00,1.00
2017.03.15 22:46:35.178,8.5,8.50215,1.00,1.00
2017.03.15 22:46:36.189,8.50004,8.50219,1.00,1.00
2017.03.15 22:46:37.181,8.50006,8.50219,1.00,1.00
2017.03.15 22:46:37.892,8.5003,8.50212,1.00,1.00
2017.03.15 22:46:38.182,8.50019,8.50203,1.00,1.00
2017.03.15 22:46:39.346,8.50042,8.50226,1.00,1.00
2017.03.15 22:46:39.750,8.50015,8.50199,1.00,1.00
2017.03.15 22:46:40.347,8.50013,8.50195,1.00,1.00
2017.03.15 22:46:43.942,8.50013,8.50197,1.00,1.00
2017.03.15 22:46:44.945,8.50014,8.50198,1.00,1.00
2017.03.15 22:46:46.220,8.50029,8.50211,1.00,1.00
2017.03.15 22:46:46.560,8.50037,8.50221,1.00,1.00
2017.03.15 22:46:47.326,8.50058,8.50242,1.00,1.00
2017.03.15 22:46:47.586,8.49996,8.5022,1.00,1.00
2017.03.15 22:46:48.296,8.49997,8.50218,1.00,1.00
2017.03.15 22:46:48.739,8.50005,8.50189,1.00,1.00
2017.03.15 22:46:49.281,8.49996,8.50218,1.00,1.00
2017.03.15 22:46:49.332,8.50005,8.50189,1.00,1.00
2017.03.15 22:46:49.442,8.49996,8.50218,1.00,1.00
2017.03.15 22:46:49.691,8.50005,8.50189,1.00,1.00
2017.03.15 22:46:49.794,8.49996,8.50218,1.00,1.00
2017.03.15 22:46:50.302,8.50005,8.50189,1.00,1.00
2017.03.15 22:46:51.282,8.49996,8.50216,1.00,1.00
2017.03.15 22:46:51.395,8.50005,8.50189,1.00,1.00
2017.03.15 22:46:51.943,8.50004,8.50188,1.00,1.00
2017.03.15 22:46:57.244,8.49997,8.50181,1.00,1.00
2017.03.15 22:46:58.121,8.50018,8.50202,1.00,1.00
2017.03.15 22:46:59.121,8.50013,8.50197,1.00,1.00
2017.03.15 22:47:00.123,8.50012,8.50196,1.00,1.00
2017.03.15 22:47:06.488,8.50015,8.50197,1.00,1.00
2017.03.15 22:47:06.588,8.50025,8.50209,1.00,1.00
2017.03.15 22:47:06.875,8.50027,8.50209,1.00,1.00
2017.03.15 22:47:07.195,8.49998,8.5018,1.00,1.00
2017.03.15 22:47:08.009,8.50016,8.50198,1.00,1.00
2017.03.15 22:47:08.111,8.49997,8.50181,1.00,1.00
2017.03.15 22:47:08.162,8.50016,8.50198,1.00,1.00
2017.03.15 22:47:08.221,8.49994,8.50178,1.00,1.00
2017.03.15 22:47:09.113,8.50008,8.50192,1.00,1.00
2017.03.15 22:47:10.458,8.5,8.50184,1.00,1.00
2017.03.15 22:47:11.332,8.50005,8.50188,1.00,1.00
2017.03.15 22:47:11.669,8.50015,8.50197,1.00,1.00
2017.03.15 22:47:12.462,8.50006,8.50188,1.00,1.00
2017.03.15 22:47:13.415,8.50004,8.50187,1.00,1.00
2017.03.15 22:47:14.417,8.49998,8.50182,1.00,1.00
2017.03.15 22:47:17.226,8.50003,8.50187,1.00,1.00
2017.03.15 22:47:17.791,8.50024,8.50208,1.00,1.00
2017.03.15 22:47:18.370,8.50021,8.50205,1.00,1.00
2017.03.15 22:47:18.867,8.50018,8.502,1.00,1.00
2017.03.15 22:47:19.563,8.5004,8.50222,1.00,1.00
2017.03.15 22:47:19.664,8.50022,8.50206,1.00,1.00
2017.03.15 22:47:20.626,8.50009,8.50193,1.00,1.00
2017.03.15 22:47:21.456,8.49998,8.50182,1.00,1.00
2017.03.15 22:47:21.876,8.50014,8.50198,1.00,1.00
2017.03.15 22:47:22.459,8.49999,8.50183,1.00,1.00
2017.03.15 22:47:22.961,8.50018,8.50202,1.00,1.00
2017.03.15 22:47:23.263,8.50067,8.50251,1.00,1.00
2017.03.15 22:47:23.578,8.50046,8.50228,1.00,1.00
2017.03.15 22:47:23.881,8.50072,8.50256,1.00,1.00
2017.03.15 22:47:23.998,8.50055,8.50239,1.00,1.00
2017.03.15 22:47:24.432,8.50084,8.50266,1.00,1.00
2017.03.15 22:47:24.544,8.50041,8.50268,1.00,1.00
2017.03.15 22:47:24.645,8.50043,8.50267,1.00,1.00
2017.03.15 22:47:24.990,8.50082,8.50266,1.00,1.00
2017.03.15 22:47:26.249,8.50078,8.50262,1.00,1.00
2017.03.15 22:47:26.566,8.50075,8.50259,1.00,1.00
2017.03.15 22:47:27.614,8.50079,8.50263,1.00,1.00
2017.03.15 22:47:28.260,8.50078,8.50262,1.00,1.00
2017.03.15 22:47:29.031,8.50077,8.50259,1.00,1.00
2017.03.15 22:47:36.547,8.50078,8.50262,1.00,1.00
2017.03.15 22:47:47.838,8.50072,8.50256,1.00,1.00
2017.03.15 22:47:49.535,8.50038,8.50222,1.00,1.00
2017.03.15 22:47:49.950,8.50022,8.50204,1.00,1.00
2017.03.15 22:47:50.101,8.50055,8.50239,1.00,1.00
2017.03.15 22:47:51.576,8.50056,8.5024,1.00,1.00
2017.03.15 22:47:54.495,8.50034,8.50259,1.00,1.00
2017.03.15 22:47:54.546,8.50076,8.50259,1.00,1.00
2017.03.15 22:47:54.647,8.50057,8.50241,1.00,1.00
2017.03.15 22:47:55.413,8.50025,8.50249,1.00,1.00
2017.03.15 22:47:55.565,8.5002,8.50204,1.00,1.00
2017.03.15 22:47:55.902,8.50047,8.50231,1.00,1.00
2017.03.15 22:47:56.687,8.50049,8.50231,1.00,1.00
2017.03.15 22:47:57.544,8.50035,8.50217,1.00,1.00
2017.03.15 22:47:57.595,8.50031,8.50215,1.00,1.00
2017.03.15 22:47:57.823,8.50012,8.50196,1.00,1.00
2017.03.15 22:47:58.168,8.50039,8.50223,1.00,1.00
2017.03.15 22:47:59.091,8.50038,8.5022,1.00,1.00
2017.03.15 22:48:00.725,8.50042,8.50226,1.00,1.00
2017.03.15 22:48:06.606,8.50043,8.50227,1.00,1.00
2017.03.15 22:48:07.614,8.50037,8.50221,1.00,1.00
2017.03.15 22:48:08.052,8.50027,8.50211,1.00,1.00
2017.03.15 22:48:08.637,8.50032,8.50216,1.00,1.00
2017.03.15 22:48:12.718,8.50033,8.50217,1.00,1.00
2017.03.15 22:48:14.121,8.50037,8.50219,1.00,1.00
2017.03.15 22:48:21.270,8.50027,8.50211,1.00,1.00
2017.03.15 22:48:29.000,8.50033,8.50217,1.00,1.00
2017.03.15 22:48:29.375,8.50028,8.50212,1.00,1.00
2017.03.15 22:48:29.692,8.50022,8.50206,1.00,1.00
2017.03.15 22:48:30.514,8.49996,8.50212,1.00,1.00
2017.03.15 22:48:30.565,8.5001,8.50194,1.00,1.00
2017.03.15 22:48:30.666,8.49996,8.50214,1.00,1.00
2017.03.15 22:48:30.784,8.50037,8.50221,1.00,1.00
2017.03.15 22:48:31.103,8.50012,8.50196,1.00,1.00
2017.03.15 22:48:31.738,8.50031,8.50215,1.00,1.00
2017.03.15 22:48:32.076,8.49999,8.50183,1.00,1.00
2017.03.15 22:48:36.667,8.5,8.50184,1.00,1.00
2017.03.15 22:48:42.296,8.49999,8.50181,1.00,1.00
2017.03.15 22:48:42.549,8.50027,8.50211,1.00,1.00
2017.03.15 22:48:43.267,8.5001,8.50194,1.00,1.00
2017.03.15 22:48:44.219,8.49982,8.50164,1.00,1.00
2017.03.15 22:48:44.279,8.50035,8.50219,1.00,1.00
2017.03.15 22:48:44.330,8.50016,8.502,1.00,1.00
2017.03.15 22:48:44.996,8.49989,8.50173,1.00,1.00
2017.03.15 22:48:45.311,8.50003,8.50187,1.00,1.00
2017.03.15 22:48:45.617,8.50018,8.50202,1.00,1.00
2017.03.15 22:48:45.965,8.49987,8.50171,1.00,1.00
2017.03.15 22:48:46.481,8.49988,8.50172,1.00,1.00
2017.03.15 22:48:46.995,8.49995,8.50179,1.00,1.00
2017.03.15 22:48:47.432,8.50009,8.50193,1.00,1.00
2017.03.15 22:48:48.001,8.50008,8.50192,1.00,1.00
2017.03.15 22:48:48.507,8.50013,8.50197,1.00,1.00
2017.03.15 22:48:48.814,8.50002,8.50186,1.00,1.00
2017.03.15 22:48:49.163,8.49967,8.50151,1.00,1.00
2017.03.15 22:48:49.510,8.49996,8.5018,1.00,1.00
2017.03.15 22:48:51.696,8.49998,8.50182,1.00,1.00
2017.03.15 22:48:59.211,8.49995,8.50179,1.00,1.00
2017.03.15 22:49:00.212,8.49994,8.50178,1.00,1.00
2017.03.15 22:49:07.066,8.49993,8.50177,1.00,1.00
2017.03.15 22:49:14.241,8.49993,8.50175,1.00,1.00
2017.03.15 22:49:21.756,8.49993,8.50177,1.00,1.00
2017.03.15 22:49:44.287,8.49998,8.50182,1.00,1.00
2017.03.15 22:49:44.611,8.50025,8.50209,1.00,1.00
2017.03.15 22:49:45.009,8.49987,8.50169,1.00,1.00
2017.03.15 22:49:45.541,8.49986,8.5017,1.00,1.00
2017.03.15 22:49:45.844,8.49989,8.50173,1.00,1.00
2017.03.15 22:49:46.354,8.50016,8.502,1.00,1.00
2017.03.15 22:49:46.760,8.50026,8.5021,1.00,1.00
2017.03.15 22:49:51.816,8.50029,8.50213,1.00,1.00
2017.03.15 22:49:52.817,8.50028,8.50212,1.00,1.00
2017.03.15 22:49:54.893,8.50022,8.50212,1.00,1.00
2017.03.15 22:49:59.258,8.50018,8.50228,1.00,1.00
2017.03.15 22:49:59.312,8.50019,8.50209,1.00,1.00
2017.03.15 22:50:01.155,8.50024,8.50213,1.00,1.00
2017.03.15 22:50:02.160,8.50026,8.50214,1.00,1.00
2017.03.15 22:50:06.850,8.50023,8.50213,1.00,1.00
2017.03.15 22:50:14.370,8.50022,8.50209,1.00,1.00
2017.03.15 22:50:15.367,8.50021,8.50209,1.00,1.00
2017.03.15 22:50:19.578,8.50033,8.50222,1.00,1.00
2017.03.15 22:50:20.596,8.50033,8.50223,1.00,1.00
2017.03.15 22:50:21.557,8.5003,8.5022,1.00,1.00
2017.03.15 22:50:22.041,8.50037,8.50227,1.00,1.00
2017.03.15 22:50:23.045,8.50032,8.50222,1.00,1.00
2017.03.15 22:50:25.630,8.50038,8.50228,1.00,1.00
2017.03.15 22:50:28.202,8.50063,8.50252,1.00,1.00
2017.03.15 22:50:29.162,8.50064,8.50253,1.00,1.00
2017.03.15 22:50:30.227,8.50048,8.50237,1.00,1.00
2017.03.15 22:50:30.379,8.50037,8.50227,1.00,1.00
2017.03.15 22:50:31.168,8.50067,8.50257,1.00,1.00
2017.03.15 22:50:31.518,8.50083,8.50271,1.00,1.00
2017.03.15 22:50:32.182,8.50076,8.50266,1.00,1.00
2017.03.15 22:50:33.228,8.50084,8.50273,1.00,1.00
2017.03.15 22:50:36.911,8.50082,8.50271,1.00,1.00
2017.03.15 22:50:38.883,8.50074,8.50264,1.00,1.00
2017.03.15 22:50:39.026,8.50063,8.50253,1.00,1.00
2017.03.15 22:50:39.962,8.50064,8.50253,1.00,1.00
2017.03.15 22:50:40.269,8.5005,8.50238,1.00,1.00
2017.03.15 22:50:40.370,8.50034,8.50224,1.00,1.00
2017.03.15 22:50:40.880,8.50057,8.50245,1.00,1.00
2017.03.15 22:50:44.425,8.50057,8.50242,1.00,1.00
2017.03.15 22:50:45.428,8.50057,8.50241,1.00,1.00
2017.03.15 22:50:46.015,8.50053,8.50241,1.00,1.00
2017.03.15 22:50:46.776,8.50067,8.50249,1.00,1.00
2017.03.15 22:50:47.751,8.50067,8.50253,1.00,1.00
2017.03.15 22:50:51.940,8.50067,8.50254,1.00,1.00
2017.03.15 22:50:53.312,8.50067,8.50249,1.00,1.00
2017.03.15 22:50:53.798,8.50067,8.50239,1.00,1.00
2017.03.15 22:50:54.346,8.50067,8.50251,1.00,1.00
2017.03.15 22:50:54.648,8.50067,8.50243,1.00,1.00
2017.03.15 22:50:54.951,8.50067,8.50232,1.00,1.00
2017.03.15 22:50:55.410,8.50067,8.50244,1.00,1.00
2017.03.15 22:50:55.847,8.50068,8.50235,1.00,1.00
2017.03.15 22:50:56.049,8.50036,8.50225,1.00,1.00
2017.03.15 22:50:56.283,8.50032,8.50222,1.00,1.00
2017.03.15 22:50:56.872,8.50018,8.50208,1.00,1.00
2017.03.15 22:50:57.272,8.50022,8.5021,1.00,1.00
2017.03.15 22:50:57.840,8.50047,8.50237,1.00,1.00
2017.03.15 22:50:58.042,8.50025,8.50215,1.00,1.00
2017.03.15 22:50:58.885,8.50007,8.50195,1.00,1.00
2017.03.15 22:50:59.039,8.5001,8.50199,1.00,1.00
2017.03.15 22:50:59.090,8.50027,8.50217,1.00,1.00
2017.03.15 22:50:59.191,8.49993,8.50182,1.00,1.00
2017.03.15 22:50:59.292,8.5004,8.5023,1.00,1.00
2017.03.15 22:51:00.019,8.50063,8.50253,1.00,1.00
2017.03.15 22:51:00.322,8.50045,8.50234,1.00,1.00
2017.03.15 22:51:01.185,8.50059,8.50247,1.00,1.00
2017.03.15 22:51:01.332,8.50056,8.50245,1.00,1.00
2017.03.15 22:51:01.717,8.50036,8.50225,1.00,1.00
2017.03.15 22:51:02.316,8.50059,8.50249,1.00,1.00
2017.03.15 22:51:02.417,8.50015,8.50205,1.00,1.00
2017.03.15 22:51:02.742,8.50049,8.50238,1.00,1.00
2017.03.15 22:51:06.440,8.50055,8.50242,1.00,1.00
2017.03.15 22:51:06.868,8.50026,8.50214,1.00,1.00
2017.03.15 22:51:06.919,8.50055,8.50245,1.00,1.00
2017.03.15 22:51:07.021,8.50025,8.50215,1.00,1.00
2017.03.15 22:51:07.871,8.50035,8.50223,1.00,1.00
2017.03.15 22:51:07.922,8.50044,8.50234,1.00,1.00
2017.03.15 22:51:08.240,8.50034,8.50223,1.00,1.00
2017.03.15 22:51:08.543,8.50067,8.50257,1.00,1.00
2017.03.15 22:51:09.406,8.5006,8.50249,1.00,1.00
2017.03.15 22:51:09.609,8.50032,8.50222,1.00,1.00
2017.03.15 22:51:09.710,8.50038,8.50225,1.00,1.00
2017.03.15 22:51:10.630,8.50047,8.50237,1.00,1.00
2017.03.15 22:51:10.834,8.50049,8.50238,1.00,1.00
2017.03.15 22:51:11.136,8.50029,8.50218,1.00,1.00
2017.03.15 22:51:13.081,8.50022,8.50212,1.00,1.00
2017.03.15 22:51:13.547,8.50016,8.50205,1.00,1.00
2017.03.15 22:51:13.648,8.50057,8.50247,1.00,1.00
2017.03.15 22:51:14.066,8.50039,8.50229,1.00,1.00
2017.03.15 22:51:15.059,8.5003,8.50219,1.00,1.00
2017.03.15 22:51:16.025,8.50032,8.5023,1.00,1.00
2017.03.15 22:51:16.076,8.49972,8.50155,1.00,1.00
2017.03.15 22:51:16.127,8.49967,8.50155,1.00,1.00
2017.03.15 22:51:17.055,8.49987,8.50177,1.00,1.00
2017.03.15 22:51:18.066,8.49992,8.50181,1.00,1.00
2017.03.15 22:51:19.438,8.49974,8.50164,1.00,1.00
2017.03.15 22:51:20.484,8.49983,8.50173,1.00,1.00
2017.03.15 22:51:20.763,8.49976,8.50197,1.00,1.00
2017.03.15 22:51:20.814,8.49952,8.50141,1.00,1.00
2017.03.15 22:51:21.319,8.49983,8.50172,1.00,1.00
2017.03.15 22:51:22.318,8.49985,8.50174,1.00,1.00
2017.03.15 22:51:22.437,8.49977,8.50195,1.00,1.00
2017.03.15 22:51:23.388,8.49975,8.50196,1.00,1.00
2017.03.15 22:51:23.439,8.49985,8.50174,1.00,1.00
2017.03.15 22:51:23.542,8.49978,8.50195,1.00,1.00
2017.03.15 22:51:23.644,8.50014,8.50204,1.00,1.00
2017.03.15 22:51:23.977,8.49996,8.50185,1.00,1.00
2017.03.15 22:51:24.538,8.50008,8.50196,1.00,1.00
2017.03.15 22:51:25.565,8.5,8.50188,1.00,1.00
2017.03.15 22:51:25.873,8.49973,8.50162,1.00,1.00
2017.03.15 22:51:26.251,8.50003,8.50192,1.00,1.00
2017.03.15 22:51:26.865,8.49993,8.50182,1.00,1.00
2017.03.15 22:51:27.277,8.49994,8.50178,1.00,1.00
2017.03.15 22:51:28.276,8.49998,8.50183,1.00,1.00
2017.03.15 22:51:29.514,8.49998,8.50184,1.00,1.00
2017.03.15 22:51:36.484,8.49998,8.50182,1.00,1.00
2017.03.15 22:51:37.419,8.49991,8.50173,1.00,1.00
2017.03.15 22:51:38.060,8.49998,8.5018,1.00,1.00
2017.03.15 22:51:44.544,8.49998,8.50182,1.00,1.00
2017.03.15 22:51:47.837,8.50004,8.50186,1.00,1.00
2017.03.15 22:51:52.059,8.50005,8.50189,1.00,1.00
2017.03.15 22:52:09.202,8.5003,8.50214,1.00,1.00
2017.03.15 22:52:09.404,8.50027,8.50212,1.00,1.00
2017.03.15 22:52:09.608,8.50042,8.50226,1.00,1.00
2017.03.15 22:52:10.608,8.5004,8.50224,1.00,1.00
2017.03.15 22:52:10.912,8.50029,8.50213,1.00,1.00
2017.03.15 22:52:11.809,8.50037,8.50221,1.00,1.00
2017.03.15 22:52:12.114,8.50029,8.50213,1.00,1.00
2017.03.15 22:52:12.459,8.50039,8.50223,1.00,1.00
2017.03.15 22:52:13.427,8.50044,8.50228,1.00,1.00
2017.03.15 22:52:14.072,8.50047,8.50231,1.00,1.00
2017.03.15 22:52:15.027,8.50041,8.50225,1.00,1.00
2017.03.15 22:52:19.634,8.50037,8.50219,1.00,1.00
2017.03.15 22:52:19.685,8.50048,8.50232,1.00,1.00
2017.03.15 22:52:20.062,8.50005,8.50217,1.00,1.00
2017.03.15 22:52:20.112,8.50047,8.50231,1.00,1.00
2017.03.15 22:52:22.119,8.50049,8.50231,1.00,1.00
2017.03.15 22:52:28.266,8.50052,8.50236,1.00,1.00
2017.03.15 22:52:29.079,8.50044,8.50226,1.00,1.00
2017.03.15 22:52:30.044,8.50041,8.50225,1.00,1.00
2017.03.15 22:52:31.074,8.50037,8.50221,1.00,1.00
2017.03.15 22:52:31.956,8.50045,8.50229,1.00,1.00
2017.03.15 22:52:37.149,8.50047,8.50229,1.00,1.00
2017.03.15 22:52:52.339,8.50046,8.5023,1.00,1.00
2017.03.15 22:52:53.329,8.50041,8.50225,1.00,1.00
2017.03.15 22:52:56.982,8.50046,8.5023,1.00,1.00
2017.03.15 22:52:57.285,8.50037,8.50221,1.00,1.00
2017.03.15 22:52:57.615,8.50047,8.50231,1.00,1.00
2017.03.15 22:52:57.936,8.50037,8.50221,1.00,1.00
2017.03.15 22:52:58.577,8.50045,8.50229,1.00,1.00
2017.03.15 22:52:59.694,8.50045,8.50227,1.00,1.00
2017.03.15 22:53:07.851,8.50038,8.5022,1.00,1.00
2017.03.15 22:53:07.902,8.50046,8.5023,1.00,1.00
2017.03.15 22:53:08.915,8.50044,8.50228,1.00,1.00
2017.03.15 22:53:09.870,8.50049,8.50233,1.00,1.00
2017.03.15 22:53:11.795,8.50044,8.50228,1.00,1.00
2017.03.15 22:53:12.126,8.50025,8.50209,1.00,1.00
2017.03.15 22:53:12.514,8.50068,8.5025,1.00,1.00
2017.03.15 22:53:12.937,8.50049,8.50233,1.00,1.00
2017.03.15 22:53:14.724,8.50047,8.50231,1.00,1.00
2017.03.15 22:53:29.754,8.50047,8.50228,1.00,1.00
2017.03.15 22:53:42.716,8.50047,8.50219,1.00,1.00
2017.03.15 22:53:42.767,8.50048,8.50226,1.00,1.00
2017.03.15 22:53:44.248,8.50047,8.50226,1.00,1.00
2017.03.15 22:53:44.469,8.50047,8.5022,1.00,1.00
2017.03.15 22:53:44.519,8.50047,8.50228,1.00,1.00
2017.03.15 22:53:45.021,8.50046,8.50228,1.00,1.00
2017.03.15 22:53:45.367,8.50053,8.50235,1.00,1.00
2017.03.15 22:53:52.299,8.50053,8.50237,1.00,1.00
2017.03.15 22:53:54.093,8.50045,8.50229,1.00,1.00
2017.03.15 22:53:54.398,8.50054,8.50238,1.00,1.00
2017.03.15 22:53:57.397,8.50047,8.50231,1.00,1.00
2017.03.15 22:53:57.761,8.50076,8.5026,1.00,1.00
2017.03.15 22:53:57.812,8.50043,8.50255,1.00,1.00
2017.03.15 22:53:58.379,8.50048,8.50231,1.00,1.00
2017.03.15 22:53:59.813,8.50046,8.50228,1.00,1.00
2017.03.15 22:54:00.814,8.50044,8.50228,1.00,1.00
2017.03.15 22:54:04.201,8.50039,8.50223,1.00,1.00
2017.03.15 22:54:04.514,8.50047,8.50231,1.00,1.00
2017.03.15 22:54:04.816,8.50028,8.50212,1.00,1.00
2017.03.15 22:54:05.572,8.50045,8.50229,1.00,1.00
2017.03.15 22:54:06.870,8.50035,8.50219,1.00,1.00
2017.03.15 22:54:07.292,8.50043,8.50227,1.00,1.00
2017.03.15 22:54:07.694,8.50047,8.50229,1.00,1.00
2017.03.15 22:54:08.295,8.50047,8.50231,1.00,1.00
2017.03.15 22:54:09.194,8.50016,8.50198,1.00,1.00
2017.03.15 22:54:09.244,8.50044,8.50228,1.00,1.00
2017.03.15 22:54:09.490,8.50052,8.50236,1.00,1.00
2017.03.15 22:54:10.471,8.50049,8.50233,1.00,1.00
2017.03.15 22:54:11.195,8.50017,8.50201,1.00,1.00
2017.03.15 22:54:11.246,8.49978,8.50189,1.50,1.00
2017.03.15 22:54:11.347,8.49978,8.50159,1.00,1.00
2017.03.15 22:54:11.449,8.50006,8.5019,1.00,1.00
2017.03.15 22:54:11.975,8.50013,8.50195,1.00,1.00
2017.03.15 22:54:12.225,8.50001,8.50185,1.00,1.00
2017.03.15 22:54:13.219,8.50006,8.50188,1.00,1.00
2017.03.15 22:54:13.270,8.50024,8.50208,1.00,1.00
2017.03.15 22:54:14.255,8.50008,8.5019,1.00,1.00
2017.03.15 22:54:15.265,8.50005,8.50189,1.00,1.00
2017.03.15 22:54:15.431,8.49955,8.50137,1.00,1.00
2017.03.15 22:54:15.482,8.50005,8.50189,1.00,1.00
2017.03.15 22:54:16.184,8.49988,8.50172,1.00,1.00
2017.03.15 22:54:22.358,8.49989,8.50173,1.00,1.00
2017.03.15 22:54:29.144,8.49996,8.5018,1.00,1.00
2017.03.15 22:54:29.515,8.50002,8.50186,1.00,1.00
2017.03.15 22:54:30.151,8.50001,8.50183,1.00,1.00
2017.03.15 22:54:31.152,8.49999,8.50183,1.00,1.00
2017.03.15 22:54:32.485,8.4996,8.50144,1.00,1.00
2017.03.15 22:54:32.992,8.4999,8.50172,1.00,1.00
2017.03.15 22:54:33.948,8.49992,8.50174,1.00,1.00
2017.03.15 22:54:40.307,8.49984,8.50196,1.00,1.00
2017.03.15 22:54:40.358,8.49994,8.50178,1.00,1.00
2017.03.15 22:54:41.309,8.49985,8.50199,1.00,1.00
2017.03.15 22:54:41.418,8.49993,8.50177,1.00,1.00
2017.03.15 22:54:41.520,8.49986,8.50197,1.00,1.00
2017.03.15 22:54:41.571,8.49993,8.50177,1.00,1.00
2017.03.15 22:54:42.310,8.49986,8.50197,1.00,1.00
2017.03.15 22:54:42.420,8.49994,8.50176,1.00,1.00
2017.03.15 22:54:42.527,8.50021,8.50205,1.00,1.00
2017.03.15 22:54:42.578,8.49987,8.502,1.00,1.00
2017.03.15 22:54:43.530,8.49993,8.50177,1.00,1.00
2017.03.15 22:54:43.793,8.49989,8.502,1.00,1.00
2017.03.15 22:54:44.633,8.49993,8.50177,1.00,1.00
2017.03.15 22:54:44.684,8.49989,8.502,1.00,1.00
2017.03.15 22:54:44.745,8.49993,8.50177,1.00,1.00
2017.03.15 22:54:45.308,8.50021,8.50205,1.00,1.00
2017.03.15 22:54:45.634,8.49993,8.50177,1.00,1.00
2017.03.15 22:54:46.638,8.50021,8.50205,1.00,1.00
2017.03.15 22:54:47.638,8.49993,8.50177,1.00,1.00
2017.03.15 22:54:48.649,8.50022,8.50204,1.00,1.00
2017.03.15 22:54:48.700,8.49993,8.50177,1.00,1.00
2017.03.15 22:54:48.760,8.50021,8.50205,1.00,1.00
2017.03.15 22:54:49.142,8.49994,8.50176,1.00,1.00
2017.03.15 22:54:49.193,8.50031,8.50215,1.00,1.00
2017.03.15 22:54:49.693,8.50009,8.50191,1.00,1.00
2017.03.15 22:54:52.434,8.5001,8.50194,1.00,1.00
2017.03.15 22:54:58.516,8.50006,8.5019,1.00,1.00
2017.03.15 22:54:59.295,8.50023,8.50207,1.00,1.00
2017.03.15 22:54:59.482,8.49976,8.50188,1.00,1.00
2017.03.15 22:54:59.634,8.50009,8.50193,1.00,1.00
2017.03.15 22:55:01.850,8.50014,8.50196,1.00,1.00
2017.03.15 22:55:02.052,8.50016,8.502,1.00,1.00
2017.03.15 22:55:02.210,8.50054,8.50236,1.00,1.00
2017.03.15 22:55:02.852,8.5008,8.50264,1.00,1.00
2017.03.15 22:55:03.005,8.50053,8.50237,1.00,1.00
2017.03.15 22:55:04.139,8.50012,8.50196,1.00,1.00
2017.03.15 22:55:04.341,8.49972,8.50183,1.00,1.00
2017.03.15 22:55:04.392,8.50026,8.5021,1.00,1.00
2017.03.15 22:55:05.253,8.50013,8.50195,1.00,1.00
2017.03.15 22:55:11.852,8.50009,8.50191,1.00,1.00
2017.03.15 22:55:12.845,8.50013,8.50195,1.00,1.00
2017.03.15 22:55:14.859,8.50008,8.50192,1.00,1.00
2017.03.15 22:55:15.840,8.50004,8.50188,1.00,1.00
2017.03.15 22:55:17.012,8.50008,8.50192,1.00,1.00
2017.03.15 22:55:20.799,8.50013,8.50197,1.00,1.00
2017.03.15 22:55:21.101,8.50025,8.50209,1.00,1.00
2017.03.15 22:55:21.549,8.50052,8.50236,1.00,1.00
2017.03.15 22:55:21.865,8.50034,8.50218,1.00,1.00
2017.03.15 22:55:22.203,8.50053,8.50235,1.00,1.00
2017.03.15 22:55:22.817,8.50042,8.50226,1.00,1.00
2017.03.15 22:55:30.020,8.50044,8.50228,1.00,1.00
2017.03.15 22:55:30.996,8.50047,8.50231,1.00,1.00
2017.03.15 22:55:35.570,8.5005,8.50232,1.00,1.00
2017.03.15 22:55:35.729,8.50058,8.50242,1.00,1.00
2017.03.15 22:55:35.779,8.50073,8.50257,1.00,1.00
2017.03.15 22:55:36.140,8.5007,8.50254,1.00,1.00
2017.03.15 22:55:36.898,8.50069,8.50253,1.00,1.00
2017.03.15 22:55:37.536,8.50081,8.50265,1.00,1.00
2017.03.15 22:55:37.891,8.5005,8.50234,1.00,1.00
2017.03.15 22:55:38.439,8.50087,8.50271,1.00,1.00
2017.03.15 22:55:38.957,8.50077,8.50261,1.00,1.00
2017.03.15 22:55:39.249,8.50022,8.50233,1.50,1.00
2017.03.15 22:55:39.428,8.50044,8.50228,1.00,1.00
2017.03.15 22:55:39.566,8.50011,8.50223,1.00,1.00
2017.03.15 22:55:39.617,8.50017,8.50223,1.00,1.00
2017.03.15 22:55:40.097,8.50035,8.50219,1.00,1.00
2017.03.15 22:55:45.022,8.5004,8.50224,1.00,1.00
2017.03.15 22:55:52.538,8.50041,8.50225,1.00,1.00
2017.03.15 22:55:55.507,8.50047,8.50225,1.00,1.00
2017.03.15 22:55:55.761,8.50041,8.50225,1.00,1.00
2017.03.15 22:56:00.052,8.50045,8.50227,1.00,1.00
2017.03.15 22:56:01.053,8.50046,8.5023,1.00,1.00
2017.03.15 22:56:11.137,8.50053,8.50237,1.00,1.00
2017.03.15 22:56:11.339,8.50023,8.50221,1.00,1.00
2017.03.15 22:56:11.491,8.50059,8.50241,1.00,1.00
2017.03.15 22:56:12.189,8.50077,8.50261,1.00,1.00
2017.03.15 22:56:13.202,8.50085,8.50269,1.00,1.00
2017.03.15 22:56:15.082,8.50077,8.50261,1.00,1.00
2017.03.15 22:56:15.779,8.50032,8.50216,1.00,1.00
2017.03.15 22:56:16.032,8.50007,8.50203,1.00,1.00
2017.03.15 22:56:16.309,8.50045,8.50227,1.00,1.00
2017.03.15 22:56:16.738,8.50062,8.50246,1.00,1.00
2017.03.15 22:56:17.361,8.50057,8.50241,1.00,1.00
2017.03.15 22:56:17.665,8.5006,8.50242,1.00,1.00
2017.03.15 22:56:18.593,8.50066,8.5025,1.00,1.00
2017.03.15 22:56:21.533,8.50061,8.50245,1.00,1.00
2017.03.15 22:56:21.852,8.50048,8.50232,1.00,1.00
2017.03.15 22:56:22.202,8.50036,8.5022,1.00,1.00
2017.03.15 22:56:22.526,8.5007,8.50254,1.00,1.00
2017.03.15 22:56:22.627,8.50023,8.50231,1.00,1.00
2017.03.15 22:56:22.793,8.50051,8.50235,1.00,1.00
2017.03.15 22:56:23.256,8.50075,8.50259,1.00,1.00
2017.03.15 22:56:23.714,8.50058,8.50242,1.00,1.00
2017.03.15 22:56:24.322,8.50062,8.50246,1.00,1.00
2017.03.15 22:56:24.630,8.50022,8.50204,1.00,1.00
2017.03.15 22:56:24.680,8.50065,8.50249,1.00,1.00
2017.03.15 22:56:25.372,8.50067,8.50251,1.00,1.00
2017.03.15 22:56:26.342,8.50074,8.50256,1.00,1.00
2017.03.15 22:56:28.873,8.50062,8.50246,1.00,1.00
2017.03.15 22:56:28.924,8.50032,8.50216,1.00,1.00
2017.03.15 22:56:29.227,8.50063,8.50247,1.00,1.00
2017.03.15 22:56:29.876,8.50083,8.50267,1.00,1.00
2017.03.15 22:56:30.860,8.50105,8.50289,1.00,1.00
2017.03.15 22:56:31.589,8.50106,8.50288,1.00,1.00
2017.03.15 22:56:31.831,8.50093,8.50277,1.00,1.00
2017.03.15 22:56:32.888,8.50088,8.50272,1.00,1.00
2017.03.15 22:56:37.968,8.50092,8.50276,1.00,1.00
2017.03.15 22:56:39.769,8.50094,8.50278,1.00,1.00
2017.03.15 22:56:40.995,8.50096,8.5028,1.00,1.00
2017.03.15 22:56:41.260,8.50079,8.50289,1.00,1.00
2017.03.15 22:56:41.749,8.50079,8.50263,1.00,1.00
2017.03.15 22:56:43.413,8.50078,8.50262,1.00,1.00
2017.03.15 22:56:43.961,8.50084,8.50268,1.00,1.00
2017.03.15 22:56:45.142,8.50082,8.50265,1.00,1.00
2017.03.15 22:56:46.144,8.50077,8.5026,1.00,1.00
2017.03.15 22:56:47.146,8.50081,8.50265,1.00,1.00
2017.03.15 22:56:48.146,8.5008,8.50264,1.00,1.00
2017.03.15 22:56:49.457,8.50077,8.5026,1.00,1.00
2017.03.15 22:56:50.508,8.50082,8.50264,1.00,1.00
2017.03.15 22:56:51.461,8.5008,8.50264,1.00,1.00
2017.03.15 22:56:51.775,8.50087,8.50264,1.00,1.00
2017.03.15 22:56:52.657,8.50087,8.50266,1.00,1.00
2017.03.15 22:56:53.678,8.50087,8.50264,1.00,1.00
2017.03.15 22:56:58.865,8.50087,8.50259,1.00,1.00
2017.03.15 22:57:01.425,8.50087,8.50265,1.00,1.00
2017.03.15 22:57:01.776,8.50117,8.50265,1.00,1.00
2017.03.15 22:57:02.078,8.50081,8.50265,1.00,1.00
2017.03.15 22:57:02.523,8.50077,8.50259,1.00,1.00
2017.03.15 22:57:03.526,8.50081,8.50265,1.00,1.00
2017.03.15 22:57:04.570,8.50077,8.50259,1.00,1.00
2017.03.15 22:57:05.550,8.50081,8.50265,1.00,1.00
2017.03.15 22:57:07.687,8.5008,8.50264,1.00,1.00
2017.03.15 22:57:08.687,8.50082,8.50266,1.00,1.00
2017.03.15 22:57:12.737,8.50077,8.50261,1.50,1.00
2017.03.15 22:57:13.738,8.50082,8.50266,1.00,1.00
2017.03.15 22:57:14.738,8.50081,8.50265,1.00,1.00
2017.03.15 22:57:15.741,8.50083,8.50267,1.00,1.00
2017.03.15 22:57:16.743,8.50081,8.50265,1.00,1.00
2017.03.15 22:57:17.812,8.50078,8.50261,1.00,1.00
2017.03.15 22:57:18.813,8.50083,8.50267,1.00,1.00
2017.03.15 22:57:20.306,8.50078,8.5026,1.50,1.00
2017.03.15 22:57:21.307,8.50081,8.50265,1.00,1.00
2017.03.15 22:57:22.356,8.50077,8.50261,1.00,1.00
2017.03.15 22:57:23.312,8.50083,8.50267,1.00,1.00
2017.03.15 22:57:24.498,8.50076,8.5026,1.00,1.00
2017.03.15 22:57:27.541,8.50082,8.50264,1.00,1.00
2017.03.15 22:57:28.540,8.50076,8.5026,1.00,1.00
2017.03.15 22:57:30.838,8.50082,8.50266,1.00,1.00
2017.03.15 22:57:31.790,8.50081,8.50265,1.00,1.00
2017.03.15 22:57:37.747,8.5008,8.50264,1.00,1.00
2017.03.15 22:57:39.456,8.50087,8.50264,1.00,1.00
2017.03.15 22:57:40.291,8.50087,8.50259,1.00,1.00
2017.03.15 22:57:40.402,8.50087,8.50265,1.00,1.00
2017.03.15 22:57:40.806,8.50072,8.50283,1.50,1.00
2017.03.15 22:57:40.945,8.50109,8.50293,1.00,1.00
2017.03.15 22:57:41.868,8.50107,8.50291,1.00,1.00
2017.03.15 22:57:42.837,8.50072,8.50253,1.00,1.00
2017.03.15 22:57:42.938,8.50069,8.50253,1.00,1.00
2017.03.15 22:57:43.815,8.50083,8.50267,1.00,1.00
2017.03.15 22:57:45.261,8.50085,8.50269,1.00,1.00
2017.03.15 22:57:46.262,8.50086,8.5027,1.00,1.00
2017.03.15 22:57:52.777,8.50088,8.5027,1.00,1.00
2017.03.15 22:57:53.025,8.50087,8.50273,1.00,1.00
2017.03.15 22:57:54.537,8.50095,8.50282,1.00,1.00
2017.03.15 22:57:54.588,8.50089,8.50276,1.00,1.00
2017.03.15 22:57:55.563,8.50086,8.50272,1.00,1.00
2017.03.15 22:58:00.304,8.50083,8.5027,1.00,1.00
2017.03.15 22:58:01.262,8.50086,8.50273,1.00,1.00
2017.03.15 22:58:05.779,8.50092,8.50277,1.00,1.00
2017.03.15 22:58:06.747,8.5009,8.50277,1.00,1.00
2017.03.15 22:58:07.812,8.50089,8.50276,1.00,1.00
2017.03.15 22:58:08.807,8.5009,8.50277,1.00,1.00
2017.03.15 22:58:15.321,8.50089,8.50276,1.00,1.00
2017.03.15 22:58:16.164,8.50117,8.50285,1.00,1.00
2017.03.15 22:58:16.273,8.50108,8.50295,1.00,1.00
2017.03.15 22:58:16.324,8.50126,8.50313,1.00,1.00
2017.03.15 22:58:16.626,8.50084,8.50271,1.00,1.00
2017.03.15 22:58:16.959,8.50129,8.50316,1.00,1.00
2017.03.15 22:58:17.473,8.50121,8.5034,1.00,1.00
2017.03.15 22:58:17.619,8.5014,8.50326,1.00,1.00
2017.03.15 22:58:19.123,8.50151,8.50338,1.00,1.00
2017.03.15 22:58:19.224,8.50157,8.50341,1.00,1.00
2017.03.15 22:58:19.375,8.50169,8.50354,1.00,1.00
2017.03.15 22:58:19.490,8.50114,8.50301,1.00,1.00
2017.03.15 22:58:19.541,8.50113,8.5035,1.00,1.00
2017.03.15 22:58:19.844,8.50122,8.5035,1.00,1.00
2017.03.15 22:58:20.126,8.50192,8.50456,1.00,1.00
2017.03.15 22:58:20.177,8.50187,8.50456,1.00,1.00
2017.03.15 22:58:20.306,8.502,8.50484,1.00,1.00
2017.03.15 22:58:20.357,8.50203,8.50484,1.00,1.00
2017.03.15 22:58:20.518,8.50234,8.50608,1.00,1.00
2017.03.15 22:58:20.569,8.50237,8.50632,1.00,1.50
2017.03.15 22:58:20.619,8.50244,8.50635,1.00,1.00
2017.03.15 22:58:20.963,8.50297,8.50574,1.00,1.00
2017.03.15 22:58:21.347,8.50298,8.50611,1.00,1.00
2017.03.15 22:58:21.448,8.50301,8.50611,1.00,1.00
2017.03.15 22:58:21.498,8.50302,8.50627,1.00,1.00
2017.03.15 22:58:21.549,8.50311,8.50627,1.00,1.00
2017.03.15 22:58:21.600,8.50297,8.5067,1.00,1.00
2017.03.15 22:58:21.751,8.50311,8.5067,1.00,1.00
2017.03.15 22:58:21.903,8.50299,8.5067,1.00,1.00
2017.03.15 22:58:21.953,8.50314,8.5067,1.00,1.00
2017.03.15 22:58:22.004,8.50288,8.5067,1.00,1.00
2017.03.15 22:58:22.093,8.50367,8.50646,1.00,1.00
2017.03.15 22:58:22.268,8.50313,8.50646,1.00,1.00
2017.03.15 22:58:22.319,8.50327,8.50646,1.00,1.00
2017.03.15 22:58:22.369,8.50326,8.50652,1.50,1.00
2017.03.15 22:58:22.420,8.50328,8.50652,1.00,1.00
2017.03.15 22:58:22.521,8.50316,8.50649,1.00,1.00
2017.03.15 22:58:22.773,8.5031,8.50672,1.00,1.00
2017.03.15 22:58:22.923,8.50301,8.50673,1.00,1.00
2017.03.15 22:58:23.024,8.50315,8.50656,1.00,1.00
2017.03.15 22:58:25.755,8.50311,8.50686,1.00,1.00
2017.03.15 22:58:25.806,8.50336,8.50647,1.00,1.00
2017.03.15 22:58:26.519,8.50336,8.5065,1.00,1.00
2017.03.15 22:58:26.762,8.50402,8.50644,1.00,1.00
2017.03.15 22:58:26.812,8.50385,8.50654,1.00,1.00
2017.03.15 22:58:26.863,8.50344,8.50653,1.00,1.00
2017.03.15 22:58:27.279,8.50407,8.50682,1.00,1.00
2017.03.15 22:58:27.329,8.50354,8.5065,1.00,1.00
2017.03.15 22:58:27.739,8.50319,8.50666,1.00,1.00
2017.03.15 22:58:27.790,8.50307,8.50666,1.00,1.00
2017.03.15 22:58:27.841,8.50315,8.50656,1.00,1.00
2017.03.15 22:58:28.048,8.50292,8.50669,1.00,1.00
2017.03.15 22:58:28.250,8.50332,8.50669,1.00,1.00
2017.03.15 22:58:28.553,8.50383,8.50648,1.00,1.00
2017.03.15 22:58:28.840,8.50328,8.50651,1.00,1.00
2017.03.15 22:58:30.394,8.50328,8.50647,1.00,1.00
2017.03.15 22:58:30.844,8.50337,8.5065,1.00,1.00
2017.03.15 22:58:31.097,8.5032,8.50649,1.00,1.00
2017.03.15 22:58:31.300,8.50392,8.50646,1.00,1.00
2017.03.15 22:58:31.401,8.50339,8.50646,1.00,1.00
2017.03.15 22:58:31.664,8.50413,8.50651,1.00,1.00
2017.03.15 22:58:32.270,8.50425,8.50662,1.00,1.00
2017.03.15 22:58:32.321,8.50372,8.50654,1.00,1.00
2017.03.15 22:58:32.372,8.50346,8.50654,1.00,1.00
2017.03.15 22:58:32.422,8.50372,8.50654,1.00,1.00
2017.03.15 22:58:32.775,8.50386,8.50687,1.00,1.00
2017.03.15 22:58:33.063,8.50386,8.50687,1.37,1.00
2017.03.15 22:58:33.763,8.50451,8.50688,1.00,1.00
2017.03.15 22:58:34.009,8.50372,8.50682,1.37,1.00
2017.03.15 22:58:34.060,8.50373,8.50682,1.00,1.00
2017.03.15 22:58:34.169,8.50373,8.50695,1.00,1.00
2017.03.15 22:58:34.504,8.5037,8.50695,1.00,1.00
2017.03.15 22:58:34.554,8.50412,8.50695,1.00,1.00
2017.03.15 22:58:34.655,8.50412,8.50697,1.00,1.00
2017.03.15 22:58:34.706,8.50422,8.50697,1.00,1.00
2017.03.15 22:58:35.031,8.50476,8.50713,1.00,1.00
2017.03.15 22:58:35.131,8.50439,8.50678,1.00,1.00
2017.03.15 22:58:36.013,8.50465,8.50702,1.00,1.00
2017.03.15 22:58:36.309,8.50422,8.50671,1.00,1.00
2017.03.15 22:58:36.360,8.50422,8.50689,1.00,1.00
2017.03.15 22:58:36.462,8.50463,8.50701,1.00,1.00
2017.03.15 22:58:37.017,8.50422,8.50699,1.00,1.00
2017.03.15 22:58:38.016,8.50422,8.50697,1.00,1.00
2017.03.15 22:58:40.030,8.50392,8.5068,1.00,1.00
2017.03.15 22:58:40.182,8.50422,8.5069,1.00,1.00
2017.03.15 22:58:40.283,8.50422,8.50708,1.00,1.00
2017.03.15 22:58:45.381,8.50422,8.50714,1.00,1.00
2017.03.15 22:58:46.966,8.50423,8.50714,1.00,1.00
2017.03.15 22:58:49.921,8.50423,8.50692,1.00,1.00
2017.03.15 22:58:50.414,8.50401,8.5071,1.00,1.00
2017.03.15 22:58:50.515,8.50384,8.50711,1.00,1.00
2017.03.15 22:58:50.566,8.50393,8.50711,1.00,1.00
2017.03.15 22:58:50.616,8.50384,8.50706,1.00,1.00
2017.03.15 22:58:50.835,8.50422,8.50706,1.00,1.00
2017.03.15 22:58:51.364,8.50386,8.50715,1.00,1.00
2017.03.15 22:58:51.465,8.50392,8.50715,1.00,1.00
2017.03.15 22:58:51.566,8.50366,8.50712,1.00,1.00
2017.03.15 22:58:51.667,8.50383,8.50712,1.00,1.00
2017.03.15 22:58:51.818,8.50377,8.50711,1.00,1.00
2017.03.15 22:58:51.869,8.50382,8.50711,1.00,1.00
2017.03.15 22:58:52.171,8.50474,8.50711,1.00,1.00
2017.03.15 22:58:52.430,8.50357,8.50712,1.00,1.00
2017.03.15 22:58:52.714,8.50378,8.507,1.00,1.00
2017.03.15 22:58:52.815,8.50329,8.50698,1.37,1.00
2017.03.15 22:58:53.339,8.50328,8.50698,1.37,1.00
2017.03.15 22:58:53.759,8.50328,8.50698,1.00,1.00
2017.03.15 22:58:53.860,8.50327,8.50702,1.00,1.00
2017.03.15 22:58:55.609,8.50373,8.50702,1.00,1.00
2017.03.15 22:58:55.915,8.50369,8.507,1.00,1.00
2017.03.15 22:58:56.016,8.50461,8.50715,1.00,1.00
2017.03.15 22:58:56.066,8.50364,8.50715,1.00,1.00
2017.03.15 22:58:56.117,8.50383,8.50715,1.00,1.00
2017.03.15 22:58:56.199,8.50368,8.50715,1.00,1.00
2017.03.15 22:58:56.350,8.50366,8.50715,1.00,1.00
2017.03.15 22:58:56.401,8.50354,8.50715,1.00,1.00
2017.03.15 22:58:56.451,8.50363,8.50715,1.00,1.00
2017.03.15 22:58:56.754,8.50408,8.50687,1.00,1.00
2017.03.15 22:58:57.074,8.50422,8.50687,1.00,1.00
2017.03.15 22:58:57.639,8.50357,8.50703,1.00,1.00
2017.03.15 22:58:57.689,8.50357,8.50696,1.00,1.00
2017.03.15 22:58:57.791,8.50357,8.50699,1.00,1.00
2017.03.15 22:58:57.892,8.50359,8.50699,1.00,1.00
2017.03.15 22:58:58.194,8.50408,8.50694,1.00,1.00
2017.03.15 22:58:58.639,8.50367,8.50696,1.00,1.00
2017.03.15 22:58:58.690,8.50327,8.50696,1.37,1.00
2017.03.15 22:58:58.759,8.50328,8.50696,1.00,1.00
2017.03.15 22:58:58.860,8.5032,8.50696,1.00,1.00
2017.03.15 22:59:00.411,8.5032,8.50685,1.00,1.00
2017.03.15 22:59:00.954,8.50372,8.50685,1.00,1.00
2017.03.15 22:59:01.005,8.50353,8.50685,1.00,1.00
2017.03.15 22:59:01.055,8.5044,8.5069,1.00,1.00
2017.03.15 22:59:01.374,8.50462,8.507,1.00,1.00
2017.03.15 22:59:01.622,8.50367,8.50691,1.00,1.00
2017.03.15 22:59:01.673,8.50351,8.50692,1.00,1.00
2017.03.15 22:59:01.774,8.50348,8.50692,1.00,1.00
2017.03.15 22:59:02.004,8.50356,8.50692,1.00,1.00
2017.03.15 22:59:02.169,8.50348,8.50692,1.00,1.00
2017.03.15 22:59:02.522,8.50348,8.50696,1.00,1.00
2017.03.15 22:59:02.649,8.50373,8.50696,1.00,1.00
2017.03.15 22:59:02.700,8.50352,8.50696,1.00,1.00
2017.03.15 22:59:02.751,8.50372,8.50696,1.00,1.00
2017.03.15 22:59:03.566,8.50352,8.50686,1.50,1.00
2017.03.15 22:59:03.617,8.50352,8.50673,1.00,1.00
2017.03.15 22:59:03.667,8.50348,8.50673,1.00,1.00
2017.03.15 22:59:03.768,8.50361,8.50685,1.00,1.00
2017.03.15 22:59:04.263,8.50384,8.50685,1.00,1.00
2017.03.15 22:59:04.565,8.50384,8.50667,1.00,1.00
2017.03.15 22:59:05.590,8.50384,8.50679,1.00,1.00
2017.03.15 22:59:05.641,8.50384,8.50685,1.00,1.00
2017.03.15 22:59:05.691,8.50422,8.50685,1.00,1.00
2017.03.15 22:59:05.742,8.50372,8.50685,1.00,1.00
2017.03.15 22:59:05.792,8.50392,8.50685,1.00,1.00
2017.03.15 22:59:05.893,8.50375,8.50685,1.00,1.00
2017.03.15 22:59:05.994,8.50372,8.50685,1.00,1.00
2017.03.15 22:59:06.246,8.50377,8.50685,1.00,1.00
2017.03.15 22:59:06.580,8.50373,8.50653,1.00,1.00
2017.03.15 22:59:06.965,8.50378,8.50653,1.00,1.00
2017.03.15 22:59:07.926,8.50378,8.5065,1.00,1.00
2017.03.15 22:59:08.890,8.50379,8.5065,1.00,1.00
2017.03.15 22:59:09.607,8.50379,8.50666,1.00,1.00
2017.03.15 22:59:09.658,8.50422,8.50676,1.00,1.00
2017.03.15 22:59:09.709,8.50343,8.50676,1.00,1.00
2017.03.15 22:59:09.759,8.50367,8.50676,1.50,1.00
2017.03.15 22:59:09.810,8.50342,8.50691,1.00,1.00
2017.03.15 22:59:09.961,8.50344,8.50666,1.00,1.00
2017.03.15 22:59:10.077,8.50367,8.507,1.00,1.00
2017.03.15 22:59:10.128,8.50342,8.507,1.00,1.00
2017.03.15 22:59:10.178,8.50422,8.507,1.00,1.00
2017.03.15 22:59:10.734,8.50423,8.507,1.00,1.00
2017.03.15 22:59:10.931,8.50423,8.50702,1.00,1.00
2017.03.15 22:59:11.010,8.50423,8.50676,1.00,1.00
2017.03.15 22:59:11.248,8.50423,8.50702,1.00,1.00
2017.03.15 22:59:11.349,8.50378,8.50702,3.00,1.00
2017.03.15 22:59:11.399,8.50397,8.50703,1.00,1.00
2017.03.15 22:59:11.450,8.50356,8.50702,1.00,1.00
2017.03.15 22:59:11.500,8.50367,8.50703,1.00,1.00
2017.03.15 22:59:11.552,8.50355,8.50703,1.87,1.00
2017.03.15 22:59:11.653,8.5051,8.50703,1.00,1.00
2017.03.15 22:59:11.959,8.50398,8.50702,2.62,1.00
2017.03.15 22:59:12.142,8.50352,8.50702,1.37,1.00
2017.03.15 22:59:12.810,8.50352,8.50703,1.37,1.00
2017.03.15 22:59:14.417,8.50361,8.50702,1.12,1.00
2017.03.15 22:59:14.807,8.50422,8.50703,1.00,1.00
2017.03.15 22:59:15.013,8.50368,8.50703,1.12,1.00
2017.03.15 22:59:15.371,8.5052,8.50703,1.00,1.00
2017.03.15 22:59:15.837,8.50373,8.50702,1.00,1.00
2017.03.15 22:59:16.005,8.50365,8.50703,1.37,1.00
2017.03.15 22:59:16.429,8.50372,8.50703,1.00,1.00
2017.03.15 22:59:16.731,8.50372,8.50703,1.37,1.00
2017.03.15 22:59:17.066,8.50423,8.50702,1.00,1.00
2017.03.15 22:59:17.308,8.50372,8.50703,1.00,1.50
2017.03.15 22:59:18.051,8.50372,8.50702,1.00,1.00
2017.03.15 22:59:18.311,8.50377,8.50688,1.00,1.00
2017.03.15 22:59:29.633,8.504,8.50697,1.00,1.00
2017.03.15 22:59:30.606,8.50403,8.507,1.00,1.00
2017.03.15 22:59:34.694,8.50462,8.507,1.00,1.00
2017.03.15 22:59:50.478,8.50453,8.50688,1.00,1.00
2017.03.15 22:59:53.010,8.50449,8.50684,1.00,1.00
2017.03.15 22:59:58.835,8.50449,8.50682,1.00,1.00
2017.03.15 22:59:58.886,8.50449,8.50684,1.00,1.00
