2011.01.10 13:00:00.625,5.98166,5.98345,1.08,2.14
2011.01.10 13:00:00.960,5.98114,5.98294,4.50,4.35
2011.01.10 13:00:01.404,5.98114,5.98294,4.50,4.35
2011.01.10 13:00:01.529,5.98152,5.98313,2.37,1.50
2011.01.10 13:00:01.651,5.98166,5.98326,4.50,1.65
2011.01.10 13:00:02.297,5.98139,5.98333,1.50,4.35
2011.01.10 13:00:03.058,5.98139,5.98323,1.50,1.20
2011.01.10 13:00:03.279,5.98139,5.98328,1.50,4.58
2011.01.10 13:00:03.537,5.98148,5.98341,1.09,2.14
2011.01.10 13:00:03.652,5.98143,5.98337,4.69,2.00
2011.01.10 13:00:04.212,5.98142,5.98328,4.69,4.35
2011.01.10 13:00:04.439,5.98142,5.98328,4.69,1.80
2011.01.10 13:00:04.551,5.98139,5.98332,1.69,1.20
2011.01.10 13:00:05.113,5.98139,5.98315,1.50,1.58
2011.01.10 13:00:05.567,5.98139,5.98315,1.50,1.50
2011.01.10 13:00:06.521,5.98139,5.98334,1.50,4.20
2011.01.10 13:00:06.645,5.98136,5.98315,1.50,4.20
2011.01.10 13:00:07.311,5.98136,5.98315,1.50,1.58
2011.01.10 13:00:07.429,5.98136,5.98304,1.50,4.69
2011.01.10 13:00:07.891,5.98136,5.9827,1.50,3.75
2011.01.10 13:00:08.010,5.98115,5.98307,1.50,1.58
2011.01.10 13:00:08.130,5.98099,5.98292,4.50,3.08
2011.01.10 13:00:08.250,5.98076,5.98269,4.50,2.44
2011.01.10 13:00:09.004,5.98061,5.98249,4.50,4.35
2011.01.10 13:00:09.702,5.98033,5.98233,1.50,4.35
2011.01.10 13:00:09.824,5.98033,5.98223,1.50,4.35
2011.01.10 13:00:10.806,5.98033,5.98213,1.50,1.73
2011.01.10 13:00:10.924,5.98033,5.9822,1.50,4.17
2011.01.10 13:00:11.688,5.98033,5.9823,1.50,1.65
2011.01.10 13:00:11.804,5.9807,5.98252,1.50,1.80
2011.01.10 13:00:11.919,5.9807,5.98252,1.50,1.50
2011.01.10 13:00:12.729,5.98005,5.98177,1.50,1.50
2011.01.10 13:00:12.838,5.98001,5.98164,1.88,2.14
2011.01.10 13:00:13.056,5.97959,5.98151,1.50,1.50
2011.01.10 13:00:13.166,5.97959,5.98165,1.50,5.89
2011.01.10 13:00:13.278,5.97959,5.98113,1.50,1.50
2011.01.10 13:00:13.833,5.97959,5.9812,1.50,1.50
2011.01.10 13:00:13.950,5.97959,5.98109,1.50,1.50
2011.01.10 13:00:14.286,5.97987,5.98165,1.69,4.39
2011.01.10 13:00:14.854,5.98011,5.98164,1.50,1.50
2011.01.10 13:00:15.186,5.98011,5.98155,1.50,1.50
2011.01.10 13:00:15.297,5.98011,5.98155,1.50,1.50
2011.01.10 13:00:15.838,5.97992,5.98146,1.50,1.50
2011.01.10 13:00:16.056,5.97992,5.9815,1.50,1.50
2011.01.10 13:00:17.048,5.97969,5.98117,1.50,1.50
2011.01.10 13:00:17.486,5.97968,5.98112,1.09,1.50
2011.01.10 13:00:18.046,5.97972,5.98112,1.05,1.50
2011.01.10 13:00:18.161,5.97957,5.98112,1.09,1.50
2011.01.10 13:00:18.712,5.97968,5.98112,1.09,1.50
2011.01.10 13:00:19.136,5.97958,5.98113,1.09,1.50
2011.01.10 13:00:19.869,5.97953,5.98128,1.58,1.50
2011.01.10 13:00:19.979,5.97953,5.98104,1.50,1.50
2011.01.10 13:00:20.099,5.97942,5.98113,1.65,1.50
2011.01.10 13:00:20.749,5.97937,5.98117,1.09,1.50
2011.01.10 13:00:22.517,5.97948,5.98123,2.70,2.14
2011.01.10 13:00:24.426,5.97958,5.98123,1.09,1.50
2011.01.10 13:00:24.884,5.97958,5.98135,1.09,1.50
2011.01.10 13:00:25.003,5.97943,5.98128,3.04,2.14
2011.01.10 13:00:25.119,5.97943,5.98119,1.05,1.50
2011.01.10 13:00:26.628,5.97908,5.98093,1.09,1.50
2011.01.10 13:00:28.768,5.97907,5.98093,1.50,1.73
2011.01.10 13:00:29.516,5.97907,5.98093,2.97,1.50
2011.01.10 13:00:30.157,5.97907,5.98085,2.97,1.50
2011.01.10 13:00:31.916,5.97907,5.98085,1.50,1.58
2011.01.10 13:00:32.237,5.97907,5.98075,1.50,1.50
2011.01.10 13:00:32.643,5.97907,5.98075,1.50,1.58
2011.01.10 13:00:32.757,5.97907,5.98075,1.50,1.50
2011.01.10 13:00:36.559,5.97907,5.98098,1.58,1.65
2011.01.10 13:00:36.667,5.97912,5.98098,1.05,1.50
2011.01.10 13:00:36.777,5.97929,5.98098,2.29,1.50
2011.01.10 13:00:37.324,5.97938,5.98119,1.09,2.14
2011.01.10 13:00:37.453,5.97933,5.9814,1.65,2.44
2011.01.10 13:00:37.567,5.97933,5.9814,1.58,2.29
2011.01.10 13:00:37.678,5.97933,5.98138,1.58,1.05
2011.01.10 13:00:38.423,5.9792,5.98118,1.50,2.41
2011.01.10 13:00:38.758,5.9792,5.98127,1.50,1.17
2011.01.10 13:00:39.921,5.9792,5.98128,2.78,1.05
2011.01.10 13:00:40.410,5.9792,5.98135,1.50,2.14
2011.01.10 13:00:40.527,5.9792,5.98086,1.50,1.50
2011.01.10 13:00:40.861,5.97852,5.98055,1.50,1.50
2011.01.10 13:00:41.341,5.97852,5.98041,1.50,3.75
2011.01.10 13:00:41.456,5.97842,5.98049,4.50,2.14
2011.01.10 13:00:42.560,5.97858,5.98058,3.00,2.14
2011.01.10 13:00:51.659,5.97866,5.98064,1.65,1.50
2011.01.10 13:00:52.517,5.97877,5.98081,3.00,4.54
2011.01.10 13:00:55.228,5.97877,5.98087,6.72,1.39
2011.01.10 13:00:55.557,5.97947,5.98087,2.25,6.60
2011.01.10 13:00:56.525,5.97897,5.9807,2.25,2.67
2011.01.10 13:00:56.967,5.97897,5.9807,2.25,2.67
2011.01.10 13:01:05.417,5.97897,5.98065,2.25,2.29
2011.01.10 13:01:05.528,5.97937,5.98065,2.25,2.14
2011.01.10 13:01:05.978,5.97937,5.98065,2.25,1.58
2011.01.10 13:01:06.105,5.97937,5.98067,2.25,1.05
2011.01.10 13:01:06.330,5.97937,5.98069,2.25,2.14
2011.01.10 13:01:06.905,5.97937,5.98099,2.25,1.39
2011.01.10 13:01:07.020,5.97937,5.98101,2.25,1.39
2011.01.10 13:01:07.602,5.97937,5.98105,3.00,1.50
2011.01.10 13:01:07.937,5.97977,5.98132,2.25,2.14
2011.01.10 13:01:09.218,5.97977,5.98149,2.25,2.14
2011.01.10 13:01:09.892,5.97977,5.98125,2.25,1.39
2011.01.10 13:01:11.229,5.97947,5.98125,2.25,1.39
2011.01.10 13:01:11.355,5.97947,5.98112,2.25,1.39
2011.01.10 13:01:12.121,5.97988,5.98131,2.25,2.89
2011.01.10 13:01:12.244,5.97947,5.981,2.25,1.50
2011.01.10 13:01:13.191,5.97947,5.98134,2.33,4.39
2011.01.10 13:01:13.967,5.97947,5.98139,2.48,4.39
2011.01.10 13:01:14.500,5.97987,5.98152,2.25,1.09
2011.01.10 13:01:14.942,5.97987,5.98147,2.25,1.05
2011.01.10 13:01:15.280,5.97948,5.98115,2.25,4.54
2011.01.10 13:01:15.831,5.97948,5.98104,2.25,2.04
2011.01.10 13:01:16.032,5.97948,5.98112,2.25,1.32
2011.01.10 13:01:16.629,5.97948,5.98126,2.25,10.35
2011.01.10 13:01:17.079,5.97987,5.98127,2.25,1.17
2011.01.10 13:01:17.193,5.97987,5.9815,2.25,4.39
2011.01.10 13:01:17.310,5.97987,5.98148,2.25,1.17
2011.01.10 13:01:17.989,5.97987,5.98125,2.25,1.81
2011.01.10 13:01:18.101,5.97987,5.98157,2.25,2.29
2011.01.10 13:01:21.097,5.97987,5.98148,2.25,1.05
2011.01.10 13:01:21.209,5.97987,5.98157,2.25,1.17
2011.01.10 13:01:22.077,5.97987,5.98148,2.25,1.05
2011.01.10 13:01:22.686,5.97947,5.98088,2.25,1.50
2011.01.10 13:01:23.029,5.97947,5.98106,6.23,2.14
2011.01.10 13:01:23.561,5.97947,5.98106,2.33,2.14
2011.01.10 13:01:23.672,5.97947,5.981,2.25,1.50
2011.01.10 13:01:24.272,5.97898,5.9805,2.25,1.65
2011.01.10 13:01:24.608,5.97948,5.98064,2.25,1.50
2011.01.10 13:01:25.072,5.97948,5.9807,2.25,1.50
2011.01.10 13:01:25.194,5.97948,5.98082,2.25,1.50
2011.01.10 13:01:27.562,5.97948,5.98083,2.25,1.50
2011.01.10 13:01:28.387,5.97948,5.98069,2.25,1.50
2011.01.10 13:01:29.252,5.97897,5.98069,2.25,4.69
2011.01.10 13:01:29.367,5.97897,5.98057,2.25,1.50
2011.01.10 13:01:29.670,5.97897,5.98057,2.25,1.65
2011.01.10 13:01:29.956,5.97897,5.98057,2.25,1.50
2011.01.10 13:01:30.625,5.97948,5.98057,2.25,1.50
2011.01.10 13:01:30.738,5.97948,5.98083,2.25,1.50
2011.01.10 13:01:33.730,5.97948,5.98082,2.25,1.50
2011.01.10 13:01:36.249,5.97948,5.98092,2.25,1.50
2011.01.10 13:01:39.697,5.97948,5.98078,2.25,1.50
2011.01.10 13:01:40.212,5.97948,5.98088,2.25,1.50
2011.01.10 13:01:42.200,5.97948,5.981,2.25,4.69
2011.01.10 13:01:42.900,5.97948,5.98092,2.25,1.32
2011.01.10 13:01:43.129,5.97948,5.98088,2.25,1.50
2011.01.10 13:01:43.238,5.97948,5.98099,2.25,2.14
2011.01.10 13:01:50.014,5.97948,5.98104,2.25,1.50
2011.01.10 13:01:50.615,5.97948,5.98104,2.25,1.65
2011.01.10 13:01:50.726,5.97948,5.98095,2.25,1.50
2011.01.10 13:01:52.494,5.97948,5.98095,2.25,1.65
2011.01.10 13:01:53.311,5.97948,5.98081,2.25,1.50
2011.01.10 13:01:54.196,5.97948,5.9808,2.25,1.50
2011.01.10 13:01:57.659,5.97948,5.9809,2.25,1.50
2011.01.10 13:01:59.072,5.97948,5.98091,2.25,1.50
2011.01.10 13:02:00.098,5.97948,5.98106,2.25,2.14
2011.01.10 13:02:00.938,5.97948,5.98106,2.25,1.50
2011.01.10 13:02:03.954,5.97987,5.9812,2.25,1.50
2011.01.10 13:02:04.069,5.97948,5.98109,1.05,1.50
2011.01.10 13:02:04.178,5.97947,5.98109,2.25,2.14
2011.01.10 13:02:04.397,5.97947,5.98111,2.25,1.50
2011.01.10 13:02:04.508,5.97947,5.98111,2.25,1.65
2011.01.10 13:02:05.196,5.97947,5.98099,2.25,1.50
2011.01.10 13:02:06.046,5.97947,5.98091,2.25,1.50
2011.01.10 13:02:06.449,5.97947,5.98107,2.25,2.14
2011.01.10 13:02:06.997,5.97947,5.98107,3.30,1.50
2011.01.10 13:02:07.114,5.97987,5.98109,2.25,1.50
2011.01.10 13:02:08.761,5.97987,5.98109,6.08,1.50
2011.01.10 13:02:08.991,5.97991,5.98174,2.48,2.14
2011.01.10 13:02:09.528,5.98037,5.98185,2.25,1.50
2011.01.10 13:02:10.313,5.98037,5.98175,2.25,2.14
2011.01.10 13:02:10.434,5.97988,5.98152,2.70,1.39
2011.01.10 13:02:16.394,5.97988,5.98145,2.25,1.88
2011.01.10 13:02:16.635,5.97988,5.98145,2.48,1.88
2011.01.10 13:02:16.878,5.97988,5.98145,2.40,1.88
2011.01.10 13:02:17.658,5.97988,5.98145,2.25,1.50
2011.01.10 13:02:17.935,5.97988,5.98145,2.40,1.50
2011.01.10 13:02:18.230,5.97988,5.98145,2.33,1.50
2011.01.10 13:02:18.346,5.97988,5.98145,2.55,1.50
2011.01.10 13:02:18.937,5.97988,5.98145,6.23,1.50
2011.01.10 13:02:19.052,5.97997,5.98174,1.88,1.39
2011.01.10 13:02:19.166,5.97988,5.98169,2.48,2.14
2011.01.10 13:02:19.721,5.97988,5.98161,6.23,4.39
2011.01.10 13:02:19.840,5.97988,5.98161,2.55,4.39
2011.01.10 13:02:21.338,5.97988,5.98161,2.25,4.39
2011.01.10 13:02:21.569,5.97988,5.9816,2.55,2.14
2011.01.10 13:02:23.508,5.97988,5.9816,2.33,2.14
2011.01.10 13:02:23.727,5.97988,5.9815,2.70,2.14
2011.01.10 13:02:24.578,5.97988,5.98161,2.25,4.39
2011.01.10 13:02:25.017,5.98037,5.98148,2.25,1.50
2011.01.10 13:02:25.127,5.98037,5.98193,2.25,1.39
2011.01.10 13:02:25.457,5.98037,5.98198,2.25,2.14
2011.01.10 13:02:26.071,5.98037,5.98214,2.25,1.39
2011.01.10 13:02:28.556,5.98037,5.98192,2.25,1.09
2011.01.10 13:02:29.178,5.98037,5.98188,2.25,1.17
2011.01.10 13:02:29.506,5.98037,5.98176,2.25,4.39
2011.01.10 13:02:29.617,5.97997,5.98168,1.05,5.89
2011.01.10 13:02:29.726,5.97978,5.98168,2.25,5.89
2011.01.10 13:02:30.517,5.97978,5.98156,2.25,1.39
2011.01.10 13:02:32.688,5.97978,5.98156,2.25,1.54
2011.01.10 13:02:33.015,5.97978,5.98122,2.25,1.32
2011.01.10 13:02:34.267,5.97978,5.98114,2.25,1.81
2011.01.10 13:02:35.775,5.97978,5.98128,2.25,1.17
2011.01.10 13:02:35.938,5.97978,5.98114,2.25,2.04
2011.01.10 13:02:36.573,5.97917,5.98088,2.25,1.17
2011.01.10 13:02:39.465,5.97917,5.98109,2.33,2.67
2011.01.10 13:02:40.121,5.97917,5.98109,2.33,2.67
2011.01.10 13:02:41.105,5.97917,5.98109,2.33,2.67
2011.01.10 13:02:42.060,5.97917,5.98108,2.25,1.17
2011.01.10 13:02:43.409,5.97917,5.98109,2.48,1.39
2011.01.10 13:02:43.516,5.97917,5.98116,6.72,2.22
2011.01.10 13:02:45.051,5.97928,5.98116,1.20,2.14
2011.01.10 13:02:45.406,5.97967,5.9813,2.25,2.49
2011.01.10 13:02:46.374,5.97967,5.98113,2.25,1.81
2011.01.10 13:02:46.616,5.97967,5.98127,2.25,1.17
2011.01.10 13:02:46.757,5.97967,5.98118,2.25,1.05
2011.01.10 13:02:47.436,5.97967,5.98123,2.25,1.09
2011.01.10 13:02:48.351,5.97967,5.98113,2.25,1.81
2011.01.10 13:02:49.039,5.97927,5.98102,1.05,1.32
2011.01.10 13:02:51.645,5.97928,5.98093,1.05,1.32
2011.01.10 13:02:52.651,5.97928,5.98107,1.05,1.17
2011.01.10 13:02:52.898,5.97928,5.9811,1.95,1.39
2011.01.10 13:02:53.008,5.97928,5.98117,3.53,2.14
2011.01.10 13:02:53.118,5.97928,5.98117,1.80,4.73
2011.01.10 13:02:53.782,5.97928,5.98112,1.05,1.39
2011.01.10 13:02:54.006,5.97927,5.98122,3.08,2.29
2011.01.10 13:02:55.118,5.97927,5.98125,1.28,1.47
2011.01.10 13:02:56.087,5.97927,5.98125,3.23,1.39
2011.01.10 13:02:56.197,5.97967,5.9813,2.25,1.39
2011.01.10 13:02:56.306,5.97967,5.98136,2.25,2.22
2011.01.10 13:02:56.416,5.97967,5.98132,2.25,1.32
2011.01.10 13:02:56.887,5.97967,5.98128,2.25,4.69
2011.01.10 13:02:58.397,5.97967,5.98127,2.25,1.17
2011.01.10 13:02:59.739,5.97967,5.98129,2.25,4.69
2011.01.10 13:03:03.505,5.97967,5.98143,2.25,2.22
2011.01.10 13:03:03.839,5.97967,5.98143,3.08,1.50
2011.01.10 13:03:03.956,5.97978,5.98155,1.05,2.22
2011.01.10 13:03:05.267,5.97977,5.98166,2.85,2.14
2011.01.10 13:03:05.830,5.97977,5.98169,1.20,4.69
2011.01.10 13:03:07.274,5.97967,5.98127,2.25,1.17
2011.01.10 13:03:08.870,5.97967,5.98115,2.25,1.81
2011.01.10 13:03:09.095,5.97967,5.98123,2.25,1.32
2011.01.10 13:03:09.910,5.97967,5.98133,2.25,2.29
2011.01.10 13:03:10.771,5.97978,5.98141,1.05,4.54
2011.01.10 13:03:12.927,5.97978,5.98142,1.05,2.14
2011.01.10 13:03:13.039,5.97978,5.98142,1.05,1.50
2011.01.10 13:03:13.530,5.97978,5.98153,1.05,2.29
2011.01.10 13:03:14.027,5.97977,5.98153,1.05,4.73
2011.01.10 13:03:14.768,5.97967,5.98122,2.25,2.22
2011.01.10 13:03:17.236,5.97967,5.9814,2.25,4.54
2011.01.10 13:03:17.457,5.97967,5.98129,2.25,1.50
2011.01.10 13:03:18.543,5.97967,5.98123,2.25,1.50
2011.01.10 13:03:18.936,5.97967,5.98139,2.25,2.14
2011.01.10 13:03:19.047,5.97978,5.98131,1.05,1.50
2011.01.10 13:03:19.563,5.97967,5.98118,2.25,2.14
2011.01.10 13:03:19.898,5.97928,5.98092,1.05,1.32
2011.01.10 13:03:20.528,5.97927,5.98104,1.80,2.04
2011.01.10 13:03:20.636,5.97927,5.98113,1.80,5.07
2011.01.10 13:03:20.746,5.97927,5.98101,1.80,4.17
2011.01.10 13:03:20.855,5.97927,5.98097,1.05,1.17
2011.01.10 13:03:21.372,5.97928,5.98097,1.05,1.17
2011.01.10 13:03:21.613,5.97928,5.98102,1.05,4.54
2011.01.10 13:03:22.466,5.97928,5.9811,1.80,2.67
2011.01.10 13:03:23.459,5.97927,5.98104,1.80,2.04
2011.01.10 13:03:23.947,5.97927,5.98103,1.05,1.32
2011.01.10 13:03:25.477,5.97928,5.98093,1.05,1.47
2011.01.10 13:03:25.698,5.97928,5.98107,1.05,2.22
2011.01.10 13:03:28.778,5.97927,5.98087,1.05,2.00
2011.01.10 13:03:29.079,5.97927,5.98097,1.05,1.05
2011.01.10 13:03:30.446,5.97927,5.98087,1.05,2.19
2011.01.10 13:03:31.110,5.97928,5.98087,1.05,2.19
2011.01.10 13:03:32.615,5.97928,5.98063,1.05,1.20
2011.01.10 13:03:32.726,5.97918,5.98087,2.25,2.19
2011.01.10 13:03:35.500,5.97918,5.98066,2.25,2.19
2011.01.10 13:03:35.826,5.97918,5.98066,2.25,1.81
2011.01.10 13:03:35.936,5.97918,5.98066,2.25,2.19
2011.01.10 13:03:36.428,5.97918,5.98066,2.25,1.81
2011.01.10 13:03:36.537,5.97918,5.98062,2.25,1.20
2011.01.10 13:03:37.299,5.97918,5.98066,2.25,2.04
2011.01.10 13:03:38.165,5.97918,5.98066,2.25,1.81
2011.01.10 13:03:41.885,5.97918,5.98083,2.25,4.73
2011.01.10 13:03:42.551,5.97968,5.98101,2.25,1.50
2011.01.10 13:03:43.559,5.97968,5.98111,2.25,2.14
2011.01.10 13:03:45.158,5.97968,5.98111,2.25,4.69
2011.01.10 13:03:46.001,5.97968,5.98095,2.25,2.14
2011.01.10 13:03:46.127,5.97918,5.98077,2.25,4.58
2011.01.10 13:03:50.055,5.97918,5.98079,2.25,4.58
2011.01.10 13:03:50.167,5.97918,5.98079,2.25,1.80
2011.01.10 13:03:50.276,5.97918,5.98079,2.25,4.58
2011.01.10 13:03:50.590,5.97918,5.98079,2.25,1.80
2011.01.10 13:03:50.816,5.97918,5.98079,2.25,4.17
2011.01.10 13:03:51.796,5.97918,5.98079,2.25,1.80
2011.01.10 13:03:52.160,5.97918,5.98079,2.25,1.50
2011.01.10 13:03:54.048,5.97918,5.98079,2.25,4.58
2011.01.10 13:03:54.157,5.97918,5.98079,2.25,1.80
2011.01.10 13:03:55.252,5.97918,5.9806,2.25,1.65
2011.01.10 13:03:55.698,5.97918,5.9806,2.25,1.50
2011.01.10 13:03:56.222,5.97918,5.98093,3.00,4.35
2011.01.10 13:03:56.725,5.97918,5.98092,3.00,1.20
2011.01.10 13:03:58.330,5.97918,5.98073,3.00,1.20
2011.01.10 13:03:58.445,5.97918,5.98093,3.00,4.35
2011.01.10 13:03:59.698,5.97918,5.98093,3.75,4.35
2011.01.10 13:04:00.419,5.97998,5.98111,2.25,4.35
2011.01.10 13:04:01.469,5.97998,5.98093,2.25,1.20
2011.01.10 13:04:01.576,5.97998,5.98108,2.25,4.35
2011.01.10 13:04:03.201,5.97998,5.98108,2.25,4.35
2011.01.10 13:04:03.317,5.97998,5.98108,2.25,4.35
2011.01.10 13:04:03.626,5.97998,5.98098,2.25,3.75
2011.01.10 13:04:03.846,5.97914,5.9806,1.50,1.50
2011.01.10 13:04:03.958,5.97907,5.9806,2.25,1.50
2011.01.10 13:04:04.288,5.97907,5.98047,2.25,1.50
2011.01.10 13:04:05.009,5.97898,5.98033,2.25,1.50
2011.01.10 13:04:05.973,5.97898,5.98049,2.25,1.50
2011.01.10 13:04:06.196,5.97898,5.98049,2.25,1.65
2011.01.10 13:04:07.367,5.97898,5.98037,2.25,1.50
2011.01.10 13:04:07.698,5.97898,5.98033,2.25,4.35
2011.01.10 13:04:08.027,5.97898,5.98022,2.25,1.20
2011.01.10 13:04:11.343,5.97847,5.98023,3.00,1.09
2011.01.10 13:04:12.756,5.97847,5.98018,3.00,4.17
2011.01.10 13:04:13.211,5.97847,5.98023,3.00,2.19
2011.01.10 13:04:14.318,5.97897,5.98033,2.25,3.98
2011.01.10 13:04:15.407,5.97897,5.98033,2.25,4.35
2011.01.10 13:04:16.628,5.97897,5.98033,2.25,1.09
2011.01.10 13:04:19.792,5.97897,5.98042,2.25,1.32
2011.01.10 13:04:20.136,5.97897,5.98041,2.25,2.00
2011.01.10 13:04:20.916,5.97897,5.98041,2.25,2.00
2011.01.10 13:04:21.040,5.97897,5.98048,2.25,4.92
2011.01.10 13:04:21.638,5.97897,5.9803,2.25,2.48
2011.01.10 13:04:22.259,5.97847,5.98007,2.25,2.19
2011.01.10 13:04:23.393,5.97847,5.98007,2.25,1.81
2011.01.10 13:04:24.301,5.97847,5.98007,2.25,2.19
2011.01.10 13:04:28.983,5.97847,5.97982,2.25,1.20
2011.01.10 13:04:29.209,5.97807,5.97982,3.00,4.95
2011.01.10 13:04:29.752,5.97807,5.97982,4.05,1.20
2011.01.10 13:04:29.864,5.97807,5.97956,2.25,4.20
2011.01.10 13:04:30.253,5.97807,5.97956,2.25,4.35
2011.01.10 13:04:35.248,5.97807,5.97956,2.25,4.35
2011.01.10 13:04:35.956,5.97807,5.97932,2.25,1.20
2011.01.10 13:04:36.749,5.97807,5.97956,2.25,4.35
2011.01.10 13:04:37.498,5.97807,5.97959,2.25,2.00
2011.01.10 13:04:37.608,5.97807,5.97967,2.25,4.58
2011.01.10 13:04:37.827,5.97807,5.97972,2.25,4.35
2011.01.10 13:04:38.528,5.97807,5.97972,2.25,1.95
2011.01.10 13:04:38.881,5.97807,5.97967,2.25,4.20
2011.01.10 13:04:38.997,5.97807,5.97967,2.25,1.58
2011.01.10 13:04:39.532,5.97807,5.97957,2.25,4.20
2011.01.10 13:04:39.949,5.97807,5.97943,2.25,4.20
2011.01.10 13:04:40.066,5.97807,5.97953,2.25,4.20
2011.01.10 13:04:40.621,5.97807,5.97949,2.25,4.35
2011.01.10 13:04:42.891,5.97807,5.97949,2.25,1.80
2011.01.10 13:04:44.681,5.97807,5.97949,2.25,1.50
2011.01.10 13:04:44.946,5.97807,5.97949,2.25,1.65
2011.01.10 13:04:47.108,5.97807,5.97949,2.25,4.35
2011.01.10 13:04:48.368,5.97807,5.97949,2.25,4.35
2011.01.10 13:04:48.996,5.97807,5.97953,2.25,1.20
2011.01.10 13:04:49.857,5.97807,5.97942,2.25,1.20
2011.01.10 13:04:50.156,5.97807,5.97958,2.25,2.19
2011.01.10 13:04:52.230,5.97807,5.97958,2.25,2.19
2011.01.10 13:04:52.487,5.97807,5.97953,2.25,1.20
2011.01.10 13:04:52.825,5.97807,5.97958,2.25,2.19
2011.01.10 13:04:53.000,5.97807,5.97958,2.25,2.19
2011.01.10 13:04:53.443,5.97807,5.97958,2.25,2.41
2011.01.10 13:04:53.559,5.97807,5.97952,2.25,1.20
2011.01.10 13:04:54.148,5.97807,5.97958,2.25,2.00
2011.01.10 13:04:55.256,5.97807,5.97963,2.25,2.14
2011.01.10 13:04:55.823,5.97808,5.9796,2.25,2.41
2011.01.10 13:04:55.937,5.97808,5.97974,2.25,4.73
2011.01.10 13:04:56.527,5.97808,5.97963,2.25,1.32
2011.01.10 13:04:58.221,5.97808,5.9797,2.25,4.69
2011.01.10 13:04:58.336,5.97808,5.97967,2.25,1.17
2011.01.10 13:04:58.848,5.97808,5.9796,2.25,2.00
2011.01.10 13:04:58.956,5.97808,5.97961,2.25,4.54
2011.01.10 13:04:59.585,5.97808,5.97966,2.25,2.22
2011.01.10 13:05:00.747,5.97808,5.97996,2.25,4.73
2011.01.10 13:05:01.650,5.97817,5.97997,1.05,4.73
2011.01.10 13:05:04.259,5.97858,5.9799,2.25,4.65
2011.01.10 13:05:04.952,5.97857,5.97987,2.25,1.05
2011.01.10 13:05:05.618,5.97857,5.98003,2.25,1.02
2011.01.10 13:05:06.230,5.97908,5.98043,2.25,5.07
2011.01.10 13:05:06.878,5.97908,5.98033,2.25,1.32
2011.01.10 13:05:07.952,5.97908,5.98054,2.25,2.14
2011.01.10 13:05:09.782,5.97908,5.98065,2.48,1.39
2011.01.10 13:05:10.310,5.97908,5.98086,6.72,1.39
2011.01.10 13:05:10.423,5.97948,5.9809,2.25,2.14
2011.01.10 13:05:13.571,5.97948,5.98103,3.00,2.25
2011.01.10 13:05:13.688,5.98008,5.9813,2.25,1.39
2011.01.10 13:05:13.797,5.98008,5.98157,2.25,1.17
2011.01.10 13:05:13.907,5.98008,5.9816,2.25,2.14
2011.01.10 13:05:14.129,5.98008,5.9816,2.25,2.14
2011.01.10 13:05:15.311,5.98008,5.9816,2.25,4.54
2011.01.10 13:05:17.556,5.98008,5.98162,2.25,1.50
2011.01.10 13:05:17.776,5.98008,5.98162,2.25,2.14
2011.01.10 13:05:18.796,5.98008,5.98162,2.25,2.14
2011.01.10 13:05:22.303,5.98008,5.9818,2.25,2.14
2011.01.10 13:05:23.970,5.97975,5.98149,4.58,1.50
2011.01.10 13:05:24.100,5.97958,5.9815,1.09,2.14
2011.01.10 13:05:24.871,5.97957,5.9815,1.09,2.14
2011.01.10 13:05:24.995,5.9796,5.98141,2.29,2.14
2011.01.10 13:05:25.226,5.9796,5.98148,1.05,2.14
2011.01.10 13:05:27.311,5.9796,5.98148,2.70,2.14
2011.01.10 13:05:27.901,5.9796,5.98148,2.48,2.14
2011.01.10 13:05:28.025,5.97997,5.98168,3.15,1.50
2011.01.10 13:05:28.138,5.97997,5.98173,3.15,1.50
2011.01.10 13:05:29.120,5.98005,5.98173,2.48,1.50
2011.01.10 13:05:29.459,5.98018,5.98188,1.09,1.50
2011.01.10 13:05:29.999,5.9801,5.98188,2.29,2.14
2011.01.10 13:05:30.369,5.97997,5.98188,3.00,2.14
2011.01.10 13:05:30.486,5.97997,5.98185,3.00,1.39
2011.01.10 13:05:31.193,5.97917,5.98072,1.09,1.50
2011.01.10 13:05:31.311,5.97875,5.98056,2.48,1.50
2011.01.10 13:05:31.537,5.97874,5.98056,2.48,2.14
2011.01.10 13:05:31.868,5.97874,5.98057,2.48,2.14
2011.01.10 13:05:32.344,5.97891,5.98064,2.48,1.50
2011.01.10 13:05:32.464,5.97872,5.98064,1.05,1.69
2011.01.10 13:05:32.581,5.97868,5.98043,1.58,1.50
2011.01.10 13:05:33.129,5.97848,5.98033,6.53,1.50
2011.01.10 13:05:33.241,5.97855,5.98033,2.10,2.14
2011.01.10 13:05:34.306,5.97863,5.98033,1.05,1.50
2011.01.10 13:05:34.422,5.97862,5.98038,1.05,1.50
2011.01.10 13:05:34.538,5.97854,5.98038,2.33,2.14
2011.01.10 13:05:35.118,5.97854,5.98036,2.33,2.14
2011.01.10 13:05:36.069,5.97854,5.98036,2.48,2.14
2011.01.10 13:05:36.190,5.9787,5.98044,2.48,1.69
2011.01.10 13:05:36.868,5.9787,5.98055,2.48,2.33
2011.01.10 13:05:37.101,5.9787,5.98053,2.48,2.14
2011.01.10 13:05:37.707,5.97887,5.98053,1.20,2.14
2011.01.10 13:05:38.234,5.97887,5.98061,2.33,2.33
2011.01.10 13:05:38.355,5.97887,5.98041,2.25,2.14
2011.01.10 13:05:38.471,5.97858,5.98041,1.20,2.14
2011.01.10 13:05:38.589,5.9787,5.98041,2.70,1.50
2011.01.10 13:05:39.115,5.9787,5.98052,2.70,2.14
2011.01.10 13:05:39.337,5.97878,5.98052,1.20,2.14
2011.01.10 13:05:39.676,5.9787,5.98052,2.70,2.14
2011.01.10 13:05:40.476,5.9787,5.98052,2.48,2.14
2011.01.10 13:05:40.996,5.9787,5.98052,2.48,2.14
2011.01.10 13:05:41.111,5.9789,5.98065,1.05,1.50
2011.01.10 13:05:41.570,5.9789,5.98065,2.29,1.50
2011.01.10 13:05:41.691,5.9789,5.98065,1.05,1.50
2011.01.10 13:05:41.947,5.97914,5.98067,3.75,1.02
2011.01.10 13:05:42.056,5.97948,5.98129,2.25,2.89
2011.01.10 13:05:43.819,5.97948,5.98155,6.72,2.14
2011.01.10 13:05:44.292,5.97962,5.98155,2.48,2.14
2011.01.10 13:05:44.628,5.97962,5.98155,2.70,2.14
2011.01.10 13:05:45.181,5.97962,5.98155,2.29,2.14
2011.01.10 13:05:45.768,5.97962,5.98155,2.48,2.14
2011.01.10 13:05:46.003,5.97962,5.98155,2.29,2.14
2011.01.10 13:05:47.056,5.97967,5.98155,1.20,2.14
2011.01.10 13:05:48.439,5.97962,5.98155,2.48,2.14
2011.01.10 13:05:51.716,5.97962,5.98155,2.48,2.14
2011.01.10 13:05:52.608,5.97962,5.98158,2.48,2.14
2011.01.10 13:05:52.720,5.97989,5.98165,2.70,1.50
2011.01.10 13:05:52.837,5.97989,5.98157,2.70,1.50
2011.01.10 13:05:52.947,5.97989,5.98166,1.05,2.14
2011.01.10 13:05:53.057,5.97989,5.98152,1.05,1.50
2011.01.10 13:05:53.611,5.97978,5.98152,1.20,2.14
2011.01.10 13:05:54.338,5.9799,5.98168,2.29,2.14
2011.01.10 13:05:54.450,5.9799,5.98159,2.29,1.50
2011.01.10 13:05:55.041,5.97972,5.98159,2.48,2.14
2011.01.10 13:05:55.538,5.97988,5.98159,1.20,2.14
2011.01.10 13:05:56.030,5.97972,5.98159,2.48,2.14
2011.01.10 13:05:56.437,5.97972,5.98166,2.29,2.14
2011.01.10 13:05:56.548,5.97968,5.98147,3.00,1.81
2011.01.10 13:05:57.127,5.97949,5.98138,1.50,9.98
2011.01.10 13:05:57.251,5.97918,5.98108,6.53,2.14
2011.01.10 13:05:57.367,5.97928,5.98108,1.05,2.14
2011.01.10 13:05:57.479,5.97918,5.98108,6.53,2.14
2011.01.10 13:05:57.946,5.97918,5.98108,6.53,2.14
2011.01.10 13:05:58.277,5.97918,5.98067,2.25,1.17
2011.01.10 13:05:58.738,5.97877,5.98067,3.00,1.17
2011.01.10 13:05:58.854,5.97888,5.98075,1.09,2.14
2011.01.10 13:05:59.968,5.97878,5.98071,1.09,2.14
2011.01.10 13:06:00.397,5.97877,5.98077,3.08,1.17
2011.01.10 13:06:00.507,5.97878,5.98082,1.09,4.73
2011.01.10 13:06:01.061,5.97893,5.98089,1.05,4.69
2011.01.10 13:06:01.401,5.97917,5.98089,2.25,4.35
2011.01.10 13:06:02.199,5.97917,5.98076,2.25,1.81
2011.01.10 13:06:02.307,5.97917,5.98083,2.25,1.32
2011.01.10 13:06:02.417,5.97917,5.98076,2.25,1.81
2011.01.10 13:06:02.907,5.97917,5.98076,2.25,2.19
2011.01.10 13:06:03.459,5.97878,5.98068,3.00,1.17
2011.01.10 13:06:03.796,5.97878,5.98054,3.00,1.81
2011.01.10 13:06:04.402,5.97878,5.98063,3.00,1.32
2011.01.10 13:06:04.516,5.97878,5.98054,3.00,2.19
2011.01.10 13:06:05.253,5.97827,5.98012,3.00,2.19
2011.01.10 13:06:05.563,5.97827,5.97992,3.00,1.20
2011.01.10 13:06:06.016,5.97827,5.98012,3.00,2.19
2011.01.10 13:06:06.133,5.97827,5.98013,3.00,4.35
2011.01.10 13:06:06.252,5.97851,5.98013,1.05,1.50
2011.01.10 13:06:06.372,5.97877,5.98041,2.25,1.50
2011.01.10 13:06:07.248,5.97877,5.98041,2.25,4.17
2011.01.10 13:06:07.358,5.97877,5.98035,2.25,1.58
2011.01.10 13:06:09.152,5.97877,5.98032,2.25,1.20
2011.01.10 13:06:09.487,5.97877,5.98023,2.25,1.20
2011.01.10 13:06:10.032,5.97827,5.98009,3.00,2.00
2011.01.10 13:06:10.258,5.97827,5.98018,3.00,1.17
2011.01.10 13:06:10.369,5.97827,5.98023,3.15,1.32
2011.01.10 13:06:10.479,5.97827,5.98028,3.23,2.29
2011.01.10 13:06:11.003,5.97828,5.98034,2.78,4.73
2011.01.10 13:06:11.773,5.97828,5.98026,1.58,1.81
2011.01.10 13:06:11.886,5.97828,5.98034,2.78,4.73
2011.01.10 13:06:12.749,5.97828,5.98026,1.50,1.81
2011.01.10 13:06:15.528,5.97828,5.98035,2.97,4.73
2011.01.10 13:06:15.937,5.97877,5.98044,2.25,4.35
2011.01.10 13:06:17.191,5.97877,5.98044,2.25,4.20
2011.01.10 13:06:17.307,5.97877,5.98044,2.25,1.50
2011.01.10 13:06:18.169,5.97877,5.98054,6.72,1.39
2011.01.10 13:06:18.291,5.97877,5.98054,3.08,1.39
2011.01.10 13:06:19.141,5.97879,5.98054,2.29,1.39
2011.01.10 13:06:19.636,5.97877,5.98063,6.72,2.25
2011.01.10 13:06:20.537,5.97877,5.98055,3.00,2.41
2011.01.10 13:06:22.440,5.97877,5.98052,3.00,1.62
2011.01.10 13:06:22.758,5.97877,5.98047,3.00,1.35
2011.01.10 13:06:22.866,5.97877,5.98052,3.00,1.47
2011.01.10 13:06:23.510,5.97877,5.98055,3.00,2.56
2011.01.10 13:06:23.736,5.97877,5.98057,3.00,1.17
2011.01.10 13:06:23.957,5.97877,5.98057,3.00,1.05
2011.01.10 13:06:25.067,5.97877,5.98052,3.00,1.47
2011.01.10 13:06:25.176,5.97877,5.98052,3.00,1.47
2011.01.10 13:06:26.787,5.97877,5.98055,3.00,1.81
2011.01.10 13:06:27.520,5.97877,5.98055,3.00,2.19
2011.01.10 13:06:27.637,5.97877,5.98055,3.00,1.81
2011.01.10 13:06:27.765,5.97877,5.98055,3.00,2.19
2011.01.10 13:06:28.537,5.97877,5.98055,3.00,2.04
2011.01.10 13:06:29.236,5.97877,5.98055,3.00,2.19
2011.01.10 13:06:30.809,5.97877,5.98042,3.00,1.20
2011.01.10 13:06:31.142,5.97877,5.98055,3.00,2.19
2011.01.10 13:06:32.545,5.97877,5.98055,3.00,2.19
2011.01.10 13:06:32.877,5.97877,5.98044,3.00,2.78
2011.01.10 13:06:33.208,5.97877,5.97996,2.25,4.35
2011.01.10 13:06:33.762,5.97778,5.97963,3.00,1.20
2011.01.10 13:06:34.015,5.97778,5.97975,3.00,4.35
2011.01.10 13:06:34.619,5.97778,5.97963,3.00,1.20
2011.01.10 13:06:35.622,5.97778,5.97975,3.00,4.35
2011.01.10 13:06:42.166,5.97778,5.97975,3.00,4.35
2011.01.10 13:06:43.333,5.97778,5.97956,3.00,4.35
2011.01.10 13:06:45.800,5.97778,5.97956,3.00,4.20
2011.01.10 13:06:46.105,5.97778,5.97956,3.00,1.58
2011.01.10 13:06:46.216,5.97778,5.97967,3.00,3.98
2011.01.10 13:06:46.327,5.97828,5.97967,2.25,1.50
2011.01.10 13:06:46.839,5.97828,5.97999,2.25,1.65
2011.01.10 13:06:46.962,5.97828,5.97999,2.25,4.58
2011.01.10 13:06:48.159,5.97828,5.97992,2.25,1.20
2011.01.10 13:06:49.103,5.97828,5.97999,2.25,4.58
2011.01.10 13:06:49.730,5.97828,5.98,2.25,4.35
2011.01.10 13:06:52.126,5.97828,5.97982,2.25,1.20
2011.01.10 13:06:52.246,5.97828,5.98,2.25,4.17
2011.01.10 13:06:53.488,5.97828,5.98,2.25,4.58
2011.01.10 13:06:55.510,5.97828,5.97972,2.25,1.20
2011.01.10 13:06:55.627,5.97778,5.97952,3.00,1.20
2011.01.10 13:06:55.736,5.97778,5.97973,3.00,4.35
2011.01.10 13:06:56.249,5.97778,5.97964,3.00,2.19
2011.01.10 13:06:59.428,5.97778,5.97964,3.00,2.19
2011.01.10 13:07:02.377,5.97788,5.97964,1.05,2.04
2011.01.10 13:07:02.488,5.97827,5.97972,2.25,1.50
2011.01.10 13:07:02.597,5.97827,5.97995,2.25,1.58
2011.01.10 13:07:03.162,5.97877,5.98043,2.25,1.73
2011.01.10 13:07:03.278,5.97877,5.98043,2.25,1.50
2011.01.10 13:07:03.389,5.97877,5.98054,3.15,1.50
2011.01.10 13:07:03.872,5.97917,5.98052,2.25,1.58
2011.01.10 13:07:03.993,5.97917,5.98096,3.00,1.58
2011.01.10 13:07:04.554,5.97917,5.98096,2.25,2.22
2011.01.10 13:07:04.683,5.97883,5.98055,2.48,1.50
2011.01.10 13:07:04.800,5.97877,5.98043,2.25,1.32
2011.01.10 13:07:05.359,5.97877,5.98055,2.25,2.22
2011.01.10 13:07:05.467,5.97877,5.98048,2.25,2.00
2011.01.10 13:07:05.686,5.97877,5.98055,2.25,4.62
2011.01.10 13:07:06.338,5.97877,5.98048,2.25,2.19
2011.01.10 13:07:06.446,5.97877,5.98055,2.25,4.73
2011.01.10 13:07:07.073,5.97877,5.98048,2.25,2.41
2011.01.10 13:07:08.412,5.97877,5.98048,3.00,2.00
2011.01.10 13:07:08.962,5.97891,5.98055,2.78,1.50
2011.01.10 13:07:09.076,5.97918,5.98094,3.00,1.09
2011.01.10 13:07:10.072,5.97877,5.98068,4.05,1.17
2011.01.10 13:07:10.431,5.97877,5.98053,3.00,1.20
2011.01.10 13:07:10.947,5.97877,5.98067,3.00,1.17
2011.01.10 13:07:11.064,5.97918,5.98092,2.25,2.11
2011.01.10 13:07:11.402,5.97918,5.98092,2.25,2.64
2011.01.10 13:07:13.441,5.97918,5.9809,2.25,1.77
2011.01.10 13:07:13.559,5.97918,5.98092,2.25,1.02
2011.01.10 13:07:14.703,5.97967,5.98125,2.25,1.81
2011.01.10 13:07:14.817,5.97967,5.98135,2.25,4.73
2011.01.10 13:07:17.276,5.97967,5.9814,3.00,1.80
2011.01.10 13:07:17.393,5.97967,5.98147,3.00,4.35
2011.01.10 13:07:17.729,5.97967,5.98136,2.25,3.98
2011.01.10 13:07:17.920,5.97967,5.98136,2.25,1.58
2011.01.10 13:07:18.260,5.97967,5.98137,2.25,2.19
2011.01.10 13:07:18.742,5.97928,5.98122,1.80,1.20
2011.01.10 13:07:18.853,5.97917,5.98104,3.00,1.81
2011.01.10 13:07:19.951,5.97944,5.98133,2.33,2.14
2011.01.10 13:07:20.178,5.97968,5.98142,2.25,1.32
2011.01.10 13:07:20.859,5.97968,5.98156,2.25,4.73
2011.01.10 13:07:21.301,5.97968,5.98124,2.25,2.19
2011.01.10 13:07:21.874,5.97918,5.98112,3.15,1.32
2011.01.10 13:07:24.147,5.97918,5.98127,6.72,3.04
2011.01.10 13:07:24.367,5.97918,5.98117,3.08,1.17
2011.01.10 13:07:24.841,5.97918,5.98104,3.00,1.81
2011.01.10 13:07:25.490,5.97918,5.98117,3.08,1.17
2011.01.10 13:07:29.304,5.97967,5.98152,2.25,1.32
2011.01.10 13:07:30.083,5.97967,5.98161,2.48,1.39
2011.01.10 13:07:30.189,5.97967,5.98161,2.33,2.67
2011.01.10 13:07:30.889,5.97969,5.98173,1.05,1.32
2011.01.10 13:07:31.015,5.98008,5.98186,3.00,1.02
2011.01.10 13:07:31.905,5.98011,5.98186,2.29,1.02
2011.01.10 13:07:32.058,5.98008,5.98186,6.53,1.02
2011.01.10 13:07:32.647,5.98008,5.98186,3.00,2.19
2011.01.10 13:07:33.740,5.98008,5.98169,2.25,2.14
2011.01.10 13:07:35.729,5.98008,5.98181,6.83,2.14
2011.01.10 13:07:35.839,5.98011,5.98181,2.29,1.50
2011.01.10 13:07:35.957,5.98011,5.98186,2.48,1.02
2011.01.10 13:07:36.554,5.98011,5.98186,2.70,1.02
2011.01.10 13:07:37.751,5.98008,5.98181,3.00,1.50
2011.01.10 13:07:38.264,5.98008,5.98181,3.00,1.65
2011.01.10 13:07:38.598,5.98008,5.9817,2.25,4.54
2011.01.10 13:07:39.107,5.97967,5.98144,6.72,1.50
2011.01.10 13:07:39.222,5.97967,5.98144,3.15,1.50
2011.01.10 13:07:39.506,5.97967,5.98144,3.00,1.65
2011.01.10 13:07:39.759,5.97967,5.98144,3.08,1.50
2011.01.10 13:07:40.312,5.97973,5.98157,2.70,2.14
2011.01.10 13:07:45.617,5.97967,5.98168,6.72,2.29
2011.01.10 13:07:45.837,5.97967,5.98162,3.15,1.32
2011.01.10 13:07:47.315,5.97973,5.98156,1.05,2.14
2011.01.10 13:07:48.192,5.97973,5.98147,1.05,1.50
2011.01.10 13:07:48.311,5.97967,5.98147,3.08,1.50
2011.01.10 13:07:48.550,5.97967,5.98147,3.00,1.80
2011.01.10 13:07:49.107,5.97967,5.98147,3.00,3.98
2011.01.10 13:07:49.540,5.97967,5.98138,3.00,4.17
2011.01.10 13:07:50.372,5.97967,5.98138,3.00,1.65
2011.01.10 13:07:52.965,5.97967,5.98138,3.00,4.17
2011.01.10 13:07:53.651,5.97967,5.98138,3.00,4.35
2011.01.10 13:07:54.422,5.97918,5.98092,3.00,1.20
2011.01.10 13:07:54.883,5.97918,5.98105,3.00,2.19
2011.01.10 13:07:55.167,5.97918,5.98105,3.00,2.19
2011.01.10 13:07:55.672,5.97918,5.98093,3.00,1.20
2011.01.10 13:07:56.038,5.97918,5.98104,3.00,4.35
2011.01.10 13:07:56.150,5.97921,5.98104,1.50,4.35
2011.01.10 13:07:56.778,5.97918,5.98103,3.00,2.19
2011.01.10 13:08:00.068,5.97921,5.98113,1.50,1.20
2011.01.10 13:08:00.182,5.97921,5.98127,2.78,1.17
2011.01.10 13:08:00.301,5.97967,5.9813,2.25,4.17
2011.01.10 13:08:00.925,5.97967,5.98113,2.25,1.20
2011.01.10 13:08:01.038,5.97967,5.98123,2.25,2.79
2011.01.10 13:08:01.819,5.97967,5.98133,2.25,1.20
2011.01.10 13:08:02.476,5.97967,5.9813,2.25,4.35
2011.01.10 13:08:03.567,5.97967,5.98139,2.25,4.35
2011.01.10 13:08:03.679,5.97967,5.98139,2.25,4.35
2011.01.10 13:08:04.406,5.97967,5.98139,2.25,1.80
2011.01.10 13:08:05.069,5.97967,5.98139,2.25,1.65
2011.01.10 13:08:05.194,5.98017,5.98059,2.25,3.75
2011.01.10 13:08:05.418,5.97895,5.98021,1.88,1.50
2011.01.10 13:08:05.636,5.97862,5.98021,1.88,1.50
2011.01.10 13:08:05.856,5.97823,5.98021,1.17,1.50
2011.01.10 13:08:06.995,5.97848,5.98021,2.70,1.50
2011.01.10 13:08:08.047,5.97843,5.98024,1.17,1.50
2011.01.10 13:08:08.980,5.97848,5.98024,2.48,1.50
2011.01.10 13:08:09.096,5.97847,5.98024,1.09,1.50
2011.01.10 13:08:09.206,5.97848,5.98024,2.48,1.50
2011.01.10 13:08:10.226,5.97843,5.98024,1.17,1.50
2011.01.10 13:08:10.999,5.97848,5.98024,3.08,1.50
2011.01.10 13:08:11.239,5.97847,5.98024,1.09,1.50
2011.01.10 13:08:11.404,5.97848,5.98024,2.29,1.50
2011.01.10 13:08:11.937,5.97848,5.98024,2.48,1.50
2011.01.10 13:08:12.389,5.97848,5.98024,2.70,1.50
2011.01.10 13:08:12.696,5.97848,5.98024,2.48,1.50
2011.01.10 13:08:12.910,5.97857,5.98024,1.20,1.50
2011.01.10 13:08:13.378,5.97857,5.98036,1.20,1.50
2011.01.10 13:08:13.489,5.97848,5.98036,2.48,1.50
2011.01.10 13:08:13.904,5.97848,5.98036,2.48,1.50
2011.01.10 13:08:14.425,5.97843,5.98036,1.17,1.50
2011.01.10 13:08:14.960,5.97866,5.98043,2.10,1.50
2011.01.10 13:08:15.299,5.97877,5.98043,1.20,1.50
2011.01.10 13:08:15.408,5.97892,5.98053,1.05,1.50
2011.01.10 13:08:15.876,5.97908,5.98059,3.00,1.50
2011.01.10 13:08:16.425,5.97908,5.98058,3.00,1.50
2011.01.10 13:08:16.536,5.97908,5.98065,3.00,1.50
2011.01.10 13:08:17.168,5.97908,5.98087,3.00,1.50
2011.01.10 13:08:17.622,5.97908,5.98087,3.00,1.69
2011.01.10 13:08:18.286,5.97857,5.98052,3.75,1.20
2011.01.10 13:08:18.506,5.97857,5.98028,3.00,1.50
2011.01.10 13:08:18.729,5.97857,5.98043,3.00,4.35
2011.01.10 13:08:19.357,5.97857,5.98031,3.00,1.65
2011.01.10 13:08:19.473,5.97857,5.98043,3.15,1.65
2011.01.10 13:08:19.917,5.97867,5.98043,1.09,1.50
2011.01.10 13:08:20.802,5.97867,5.98059,1.09,1.50
2011.01.10 13:08:21.347,5.97866,5.98059,1.50,4.17
2011.01.10 13:08:21.956,5.97862,5.98036,1.05,1.50
2011.01.10 13:08:22.288,5.97857,5.98036,2.48,2.14
2011.01.10 13:08:22.829,5.97883,5.98062,1.05,1.50
2011.01.10 13:08:23.168,5.97857,5.98033,3.00,1.32
2011.01.10 13:08:23.729,5.97857,5.98025,2.25,1.65
2011.01.10 13:08:23.947,5.97857,5.98025,2.25,4.35
2011.01.10 13:08:24.200,5.97857,5.98025,2.25,1.58
2011.01.10 13:08:25.371,5.97857,5.98025,2.25,4.20
2011.01.10 13:08:25.872,5.97857,5.98025,2.25,1.58
2011.01.10 13:08:26.849,5.97857,5.98025,2.25,1.50
2011.01.10 13:08:27.777,5.97857,5.98025,2.25,1.58
2011.01.10 13:08:28.556,5.97857,5.98025,2.25,1.50
2011.01.10 13:08:29.297,5.97857,5.98025,2.25,1.58
2011.01.10 13:08:31.486,5.97857,5.98025,2.25,1.50
2011.01.10 13:08:31.705,5.97857,5.98025,2.25,1.65
2011.01.10 13:08:33.677,5.97857,5.98025,2.25,1.50
2011.01.10 13:08:33.786,5.97857,5.98025,2.25,1.65
2011.01.10 13:08:34.200,5.97857,5.98025,2.25,1.50
2011.01.10 13:08:34.337,5.97857,5.98033,2.25,2.22
2011.01.10 13:08:34.726,5.97857,5.98033,2.25,4.73
2011.01.10 13:08:35.265,5.97857,5.98033,2.25,2.29
2011.01.10 13:08:35.752,5.97857,5.98032,2.25,4.69
2011.01.10 13:08:36.569,5.97857,5.98032,2.25,2.29
2011.01.10 13:08:38.612,5.97857,5.98032,2.25,4.54
2011.01.10 13:08:39.090,5.97857,5.98032,2.25,2.14
2011.01.10 13:08:41.080,5.97857,5.98032,2.25,4.54
2011.01.10 13:08:41.415,5.97857,5.98032,2.25,2.14
2011.01.10 13:08:42.547,5.97857,5.98032,2.25,1.32
2011.01.10 13:08:43.059,5.97857,5.98033,2.25,2.29
2011.01.10 13:08:45.277,5.97857,5.98033,2.25,4.73
2011.01.10 13:08:45.945,5.97857,5.98033,2.25,2.22
2011.01.10 13:08:46.719,5.97857,5.98033,2.25,4.73
2011.01.10 13:08:47.050,5.97857,5.98033,2.25,2.22
2011.01.10 13:08:47.896,5.97857,5.98033,2.25,4.73
2011.01.10 13:08:48.079,5.97857,5.98033,2.25,2.22
2011.01.10 13:08:48.299,5.97857,5.98033,2.25,5.07
2011.01.10 13:08:49.346,5.97857,5.98033,2.33,2.14
2011.01.10 13:08:50.650,5.97857,5.98033,2.25,4.73
2011.01.10 13:08:51.096,5.97838,5.98029,3.00,1.80
2011.01.10 13:08:51.208,5.97838,5.98029,3.00,4.35
2011.01.10 13:08:51.865,5.97798,5.97984,3.00,4.20
2011.01.10 13:08:53.537,5.97798,5.97994,3.08,4.73
2011.01.10 13:08:55.970,5.97798,5.97994,6.72,2.22
2011.01.10 13:08:56.189,5.97798,5.97992,3.15,1.32
2011.01.10 13:08:56.515,5.97798,5.97986,3.00,2.04
2011.01.10 13:08:57.057,5.97798,5.97993,3.00,1.32
2011.01.10 13:08:57.601,5.97838,5.98019,6.53,2.14
2011.01.10 13:08:57.717,5.97838,5.98023,3.00,1.09
2011.01.10 13:08:57.827,5.97838,5.98018,3.00,2.00
2011.01.10 13:08:58.695,5.97838,5.98027,3.00,1.17
2011.01.10 13:09:01.349,5.97838,5.98012,2.40,2.14
2011.01.10 13:09:02.061,5.97867,5.98033,1.09,1.50
2011.01.10 13:09:02.300,5.97898,5.98067,2.25,1.58
2011.01.10 13:09:03.416,5.97898,5.98067,2.25,1.50
2011.01.10 13:09:03.950,5.97898,5.98067,2.25,1.65
2011.01.10 13:09:05.357,5.97898,5.98073,2.40,1.02
2011.01.10 13:09:07.158,5.97898,5.98073,2.25,1.09
2011.01.10 13:09:08.490,5.97898,5.98073,6.04,2.14
2011.01.10 13:09:08.608,5.97898,5.98073,2.40,2.14
2011.01.10 13:09:09.951,5.97898,5.98073,6.23,2.14
2011.01.10 13:09:10.068,5.97898,5.98073,2.55,2.14
2011.01.10 13:09:10.176,5.97898,5.98073,2.25,2.14
2011.01.10 13:09:10.287,5.97898,5.98061,2.25,1.50
2011.01.10 13:09:11.542,5.97898,5.98053,2.25,2.14
2011.01.10 13:09:11.658,5.97867,5.98053,1.20,2.14
2011.01.10 13:09:11.768,5.97882,5.98053,1.05,1.50
2011.01.10 13:09:11.878,5.97898,5.98053,2.55,1.50
2011.01.10 13:09:12.365,5.97898,5.98068,6.04,4.39
2011.01.10 13:09:12.483,5.97898,5.98072,2.33,2.14
2011.01.10 13:09:13.014,5.97898,5.98072,2.55,2.14
2011.01.10 13:09:13.877,5.97898,5.98086,6.23,2.14
2011.01.10 13:09:15.455,5.97898,5.98086,2.70,2.14
2011.01.10 13:09:15.678,5.97898,5.98086,6.23,2.14
2011.01.10 13:09:16.719,5.97898,5.98086,6.23,2.14
2011.01.10 13:09:16.996,5.97898,5.98086,6.83,2.14
2011.01.10 13:09:17.217,5.97898,5.98075,2.25,2.14
2011.01.10 13:09:17.649,5.97898,5.98075,6.23,2.14
2011.01.10 13:09:17.762,5.97898,5.98116,8.40,2.14
2011.01.10 13:09:18.557,5.97917,5.98116,1.09,2.14
2011.01.10 13:09:18.667,5.97908,5.98116,1.09,2.22
2011.01.10 13:09:19.307,5.97918,5.98116,1.09,2.14
2011.01.10 13:09:20.638,5.97921,5.98116,2.29,2.14
2011.01.10 13:09:20.746,5.97921,5.98116,1.05,2.29
2011.01.10 13:09:23.187,5.97921,5.98116,2.29,2.14
2011.01.10 13:09:23.295,5.97921,5.98116,1.05,2.29
2011.01.10 13:09:24.447,5.97898,5.98108,8.40,1.17
2011.01.10 13:09:25.065,5.97878,5.9803,3.75,2.00
2011.01.10 13:09:25.706,5.97877,5.98033,2.25,1.32
2011.01.10 13:09:26.038,5.97877,5.98047,2.25,1.17
2011.01.10 13:09:26.720,5.97813,5.98031,1.05,1.39
2011.01.10 13:09:26.837,5.97813,5.98018,1.05,1.39
2011.01.10 13:09:27.769,5.9782,5.98018,1.05,1.39
2011.01.10 13:09:28.307,5.97808,5.98021,6.72,1.39
2011.01.10 13:09:28.434,5.97867,5.98047,2.25,1.02
2011.01.10 13:09:29.321,5.97867,5.98047,3.00,1.35
2011.01.10 13:09:29.547,5.97867,5.98052,3.00,1.62
2011.01.10 13:09:30.712,5.97867,5.98047,3.00,1.39
2011.01.10 13:09:31.356,5.97867,5.98047,3.00,1.54
2011.01.10 13:09:31.921,5.97867,5.98047,3.00,1.17
2011.01.10 13:09:32.148,5.97867,5.98045,3.00,1.81
2011.01.10 13:09:33.070,5.97867,5.98048,3.00,1.17
2011.01.10 13:09:33.581,5.97867,5.98058,3.00,1.17
2011.01.10 13:09:33.701,5.97867,5.98063,3.00,1.09
2011.01.10 13:09:34.488,5.97927,5.98053,2.25,1.65
2011.01.10 13:09:35.328,5.97927,5.98085,2.25,2.19
2011.01.10 13:09:35.437,5.97927,5.98104,3.00,2.19
2011.01.10 13:09:35.825,5.97927,5.98072,3.00,1.20
2011.01.10 13:09:36.882,5.97927,5.98104,3.00,2.19
2011.01.10 13:09:37.219,5.97927,5.98084,2.25,2.19
2011.01.10 13:09:37.742,5.97927,5.98084,2.25,2.19
2011.01.10 13:09:37.865,5.97854,5.98077,1.50,3.04
2011.01.10 13:09:37.977,5.97854,5.98077,1.50,3.04
2011.01.10 13:09:38.198,5.97848,5.98077,3.00,3.04
2011.01.10 13:09:38.687,5.97848,5.98047,3.00,1.17
2011.01.10 13:09:39.673,5.97848,5.98041,3.00,2.00
2011.01.10 13:09:40.009,5.97848,5.98048,3.00,1.17
2011.01.10 13:09:40.456,5.97848,5.98052,3.15,1.32
2011.01.10 13:09:40.675,5.97848,5.98041,3.00,2.00
2011.01.10 13:09:41.208,5.97848,5.98041,3.00,2.19
2011.01.10 13:09:43.216,5.97848,5.98041,6.75,2.00
2011.01.10 13:09:43.436,5.97861,5.9806,1.50,2.19
2011.01.10 13:09:45.109,5.97848,5.98048,3.00,1.17
2011.01.10 13:09:45.795,5.97862,5.9806,1.50,2.00
2011.01.10 13:09:46.918,5.97888,5.98087,1.50,2.19
2011.01.10 13:09:47.033,5.97888,5.98087,1.50,2.19
2011.01.10 13:09:47.531,5.97888,5.98087,1.50,2.19
2011.01.10 13:09:47.758,5.97908,5.98063,1.50,1.20
2011.01.10 13:09:48.218,5.97896,5.98063,1.50,1.20
2011.01.10 13:09:48.332,5.97889,5.98063,1.50,1.20
2011.01.10 13:09:48.648,5.97889,5.98087,1.50,2.19
2011.01.10 13:09:49.177,5.97889,5.98078,1.50,4.05
2011.01.10 13:09:49.287,5.97884,5.98065,1.50,2.14
2011.01.10 13:09:49.397,5.9786,5.98062,1.50,2.14
2011.01.10 13:09:49.963,5.97847,5.98055,3.08,2.14
2011.01.10 13:09:50.086,5.97792,5.98002,4.50,3.19
2011.01.10 13:09:51.003,5.97818,5.98013,1.20,2.14
2011.01.10 13:09:51.232,5.97837,5.98034,2.40,2.29
2011.01.10 13:09:51.982,5.97878,5.98067,2.25,4.92
2011.01.10 13:09:52.097,5.97878,5.98067,2.25,4.92
2011.01.10 13:09:52.208,5.97878,5.98063,2.25,2.22
2011.01.10 13:09:52.887,5.97878,5.98067,2.25,1.17
2011.01.10 13:09:53.617,5.97878,5.98061,2.25,2.14
2011.01.10 13:09:53.987,5.97878,5.98066,2.25,4.73
2011.01.10 13:09:54.207,5.97878,5.98066,2.25,2.22
2011.01.10 13:09:55.480,5.97878,5.98062,2.25,1.32
2011.01.10 13:09:55.708,5.97878,5.98066,2.25,2.22
2011.01.10 13:09:56.516,5.97878,5.98062,2.25,1.32
2011.01.10 13:09:56.626,5.97878,5.98071,2.25,4.54
2011.01.10 13:09:57.687,5.97878,5.98067,2.25,1.17
2011.01.10 13:09:58.353,5.97878,5.98055,2.25,1.81
2011.01.10 13:09:58.953,5.97847,5.98037,4.50,1.05
2011.01.10 13:09:59.071,5.97838,5.98022,3.00,2.19
2011.01.10 13:10:00.019,5.97838,5.98022,3.00,2.00
2011.01.10 13:10:00.348,5.97838,5.98012,3.00,1.20
2011.01.10 13:10:00.707,5.97917,5.98029,2.25,4.54
2011.01.10 13:10:01.039,5.97869,5.9804,2.25,1.50
2011.01.10 13:10:01.559,5.97869,5.98047,2.25,1.50
2011.01.10 13:10:01.676,5.97838,5.98044,3.00,1.47
2011.01.10 13:10:02.252,5.97838,5.98028,3.00,1.17
2011.01.10 13:10:02.768,5.97838,5.97999,2.25,1.39
2011.01.10 13:10:02.885,5.97796,5.98013,4.50,2.85
2011.01.10 13:10:04.049,5.97793,5.97997,4.50,1.17
2011.01.10 13:10:05.532,5.97788,5.97977,3.00,1.05
2011.01.10 13:10:05.869,5.97788,5.97972,3.00,2.00
2011.01.10 13:10:06.577,5.97788,5.97978,3.00,1.17
2011.01.10 13:10:07.436,5.97788,5.97988,3.00,1.17
2011.01.10 13:10:07.657,5.97788,5.97978,3.00,1.17
2011.01.10 13:10:08.917,5.97788,5.97982,3.00,1.17
2011.01.10 13:10:09.030,5.97767,5.97968,1.50,1.17
2011.01.10 13:10:09.681,5.97788,5.97988,3.00,1.39
2011.01.10 13:10:11.572,5.97767,5.97965,1.50,1.81
2011.01.10 13:10:11.693,5.97788,5.97978,3.00,1.17
2011.01.10 13:10:14.600,5.97788,5.97966,3.00,1.81
2011.01.10 13:10:14.947,5.97788,5.97966,3.00,2.19
2011.01.10 13:10:15.277,5.97788,5.9798,3.00,2.19
2011.01.10 13:10:15.606,5.97788,5.97988,3.00,2.19
2011.01.10 13:10:16.085,5.97788,5.97987,3.00,2.19
2011.01.10 13:10:17.806,5.97788,5.97987,3.75,2.19
2011.01.10 13:10:18.136,5.97788,5.97952,3.75,1.20
2011.01.10 13:10:18.247,5.97788,5.9797,3.00,2.41
2011.01.10 13:10:18.356,5.97789,5.97973,1.50,1.20
2011.01.10 13:10:18.578,5.97789,5.97983,1.50,1.20
2011.01.10 13:10:19.128,5.97789,5.97988,1.50,2.19
2011.01.10 13:10:19.239,5.97789,5.97988,1.50,2.19
2011.01.10 13:10:22.377,5.97789,5.97988,1.50,2.00
2011.01.10 13:10:22.486,5.97789,5.97988,1.50,2.19
2011.01.10 13:10:24.006,5.97789,5.97988,1.50,2.00
2011.01.10 13:10:25.067,5.97817,5.97988,2.25,2.41
2011.01.10 13:10:26.212,5.97817,5.97997,2.25,1.17
2011.01.10 13:10:26.577,5.97817,5.98008,2.25,1.17
2011.01.10 13:10:26.690,5.97817,5.97998,2.25,1.05
2011.01.10 13:10:27.690,5.97817,5.97992,2.25,1.32
2011.01.10 13:10:29.629,5.97867,5.98032,2.25,1.73
2011.01.10 13:10:31.728,5.97833,5.98032,1.05,1.32
2011.01.10 13:10:31.849,5.97818,5.98024,6.72,2.85
2011.01.10 13:10:33.131,5.97824,5.98024,2.33,1.54
2011.01.10 13:10:33.247,5.97818,5.98024,6.53,2.85
2011.01.10 13:10:33.610,5.97818,5.98018,3.00,1.17
2011.01.10 13:10:33.782,5.97822,5.98023,1.05,1.32
2011.01.10 13:10:34.469,5.97818,5.98013,3.00,1.32
2011.01.10 13:10:34.577,5.97818,5.98024,6.53,2.85
2011.01.10 13:10:34.729,5.97818,5.98018,3.00,1.17
2011.01.10 13:10:34.920,5.97824,5.98024,2.33,1.54
2011.01.10 13:10:35.050,5.97818,5.98024,6.72,2.85
2011.01.10 13:10:35.965,5.97824,5.98024,2.33,1.54
2011.01.10 13:10:36.320,5.97823,5.98022,1.05,1.32
2011.01.10 13:10:36.841,5.97824,5.98024,2.10,1.47
2011.01.10 13:10:37.178,5.97827,5.98033,1.09,3.79
2011.01.10 13:10:37.287,5.97818,5.98028,3.00,1.17
2011.01.10 13:10:37.858,5.97818,5.98028,3.00,1.17
2011.01.10 13:10:38.273,5.97822,5.98033,1.05,2.25
2011.01.10 13:10:38.719,5.97818,5.98023,3.00,1.32
2011.01.10 13:10:39.753,5.97834,5.98033,2.48,1.02
2011.01.10 13:10:42.657,5.97834,5.98033,2.10,1.09
2011.01.10 13:10:43.125,5.97828,5.98033,1.09,1.92
2011.01.10 13:10:43.368,5.97818,5.98027,6.72,1.17
2011.01.10 13:10:44.065,5.97834,5.98033,2.48,1.02
2011.01.10 13:10:44.360,5.97834,5.98033,2.33,1.17
2011.01.10 13:10:44.716,5.97827,5.98033,1.09,1.92
2011.01.10 13:10:44.847,5.97838,5.98033,1.20,1.02
2011.01.10 13:10:45.477,5.97834,5.98033,2.48,1.02
2011.01.10 13:10:46.160,5.97834,5.98033,2.48,1.02
2011.01.10 13:10:47.534,5.97834,5.98028,2.48,2.14
2011.01.10 13:10:50.185,5.97834,5.98028,2.10,2.14
2011.01.10 13:10:50.299,5.97834,5.98028,2.48,2.14
2011.01.10 13:10:50.667,5.97834,5.98028,2.48,2.14
2011.01.10 13:10:52.075,5.97857,5.98037,1.20,2.14
2011.01.10 13:10:52.678,5.97856,5.98046,2.10,2.14
2011.01.10 13:10:52.787,5.97856,5.98046,2.48,2.14
2011.01.10 13:10:54.281,5.97856,5.98046,2.33,2.14
2011.01.10 13:10:54.440,5.97857,5.98046,1.20,2.14
2011.01.10 13:11:00.960,5.97856,5.98055,2.33,2.29
2011.01.10 13:11:01.130,5.97856,5.98055,2.48,2.14
2011.01.10 13:11:01.466,5.97877,5.98056,2.10,1.39
2011.01.10 13:11:02.768,5.97872,5.98067,1.17,2.14
2011.01.10 13:11:05.188,5.97873,5.98072,1.05,1.32
2011.01.10 13:11:05.882,5.97862,5.98076,1.17,4.73
2011.01.10 13:11:05.999,5.97877,5.98076,2.48,2.14
2011.01.10 13:11:06.329,5.97881,5.98085,2.48,1.02
2011.01.10 13:11:06.438,5.97897,5.98085,1.09,1.02
2011.01.10 13:11:06.561,5.97904,5.98085,2.33,1.02
2011.01.10 13:11:07.221,5.97902,5.98085,1.05,1.02
2011.01.10 13:11:07.338,5.97881,5.98085,2.78,1.92
2011.01.10 13:11:07.449,5.97877,5.98085,1.09,3.79
2011.01.10 13:11:07.937,5.97868,5.98077,1.09,1.05
2011.01.10 13:11:08.469,5.97877,5.98085,1.09,2.85
2011.01.10 13:11:09.557,5.97885,5.98085,2.10,1.47
2011.01.10 13:11:10.443,5.97878,5.98085,1.09,2.85
2011.01.10 13:11:11.457,5.97885,5.98085,2.10,1.47
2011.01.10 13:11:13.208,5.97883,5.98082,1.05,1.32
2011.01.10 13:11:17.237,5.97885,5.98085,2.10,1.47
2011.01.10 13:11:18.279,5.97872,5.98073,1.05,1.32
2011.01.10 13:11:18.971,5.97862,5.98067,2.70,2.29
2011.01.10 13:11:19.529,5.97857,5.98039,1.20,1.39
2011.01.10 13:11:19.642,5.97837,5.98039,6.72,2.67
2011.01.10 13:11:20.609,5.97827,5.9803,1.09,4.54
2011.01.10 13:11:20.716,5.97838,5.9803,1.09,2.14
2011.01.10 13:11:21.187,5.97827,5.9803,1.09,4.54
2011.01.10 13:11:21.910,5.97817,5.98013,2.40,1.32
2011.01.10 13:11:22.246,5.97817,5.98013,6.08,1.54
2011.01.10 13:11:24.779,5.97817,5.98013,6.23,1.39
2011.01.10 13:11:25.742,5.97817,5.98013,5.85,1.47
2011.01.10 13:11:25.892,5.97817,5.98013,2.33,2.85
2011.01.10 13:11:26.116,5.97817,5.98003,2.25,1.32
2011.01.10 13:11:26.228,5.97793,5.97992,2.33,1.39
2011.01.10 13:11:26.753,5.97787,5.97992,1.09,2.67
2011.01.10 13:11:26.872,5.97793,5.97992,2.10,2.89
2011.01.10 13:11:27.287,5.97793,5.97992,2.48,1.39
2011.01.10 13:11:28.132,5.97783,5.97982,1.05,1.32
2011.01.10 13:11:28.668,5.97771,5.97978,2.78,1.17
2011.01.10 13:11:29.248,5.97765,5.97948,2.10,1.39
2011.01.10 13:11:29.363,5.97758,5.97964,1.09,2.85
2011.01.10 13:11:29.850,5.97747,5.97958,1.09,1.17
2011.01.10 13:11:30.591,5.97746,5.97946,2.10,1.47
2011.01.10 13:11:31.460,5.97737,5.97946,1.09,2.85
2011.01.10 13:11:32.241,5.97732,5.97933,1.05,1.09
2011.01.10 13:11:33.679,5.97746,5.97946,2.33,1.54
2011.01.10 13:11:34.947,5.97746,5.97946,2.48,1.39
2011.01.10 13:11:35.805,5.97747,5.97946,1.20,1.39
2011.01.10 13:11:37.047,5.97746,5.97946,2.48,1.39
2011.01.10 13:11:38.176,5.97746,5.97946,2.10,1.47
2011.01.10 13:11:38.294,5.97758,5.97964,1.09,2.85
2011.01.10 13:11:38.410,5.97766,5.97964,2.48,1.39
2011.01.10 13:11:39.988,5.97747,5.97946,2.48,1.39
2011.01.10 13:11:40.539,5.97742,5.97946,1.17,1.47
2011.01.10 13:11:40.660,5.97763,5.97961,1.05,4.69
2011.01.10 13:11:41.472,5.97766,5.97961,2.33,2.14
2011.01.10 13:11:41.594,5.97772,5.97962,1.05,2.14
2011.01.10 13:11:44.478,5.97784,5.97966,2.10,1.02
2011.01.10 13:11:44.846,5.97784,5.97966,2.48,1.02
2011.01.10 13:11:45.588,5.97792,5.97969,2.48,1.02
2011.01.10 13:11:45.927,5.97773,5.97969,1.05,2.26
2011.01.10 13:11:46.260,5.97769,5.97966,1.50,1.17
2011.01.10 13:11:46.818,5.97769,5.97959,1.50,4.35
2011.01.10 13:11:46.936,5.97757,5.97948,1.09,2.14
2011.01.10 13:11:47.047,5.97742,5.97948,1.65,4.92
2011.01.10 13:11:47.267,5.97732,5.97933,1.05,1.32
2011.01.10 13:11:47.999,5.97727,5.97927,3.08,1.05
2011.01.10 13:11:48.339,5.97773,5.97948,1.05,1.50
2011.01.10 13:11:48.462,5.97781,5.97948,2.48,1.50
2011.01.10 13:11:49.093,5.97798,5.97985,1.09,2.89
2011.01.10 13:11:51.213,5.97772,5.97979,1.17,1.73
2011.01.10 13:11:51.440,5.97777,5.97966,1.09,2.14
2011.01.10 13:11:51.549,5.97784,5.97966,2.10,2.14
2011.01.10 13:11:51.656,5.97777,5.97966,1.09,2.14
2011.01.10 13:11:52.181,5.97773,5.97966,1.05,2.29
2011.01.10 13:11:52.397,5.97778,5.97966,1.09,2.14
2011.01.10 13:11:52.618,5.97768,5.97966,2.25,4.73
2011.01.10 13:11:52.727,5.97768,5.97966,3.00,4.73
2011.01.10 13:11:53.746,5.97777,5.97972,1.09,2.14
2011.01.10 13:11:53.856,5.97783,5.97972,2.70,2.14
2011.01.10 13:11:54.291,5.97768,5.97972,6.72,4.73
2011.01.10 13:11:54.407,5.97777,5.97972,1.09,2.14
2011.01.10 13:11:55.058,5.97768,5.9796,3.00,2.00
2011.01.10 13:11:55.277,5.97743,5.97948,1.17,2.67
2011.01.10 13:11:55.860,5.97748,5.97948,1.05,1.69
2011.01.10 13:11:56.229,5.97748,5.97948,2.29,1.39
2011.01.10 13:11:56.802,5.97748,5.97948,1.20,2.82
2011.01.10 13:11:57.566,5.97748,5.97948,2.70,1.39
2011.01.10 13:11:59.443,5.97748,5.97948,2.48,1.39
2011.01.10 13:12:00.168,5.97782,5.97969,2.29,2.14
2011.01.10 13:12:00.792,5.97782,5.97969,2.48,2.14
2011.01.10 13:12:02.019,5.97782,5.97978,2.29,2.14
2011.01.10 13:12:03.083,5.97782,5.97978,2.29,2.14
2011.01.10 13:12:03.200,5.97782,5.97978,2.48,2.14
2011.01.10 13:12:03.537,5.97782,5.97981,2.48,1.39
2011.01.10 13:12:03.760,5.97809,5.98005,2.29,2.14
2011.01.10 13:12:04.296,5.97809,5.98008,2.48,1.39
2011.01.10 13:12:04.410,5.97809,5.98008,2.29,1.39
2011.01.10 13:12:04.518,5.97808,5.98008,1.09,2.67
2011.01.10 13:12:04.629,5.97792,5.98001,2.48,2.14
2011.01.10 13:12:08.059,5.97792,5.97991,2.29,1.39
2011.01.10 13:12:08.496,5.97792,5.97987,1.05,2.44
2011.01.10 13:12:10.132,5.97777,5.97987,1.09,4.73
2011.01.10 13:12:10.828,5.97792,5.97987,1.05,2.44
2011.01.10 13:12:11.342,5.97778,5.97987,1.09,4.92
2011.01.10 13:12:11.670,5.97782,5.97987,1.17,2.22
2011.01.10 13:12:12.554,5.97773,5.97972,1.05,1.32
2011.01.10 13:12:12.886,5.97778,5.97983,1.09,4.73
2011.01.10 13:12:13.369,5.97766,5.97965,2.48,1.39
2011.01.10 13:12:13.492,5.97766,5.97965,2.10,1.47
2011.01.10 13:12:14.357,5.97766,5.97965,2.48,1.39
2011.01.10 13:12:14.554,5.97766,5.97965,2.10,1.47
2011.01.10 13:12:19.890,5.97766,5.97965,2.48,1.39
2011.01.10 13:12:20.450,5.97766,5.97944,2.33,2.14
2011.01.10 13:12:21.010,5.97766,5.97944,2.48,2.14
2011.01.10 13:12:23.210,5.97768,5.9795,1.09,1.50
2011.01.10 13:12:23.724,5.97778,5.9795,1.09,1.50
2011.01.10 13:12:24.342,5.97779,5.9795,2.29,1.50
2011.01.10 13:12:25.723,5.97778,5.9795,1.09,1.50
2011.01.10 13:12:26.156,5.97767,5.9795,1.09,1.50
2011.01.10 13:12:26.597,5.97768,5.97932,3.00,1.73
2011.01.10 13:12:27.134,5.97728,5.97925,1.09,2.22
2011.01.10 13:12:27.254,5.97727,5.97915,3.08,1.58
2011.01.10 13:12:27.901,5.97732,5.97915,1.05,1.50
2011.01.10 13:12:28.011,5.97727,5.97924,6.72,2.22
2011.01.10 13:12:29.128,5.97727,5.97923,3.15,1.32
2011.01.10 13:12:29.530,5.97728,5.97924,1.09,2.22
2011.01.10 13:12:31.103,5.97733,5.97924,1.17,2.14
2011.01.10 13:12:31.465,5.97728,5.97914,1.09,2.14
2011.01.10 13:12:34.803,5.97727,5.97909,3.00,2.00
2011.01.10 13:12:35.140,5.97681,5.97888,2.78,1.17
2011.01.10 13:12:35.653,5.97686,5.9788,2.10,2.14
2011.01.10 13:12:35.762,5.97717,5.97898,3.23,1.50
2011.01.10 13:12:35.989,5.97722,5.97898,2.29,1.50
2011.01.10 13:12:36.501,5.97717,5.97907,3.23,2.14
2011.01.10 13:12:36.621,5.97717,5.97902,3.00,1.32
2011.01.10 13:12:37.220,5.97717,5.97899,3.15,2.14
2011.01.10 13:12:38.172,5.97717,5.97891,3.00,1.50
2011.01.10 13:12:38.545,5.97717,5.97891,2.25,4.54
2011.01.10 13:12:40.154,5.97717,5.97887,2.25,1.17
2011.01.10 13:12:40.489,5.97717,5.9788,2.25,2.00
2011.01.10 13:12:42.065,5.97717,5.97873,2.25,1.20
2011.01.10 13:12:42.695,5.97717,5.97861,2.25,2.41
2011.01.10 13:12:42.812,5.97667,5.97861,3.00,2.41
2011.01.10 13:12:43.107,5.97667,5.97866,3.08,4.73
2011.01.10 13:12:43.259,5.97667,5.97861,3.00,2.00
2011.01.10 13:12:44.539,5.97683,5.97873,1.05,2.29
2011.01.10 13:12:44.648,5.97717,5.97885,2.33,1.39
2011.01.10 13:12:45.232,5.97717,5.97901,3.00,2.29
2011.01.10 13:12:45.352,5.97717,5.97901,3.08,2.14
2011.01.10 13:12:45.738,5.97717,5.97901,3.00,2.29
2011.01.10 13:12:46.269,5.97717,5.97901,3.00,4.69
2011.01.10 13:12:46.626,5.97717,5.97901,3.15,2.14
2011.01.10 13:12:46.738,5.97717,5.97901,3.00,4.69
2011.01.10 13:12:48.054,5.97717,5.97901,3.15,2.14
2011.01.10 13:12:49.539,5.97718,5.97901,1.09,2.14
2011.01.10 13:12:49.755,5.97717,5.97901,3.08,2.14
2011.01.10 13:12:50.998,5.97717,5.97915,3.08,4.73
2011.01.10 13:12:51.107,5.97722,5.97915,1.05,2.29
2011.01.10 13:12:52.841,5.97727,5.97915,1.09,2.14
2011.01.10 13:12:53.799,5.97717,5.97901,2.33,2.14
2011.01.10 13:12:54.019,5.97717,5.97893,2.25,1.39
2011.01.10 13:12:54.772,5.97663,5.97812,1.05,1.50
2011.01.10 13:12:54.892,5.97618,5.97812,2.29,2.14
2011.01.10 13:12:55.007,5.97618,5.97812,2.29,2.14
2011.01.10 13:12:55.638,5.97618,5.97812,2.48,2.14
2011.01.10 13:12:56.389,5.97648,5.9784,2.25,2.14
2011.01.10 13:12:56.499,5.97648,5.9784,3.00,2.14
2011.01.10 13:12:57.087,5.97648,5.9784,3.15,2.14
2011.01.10 13:12:57.975,5.97648,5.9784,3.15,2.14
2011.01.10 13:12:59.248,5.97648,5.97824,2.25,1.54
2011.01.10 13:12:59.469,5.97648,5.97832,2.25,2.14
2011.01.10 13:13:01.444,5.97648,5.97832,2.48,2.14
2011.01.10 13:13:03.327,5.97653,5.97852,1.05,1.32
2011.01.10 13:13:07.283,5.97657,5.97849,2.10,2.14
2011.01.10 13:13:07.758,5.97648,5.97849,3.15,4.54
2011.01.10 13:13:09.271,5.97652,5.97849,1.17,2.14
2011.01.10 13:13:09.667,5.97648,5.97849,3.15,2.14
2011.01.10 13:13:09.777,5.97688,5.97849,2.25,2.14
2011.01.10 13:13:10.108,5.97688,5.97884,2.25,1.39
2011.01.10 13:13:14.125,5.97688,5.97884,2.55,1.39
2011.01.10 13:13:14.458,5.97697,5.97884,2.85,1.39
2011.01.10 13:13:15.053,5.97737,5.97884,2.25,1.39
2011.01.10 13:13:15.174,5.97737,5.97902,2.25,1.39
2011.01.10 13:13:16.243,5.97698,5.979,3.00,2.14
2011.01.10 13:13:16.468,5.97704,5.979,2.10,2.14
2011.01.10 13:13:16.580,5.97708,5.97902,1.09,1.39
2011.01.10 13:13:16.699,5.97738,5.97917,2.25,2.14
2011.01.10 13:13:17.998,5.97738,5.97902,2.25,1.47
2011.01.10 13:13:22.117,5.97738,5.97906,2.25,2.14
2011.01.10 13:13:22.231,5.97738,5.97901,2.25,2.14
2011.01.10 13:13:25.449,5.97738,5.97902,2.25,2.82
2011.01.10 13:13:31.518,5.97738,5.97888,2.25,1.17
2011.01.10 13:13:31.847,5.97697,5.97884,2.25,1.54
2011.01.10 13:13:32.343,5.97697,5.97884,3.00,1.54
2011.01.10 13:13:34.896,5.97697,5.97882,2.25,2.14
2011.01.10 13:13:37.468,5.97697,5.97878,3.00,1.50
2011.01.10 13:13:37.798,5.97697,5.97878,2.25,4.54
2011.01.10 13:13:39.587,5.97697,5.97881,3.00,2.14
2011.01.10 13:13:40.848,5.97697,5.97872,3.00,1.50
2011.01.10 13:13:41.177,5.97697,5.97872,2.25,2.14
2011.01.10 13:13:43.450,5.97697,5.97859,2.25,1.50
2011.01.10 13:13:44.659,5.97697,5.97872,2.25,2.14
2011.01.10 13:13:46.306,5.97697,5.97862,2.25,1.32
2011.01.10 13:13:46.416,5.97697,5.97868,2.25,2.29
2011.01.10 13:13:50.748,5.97697,5.97868,2.25,1.17
2011.01.10 13:13:51.481,5.97697,5.97868,2.25,2.44
2011.01.10 13:13:51.658,5.97697,5.97868,2.25,4.92
2011.01.10 13:13:51.999,5.97697,5.97868,2.25,4.69
2011.01.10 13:13:56.243,5.97658,5.97823,3.00,1.50
2011.01.10 13:13:56.577,5.97658,5.97823,2.25,1.50
2011.01.10 13:13:56.796,5.97658,5.97833,2.25,1.50
2011.01.10 13:13:57.018,5.97658,5.97833,2.40,2.14
2011.01.10 13:14:00.104,5.97618,5.97827,1.09,1.17
2011.01.10 13:14:02.699,5.97632,5.97831,1.05,2.82
2011.01.10 13:14:03.027,5.97632,5.97833,1.05,1.32
2011.01.10 13:14:03.418,5.97627,5.97827,1.58,2.00
2011.01.10 13:14:03.636,5.97618,5.97827,1.09,1.17
2011.01.10 13:14:05.747,5.97627,5.97832,1.09,6.42
2011.01.10 13:14:06.076,5.97627,5.97838,2.97,1.17
2011.01.10 13:14:06.297,5.97638,5.97842,1.09,4.73
2011.01.10 13:14:06.755,5.97627,5.97838,2.97,1.17
2011.01.10 13:14:10.817,5.97615,5.97805,1.58,1.50
2011.01.10 13:14:10.928,5.97615,5.97805,1.58,1.50
2011.01.10 13:14:11.887,5.97638,5.97829,1.95,2.14
2011.01.10 13:14:11.999,5.97643,5.97841,1.05,2.14
2011.01.10 13:14:12.443,5.97643,5.97841,1.05,2.14
2011.01.10 13:14:12.777,5.97658,5.97836,3.00,2.04
2011.01.10 13:14:13.790,5.97658,5.97833,3.00,1.20
2011.01.10 13:14:13.913,5.97658,5.97836,3.00,1.81
2011.01.10 13:14:14.550,5.97658,5.97832,3.00,1.20
2011.01.10 13:14:15.132,5.97658,5.97842,3.00,4.54
2011.01.10 13:14:15.969,5.97658,5.97842,6.53,2.14
2011.01.10 13:14:16.080,5.97658,5.97842,3.00,2.14
2011.01.10 13:14:17.032,5.97661,5.97847,1.05,2.14
2011.01.10 13:14:17.481,5.97668,5.97858,1.09,2.14
2011.01.10 13:14:18.068,5.97658,5.97852,3.15,1.32
2011.01.10 13:14:20.106,5.9766,5.9785,1.05,2.14
2011.01.10 13:14:20.439,5.97703,5.97886,1.05,1.50
2011.01.10 13:14:20.990,5.97717,5.97904,1.09,2.14
2011.01.10 13:14:21.108,5.97726,5.97904,2.10,2.14
2011.01.10 13:14:21.219,5.97718,5.97904,1.09,2.14
2011.01.10 13:14:22.962,5.97708,5.97904,1.09,2.22
2011.01.10 13:14:24.807,5.97707,5.97901,3.00,2.00
2011.01.10 13:14:25.054,5.97707,5.97902,3.15,1.32
2011.01.10 13:14:25.285,5.97707,5.97901,3.00,2.00
2011.01.10 13:14:28.818,5.97707,5.97901,3.00,2.00
2011.01.10 13:14:29.505,5.97707,5.97901,3.00,2.19
2011.01.10 13:14:30.191,5.97707,5.97901,3.00,2.00
2011.01.10 13:14:30.934,5.97688,5.97874,4.50,4.73
2011.01.10 13:14:31.056,5.97667,5.97863,1.50,1.20
2011.01.10 13:14:32.001,5.97667,5.97852,1.50,1.20
2011.01.10 13:14:32.448,5.97667,5.97862,1.50,1.20
2011.01.10 13:14:33.208,5.97667,5.97863,1.50,1.20
2011.01.10 13:14:34.378,5.97667,5.97855,1.50,9.98
2011.01.10 13:14:34.488,5.97648,5.97823,1.50,1.81
2011.01.10 13:14:34.965,5.97625,5.97803,1.50,1.20
2011.01.10 13:14:35.624,5.97625,5.97823,1.50,2.19
2011.01.10 13:14:36.678,5.97625,5.97821,1.50,4.35
2011.01.10 13:14:36.788,5.97642,5.97821,1.50,4.35
2011.01.10 13:14:36.898,5.97642,5.97827,1.50,9.98
2011.01.10 13:14:37.227,5.97642,5.97831,1.50,9.98
2011.01.10 13:14:37.742,5.97639,5.97792,1.50,1.20
2011.01.10 13:14:37.863,5.97618,5.97802,3.00,1.20
2011.01.10 13:14:38.239,5.97618,5.97814,3.00,2.19
2011.01.10 13:14:38.903,5.97618,5.97803,3.00,1.20
2011.01.10 13:14:39.108,5.97618,5.97793,3.00,1.20
2011.01.10 13:14:40.950,5.97618,5.97789,3.00,9.98
2011.01.10 13:14:41.442,5.97618,5.97787,3.00,4.35
2011.01.10 13:14:41.545,5.97618,5.9777,3.00,9.98
2011.01.10 13:14:41.662,5.97581,5.97772,1.50,1.80
2011.01.10 13:14:42.223,5.97578,5.97747,2.25,2.19
2011.01.10 13:14:42.558,5.97578,5.97745,2.25,4.35
2011.01.10 13:14:43.014,5.97578,5.97745,2.25,4.35
2011.01.10 13:14:43.250,5.97529,5.97683,1.50,1.20
2011.01.10 13:14:43.807,5.97549,5.97692,1.50,1.20
2011.01.10 13:14:44.567,5.97549,5.97714,1.50,9.98
2011.01.10 13:14:44.687,5.97529,5.97714,1.50,9.98
2011.01.10 13:14:45.029,5.97518,5.97685,3.00,2.19
2011.01.10 13:14:45.508,5.97518,5.97685,2.25,2.19
2011.01.10 13:14:45.637,5.97485,5.97658,1.50,9.98
2011.01.10 13:14:46.518,5.97485,5.97603,1.50,1.20
2011.01.10 13:14:47.002,5.97485,5.97592,1.50,1.20
2011.01.10 13:14:47.540,5.97478,5.97592,3.00,1.20
2011.01.10 13:14:47.665,5.97435,5.97563,1.50,1.20
2011.01.10 13:14:48.301,5.97435,5.97572,1.50,1.20
2011.01.10 13:14:48.433,5.97435,5.97573,1.50,1.20
2011.01.10 13:14:48.547,5.97435,5.97627,1.50,4.35
2011.01.10 13:14:48.767,5.97435,5.97582,1.50,1.20
2011.01.10 13:14:49.556,5.97435,5.97627,1.50,4.35
2011.01.10 13:14:49.671,5.97435,5.97627,1.50,4.35
2011.01.10 13:14:50.011,5.97435,5.97576,1.50,9.98
2011.01.10 13:14:50.507,5.97435,5.97513,1.50,1.20
2011.01.10 13:14:50.629,5.97361,5.97553,1.50,9.98
2011.01.10 13:14:50.741,5.97361,5.97558,1.50,4.17
2011.01.10 13:14:51.224,5.97388,5.9756,2.25,2.00
2011.01.10 13:14:51.568,5.97387,5.97522,2.25,1.20
2011.01.10 13:14:51.897,5.97387,5.97512,2.25,1.20
2011.01.10 13:14:52.849,5.97387,5.97547,2.25,9.98
2011.01.10 13:14:53.441,5.97387,5.97539,2.25,2.19
2011.01.10 13:14:53.553,5.97342,5.97539,1.50,2.19
2011.01.10 13:14:53.673,5.97388,5.97523,2.25,1.20
2011.01.10 13:14:54.009,5.97388,5.97547,2.25,4.35
2011.01.10 13:14:54.459,5.97388,5.97547,2.25,4.35
2011.01.10 13:14:54.576,5.97388,5.97561,3.00,4.35
2011.01.10 13:14:55.020,5.97388,5.97553,2.25,4.35
2011.01.10 13:14:55.562,5.9736,5.97513,1.50,1.20
2011.01.10 13:14:55.685,5.9736,5.97544,1.50,4.35
2011.01.10 13:14:55.801,5.97388,5.97532,3.00,1.20
2011.01.10 13:14:56.997,5.97388,5.97559,3.00,4.35
2011.01.10 13:14:57.107,5.97388,5.97559,3.00,4.58
2011.01.10 13:14:57.588,5.97388,5.97559,3.00,1.50
2011.01.10 13:14:57.706,5.97368,5.97555,3.00,5.25
2011.01.10 13:14:57.823,5.97368,5.97504,3.00,3.75
2011.01.10 13:14:58.274,5.97368,5.97504,3.00,9.98
2011.01.10 13:14:58.425,5.97297,5.97481,1.50,4.35
2011.01.10 13:14:58.935,5.97297,5.97481,1.50,4.35
2011.01.10 13:14:59.062,5.97304,5.97503,1.69,1.81
2011.01.10 13:14:59.179,5.97358,5.97478,3.00,1.50
2011.01.10 13:14:59.723,5.97358,5.97478,3.00,1.65
2011.01.10 13:14:59.837,5.97358,5.97486,2.25,9.98
2011.01.10 13:15:00.387,5.97358,5.97486,2.25,9.98
2011.01.10 13:15:00.505,5.97337,5.97443,1.50,1.50
2011.01.10 13:15:00.619,5.97337,5.97452,1.50,1.50
2011.01.10 13:15:00.730,5.97337,5.97482,1.50,1.50
2011.01.10 13:15:01.384,5.97257,5.97443,3.00,2.19
2011.01.10 13:15:02.015,5.97257,5.97443,3.00,2.19
2011.01.10 13:15:02.132,5.97257,5.97443,3.00,1.81
2011.01.10 13:15:02.251,5.97257,5.9745,3.00,4.69
2011.01.10 13:15:02.372,5.97257,5.97443,3.00,2.04
2011.01.10 13:15:02.928,5.97291,5.97424,4.50,1.50
2011.01.10 13:15:03.666,5.97318,5.97436,3.00,1.50
2011.01.10 13:15:03.778,5.97318,5.97473,3.00,1.50
2011.01.10 13:15:04.584,5.97318,5.97486,3.00,1.58
2011.01.10 13:15:04.699,5.97318,5.97486,3.00,1.50
2011.01.10 13:15:05.267,5.97326,5.975,4.69,1.50
2011.01.10 13:15:05.380,5.97333,5.9753,1.58,1.65
2011.01.10 13:15:05.957,5.97358,5.9753,2.25,4.17
2011.01.10 13:15:06.086,5.97382,5.97535,1.05,1.50
2011.01.10 13:15:06.648,5.97407,5.97535,3.00,1.50
2011.01.10 13:15:06.769,5.97408,5.97578,1.50,1.50
2011.01.10 13:15:06.879,5.97408,5.97591,1.50,4.35
2011.01.10 13:15:07.532,5.97408,5.97553,1.50,1.20
2011.01.10 13:15:07.760,5.97387,5.97533,1.50,1.20
2011.01.10 13:15:08.252,5.97368,5.9753,4.50,1.80
2011.01.10 13:15:08.373,5.97363,5.9753,1.50,4.17
2011.01.10 13:15:09.135,5.97363,5.9753,1.50,4.35
2011.01.10 13:15:09.246,5.97319,5.9751,1.50,4.35
2011.01.10 13:15:09.358,5.97319,5.9751,1.50,4.35
2011.01.10 13:15:09.472,5.97351,5.9751,1.50,1.80
2011.01.10 13:15:09.588,5.97357,5.97525,3.00,3.98
2011.01.10 13:15:10.175,5.97357,5.9754,3.00,4.17
2011.01.10 13:15:10.289,5.97357,5.97532,3.00,1.20
2011.01.10 13:15:10.509,5.97357,5.9754,3.00,4.17
2011.01.10 13:15:10.777,5.97357,5.97532,3.00,1.20
2011.01.10 13:15:11.268,5.97357,5.9754,3.00,4.35
2011.01.10 13:15:11.384,5.97357,5.9754,3.00,4.35
2011.01.10 13:15:11.608,5.97357,5.97551,3.00,2.19
2011.01.10 13:15:11.720,5.97357,5.97482,2.25,1.20
2011.01.10 13:15:12.250,5.97316,5.97482,1.50,1.20
2011.01.10 13:15:12.285,5.97316,5.97493,1.50,1.20
2011.01.10 13:15:12.630,5.97316,5.97516,1.50,2.19
2011.01.10 13:15:12.749,5.97316,5.97516,1.50,1.81
2011.01.10 13:15:13.282,5.97337,5.97513,4.50,2.04
2011.01.10 13:15:13.398,5.97314,5.97513,1.50,2.19
2011.01.10 13:15:14.197,5.97314,5.97537,1.50,6.23
2011.01.10 13:15:14.440,5.97349,5.97532,1.50,2.19
2011.01.10 13:15:14.657,5.97347,5.97532,3.00,2.19
2011.01.10 13:15:15.439,5.97352,5.97532,1.50,1.20
2011.01.10 13:15:15.778,5.97352,5.97523,1.50,1.20
2011.01.10 13:15:16.681,5.97347,5.97515,3.00,2.04
2011.01.10 13:15:16.794,5.97316,5.97502,1.50,1.20
2011.01.10 13:15:17.665,5.97316,5.97515,1.69,2.04
2011.01.10 13:15:17.781,5.97348,5.97523,3.00,1.20
2011.01.10 13:15:17.902,5.97348,5.97547,3.75,2.19
2011.01.10 13:15:19.335,5.97348,5.97543,3.75,1.20
2011.01.10 13:15:19.454,5.97348,5.97533,3.75,1.20
2011.01.10 13:15:19.571,5.97348,5.97532,3.75,2.19
2011.01.10 13:15:19.692,5.97351,5.9755,1.50,2.19
2011.01.10 13:15:20.266,5.97315,5.97515,1.50,2.19
2011.01.10 13:15:20.379,5.97334,5.97523,1.50,1.20
2011.01.10 13:15:20.489,5.97334,5.97533,1.50,2.19
2011.01.10 13:15:21.032,5.97328,5.97527,3.00,1.17
2011.01.10 13:15:21.149,5.97361,5.97527,3.75,1.17
2011.01.10 13:15:21.476,5.97358,5.97557,1.50,2.19
2011.01.10 13:15:22.012,5.97358,5.97475,1.50,1.69
2011.01.10 13:15:22.239,5.97253,5.97423,1.88,1.50
2011.01.10 13:15:22.753,5.97253,5.97427,1.88,1.50
2011.01.10 13:15:22.884,5.97271,5.97439,1.50,1.50
2011.01.10 13:15:22.999,5.97261,5.97439,1.50,1.50
2011.01.10 13:15:23.219,5.97261,5.97475,1.50,1.69
2011.01.10 13:15:23.329,5.97265,5.97475,1.50,1.69
2011.01.10 13:15:23.929,5.97228,5.97444,9.79,1.50
2011.01.10 13:15:24.370,5.97228,5.97433,3.75,2.44
2011.01.10 13:15:24.928,5.97227,5.97433,3.83,1.50
2011.01.10 13:15:25.043,5.97228,5.97408,1.20,1.50
2011.01.10 13:15:25.380,5.97213,5.97392,2.48,1.50
2011.01.10 13:15:25.920,5.97213,5.97392,2.48,1.50
2011.01.10 13:15:26.036,5.97228,5.97399,1.20,1.50
2011.01.10 13:15:26.258,5.97196,5.97399,2.48,1.50
2011.01.10 13:15:26.368,5.97196,5.97387,2.48,1.50
2011.01.10 13:15:26.477,5.97196,5.97387,2.10,1.50
2011.01.10 13:15:26.699,5.97228,5.97425,1.09,1.50
2011.01.10 13:15:27.240,5.97205,5.97401,9.98,1.50
2011.01.10 13:15:27.569,5.97227,5.97401,9.98,1.50
2011.01.10 13:15:27.679,5.97227,5.97414,9.98,1.50
2011.01.10 13:15:28.249,5.97258,5.97414,1.20,1.50
2011.01.10 13:15:28.600,5.97289,5.97445,3.75,1.39
2011.01.10 13:15:29.127,5.97289,5.97463,3.75,1.39
2011.01.10 13:15:29.242,5.97253,5.97446,1.05,2.14
2011.01.10 13:15:29.581,5.97257,5.97446,1.09,2.14
2011.01.10 13:15:30.172,5.97283,5.97463,2.48,2.14
2011.01.10 13:15:30.293,5.97264,5.97451,2.10,2.14
2011.01.10 13:15:31.059,5.97264,5.97451,2.33,2.14
2011.01.10 13:15:31.184,5.97253,5.97462,1.05,1.32
2011.01.10 13:15:32.114,5.97264,5.97443,2.33,2.14
2011.01.10 13:15:32.231,5.97258,5.97443,1.09,2.14
2011.01.10 13:15:32.348,5.97276,5.97443,1.50,1.50
2011.01.10 13:15:32.914,5.97277,5.97462,1.09,2.14
2011.01.10 13:15:33.029,5.97261,5.97462,2.78,2.14
2011.01.10 13:15:33.249,5.97276,5.97481,1.58,2.14
2011.01.10 13:15:34.090,5.97276,5.97474,1.50,2.04
2011.01.10 13:15:34.310,5.97262,5.97468,1.65,1.17
2011.01.10 13:15:34.997,5.97262,5.97461,1.50,2.00
2011.01.10 13:15:35.222,5.97262,5.97464,1.65,4.73
2011.01.10 13:15:35.342,5.97268,5.97464,1.09,2.22
2011.01.10 13:15:35.458,5.97262,5.97464,2.78,4.73
2011.01.10 13:15:36.002,5.97256,5.97455,2.48,2.14
2011.01.10 13:15:36.337,5.97256,5.97456,2.10,1.47
2011.01.10 13:15:37.092,5.97256,5.97452,2.33,2.14
2011.01.10 13:15:37.648,5.97256,5.97455,2.48,1.39
2011.01.10 13:15:38.239,5.97277,5.97455,5.85,1.39
2011.01.10 13:15:39.017,5.97277,5.97474,6.23,2.14
2011.01.10 13:15:39.337,5.97277,5.97474,5.85,2.22
2011.01.10 13:15:39.882,5.9724,5.9744,11.85,1.39
2011.01.10 13:15:40.108,5.97257,5.97456,3.08,1.39
2011.01.10 13:15:41.221,5.97257,5.97448,2.10,2.14
2011.01.10 13:15:41.339,5.97239,5.97437,2.48,1.39
2011.01.10 13:15:41.448,5.97256,5.97456,2.10,1.47
2011.01.10 13:15:41.558,5.97258,5.97456,1.20,1.39
2011.01.10 13:15:41.668,5.97256,5.97456,2.33,1.54
2011.01.10 13:15:42.302,5.97238,5.97438,2.70,1.39
2011.01.10 13:15:42.639,5.97258,5.97438,1.20,1.39
2011.01.10 13:15:42.747,5.97258,5.97454,1.20,2.14
2011.01.10 13:15:43.353,5.97257,5.97454,2.48,2.14
2011.01.10 13:15:43.476,5.97277,5.97449,6.08,1.50
2011.01.10 13:15:43.590,5.97277,5.97449,6.08,2.14
2011.01.10 13:15:44.878,5.97277,5.97454,6.23,2.14
2011.01.10 13:15:45.208,5.97277,5.97467,6.23,2.14
2011.01.10 13:15:46.227,5.97277,5.97475,6.23,1.39
2011.01.10 13:15:46.352,5.97277,5.97475,5.85,1.47
2011.01.10 13:15:47.113,5.97277,5.97466,2.33,2.22
2011.01.10 13:15:47.672,5.97308,5.97466,2.40,2.14
2011.01.10 13:15:48.892,5.97261,5.97468,2.78,1.17
2011.01.10 13:15:49.004,5.97272,5.97471,1.05,4.69
2011.01.10 13:15:49.119,5.97276,5.97474,2.48,1.39
2011.01.10 13:15:49.229,5.97287,5.97493,1.09,4.73
2011.01.10 13:15:49.992,5.97283,5.97482,1.05,1.32
2011.01.10 13:15:50.831,5.97273,5.97472,1.05,1.32
2011.01.10 13:15:51.979,5.97281,5.97479,1.50,2.41
2011.01.10 13:15:52.309,5.97262,5.97461,1.50,2.00
2011.01.10 13:15:52.770,5.97248,5.97452,1.09,1.09
2011.01.10 13:15:52.888,5.97243,5.97442,1.05,1.32
2011.01.10 13:15:53.427,5.97248,5.97455,1.09,2.85
2011.01.10 13:15:53.964,5.97242,5.97443,1.05,1.09
2011.01.10 13:15:54.081,5.97238,5.97443,1.05,1.32
2011.01.10 13:15:54.638,5.97238,5.97438,2.48,1.39
2011.01.10 13:15:54.857,5.97237,5.97438,1.09,1.54
2011.01.10 13:15:55.450,5.97217,5.97398,2.25,1.17
2011.01.10 13:15:56.039,5.97217,5.97386,2.25,1.81
2011.01.10 13:15:56.175,5.97188,5.97373,3.00,4.73
2011.01.10 13:15:56.839,5.97188,5.97384,3.08,4.73
2011.01.10 13:15:56.955,5.97188,5.97353,2.25,2.19
2011.01.10 13:15:57.072,5.97148,5.9734,1.50,4.69
2011.01.10 13:15:57.191,5.97148,5.97347,2.48,1.39
2011.01.10 13:15:57.735,5.97159,5.97357,1.50,2.00
2011.01.10 13:15:57.850,5.97159,5.97341,1.50,2.00
2011.01.10 13:15:58.430,5.97152,5.97353,4.80,1.32
2011.01.10 13:15:58.757,5.97158,5.97364,10.47,2.85
2011.01.10 13:15:58.867,5.97158,5.97358,4.50,1.17
2011.01.10 13:15:59.198,5.97158,5.97364,1.09,2.85
2011.01.10 13:15:59.744,5.97188,5.97386,1.50,2.19
2011.01.10 13:15:59.857,5.97188,5.97368,1.50,2.00
2011.01.10 13:16:00.623,5.97158,5.97352,3.00,1.20
2011.01.10 13:16:01.336,5.97158,5.97342,2.25,1.32
2011.01.10 13:16:01.455,5.97147,5.97339,2.40,2.14
2011.01.10 13:16:01.680,5.97132,5.97339,5.55,2.33
2011.01.10 13:16:02.230,5.97122,5.97339,1.65,2.33
2011.01.10 13:16:02.355,5.97104,5.97263,4.50,1.20
2011.01.10 13:16:02.990,5.97098,5.97288,3.00,2.19
2011.01.10 13:16:03.102,5.97098,5.97288,3.00,2.41
2011.01.10 13:16:03.218,5.97098,5.97293,3.00,1.09
2011.01.10 13:16:03.988,5.9711,5.97308,4.50,1.05
2011.01.10 13:16:04.591,5.9711,5.97303,4.50,2.04
2011.01.10 13:16:04.821,5.97098,5.97293,3.00,1.32
2011.01.10 13:16:05.475,5.97125,5.97332,1.65,1.32
2011.01.10 13:16:05.808,5.97118,5.97305,3.00,1.81
2011.01.10 13:16:06.450,5.97128,5.97324,1.80,1.81
2011.01.10 13:16:06.669,5.97124,5.97312,1.50,1.32
2011.01.10 13:16:07.229,5.97118,5.97313,3.00,1.32
2011.01.10 13:16:07.559,5.97118,5.97304,3.00,2.04
2011.01.10 13:16:08.133,5.97136,5.97335,4.65,2.04
2011.01.10 13:16:08.687,5.97135,5.97342,1.65,1.32
2011.01.10 13:16:09.233,5.97157,5.97364,1.09,10.35
2011.01.10 13:16:09.349,5.97167,5.97364,1.09,4.47
2011.01.10 13:16:09.460,5.97163,5.97368,1.05,2.82
2011.01.10 13:16:09.938,5.97128,5.97332,1.09,2.85
2011.01.10 13:16:10.713,5.97118,5.97308,3.00,2.41
2011.01.10 13:16:10.938,5.97152,5.97353,1.05,1.09
2011.01.10 13:16:11.048,5.97158,5.97361,1.09,4.54
2011.01.10 13:16:11.157,5.97153,5.97361,1.17,4.54
2011.01.10 13:16:11.631,5.97168,5.97361,1.20,2.14
2011.01.10 13:16:11.967,5.97118,5.97309,3.00,2.00
2011.01.10 13:16:12.506,5.97118,5.97312,3.15,1.32
2011.01.10 13:16:12.625,5.97129,5.97333,4.50,1.47
2011.01.10 13:16:12.738,5.97197,5.97333,2.25,1.39
2011.01.10 13:16:13.275,5.97177,5.97354,2.25,1.39
2011.01.10 13:16:13.395,5.97177,5.97345,2.25,1.39
2011.01.10 13:16:15.489,5.97177,5.9733,2.25,1.39
2011.01.10 13:16:16.799,5.97218,5.97377,2.25,1.17
2011.01.10 13:16:16.911,5.97218,5.97366,2.25,1.81
2011.01.10 13:16:17.469,5.97218,5.97393,3.00,1.20
2011.01.10 13:16:17.572,5.97218,5.97392,3.00,1.20
2011.01.10 13:16:18.503,5.97218,5.974,3.00,1.54
2011.01.10 13:16:18.625,5.9719,5.97372,1.50,1.50
2011.01.10 13:16:18.743,5.97188,5.97385,2.25,2.14
2011.01.10 13:16:19.283,5.97227,5.97385,3.00,1.50
2011.01.10 13:16:19.395,5.97227,5.97409,3.00,1.39
2011.01.10 13:16:19.957,5.97227,5.97401,2.25,5.48
2011.01.10 13:16:20.086,5.97181,5.97388,4.50,2.14
2011.01.10 13:16:20.201,5.97191,5.97388,1.50,1.50
2011.01.10 13:16:20.856,5.97207,5.974,4.50,1.02
2011.01.10 13:16:20.970,5.97207,5.97401,4.69,1.02
2011.01.10 13:16:21.307,5.97288,5.97446,2.25,3.98
2011.01.10 13:16:21.747,5.97288,5.97435,2.25,1.81
2011.01.10 13:16:21.981,5.97288,5.97446,2.25,1.58
2011.01.10 13:16:22.101,5.97288,5.97446,2.25,1.50
2011.01.10 13:16:22.219,5.97288,5.97446,2.25,1.58
2011.01.10 13:16:22.876,5.97288,5.97443,2.25,1.81
2011.01.10 13:16:22.989,5.97288,5.97456,2.25,2.22
2011.01.10 13:16:23.295,5.97288,5.97443,2.25,1.81
2011.01.10 13:16:25.085,5.97247,5.97431,1.05,6.57
2011.01.10 13:16:25.204,5.97218,5.9742,3.00,4.69
2011.01.10 13:16:25.539,5.97225,5.9742,1.50,1.80
2011.01.10 13:16:26.179,5.97225,5.97424,1.50,2.19
2011.01.10 13:16:26.509,5.9724,5.97421,1.50,2.19
2011.01.10 13:16:27.038,5.97223,5.97392,1.50,1.50
2011.01.10 13:16:27.163,5.97206,5.97392,1.50,4.35
2011.01.10 13:16:27.279,5.97183,5.97387,4.50,1.17
2011.01.10 13:16:28.249,5.97179,5.97397,5.25,1.17
2011.01.10 13:16:29.850,5.97179,5.97383,5.25,1.32
2011.01.10 13:16:30.039,5.97179,5.97398,5.25,4.92
2011.01.10 13:16:30.685,5.97198,5.97406,1.50,2.22
2011.01.10 13:16:31.151,5.9723,5.97416,3.75,2.22
2011.01.10 13:16:31.700,5.9723,5.97433,4.50,1.09
2011.01.10 13:16:31.825,5.97232,5.97444,1.65,2.14
2011.01.10 13:16:32.485,5.97255,5.97445,1.50,1.02
2011.01.10 13:16:32.604,5.97261,5.97464,1.50,2.29
2011.01.10 13:16:32.717,5.97261,5.97461,1.50,2.00
2011.01.10 13:16:33.049,5.97262,5.97463,1.05,1.32
2011.01.10 13:16:33.159,5.97261,5.97461,1.50,2.19
2011.01.10 13:16:33.802,5.97269,5.97463,4.50,1.32
2011.01.10 13:16:33.920,5.97281,5.97477,1.50,4.35
2011.01.10 13:16:34.564,5.97269,5.97402,4.50,2.25
2011.01.10 13:16:34.685,5.97247,5.97402,1.09,2.25
2011.01.10 13:16:36.222,5.97281,5.97442,1.50,1.05
2011.01.10 13:16:36.780,5.97281,5.97452,1.50,2.25
2011.01.10 13:16:38.155,5.97303,5.97452,1.05,2.25
2011.01.10 13:16:38.380,5.97287,5.97452,1.09,2.25
2011.01.10 13:16:41.081,5.97268,5.97452,10.47,2.25
2011.01.10 13:16:42.437,5.97262,5.97403,1.05,2.25
2011.01.10 13:16:44.250,5.97258,5.97403,1.09,2.25
2011.01.10 13:16:45.205,5.97267,5.97403,1.20,2.25
2011.01.10 13:16:45.539,5.97272,5.97403,1.05,2.25
2011.01.10 13:16:45.763,5.97287,5.97453,1.09,2.25
2011.01.10 13:16:48.510,5.97298,5.97453,1.09,2.25
2011.01.10 13:16:49.860,5.97305,5.97453,2.10,2.25
2011.01.10 13:16:50.759,5.97318,5.97453,1.20,2.25
2011.01.10 13:16:51.089,5.97305,5.97453,2.48,2.25
2011.01.10 13:16:51.609,5.97318,5.97453,1.20,2.25
2011.01.10 13:16:51.722,5.97313,5.97453,1.05,2.25
2011.01.10 13:16:52.691,5.97319,5.97453,1.05,2.25
2011.01.10 13:16:53.398,5.97319,5.97453,2.95,2.25
2011.01.10 13:16:53.514,5.97352,5.97513,1.17,2.25
2011.01.10 13:16:54.288,5.97352,5.97513,1.05,2.25
2011.01.10 13:16:54.402,5.97395,5.97513,9.60,2.25
2011.01.10 13:16:55.486,5.97358,5.97472,1.20,2.25
2011.01.10 13:16:56.470,5.97347,5.97472,9.98,2.25
2011.01.10 13:16:56.581,5.97323,5.97472,1.05,2.25
2011.01.10 13:16:57.039,5.97337,5.97472,1.09,2.25
2011.01.10 13:16:57.671,5.97353,5.97522,1.17,2.25
2011.01.10 13:16:57.792,5.97375,5.97522,2.10,2.25
2011.01.10 13:16:57.908,5.97367,5.97522,1.09,2.25
2011.01.10 13:16:58.018,5.97363,5.97522,1.05,2.25
2011.01.10 13:16:58.691,5.97347,5.97522,1.09,2.25
2011.01.10 13:16:58.795,5.97357,5.97522,1.09,2.25
2011.01.10 13:16:58.908,5.97343,5.97522,1.17,2.25
2011.01.10 13:16:59.128,5.97353,5.97522,1.17,2.25
2011.01.10 13:16:59.458,5.97358,5.97522,1.09,2.25
2011.01.10 13:17:00.669,5.97367,5.97522,1.09,2.25
2011.01.10 13:17:01.439,5.97376,5.97522,2.33,2.25
2011.01.10 13:17:02.558,5.97376,5.97522,2.48,2.25
2011.01.10 13:17:02.779,5.97398,5.97563,1.09,1.50
2011.01.10 13:17:02.889,5.97396,5.97573,1.50,2.40
2011.01.10 13:17:02.998,5.97396,5.97562,1.50,1.28
2011.01.10 13:17:03.108,5.97363,5.97523,1.50,2.25
2011.01.10 13:17:05.513,5.97384,5.97552,4.58,1.50
2011.01.10 13:17:05.631,5.97384,5.97562,4.58,1.05
2011.01.10 13:17:05.751,5.97378,5.97523,1.09,2.25
2011.01.10 13:17:06.300,5.974,5.97523,1.50,2.25
2011.01.10 13:17:06.424,5.97407,5.97573,1.09,2.25
2011.01.10 13:17:06.541,5.97407,5.97563,1.09,1.05
2011.01.10 13:17:07.224,5.97372,5.97522,1.17,2.25
2011.01.10 13:17:07.559,5.97362,5.97522,1.80,2.25
2011.01.10 13:17:11.767,5.97404,5.97522,2.10,2.25
2011.01.10 13:17:11.896,5.97399,5.97572,2.78,2.25
2011.01.10 13:17:12.010,5.97403,5.97572,2.29,2.25
2011.01.10 13:17:12.683,5.97385,5.97572,2.48,2.89
2011.01.10 13:17:13.047,5.97363,5.97522,1.05,2.25
2011.01.10 13:17:14.098,5.97378,5.97522,1.09,2.25
2011.01.10 13:17:14.772,5.97385,5.97522,2.10,2.25
2011.01.10 13:17:14.882,5.97382,5.97522,1.05,2.25
2011.01.10 13:17:15.450,5.97385,5.97522,2.48,2.25
2011.01.10 13:17:16.104,5.97385,5.97572,2.48,2.89
2011.01.10 13:17:16.223,5.97418,5.97572,1.09,2.25
2011.01.10 13:17:17.652,5.97413,5.97572,1.05,2.25
2011.01.10 13:17:18.348,5.9742,5.97572,1.05,2.25
2011.01.10 13:17:18.933,5.9742,5.97572,1.05,2.25
2011.01.10 13:17:19.042,5.97398,5.97572,2.97,2.25
2011.01.10 13:17:19.268,5.97403,5.97572,2.29,2.25
2011.01.10 13:17:19.489,5.97417,5.97572,1.09,2.25
2011.01.10 13:17:20.087,5.97408,5.97572,1.09,2.25
2011.01.10 13:17:20.658,5.97398,5.97572,1.09,2.25
2011.01.10 13:17:21.543,5.97422,5.97572,2.29,2.25
2011.01.10 13:17:21.841,5.97422,5.97572,1.05,2.25
2011.01.10 13:17:22.385,5.97465,5.97612,2.10,1.05
2011.01.10 13:17:22.721,5.97457,5.97613,1.09,2.25
2011.01.10 13:17:23.290,5.97438,5.97613,1.09,2.89
2011.01.10 13:17:23.404,5.97428,5.97573,1.09,2.25
2011.01.10 13:17:24.185,5.97432,5.97612,2.48,2.89
2011.01.10 13:17:24.408,5.97466,5.97612,2.10,2.25
2011.01.10 13:17:25.183,5.97466,5.97612,2.48,2.25
2011.01.10 13:17:25.407,5.97466,5.97612,2.33,2.25
2011.01.10 13:17:26.802,5.97463,5.97612,1.05,2.25
2011.01.10 13:17:27.070,5.97466,5.97612,2.10,2.25
2011.01.10 13:17:27.187,5.97462,5.97612,1.05,2.25
2011.01.10 13:17:27.755,5.97447,5.97612,1.09,2.25
2011.01.10 13:17:28.466,5.97432,5.97612,1.05,2.25
2011.01.10 13:17:28.585,5.97417,5.97573,1.09,2.25
2011.01.10 13:17:29.596,5.97393,5.97523,1.17,2.25
2011.01.10 13:17:30.261,5.97421,5.97572,2.29,2.25
2011.01.10 13:17:30.587,5.97418,5.97572,1.09,2.25
2011.01.10 13:17:32.340,5.97407,5.97572,1.09,2.25
2011.01.10 13:17:32.936,5.97393,5.97572,1.17,2.25
2011.01.10 13:17:33.282,5.97379,5.97572,2.78,2.33
2011.01.10 13:17:33.400,5.97379,5.97572,1.50,6.45
2011.01.10 13:17:34.036,5.97379,5.97522,1.50,2.25
2011.01.10 13:17:34.260,5.97403,5.97573,2.48,2.25
2011.01.10 13:17:35.118,5.97407,5.97573,1.09,2.25
2011.01.10 13:17:36.082,5.97422,5.97573,1.05,2.25
2011.01.10 13:17:36.307,5.97398,5.97573,1.50,2.40
2011.01.10 13:17:36.420,5.97398,5.97563,1.50,1.05
2011.01.10 13:17:37.074,5.97387,5.97523,2.48,2.25
2011.01.10 13:17:37.730,5.97402,5.97523,2.70,2.25
2011.01.10 13:17:37.846,5.97422,5.97573,2.70,2.25
2011.01.10 13:17:37.960,5.97418,5.97573,1.09,2.25
2011.01.10 13:17:38.069,5.97413,5.97573,1.05,2.25
2011.01.10 13:17:38.828,5.97398,5.97573,1.09,2.25
2011.01.10 13:17:38.946,5.9736,5.97523,2.78,2.25
2011.01.10 13:17:39.390,5.97379,5.97523,1.50,2.25
2011.01.10 13:17:39.932,5.97421,5.97572,2.48,2.25
2011.01.10 13:17:40.159,5.97421,5.97572,2.70,2.25
2011.01.10 13:17:40.351,5.97421,5.97572,1.05,2.25
2011.01.10 13:17:40.966,5.97384,5.97572,2.10,2.89
2011.01.10 13:17:41.081,5.97377,5.97572,1.09,2.89
2011.01.10 13:17:41.310,5.97384,5.97572,2.48,2.89
2011.01.10 13:17:41.935,5.97397,5.97572,1.09,2.25
2011.01.10 13:17:42.053,5.97403,5.97572,2.48,2.25
2011.01.10 13:17:42.284,5.97403,5.97572,2.29,2.25
2011.01.10 13:17:43.173,5.97421,5.97572,2.29,2.25
2011.01.10 13:17:43.290,5.97421,5.97613,2.29,2.89
2011.01.10 13:17:43.397,5.97408,5.97613,1.09,6.60
2011.01.10 13:17:43.507,5.97417,5.97613,1.09,2.97
2011.01.10 13:17:43.837,5.97427,5.97613,1.20,2.89
2011.01.10 13:17:44.397,5.97421,5.97613,1.05,3.04
2011.01.10 13:17:44.515,5.97413,5.976,1.05,2.14
2011.01.10 13:17:44.629,5.97403,5.97587,1.05,1.50
2011.01.10 13:17:45.206,5.97387,5.97572,2.48,2.89
2011.01.10 13:17:45.427,5.97417,5.97612,1.09,2.89
2011.01.10 13:17:46.543,5.97421,5.97612,2.48,2.89
2011.01.10 13:17:46.660,5.97407,5.97612,1.09,6.42
2011.01.10 13:17:46.771,5.97387,5.97573,2.48,2.89
2011.01.10 13:17:47.430,5.97382,5.97573,1.17,2.89
2011.01.10 13:17:47.545,5.97402,5.97573,2.48,2.25
2011.01.10 13:17:47.770,5.97402,5.97573,2.29,2.25
2011.01.10 13:17:47.991,5.97384,5.97573,2.48,2.89
2011.01.10 13:17:48.449,5.97384,5.97573,2.48,2.89
2011.01.10 13:17:48.564,5.9742,5.97612,2.29,2.89
2011.01.10 13:17:48.907,5.97417,5.97615,1.09,2.22
2011.01.10 13:17:49.127,5.9742,5.97615,2.29,2.14
2011.01.10 13:17:49.739,5.9742,5.97615,2.48,2.14
2011.01.10 13:17:49.855,5.9742,5.97618,1.05,2.82
2011.01.10 13:17:50.078,5.97407,5.97618,1.09,3.04
2011.01.10 13:17:50.299,5.97402,5.97601,2.29,1.39
2011.01.10 13:17:50.841,5.97402,5.97601,2.48,1.39
2011.01.10 13:17:51.359,5.97402,5.97601,2.48,1.39
2011.01.10 13:17:51.862,5.97421,5.9762,2.29,1.39
2011.01.10 13:17:51.984,5.97421,5.9762,2.48,1.39
2011.01.10 13:17:52.102,5.97421,5.9762,2.48,1.39
2011.01.10 13:17:52.823,5.97421,5.9762,2.70,1.39
2011.01.10 13:17:54.827,5.97412,5.97611,1.05,1.41
2011.01.10 13:17:55.586,5.97418,5.9762,1.09,2.67
2011.01.10 13:17:56.733,5.97422,5.9762,2.70,1.39
2011.01.10 13:17:57.380,5.97422,5.9762,2.29,1.39
2011.01.10 13:17:58.470,5.97422,5.9762,1.05,1.39
2011.01.10 13:17:58.591,5.97407,5.97609,1.20,1.39
2011.01.10 13:17:58.710,5.97422,5.97609,3.75,1.39
2011.01.10 13:17:59.219,5.97422,5.97623,4.50,2.33
2011.01.10 13:17:59.334,5.97439,5.97662,2.78,2.67
2011.01.10 13:17:59.450,5.97444,5.97643,2.33,1.39
2011.01.10 13:18:00.363,5.97484,5.9764,9.60,1.50
2011.01.10 13:18:00.740,5.9747,5.97646,2.48,2.14
2011.01.10 13:18:01.367,5.97428,5.97635,1.09,1.39
2011.01.10 13:18:01.479,5.97435,5.97641,2.10,2.14
2011.01.10 13:18:02.432,5.97438,5.97641,1.09,4.54
2011.01.10 13:18:02.575,5.97448,5.97657,1.09,2.29
2011.01.10 13:18:02.798,5.97448,5.97648,1.09,2.14
2011.01.10 13:18:03.018,5.97442,5.97648,1.05,2.44
2011.01.10 13:18:03.769,5.97447,5.9764,1.09,2.14
2011.01.10 13:18:04.098,5.97454,5.97653,2.33,1.39
2011.01.10 13:18:04.211,5.97463,5.97658,1.05,2.14
2011.01.10 13:18:04.328,5.97463,5.97643,1.05,1.50
2011.01.10 13:18:04.872,5.97437,5.97643,1.09,2.22
2011.01.10 13:18:04.989,5.97445,5.97634,2.48,2.14
2011.01.10 13:18:05.100,5.97462,5.97644,2.29,1.39
2011.01.10 13:18:05.328,5.97462,5.97629,1.05,1.50
2011.01.10 13:18:05.985,5.97451,5.97633,2.29,2.14
2011.01.10 13:18:06.560,5.97432,5.97631,2.48,1.39
2011.01.10 13:18:07.053,5.97447,5.97625,1.20,2.14
2011.01.10 13:18:07.164,5.97479,5.9767,1.05,2.14
2011.01.10 13:18:07.279,5.97468,5.9767,1.09,4.54
2011.01.10 13:18:07.392,5.97465,5.97664,2.33,1.39
2011.01.10 13:18:07.961,5.97455,5.97641,2.48,2.14
2011.01.10 13:18:08.297,5.97455,5.97654,2.48,1.39
2011.01.10 13:18:08.717,5.97458,5.97646,1.20,2.14
2011.01.10 13:18:09.281,5.97455,5.97646,2.33,2.14
2011.01.10 13:18:09.786,5.97455,5.97646,2.33,2.14
2011.01.10 13:18:10.007,5.97457,5.97646,1.20,2.14
2011.01.10 13:18:10.117,5.97455,5.97646,2.10,2.14
2011.01.10 13:18:10.227,5.97455,5.97646,2.48,2.14
2011.01.10 13:18:10.337,5.97455,5.97646,2.10,2.14
2011.01.10 13:18:11.000,5.97455,5.97654,2.48,1.39
2011.01.10 13:18:11.378,5.97455,5.97653,2.10,2.22
2011.01.10 13:18:11.599,5.97455,5.97646,2.48,1.39
2011.01.10 13:18:12.114,5.97447,5.97646,2.48,1.39
2011.01.10 13:18:12.232,5.97447,5.97646,3.08,1.39
2011.01.10 13:18:13.306,5.97458,5.97646,1.20,1.39
2011.01.10 13:18:13.426,5.97468,5.97665,1.20,1.39
2011.01.10 13:18:13.538,5.97477,5.97665,1.20,1.39
2011.01.10 13:18:14.295,5.97466,5.97665,2.48,1.39
2011.01.10 13:18:14.413,5.97458,5.97663,1.09,4.73
2011.01.10 13:18:14.530,5.97447,5.97663,2.48,4.73
2011.01.10 13:18:15.663,5.97457,5.97646,1.09,1.39
2011.01.10 13:18:16.429,5.97465,5.97662,2.10,2.22
2011.01.10 13:18:17.188,5.97465,5.97664,2.48,1.39
2011.01.10 13:18:17.309,5.97482,5.97676,1.05,2.14
2011.01.10 13:18:17.588,5.97484,5.97676,2.33,2.14
2011.01.10 13:18:17.941,5.97477,5.97676,1.09,2.22
2011.01.10 13:18:18.610,5.97483,5.97682,1.05,3.19
2011.01.10 13:18:19.627,5.97472,5.97682,1.05,2.82
2011.01.10 13:18:19.739,5.97482,5.97682,1.05,1.39
2011.01.10 13:18:19.847,5.97482,5.97693,1.05,1.32
2011.01.10 13:18:20.399,5.97512,5.97733,1.50,3.19
2011.01.10 13:18:21.035,5.97512,5.97725,1.05,1.39
2011.01.10 13:18:21.479,5.97515,5.97728,1.58,1.17
2011.01.10 13:18:22.125,5.97502,5.97705,1.17,1.39
2011.01.10 13:18:22.242,5.97507,5.97724,1.09,2.85
2011.01.10 13:18:22.928,5.97517,5.97724,1.09,2.85
2011.01.10 13:18:23.468,5.97507,5.97718,1.09,1.17
2011.01.10 13:18:24.691,5.97518,5.97724,1.09,2.85
2011.01.10 13:18:24.809,5.97507,5.97718,1.09,1.17
2011.01.10 13:18:25.138,5.97503,5.97703,1.65,1.32
2011.01.10 13:18:25.318,5.97508,5.97717,1.09,1.17
2011.01.10 13:18:25.978,5.97503,5.97707,1.65,1.17
2011.01.10 13:18:26.110,5.97512,5.97713,1.05,1.32
2011.01.10 13:18:26.219,5.97503,5.97708,1.58,1.17
2011.01.10 13:18:26.902,5.97488,5.97705,1.09,2.85
2011.01.10 13:18:29.538,5.97483,5.97682,1.05,1.09
2011.01.10 13:18:31.174,5.97483,5.97682,1.05,1.32
2011.01.10 13:18:31.297,5.97463,5.97642,1.50,1.20
2011.01.10 13:18:31.411,5.97433,5.97628,1.05,1.41
2011.01.10 13:18:32.077,5.97432,5.97632,1.05,10.32
2011.01.10 13:18:32.192,5.97437,5.9764,1.09,2.67
2011.01.10 13:18:32.848,5.97458,5.97643,1.09,2.89
2011.01.10 13:18:32.966,5.97478,5.97682,1.09,6.60
2011.01.10 13:18:33.615,5.97467,5.97678,1.09,1.17
2011.01.10 13:18:34.191,5.97482,5.97682,1.05,6.57
2011.01.10 13:18:36.009,5.97487,5.97686,2.48,1.39
2011.01.10 13:18:36.118,5.97505,5.97705,2.10,1.47
2011.01.10 13:18:37.266,5.97505,5.97705,2.48,1.39
2011.01.10 13:18:38.571,5.97533,5.9771,2.10,1.39
2011.01.10 13:18:38.692,5.97533,5.97732,2.70,1.54
2011.01.10 13:18:39.224,5.97534,5.97732,2.33,1.54
2011.01.10 13:18:39.452,5.97538,5.97737,1.09,1.09
2011.01.10 13:18:39.571,5.97528,5.97736,2.78,1.45
2011.01.10 13:18:40.125,5.97528,5.97727,1.50,1.81
2011.01.10 13:18:40.231,5.97497,5.97708,1.09,1.05
2011.01.10 13:18:42.425,5.97452,5.97663,1.05,1.20
2011.01.10 13:18:42.540,5.97447,5.97646,1.58,1.81
2011.01.10 13:18:42.759,5.97453,5.97652,1.05,1.32
2011.01.10 13:18:43.442,5.97464,5.97664,1.58,2.28
2011.01.10 13:18:43.669,5.97467,5.97673,1.09,1.17
2011.01.10 13:18:43.778,5.97464,5.97664,1.58,2.28
2011.01.10 13:18:44.107,5.97472,5.97673,1.05,1.32
2011.01.10 13:18:46.219,5.97477,5.97675,1.65,2.04
2011.01.10 13:18:46.585,5.97477,5.97675,1.50,2.19
2011.01.10 13:18:46.808,5.97477,5.97675,1.50,2.04
2011.01.10 13:18:46.917,5.97477,5.97675,1.50,2.19
2011.01.10 13:18:48.269,5.97477,5.97675,1.58,1.81
2011.01.10 13:18:48.998,5.97493,5.97692,1.05,1.32
2011.01.10 13:18:49.328,5.97517,5.9771,1.09,2.14
2011.01.10 13:18:49.439,5.97512,5.97713,1.05,1.32
2011.01.10 13:18:50.330,5.97517,5.97717,1.09,1.47
2011.01.10 13:18:50.547,5.97507,5.97717,1.09,2.85
2011.01.10 13:18:51.552,5.97517,5.97717,1.09,1.47
2011.01.10 13:18:52.972,5.97518,5.97717,2.48,1.39
2011.01.10 13:18:53.198,5.97537,5.97736,1.09,1.39
2011.01.10 13:18:54.788,5.97538,5.97736,2.48,1.47
2011.01.10 13:18:55.205,5.97548,5.97736,1.20,1.39
2011.01.10 13:18:55.905,5.97578,5.97763,1.20,2.89
2011.01.10 13:18:56.026,5.97562,5.97769,1.05,4.69
2011.01.10 13:18:56.138,5.97562,5.97763,1.05,1.54
2011.01.10 13:18:57.277,5.97547,5.97758,6.72,1.17
2011.01.10 13:18:57.387,5.97564,5.97759,2.10,2.14
2011.01.10 13:18:58.349,5.97558,5.97759,1.09,2.14
2011.01.10 13:18:58.457,5.97588,5.97759,2.25,2.14
2011.01.10 13:18:58.787,5.97588,5.97788,3.00,1.17
2011.01.10 13:18:59.007,5.97595,5.97793,1.50,2.19
2011.01.10 13:18:59.756,5.97595,5.97793,1.50,2.19
2011.01.10 13:19:00.798,5.97595,5.97782,1.50,1.20
2011.01.10 13:19:00.911,5.97578,5.97791,1.50,2.14
2011.01.10 13:19:01.030,5.97578,5.97755,1.50,1.50
2011.01.10 13:19:01.247,5.97548,5.97747,1.58,1.50
2011.01.10 13:19:01.469,5.97538,5.97747,1.09,1.50
2011.01.10 13:19:02.435,5.97563,5.97747,1.17,1.50
2011.01.10 13:19:05.150,5.97598,5.97782,2.25,4.73
2011.01.10 13:19:05.258,5.97578,5.97782,1.09,4.73
2011.01.10 13:19:05.368,5.97588,5.97782,1.20,2.14
2011.01.10 13:19:07.895,5.97582,5.97768,1.17,2.14
2011.01.10 13:19:08.341,5.97588,5.97768,1.20,2.14
2011.01.10 13:19:10.879,5.97587,5.97787,1.20,1.54
2011.01.10 13:19:11.625,5.97587,5.97787,2.48,1.39
2011.01.10 13:19:11.739,5.97582,5.97787,1.17,1.47
2011.01.10 13:19:11.959,5.97587,5.97787,2.48,1.39
2011.01.10 13:19:12.070,5.97598,5.97788,2.40,2.14
2011.01.10 13:19:12.178,5.97602,5.97794,1.65,2.22
2011.01.10 13:19:12.287,5.97602,5.97794,1.65,1.58
2011.01.10 13:19:12.735,5.97602,5.97794,1.65,2.22
2011.01.10 13:19:12.855,5.97602,5.97798,1.65,1.65
2011.01.10 13:19:13.960,5.97617,5.97796,1.09,1.50
2011.01.10 13:19:14.488,5.97613,5.97796,1.05,1.50
2011.01.10 13:19:14.691,5.97613,5.97812,1.05,1.32
2011.01.10 13:19:15.158,5.97618,5.97814,1.09,2.22
2011.01.10 13:19:16.017,5.97625,5.97809,2.10,2.14
2011.01.10 13:19:16.731,5.97623,5.97809,1.05,2.14
2011.01.10 13:19:18.866,5.97602,5.97821,1.50,2.14
2011.01.10 13:19:19.087,5.97602,5.97791,1.50,1.50
2011.01.10 13:19:19.306,5.97602,5.97798,1.50,1.50
2011.01.10 13:19:19.419,5.97581,5.97795,1.50,2.14
2011.01.10 13:19:20.974,5.97558,5.97767,1.09,1.54
2011.01.10 13:19:21.308,5.97569,5.97759,2.29,2.14
2011.01.10 13:19:21.761,5.97569,5.97759,2.48,2.14
2011.01.10 13:19:21.881,5.97569,5.97759,2.29,2.14
2011.01.10 13:19:22.002,5.97569,5.97759,2.48,2.14
2011.01.10 13:19:22.317,5.97567,5.97759,1.09,2.14
2011.01.10 13:19:23.274,5.97567,5.97778,1.09,4.92
2011.01.10 13:19:23.384,5.97547,5.9774,1.09,1.50
2011.01.10 13:19:23.607,5.97548,5.9776,6.53,2.14
2011.01.10 13:19:23.718,5.97568,5.9776,1.09,1.50
2011.01.10 13:19:24.047,5.97545,5.97727,1.58,1.50
2011.01.10 13:19:24.613,5.97568,5.97727,1.09,1.50
2011.01.10 13:19:24.734,5.97571,5.97768,2.78,1.50
2011.01.10 13:19:25.467,5.9757,5.97775,1.50,1.58
2011.01.10 13:19:26.016,5.97579,5.97775,1.50,1.50
2011.01.10 13:19:26.866,5.97579,5.97775,2.78,1.58
2011.01.10 13:19:27.467,5.97582,5.97775,1.05,1.50
2011.01.10 13:19:27.716,5.97579,5.97775,1.50,1.65
2011.01.10 13:19:28.220,5.97582,5.97775,1.05,1.50
2011.01.10 13:19:28.340,5.97579,5.97775,2.78,1.58
2011.01.10 13:19:28.868,5.97592,5.97775,1.05,1.50
2011.01.10 13:19:29.003,5.97579,5.97775,2.78,1.58
2011.01.10 13:19:29.222,5.97587,5.97775,1.09,1.50
2011.01.10 13:19:29.336,5.97583,5.97775,1.05,1.65
2011.01.10 13:19:29.768,5.97579,5.97775,1.50,3.98
2011.01.10 13:19:29.876,5.97579,5.97775,2.78,1.58
2011.01.10 13:19:29.989,5.97588,5.97775,1.09,1.50
2011.01.10 13:19:30.097,5.97588,5.97782,1.09,2.22
2011.01.10 13:19:30.207,5.97579,5.97782,2.78,4.73
2011.01.10 13:19:30.539,5.97566,5.97762,1.65,1.80
2011.01.10 13:19:30.650,5.97558,5.97753,3.00,1.32
2011.01.10 13:19:31.245,5.97566,5.97751,1.65,2.14
2011.01.10 13:19:31.467,5.97558,5.97751,3.08,4.54
2011.01.10 13:19:31.687,5.97558,5.97751,6.72,2.14
2011.01.10 13:19:35.308,5.97558,5.97746,3.00,2.19
2011.01.10 13:19:35.640,5.97523,5.97722,2.10,1.39
2011.01.10 13:19:36.212,5.97523,5.97722,1.05,1.32
2011.01.10 13:19:36.332,5.9752,5.97718,1.50,2.41
2011.01.10 13:19:36.449,5.97513,5.97712,1.05,1.32
2011.01.10 13:19:36.788,5.97513,5.97714,1.17,2.22
2011.01.10 13:19:36.898,5.97528,5.97724,1.09,2.22
2011.01.10 13:19:38.122,5.97522,5.97723,1.05,1.09
2011.01.10 13:19:39.948,5.97543,5.97724,1.05,2.14
2011.01.10 13:19:42.210,5.97543,5.97741,1.05,2.82
2011.01.10 13:19:42.325,5.97533,5.97723,1.17,2.14
2011.01.10 13:19:44.179,5.97532,5.97723,1.05,2.29
2011.01.10 13:19:44.399,5.97523,5.97722,1.05,3.19
2011.01.10 13:19:45.119,5.97498,5.97686,1.09,2.25
2011.01.10 13:19:46.020,5.97537,5.97735,6.60,2.22
2011.01.10 13:19:48.940,5.97537,5.97717,3.00,1.08
2011.01.10 13:19:49.498,5.97537,5.97676,2.25,2.29
2011.01.10 13:19:49.615,5.97497,5.97686,2.48,2.14
2011.01.10 13:19:50.437,5.97497,5.97691,2.48,2.14
2011.01.10 13:19:50.767,5.97557,5.97729,1.20,2.14
2011.01.10 13:19:51.326,5.97588,5.9777,2.48,2.14
2011.01.10 13:19:51.610,5.97618,5.97781,1.20,2.14
2011.01.10 13:19:52.204,5.97607,5.97781,2.10,1.50
2011.01.10 13:19:52.318,5.97589,5.97781,2.48,2.14
2011.01.10 13:19:52.426,5.97607,5.97781,2.48,1.50
2011.01.10 13:19:53.229,5.97598,5.97781,1.09,1.50
2011.01.10 13:19:53.338,5.97588,5.97767,2.70,2.14
2011.01.10 13:19:53.942,5.97587,5.97767,1.20,2.14
2011.01.10 13:19:54.277,5.97577,5.97761,1.20,2.14
2011.01.10 13:19:54.953,5.97571,5.97765,2.48,2.14
2011.01.10 13:19:55.218,5.97578,5.97765,1.20,2.14
2011.01.10 13:19:57.130,5.97571,5.97765,2.48,2.14
2011.01.10 13:19:57.248,5.97577,5.97765,1.20,2.14
2011.01.10 13:19:57.470,5.97571,5.97765,2.29,2.14
2011.01.10 13:19:57.592,5.97561,5.97743,2.48,1.39
2011.01.10 13:19:58.145,5.97539,5.97729,1.50,1.65
2011.01.10 13:19:58.273,5.97518,5.97712,1.09,2.22
2011.01.10 13:19:58.498,5.97497,5.97696,2.48,1.39
2011.01.10 13:19:59.026,5.97497,5.97696,2.48,1.39
2011.01.10 13:19:59.148,5.97515,5.97714,2.48,2.89
2011.01.10 13:20:00.508,5.97527,5.97714,1.09,1.50
2011.01.10 13:20:00.624,5.97562,5.97744,2.48,2.14
2011.01.10 13:20:01.299,5.97566,5.97764,2.48,2.14
2011.01.10 13:20:01.412,5.97589,5.97774,2.48,2.14
2011.01.10 13:20:01.530,5.97589,5.97774,2.48,2.14
2011.01.10 13:20:02.092,5.97608,5.9778,2.48,1.50
2011.01.10 13:20:02.212,5.97608,5.97801,2.48,2.14
2011.01.10 13:20:02.333,5.97608,5.97801,2.48,2.14
2011.01.10 13:20:02.798,5.97636,5.9781,2.48,1.50
2011.01.10 13:20:02.920,5.97636,5.9781,2.33,1.50
2011.01.10 13:20:03.039,5.97627,5.9781,1.20,2.14
2011.01.10 13:20:03.791,5.97618,5.97806,2.48,2.14
2011.01.10 13:20:03.908,5.97617,5.97806,1.09,2.14
2011.01.10 13:20:04.168,5.97603,5.97793,1.05,1.54
2011.01.10 13:20:04.716,5.97587,5.97783,1.09,2.22
2011.01.10 13:20:05.048,5.9759,5.97765,2.48,2.14
2011.01.10 13:20:05.595,5.97617,5.97765,1.20,2.14
2011.01.10 13:20:05.820,5.97608,5.97784,2.70,2.14
2011.01.10 13:20:06.471,5.97588,5.97764,1.05,1.50
2011.01.10 13:20:06.589,5.97571,5.97764,2.48,2.14
2011.01.10 13:20:06.810,5.97602,5.97768,1.05,1.50
2011.01.10 13:20:06.931,5.97605,5.97786,2.48,2.14
2011.01.10 13:20:07.474,5.97635,5.97816,2.48,2.14
2011.01.10 13:20:07.587,5.97635,5.97814,2.10,2.14
2011.01.10 13:20:07.700,5.97617,5.97817,2.48,1.39
2011.01.10 13:20:08.270,5.97618,5.97816,2.48,1.39
2011.01.10 13:20:08.596,5.97618,5.9781,2.29,2.14
2011.01.10 13:20:09.174,5.97618,5.9781,2.48,2.14
2011.01.10 13:20:09.291,5.97652,5.97801,1.05,1.50
2011.01.10 13:20:09.960,5.97652,5.97831,2.48,2.14
2011.01.10 13:20:10.082,5.97677,5.97852,1.20,1.39
2011.01.10 13:20:10.979,5.97652,5.97852,2.48,1.39
2011.01.10 13:20:11.088,5.97652,5.97852,2.48,1.39
2011.01.10 13:20:11.197,5.97652,5.97852,2.48,1.39
2011.01.10 13:20:12.442,5.97652,5.97852,2.48,1.39
2011.01.10 13:20:12.968,5.97652,5.97852,2.48,1.39
2011.01.10 13:20:15.190,5.97652,5.97852,2.48,1.39
2011.01.10 13:20:16.139,5.97652,5.97852,2.48,1.39
2011.01.10 13:20:18.857,5.97652,5.97852,2.48,1.39
2011.01.10 13:20:18.971,5.97667,5.97852,1.20,1.39
2011.01.10 13:20:19.871,5.97652,5.97851,2.48,2.14
2011.01.10 13:20:19.989,5.97652,5.97851,2.70,2.14
2011.01.10 13:20:20.099,5.97637,5.97848,1.09,1.17
2011.01.10 13:20:20.207,5.97635,5.97835,2.10,1.47
2011.01.10 13:20:20.861,5.97635,5.97831,2.10,2.14
2011.01.10 13:20:20.978,5.97617,5.97828,1.09,10.54
2011.01.10 13:20:21.086,5.97613,5.97812,2.85,2.14
2011.01.10 13:20:21.634,5.97612,5.97789,1.17,1.50
2011.01.10 13:20:22.594,5.97612,5.97799,1.17,2.14
2011.01.10 13:20:22.846,5.97617,5.97799,2.48,2.14
2011.01.10 13:20:24.158,5.97628,5.97799,1.20,2.14
2011.01.10 13:20:24.488,5.97636,5.97809,2.48,1.50
2011.01.10 13:20:25.029,5.97636,5.97821,2.48,2.14
2011.01.10 13:20:25.767,5.97636,5.97806,2.10,1.50
2011.01.10 13:20:25.877,5.97617,5.97806,1.09,1.50
2011.01.10 13:20:26.397,5.97617,5.97798,1.09,2.14
2011.01.10 13:20:27.003,5.97618,5.97798,2.48,2.14
2011.01.10 13:20:27.748,5.97627,5.97805,1.20,2.14
2011.01.10 13:20:28.457,5.97651,5.97828,2.70,1.39
2011.01.10 13:20:28.572,5.97651,5.97827,1.05,1.50
2011.01.10 13:20:29.467,5.97651,5.97829,1.05,2.14
2011.01.10 13:20:29.581,5.97651,5.97829,2.29,2.14
2011.01.10 13:20:29.957,5.97651,5.97829,2.48,2.14
2011.01.10 13:20:30.698,5.97648,5.97817,1.09,1.50
2011.01.10 13:20:31.029,5.97651,5.97817,2.29,1.50
2011.01.10 13:20:31.137,5.97651,5.97834,2.29,2.14
2011.01.10 13:20:31.657,5.97648,5.97834,1.09,2.14
2011.01.10 13:20:31.801,5.97651,5.97832,2.70,2.14
2011.01.10 13:20:32.048,5.97647,5.97832,1.09,2.14
2011.01.10 13:20:33.257,5.97647,5.97825,1.09,1.50
2011.01.10 13:20:33.588,5.97633,5.97825,2.48,2.14
2011.01.10 13:20:34.838,5.97633,5.97825,2.29,2.14
2011.01.10 13:20:35.069,5.97638,5.97825,1.20,2.14
2011.01.10 13:20:35.679,5.97633,5.97814,2.29,2.14
2011.01.10 13:20:35.899,5.97614,5.97813,2.10,1.47
2011.01.10 13:20:37.978,5.97598,5.97786,1.20,1.39
2011.01.10 13:20:39.271,5.97587,5.97786,3.08,1.39
2011.01.10 13:20:39.497,5.97587,5.97767,1.20,1.39
2011.01.10 13:20:39.609,5.97567,5.97767,2.48,1.39
2011.01.10 13:20:39.828,5.97567,5.97767,2.48,1.39
2011.01.10 13:20:40.888,5.97568,5.97762,1.20,2.14
2011.01.10 13:20:41.359,5.97567,5.97762,2.10,2.22
2011.01.10 13:20:42.297,5.97567,5.97751,2.48,2.14
2011.01.10 13:20:42.640,5.97567,5.97751,2.10,2.14
2011.01.10 13:20:43.290,5.97547,5.97751,1.09,4.54
2011.01.10 13:20:43.400,5.97528,5.97735,1.09,4.73
2011.01.10 13:20:43.520,5.97537,5.97735,1.09,2.22
2011.01.10 13:20:44.064,5.9754,5.97735,2.29,2.14
2011.01.10 13:20:44.406,5.9754,5.97732,2.48,2.14
2011.01.10 13:20:44.827,5.97527,5.97732,1.09,4.54
2011.01.10 13:20:45.047,5.97522,5.9772,1.05,6.57
2011.01.10 13:20:45.603,5.97513,5.97706,1.05,2.29
2011.01.10 13:20:45.718,5.97513,5.97706,2.29,2.14
2011.01.10 13:20:46.376,5.97507,5.97706,1.09,2.22
2011.01.10 13:20:47.050,5.97513,5.97706,2.48,2.14
2011.01.10 13:20:47.150,5.97513,5.97711,2.10,1.39
2011.01.10 13:20:47.268,5.97513,5.97711,2.48,1.39
2011.01.10 13:20:48.268,5.97538,5.97711,1.20,1.39
2011.01.10 13:20:48.377,5.97541,5.97716,2.70,1.39
2011.01.10 13:20:48.486,5.97541,5.9773,2.70,2.14
2011.01.10 13:20:49.512,5.97541,5.97728,2.48,2.14
2011.01.10 13:20:51.174,5.97559,5.97746,2.29,2.14
2011.01.10 13:20:51.579,5.97567,5.97746,1.20,2.14
2011.01.10 13:20:52.855,5.97559,5.97746,2.29,2.14
2011.01.10 13:20:54.633,5.97588,5.97767,1.20,2.14
2011.01.10 13:20:55.140,5.97586,5.97767,2.10,2.14
2011.01.10 13:20:55.588,5.97587,5.97776,1.20,2.14
2011.01.10 13:20:57.124,5.97586,5.97776,2.33,2.14
2011.01.10 13:20:57.348,5.97586,5.97759,2.10,1.50
2011.01.10 13:20:57.678,5.97568,5.97759,2.48,2.14
2011.01.10 13:20:58.361,5.97587,5.97769,3.08,2.14
2011.01.10 13:20:58.478,5.97587,5.97769,2.48,2.14
2011.01.10 13:20:58.589,5.97587,5.97769,3.08,2.14
2011.01.10 13:20:58.809,5.9757,5.97762,4.50,2.19
2011.01.10 13:20:59.465,5.97501,5.97681,1.50,1.50
2011.01.10 13:20:59.580,5.97478,5.9767,1.50,4.69
2011.01.10 13:21:00.144,5.97488,5.9767,1.09,2.14
2011.01.10 13:21:02.218,5.97493,5.97681,2.10,2.14
2011.01.10 13:21:02.577,5.97497,5.97681,1.20,2.14
2011.01.10 13:21:02.688,5.97512,5.97681,1.05,1.50
2011.01.10 13:21:03.138,5.97497,5.97671,1.20,2.14
2011.01.10 13:21:03.674,5.97494,5.97676,2.10,2.14
2011.01.10 13:21:03.908,5.97503,5.97683,1.17,1.50
2011.01.10 13:21:04.017,5.97513,5.97683,2.10,1.50
2011.01.10 13:21:04.938,5.97513,5.97681,2.10,1.50
2011.01.10 13:21:05.279,5.97513,5.97681,2.48,1.50
2011.01.10 13:21:05.832,5.97513,5.97695,2.48,2.14
2011.01.10 13:21:05.941,5.97537,5.97695,1.09,1.50
2011.01.10 13:21:06.069,5.97537,5.97704,1.09,1.50
2011.01.10 13:21:06.636,5.97532,5.97704,1.05,1.50
2011.01.10 13:21:07.080,5.97522,5.97693,2.70,1.50
2011.01.10 13:21:07.330,5.97518,5.97693,1.09,1.50
2011.01.10 13:21:07.556,5.97522,5.97693,2.29,1.50
2011.01.10 13:21:07.770,5.97518,5.97693,1.09,1.50
2011.01.10 13:21:09.785,5.97508,5.97684,1.09,1.50
2011.01.10 13:21:11.416,5.97512,5.97684,1.17,1.50
2011.01.10 13:21:13.328,5.97512,5.97687,1.17,1.50
2011.01.10 13:21:14.396,5.97512,5.9769,1.17,1.50
2011.01.10 13:21:15.688,5.97524,5.9769,9.98,1.50
2011.01.10 13:21:15.800,5.97542,5.97702,1.17,1.50
2011.01.10 13:21:16.395,5.97557,5.97727,2.33,1.50
2011.01.10 13:21:16.998,5.97537,5.97714,1.09,1.50
2011.01.10 13:21:17.502,5.97537,5.97714,1.09,1.50
2011.01.10 13:21:17.730,5.97527,5.97714,1.09,1.50
2011.01.10 13:21:17.926,5.97538,5.97714,1.09,1.50
2011.01.10 13:21:18.733,5.97538,5.97701,1.09,1.50
2011.01.10 13:21:18.962,5.97526,5.97701,2.10,2.14
2011.01.10 13:21:19.621,5.97528,5.97715,1.09,1.50
2011.01.10 13:21:19.738,5.97543,5.97715,1.05,1.50
2011.01.10 13:21:20.000,5.97533,5.97715,1.05,1.50
2011.01.10 13:21:21.288,5.97528,5.97703,1.09,1.50
2011.01.10 13:21:21.397,5.97528,5.97703,1.09,1.50
2011.01.10 13:21:21.817,5.97507,5.97703,1.09,1.50
2011.01.10 13:21:22.385,5.97511,5.97703,2.29,2.14
2011.01.10 13:21:22.606,5.97507,5.97703,1.09,2.22
2011.01.10 13:21:23.006,5.97511,5.97703,2.48,2.14
2011.01.10 13:21:23.357,5.97511,5.97703,2.29,2.22
2011.01.10 13:21:23.939,5.97511,5.97703,2.48,2.14
2011.01.10 13:21:24.278,5.97511,5.97703,2.29,2.14
2011.01.10 13:21:25.959,5.97511,5.97709,2.48,1.39
2011.01.10 13:21:26.521,5.9753,5.97712,2.29,2.14
2011.01.10 13:21:26.645,5.97575,5.97755,2.48,2.14
2011.01.10 13:21:27.395,5.97577,5.97764,1.09,1.39
2011.01.10 13:21:27.869,5.97568,5.97781,1.09,5.89
2011.01.10 13:21:28.368,5.97564,5.97781,2.10,5.89
2011.01.10 13:21:28.949,5.97565,5.97761,2.48,2.14
2011.01.10 13:21:30.080,5.97565,5.97763,2.48,1.39
2011.01.10 13:21:30.307,5.97584,5.97781,2.48,2.14
2011.01.10 13:21:31.051,5.97584,5.97781,2.48,2.14
2011.01.10 13:21:31.166,5.97583,5.97781,1.05,2.14
2011.01.10 13:21:31.277,5.97583,5.97802,1.05,3.04
2011.01.10 13:21:31.719,5.97602,5.97802,1.05,2.89
2011.01.10 13:21:32.216,5.97607,5.97802,4.65,2.25
2011.01.10 13:21:32.336,5.97617,5.97804,1.09,1.50
2011.01.10 13:21:32.447,5.97617,5.97811,1.09,2.14
2011.01.10 13:21:33.323,5.97654,5.97842,3.90,2.14
2011.01.10 13:21:33.441,5.97682,5.97869,1.05,1.39
2011.01.10 13:21:33.560,5.97682,5.97874,1.05,2.14
2011.01.10 13:21:34.300,5.97642,5.97845,1.05,1.54
2011.01.10 13:21:34.948,5.97628,5.97828,1.09,2.67
2011.01.10 13:21:35.770,5.97628,5.97828,2.29,1.39
2011.01.10 13:21:36.254,5.97629,5.97828,2.48,1.39
2011.01.10 13:21:38.116,5.97629,5.97828,2.70,1.39
2011.01.10 13:21:40.066,5.97629,5.97828,1.05,1.69
2011.01.10 13:21:40.177,5.97623,5.97802,1.05,1.50
2011.01.10 13:21:40.418,5.97629,5.97809,1.05,2.14
2011.01.10 13:21:40.885,5.97629,5.97809,2.70,2.14
2011.01.10 13:21:41.003,5.97627,5.97813,1.09,2.14
2011.01.10 13:21:41.787,5.97617,5.97814,1.09,2.22
2011.01.10 13:21:42.399,5.976,5.978,2.70,1.39
2011.01.10 13:21:42.517,5.97582,5.97792,1.05,2.82
2011.01.10 13:21:42.633,5.97593,5.97779,1.05,2.14
2011.01.10 13:21:43.285,5.97594,5.9778,2.10,2.14
2011.01.10 13:21:43.403,5.97588,5.9778,1.09,2.14
2011.01.10 13:21:45.106,5.97578,5.97777,1.09,2.29
2011.01.10 13:21:45.467,5.97578,5.97777,1.09,1.65
2011.01.10 13:21:45.577,5.97589,5.97777,2.78,1.50
2011.01.10 13:21:45.687,5.97589,5.97774,2.78,1.50
2011.01.10 13:21:46.016,5.97589,5.97785,2.78,1.50
2011.01.10 13:21:46.661,5.97597,5.97806,2.97,2.22
2011.01.10 13:21:46.777,5.97598,5.97806,1.09,4.73
2011.01.10 13:21:46.886,5.97607,5.97806,1.09,2.97
2011.01.10 13:21:46.998,5.97602,5.97806,1.17,2.97
2011.01.10 13:21:48.190,5.97647,5.97844,2.48,2.14
2011.01.10 13:21:48.296,5.97647,5.97844,2.33,2.29
2011.01.10 13:21:48.829,5.97638,5.97833,1.09,2.22
2011.01.10 13:21:49.258,5.97629,5.97828,2.29,1.39
2011.01.10 13:21:51.197,5.97629,5.97826,2.48,2.14
2011.01.10 13:21:51.804,5.97657,5.97837,1.09,2.14
2011.01.10 13:21:52.031,5.9766,5.97867,2.29,2.14
2011.01.10 13:21:52.368,5.97657,5.97867,1.09,2.14
2011.01.10 13:21:52.480,5.97658,5.97854,1.05,2.14
2011.01.10 13:21:52.973,5.97647,5.97854,1.09,2.22
2011.01.10 13:21:54.393,5.97658,5.97847,2.48,2.14
2011.01.10 13:21:54.510,5.97658,5.97839,1.05,1.39
2011.01.10 13:21:54.630,5.97647,5.97839,1.20,1.39
2011.01.10 13:21:57.766,5.97638,5.97825,1.09,2.14
2011.01.10 13:21:58.207,5.9764,5.97825,2.29,2.14
2011.01.10 13:21:58.324,5.97636,5.97833,1.50,1.95
2011.01.10 13:21:58.438,5.97636,5.97833,1.58,1.58
2011.01.10 13:21:58.767,5.97627,5.97833,1.09,1.73
2011.01.10 13:21:58.878,5.97637,5.97833,1.09,1.58
2011.01.10 13:21:58.987,5.97632,5.97833,1.17,2.22
2011.01.10 13:21:59.648,5.97642,5.97833,1.17,2.14
2011.01.10 13:22:00.150,5.97647,5.97833,2.33,2.14
2011.01.10 13:22:01.147,5.97647,5.97846,3.08,1.39
2011.01.10 13:22:01.261,5.97642,5.97846,1.17,1.47
2011.01.10 13:22:01.741,5.97633,5.97832,1.05,1.09
2011.01.10 13:22:05.438,5.97642,5.97831,1.17,2.14
2011.01.10 13:22:06.027,5.97642,5.97842,1.05,4.69
2011.01.10 13:22:06.616,5.97657,5.9786,1.09,3.90
2011.01.10 13:22:06.729,5.97652,5.97854,1.17,2.22
2011.01.10 13:22:07.522,5.97662,5.97854,1.17,2.14
2011.01.10 13:22:08.167,5.97652,5.97854,1.17,2.22
2011.01.10 13:22:11.981,5.97667,5.97862,2.10,2.22
2011.01.10 13:22:13.808,5.97658,5.97862,1.09,4.73
2011.01.10 13:22:15.430,5.97667,5.97852,2.33,2.14
2011.01.10 13:22:16.018,5.97663,5.97852,1.05,2.29
2011.01.10 13:22:18.069,5.97677,5.97863,1.20,2.14
2011.01.10 13:22:18.620,5.97686,5.97884,2.10,1.47
2011.01.10 13:22:20.937,5.97686,5.97884,2.48,1.39
2011.01.10 13:22:21.268,5.97647,5.9784,1.09,4.39
2011.01.10 13:22:21.379,5.97662,5.97852,1.05,2.89
2011.01.10 13:22:21.817,5.97662,5.97827,1.05,1.50
2011.01.10 13:22:22.720,5.97647,5.97812,1.20,2.14
2011.01.10 13:22:23.096,5.97628,5.97812,2.48,2.14
2011.01.10 13:22:23.778,5.97648,5.97812,1.20,2.14
2011.01.10 13:22:24.628,5.97637,5.97812,1.20,2.14
2011.01.10 13:22:25.068,5.97627,5.97812,1.09,1.50
2011.01.10 13:22:25.290,5.97613,5.97808,1.50,1.17
2011.01.10 13:22:25.894,5.97613,5.97803,1.05,1.50
2011.01.10 13:22:26.007,5.97613,5.97812,1.05,2.14
2011.01.10 13:22:27.377,5.97631,5.97812,1.05,2.14
2011.01.10 13:22:29.248,5.97631,5.97822,2.48,2.14
2011.01.10 13:22:29.577,5.97631,5.97829,2.48,1.39
2011.01.10 13:22:29.688,5.97649,5.97831,2.29,2.14
2011.01.10 13:22:29.808,5.97647,5.97831,1.09,2.14
2011.01.10 13:22:32.359,5.97638,5.97841,1.09,4.54
2011.01.10 13:22:32.578,5.97617,5.97826,1.09,1.81
2011.01.10 13:22:33.118,5.97631,5.97817,2.70,2.14
2011.01.10 13:22:33.227,5.97628,5.97817,1.09,2.14
2011.01.10 13:22:33.840,5.97622,5.97823,1.05,1.32
2011.01.10 13:22:34.531,5.97631,5.97829,1.05,2.82
2011.01.10 13:22:35.279,5.97643,5.97846,2.48,2.14
2011.01.10 13:22:35.291,5.97649,5.97846,2.29,2.14
2011.01.10 13:22:35.627,5.9765,5.97845,1.05,2.29
2011.01.10 13:22:37.848,5.97652,5.97845,1.17,2.14
2011.01.10 13:22:38.449,5.97676,5.97863,2.10,2.14
2011.01.10 13:22:38.679,5.97668,5.97856,1.09,2.14
2011.01.10 13:22:38.790,5.97657,5.97856,1.09,2.22
2011.01.10 13:22:38.900,5.97653,5.97845,2.10,2.14
2011.01.10 13:22:39.432,5.97658,5.97845,1.20,2.14
2011.01.10 13:22:39.550,5.97667,5.97848,3.08,1.39
2011.01.10 13:22:39.769,5.97667,5.97846,2.48,2.14
2011.01.10 13:22:39.878,5.97687,5.97846,1.09,1.50
2011.01.10 13:22:40.342,5.97687,5.97861,1.09,1.50
2011.01.10 13:22:40.462,5.97696,5.97861,2.10,1.50
2011.01.10 13:22:42.717,5.97673,5.97861,1.50,1.50
2011.01.10 13:22:42.828,5.97673,5.97789,1.50,1.50
2011.01.10 13:22:42.938,5.97662,5.97789,1.05,1.50
2011.01.10 13:22:43.049,5.97662,5.97802,1.05,1.50
2011.01.10 13:22:43.270,5.97662,5.97802,2.29,1.50
2011.01.10 13:22:43.828,5.97662,5.97803,2.29,1.50
2011.01.10 13:22:44.316,5.97662,5.97805,2.29,1.50
2011.01.10 13:22:44.536,5.97662,5.97807,2.29,1.50
2011.01.10 13:22:44.646,5.97662,5.97811,2.29,1.50
2011.01.10 13:22:44.756,5.97662,5.97811,1.05,1.50
2011.01.10 13:22:44.978,5.97657,5.97811,3.08,1.50
2011.01.10 13:22:45.087,5.97657,5.97839,3.08,1.39
2011.01.10 13:22:45.557,5.97657,5.97862,3.08,1.50
2011.01.10 13:22:45.668,5.97664,5.97871,1.50,2.14
2011.01.10 13:22:47.584,5.97687,5.97871,2.33,2.14
2011.01.10 13:22:48.229,5.97687,5.97871,2.48,2.14
2011.01.10 13:22:48.558,5.97697,5.97871,1.20,2.14
2011.01.10 13:22:49.376,5.97687,5.97883,2.48,2.14
2011.01.10 13:22:49.491,5.97687,5.97869,2.10,2.14
2011.01.10 13:22:49.741,5.97687,5.97869,3.08,2.14
2011.01.10 13:22:49.928,5.97682,5.97869,1.05,2.14
2011.01.10 13:22:50.519,5.97686,5.97874,2.48,2.14
2011.01.10 13:22:50.737,5.97686,5.97866,2.33,2.14
2011.01.10 13:22:51.489,5.97677,5.97866,1.09,2.14
2011.01.10 13:22:51.769,5.97686,5.97866,2.10,2.14
2011.01.10 13:22:52.427,5.97686,5.97866,2.48,2.14
2011.01.10 13:22:52.540,5.97686,5.97866,2.10,2.14
2011.01.10 13:22:53.080,5.97686,5.97866,2.48,2.14
2011.01.10 13:22:53.197,5.97686,5.97866,2.10,2.14
2011.01.10 13:22:54.522,5.97678,5.97846,1.09,1.50
2011.01.10 13:22:54.641,5.97647,5.97846,1.09,2.22
2011.01.10 13:22:54.995,5.97637,5.97846,1.09,4.73
2011.01.10 13:22:55.217,5.97628,5.97835,1.09,4.73
2011.01.10 13:22:56.100,5.97643,5.97835,1.17,2.14
2011.01.10 13:22:56.777,5.97662,5.97849,1.17,2.14
2011.01.10 13:22:56.997,5.97632,5.9783,1.05,2.14
2011.01.10 13:22:57.298,5.97633,5.9783,2.33,2.14
2011.01.10 13:22:57.517,5.97643,5.9783,1.17,2.14
2011.01.10 13:22:59.610,5.97638,5.9783,1.09,2.14
2011.01.10 13:22:59.729,5.97647,5.9783,1.09,2.14
2011.01.10 13:23:00.247,5.97647,5.9785,2.97,4.54
2011.01.10 13:23:00.468,5.97648,5.9785,1.09,2.14
2011.01.10 13:23:00.578,5.97643,5.97826,1.17,2.14
2011.01.10 13:23:00.906,5.97628,5.97801,1.09,1.50
2011.01.10 13:23:01.018,5.97617,5.97801,1.09,1.50
2011.01.10 13:23:01.237,5.9761,5.97801,2.29,2.14
2011.01.10 13:23:01.347,5.97607,5.97801,1.09,2.14
2011.01.10 13:23:01.458,5.97597,5.97801,1.09,2.14
2011.01.10 13:23:02.024,5.97588,5.9777,1.09,2.14
2011.01.10 13:23:03.351,5.97577,5.9777,1.09,2.14
2011.01.10 13:23:03.579,5.97588,5.9777,1.09,2.14
2011.01.10 13:23:04.250,5.97591,5.9777,1.05,2.14
2011.01.10 13:23:05.616,5.97591,5.97795,2.48,2.14
2011.01.10 13:23:05.849,5.97609,5.97795,1.05,2.14
2011.01.10 13:23:06.910,5.97597,5.97795,1.09,2.22
2011.01.10 13:23:07.578,5.97608,5.97799,1.09,1.02
2011.01.10 13:23:08.153,5.97647,5.978,1.20,1.02
2011.01.10 13:23:08.271,5.97648,5.97827,1.09,1.39
2011.01.10 13:23:08.389,5.97628,5.97827,2.78,1.39
2011.01.10 13:23:09.053,5.97628,5.97811,1.09,1.39
2011.01.10 13:23:09.169,5.97622,5.97811,1.05,1.39
2011.01.10 13:23:10.278,5.97618,5.97809,1.09,2.25
2011.01.10 13:23:10.388,5.97618,5.97799,1.09,1.02
2011.01.10 13:23:10.609,5.97608,5.978,1.09,2.52
2011.01.10 13:23:10.938,5.97588,5.978,1.09,5.48
2011.01.10 13:23:11.049,5.97588,5.9779,1.09,1.39
2011.01.10 13:23:11.685,5.9759,5.9779,2.29,1.39
2011.01.10 13:23:11.808,5.97578,5.97778,1.09,4.54
2011.01.10 13:23:11.931,5.97567,5.97766,1.50,1.08
2011.01.10 13:23:12.052,5.97547,5.97743,4.50,1.32
2011.01.10 13:23:12.810,5.97559,5.97767,1.50,1.17
2011.01.10 13:23:13.528,5.97576,5.97774,1.50,2.19
2011.01.10 13:23:13.637,5.97576,5.97774,1.50,1.81
2011.01.10 13:23:13.747,5.97576,5.97774,1.50,2.19
2011.01.10 13:23:13.857,5.97576,5.97774,1.58,1.81
2011.01.10 13:23:14.839,5.97582,5.97783,1.05,1.32
2011.01.10 13:23:15.346,5.97576,5.97774,1.58,1.81
2011.01.10 13:23:15.462,5.97578,5.97787,1.09,1.17
2011.01.10 13:23:17.348,5.97576,5.97774,1.50,2.19
2011.01.10 13:23:17.459,5.9754,5.97739,1.50,2.19
2011.01.10 13:23:17.567,5.9754,5.97739,1.50,2.19
2011.01.10 13:23:18.152,5.9754,5.97739,1.50,2.41
2011.01.10 13:23:19.399,5.9754,5.97739,1.50,2.19
2011.01.10 13:23:19.512,5.9751,5.97717,2.78,1.17
2011.01.10 13:23:19.757,5.97522,5.97723,1.05,1.32
2011.01.10 13:23:20.290,5.97528,5.97733,1.09,2.85
2011.01.10 13:23:20.629,5.97538,5.97733,1.20,1.39
2011.01.10 13:23:21.172,5.97568,5.97772,1.09,4.73
2011.01.10 13:23:21.399,5.97543,5.97742,1.05,1.09
2011.01.10 13:23:21.510,5.97512,5.97713,1.05,1.32
2011.01.10 13:23:22.035,5.97526,5.97723,1.50,1.20
2011.01.10 13:23:22.155,5.97527,5.97738,1.09,1.17
2011.01.10 13:23:22.268,5.97527,5.97733,1.09,2.85
2011.01.10 13:23:22.598,5.9751,5.9771,1.50,2.41
2011.01.10 13:23:22.708,5.97503,5.97702,1.05,1.32
2011.01.10 13:23:23.259,5.97491,5.9769,1.50,2.00
2011.01.10 13:23:23.367,5.97493,5.97692,1.05,1.32
2011.01.10 13:23:23.707,5.97498,5.97707,1.09,1.17
2011.01.10 13:23:24.380,5.97491,5.97697,2.78,1.17
2011.01.10 13:23:25.166,5.97507,5.97714,1.09,2.85
2011.01.10 13:23:26.603,5.97515,5.97714,2.10,1.47
2011.01.10 13:23:27.375,5.9755,5.97749,2.29,1.39
2011.01.10 13:23:27.495,5.9756,5.97754,1.05,1.17
2011.01.10 13:23:27.690,5.97547,5.97754,1.09,1.92
2011.01.10 13:23:28.291,5.97558,5.97754,1.50,1.39
2011.01.10 13:23:28.408,5.97558,5.97757,5.25,1.02
2011.01.10 13:23:28.629,5.97558,5.97757,5.25,2.19
2011.01.10 13:23:29.239,5.97577,5.97743,1.50,1.20
2011.01.10 13:23:29.352,5.97534,5.97733,1.50,1.32
2011.01.10 13:23:29.504,5.97534,5.97747,1.50,1.05
2011.01.10 13:23:30.143,5.97534,5.97732,1.65,1.09
2011.01.10 13:23:30.371,5.97539,5.97748,1.38,1.17
2011.01.10 13:23:30.495,5.97557,5.97732,3.45,2.16
2011.01.10 13:23:30.612,5.97592,5.9777,1.05,2.01
2011.01.10 13:23:31.216,5.97558,5.97754,4.50,1.96
2011.01.10 13:23:31.452,5.97557,5.97757,3.15,1.20
2011.01.10 13:23:31.788,5.97557,5.97754,6.72,2.27
2011.01.10 13:23:32.884,5.97558,5.97754,4.65,2.04
2011.01.10 13:23:33.003,5.97557,5.97725,4.65,1.86
2011.01.10 13:23:33.519,5.97557,5.97725,4.65,1.86
2011.01.10 13:23:33.629,5.97563,5.97729,1.05,1.40
2011.01.10 13:23:34.250,5.97527,5.97727,1.50,1.42
2011.01.10 13:23:34.370,5.97527,5.97707,1.50,1.54
2011.01.10 13:23:34.491,5.97518,5.97707,1.09,2.18
2011.01.10 13:23:35.260,5.97518,5.977,1.09,1.42
2011.01.10 13:23:36.151,5.97517,5.977,1.09,1.42
2011.01.10 13:23:36.920,5.97502,5.977,1.05,2.92
2011.01.10 13:23:37.150,5.97493,5.97679,1.05,1.02
2011.01.10 13:23:37.490,5.97501,5.97679,1.05,1.02
2011.01.10 13:23:37.600,5.97488,5.97679,1.09,1.02
2011.01.10 13:23:37.758,5.97501,5.97679,2.70,1.02
2011.01.10 13:23:38.408,5.97501,5.97679,1.05,1.02
2011.01.10 13:23:39.412,5.97487,5.97679,1.09,1.02
2011.01.10 13:23:40.772,5.97498,5.97679,1.09,1.02
2011.01.10 13:23:40.888,5.97493,5.97679,1.05,1.02
2011.01.10 13:23:42.219,5.97458,5.97667,1.09,4.92
2011.01.10 13:23:42.341,5.97467,5.97667,1.09,2.22
2011.01.10 13:23:43.087,5.97458,5.97662,1.09,2.55
2011.01.10 13:23:43.205,5.97473,5.97662,2.29,1.29
2011.01.10 13:23:43.540,5.97467,5.97662,1.09,1.29
2011.01.10 13:23:44.006,5.97467,5.97668,1.09,1.92
2011.01.10 13:23:44.706,5.97473,5.97668,2.70,1.92
2011.01.10 13:23:45.038,5.97496,5.97693,2.48,2.14
2011.01.10 13:23:45.258,5.97496,5.97682,2.48,1.40
2011.01.10 13:23:47.589,5.97496,5.97682,2.48,1.40
2011.01.10 13:23:48.218,5.97505,5.9768,2.10,1.40
2011.01.10 13:23:48.330,5.97488,5.9768,1.09,1.40
2011.01.10 13:23:48.491,5.97481,5.97679,1.50,2.35
2011.01.10 13:23:48.719,5.97482,5.97679,1.05,2.13
2011.01.10 13:23:49.265,5.97468,5.97672,1.09,1.08
2011.01.10 13:23:51.628,5.97463,5.97662,1.05,1.13
2011.01.10 13:23:51.849,5.97457,5.97643,1.09,1.04
2011.01.10 13:23:52.830,5.97476,5.97653,2.33,2.45
2011.01.10 13:23:52.940,5.97467,5.97653,1.09,2.45
2011.01.10 13:23:53.049,5.97476,5.97653,2.33,2.45
2011.01.10 13:23:53.158,5.97476,5.97673,2.33,3.04
2011.01.10 13:23:53.786,5.97476,5.9766,2.33,1.57
2011.01.10 13:23:54.700,5.97476,5.9766,2.48,1.57
2011.01.10 13:23:55.452,5.97495,5.9767,2.48,3.54
2011.01.10 13:23:57.361,5.97495,5.9767,2.33,3.54
2011.01.10 13:23:57.572,5.97497,5.9767,1.20,3.54
2011.01.10 13:23:58.088,5.97497,5.97694,1.20,1.39
2011.01.10 13:23:58.717,5.97487,5.9767,1.09,2.30
2011.01.10 13:23:59.033,5.97495,5.9767,2.48,2.30
2011.01.10 13:23:59.240,5.97495,5.9767,2.10,2.30
2011.01.10 13:24:00.276,5.97492,5.9767,1.05,2.30
2011.01.10 13:24:00.498,5.97495,5.97694,2.10,1.47
2011.01.10 13:24:00.636,5.97495,5.9767,2.10,4.35
2011.01.10 13:24:00.992,5.97493,5.9767,1.05,4.35
2011.01.10 13:24:02.227,5.97483,5.9767,1.05,4.35
2011.01.10 13:24:03.241,5.97493,5.9767,1.05,4.35
2011.01.10 13:24:03.654,5.97478,5.9767,1.09,4.35
2011.01.10 13:24:05.857,5.97471,5.97655,1.50,1.71
2011.01.10 13:24:05.972,5.9746,5.97645,1.05,1.19
2011.01.10 13:24:06.641,5.9746,5.97635,1.05,1.84
2011.01.10 13:24:08.313,5.97415,5.97598,3.75,1.17
2011.01.10 13:24:08.850,5.97392,5.97593,1.65,1.78
2011.01.10 13:24:09.812,5.97392,5.97591,2.78,1.77
2011.01.10 13:24:10.042,5.97414,5.97603,2.33,2.64
2011.01.10 13:24:10.651,5.97433,5.97632,1.05,1.32
2011.01.10 13:24:10.774,5.97438,5.97603,1.09,1.45
2011.01.10 13:24:11.716,5.97446,5.97623,2.10,1.17
2011.01.10 13:24:11.938,5.97437,5.97623,1.09,1.17
2011.01.10 13:24:12.161,5.97446,5.97623,2.10,1.17
2011.01.10 13:24:12.834,5.97442,5.97623,1.05,1.17
2011.01.10 13:24:13.064,5.97415,5.97605,4.50,2.04
2011.01.10 13:24:13.294,5.97402,5.97603,1.05,1.32
2011.01.10 13:24:13.883,5.97418,5.97617,1.09,2.07
2011.01.10 13:24:14.218,5.97412,5.97605,1.05,1.99
2011.01.10 13:24:14.328,5.97411,5.97603,1.05,1.27
2011.01.10 13:24:15.450,5.97389,5.97593,2.78,1.02
2011.01.10 13:24:15.569,5.97389,5.97588,1.50,2.15
2011.01.10 13:24:16.185,5.97389,5.97592,2.78,1.86
2011.01.10 13:24:16.307,5.97413,5.97602,1.05,1.05
2011.01.10 13:24:17.050,5.97413,5.97602,1.05,2.34
2011.01.10 13:24:18.150,5.97428,5.97602,1.09,1.96
2011.01.10 13:24:18.489,5.97428,5.97602,1.09,1.96
2011.01.10 13:24:18.712,5.97418,5.97627,1.09,4.92
2011.01.10 13:24:19.321,5.97418,5.97614,1.09,2.61
2011.01.10 13:24:19.703,5.97418,5.97612,1.09,1.14
2011.01.10 13:24:20.282,5.97412,5.97593,2.29,1.06
2011.01.10 13:24:20.926,5.97393,5.97592,1.05,1.35
2011.01.10 13:24:21.842,5.97388,5.97593,2.78,1.98
2011.01.10 13:24:22.546,5.97413,5.97612,1.05,1.32
2011.01.10 13:24:22.666,5.97433,5.97623,1.05,1.18
2011.01.10 13:24:23.229,5.97429,5.97606,1.05,1.39
2011.01.10 13:24:23.349,5.97407,5.97546,2.33,1.19
2011.01.10 13:24:23.465,5.97369,5.97546,11.67,1.19
2011.01.10 13:24:24.012,5.97361,5.97542,1.50,1.18
2011.01.10 13:24:24.135,5.97372,5.9756,1.05,2.28
2011.01.10 13:24:24.249,5.97372,5.97562,1.05,1.22
2011.01.10 13:24:24.787,5.97379,5.97568,1.50,1.11
2011.01.10 13:24:25.021,5.97367,5.97562,3.08,2.36
2011.01.10 13:24:25.905,5.9743,5.97629,1.50,2.19
2011.01.10 13:24:26.019,5.9743,5.97629,1.50,2.00
2011.01.10 13:24:26.348,5.97442,5.97637,4.50,2.19
2011.01.10 13:24:26.568,5.97442,5.97632,4.50,1.20
2011.01.10 13:24:27.112,5.97442,5.97637,4.50,4.07
2011.01.10 13:24:27.236,5.97438,5.97637,1.50,4.07
2011.01.10 13:24:28.658,5.9742,5.9762,1.50,3.00
2011.01.10 13:24:28.779,5.9742,5.97615,1.50,1.60
2011.01.10 13:24:29.829,5.97423,5.97615,4.50,1.62
2011.01.10 13:24:30.595,5.97423,5.97615,4.50,1.60
2011.01.10 13:24:31.491,5.9742,5.97615,1.50,1.60
2011.01.10 13:24:32.274,5.97393,5.97591,1.50,2.19
2011.01.10 13:24:33.349,5.97393,5.97563,1.50,1.20
2011.01.10 13:24:33.679,5.97374,5.97543,1.50,1.20
2011.01.10 13:24:34.223,5.97374,5.97573,1.50,2.28
2011.01.10 13:24:35.492,5.97374,5.97569,1.50,1.59
2011.01.10 13:24:35.718,5.97374,5.97523,1.50,1.20
2011.01.10 13:24:35.831,5.97374,5.97533,1.50,1.20
2011.01.10 13:24:36.060,5.97374,5.97573,1.50,5.94
2011.01.10 13:24:36.544,5.97363,5.97529,3.75,2.19
2011.01.10 13:24:36.667,5.9733,5.97492,1.50,1.20
2011.01.10 13:24:36.779,5.9733,5.97529,1.50,2.28
2011.01.10 13:24:37.472,5.9733,5.97529,1.50,2.28
2011.01.10 13:24:37.595,5.9733,5.97515,1.50,2.72
2011.01.10 13:24:37.711,5.9733,5.97515,1.50,2.72
2011.01.10 13:24:38.494,5.9733,5.97515,1.50,2.72
2011.01.10 13:24:38.613,5.9733,5.97515,1.50,2.72
2011.01.10 13:24:40.876,5.97363,5.9754,1.50,1.77
2011.01.10 13:24:41.795,5.97347,5.9753,3.75,1.24
2011.01.10 13:24:41.910,5.97347,5.9753,3.75,1.62
2011.01.10 13:24:42.018,5.97347,5.9753,3.75,1.39
2011.01.10 13:24:42.240,5.97347,5.97536,3.75,1.77
2011.01.10 13:24:43.160,5.97347,5.97531,1.50,1.53
2011.01.10 13:24:43.379,5.97347,5.97536,1.50,1.65
2011.01.10 13:24:44.882,5.97347,5.97545,1.58,2.58
2011.01.10 13:24:45.646,5.97344,5.97519,4.50,1.08
2011.01.10 13:24:45.759,5.97328,5.97538,2.78,1.17
2011.01.10 13:24:45.979,5.97348,5.97544,4.50,2.43
2011.01.10 13:24:46.542,5.97348,5.97534,4.50,1.53
2011.01.10 13:24:48.102,5.97348,5.97533,4.50,1.30
2011.01.10 13:24:49.331,5.97348,5.97534,4.50,1.85
2011.01.10 13:24:49.689,5.97348,5.97522,4.50,1.20
2011.01.10 13:24:51.331,5.9733,5.97493,4.50,1.20
2011.01.10 13:24:51.896,5.97327,5.97509,1.50,1.47
2011.01.10 13:24:52.527,5.97327,5.97509,1.50,1.47
2011.01.10 13:24:52.676,5.97327,5.97452,1.50,1.20
2011.01.10 13:24:52.794,5.97308,5.97452,1.50,1.20
2011.01.10 13:24:52.913,5.97285,5.97452,1.50,1.20
2011.01.10 13:24:53.397,5.97285,5.97483,1.50,2.28
2011.01.10 13:24:53.517,5.973,5.97472,1.50,1.20
2011.01.10 13:24:54.884,5.973,5.97498,1.50,3.66
2011.01.10 13:24:55.004,5.973,5.97498,1.50,3.66
2011.01.10 13:24:55.977,5.97282,5.97483,1.50,2.16
2011.01.10 13:24:56.311,5.97282,5.97483,1.50,2.16
2011.01.10 13:24:56.830,5.97282,5.97483,1.50,2.16
2011.01.10 13:24:56.957,5.97282,5.97441,1.50,1.14
2011.01.10 13:24:57.290,5.97229,5.97439,1.50,1.05
2011.01.10 13:24:57.974,5.97229,5.97433,1.50,1.20
2011.01.10 13:24:58.202,5.97229,5.97433,2.78,2.31
2011.01.10 13:24:59.098,5.97247,5.97423,1.50,1.53
2011.01.10 13:25:00.332,5.97247,5.97423,1.50,1.85
2011.01.10 13:25:00.980,5.97227,5.97427,1.50,2.28
2011.01.10 13:25:01.229,5.97247,5.97432,1.50,1.37
2011.01.10 13:25:01.532,5.97247,5.97423,1.50,1.09
2011.01.10 13:25:02.121,5.97247,5.97432,1.50,1.03
2011.01.10 13:25:02.350,5.97266,5.97432,1.50,1.03
2011.01.10 13:25:02.993,5.97266,5.97452,1.50,1.15
2011.01.10 13:25:03.103,5.97266,5.97443,1.50,1.30
2011.01.10 13:25:03.329,5.97247,5.97443,1.50,1.30
2011.01.10 13:25:03.450,5.97247,5.97433,1.50,1.02
2011.01.10 13:25:04.122,5.97267,5.97442,1.50,1.20
2011.01.10 13:25:04.246,5.97267,5.97442,1.50,1.30
2011.01.10 13:25:04.580,5.97267,5.97453,1.50,1.49
2011.01.10 13:25:05.108,5.97267,5.97443,1.50,1.80
2011.01.10 13:25:05.221,5.97267,5.97453,1.50,1.49
2011.01.10 13:25:05.611,5.9729,5.97465,1.50,2.52
2011.01.10 13:25:06.101,5.97293,5.97473,1.50,1.95
2011.01.10 13:25:06.228,5.97275,5.97453,1.50,1.05
2011.01.10 13:25:06.342,5.97293,5.97468,1.50,1.51
2011.01.10 13:25:06.944,5.97275,5.97448,1.50,1.88
2011.01.10 13:25:08.160,5.97309,5.97448,1.50,1.88
2011.01.10 13:25:08.276,5.97309,5.97507,1.50,2.28
2011.01.10 13:25:08.390,5.97309,5.97507,1.50,2.28
2011.01.10 13:25:08.658,5.97309,5.97493,1.50,1.20
2011.01.10 13:25:09.381,5.97309,5.97507,1.50,2.28
2011.01.10 13:25:10.049,5.97294,5.97492,1.50,2.19
2011.01.10 13:25:10.160,5.97294,5.97473,1.50,1.20
2011.01.10 13:25:10.927,5.97275,5.97467,1.50,2.16
2011.01.10 13:25:11.843,5.97294,5.97488,1.50,1.59
2011.01.10 13:25:12.069,5.97275,5.97474,1.50,2.28
2011.01.10 13:25:12.243,5.97275,5.97474,1.65,2.30
2011.01.10 13:25:12.799,5.97275,5.97474,1.50,2.28
2011.01.10 13:25:12.910,5.97275,5.97474,1.58,1.96
2011.01.10 13:25:13.461,5.97283,5.97477,1.05,1.20
2011.01.10 13:25:13.581,5.97293,5.97478,1.50,1.80
2011.01.10 13:25:14.462,5.97293,5.97477,1.50,1.13
2011.01.10 13:25:15.257,5.97293,5.97478,1.50,1.44
2011.01.10 13:25:15.660,5.97293,5.97478,1.50,1.82
2011.01.10 13:25:15.988,5.97275,5.97468,1.50,1.02
2011.01.10 13:25:16.209,5.97275,5.97473,1.50,2.37
2011.01.10 13:25:16.784,5.97275,5.97473,1.50,2.37
2011.01.10 13:25:17.012,5.97278,5.9748,1.09,2.36
2011.01.10 13:25:17.534,5.97275,5.9747,1.50,1.02
2011.01.10 13:25:17.868,5.97293,5.97469,1.50,1.80
2011.01.10 13:25:18.758,5.97293,5.97485,1.50,1.92
2011.01.10 13:25:19.133,5.97295,5.97493,4.50,2.19
2011.01.10 13:25:19.365,5.97295,5.97493,4.50,2.37
2011.01.10 13:25:20.161,5.97293,5.97493,1.50,2.37
2011.01.10 13:25:21.406,5.97293,5.97474,1.50,1.81
2011.01.10 13:25:21.524,5.97275,5.97474,1.50,2.19
2011.01.10 13:25:21.910,5.97275,5.97468,1.50,2.67
2011.01.10 13:25:22.019,5.97275,5.97468,1.50,2.67
2011.01.10 13:25:23.571,5.97275,5.97443,1.50,1.20
2011.01.10 13:25:24.731,5.97275,5.97433,1.50,1.20
2011.01.10 13:25:24.979,5.97275,5.97442,1.50,1.20
2011.01.10 13:25:25.105,5.97275,5.97468,1.50,2.67
2011.01.10 13:25:25.329,5.97275,5.97468,1.50,2.37
2011.01.10 13:25:25.930,5.97275,5.97443,1.50,1.20
2011.01.10 13:25:26.147,5.97275,5.97468,1.50,2.67
2011.01.10 13:25:26.257,5.97275,5.97443,1.50,1.20
2011.01.10 13:25:26.770,5.97284,5.97468,4.69,2.67
2011.01.10 13:25:27.200,5.97307,5.97468,3.75,2.67
2011.01.10 13:25:27.312,5.97251,5.97457,1.50,2.14
2011.01.10 13:25:28.770,5.97251,5.9745,1.50,1.08
2011.01.10 13:25:29.268,5.97251,5.97447,1.50,1.80
2011.01.10 13:25:29.728,5.97251,5.97447,1.50,1.68
2011.01.10 13:25:30.531,5.97251,5.97447,1.50,1.68
2011.01.10 13:25:30.957,5.97251,5.97441,1.50,2.19
2011.01.10 13:25:31.067,5.97242,5.97434,2.78,1.36
2011.01.10 13:25:32.348,5.97241,5.97423,1.50,2.37
2011.01.10 13:25:33.279,5.9723,5.97407,3.90,1.08
2011.01.10 13:25:33.943,5.97243,5.97437,1.05,1.39
2011.01.10 13:25:37.395,5.97268,5.97466,6.75,1.50
2011.01.10 13:25:38.228,5.97268,5.97467,3.00,1.18
2011.01.10 13:25:38.928,5.97268,5.97464,3.15,2.39
2011.01.10 13:25:39.058,5.97338,5.97485,1.20,1.15
2011.01.10 13:25:39.171,5.97338,5.9754,1.20,2.14
2011.01.10 13:25:39.293,5.97338,5.9754,1.20,2.14
2011.01.10 13:25:39.848,5.97326,5.97508,4.50,1.02
2011.01.10 13:25:39.962,5.97329,5.97528,1.50,1.19
2011.01.10 13:25:40.603,5.97383,5.97537,1.50,1.17
2011.01.10 13:25:40.727,5.97383,5.97544,1.50,1.33
2011.01.10 13:25:41.719,5.97389,5.97541,3.75,2.25
2011.01.10 13:25:41.835,5.97388,5.97572,4.50,1.97
2011.01.10 13:25:42.016,5.97388,5.97581,4.50,2.00
2011.01.10 13:25:42.631,5.97388,5.9758,4.50,1.62
2011.01.10 13:25:42.970,5.97388,5.97562,3.75,2.41
2011.01.10 13:25:43.634,5.97381,5.97578,1.50,2.95
2011.01.10 13:25:44.496,5.97365,5.97562,4.50,4.23
2011.01.10 13:25:44.830,5.97363,5.97543,1.50,1.20
2011.01.10 13:25:45.395,5.97338,5.97535,3.00,2.19
2011.01.10 13:25:46.602,5.97338,5.97535,3.00,2.19
2011.01.10 13:25:46.722,5.97338,5.97533,3.00,1.20
2011.01.10 13:25:47.021,5.97338,5.97535,3.00,2.19
2011.01.10 13:25:47.829,5.97338,5.97533,3.00,1.20
2011.01.10 13:25:47.938,5.97338,5.97533,3.00,1.20
2011.01.10 13:25:48.459,5.97355,5.97554,1.58,2.00
2011.01.10 13:25:48.579,5.97363,5.97543,1.50,1.20
2011.01.10 13:25:48.909,5.9736,5.97513,1.50,1.20
2011.01.10 13:25:49.021,5.97338,5.97513,3.00,1.20
2011.01.10 13:25:49.568,5.97338,5.97535,3.00,2.37
2011.01.10 13:25:50.761,5.97338,5.97512,3.00,1.20
2011.01.10 13:25:51.269,5.97338,5.97535,3.00,2.37
2011.01.10 13:25:51.489,5.97318,5.97516,1.50,2.19
2011.01.10 13:25:52.324,5.97336,5.97518,1.50,2.53
2011.01.10 13:25:52.445,5.97336,5.97524,1.50,2.04
2011.01.10 13:25:53.538,5.97355,5.97533,1.50,2.22
2011.01.10 13:25:54.708,5.97355,5.97554,1.50,2.19
2011.01.10 13:25:54.818,5.97355,5.97536,1.50,2.19
2011.01.10 13:25:55.659,5.97365,5.97562,1.50,1.20
2011.01.10 13:25:55.772,5.97383,5.9757,4.50,1.02
2011.01.10 13:25:56.406,5.97338,5.97535,3.00,2.19
2011.01.10 13:25:56.630,5.97338,5.97537,3.00,1.77
2011.01.10 13:25:56.740,5.97338,5.97547,6.53,1.84
2011.01.10 13:25:57.438,5.97348,5.97548,1.50,2.00
2011.01.10 13:25:57.548,5.97348,5.97537,1.50,1.17
2011.01.10 13:26:00.881,5.97348,5.97536,1.50,2.82
2011.01.10 13:26:01.001,5.97338,5.9753,3.00,1.81
2011.01.10 13:26:01.118,5.97338,5.97524,3.00,1.12
2011.01.10 13:26:01.983,5.97338,5.97524,3.00,3.21
2011.01.10 13:26:02.216,5.97307,5.97503,4.65,1.32
2011.01.10 13:26:02.925,5.97342,5.97521,1.05,1.62
2011.01.10 13:26:03.039,5.97332,5.97521,1.05,1.62
2011.01.10 13:26:03.290,5.97332,5.97533,1.05,1.32
2011.01.10 13:26:03.928,5.97332,5.97525,1.05,3.20
2011.01.10 13:26:04.355,5.97322,5.97521,1.65,1.81
2011.01.10 13:26:04.475,5.97333,5.97525,1.05,3.20
2011.01.10 13:26:04.919,5.97342,5.97525,1.05,1.65
2011.01.10 13:26:08.362,5.97327,5.97525,1.09,3.12
2011.01.10 13:26:08.679,5.97344,5.97525,2.33,1.65
2011.01.10 13:26:09.336,5.97349,5.97538,1.05,1.58
2011.01.10 13:26:09.458,5.97349,5.97538,1.50,2.95
2011.01.10 13:26:09.582,5.97331,5.9753,1.50,2.19
2011.01.10 13:26:09.714,5.97331,5.9753,1.50,2.37
2011.01.10 13:26:10.337,5.97365,5.97535,1.58,1.34
2011.01.10 13:26:10.454,5.97365,5.97558,1.58,1.01
2011.01.10 13:26:10.574,5.97358,5.97539,4.50,1.60
2011.01.10 13:26:11.029,5.97358,5.9753,3.75,1.24
2011.01.10 13:26:11.260,5.97353,5.97526,2.10,1.58
2011.01.10 13:26:11.925,5.97357,5.97548,1.09,2.49
2011.01.10 13:26:12.048,5.97331,5.9753,1.50,2.00
2011.01.10 13:26:12.163,5.97338,5.9753,1.09,1.27
2011.01.10 13:26:12.391,5.97353,5.97535,1.05,1.30
2011.01.10 13:26:12.847,5.97353,5.97552,1.05,1.09
2011.01.10 13:26:12.964,5.97353,5.97545,1.05,2.67
2011.01.10 13:26:13.431,5.97362,5.97545,1.17,1.47
2011.01.10 13:26:14.087,5.97337,5.97529,1.09,1.23
2011.01.10 13:26:14.199,5.97348,5.97529,1.09,1.23
2011.01.10 13:26:14.939,5.97337,5.97529,1.09,1.23
2011.01.10 13:26:14.967,5.97349,5.97535,1.50,3.18
2011.01.10 13:26:15.084,5.97352,5.97543,1.05,1.09
2011.01.10 13:26:15.757,5.97352,5.97534,1.05,1.58
2011.01.10 13:26:15.878,5.97333,5.97532,1.05,1.32
2011.01.10 13:26:15.989,5.97333,5.97524,1.05,1.06
2011.01.10 13:26:18.451,5.97354,5.97547,2.10,2.14
2011.01.10 13:26:18.969,5.97358,5.97558,1.09,4.54
2011.01.10 13:26:19.084,5.97348,5.97547,1.65,2.71
2011.01.10 13:26:19.199,5.97348,5.97548,2.97,2.59
2011.01.10 13:26:19.419,5.97362,5.97548,1.17,1.41
2011.01.10 13:26:19.969,5.97372,5.97548,2.29,1.41
2011.01.10 13:26:20.528,5.97388,5.9756,1.09,1.08
2011.01.10 13:26:20.644,5.97378,5.9756,2.78,1.08
2011.01.10 13:26:20.764,5.97378,5.97584,2.78,1.17
2011.01.10 13:26:21.405,5.97394,5.97574,1.50,1.20
2011.01.10 13:26:21.629,5.97376,5.97574,1.58,2.83
2011.01.10 13:26:22.182,5.97382,5.97574,1.05,1.20
2011.01.10 13:26:23.763,5.97395,5.97574,1.58,1.05
2011.01.10 13:26:23.881,5.97395,5.97585,1.58,2.27
2011.01.10 13:26:24.309,5.97395,5.97585,1.50,5.37
2011.01.10 13:26:24.420,5.97395,5.97585,1.58,1.99
2011.01.10 13:26:27.768,5.97395,5.97585,1.58,5.37
2011.01.10 13:26:27.879,5.97387,5.97574,1.09,1.03
2011.01.10 13:26:30.094,5.97376,5.97574,1.50,2.19
2011.01.10 13:26:30.323,5.97337,5.97538,1.09,1.81
2011.01.10 13:26:30.911,5.97337,5.97533,1.09,1.18
2011.01.10 13:26:31.628,5.97337,5.97547,1.09,4.73
2011.01.10 13:26:31.741,5.97337,5.97531,1.09,2.31
2011.01.10 13:26:35.865,5.9731,5.97507,4.50,1.17
2011.01.10 13:26:36.532,5.97325,5.97497,2.33,1.05
2011.01.10 13:26:36.900,5.97332,5.97497,1.05,1.05
2011.01.10 13:26:37.118,5.9732,5.97497,2.78,1.05
2011.01.10 13:26:38.015,5.97288,5.97481,1.09,1.08
2011.01.10 13:26:40.305,5.97307,5.97481,2.48,1.08
2011.01.10 13:26:40.422,5.97327,5.97517,1.09,1.39
2011.01.10 13:26:40.542,5.97342,5.97508,2.29,1.08
2011.01.10 13:26:41.106,5.97342,5.97508,1.05,1.08
2011.01.10 13:26:41.226,5.97328,5.97508,1.09,1.08
2011.01.10 13:26:41.340,5.97338,5.97508,1.09,1.08
2011.01.10 13:26:42.990,5.97328,5.97508,1.09,1.08
2011.01.10 13:26:43.101,5.97342,5.97508,2.48,1.08
2011.01.10 13:26:43.331,5.97347,5.97517,1.20,1.41
2011.01.10 13:26:43.907,5.97378,5.97563,1.09,1.34
2011.01.10 13:26:44.131,5.97378,5.97571,1.09,1.19
2011.01.10 13:26:44.250,5.97378,5.97572,1.09,1.05
2011.01.10 13:26:44.969,5.97403,5.97571,1.05,1.40
2011.01.10 13:26:45.430,5.97403,5.97589,1.05,1.50
2011.01.10 13:26:45.548,5.97403,5.97587,1.05,1.64
2011.01.10 13:26:46.313,5.97396,5.97563,1.50,1.20
2011.01.10 13:26:46.435,5.97358,5.97548,3.00,1.13
2011.01.10 13:26:46.555,5.97342,5.97523,2.63,1.20
2011.01.10 13:26:46.674,5.97317,5.97509,1.09,1.39
2011.01.10 13:26:47.213,5.97311,5.97503,4.50,1.32
2011.01.10 13:26:47.548,5.97322,5.97497,1.50,1.26
2011.01.10 13:26:48.227,5.97322,5.97511,1.80,1.15
2011.01.10 13:26:48.687,5.97322,5.97511,1.80,1.15
2011.01.10 13:26:49.440,5.97338,5.97511,1.09,1.15
2011.01.10 13:26:49.558,5.97328,5.97511,1.09,1.15
2011.01.10 13:26:49.909,5.97322,5.97483,1.50,1.20
2011.01.10 13:26:50.474,5.97322,5.97463,1.50,1.20
2011.01.10 13:26:50.598,5.97283,5.97473,1.17,1.10
2011.01.10 13:26:51.350,5.97318,5.9749,1.09,1.05
2011.01.10 13:26:51.868,5.97307,5.9749,1.09,1.05
2011.01.10 13:26:52.409,5.97322,5.9749,1.50,1.05
2011.01.10 13:26:52.524,5.97327,5.9751,1.09,1.40
2011.01.10 13:26:52.750,5.97337,5.9751,1.09,1.40
2011.01.10 13:26:53.518,5.97371,5.97521,3.90,1.14
2011.01.10 13:26:54.231,5.97412,5.97575,1.05,1.44
2011.01.10 13:26:55.143,5.97397,5.9758,1.09,2.14
2011.01.10 13:26:55.266,5.97357,5.9756,1.09,1.74
2011.01.10 13:26:55.601,5.97357,5.97549,1.09,1.33
2011.01.10 13:26:56.270,5.97412,5.97549,3.75,1.33
2011.01.10 13:26:56.620,5.97411,5.97618,2.78,1.17
2011.01.10 13:26:57.225,5.97408,5.97583,4.50,1.15
2011.01.10 13:26:57.450,5.97408,5.97576,3.75,2.37
2011.01.10 13:26:57.989,5.9738,5.97576,4.50,2.37
2011.01.10 13:26:58.100,5.97376,5.97571,1.58,1.65
2011.01.10 13:26:58.483,5.97395,5.97571,1.50,1.65
2011.01.10 13:26:59.013,5.97398,5.97594,6.53,2.19
2011.01.10 13:26:59.147,5.97418,5.97612,1.09,2.76
2011.01.10 13:26:59.963,5.97437,5.97612,2.10,2.17
2011.01.10 13:27:00.518,5.97418,5.97612,1.09,2.36
2011.01.10 13:27:02.362,5.97437,5.97612,2.33,2.17
2011.01.10 13:27:02.771,5.97422,5.97612,1.17,2.17
2011.01.10 13:27:02.998,5.97432,5.97612,1.17,2.17
2011.01.10 13:27:03.108,5.97432,5.97626,1.17,2.14
2011.01.10 13:27:03.220,5.97457,5.97613,1.09,2.37
2011.01.10 13:27:03.720,5.97463,5.97613,2.33,2.37
2011.01.10 13:27:03.836,5.97497,5.97658,1.20,2.57
2011.01.10 13:27:03.952,5.97483,5.97658,2.48,2.57
2011.01.10 13:27:04.424,5.97483,5.97658,2.48,2.57
2011.01.10 13:27:04.750,5.97509,5.97686,2.48,2.31
2011.01.10 13:27:05.762,5.97527,5.97686,1.20,1.20
2011.01.10 13:27:05.885,5.97528,5.97694,1.09,4.65
2011.01.10 13:27:06.000,5.97522,5.97694,1.05,4.65
2011.01.10 13:27:06.111,5.9751,5.97685,2.70,1.20
2011.01.10 13:27:06.650,5.97517,5.97685,1.20,1.20
2011.01.10 13:27:07.128,5.97517,5.97682,1.20,1.01
2011.01.10 13:27:08.290,5.97509,5.97677,2.48,2.05
2011.01.10 13:27:08.620,5.97509,5.97682,2.29,1.50
2011.01.10 13:27:08.731,5.97509,5.97678,2.29,1.44
2011.01.10 13:27:09.524,5.97508,5.97678,1.09,1.44
2011.01.10 13:27:09.752,5.97498,5.97678,1.09,1.44
2011.01.10 13:27:09.978,5.97491,5.97667,2.29,1.03
2011.01.10 13:27:12.897,5.9753,5.97671,2.70,1.59
2011.01.10 13:27:13.012,5.97528,5.97671,1.09,1.59
2011.01.10 13:27:13.240,5.97528,5.97729,1.09,6.42
2011.01.10 13:27:13.740,5.97508,5.97717,1.09,1.17
2011.01.10 13:27:13.857,5.97498,5.97681,1.09,1.19
2011.01.10 13:27:14.191,5.97493,5.97661,2.29,1.26
2011.01.10 13:27:16.352,5.97497,5.97661,1.20,1.26
2011.01.10 13:27:16.582,5.97493,5.97661,2.29,1.26
2011.01.10 13:27:17.243,5.97443,5.97637,1.05,4.99
2011.01.10 13:27:17.470,5.97443,5.97631,1.05,1.27
2011.01.10 13:27:18.035,5.97465,5.97636,2.48,1.05
2011.01.10 13:27:19.073,5.97465,5.97636,2.10,1.05
2011.01.10 13:27:19.953,5.97465,5.9766,2.10,2.14
2011.01.10 13:27:20.070,5.97465,5.9764,2.10,1.38
2011.01.10 13:27:20.403,5.97488,5.97643,1.20,1.74
2011.01.10 13:27:20.739,5.97488,5.9766,1.20,1.05
2011.01.10 13:27:21.497,5.97507,5.9766,2.48,1.05
2011.01.10 13:27:21.612,5.9753,5.97678,2.70,1.39
2011.01.10 13:27:21.904,5.97517,5.97678,1.20,1.39
2011.01.10 13:27:22.594,5.97492,5.97669,2.29,1.41
2011.01.10 13:27:22.712,5.97498,5.97678,1.09,1.39
2011.01.10 13:27:23.173,5.97492,5.97685,1.05,2.29
2011.01.10 13:27:23.723,5.9751,5.97677,2.48,2.72
2011.01.10 13:27:23.838,5.9751,5.97677,2.48,1.38
2011.01.10 13:27:23.948,5.97527,5.97677,1.20,1.38
2011.01.10 13:27:24.646,5.9753,5.97697,2.48,2.40
2011.01.10 13:27:25.200,5.97538,5.97697,1.20,2.40
2011.01.10 13:27:25.762,5.97528,5.97697,1.09,2.40
2011.01.10 13:27:26.072,5.9753,5.97697,2.29,2.40
2011.01.10 13:27:27.947,5.9753,5.97688,2.29,1.50
2011.01.10 13:27:28.058,5.97548,5.97688,1.20,1.50
2011.01.10 13:27:28.746,5.97548,5.97697,1.20,1.21
2011.01.10 13:27:29.095,5.9753,5.97697,2.48,1.21
2011.01.10 13:27:29.311,5.97538,5.97697,1.20,1.21
2011.01.10 13:27:29.906,5.97508,5.97687,1.09,1.34
2011.01.10 13:27:30.020,5.97498,5.97687,1.09,1.34
2011.01.10 13:27:30.240,5.97498,5.97678,1.09,1.09
2011.01.10 13:27:31.240,5.97497,5.97677,6.83,2.30
2011.01.10 13:27:32.022,5.97502,5.97677,1.05,1.15
2011.01.10 13:27:33.242,5.97497,5.97685,4.50,1.81
2011.01.10 13:27:33.366,5.97468,5.97667,2.78,2.52
2011.01.10 13:27:35.277,5.97488,5.97667,1.09,1.50
2011.01.10 13:27:38.829,5.97482,5.97667,1.05,1.50
2011.01.10 13:27:41.329,5.97468,5.97655,1.50,4.54
2011.01.10 13:27:41.659,5.97468,5.97636,1.50,4.52
2011.01.10 13:27:42.234,5.97426,5.9762,1.50,1.90
2011.01.10 13:27:42.353,5.97413,5.97605,1.58,2.31
2011.01.10 13:27:43.019,5.97417,5.97613,1.09,1.57
2011.01.10 13:27:43.145,5.97436,5.97613,2.10,1.50
2011.01.10 13:27:43.482,5.97457,5.97635,1.09,1.20
2011.01.10 13:27:43.633,5.97447,5.97635,1.09,1.20
2011.01.10 13:27:44.174,5.97458,5.97649,1.09,2.14
2011.01.10 13:27:44.290,5.97458,5.97624,1.09,1.44
2011.01.10 13:27:47.117,5.97458,5.9762,1.09,1.01
2011.01.10 13:27:49.089,5.97452,5.9762,1.05,1.01
2011.01.10 13:27:49.538,5.97452,5.97649,1.05,4.69
2011.01.10 13:27:49.655,5.97452,5.97639,1.05,1.20
2011.01.10 13:27:50.453,5.97442,5.97639,1.80,4.69
2011.01.10 13:27:52.020,5.97433,5.97627,1.05,1.02
2011.01.10 13:27:52.645,5.97481,5.97624,1.05,1.28
2011.01.10 13:27:52.770,5.97459,5.97658,1.50,2.35
2011.01.10 13:27:52.995,5.97448,5.97652,1.09,1.75
2011.01.10 13:27:53.112,5.97447,5.97642,3.08,1.89
2011.01.10 13:27:53.657,5.97438,5.97622,1.09,1.16
2011.01.10 13:27:53.771,5.97432,5.97622,1.05,1.16
2011.01.10 13:27:54.686,5.97441,5.97628,1.50,1.05
2011.01.10 13:27:54.806,5.97447,5.97637,1.09,1.23
2011.01.10 13:27:54.919,5.97458,5.97637,1.09,1.23
2011.01.10 13:27:55.028,5.97447,5.97637,1.09,1.23
2011.01.10 13:27:57.889,5.97441,5.9764,2.78,2.43
2011.01.10 13:28:00.180,5.97464,5.97638,2.10,1.50
2011.01.10 13:28:00.290,5.97473,5.97657,1.17,1.86
2011.01.10 13:28:00.400,5.97461,5.97648,1.50,4.13
2011.01.10 13:28:01.108,5.97442,5.97635,1.05,1.65
2011.01.10 13:28:01.225,5.97437,5.97635,1.09,1.65
2011.01.10 13:28:01.451,5.97433,5.97627,1.05,1.24
2011.01.10 13:28:02.191,5.97446,5.97629,2.10,1.44
2011.01.10 13:28:02.304,5.97448,5.9764,1.09,1.92
2011.01.10 13:28:04.979,5.97449,5.97637,3.75,1.24
2011.01.10 13:28:05.092,5.97441,5.9764,2.78,4.54
2011.01.10 13:28:05.319,5.97437,5.97621,1.09,1.24
2011.01.10 13:28:06.903,5.97446,5.97621,2.33,1.24
2011.01.10 13:28:07.239,5.97449,5.97639,4.05,2.14
2011.01.10 13:28:07.348,5.97453,5.97639,1.05,2.14
2011.01.10 13:28:07.459,5.97453,5.97625,1.05,1.53
2011.01.10 13:28:08.871,5.97441,5.97613,1.50,1.20
2011.01.10 13:28:09.428,5.97403,5.97588,4.50,1.05
2011.01.10 13:28:09.547,5.97402,5.9759,1.05,1.33
2011.01.10 13:28:09.879,5.97407,5.97602,1.09,2.14
2011.01.10 13:28:09.989,5.97407,5.97595,1.09,1.62
2011.01.10 13:28:11.190,5.97418,5.97595,2.48,1.62
2011.01.10 13:28:11.840,5.97448,5.97607,1.09,1.28
2011.01.10 13:28:12.309,5.97442,5.97638,1.50,4.58
2011.01.10 13:28:12.425,5.97442,5.97627,1.50,4.24
2011.01.10 13:28:12.650,5.97422,5.97621,1.50,2.00
2011.01.10 13:28:12.980,5.97422,5.97616,1.50,2.39
2011.01.10 13:28:13.522,5.97422,5.97616,1.50,2.35
2011.01.10 13:28:13.644,5.97408,5.97606,3.00,1.17
2011.01.10 13:28:14.559,5.97408,5.97594,3.00,2.46
2011.01.10 13:28:16.417,5.97387,5.97589,1.09,2.79
2011.01.10 13:28:16.537,5.97402,5.97589,1.05,1.39
2011.01.10 13:28:16.651,5.97402,5.97594,1.05,2.26
2011.01.10 13:28:17.232,5.97399,5.97588,1.05,1.17
2011.01.10 13:28:17.896,5.97393,5.97579,1.17,1.72
2011.01.10 13:28:18.230,5.97407,5.97579,1.09,1.08
2011.01.10 13:28:18.942,5.97407,5.97595,1.09,1.36
2011.01.10 13:28:21.248,5.97398,5.97595,1.09,2.22
2011.01.10 13:28:21.469,5.97393,5.97577,1.05,1.22
2011.01.10 13:28:22.244,5.97398,5.97577,1.09,1.22
2011.01.10 13:28:22.670,5.97393,5.97577,1.05,1.22
2011.01.10 13:28:22.959,5.97378,5.97587,1.09,1.17
2011.01.10 13:28:23.181,5.97378,5.97575,1.09,3.25
2011.01.10 13:28:23.793,5.97377,5.97565,1.50,2.29
2011.01.10 13:28:23.909,5.97378,5.97572,1.09,2.40
2011.01.10 13:28:24.800,5.97377,5.97565,1.50,2.67
2011.01.10 13:28:25.031,5.97335,5.97533,4.58,1.81
2011.01.10 13:28:28.229,5.9731,5.97502,10.28,1.18
2011.01.10 13:28:28.340,5.97322,5.97523,1.05,1.32
2011.01.10 13:28:28.571,5.97322,5.97518,1.05,1.19
2011.01.10 13:28:29.264,5.97344,5.97537,2.10,2.14
2011.01.10 13:28:29.381,5.97348,5.97543,2.78,1.13
2011.01.10 13:28:30.183,5.9733,5.97525,1.50,1.88
2011.01.10 13:28:30.304,5.9733,5.97518,1.50,1.12
2011.01.10 13:28:30.991,5.9731,5.97503,4.50,1.32
2011.01.10 13:28:31.105,5.9731,5.97497,4.50,1.02
2011.01.10 13:28:31.221,5.9731,5.97501,4.50,1.81
2011.01.10 13:28:31.342,5.97335,5.97521,10.35,2.14
2011.01.10 13:28:31.873,5.97348,5.97521,1.58,1.50
2011.01.10 13:28:32.224,5.97367,5.97526,1.50,1.09
2011.01.10 13:28:32.752,5.97357,5.97526,3.00,1.09
2011.01.10 13:28:34.064,5.97331,5.97525,2.78,2.22
2011.01.10 13:28:36.179,5.97349,5.97534,1.50,1.37
2011.01.10 13:28:37.193,5.97358,5.97544,6.75,1.38
2011.01.10 13:28:37.310,5.97368,5.97544,1.50,1.38
2011.01.10 13:28:39.059,5.97368,5.97534,1.50,1.62
2011.01.10 13:28:39.610,5.97358,5.9753,3.00,2.02
2011.01.10 13:28:39.735,5.97333,5.9753,1.65,1.65
2011.01.10 13:28:40.532,5.97357,5.97553,3.90,1.32
2011.01.10 13:28:40.649,5.97367,5.9756,1.50,4.58
2011.01.10 13:28:42.307,5.97367,5.9756,1.50,4.54
2011.01.10 13:28:42.962,5.97367,5.9756,1.50,4.24
2011.01.10 13:28:44.338,5.97367,5.97549,1.50,4.17
2011.01.10 13:28:44.670,5.97358,5.9754,3.00,1.42
2011.01.10 13:28:48.074,5.97358,5.9754,6.75,1.83
2011.01.10 13:28:48.684,5.9733,5.97529,1.50,2.19
2011.01.10 13:28:48.859,5.9733,5.97529,2.78,1.81
2011.01.10 13:28:49.302,5.9733,5.97529,1.50,2.19
2011.01.10 13:28:49.661,5.9733,5.97529,1.50,2.37
2011.01.10 13:28:50.452,5.97319,5.97518,1.50,2.37
2011.01.10 13:28:50.570,5.97322,5.9752,1.50,2.37
2011.01.10 13:28:50.679,5.9731,5.97508,4.50,1.17
2011.01.10 13:28:54.564,5.97317,5.97515,1.09,4.54
2011.01.10 13:28:54.686,5.9732,5.9752,1.50,2.00
2011.01.10 13:28:55.211,5.9732,5.97518,1.50,1.79
2011.01.10 13:28:56.977,5.9731,5.975,4.50,2.41
2011.01.10 13:28:57.298,5.9731,5.975,4.50,2.19
2011.01.10 13:28:57.520,5.9731,5.975,4.50,2.00
2011.01.10 13:28:57.739,5.97321,5.97516,1.50,4.17
2011.01.10 13:28:58.252,5.97322,5.9751,4.50,1.02
2011.01.10 13:28:58.650,5.97322,5.9752,4.50,2.19
2011.01.10 13:28:58.760,5.97322,5.97492,4.50,1.20
2011.01.10 13:28:58.869,5.97322,5.97492,4.50,1.20
2011.01.10 13:28:58.980,5.97307,5.97501,3.00,2.19
2011.01.10 13:28:59.504,5.97284,5.97483,1.50,2.19
2011.01.10 13:28:59.627,5.97302,5.97497,1.05,4.62
2011.01.10 13:28:59.741,5.97321,5.97515,10.28,4.65
2011.01.10 13:29:00.360,5.97321,5.97518,4.50,2.19
2011.01.10 13:29:00.477,5.97283,5.97483,1.65,1.81
2011.01.10 13:29:00.839,5.97321,5.97492,3.75,1.32
2011.01.10 13:29:01.353,5.97321,5.97501,4.50,5.75
2011.01.10 13:29:01.749,5.97321,5.97501,4.50,2.19
2011.01.10 13:29:02.080,5.97303,5.97492,1.50,4.35
2011.01.10 13:29:02.560,5.97303,5.97483,1.50,2.19
2011.01.10 13:29:02.678,5.97303,5.97489,1.50,1.38
2011.01.10 13:29:02.899,5.97303,5.97489,1.50,1.95
2011.01.10 13:29:03.010,5.97284,5.97483,1.50,2.37
2011.01.10 13:29:03.595,5.97284,5.97468,1.50,1.02
2011.01.10 13:29:03.933,5.97282,5.97483,1.05,1.37
2011.01.10 13:29:04.591,5.97303,5.97492,1.50,1.20
2011.01.10 13:29:04.961,5.97303,5.97483,1.50,2.19
2011.01.10 13:29:05.089,5.9728,5.97455,1.50,1.81
2011.01.10 13:29:05.202,5.97264,5.97455,4.50,1.81
2011.01.10 13:29:06.118,5.97273,5.97469,1.05,1.80
2011.01.10 13:29:06.234,5.97287,5.97469,4.65,1.58
2011.01.10 13:29:06.352,5.97275,5.97469,1.65,1.88
2011.01.10 13:29:06.469,5.97284,5.97478,1.50,2.29
2011.01.10 13:29:07.392,5.97284,5.97478,1.50,2.29
2011.01.10 13:29:07.517,5.9731,5.97488,4.50,1.02
2011.01.10 13:29:07.632,5.97321,5.97497,1.50,1.16
2011.01.10 13:29:08.151,5.97321,5.97489,1.50,1.99
2011.01.10 13:29:09.329,5.97307,5.97479,3.00,1.02
2011.01.10 13:29:09.864,5.97307,5.97489,3.00,2.18
2011.01.10 13:29:10.101,5.97283,5.97463,1.50,1.20
2011.01.10 13:29:16.892,5.97267,5.97456,3.00,2.19
2011.01.10 13:29:17.792,5.97264,5.97452,4.50,2.10
2011.01.10 13:29:18.064,5.97264,5.97452,4.50,3.15
2011.01.10 13:29:19.379,5.97256,5.97456,1.65,2.04
2011.01.10 13:29:19.490,5.97256,5.97456,1.50,2.19
2011.01.10 13:29:20.230,5.97267,5.97456,3.00,2.19
2011.01.10 13:29:20.925,5.97267,5.97446,3.00,1.98
2011.01.10 13:29:21.927,5.97275,5.97453,1.50,1.20
2011.01.10 13:29:23.740,5.97275,5.97474,1.50,2.37
2011.01.10 13:29:24.261,5.97275,5.97474,1.50,2.37
2011.01.10 13:29:25.151,5.97275,5.97474,1.50,2.37
2011.01.10 13:29:27.210,5.97275,5.97452,1.50,1.20
2011.01.10 13:29:28.426,5.97275,5.97469,1.50,4.35
2011.01.10 13:29:32.013,5.97275,5.97469,1.50,4.54
2011.01.10 13:29:32.138,5.97239,5.97423,1.50,1.20
2011.01.10 13:29:32.250,5.97239,5.97437,1.50,2.41
2011.01.10 13:29:32.360,5.97247,5.97443,4.65,1.50
2011.01.10 13:29:32.580,5.97255,5.97452,1.50,4.54
2011.01.10 13:29:33.239,5.97237,5.97436,1.50,2.19
2011.01.10 13:29:34.052,5.97237,5.97436,1.50,2.19
2011.01.10 13:29:34.542,5.97233,5.97408,1.50,2.19
2011.01.10 13:29:34.667,5.97209,5.97408,1.50,2.37
2011.01.10 13:29:34.784,5.97209,5.97383,1.50,1.20
2011.01.10 13:29:35.341,5.97196,5.97402,4.65,1.20
2011.01.10 13:29:35.459,5.9721,5.97407,1.50,4.35
2011.01.10 13:29:35.572,5.9721,5.97407,1.50,4.35
2011.01.10 13:29:35.693,5.97199,5.9739,4.50,2.00
2011.01.10 13:29:36.239,5.97191,5.9739,1.50,2.37
2011.01.10 13:29:36.491,5.97191,5.9739,1.50,2.19
2011.01.10 13:29:37.093,5.97191,5.9739,1.50,2.37
2011.01.10 13:29:37.718,5.97191,5.9739,1.50,2.37
2011.01.10 13:29:38.824,5.97191,5.97381,1.50,4.35
2011.01.10 13:29:38.939,5.97191,5.97381,1.50,4.35
2011.01.10 13:29:39.050,5.97191,5.97381,1.50,4.17
2011.01.10 13:29:39.169,5.97191,5.97372,1.50,1.20
2011.01.10 13:29:39.769,5.97191,5.97373,1.50,4.35
2011.01.10 13:29:40.108,5.97148,5.97341,1.50,4.35
2011.01.10 13:29:40.698,5.97148,5.97308,1.50,1.50
2011.01.10 13:29:40.812,5.97131,5.97298,4.50,1.50
2011.01.10 13:29:41.348,5.97095,5.97242,1.88,1.20
2011.01.10 13:29:41.475,5.97056,5.97223,1.88,4.54
2011.01.10 13:29:42.036,5.97007,5.97195,1.50,4.54
2011.01.10 13:29:42.161,5.97007,5.97217,1.50,4.35
2011.01.10 13:29:42.696,5.97027,5.97162,3.00,1.20
2011.01.10 13:29:42.819,5.97007,5.97203,1.50,2.32
2011.01.10 13:29:42.930,5.97007,5.97203,1.50,2.32
2011.01.10 13:29:43.588,5.97023,5.97162,1.50,1.20
2011.01.10 13:29:44.507,5.96987,5.97143,3.00,1.20
2011.01.10 13:29:44.949,5.96987,5.97132,3.00,1.20
2011.01.10 13:29:45.489,5.96987,5.97122,3.00,1.20
2011.01.10 13:29:45.842,5.9696,5.97166,1.50,4.54
2011.01.10 13:29:46.508,5.96927,5.97023,3.00,1.20
2011.01.10 13:29:47.181,5.96817,5.97003,2.25,2.48
2011.01.10 13:29:47.297,5.96726,5.96913,1.50,1.20
2011.01.10 13:29:47.411,5.96726,5.96893,1.50,1.20
2011.01.10 13:29:47.855,5.96726,5.96893,1.50,1.20
2011.01.10 13:29:47.981,5.96728,5.96973,3.00,9.98
2011.01.10 13:29:48.094,5.96728,5.96973,3.00,2.48
2011.01.10 13:29:48.552,5.96753,5.96953,1.50,2.48
2011.01.10 13:29:48.671,5.96765,5.96965,1.50,2.37
2011.01.10 13:29:48.779,5.96787,5.96965,1.50,2.19
2011.01.10 13:29:49.605,5.96776,5.96974,1.50,2.19
2011.01.10 13:29:49.708,5.96766,5.96966,1.50,2.37
2011.01.10 13:29:50.268,5.96766,5.96912,1.50,1.20
2011.01.10 13:29:50.489,5.96766,5.96923,1.50,1.20
2011.01.10 13:29:51.051,5.96766,5.96966,1.50,2.19
2011.01.10 13:29:51.151,5.96766,5.96965,1.50,2.19
2011.01.10 13:29:51.826,5.96766,5.96965,1.50,2.19
2011.01.10 13:29:51.946,5.96794,5.96986,1.50,4.35
2011.01.10 13:29:52.063,5.96813,5.96986,1.50,4.35
2011.01.10 13:29:52.185,5.9684,5.97003,1.50,1.95
2011.01.10 13:29:52.733,5.96822,5.9702,1.50,2.19
2011.01.10 13:29:53.180,5.96822,5.9702,1.50,2.19
2011.01.10 13:29:53.732,5.96839,5.97012,4.50,1.20
2011.01.10 13:29:53.962,5.96841,5.9704,1.50,2.19
2011.01.10 13:29:54.669,5.96841,5.9704,1.50,2.19
2011.01.10 13:29:54.783,5.96823,5.97002,1.50,1.20
2011.01.10 13:29:55.010,5.96845,5.97012,4.50,1.20
2011.01.10 13:29:55.338,5.96845,5.9704,4.50,2.19
2011.01.10 13:29:55.982,5.96822,5.9702,4.50,2.19
2011.01.10 13:29:56.103,5.96822,5.9702,4.50,2.19
2011.01.10 13:29:56.334,5.96816,5.96969,3.75,1.39
2011.01.10 13:29:56.867,5.96817,5.96952,3.75,1.20
2011.01.10 13:29:57.545,5.96776,5.96976,1.50,2.19
2011.01.10 13:29:57.770,5.96787,5.96962,2.25,1.20
2011.01.10 13:29:57.879,5.96802,5.96976,1.50,2.19
2011.01.10 13:29:58.396,5.96792,5.96976,2.25,2.19
2011.01.10 13:29:58.536,5.96792,5.96912,1.50,1.20
2011.01.10 13:29:58.653,5.96783,5.96912,1.50,1.20
2011.01.10 13:29:59.184,5.96719,5.96878,4.50,4.35
2011.01.10 13:29:59.298,5.96674,5.9686,3.75,4.35
2011.01.10 13:29:59.870,5.96674,5.9686,3.75,4.35
2011.01.10 13:30:00.579,5.96637,5.96817,1.50,4.35
2011.01.10 13:30:00.703,5.96637,5.96782,1.50,1.20
2011.01.10 13:30:01.269,5.96637,5.9684,1.50,4.35
2011.01.10 13:30:01.384,5.96637,5.96823,1.50,1.20
2011.01.10 13:30:01.504,5.96604,5.96825,4.50,4.35
2011.01.10 13:30:02.061,5.96591,5.96772,1.50,1.20
2011.01.10 13:30:02.181,5.96591,5.96782,1.50,4.35
2011.01.10 13:30:02.688,5.96591,5.96772,1.50,1.20
2011.01.10 13:30:03.496,5.96591,5.96762,1.50,1.20
2011.01.10 13:30:03.797,5.96591,5.96772,1.50,1.20
2011.01.10 13:30:04.590,5.96591,5.968,1.50,4.35
2011.01.10 13:30:04.702,5.96624,5.96831,1.50,4.35
2011.01.10 13:30:05.184,5.96624,5.96831,1.50,4.35
2011.01.10 13:30:05.305,5.96624,5.96822,1.50,1.20
2011.01.10 13:30:06.172,5.96628,5.96839,1.09,4.17
2011.01.10 13:30:06.289,5.96656,5.96839,1.50,4.17
2011.01.10 13:30:06.849,5.96656,5.96839,1.50,1.80
2011.01.10 13:30:07.289,5.96658,5.96867,1.09,1.17
2011.01.10 13:30:07.898,5.96686,5.96877,4.50,1.05
2011.01.10 13:30:08.569,5.96717,5.96887,1.50,4.35
2011.01.10 13:30:08.684,5.96709,5.96883,3.75,2.19
2011.01.10 13:30:09.346,5.96684,5.96862,1.50,1.20
2011.01.10 13:30:09.477,5.967,5.96899,1.50,2.19
2011.01.10 13:30:09.593,5.96722,5.96923,1.05,1.32
2011.01.10 13:30:10.134,5.96756,5.96933,4.50,1.20
2011.01.10 13:30:11.022,5.96765,5.96935,1.50,4.35
2011.01.10 13:30:11.140,5.96765,5.96952,1.50,1.20
2011.01.10 13:30:11.249,5.96765,5.9696,1.50,4.17
2011.01.10 13:30:11.357,5.96765,5.9696,1.58,1.65
2011.01.10 13:30:11.920,5.96809,5.97001,1.50,1.65
2011.01.10 13:30:12.495,5.96809,5.97001,1.50,4.17
2011.01.10 13:30:13.592,5.96809,5.96993,1.50,1.20
2011.01.10 13:30:13.818,5.96814,5.97001,4.50,4.58
2011.01.10 13:30:14.297,5.96814,5.97001,4.50,4.35
2011.01.10 13:30:14.945,5.96814,5.97002,4.50,4.95
2011.01.10 13:30:15.064,5.96837,5.97012,6.75,1.32
2011.01.10 13:30:15.183,5.9684,5.97022,1.50,1.20
2011.01.10 13:30:15.708,5.96823,5.97021,1.50,2.19
2011.01.10 13:30:16.861,5.96823,5.96983,1.50,1.20
2011.01.10 13:30:16.971,5.96816,5.96991,1.50,2.19
2011.01.10 13:30:17.091,5.96812,5.96991,1.50,2.19
2011.01.10 13:30:17.207,5.96812,5.97011,1.50,5.94
2011.01.10 13:30:17.774,5.96812,5.97011,1.50,2.19
2011.01.10 13:30:17.894,5.96803,5.96992,4.50,2.19
2011.01.10 13:30:18.340,5.96803,5.96992,4.50,2.41
2011.01.10 13:30:19.495,5.96812,5.96993,1.50,1.20
2011.01.10 13:30:19.625,5.96802,5.96982,4.50,1.20
2011.01.10 13:30:20.130,5.96813,5.96982,1.50,1.20
2011.01.10 13:30:20.458,5.96756,5.96932,3.75,2.19
2011.01.10 13:30:21.035,5.96755,5.96942,4.50,2.48
2011.01.10 13:30:21.150,5.96767,5.96965,1.50,2.19
2011.01.10 13:30:21.897,5.96787,5.96967,3.08,1.50
2011.01.10 13:30:22.010,5.9681,5.96982,1.50,1.65
2011.01.10 13:30:22.453,5.9681,5.97016,2.78,4.73
2011.01.10 13:30:22.577,5.96841,5.97022,1.50,1.20
2011.01.10 13:30:23.213,5.96821,5.97019,1.50,2.19
2011.01.10 13:30:24.049,5.96821,5.97019,1.50,2.19
2011.01.10 13:30:24.163,5.96821,5.97019,1.50,2.19
2011.01.10 13:30:24.779,5.96815,5.96992,1.50,2.19
2011.01.10 13:30:25.282,5.96803,5.96992,4.50,2.19
2011.01.10 13:30:25.520,5.96802,5.96992,4.50,2.41
2011.01.10 13:30:25.629,5.96802,5.96993,4.50,1.20
2011.01.10 13:30:26.675,5.96812,5.96992,1.50,2.19
2011.01.10 13:30:26.791,5.96793,5.96992,1.50,2.19
2011.01.10 13:30:27.129,5.96793,5.96974,1.50,2.19
2011.01.10 13:30:28.551,5.96775,5.96974,1.50,2.19
2011.01.10 13:30:28.667,5.9676,5.96959,1.50,2.19
2011.01.10 13:30:28.780,5.96746,5.96932,1.50,1.20
2011.01.10 13:30:29.420,5.96766,5.96942,1.50,1.20
2011.01.10 13:30:30.642,5.96747,5.96965,1.50,2.19
2011.01.10 13:30:30.759,5.96747,5.96947,1.50,2.19
2011.01.10 13:30:31.928,5.96747,5.96933,1.50,1.20
2011.01.10 13:30:32.300,5.96767,5.96933,1.50,1.20
2011.01.10 13:30:32.411,5.96794,5.96979,1.50,4.35
2011.01.10 13:30:33.179,5.96794,5.96992,1.50,2.19
2011.01.10 13:30:34.290,5.96775,5.96953,1.50,1.20
2011.01.10 13:30:34.399,5.96775,5.96975,1.50,2.19
2011.01.10 13:30:34.618,5.96775,5.96952,1.50,1.20
2011.01.10 13:30:35.499,5.96775,5.96962,1.50,1.20
2011.01.10 13:30:35.718,5.96775,5.96975,1.50,2.19
2011.01.10 13:30:36.437,5.96775,5.96975,1.50,2.19
2011.01.10 13:30:36.663,5.96798,5.96975,1.50,2.19
2011.01.10 13:30:36.780,5.96813,5.96977,4.50,4.35
2011.01.10 13:30:37.364,5.96813,5.97009,4.50,2.19
2011.01.10 13:30:37.484,5.96794,5.96993,1.50,2.19
2011.01.10 13:30:38.015,5.96775,5.96975,1.50,2.19
2011.01.10 13:30:38.065,5.96775,5.96943,1.50,1.20
2011.01.10 13:30:38.184,5.96775,5.96972,1.50,4.35
2011.01.10 13:30:38.997,5.96775,5.96972,1.50,4.35
2011.01.10 13:30:39.222,5.96775,5.96975,1.50,2.19
2011.01.10 13:30:39.339,5.96775,5.96975,1.50,2.19
2011.01.10 13:30:39.454,5.96775,5.96968,1.50,4.35
2011.01.10 13:30:39.568,5.96747,5.96946,1.50,2.19
2011.01.10 13:30:40.698,5.96747,5.96946,1.50,2.19
2011.01.10 13:30:41.223,5.96766,5.96943,1.50,1.20
2011.01.10 13:30:41.332,5.96748,5.96912,1.50,1.20
2011.01.10 13:30:42.325,5.96748,5.96946,1.50,2.19
2011.01.10 13:30:42.440,5.96748,5.96946,1.50,2.19
2011.01.10 13:30:42.551,5.96748,5.96946,1.58,1.81
2011.01.10 13:30:43.032,5.96767,5.96966,1.50,2.19
2011.01.10 13:30:44.124,5.96789,5.96966,1.69,2.19
2011.01.10 13:30:44.458,5.96809,5.97008,1.50,2.19
2011.01.10 13:30:46.430,5.96809,5.97008,1.50,2.19
2011.01.10 13:30:46.652,5.96809,5.96963,1.50,1.20
2011.01.10 13:30:46.780,5.96809,5.97008,1.50,2.37
2011.01.10 13:30:47.362,5.96809,5.97008,1.50,2.37
2011.01.10 13:30:47.698,5.96813,5.96952,1.50,1.20
2011.01.10 13:30:47.809,5.96813,5.96962,1.50,1.20
2011.01.10 13:30:48.690,5.96813,5.96953,1.50,1.20
2011.01.10 13:30:49.456,5.96792,5.96973,1.50,2.19
2011.01.10 13:30:49.569,5.96792,5.96986,1.50,1.83
2011.01.10 13:30:50.136,5.96792,5.96986,1.50,1.83
2011.01.10 13:30:50.255,5.96792,5.9699,1.50,1.53
2011.01.10 13:30:50.800,5.96792,5.9699,1.50,1.53
2011.01.10 13:30:51.689,5.96776,5.96975,1.50,2.19
2011.01.10 13:30:52.131,5.96793,5.96977,1.50,1.32
2011.01.10 13:30:54.794,5.96793,5.96993,1.50,2.19
2011.01.10 13:30:55.139,5.96784,5.96975,2.25,4.18
2011.01.10 13:30:56.076,5.9678,5.96922,2.25,1.20
2011.01.10 13:30:56.304,5.9678,5.96975,2.25,4.18
2011.01.10 13:30:56.967,5.9678,5.96975,2.25,4.18
2011.01.10 13:30:57.637,5.96775,5.96963,1.50,2.67
2011.01.10 13:30:57.758,5.96732,5.96872,1.50,1.20
2011.01.10 13:30:57.871,5.96732,5.96883,1.50,1.20
2011.01.10 13:30:58.523,5.96747,5.96882,1.50,1.20
2011.01.10 13:30:58.641,5.96747,5.96892,1.50,1.20
2011.01.10 13:30:58.761,5.96747,5.96892,1.50,1.20
2011.01.10 13:30:59.330,5.96747,5.96892,1.50,1.20
2011.01.10 13:30:59.456,5.96748,5.96893,1.50,1.20
2011.01.10 13:30:59.792,5.96748,5.96902,1.50,1.20
2011.01.10 13:31:00.441,5.96748,5.9693,1.50,2.53
2011.01.10 13:31:00.555,5.96748,5.9693,1.50,2.53
2011.01.10 13:31:00.920,5.96748,5.9693,1.50,2.53
2011.01.10 13:31:03.774,5.9673,5.96928,1.50,2.37
2011.01.10 13:31:05.252,5.9673,5.96863,1.50,1.20
2011.01.10 13:31:05.370,5.9673,5.96928,1.50,2.37
2011.01.10 13:31:06.524,5.96707,5.96897,1.50,4.35
2011.01.10 13:31:06.643,5.96707,5.96843,1.50,1.20
2011.01.10 13:31:07.634,5.96707,5.96891,1.50,1.53
2011.01.10 13:31:09.642,5.96707,5.96891,1.50,1.53
2011.01.10 13:31:10.269,5.96707,5.96843,1.50,1.20
2011.01.10 13:31:10.379,5.96707,5.96897,1.50,4.35
2011.01.10 13:31:11.019,5.96767,5.96959,1.50,4.35
2011.01.10 13:31:11.538,5.96767,5.96946,1.50,2.19
2011.01.10 13:31:11.758,5.96766,5.96912,1.50,1.20
2011.01.10 13:31:12.532,5.96766,5.96959,1.50,4.35
2011.01.10 13:31:12.648,5.96766,5.96932,1.50,1.20
2011.01.10 13:31:13.888,5.96821,5.96932,1.50,1.20
2011.01.10 13:31:14.112,5.9679,5.96942,1.50,1.20
2011.01.10 13:31:14.727,5.9679,5.96983,1.50,1.32
2011.01.10 13:31:14.841,5.9679,5.96953,1.50,1.20
2011.01.10 13:31:15.703,5.9678,5.96965,1.50,4.35
2011.01.10 13:31:15.822,5.9678,5.96953,1.50,1.20
2011.01.10 13:31:15.944,5.96807,5.96983,1.50,1.32
2011.01.10 13:31:16.060,5.96807,5.96972,1.50,1.20
2011.01.10 13:31:17.660,5.9679,5.96962,1.50,1.20
2011.01.10 13:31:17.770,5.9679,5.96978,1.50,2.01
2011.01.10 13:31:18.356,5.9679,5.96978,1.50,2.01
2011.01.10 13:31:18.579,5.96762,5.96961,1.50,2.19
2011.01.10 13:31:20.222,5.96762,5.96942,1.50,1.20
2011.01.10 13:31:20.341,5.96762,5.96961,1.50,2.19
2011.01.10 13:31:20.909,5.96762,5.96953,1.50,1.20
2011.01.10 13:31:21.024,5.96778,5.96943,4.50,1.20
2011.01.10 13:31:21.544,5.96782,5.96943,1.50,1.20
2011.01.10 13:31:21.668,5.9679,5.96943,1.50,1.20
2011.01.10 13:31:22.003,5.9679,5.96952,1.50,1.20
2011.01.10 13:31:22.566,5.96809,5.96942,1.50,1.20
2011.01.10 13:31:23.447,5.96827,5.96972,1.50,1.20
2011.01.10 13:31:23.562,5.9681,5.9701,4.50,4.73
2011.01.10 13:31:24.032,5.9681,5.97007,4.50,2.56
2011.01.10 13:31:24.158,5.96808,5.96982,3.75,2.55
2011.01.10 13:31:24.274,5.96808,5.96982,3.75,2.55
2011.01.10 13:31:24.960,5.9679,5.96942,1.50,1.20
2011.01.10 13:31:26.349,5.9679,5.96952,1.50,1.20
2011.01.10 13:31:27.500,5.9679,5.96952,1.50,1.20
2011.01.10 13:31:27.613,5.9679,5.96989,1.50,2.19
2011.01.10 13:31:28.179,5.96825,5.97018,1.50,4.73
2011.01.10 13:31:28.509,5.96825,5.97019,1.50,2.63
2011.01.10 13:31:28.733,5.96791,5.96991,1.50,2.56
2011.01.10 13:31:29.177,5.96807,5.96991,1.50,2.56
2011.01.10 13:31:29.296,5.96807,5.96963,1.50,1.20
2011.01.10 13:31:29.520,5.96807,5.96992,1.50,2.96
2011.01.10 13:31:30.610,5.96826,5.97025,1.50,2.56
2011.01.10 13:31:30.766,5.96826,5.97025,1.50,2.56
2011.01.10 13:31:31.289,5.96826,5.97003,1.50,1.20
2011.01.10 13:31:31.405,5.96826,5.96992,1.50,1.20
2011.01.10 13:31:31.723,5.96826,5.97025,1.50,2.56
2011.01.10 13:31:31.842,5.96826,5.97025,1.50,2.56
2011.01.10 13:31:32.396,5.96857,5.97032,3.08,1.65
2011.01.10 13:31:32.511,5.9687,5.97032,1.50,1.02
2011.01.10 13:31:33.114,5.9684,5.97032,1.50,2.90
2011.01.10 13:31:33.229,5.9684,5.97032,1.50,2.60
2011.01.10 13:31:33.339,5.9684,5.97032,1.50,2.90
2011.01.10 13:31:33.922,5.9682,5.97022,1.50,1.20
2011.01.10 13:31:34.044,5.9682,5.97019,1.50,2.41
2011.01.10 13:31:34.738,5.9682,5.97013,1.50,3.17
2011.01.10 13:31:35.380,5.9682,5.96992,1.50,1.20
2011.01.10 13:31:35.831,5.9682,5.97013,1.50,2.79
2011.01.10 13:31:36.572,5.9682,5.97013,1.50,2.79
2011.01.10 13:31:36.690,5.9682,5.96993,1.50,1.20
2011.01.10 13:31:38.282,5.9682,5.96992,1.50,1.20
2011.01.10 13:31:39.741,5.96804,5.97001,1.50,2.46
2011.01.10 13:31:40.455,5.96774,5.96978,1.50,1.05
2011.01.10 13:31:41.306,5.96774,5.96973,1.50,3.24
2011.01.10 13:31:41.437,5.96723,5.96922,1.50,2.45
2011.01.10 13:31:41.551,5.96723,5.96922,1.50,2.45
2011.01.10 13:31:42.135,5.96723,5.96922,1.50,2.45
2011.01.10 13:31:42.483,5.9666,5.96873,2.25,2.48
2011.01.10 13:31:43.044,5.9667,5.96863,1.50,1.71
2011.01.10 13:31:43.273,5.9667,5.96869,1.50,2.19
2011.01.10 13:31:44.350,5.9667,5.96869,1.50,2.19
2011.01.10 13:31:44.459,5.9667,5.96869,1.50,2.19
2011.01.10 13:31:45.280,5.9667,5.96853,1.50,1.20
2011.01.10 13:31:47.155,5.96651,5.96843,1.50,1.82
2011.01.10 13:31:47.851,5.96651,5.96832,1.50,1.20
2011.01.10 13:31:48.478,5.96651,5.96851,1.50,2.19
2011.01.10 13:31:48.595,5.96632,5.96831,1.50,2.00
2011.01.10 13:31:49.361,5.96632,5.96831,1.50,2.19
2011.01.10 13:31:49.999,5.96616,5.96815,1.50,1.81
2011.01.10 13:31:50.113,5.96603,5.96822,1.65,2.86
2011.01.10 13:31:50.228,5.96603,5.96822,1.65,2.86
2011.01.10 13:31:50.809,5.96604,5.96807,1.58,1.05
2011.01.10 13:31:51.209,5.96604,5.96802,1.50,2.19
2011.01.10 13:31:51.875,5.96587,5.96783,1.50,1.04
2011.01.10 13:31:51.990,5.96587,5.96783,1.50,1.14
2011.01.10 13:31:52.661,5.96587,5.96752,1.50,1.89
2011.01.10 13:31:52.782,5.96564,5.96762,1.50,4.68
2011.01.10 13:31:53.529,5.96574,5.96762,1.50,1.09
2011.01.10 13:31:53.650,5.96554,5.96753,1.50,2.56
2011.01.10 13:31:53.772,5.96574,5.96759,1.50,2.89
2011.01.10 13:31:54.310,5.96558,5.96759,4.50,2.63
2011.01.10 13:31:54.426,5.96574,5.96759,1.50,2.25
2011.01.10 13:31:54.871,5.96554,5.96757,1.65,1.32
2011.01.10 13:31:55.433,5.96554,5.96754,1.65,2.41
2011.01.10 13:31:55.798,5.96554,5.96754,1.58,2.56
2011.01.10 13:31:56.099,5.96554,5.96754,1.50,2.56
2011.01.10 13:31:56.321,5.96554,5.96749,1.50,1.20
2011.01.10 13:31:57.006,5.96555,5.96754,1.50,2.56
2011.01.10 13:31:57.803,5.96555,5.96742,1.50,1.20
2011.01.10 13:31:58.425,5.96555,5.96754,1.50,2.56
2011.01.10 13:31:58.794,5.96555,5.96754,1.50,2.56
2011.01.10 13:31:59.319,5.96552,5.96751,1.50,2.56
2011.01.10 13:31:59.439,5.96552,5.96732,1.50,1.05
2011.01.10 13:32:01.030,5.96562,5.96738,1.50,1.47
2011.01.10 13:32:01.586,5.96602,5.96771,4.50,1.98
2011.01.10 13:32:02.515,5.96629,5.96775,2.29,1.02
2011.01.10 13:32:02.926,5.96629,5.96775,1.05,1.02
2011.01.10 13:32:03.525,5.96618,5.96775,1.09,1.02
2011.01.10 13:32:05.243,5.96602,5.96804,1.05,2.04
2011.01.10 13:32:05.733,5.96602,5.96803,1.05,1.32
2011.01.10 13:32:05.858,5.96602,5.9677,1.05,1.02
2011.01.10 13:32:06.168,5.96603,5.9677,1.17,1.02
2011.01.10 13:32:06.633,5.96608,5.9677,1.09,1.02
2011.01.10 13:32:06.759,5.96618,5.96781,1.09,1.25
2011.01.10 13:32:07.140,5.96631,5.96781,1.05,1.25
2011.01.10 13:32:07.735,5.96646,5.96781,2.48,1.25
2011.01.10 13:32:07.852,5.96646,5.96823,2.48,1.53
2011.01.10 13:32:08.440,5.96667,5.96864,1.09,2.22
2011.01.10 13:32:08.567,5.96667,5.96836,1.09,1.87
2011.01.10 13:32:08.749,5.96657,5.96836,1.09,1.87
2011.01.10 13:32:09.511,5.96648,5.9683,1.09,1.57
2011.01.10 13:32:09.638,5.96673,5.96836,1.05,1.87
2011.01.10 13:32:09.752,5.96663,5.96849,1.65,1.88
2011.01.10 13:32:09.870,5.96675,5.96849,1.50,1.88
2011.01.10 13:32:10.618,5.96675,5.96875,1.50,2.04
2011.01.10 13:32:10.745,5.96675,5.96858,1.50,2.35
2011.01.10 13:32:11.084,5.96698,5.96898,1.09,2.67
2011.01.10 13:32:11.654,5.96713,5.96894,1.05,1.34
2011.01.10 13:32:12.750,5.96703,5.96902,1.05,1.32
2011.01.10 13:32:12.859,5.96713,5.96897,1.05,2.14
2011.01.10 13:32:12.968,5.96717,5.96897,1.20,2.14
2011.01.10 13:32:13.530,5.96717,5.96881,1.20,1.05
2011.01.10 13:32:14.694,5.96702,5.96881,1.17,1.05
2011.01.10 13:32:16.420,5.96695,5.96881,1.65,1.69
2011.01.10 13:32:17.040,5.96675,5.96875,1.58,2.07
2011.01.10 13:32:17.370,5.96698,5.96881,1.09,1.05
2011.01.10 13:32:17.480,5.96694,5.96878,1.50,1.05
2011.01.10 13:32:18.062,5.96675,5.96875,1.58,2.07
2011.01.10 13:32:18.683,5.96675,5.96872,1.58,1.01
2011.01.10 13:32:19.990,5.96703,5.96882,1.17,1.80
2011.01.10 13:32:20.099,5.96703,5.9688,1.17,1.21
2011.01.10 13:32:24.782,5.96713,5.9688,1.17,1.21
2011.01.10 13:32:27.721,5.96712,5.9688,1.05,1.21
2011.01.10 13:32:28.535,5.96723,5.96907,1.50,1.64
2011.01.10 13:32:29.127,5.96723,5.96902,1.50,2.56
2011.01.10 13:32:29.799,5.96704,5.96883,1.50,2.19
2011.01.10 13:32:29.910,5.96703,5.96896,1.50,3.21
2011.01.10 13:32:30.241,5.96703,5.96896,1.58,2.72
2011.01.10 13:32:31.109,5.96703,5.96896,1.65,1.20
2011.01.10 13:32:31.550,5.96718,5.96896,1.50,1.05
2011.01.10 13:32:32.790,5.96718,5.96914,1.50,2.52
2011.01.10 13:32:33.364,5.9673,5.96918,1.50,1.35
2011.01.10 13:32:33.920,5.9673,5.96914,1.50,2.52
2011.01.10 13:32:34.381,5.9673,5.96914,1.50,2.67
2011.01.10 13:32:34.505,5.9673,5.96918,1.50,1.09
2011.01.10 13:32:34.622,5.9673,5.96914,1.50,2.18
2011.01.10 13:32:35.381,5.9673,5.96916,1.50,2.06
2011.01.10 13:32:35.493,5.9673,5.96916,1.50,1.57
2011.01.10 13:32:35.950,5.9673,5.96916,1.50,2.06
2011.01.10 13:32:36.170,5.9673,5.96916,1.50,1.57
2011.01.10 13:32:41.278,5.9673,5.96916,1.69,1.57
2011.01.10 13:32:41.391,5.96753,5.96915,1.69,1.17
2011.01.10 13:32:42.061,5.96771,5.96945,3.75,2.19
2011.01.10 13:32:42.176,5.96748,5.96945,10.28,1.41
2011.01.10 13:32:42.292,5.96748,5.96943,4.50,2.12
2011.01.10 13:32:42.442,5.96748,5.96945,10.47,2.36
2011.01.10 13:32:42.996,5.96748,5.96943,4.65,2.19
2011.01.10 13:32:44.035,5.96749,5.96943,4.50,2.34
2011.01.10 13:32:44.169,5.96712,5.96901,1.05,1.12
2011.01.10 13:32:46.143,5.96718,5.96898,1.50,1.13
2011.01.10 13:32:46.492,5.96728,5.96908,3.00,1.44
2011.01.10 13:32:46.724,5.96737,5.96922,1.50,1.09
2011.01.10 13:32:47.344,5.96728,5.96917,3.00,2.00
2011.01.10 13:32:47.859,5.96728,5.96912,3.00,3.22
2011.01.10 13:32:48.558,5.96728,5.96907,3.00,1.17
2011.01.10 13:32:48.685,5.96702,5.96897,2.78,1.08
2011.01.10 13:32:51.266,5.96702,5.96893,2.78,1.13
2011.01.10 13:32:53.140,5.96723,5.96893,1.05,1.05
2011.01.10 13:32:53.250,5.96718,5.96923,1.09,2.10
2011.01.10 13:32:53.360,5.96735,5.96913,1.50,1.09
2011.01.10 13:32:56.161,5.96737,5.96913,1.50,2.64
2011.01.10 13:32:57.108,5.96728,5.96913,3.00,1.17
2011.01.10 13:32:57.220,5.96728,5.96913,3.00,1.17
2011.01.10 13:32:57.772,5.96736,5.96913,1.50,1.24
2011.01.10 13:33:03.057,5.96736,5.96913,1.50,2.97
2011.01.10 13:33:06.032,5.96738,5.96913,1.09,1.02
2011.01.10 13:33:07.275,5.96778,5.96924,1.20,1.71
2011.01.10 13:33:07.398,5.96788,5.96959,1.09,1.31
2011.01.10 13:33:07.513,5.96803,5.96959,1.05,1.31
2011.01.10 13:33:08.911,5.96802,5.96959,1.05,1.31
2011.01.10 13:33:10.260,5.96803,5.96959,2.70,1.31
2011.01.10 13:33:10.710,5.96802,5.96959,1.05,1.31
2011.01.10 13:33:11.901,5.96803,5.96959,2.29,1.31
2011.01.10 13:33:12.232,5.96828,5.97005,1.09,2.25
2011.01.10 13:33:12.669,5.96828,5.97015,1.09,1.50
2011.01.10 13:33:12.785,5.96848,5.97015,2.48,1.80
2011.01.10 13:33:12.900,5.96847,5.97015,1.09,1.80
2011.01.10 13:33:13.010,5.96837,5.97015,1.09,1.80
2011.01.10 13:33:13.765,5.96847,5.97015,1.09,1.80
2011.01.10 13:33:14.420,5.96842,5.97015,1.05,1.80
2011.01.10 13:33:14.997,5.96843,5.97015,1.17,1.80
2011.01.10 13:33:15.689,5.96857,5.97015,1.20,1.80
2011.01.10 13:33:16.234,5.96852,5.97043,1.05,1.32
2011.01.10 13:33:16.460,5.96847,5.97048,1.09,2.29
2011.01.10 13:33:16.571,5.96842,5.97047,2.78,1.17
2011.01.10 13:33:17.249,5.96842,5.97033,1.80,1.01
2011.01.10 13:33:17.373,5.96818,5.97004,3.00,2.81
2011.01.10 13:33:18.382,5.96818,5.97004,3.08,1.02
2011.01.10 13:33:18.501,5.96828,5.97008,1.73,1.59
2011.01.10 13:33:19.189,5.96828,5.97001,1.58,1.08
2011.01.10 13:33:19.306,5.96822,5.97001,1.05,1.08
2011.01.10 13:33:19.577,5.96822,5.97001,1.17,1.08
2011.01.10 13:33:20.275,5.96842,5.97017,1.05,1.32
2011.01.10 13:33:20.396,5.96851,5.97017,1.05,1.32
2011.01.10 13:33:20.509,5.96851,5.97028,1.05,1.50
2011.01.10 13:33:20.741,5.96851,5.97028,2.29,1.50
2011.01.10 13:33:21.191,5.9686,5.97034,2.29,1.95
2011.01.10 13:33:21.834,5.96862,5.97034,1.05,1.95
2011.01.10 13:33:23.385,5.96838,5.97018,1.50,4.54
2011.01.10 13:33:23.492,5.96797,5.9699,1.09,1.59
2011.01.10 13:33:23.720,5.96808,5.9699,1.09,1.59
2011.01.10 13:33:24.365,5.96792,5.96988,1.65,1.10
2011.01.10 13:33:24.479,5.96792,5.96988,1.50,2.66
2011.01.10 13:33:25.603,5.96792,5.96988,1.50,2.96
2011.01.10 13:33:26.232,5.96792,5.96988,1.50,2.66
2011.01.10 13:33:26.458,5.96792,5.96985,1.50,1.80
2011.01.10 13:33:27.012,5.96792,5.96985,1.50,4.35
2011.01.10 13:33:27.351,5.96782,5.96962,1.05,1.68
2011.01.10 13:33:29.375,5.96767,5.96965,1.09,2.22
2011.01.10 13:33:29.493,5.96768,5.96947,2.29,1.92
2011.01.10 13:33:30.275,5.96787,5.96964,2.10,1.58
2011.01.10 13:33:30.610,5.96803,5.96974,1.05,2.10
2011.01.10 13:33:31.255,5.96806,5.96975,2.10,1.45
2011.01.10 13:33:31.370,5.96802,5.96975,1.05,1.45
2011.01.10 13:33:31.914,5.96806,5.96975,2.10,1.45
2011.01.10 13:33:32.022,5.96806,5.96975,2.48,1.45
2011.01.10 13:33:33.542,5.96827,5.96975,1.20,1.45
2011.01.10 13:33:33.662,5.96826,5.9699,2.48,1.39
2011.01.10 13:33:34.356,5.96817,5.97008,2.25,1.17
2011.01.10 13:33:34.473,5.96797,5.96996,1.09,4.62
2011.01.10 13:33:35.237,5.96832,5.97002,1.05,2.35
2011.01.10 13:33:35.680,5.96832,5.96989,1.05,1.11
2011.01.10 13:33:36.244,5.96832,5.96989,1.80,1.11
2011.01.10 13:33:36.917,5.96897,5.97054,2.48,1.68
2011.01.10 13:33:38.836,5.96875,5.97061,1.58,1.45
2011.01.10 13:33:40.984,5.96898,5.97063,1.09,2.31
2011.01.10 13:33:41.529,5.96897,5.97071,1.09,1.14
2011.01.10 13:33:43.175,5.96888,5.97066,1.09,1.02
2011.01.10 13:33:44.364,5.96888,5.97074,1.09,2.14
2011.01.10 13:33:44.479,5.96888,5.97067,1.09,1.08
2011.01.10 13:33:44.813,5.96899,5.97067,2.70,1.08
2011.01.10 13:33:44.932,5.96897,5.97067,1.09,1.08
2011.01.10 13:33:45.495,5.96888,5.97067,1.09,1.08
2011.01.10 13:33:46.149,5.96899,5.97067,2.29,1.08
2011.01.10 13:33:47.141,5.96899,5.97096,2.70,2.14
2011.01.10 13:33:47.253,5.96899,5.97065,2.70,1.22
2011.01.10 13:33:47.772,5.96898,5.97065,1.09,1.22
2011.01.10 13:33:48.464,5.9691,5.97145,9.98,2.14
2011.01.10 13:33:48.579,5.96915,5.97145,2.48,1.50
2011.01.10 13:33:48.799,5.96924,5.9715,9.98,2.14
2011.01.10 13:33:50.041,5.96915,5.97151,2.48,2.14
2011.01.10 13:33:50.619,5.96935,5.97153,2.48,2.14
2011.01.10 13:33:51.049,5.96968,5.97153,1.20,2.14
2011.01.10 13:33:51.160,5.96968,5.97153,1.20,2.14
2011.01.10 13:33:52.040,5.96997,5.97153,1.20,2.89
2011.01.10 13:33:52.261,5.9697,5.97174,2.48,2.14
2011.01.10 13:33:52.855,5.9697,5.97163,2.48,1.50
2011.01.10 13:33:52.970,5.9697,5.97163,2.48,1.50
2011.01.10 13:33:53.091,5.9697,5.97163,2.48,1.50
2011.01.10 13:33:53.604,5.9697,5.97163,2.48,1.50
2011.01.10 13:33:53.943,5.9697,5.97163,2.48,1.50
2011.01.10 13:33:54.689,5.96997,5.97163,1.20,1.50
2011.01.10 13:33:55.869,5.96998,5.97174,1.20,2.14
2011.01.10 13:33:55.980,5.96998,5.97158,1.20,1.50
2011.01.10 13:33:56.512,5.96998,5.97158,1.20,2.14
2011.01.10 13:33:57.021,5.9697,5.97145,2.29,1.50
2011.01.10 13:33:57.844,5.9697,5.97145,2.29,1.50
2011.01.10 13:33:57.961,5.9697,5.97133,2.29,1.50
2011.01.10 13:33:58.190,5.96958,5.97133,1.20,2.14
2011.01.10 13:33:58.770,5.96967,5.97133,1.20,2.14
2011.01.10 13:33:59.324,5.96973,5.97143,2.48,1.50
2011.01.10 13:34:02.067,5.96973,5.97143,2.10,1.50
2011.01.10 13:34:02.292,5.96988,5.97143,1.20,1.50
2011.01.10 13:34:02.888,5.96998,5.9716,1.20,1.50
2011.01.10 13:34:03.115,5.96973,5.97149,2.48,2.14
2011.01.10 13:34:03.231,5.96973,5.97157,2.70,2.14
2011.01.10 13:34:03.742,5.96973,5.97139,2.70,1.50
2011.01.10 13:34:04.114,5.96977,5.97139,1.20,1.50
2011.01.10 13:34:04.340,5.96973,5.97148,2.33,2.14
2011.01.10 13:34:05.099,5.96973,5.97148,2.48,2.14
2011.01.10 13:34:05.378,5.96973,5.97148,2.29,2.14
2011.01.10 13:34:05.781,5.96973,5.97148,2.48,2.14
2011.01.10 13:34:08.137,5.96998,5.97148,1.20,2.14
2011.01.10 13:34:08.749,5.96973,5.97159,2.48,2.14
2011.01.10 13:34:08.865,5.96978,5.97146,1.20,1.50
2011.01.10 13:34:09.338,5.96988,5.97146,1.20,1.50
2011.01.10 13:34:10.060,5.9699,5.97163,2.48,1.50
2011.01.10 13:34:10.442,5.9699,5.97163,2.48,1.50
2011.01.10 13:34:11.104,5.9699,5.97163,2.48,1.50
2011.01.10 13:34:11.758,5.96955,5.97147,2.48,2.14
2011.01.10 13:34:12.004,5.96955,5.97147,2.48,2.14
2011.01.10 13:34:13.008,5.96955,5.97147,2.48,2.14
2011.01.10 13:34:13.123,5.96957,5.97147,1.20,2.14
2011.01.10 13:34:13.241,5.96967,5.97147,1.20,2.14
2011.01.10 13:34:13.552,5.96955,5.97147,2.48,2.14
2011.01.10 13:34:13.767,5.96968,5.97147,1.20,2.14
2011.01.10 13:34:14.445,5.96955,5.97147,2.48,2.14
2011.01.10 13:34:14.802,5.96955,5.97147,2.48,2.14
2011.01.10 13:34:15.141,5.96957,5.97153,9.98,2.14
2011.01.10 13:34:15.580,5.96987,5.97153,1.09,1.50
2011.01.10 13:34:15.703,5.96973,5.97153,2.48,2.14
2011.01.10 13:34:15.930,5.96973,5.97153,2.33,2.14
2011.01.10 13:34:16.872,5.96978,5.97153,1.20,2.14
2011.01.10 13:34:17.636,5.96977,5.97151,1.20,2.14
2011.01.10 13:34:18.249,5.96973,5.97151,2.10,2.14
2011.01.10 13:34:18.700,5.96973,5.97151,2.48,2.14
2011.01.10 13:34:19.071,5.9698,5.97167,9.98,2.14
2011.01.10 13:34:19.640,5.9699,5.97177,2.48,2.14
2011.01.10 13:34:20.633,5.9699,5.97177,2.48,2.14
2011.01.10 13:34:21.372,5.97018,5.97177,1.20,2.14
2011.01.10 13:34:21.842,5.9699,5.97177,2.48,2.14
2011.01.10 13:34:22.183,5.97002,5.97189,9.98,1.39
2011.01.10 13:34:22.689,5.97018,5.97193,2.48,1.39
2011.01.10 13:34:22.808,5.97027,5.97201,1.20,2.14
2011.01.10 13:34:22.924,5.97037,5.97201,1.20,2.14
2011.01.10 13:34:23.592,5.97057,5.97201,1.20,1.50
2011.01.10 13:34:24.298,5.97105,5.97332,2.48,2.14
2011.01.10 13:34:24.534,5.9709,5.9732,2.48,2.14
2011.01.10 13:34:25.078,5.97072,5.97303,2.48,2.14
2011.01.10 13:34:25.203,5.97072,5.97303,2.48,2.14
2011.01.10 13:34:25.451,5.9711,5.9729,2.48,1.39
2011.01.10 13:34:27.264,5.97128,5.97302,1.20,2.14
2011.01.10 13:34:27.930,5.97118,5.97302,1.20,2.14
2011.01.10 13:34:28.039,5.97118,5.97282,1.20,2.14
2011.01.10 13:34:28.802,5.97137,5.9731,1.20,2.89
2011.01.10 13:34:29.826,5.97128,5.97296,2.48,1.50
2011.01.10 13:34:30.388,5.97128,5.97324,2.48,2.14
2011.01.10 13:34:30.499,5.97137,5.97317,2.48,2.14
2011.01.10 13:34:30.613,5.97137,5.97314,2.48,1.39
2011.01.10 13:34:31.287,5.97111,5.97309,2.48,1.39
2011.01.10 13:34:31.408,5.97098,5.9726,3.00,4.24
2011.01.10 13:34:31.522,5.97094,5.97242,3.75,1.08
2011.01.10 13:34:32.079,5.97094,5.97203,3.75,4.83
2011.01.10 13:34:32.200,5.96962,5.97117,2.48,1.50
2011.01.10 13:34:32.313,5.96985,5.97144,2.48,1.50
2011.01.10 13:34:32.885,5.96998,5.97157,1.20,1.50
2011.01.10 13:34:33.000,5.96985,5.97157,2.48,1.50
2011.01.10 13:34:33.660,5.97,5.97193,2.29,2.14
2011.01.10 13:34:33.773,5.97,5.97206,2.48,2.14
2011.01.10 13:34:34.318,5.97,5.97206,2.48,2.14
2011.01.10 13:34:34.439,5.96995,5.97191,2.48,2.14
2011.01.10 13:34:34.553,5.96995,5.97178,2.33,2.14
2011.01.10 13:34:34.671,5.96995,5.97178,2.48,2.14
2011.01.10 13:34:35.217,5.97028,5.97203,1.05,2.14
2011.01.10 13:34:35.332,5.97028,5.97203,2.29,2.14
2011.01.10 13:34:35.451,5.97023,5.97203,1.17,2.14
2011.01.10 13:34:36.074,5.97022,5.97211,1.05,2.14
2011.01.10 13:34:36.201,5.97017,5.97177,1.20,2.14
2011.01.10 13:34:36.312,5.97007,5.97177,1.20,2.14
2011.01.10 13:34:36.843,5.96995,5.97187,2.48,2.14
2011.01.10 13:34:37.638,5.97017,5.97187,1.20,2.14
2011.01.10 13:34:38.299,5.97058,5.97221,1.20,2.14
2011.01.10 13:34:38.452,5.97041,5.97221,2.48,2.14
2011.01.10 13:34:39.066,5.97117,5.9723,1.20,1.50
2011.01.10 13:34:39.188,5.97087,5.97274,2.48,2.14
2011.01.10 13:34:39.412,5.97087,5.97274,2.48,2.14
2011.01.10 13:34:39.877,5.97075,5.97269,9.98,1.39
2011.01.10 13:34:40.000,5.97098,5.9725,1.20,2.14
2011.01.10 13:34:40.123,5.97088,5.9725,1.20,2.14
2011.01.10 13:34:40.239,5.9707,5.9725,2.48,2.14
2011.01.10 13:34:40.571,5.9707,5.9725,2.48,2.14
2011.01.10 13:34:41.128,5.97118,5.9729,1.20,1.50
2011.01.10 13:34:41.242,5.97102,5.97282,1.17,1.50
2011.01.10 13:34:41.362,5.97088,5.97272,1.20,1.39
2011.01.10 13:34:41.808,5.97074,5.97272,2.10,1.47
2011.01.10 13:34:41.939,5.97022,5.97226,1.17,1.47
2011.01.10 13:34:42.595,5.97022,5.97197,1.17,1.50
2011.01.10 13:34:43.593,5.97022,5.9719,1.17,1.50
2011.01.10 13:34:43.716,5.97007,5.9719,1.09,1.50
2011.01.10 13:34:43.835,5.97018,5.97182,1.09,1.50
2011.01.10 13:34:44.577,5.96996,5.97176,2.48,2.14
2011.01.10 13:34:44.703,5.96997,5.97176,1.20,2.14
2011.01.10 13:34:46.194,5.97017,5.97176,1.20,2.14
2011.01.10 13:34:49.108,5.97079,5.97214,3.75,1.39
2011.01.10 13:34:49.439,5.97032,5.97185,2.48,1.50
2011.01.10 13:34:50.293,5.97022,5.97207,2.48,2.14
2011.01.10 13:34:50.403,5.97049,5.9722,2.48,1.50
2011.01.10 13:34:51.095,5.97088,5.9722,1.20,1.50
2011.01.10 13:34:51.724,5.97087,5.9722,1.20,1.50
2011.01.10 13:34:53.096,5.97049,5.9722,2.48,1.50
2011.01.10 13:34:53.211,5.97096,5.97265,2.48,1.50
2011.01.10 13:34:53.320,5.97096,5.97265,2.48,1.50
2011.01.10 13:34:53.841,5.97096,5.97265,2.48,1.50
2011.01.10 13:34:53.950,5.97076,5.97257,2.48,2.14
2011.01.10 13:34:54.060,5.97076,5.97248,2.48,1.50
2011.01.10 13:34:54.396,5.97087,5.97248,1.20,1.50
2011.01.10 13:34:54.515,5.97108,5.97248,1.20,1.50
2011.01.10 13:34:54.987,5.97108,5.97236,1.20,1.50
2011.01.10 13:34:55.105,5.97108,5.97245,1.20,1.50
2011.01.10 13:34:55.220,5.97076,5.97245,2.48,1.50
2011.01.10 13:34:56.295,5.97108,5.97245,1.20,1.54
2011.01.10 13:34:56.412,5.97076,5.97245,2.48,1.54
2011.01.10 13:34:56.532,5.97063,5.97245,1.05,1.54
2011.01.10 13:34:57.762,5.97037,5.97233,1.20,1.39
2011.01.10 13:34:57.874,5.97048,5.97191,1.20,1.50
2011.01.10 13:34:58.905,5.97034,5.97191,2.48,1.50
2011.01.10 13:34:59.022,5.97034,5.97191,2.33,1.50
2011.01.10 13:34:59.142,5.97034,5.97191,2.48,1.50
2011.01.10 13:34:59.369,5.97034,5.97183,2.10,1.50
2011.01.10 13:35:00.012,5.97034,5.97174,2.10,1.50
2011.01.10 13:35:00.352,5.97003,5.97174,2.48,1.54
2011.01.10 13:35:00.474,5.97003,5.97174,2.48,1.54
2011.01.10 13:35:01.237,5.97038,5.9718,1.20,2.10
2011.01.10 13:35:01.930,5.97047,5.97172,1.20,1.54
2011.01.10 13:35:02.271,5.97049,5.972,2.48,1.28
2011.01.10 13:35:02.947,5.97047,5.9719,1.20,1.17
2011.01.10 13:35:03.163,5.9703,5.9719,2.48,1.17
2011.01.10 13:35:03.757,5.97048,5.9719,1.20,1.17
2011.01.10 13:35:04.199,5.97038,5.9719,1.20,1.17
2011.01.10 13:35:04.320,5.97038,5.97186,1.20,1.56
2011.01.10 13:35:04.914,5.9703,5.97186,2.48,1.56
2011.01.10 13:35:05.274,5.97067,5.97186,1.20,1.56
2011.01.10 13:35:05.944,5.97066,5.97186,2.48,1.56
2011.01.10 13:35:06.069,5.97118,5.9725,1.20,2.14
2011.01.10 13:35:06.183,5.97077,5.9725,1.20,2.14
2011.01.10 13:35:06.305,5.97057,5.9724,1.09,2.25
2011.01.10 13:35:06.801,5.97033,5.97209,2.10,1.42
2011.01.10 13:35:07.172,5.97018,5.97198,1.09,1.50
2011.01.10 13:35:07.915,5.97018,5.97198,1.09,4.59
2011.01.10 13:35:08.294,5.96997,5.97182,1.09,1.50
2011.01.10 13:35:08.833,5.96987,5.97182,2.48,2.14
2011.01.10 13:35:08.957,5.96967,5.97161,1.09,1.34
2011.01.10 13:35:09.632,5.96978,5.97156,1.09,4.38
2011.01.10 13:35:09.756,5.96967,5.97156,1.09,2.00
2011.01.10 13:35:10.716,5.96975,5.9715,2.33,2.37
2011.01.10 13:35:12.840,5.96967,5.97113,2.48,1.11
2011.01.10 13:35:13.172,5.96967,5.97144,1.20,4.59
2011.01.10 13:35:13.817,5.96958,5.97129,1.20,1.54
2011.01.10 13:35:13.936,5.96972,5.97136,1.05,1.88
2011.01.10 13:35:14.054,5.96963,5.97136,1.05,1.88
2011.01.10 13:35:14.170,5.96959,5.97128,1.05,1.54
2011.01.10 13:35:14.390,5.96959,5.97128,2.70,1.54
2011.01.10 13:35:15.375,5.96959,5.97114,2.29,1.48
2011.01.10 13:35:17.000,5.96959,5.9714,2.48,2.14
2011.01.10 13:35:17.112,5.96988,5.9714,1.20,1.88
2011.01.10 13:35:17.760,5.97007,5.9714,1.20,1.88
2011.01.10 13:35:17.889,5.97008,5.97159,1.20,1.24
2011.01.10 13:35:18.109,5.97003,5.97159,2.33,1.24
2011.01.10 13:35:18.614,5.97003,5.97159,2.48,1.24
2011.01.10 13:35:19.159,5.97003,5.97159,2.33,1.24
2011.01.10 13:35:19.275,5.97003,5.97159,2.48,1.24
2011.01.10 13:35:20.248,5.97012,5.97168,1.17,1.04
2011.01.10 13:35:21.488,5.97001,5.97166,2.48,4.41
2011.01.10 13:35:21.822,5.97001,5.97166,2.48,4.41
2011.01.10 13:35:22.828,5.96998,5.97167,2.97,1.22
2011.01.10 13:35:22.946,5.96985,5.97176,2.48,2.14
2011.01.10 13:35:23.065,5.96985,5.97164,2.10,2.14
2011.01.10 13:35:23.182,5.96988,5.97145,1.20,1.31
2011.01.10 13:35:23.728,5.97007,5.97145,1.20,1.31
2011.01.10 13:35:23.840,5.97007,5.97166,1.20,2.28
2011.01.10 13:35:24.735,5.97002,5.97166,2.48,2.28
2011.01.10 13:35:24.852,5.97021,5.97165,2.48,1.22
2011.01.10 13:35:25.252,5.97021,5.97165,2.70,1.22
2011.01.10 13:35:26.073,5.96948,5.97133,1.88,1.98
2011.01.10 13:35:26.194,5.96948,5.97133,2.03,1.61
2011.01.10 13:35:26.748,5.96933,5.97113,1.05,1.54
2011.01.10 13:35:26.865,5.96919,5.97098,2.78,1.50
2011.01.10 13:35:27.616,5.96877,5.97083,1.09,1.13
2011.01.10 13:35:27.731,5.96877,5.97066,1.09,1.24
2011.01.10 13:35:28.505,5.96888,5.97066,1.09,1.24
2011.01.10 13:35:28.661,5.96878,5.97066,1.09,1.24
2011.01.10 13:35:29.618,5.96927,5.97045,1.20,1.27
2011.01.10 13:35:29.761,5.96908,5.97045,3.08,1.27
2011.01.10 13:35:30.470,5.96908,5.97045,2.48,1.27
2011.01.10 13:35:30.692,5.96908,5.97068,2.48,1.56
2011.01.10 13:35:30.813,5.96885,5.97068,1.58,1.82
2011.01.10 13:35:30.933,5.96877,5.97057,1.09,1.42
2011.01.10 13:35:31.477,5.96852,5.97053,1.05,14.44
2011.01.10 13:35:31.591,5.96862,5.97034,1.05,1.12
2011.01.10 13:35:32.060,5.96846,5.97024,2.10,1.14
2011.01.10 13:35:32.172,5.96846,5.97024,2.48,1.14
2011.01.10 13:35:32.512,5.96846,5.97024,2.48,1.14
2011.01.10 13:35:33.051,5.96846,5.97024,2.48,1.14
2011.01.10 13:35:33.275,5.96882,5.97057,2.48,1.39
2011.01.10 13:35:33.391,5.96882,5.97015,2.48,1.38
2011.01.10 13:35:34.121,5.96848,5.97046,2.48,1.39
2011.01.10 13:35:34.229,5.96848,5.97013,2.48,1.17
2011.01.10 13:35:35.374,5.96848,5.97013,2.48,1.17
2011.01.10 13:35:36.592,5.96848,5.97013,2.48,1.17
2011.01.10 13:35:38.156,5.96877,5.97013,1.20,1.17
2011.01.10 13:35:38.777,5.96902,5.97013,1.05,1.17
2011.01.10 13:35:39.011,5.96925,5.97053,3.75,1.27
2011.01.10 13:35:39.232,5.96925,5.971,3.75,1.39
2011.01.10 13:35:40.356,5.96925,5.97053,3.75,1.27
2011.01.10 13:35:40.735,5.96925,5.97053,3.83,1.27
2011.01.10 13:35:41.086,5.96925,5.97053,9.60,1.27
2011.01.10 13:35:41.984,5.96925,5.97053,9.98,1.27
2011.01.10 13:35:45.339,5.96925,5.97053,3.75,1.27
2011.01.10 13:35:45.856,5.96902,5.97119,3.90,1.39
2011.01.10 13:35:47.058,5.9692,5.97099,1.50,2.21
2011.01.10 13:35:47.174,5.9692,5.97141,1.50,1.39
2011.01.10 13:35:47.294,5.96926,5.97112,4.69,1.48
2011.01.10 13:35:47.411,5.96938,5.97141,3.00,2.86
2011.01.10 13:35:47.531,5.96956,5.97144,1.50,1.09
2011.01.10 13:35:49.361,5.96956,5.97155,1.58,1.81
2011.01.10 13:35:49.484,5.96956,5.97134,1.50,1.32
2011.01.10 13:35:50.381,5.96956,5.97124,1.50,1.48
2011.01.10 13:35:50.502,5.96929,5.97124,1.50,1.47
2011.01.10 13:35:50.619,5.96909,5.97103,1.50,1.20
2011.01.10 13:35:51.259,5.96922,5.97109,1.05,1.22
2011.01.10 13:35:51.376,5.96951,5.97118,1.05,1.14
2011.01.10 13:35:51.493,5.96951,5.97128,1.05,2.34
2011.01.10 13:35:52.023,5.96937,5.97127,6.72,2.34
2011.01.10 13:35:53.243,5.96937,5.97108,2.25,1.83
2011.01.10 13:35:53.359,5.96908,5.97108,2.78,1.83
2011.01.10 13:35:54.762,5.96913,5.97101,1.05,1.35
2011.01.10 13:35:55.100,5.96908,5.97088,1.50,1.09
2011.01.10 13:35:56.086,5.96873,5.97062,4.50,1.20
2011.01.10 13:35:56.201,5.96873,5.97077,4.50,1.85
2011.01.10 13:35:56.431,5.96883,5.97077,1.50,1.60
2011.01.10 13:36:00.990,5.96895,5.97082,4.50,1.77
2011.01.10 13:36:02.327,5.96983,5.97171,1.05,1.50
2011.01.10 13:36:02.440,5.96978,5.97171,1.09,1.80
2011.01.10 13:36:04.192,5.96972,5.97166,1.05,1.47
2011.01.10 13:36:04.310,5.96972,5.97173,1.17,1.12
2011.01.10 13:36:04.639,5.96955,5.97154,1.65,2.04
2011.01.10 13:36:05.206,5.96983,5.97174,1.05,2.97
2011.01.10 13:36:07.462,5.96993,5.9718,1.58,1.35
2011.01.10 13:36:07.582,5.96997,5.9719,1.09,1.43
2011.01.10 13:36:08.249,5.97018,5.9719,2.48,1.43
2011.01.10 13:36:08.602,5.97047,5.972,1.09,1.14
2011.01.10 13:36:09.218,5.97068,5.97242,1.09,4.69
2011.01.10 13:36:09.549,5.97072,5.97242,2.29,4.69
2011.01.10 13:36:10.431,5.97072,5.97247,2.48,3.54
2011.01.10 13:36:10.763,5.97089,5.97257,2.29,2.25
2011.01.10 13:36:11.222,5.97087,5.97257,1.09,2.25
2011.01.10 13:36:11.349,5.97071,5.97248,2.29,1.13
2011.01.10 13:36:11.680,5.97071,5.97248,2.29,2.42
2011.01.10 13:36:12.321,5.97067,5.97248,1.09,2.42
2011.01.10 13:36:15.127,5.97071,5.97248,2.29,2.42
2011.01.10 13:36:15.674,5.97078,5.97248,1.20,2.42
2011.01.10 13:36:16.034,5.97128,5.97273,1.20,1.63
2011.01.10 13:36:16.609,5.97152,5.97321,2.48,2.75
2011.01.10 13:36:17.396,5.97167,5.97321,1.20,2.75
2011.01.10 13:36:17.731,5.97182,5.97349,2.29,1.50
2011.01.10 13:36:17.841,5.97182,5.97327,2.29,1.24
2011.01.10 13:36:18.746,5.97172,5.97327,1.17,1.24
2011.01.10 13:36:19.428,5.97164,5.97349,2.48,2.14
2011.01.10 13:36:19.546,5.97164,5.97346,2.10,1.20
2011.01.10 13:36:19.882,5.97182,5.97357,2.48,1.50
2011.01.10 13:36:20.112,5.97202,5.97374,2.70,1.50
2011.01.10 13:36:20.666,5.97202,5.97361,1.05,1.11
2011.01.10 13:36:20.999,5.97202,5.97361,2.70,1.11
2011.01.10 13:36:21.655,5.97202,5.97363,2.70,1.30
2011.01.10 13:36:22.160,5.97202,5.97363,2.48,1.30
2011.01.10 13:36:22.271,5.97227,5.97386,1.20,2.14
2011.01.10 13:36:22.744,5.97227,5.97373,1.20,1.59
2011.01.10 13:36:22.864,5.97246,5.97387,2.33,1.27
2011.01.10 13:36:23.616,5.97246,5.97387,2.48,1.27
2011.01.10 13:36:24.040,5.97246,5.97387,2.48,1.27
2011.01.10 13:36:24.150,5.97288,5.97426,1.20,1.59
2011.01.10 13:36:24.686,5.9729,5.97437,2.48,1.12
2011.01.10 13:36:24.911,5.97327,5.9748,1.20,2.14
2011.01.10 13:36:25.397,5.97327,5.97446,1.20,1.11
2011.01.10 13:36:25.519,5.973,5.97466,9.79,1.15
2011.01.10 13:36:25.634,5.97287,5.97467,1.09,1.24
2011.01.10 13:36:25.756,5.97268,5.97464,6.53,1.69
2011.01.10 13:36:26.186,5.97268,5.97464,6.53,4.58
2011.01.10 13:36:26.309,5.97248,5.97456,1.09,2.85
2011.01.10 13:36:26.422,5.97248,5.97437,1.09,3.19
2011.01.10 13:36:27.443,5.97258,5.97437,1.20,1.69
2011.01.10 13:36:27.993,5.97277,5.97448,1.20,1.50
2011.01.10 13:36:28.352,5.97274,5.97448,2.10,2.35
2011.01.10 13:36:28.469,5.97274,5.97448,2.10,2.19
2011.01.10 13:36:29.121,5.97268,5.97451,1.09,1.32
2011.01.10 13:36:29.240,5.97257,5.97442,2.48,2.25
2011.01.10 13:36:30.113,5.97257,5.97446,3.08,1.62
2011.01.10 13:36:31.016,5.97227,5.97393,1.20,2.14
2011.01.10 13:36:31.133,5.97212,5.9738,1.05,1.50
2011.01.10 13:36:31.250,5.97212,5.9738,2.29,1.50
2011.01.10 13:36:31.364,5.97212,5.97387,2.29,1.50
2011.01.10 13:36:31.812,5.97208,5.97387,1.09,1.50
2011.01.10 13:36:33.434,5.97212,5.97399,2.29,2.25
2011.01.10 13:36:34.320,5.97212,5.97387,2.29,1.50
2011.01.10 13:36:34.899,5.97228,5.97404,2.70,2.14
2011.01.10 13:36:35.577,5.97228,5.97414,2.48,2.14
2011.01.10 13:36:35.803,5.97247,5.97422,2.48,2.50
2011.01.10 13:36:36.437,5.97247,5.97428,2.48,2.14
2011.01.10 13:36:37.176,5.97247,5.97428,2.48,2.25
2011.01.10 13:36:37.294,5.97242,5.97409,1.17,1.50
2011.01.10 13:36:37.777,5.97247,5.97409,2.48,1.50
2011.01.10 13:36:38.557,5.97247,5.9742,2.48,2.01
2011.01.10 13:36:38.899,5.97275,5.97434,2.48,4.71
2011.01.10 13:36:39.230,5.97275,5.97434,2.10,4.71
2011.01.10 13:36:39.341,5.97262,5.97434,1.05,4.71
2011.01.10 13:36:39.574,5.97234,5.97422,1.58,2.01
2011.01.10 13:36:40.105,5.97223,5.97388,1.50,4.17
2011.01.10 13:36:40.221,5.97188,5.97388,1.58,5.75
2011.01.10 13:36:40.769,5.97177,5.97345,10.35,2.14
2011.01.10 13:36:41.014,5.9714,5.97317,1.50,1.50
2011.01.10 13:36:41.750,5.97157,5.97317,1.09,1.50
2011.01.10 13:36:42.408,5.97157,5.9734,1.09,1.31
2011.01.10 13:36:42.527,5.97183,5.97344,2.70,2.17
2011.01.10 13:36:42.860,5.97182,5.9735,1.05,1.23
2011.01.10 13:36:43.491,5.97182,5.97351,1.05,2.39
2011.01.10 13:36:43.606,5.97218,5.97351,1.20,2.39
2011.01.10 13:36:43.835,5.97233,5.97381,1.05,1.23
2011.01.10 13:36:44.356,5.97243,5.97385,1.05,1.50
2011.01.10 13:36:44.476,5.97246,5.974,2.33,1.62
2011.01.10 13:36:44.593,5.97223,5.974,1.65,1.50
2011.01.10 13:36:45.095,5.97218,5.97386,3.23,1.50
2011.01.10 13:36:45.219,5.97199,5.97368,2.70,1.50
2011.01.10 13:36:45.872,5.97199,5.97368,1.05,1.50
2011.01.10 13:36:46.348,5.97199,5.97368,2.48,1.50
2011.01.10 13:36:46.469,5.97235,5.9739,2.10,1.85
2011.01.10 13:36:46.799,5.97232,5.9739,1.05,1.85
2011.01.10 13:36:47.415,5.97233,5.9739,1.05,1.85
2011.01.10 13:36:47.535,5.97235,5.97376,2.10,1.62
2011.01.10 13:36:48.543,5.97218,5.9738,1.09,2.43
2011.01.10 13:36:48.672,5.97213,5.97365,1.05,1.50
2011.01.10 13:36:48.792,5.97216,5.97365,2.33,2.69
2011.01.10 13:36:49.467,5.97222,5.97365,1.05,1.19
2011.01.10 13:36:49.800,5.97228,5.97365,1.09,1.19
2011.01.10 13:36:50.131,5.97228,5.97362,1.09,1.50
2011.01.10 13:36:50.941,5.97228,5.97364,1.09,1.50
2011.01.10 13:36:51.209,5.97212,5.97364,1.65,1.50
2011.01.10 13:36:51.320,5.97228,5.9739,1.50,1.11
2011.01.10 13:36:51.431,5.97231,5.9739,4.50,1.11
2011.01.10 13:36:51.539,5.97231,5.97397,4.50,1.50
2011.01.10 13:36:52.064,5.97231,5.97407,4.50,4.35
2011.01.10 13:36:52.186,5.97211,5.97364,1.50,1.50
2011.01.10 13:36:52.533,5.97211,5.97375,1.50,1.58
2011.01.10 13:36:53.055,5.97244,5.97375,1.50,1.65
2011.01.10 13:36:53.178,5.97244,5.9742,1.50,2.17
2011.01.10 13:36:53.404,5.97244,5.97433,1.50,1.03
2011.01.10 13:36:54.943,5.97237,5.97435,1.09,3.24
2011.01.10 13:36:55.071,5.97202,5.97401,1.50,2.19
2011.01.10 13:36:55.755,5.97162,5.97371,4.50,2.19
2011.01.10 13:36:55.877,5.97154,5.97312,1.50,1.20
2011.01.10 13:36:56.524,5.97162,5.97351,1.50,4.64
2011.01.10 13:36:56.640,5.97162,5.97347,1.50,1.11
2011.01.10 13:36:56.752,5.97162,5.97347,5.25,1.11
2011.01.10 13:36:57.315,5.97162,5.97353,5.25,1.31
2011.01.10 13:36:57.439,5.97162,5.97353,1.50,2.56
2011.01.10 13:36:58.223,5.9718,5.9735,1.50,1.15
2011.01.10 13:36:59.267,5.9718,5.9735,1.69,1.15
2011.01.10 13:36:59.504,5.97255,5.97461,1.02,2.14
2011.01.10 13:37:00.034,5.97288,5.97476,2.97,1.52
2011.01.10 13:37:01.229,5.97288,5.97478,1.50,2.16
2011.01.10 13:37:02.024,5.97288,5.97478,1.65,1.94
2011.01.10 13:37:03.234,5.97293,5.97483,1.05,2.88
2011.01.10 13:37:03.719,5.97276,5.97472,4.58,2.04
2011.01.10 13:37:04.255,5.97276,5.97443,4.50,1.20
2011.01.10 13:37:04.380,5.97255,5.97454,1.50,2.19
2011.01.10 13:37:05.931,5.97255,5.97454,1.58,4.15
2011.01.10 13:37:06.059,5.97255,5.97448,1.50,1.11
2011.01.10 13:37:06.391,5.97255,5.97426,1.50,1.08
2011.01.10 13:37:07.006,5.97255,5.97428,1.50,1.08
2011.01.10 13:37:08.938,5.97255,5.97425,1.50,1.53
2011.01.10 13:37:09.270,5.97255,5.97422,1.50,2.58
2011.01.10 13:37:09.866,5.97227,5.97422,3.00,2.58
2011.01.10 13:37:09.986,5.97244,5.97422,1.50,2.82
2011.01.10 13:37:12.559,5.97244,5.97422,1.50,3.25
2011.01.10 13:37:12.683,5.97244,5.97422,1.50,2.35
2011.01.10 13:37:12.799,5.97244,5.97422,1.50,2.58
2011.01.10 13:37:13.128,5.97244,5.97412,1.50,1.49
2011.01.10 13:37:13.238,5.97244,5.97422,1.50,2.58
2011.01.10 13:37:13.811,5.97244,5.97412,1.50,1.11
2011.01.10 13:37:14.281,5.97244,5.9742,1.50,1.50
2011.01.10 13:37:14.401,5.97227,5.9742,3.00,1.50
2011.01.10 13:37:14.510,5.97227,5.97411,3.00,1.67
2011.01.10 13:37:15.247,5.97208,5.97396,1.09,2.22
2011.01.10 13:37:16.982,5.97218,5.97396,1.09,2.22
2011.01.10 13:37:17.328,5.97207,5.97396,1.09,2.22
2011.01.10 13:37:17.688,5.97219,5.97396,1.05,2.22
2011.01.10 13:37:19.609,5.97212,5.97396,1.05,2.22
2011.01.10 13:37:19.719,5.97212,5.97396,1.05,1.53
2011.01.10 13:37:20.728,5.97197,5.97388,1.50,1.17
2011.01.10 13:37:20.848,5.97178,5.97368,1.58,1.27
2011.01.10 13:37:21.069,5.97178,5.97368,1.50,1.95
2011.01.10 13:37:21.710,5.97178,5.97373,1.50,1.20
2011.01.10 13:37:22.440,5.9716,5.97359,1.50,2.28
2011.01.10 13:37:23.145,5.97182,5.97368,1.05,1.16
2011.01.10 13:37:23.262,5.97182,5.97368,2.48,1.16
2011.01.10 13:37:23.599,5.97203,5.97378,1.17,1.35
2011.01.10 13:37:24.046,5.97218,5.97378,2.48,1.35
2011.01.10 13:37:24.392,5.9724,5.97388,2.70,2.04
2011.01.10 13:37:24.931,5.97237,5.97388,1.09,2.04
2011.01.10 13:37:25.044,5.97227,5.97388,1.09,2.04
2011.01.10 13:37:25.160,5.97238,5.97388,1.09,2.04
2011.01.10 13:37:25.632,5.97218,5.97388,3.15,2.04
2011.01.10 13:37:25.751,5.97208,5.97388,1.09,2.04
2011.01.10 13:37:26.279,5.97208,5.97388,1.09,2.04
2011.01.10 13:37:30.128,5.97224,5.97388,1.65,2.04
2011.01.10 13:37:30.683,5.97224,5.97378,1.50,2.73
2011.01.10 13:37:31.162,5.97195,5.97375,1.50,4.64
2011.01.10 13:37:31.290,5.97069,5.9726,1.88,2.00
2011.01.10 13:37:31.403,5.97042,5.9726,1.50,2.00
2011.01.10 13:37:31.837,5.97042,5.97242,1.50,1.20
2011.01.10 13:37:32.535,5.97062,5.97243,1.50,1.20
2011.01.10 13:37:32.871,5.97039,5.97232,4.50,2.41
2011.01.10 13:37:32.994,5.97039,5.97232,4.50,2.19
2011.01.10 13:37:33.560,5.97027,5.97228,3.00,1.97
2011.01.10 13:37:33.687,5.96988,5.97209,1.50,2.48
2011.01.10 13:37:33.805,5.96988,5.97143,1.50,1.20
2011.01.10 13:37:34.311,5.96987,5.97166,3.00,2.19
2011.01.10 13:37:34.424,5.97004,5.97168,1.50,2.73
2011.01.10 13:37:34.540,5.97004,5.97173,1.50,1.20
2011.01.10 13:37:35.090,5.97004,5.97184,1.50,1.19
2011.01.10 13:37:35.453,5.97078,5.97233,1.50,2.63
2011.01.10 13:37:35.995,5.97034,5.97232,1.50,2.47
2011.01.10 13:37:37.023,5.97034,5.97234,1.50,2.36
2011.01.10 13:37:37.149,5.97058,5.97244,1.58,3.19
2011.01.10 13:37:37.376,5.97058,5.97233,1.50,1.49
2011.01.10 13:37:37.928,5.97058,5.97233,1.50,2.43
2011.01.10 13:37:38.046,5.97029,5.97208,1.50,1.11
2011.01.10 13:37:38.160,5.97029,5.97218,1.50,2.64
2011.01.10 13:37:38.906,5.97029,5.97208,1.50,1.11
2011.01.10 13:37:39.029,5.97049,5.97236,1.50,2.07
2011.01.10 13:37:39.140,5.97049,5.97236,1.50,2.51
2011.01.10 13:37:39.256,5.97034,5.97212,4.50,1.20
2011.01.10 13:37:39.913,5.97034,5.97213,4.50,1.89
2011.01.10 13:37:40.772,5.97032,5.97192,1.50,1.20
2011.01.10 13:37:41.398,5.97011,5.97133,3.75,1.20
2011.01.10 13:37:41.515,5.96966,5.97142,1.50,1.20
2011.01.10 13:37:41.991,5.96966,5.97165,1.50,2.19
2011.01.10 13:37:42.100,5.96975,5.97162,1.50,2.31
2011.01.10 13:37:42.399,5.96975,5.97162,1.50,2.73
2011.01.10 13:37:44.054,5.96924,5.97089,1.50,1.11
2011.01.10 13:37:44.543,5.96924,5.97099,1.50,3.25
2011.01.10 13:37:45.207,5.96916,5.97091,1.50,2.47
2011.01.10 13:37:45.322,5.9691,5.97091,1.50,2.28
2011.01.10 13:37:45.442,5.9691,5.97099,1.50,3.50
2011.01.10 13:37:45.563,5.9691,5.97099,1.50,3.25
2011.01.10 13:37:46.212,5.9691,5.97099,1.50,3.50
2011.01.10 13:37:47.269,5.9691,5.97099,1.50,3.50
2011.01.10 13:37:48.130,5.96941,5.97099,4.50,3.25
2011.01.10 13:37:48.649,5.96941,5.97099,4.50,1.17
2011.01.10 13:37:48.775,5.9693,5.971,1.50,2.71
2011.01.10 13:37:49.350,5.9693,5.971,1.50,2.96
2011.01.10 13:37:49.468,5.969,5.97066,1.50,1.23
2011.01.10 13:37:49.582,5.969,5.97066,1.50,2.85
2011.01.10 13:37:49.699,5.969,5.97066,1.50,2.85
2011.01.10 13:37:50.397,5.96893,5.97066,1.50,2.85
2011.01.10 13:37:50.732,5.96893,5.97053,1.50,1.20
2011.01.10 13:37:50.853,5.96873,5.97053,1.50,1.20
2011.01.10 13:37:51.394,5.96873,5.97072,1.50,2.47
2011.01.10 13:37:51.506,5.96892,5.97075,1.50,1.74
2011.01.10 13:37:52.591,5.96892,5.97071,1.50,1.11
2011.01.10 13:37:52.921,5.96898,5.97075,1.50,2.47
2011.01.10 13:37:53.377,5.96875,5.97075,1.50,2.47
2011.01.10 13:37:53.924,5.96875,5.97075,1.50,2.47
2011.01.10 13:37:54.744,5.96875,5.97033,1.50,1.20
2011.01.10 13:37:55.411,5.96875,5.97045,1.50,2.28
2011.01.10 13:37:55.521,5.9686,5.97045,1.50,2.28
2011.01.10 13:37:56.168,5.96829,5.97029,1.50,2.19
2011.01.10 13:37:57.050,5.96829,5.97029,1.50,2.47
2011.01.10 13:37:57.433,5.96829,5.97029,1.50,2.47
2011.01.10 13:37:58.046,5.96829,5.96942,1.50,1.20
2011.01.10 13:37:58.168,5.96783,5.96971,1.50,2.89
2011.01.10 13:37:58.281,5.96783,5.96942,1.50,1.20
2011.01.10 13:37:58.924,5.96783,5.96971,1.50,2.89
2011.01.10 13:37:59.264,5.96816,5.96974,1.50,1.71
2011.01.10 13:37:59.380,5.96819,5.96982,1.50,1.08
2011.01.10 13:37:59.939,5.96825,5.97018,3.75,1.17
2011.01.10 13:38:00.052,5.96819,5.96998,1.50,1.23
2011.01.10 13:38:00.602,5.96819,5.96997,1.50,1.99
2011.01.10 13:38:00.724,5.96819,5.97002,1.50,1.04
2011.01.10 13:38:00.926,5.96819,5.96997,1.50,2.35
2011.01.10 13:38:01.709,5.96841,5.97007,1.50,1.55
2011.01.10 13:38:01.832,5.96884,5.97007,4.50,1.01
2011.01.10 13:38:02.065,5.96884,5.97062,4.50,1.58
2011.01.10 13:38:02.603,5.96807,5.97029,1.09,1.39
2011.01.10 13:38:02.830,5.96826,5.97038,1.50,4.39
2011.01.10 13:38:03.289,5.96826,5.97038,1.50,4.39
2011.01.10 13:38:03.630,5.96861,5.97032,1.50,1.12
2011.01.10 13:38:04.304,5.96834,5.97028,1.50,1.69
2011.01.10 13:38:05.016,5.96861,5.97035,4.50,1.05
2011.01.10 13:38:05.139,5.96872,5.97036,1.50,1.37
2011.01.10 13:38:05.253,5.96872,5.97036,1.50,1.37
2011.01.10 13:38:05.520,5.96858,5.97042,3.00,1.20
2011.01.10 13:38:06.028,5.96858,5.97035,3.00,3.12
2011.01.10 13:38:06.148,5.96834,5.97018,1.50,1.17
2011.01.10 13:38:07.118,5.96871,5.97036,1.50,1.73
2011.01.10 13:38:07.450,5.96915,5.97036,4.50,1.08
2011.01.10 13:38:07.558,5.96907,5.97107,1.50,1.17
2011.01.10 13:38:07.667,5.96884,5.97084,1.50,2.14
2011.01.10 13:38:07.779,5.96884,5.97084,1.50,2.14
2011.01.10 13:38:08.224,5.96884,5.97084,1.50,4.62
2011.01.10 13:38:08.560,5.96874,5.97073,1.50,1.56
2011.01.10 13:38:09.377,5.96874,5.97063,1.50,1.58
2011.01.10 13:38:09.709,5.96874,5.97069,1.58,1.80
2011.01.10 13:38:12.523,5.96896,5.97053,4.50,1.20
2011.01.10 13:38:13.012,5.96896,5.97054,4.50,1.35
2011.01.10 13:38:13.138,5.96902,5.9708,1.50,1.32
2011.01.10 13:38:13.253,5.96902,5.9708,1.50,1.32
2011.01.10 13:38:13.640,5.96909,5.97082,1.50,1.13
2011.01.10 13:38:14.237,5.96909,5.97062,1.50,1.20
2011.01.10 13:38:14.359,5.96909,5.97053,1.50,1.20
2011.01.10 13:38:14.474,5.96892,5.97074,1.50,2.03
2011.01.10 13:38:15.118,5.96876,5.97065,4.50,1.97
2011.01.10 13:38:15.232,5.96892,5.97065,1.50,1.97
2011.01.10 13:38:16.084,5.96892,5.97065,1.50,1.53
2011.01.10 13:38:16.206,5.96892,5.97065,1.50,1.97
2011.01.10 13:38:16.895,5.96867,5.97031,2.25,2.19
2011.01.10 13:38:17.021,5.96845,5.97044,1.50,2.19
2011.01.10 13:38:17.853,5.96827,5.97014,1.50,3.12
2011.01.10 13:38:18.191,5.96827,5.97014,1.50,3.12
2011.01.10 13:38:18.678,5.96827,5.97014,1.50,3.12
2011.01.10 13:38:19.243,5.96827,5.97014,1.50,3.12
2011.01.10 13:38:19.917,5.96783,5.96966,1.50,2.64
2011.01.10 13:38:20.808,5.96798,5.96998,1.50,2.19
2011.01.10 13:38:20.920,5.96798,5.96975,1.50,2.55
2011.01.10 13:38:21.141,5.96798,5.96975,1.50,2.55
2011.01.10 13:38:21.701,5.96738,5.96937,1.50,2.19
2011.01.10 13:38:22.030,5.96738,5.96862,1.50,1.20
2011.01.10 13:38:22.585,5.96738,5.96937,1.50,2.47
2011.01.10 13:38:22.700,5.96738,5.96882,1.50,1.20
2011.01.10 13:38:22.808,5.96738,5.96937,1.50,2.47
2011.01.10 13:38:23.610,5.96738,5.96916,1.50,2.18
2011.01.10 13:38:24.378,5.96724,5.96905,4.50,2.19
2011.01.10 13:38:24.509,5.96726,5.96918,1.50,3.19
2011.01.10 13:38:25.112,5.96726,5.96862,1.50,1.20
2011.01.10 13:38:25.765,5.96726,5.96889,3.75,2.19
2011.01.10 13:38:25.882,5.96707,5.96906,1.50,2.47
2011.01.10 13:38:26.546,5.96706,5.96853,5.25,1.20
2011.01.10 13:38:26.662,5.96706,5.96843,5.25,1.20
2011.01.10 13:38:26.780,5.96706,5.96886,4.50,2.19
2011.01.10 13:38:27.356,5.96689,5.96823,4.50,1.20
2011.01.10 13:38:27.790,5.96689,5.9688,4.50,2.04
2011.01.10 13:38:29.722,5.96665,5.96782,1.50,1.20
2011.01.10 13:38:29.831,5.96642,5.96838,1.50,4.64
2011.01.10 13:38:30.619,5.96642,5.96783,1.50,1.20
2011.01.10 13:38:30.730,5.96642,5.96826,1.50,2.28
2011.01.10 13:38:32.264,5.96642,5.96782,1.50,1.20
2011.01.10 13:38:32.976,5.96642,5.96818,1.50,4.64
2011.01.10 13:38:34.509,5.96642,5.9681,1.50,4.35
2011.01.10 13:38:34.752,5.96642,5.9681,1.50,4.35
2011.01.10 13:38:35.548,5.96642,5.9681,1.50,4.35
2011.01.10 13:38:35.669,5.96599,5.96776,1.50,4.35
2011.01.10 13:38:36.629,5.96599,5.96741,1.50,4.35
2011.01.10 13:38:37.100,5.96599,5.96756,1.50,4.35
2011.01.10 13:38:37.653,5.96599,5.96754,1.50,2.82
2011.01.10 13:38:37.772,5.96599,5.96754,1.50,2.82
2011.01.10 13:38:39.863,5.96599,5.96748,1.50,4.64
2011.01.10 13:38:39.983,5.96599,5.96748,1.50,4.64
2011.01.10 13:38:40.099,5.96599,5.96748,1.50,4.58
2011.01.10 13:38:40.778,5.96599,5.96771,1.50,4.64
2011.01.10 13:38:40.999,5.96599,5.96752,1.50,1.20
2011.01.10 13:38:41.331,5.96612,5.96781,4.50,2.82
2011.01.10 13:38:41.877,5.96615,5.96782,1.50,1.20
2011.01.10 13:38:42.211,5.9664,5.96786,1.69,1.58
2011.01.10 13:38:42.734,5.96683,5.96786,3.75,1.58
2011.01.10 13:38:42.861,5.9666,5.96847,1.50,3.39
2011.01.10 13:38:43.761,5.9666,5.96837,1.50,1.90
2011.01.10 13:38:43.980,5.96682,5.96837,4.50,1.90
2011.01.10 13:38:44.702,5.96682,5.96842,4.50,1.20
2011.01.10 13:38:45.648,5.96728,5.96894,4.50,1.89
2011.01.10 13:38:46.534,5.96726,5.96905,4.50,3.28
2011.01.10 13:38:47.355,5.96769,5.96959,1.50,1.66
2011.01.10 13:38:47.474,5.96771,5.96969,4.50,2.19
2011.01.10 13:38:48.139,5.96771,5.96969,4.50,2.47
2011.01.10 13:38:48.949,5.96771,5.96922,4.50,1.20
2011.01.10 13:38:49.067,5.96769,5.96967,1.50,3.56
2011.01.10 13:38:49.549,5.96769,5.96922,1.50,1.20
2011.01.10 13:38:49.660,5.96769,5.96967,1.50,3.56
2011.01.10 13:38:50.242,5.96792,5.96967,1.50,3.56
2011.01.10 13:38:50.619,5.96798,5.96974,1.50,1.99
2011.01.10 13:38:50.949,5.96798,5.96974,1.50,1.99
2011.01.10 13:38:51.169,5.96798,5.96942,1.50,1.20
2011.01.10 13:38:51.390,5.96781,5.96942,1.50,1.20
2011.01.10 13:38:51.890,5.96781,5.96969,1.50,1.97
2011.01.10 13:38:52.006,5.96781,5.96953,1.50,1.20
2011.01.10 13:38:52.126,5.96781,5.96943,1.50,1.20
2011.01.10 13:38:52.779,5.96799,5.96985,1.50,2.91
2011.01.10 13:38:52.898,5.96817,5.96985,1.50,2.91
2011.01.10 13:38:53.380,5.96817,5.96963,1.50,1.20
2011.01.10 13:38:54.347,5.96817,5.97013,1.50,2.91
2011.01.10 13:38:54.742,5.96817,5.9701,1.50,4.64
2011.01.10 13:38:54.862,5.96799,5.96997,1.50,2.19
2011.01.10 13:38:55.335,5.96817,5.97013,1.50,2.91
2011.01.10 13:38:55.457,5.96817,5.97012,1.50,4.64
2011.01.10 13:38:55.774,5.96817,5.96963,1.50,1.20
2011.01.10 13:38:57.013,5.96817,5.96962,1.50,1.20
2011.01.10 13:38:57.535,5.96817,5.97012,1.50,4.64
2011.01.10 13:39:00.750,5.96817,5.96963,1.50,1.20
2011.01.10 13:39:04.190,5.9686,5.97041,1.50,4.35
2011.01.10 13:39:04.411,5.9686,5.97038,1.50,2.66
2011.01.10 13:39:05.320,5.9691,5.97043,1.50,1.20
2011.01.10 13:39:05.869,5.96891,5.97071,1.50,2.00
2011.01.10 13:39:05.999,5.96873,5.97071,1.50,2.47
2011.01.10 13:39:07.169,5.96873,5.97071,1.50,2.47
2011.01.10 13:39:07.292,5.96873,5.97033,1.50,1.20
2011.01.10 13:39:10.067,5.96853,5.96993,4.50,1.20
2011.01.10 13:39:10.315,5.9683,5.97026,4.50,2.19
2011.01.10 13:39:10.943,5.96845,5.97044,1.50,2.19
2011.01.10 13:39:11.314,5.96862,5.97044,4.50,2.19
2011.01.10 13:39:11.432,5.96862,5.97042,4.50,1.20
2011.01.10 13:39:12.046,5.96864,5.97033,1.50,1.20
2011.01.10 13:39:13.137,5.96826,5.96972,1.50,1.20
2011.01.10 13:39:13.844,5.96826,5.97026,1.50,2.19
2011.01.10 13:39:14.642,5.96827,5.97019,1.50,3.46
2011.01.10 13:39:14.991,5.96827,5.97026,1.50,2.47
2011.01.10 13:39:15.330,5.96827,5.97018,1.50,2.46
2011.01.10 13:39:15.885,5.96827,5.96942,1.50,1.20
2011.01.10 13:39:16.004,5.96807,5.96942,3.75,1.20
2011.01.10 13:39:16.233,5.96798,5.96942,1.50,1.20
2011.01.10 13:39:17.423,5.96784,5.96952,4.50,2.48
2011.01.10 13:39:17.542,5.96761,5.96937,3.75,2.19
2011.01.10 13:39:18.110,5.96738,5.96937,1.50,2.47
2011.01.10 13:39:18.229,5.96752,5.96952,1.50,2.19
2011.01.10 13:39:21.310,5.96771,5.9695,1.50,2.85
2011.01.10 13:39:21.543,5.96798,5.96948,1.50,1.17
2011.01.10 13:39:23.610,5.96798,5.96989,1.50,3.19
2011.01.10 13:39:23.831,5.96817,5.96989,1.50,2.57
2011.01.10 13:39:23.950,5.96817,5.96989,1.50,2.94
2011.01.10 13:39:24.646,5.96817,5.97016,1.50,2.47
2011.01.10 13:39:26.721,5.96817,5.97016,1.50,2.47
2011.01.10 13:39:27.091,5.96817,5.96952,1.50,1.20
2011.01.10 13:39:27.667,5.96783,5.96932,1.50,1.20
2011.01.10 13:39:27.779,5.96783,5.96976,1.50,4.64
2011.01.10 13:39:28.398,5.96798,5.96942,1.50,1.20
2011.01.10 13:39:29.418,5.96798,5.96998,1.50,2.47
2011.01.10 13:39:29.793,5.96798,5.96998,1.50,2.47
2011.01.10 13:39:29.909,5.96798,5.96952,1.50,1.20
2011.01.10 13:39:31.280,5.96798,5.96978,1.50,1.97
2011.01.10 13:39:32.220,5.96807,5.96962,4.50,1.20
2011.01.10 13:39:32.767,5.96845,5.97013,1.50,1.20
2011.01.10 13:39:33.098,5.96845,5.97023,1.50,1.20
2011.01.10 13:39:33.616,5.96864,5.97023,1.50,1.20
2011.01.10 13:39:33.843,5.96864,5.97048,1.50,4.35
2011.01.10 13:39:33.962,5.96864,5.97048,1.50,4.17
2011.01.10 13:39:34.200,5.96864,5.97032,1.50,1.20
2011.01.10 13:39:34.775,5.96847,5.9704,3.00,4.35
2011.01.10 13:39:35.504,5.96847,5.9704,3.00,4.35
2011.01.10 13:39:35.854,5.96806,5.97021,4.50,2.76
2011.01.10 13:39:35.974,5.96853,5.97021,4.50,2.52
2011.01.10 13:39:36.537,5.96861,5.97032,1.50,1.20
2011.01.10 13:39:36.713,5.96861,5.9705,1.50,4.35
2011.01.10 13:39:36.848,5.96861,5.9705,1.50,4.35
2011.01.10 13:39:40.041,5.96899,5.97055,3.75,4.35
2011.01.10 13:39:40.654,5.96899,5.97055,4.50,4.57
2011.01.10 13:39:41.049,5.96939,5.97127,1.50,4.35
2011.01.10 13:39:41.706,5.96939,5.97127,1.50,4.35
2011.01.10 13:39:42.661,5.9692,5.97119,1.50,4.35
2011.01.10 13:39:42.880,5.9692,5.97119,1.50,4.35
2011.01.10 13:39:43.955,5.9692,5.97119,1.50,4.35
2011.01.10 13:39:44.180,5.9692,5.97052,1.50,1.20
2011.01.10 13:39:44.422,5.9692,5.9712,1.50,2.47
2011.01.10 13:39:45.545,5.9692,5.97063,1.50,1.20
2011.01.10 13:39:46.942,5.9692,5.97115,1.50,4.35
2011.01.10 13:39:48.604,5.9692,5.97115,1.50,4.64
2011.01.10 13:39:48.949,5.9692,5.97115,1.50,4.64
2011.01.10 13:39:49.943,5.9692,5.97116,1.50,4.64
2011.01.10 13:39:50.202,5.9692,5.97116,1.50,4.64
2011.01.10 13:39:51.028,5.96938,5.97086,3.00,4.64
2011.01.10 13:39:51.580,5.9695,5.97125,1.50,1.66
2011.01.10 13:39:52.183,5.9695,5.97136,1.50,2.73
2011.01.10 13:39:53.001,5.9695,5.97136,1.50,2.73
2011.01.10 13:39:53.606,5.96904,5.97104,1.50,2.19
2011.01.10 13:39:53.904,5.96904,5.97104,1.50,2.19
2011.01.10 13:39:54.330,5.96904,5.97033,1.50,1.20
2011.01.10 13:39:54.984,5.96866,5.97023,4.50,1.20
2011.01.10 13:39:55.670,5.96854,5.97023,1.50,1.20
2011.01.10 13:39:55.801,5.96874,5.96972,1.50,1.20
2011.01.10 13:39:55.915,5.96865,5.97053,4.50,2.19
2011.01.10 13:39:56.035,5.96865,5.97053,4.50,2.19
2011.01.10 13:39:56.475,5.96888,5.97053,2.25,2.19
2011.01.10 13:39:56.821,5.96873,5.97068,1.50,3.83
2011.01.10 13:39:57.383,5.96873,5.97068,1.50,3.83
2011.01.10 13:39:57.733,5.96873,5.96982,1.50,1.20
2011.01.10 13:39:58.581,5.96873,5.96982,1.50,1.20
2011.01.10 13:39:58.694,5.96852,5.96962,1.50,1.20
2011.01.10 13:39:59.299,5.96852,5.96963,1.50,1.20
2011.01.10 13:39:59.778,5.96844,5.96963,1.50,1.20
2011.01.10 13:39:59.895,5.96823,5.96998,1.50,2.19
2011.01.10 13:40:00.502,5.968,5.96998,1.50,2.19
2011.01.10 13:40:01.082,5.96756,5.96902,1.50,1.20
2011.01.10 13:40:01.203,5.96771,5.96913,1.50,1.20
2011.01.10 13:40:01.541,5.96771,5.96952,1.50,2.63
2011.01.10 13:40:02.112,5.96771,5.96913,1.50,1.20
2011.01.10 13:40:03.389,5.96791,5.96969,1.50,2.57
2011.01.10 13:40:04.718,5.96791,5.96933,1.50,1.20
2011.01.10 13:40:05.157,5.96791,5.96922,1.50,1.20
2011.01.10 13:40:05.271,5.96791,5.96969,1.50,2.57
2011.01.10 13:40:05.976,5.96791,5.96969,1.50,2.57
2011.01.10 13:40:06.099,5.96748,5.96957,1.50,2.15
2011.01.10 13:40:06.214,5.96748,5.96957,1.50,2.43
2011.01.10 13:40:06.335,5.9677,5.96957,1.50,1.79
2011.01.10 13:40:06.454,5.9677,5.96963,1.50,1.08
2011.01.10 13:40:06.975,5.9677,5.9697,1.50,2.19
2011.01.10 13:40:07.301,5.96789,5.96973,1.50,1.20
2011.01.10 13:40:08.198,5.96775,5.96975,1.50,2.19
2011.01.10 13:40:08.309,5.96775,5.96952,1.50,1.20
2011.01.10 13:40:08.884,5.96775,5.96943,1.50,1.20
2011.01.10 13:40:09.004,5.9674,5.9694,1.50,2.19
2011.01.10 13:40:09.120,5.9674,5.96922,1.50,1.20
2011.01.10 13:40:09.850,5.9674,5.9694,1.50,2.47
2011.01.10 13:40:09.966,5.9674,5.96932,1.50,2.51
2011.01.10 13:40:10.789,5.9674,5.96932,1.50,2.51
2011.01.10 13:40:11.159,5.9674,5.96932,1.50,1.89
2011.01.10 13:40:11.380,5.96734,5.96915,1.50,2.14
2011.01.10 13:40:11.844,5.9671,5.96915,1.50,2.25
2011.01.10 13:40:11.970,5.96724,5.96918,1.50,4.39
2011.01.10 13:40:12.301,5.96694,5.96923,1.58,10.35
2011.01.10 13:40:12.531,5.96694,5.96905,1.50,2.46
2011.01.10 13:40:13.175,5.96716,5.96908,1.50,1.26
2011.01.10 13:40:14.664,5.96716,5.96912,1.50,1.20
2011.01.10 13:40:15.020,5.96716,5.96915,1.50,2.47
2011.01.10 13:40:15.146,5.96716,5.96915,1.50,2.47
2011.01.10 13:40:15.265,5.96716,5.96915,1.50,2.47
2011.01.10 13:40:15.917,5.96716,5.96915,1.50,2.47
2011.01.10 13:40:16.764,5.9671,5.96891,4.50,2.19
2011.01.10 13:40:16.886,5.96693,5.96853,1.50,1.20
2011.01.10 13:40:17.004,5.96693,5.96891,1.50,2.19
2011.01.10 13:40:17.131,5.96693,5.96891,1.50,2.19
2011.01.10 13:40:17.736,5.96693,5.96891,1.50,2.19
2011.01.10 13:40:18.099,5.96693,5.96891,1.50,2.19
2011.01.10 13:40:18.789,5.96709,5.96891,4.50,2.19
2011.01.10 13:40:18.909,5.9671,5.96909,1.50,2.47
2011.01.10 13:40:19.132,5.96709,5.96882,4.50,1.20
2011.01.10 13:40:19.252,5.9671,5.96882,1.50,1.20
2011.01.10 13:40:20.005,5.9671,5.9691,1.50,2.47
2011.01.10 13:40:22.663,5.9671,5.9691,1.50,2.47
2011.01.10 13:40:23.012,5.96676,5.96874,1.50,2.47
2011.01.10 13:40:23.829,5.96676,5.96874,1.50,2.47
2011.01.10 13:40:24.414,5.96693,5.96891,1.50,2.11
2011.01.10 13:40:24.813,5.96693,5.96883,1.50,1.49
2011.01.10 13:40:26.516,5.96693,5.96892,1.50,2.19
2011.01.10 13:40:26.633,5.96699,5.96892,4.50,2.19
2011.01.10 13:40:26.752,5.96699,5.96892,4.50,2.79
2011.01.10 13:40:26.870,5.96711,5.96892,1.50,1.20
2011.01.10 13:40:27.721,5.96718,5.96908,1.99,2.97
2011.01.10 13:40:27.950,5.96758,5.9694,3.00,2.00
2011.01.10 13:40:28.691,5.96758,5.96933,3.00,1.20
2011.01.10 13:40:29.163,5.96758,5.96942,3.00,1.09
2011.01.10 13:40:29.812,5.96758,5.9694,3.00,2.28
2011.01.10 13:40:30.154,5.96742,5.9694,1.50,2.19
2011.01.10 13:40:30.683,5.96705,5.96903,1.50,2.19
2011.01.10 13:40:31.685,5.96705,5.96882,1.50,4.35
2011.01.10 13:40:31.808,5.96637,5.9683,3.00,2.19
2011.01.10 13:40:32.577,5.9665,5.96842,1.50,1.20
2011.01.10 13:40:33.330,5.9665,5.96849,1.50,2.41
2011.01.10 13:40:33.549,5.9665,5.96853,1.50,1.32
2011.01.10 13:40:33.658,5.96669,5.96863,4.50,1.32
2011.01.10 13:40:33.768,5.96669,5.96871,4.50,2.70
2011.01.10 13:40:34.324,5.96706,5.96903,4.50,1.32
2011.01.10 13:40:34.439,5.9672,5.96903,1.50,1.32
2011.01.10 13:40:35.117,5.96722,5.96913,1.50,4.35
2011.01.10 13:40:36.105,5.96722,5.96883,1.50,1.20
2011.01.10 13:40:36.457,5.96675,5.96874,1.50,2.19
2011.01.10 13:40:36.937,5.96656,5.96854,4.50,2.19
2011.01.10 13:40:37.057,5.96655,5.96832,1.50,1.20
2011.01.10 13:40:37.173,5.96691,5.96833,1.50,1.20
2011.01.10 13:40:37.291,5.96691,5.96843,1.50,1.20
2011.01.10 13:40:37.966,5.96691,5.96842,1.50,1.20
2011.01.10 13:40:38.264,5.96691,5.96853,1.50,1.20
2011.01.10 13:40:39.042,5.96691,5.96842,1.50,1.20
2011.01.10 13:40:40.642,5.96691,5.9689,1.50,3.73
2011.01.10 13:40:41.360,5.96655,5.96853,1.50,2.19
2011.01.10 13:40:41.593,5.96636,5.96823,1.50,1.20
2011.01.10 13:40:42.386,5.96673,5.96873,1.50,6.94
2011.01.10 13:40:42.507,5.96673,5.96877,1.65,1.68
2011.01.10 13:40:43.187,5.96715,5.96887,1.50,1.36
2011.01.10 13:40:43.308,5.96715,5.96912,1.50,2.97
2011.01.10 13:40:43.424,5.96715,5.96912,1.50,2.72
2011.01.10 13:40:44.096,5.96701,5.96899,1.50,2.19
2011.01.10 13:40:44.988,5.96719,5.96912,1.50,2.97
2011.01.10 13:40:45.986,5.96719,5.96908,1.50,1.17
2011.01.10 13:40:46.105,5.96702,5.969,4.50,2.41
2011.01.10 13:40:46.221,5.96702,5.969,4.50,2.19
2011.01.10 13:40:49.104,5.96682,5.96881,1.50,2.00
2011.01.10 13:40:49.227,5.96682,5.96887,2.78,1.17
2011.01.10 13:40:49.555,5.96682,5.96873,1.50,1.20
2011.01.10 13:40:49.779,5.96682,5.96888,1.65,1.17
2011.01.10 13:40:51.000,5.96682,5.96881,1.50,2.00
2011.01.10 13:40:51.541,5.96682,5.96863,1.50,1.20
2011.01.10 13:40:52.079,5.96682,5.96881,1.50,2.19
2011.01.10 13:40:52.210,5.96636,5.96813,1.50,1.20
2011.01.10 13:40:52.323,5.96636,5.96834,1.50,2.47
2011.01.10 13:40:52.876,5.96636,5.96833,1.50,1.49
2011.01.10 13:40:53.213,5.96636,5.96834,1.58,1.92
2011.01.10 13:40:53.670,5.96636,5.96843,1.58,1.82
2011.01.10 13:40:54.091,5.96654,5.96854,1.50,2.47
2011.01.10 13:40:56.348,5.96655,5.96853,1.50,2.19
2011.01.10 13:40:56.683,5.96655,5.96833,1.50,1.20
2011.01.10 13:40:57.452,5.96655,5.96833,1.50,1.20
2011.01.10 13:40:57.577,5.96635,5.96835,1.50,2.47
2011.01.10 13:40:58.508,5.9661,5.96808,4.50,2.47
2011.01.10 13:40:58.623,5.9661,5.96808,4.50,2.47
2011.01.10 13:40:59.408,5.96589,5.96788,1.50,2.47
2011.01.10 13:40:59.631,5.96589,5.96788,1.50,2.47
2011.01.10 13:40:59.741,5.96609,5.96808,1.50,2.19
2011.01.10 13:41:00.372,5.96609,5.96801,1.50,3.56
2011.01.10 13:41:00.611,5.96611,5.96801,4.50,3.56
2011.01.10 13:41:01.188,5.96608,5.96772,3.75,1.20
2011.01.10 13:41:01.300,5.96608,5.96783,3.75,1.20
2011.01.10 13:41:01.521,5.96626,5.96801,1.50,1.11
2011.01.10 13:41:02.229,5.96626,5.96811,1.50,2.46
2011.01.10 13:41:02.421,5.96626,5.96811,1.50,2.21
2011.01.10 13:41:02.543,5.96626,5.96811,1.50,2.46
2011.01.10 13:41:02.769,5.96626,5.96811,1.50,1.83
2011.01.10 13:41:03.728,5.96626,5.96811,1.50,2.46
2011.01.10 13:41:03.841,5.96626,5.96811,1.50,1.83
2011.01.10 13:41:04.061,5.96626,5.96821,1.50,2.03
2011.01.10 13:41:04.170,5.96634,5.96821,4.50,1.65
2011.01.10 13:41:04.620,5.96638,5.96831,1.09,1.05
2011.01.10 13:41:04.733,5.96654,5.96853,1.50,2.47
2011.01.10 13:41:04.852,5.96654,5.96855,1.50,2.28
2011.01.10 13:41:05.083,5.96657,5.96854,3.00,2.47
2011.01.10 13:41:05.200,5.96657,5.96854,3.00,2.47
2011.01.10 13:41:05.743,5.96636,5.96835,1.58,2.04
2011.01.10 13:41:05.865,5.96636,5.96835,1.50,2.47
2011.01.10 13:41:06.172,5.96636,5.96835,1.50,2.47
2011.01.10 13:41:06.291,5.96636,5.96803,1.50,1.20
2011.01.10 13:41:06.780,5.96658,5.96813,3.75,1.20
2011.01.10 13:41:06.900,5.96658,5.96851,3.00,1.79
2011.01.10 13:41:07.011,5.96658,5.96851,3.00,1.79
2011.01.10 13:41:07.121,5.96658,5.96851,3.00,1.79
2011.01.10 13:41:07.766,5.96635,5.96818,1.50,1.11
2011.01.10 13:41:09.245,5.96654,5.96828,1.50,1.32
2011.01.10 13:41:09.611,5.96654,5.96827,1.50,2.57
2011.01.10 13:41:09.831,5.96636,5.96827,1.50,2.57
2011.01.10 13:41:10.992,5.96636,5.96827,1.50,2.21
2011.01.10 13:41:11.330,5.96636,5.96822,1.50,1.20
2011.01.10 13:41:11.920,5.96636,5.96834,1.50,2.47
2011.01.10 13:41:12.261,5.96636,5.96834,1.50,2.47
2011.01.10 13:41:13.140,5.96636,5.96803,1.50,1.20
2011.01.10 13:41:13.265,5.96636,5.96834,1.50,2.47
2011.01.10 13:41:13.384,5.96636,5.96834,1.50,2.47
2011.01.10 13:41:13.603,5.96636,5.96834,1.50,2.47
2011.01.10 13:41:14.274,5.96636,5.96822,1.50,1.20
2011.01.10 13:41:14.399,5.96655,5.9683,1.50,1.11
2011.01.10 13:41:14.511,5.96655,5.9683,1.50,1.11
2011.01.10 13:41:15.067,5.96655,5.96853,1.50,2.47
2011.01.10 13:41:16.385,5.96655,5.96853,1.50,2.47
2011.01.10 13:41:17.041,5.96635,5.96853,1.50,2.19
2011.01.10 13:41:17.163,5.96635,5.96802,1.50,1.20
2011.01.10 13:41:17.611,5.96635,5.9682,1.50,1.11
2011.01.10 13:41:18.158,5.96672,5.96855,1.50,2.43
2011.01.10 13:41:18.537,5.96672,5.96855,1.50,2.43
2011.01.10 13:41:19.249,5.96672,5.96848,1.50,1.11
2011.01.10 13:41:19.364,5.96672,5.96855,1.50,1.99
2011.01.10 13:41:21.244,5.96672,5.96855,1.50,2.33
2011.01.10 13:41:21.470,5.96672,5.96858,1.50,1.26
2011.01.10 13:41:22.018,5.96696,5.96865,2.10,1.01
2011.01.10 13:41:22.242,5.96702,5.96903,1.05,1.32
2011.01.10 13:41:22.787,5.96702,5.96899,4.80,1.23
2011.01.10 13:41:22.915,5.967,5.96888,1.50,2.76
2011.01.10 13:41:23.035,5.96719,5.96892,1.50,1.11
2011.01.10 13:41:23.151,5.96719,5.96892,1.50,1.11
2011.01.10 13:41:23.684,5.96719,5.96907,1.50,1.11
2011.01.10 13:41:23.796,5.96719,5.96893,1.50,1.20
2011.01.10 13:41:23.911,5.96719,5.96914,1.50,2.82
2011.01.10 13:41:24.631,5.96719,5.96914,1.50,2.82
2011.01.10 13:41:25.229,5.967,5.96896,1.50,2.97
2011.01.10 13:41:25.671,5.96718,5.96896,1.50,2.87
2011.01.10 13:41:25.889,5.96718,5.96896,1.50,2.87
2011.01.10 13:41:26.720,5.96718,5.96906,1.50,2.69
2011.01.10 13:41:26.939,5.96718,5.96906,1.50,3.12
2011.01.10 13:41:27.248,5.96718,5.96906,1.50,3.12
2011.01.10 13:41:27.802,5.96718,5.96899,1.50,2.28
2011.01.10 13:41:27.924,5.96719,5.96896,1.50,1.35
2011.01.10 13:41:29.675,5.96719,5.96913,1.50,1.38
2011.01.10 13:41:30.469,5.96793,5.96961,1.05,2.35
2011.01.10 13:41:30.801,5.96812,5.96961,2.78,2.35
2011.01.10 13:41:31.392,5.96775,5.96968,1.65,1.26
2011.01.10 13:41:31.623,5.96762,5.96958,1.05,1.05
2011.01.10 13:41:32.191,5.96752,5.96953,1.05,1.32
2011.01.10 13:41:32.745,5.96766,5.96964,1.65,2.37
2011.01.10 13:41:33.310,5.96766,5.96964,1.50,2.47
2011.01.10 13:41:33.651,5.96766,5.96943,1.50,1.20
2011.01.10 13:41:34.323,5.96766,5.96964,1.50,2.47
2011.01.10 13:41:34.565,5.96747,5.96927,3.75,2.19
2011.01.10 13:41:35.195,5.96728,5.96927,1.50,2.47
2011.01.10 13:41:35.424,5.96726,5.96932,1.58,1.86
2011.01.10 13:41:36.094,5.96726,5.96946,5.33,2.19
2011.01.10 13:41:36.441,5.96727,5.96913,1.50,1.20
2011.01.10 13:41:37.099,5.96727,5.96923,1.50,3.01
2011.01.10 13:41:37.327,5.96727,5.96923,1.58,1.02
2011.01.10 13:41:37.554,5.96747,5.96928,1.50,1.10
2011.01.10 13:41:38.245,5.96728,5.96923,1.50,1.02
2011.01.10 13:41:38.590,5.96747,5.96933,1.50,2.41
2011.01.10 13:41:38.699,5.96747,5.96933,1.50,2.15
2011.01.10 13:41:38.809,5.96747,5.96933,1.50,2.58
2011.01.10 13:41:40.247,5.96711,5.96895,1.50,1.38
2011.01.10 13:41:40.579,5.96733,5.96904,1.50,1.50
2011.01.10 13:41:40.690,5.96739,5.96937,1.50,2.19
2011.01.10 13:41:40.912,5.96739,5.96937,1.50,2.00
2011.01.10 13:41:41.506,5.96713,5.96927,1.50,1.17
2011.01.10 13:41:41.950,5.96715,5.96913,4.58,1.81
2011.01.10 13:41:42.525,5.96713,5.96917,1.65,1.05
2011.01.10 13:41:43.329,5.96713,5.96922,1.80,1.09
2011.01.10 13:41:44.270,5.96727,5.96938,1.09,4.80
2011.01.10 13:41:44.380,5.96723,5.96928,1.58,1.05
2011.01.10 13:41:47.537,5.96748,5.96943,1.09,1.81
2011.01.10 13:41:47.649,5.96762,5.9696,1.50,5.94
2011.01.10 13:41:47.981,5.96762,5.9696,1.50,5.94
2011.01.10 13:41:48.434,5.96762,5.96943,1.50,2.19
2011.01.10 13:41:48.556,5.96743,5.96942,1.80,1.09
2011.01.10 13:41:49.112,5.96762,5.96959,1.50,4.58
2011.01.10 13:41:49.235,5.96762,5.96959,1.50,4.58
2011.01.10 13:41:49.738,5.96762,5.96959,1.50,4.35
2011.01.10 13:41:50.699,5.96762,5.96959,1.50,4.17
2011.01.10 13:41:51.265,5.96762,5.96952,1.50,1.20
2011.01.10 13:41:51.998,5.96762,5.9696,1.50,2.00
2011.01.10 13:41:53.196,5.96768,5.96968,4.50,1.17
2011.01.10 13:41:53.316,5.9678,5.96962,1.50,1.20
2011.01.10 13:41:53.650,5.9678,5.9698,1.50,2.19
2011.01.10 13:41:53.759,5.9678,5.96962,1.50,1.20
2011.01.10 13:41:54.791,5.9678,5.96972,1.50,1.20
2011.01.10 13:41:55.026,5.9678,5.96963,1.50,1.20
2011.01.10 13:41:55.758,5.96744,5.96912,1.50,1.20
2011.01.10 13:41:56.291,5.96744,5.96943,1.50,2.19
2011.01.10 13:41:57.343,5.96744,5.96943,1.50,2.19
2011.01.10 13:41:57.885,5.96744,5.96923,1.50,1.20
2011.01.10 13:41:58.298,5.96744,5.96943,1.50,2.19
2011.01.10 13:41:58.662,5.96744,5.96943,1.50,2.19
2011.01.10 13:41:59.859,5.96748,5.96957,1.09,4.92
2011.01.10 13:42:00.299,5.96761,5.96961,1.50,2.41
2011.01.10 13:42:03.088,5.96761,5.96952,1.50,1.32
2011.01.10 13:42:03.204,5.96744,5.96943,1.65,2.04
2011.01.10 13:42:04.059,5.96744,5.96942,1.65,1.09
2011.01.10 13:42:04.170,5.96747,5.96958,1.09,1.17
2011.01.10 13:42:04.279,5.96744,5.96947,1.58,1.05
2011.01.10 13:42:04.836,5.96748,5.9695,1.09,1.65
2011.01.10 13:42:04.949,5.96747,5.9695,1.50,4.35
2011.01.10 13:42:05.171,5.96747,5.9695,1.65,4.58
2011.01.10 13:42:06.521,5.96734,5.96923,4.50,1.20
2011.01.10 13:42:06.631,5.96732,5.96923,1.50,1.20
2011.01.10 13:42:06.850,5.96732,5.96931,1.50,2.41
2011.01.10 13:42:06.958,5.96732,5.96931,1.50,2.19
2011.01.10 13:42:07.702,5.96732,5.96931,1.50,2.19
2011.01.10 13:42:09.579,5.96732,5.96913,1.50,1.20
2011.01.10 13:42:09.688,5.96732,5.96931,1.50,2.19
2011.01.10 13:42:09.797,5.96732,5.96931,1.50,2.41
2011.01.10 13:42:09.908,5.96732,5.96931,1.50,2.19
2011.01.10 13:42:10.450,5.96732,5.96931,1.50,2.19
2011.01.10 13:42:10.772,5.96732,5.96922,1.50,1.20
2011.01.10 13:42:12.039,5.96732,5.96931,1.50,2.00
2011.01.10 13:42:12.148,5.96738,5.96937,1.09,2.29
2011.01.10 13:42:12.805,5.96768,5.9696,1.09,2.14
2011.01.10 13:42:13.139,5.96768,5.9696,2.97,1.50
2011.01.10 13:42:14.353,5.96768,5.9696,1.50,4.17
2011.01.10 13:42:14.473,5.96768,5.9696,1.58,1.65
2011.01.10 13:42:14.745,5.96768,5.9696,2.78,1.50
2011.01.10 13:42:15.186,5.96768,5.9696,1.50,4.17
2011.01.10 13:42:16.012,5.96768,5.96953,1.50,1.20
2011.01.10 13:42:17.278,5.96768,5.96962,1.50,1.20
2011.01.10 13:42:17.668,5.96768,5.96966,1.50,4.35
2011.01.10 13:42:18.579,5.96768,5.96943,1.50,1.20
2011.01.10 13:42:18.690,5.9675,5.96943,1.50,1.20
2011.01.10 13:42:18.910,5.9675,5.96933,1.50,1.20
2011.01.10 13:42:19.442,5.96732,5.96931,1.50,2.19
2011.01.10 13:42:19.562,5.96732,5.96931,1.50,2.41
2011.01.10 13:42:22.111,5.96732,5.96922,1.50,1.20
2011.01.10 13:42:22.562,5.96732,5.96931,1.50,2.19
2011.01.10 13:42:22.967,5.96732,5.96931,1.50,2.19
2011.01.10 13:42:23.528,5.96704,5.96904,1.50,2.19
2011.01.10 13:42:23.640,5.96704,5.96904,1.50,2.19
2011.01.10 13:42:25.071,5.96722,5.96913,1.50,1.20
2011.01.10 13:42:25.291,5.96722,5.9692,1.50,4.17
2011.01.10 13:42:27.610,5.96722,5.96893,1.50,1.20
2011.01.10 13:42:27.725,5.96705,5.96893,1.50,1.20
2011.01.10 13:42:29.780,5.96705,5.96903,1.50,1.09
2011.01.10 13:42:30.111,5.96705,5.96903,1.50,2.79
2011.01.10 13:42:31.243,5.96705,5.96903,1.58,1.81
2011.01.10 13:42:32.270,5.96722,5.96922,1.50,2.47
2011.01.10 13:42:33.890,5.96722,5.96922,1.50,2.47
2011.01.10 13:42:34.020,5.9671,5.96897,1.50,1.26
2011.01.10 13:42:34.136,5.96704,5.96897,1.50,1.26
2011.01.10 13:42:34.251,5.96704,5.96903,1.50,2.47
2011.01.10 13:42:34.360,5.96704,5.96903,1.58,2.04
2011.01.10 13:42:37.016,5.96704,5.96903,1.58,2.04
2011.01.10 13:42:37.932,5.96704,5.96901,1.50,1.11
2011.01.10 13:42:41.879,5.96704,5.96896,1.50,9.98
2011.01.10 13:42:42.479,5.96639,5.96838,1.50,2.00
2011.01.10 13:42:42.595,5.96658,5.96823,1.50,1.20
2011.01.10 13:42:43.227,5.96658,5.96857,1.50,2.19
2011.01.10 13:42:43.345,5.96658,5.96853,1.50,1.20
2011.01.10 13:42:44.175,5.96658,5.96833,1.50,1.20
2011.01.10 13:42:44.290,5.96658,5.96843,1.50,1.20
2011.01.10 13:42:44.521,5.96658,5.96857,1.50,2.19
2011.01.10 13:42:45.321,5.96618,5.96811,3.00,2.19
2011.01.10 13:42:46.326,5.96618,5.96793,2.25,2.19
2011.01.10 13:42:47.122,5.96611,5.96783,1.50,1.20
2011.01.10 13:42:47.356,5.96611,5.96772,1.50,1.20
2011.01.10 13:42:47.930,5.96551,5.96712,1.50,1.20
2011.01.10 13:42:48.045,5.96551,5.96733,1.50,1.20
2011.01.10 13:42:48.724,5.96566,5.9675,1.50,2.47
2011.01.10 13:42:48.841,5.96566,5.96765,1.50,2.47
2011.01.10 13:42:49.674,5.96566,5.96732,1.50,1.20
2011.01.10 13:42:50.061,5.96547,5.96713,1.50,1.20
2011.01.10 13:42:50.751,5.96547,5.96747,1.50,3.32
2011.01.10 13:42:50.864,5.96547,5.96747,1.50,3.32
2011.01.10 13:42:50.981,5.96547,5.96747,1.50,3.32
2011.01.10 13:42:51.594,5.96547,5.96747,1.50,3.32
2011.01.10 13:42:52.277,5.96547,5.96747,1.50,3.32
2011.01.10 13:42:52.502,5.96547,5.96747,1.50,3.32
2011.01.10 13:42:53.375,5.96547,5.96747,1.50,3.32
2011.01.10 13:42:53.780,5.96547,5.96747,1.50,3.32
2011.01.10 13:42:54.098,5.96547,5.96733,1.50,1.20
2011.01.10 13:42:54.318,5.96547,5.96723,1.50,1.20
2011.01.10 13:42:54.811,5.96547,5.96733,1.50,1.20
2011.01.10 13:42:55.328,5.96547,5.96723,1.50,1.20
2011.01.10 13:42:55.552,5.96547,5.96747,1.50,3.32
2011.01.10 13:42:55.994,5.96547,5.96747,1.50,3.32
2011.01.10 13:42:56.330,5.96547,5.96747,1.50,2.46
2011.01.10 13:42:56.663,5.96547,5.96747,1.50,2.46
2011.01.10 13:42:57.182,5.96547,5.96747,1.50,2.46
2011.01.10 13:42:58.193,5.96547,5.96703,1.50,1.20
2011.01.10 13:42:59.058,5.96565,5.96748,1.50,2.18
2011.01.10 13:42:59.178,5.96565,5.96743,1.50,1.20
2011.01.10 13:42:59.407,5.96573,5.96765,4.50,2.19
2011.01.10 13:42:59.521,5.96573,5.96765,4.50,2.19
2011.01.10 13:43:00.049,5.96585,5.96781,1.50,4.64
2011.01.10 13:43:00.169,5.96585,5.96783,1.50,4.77
2011.01.10 13:43:00.680,5.96585,5.96783,1.50,2.19
2011.01.10 13:43:00.791,5.96596,5.96778,4.50,1.11
2011.01.10 13:43:01.307,5.96618,5.96778,3.00,1.11
2011.01.10 13:43:01.427,5.9663,5.9681,1.50,3.09
2011.01.10 13:43:02.003,5.9663,5.9681,1.50,2.85
2011.01.10 13:43:02.748,5.96667,5.96853,3.00,1.20
2011.01.10 13:43:03.294,5.96657,5.96853,1.50,1.20
2011.01.10 13:43:03.992,5.96657,5.96857,1.50,2.19
2011.01.10 13:43:04.220,5.9664,5.96839,1.50,2.28
2011.01.10 13:43:04.779,5.9664,5.96823,1.50,1.20
2011.01.10 13:43:07.129,5.9664,5.96837,1.50,2.36
2011.01.10 13:43:07.848,5.9664,5.96837,1.50,2.00
2011.01.10 13:43:08.629,5.9664,5.96839,1.50,2.47
2011.01.10 13:43:09.356,5.9664,5.96822,1.50,1.20
2011.01.10 13:43:09.690,5.9664,5.96837,1.50,2.27
2011.01.10 13:43:10.074,5.9664,5.96837,1.50,2.27
2011.01.10 13:43:10.666,5.9664,5.96837,1.50,2.27
2011.01.10 13:43:11.067,5.9664,5.96823,1.50,1.20
2011.01.10 13:43:12.282,5.9664,5.96827,1.50,1.11
2011.01.10 13:43:12.406,5.9664,5.96837,1.50,2.27
2011.01.10 13:43:13.475,5.9664,5.96837,1.50,2.27
2011.01.10 13:43:14.649,5.9664,5.96837,1.50,2.27
2011.01.10 13:43:14.786,5.96618,5.96772,3.00,1.20
2011.01.10 13:43:15.849,5.96618,5.9681,3.00,2.19
2011.01.10 13:43:16.333,5.96618,5.96793,3.00,1.20
2011.01.10 13:43:16.902,5.9663,5.9683,1.50,2.47
2011.01.10 13:43:21.475,5.9663,5.96823,1.50,1.20
2011.01.10 13:43:21.593,5.96643,5.96838,1.05,1.23
2011.01.10 13:43:22.260,5.96668,5.96858,3.00,2.75
2011.01.10 13:43:22.982,5.96668,5.96842,3.00,1.20
2011.01.10 13:43:23.706,5.96677,5.96854,1.50,3.04
2011.01.10 13:43:24.179,5.96677,5.96854,1.50,3.04
2011.01.10 13:43:27.897,5.96677,5.96858,1.50,1.11
2011.01.10 13:43:28.039,5.96677,5.96868,1.50,2.18
2011.01.10 13:43:28.684,5.96638,5.96848,4.50,1.17
2011.01.10 13:43:28.803,5.96651,5.96851,1.50,2.41
2011.01.10 13:43:29.316,5.96651,5.96857,1.50,1.17
2011.01.10 13:43:29.959,5.96651,5.96851,1.50,2.19
2011.01.10 13:43:30.720,5.96651,5.96851,1.50,2.19
2011.01.10 13:43:32.457,5.96633,5.96832,1.50,2.19
2011.01.10 13:43:32.577,5.96615,5.96812,1.50,1.20
2011.01.10 13:43:33.235,5.96622,5.96814,1.05,1.57
2011.01.10 13:43:33.357,5.9665,5.96848,1.50,2.69
2011.01.10 13:43:34.125,5.96638,5.96823,4.50,1.20
2011.01.10 13:43:34.249,5.96633,5.96831,1.50,2.00
2011.01.10 13:43:34.472,5.96633,5.96831,1.50,2.19
2011.01.10 13:43:34.753,5.96633,5.96831,1.50,2.41
2011.01.10 13:43:35.503,5.9663,5.9683,1.50,2.19
2011.01.10 13:43:35.734,5.96638,5.96832,3.90,1.32
2011.01.10 13:43:35.854,5.9666,5.96847,3.75,2.60
2011.01.10 13:43:36.482,5.9666,5.96847,4.50,1.81
2011.01.10 13:43:37.973,5.96649,5.96847,1.50,2.19
2011.01.10 13:43:38.648,5.9663,5.9683,1.50,2.19
2011.01.10 13:43:38.762,5.9663,5.9683,1.50,2.41
2011.01.10 13:43:38.882,5.9663,5.9683,1.50,2.19
2011.01.10 13:43:40.322,5.96643,5.96838,1.05,1.23
2011.01.10 13:43:40.441,5.96649,5.96847,1.50,2.75
2011.01.10 13:43:41.617,5.96649,5.96842,1.50,1.20
2011.01.10 13:43:41.840,5.96649,5.96847,1.50,2.41
2011.01.10 13:43:42.067,5.96649,5.96847,1.50,2.19
2011.01.10 13:43:42.448,5.96649,5.96847,1.50,1.81
2011.01.10 13:43:43.135,5.96649,5.96858,2.78,1.17
2011.01.10 13:43:43.250,5.96663,5.96862,1.05,1.32
2011.01.10 13:43:43.475,5.96649,5.96857,2.78,1.05
2011.01.10 13:43:43.590,5.96657,5.96863,1.09,1.26
2011.01.10 13:43:44.119,5.96649,5.96858,6.53,1.17
2011.01.10 13:43:44.442,5.96672,5.96867,1.05,1.28
2011.01.10 13:43:44.680,5.96662,5.96863,1.05,1.60
2011.01.10 13:43:44.794,5.96649,5.96858,6.53,1.17
2011.01.10 13:43:45.020,5.96658,5.96863,1.09,1.26
2011.01.10 13:43:46.608,5.96654,5.96857,2.33,1.05
2011.01.10 13:43:46.719,5.96663,5.96862,1.05,1.32
2011.01.10 13:43:47.274,5.96662,5.96858,4.50,1.17
2011.01.10 13:43:47.621,5.96692,5.96877,1.50,1.22
2011.01.10 13:43:48.373,5.96702,5.96903,1.05,1.32
2011.01.10 13:43:49.822,5.96692,5.96898,1.65,1.17
2011.01.10 13:43:51.253,5.96712,5.96908,1.05,1.28
2011.01.10 13:43:51.731,5.96693,5.96897,2.40,1.17
2011.01.10 13:43:51.840,5.96697,5.96902,1.09,1.08
2011.01.10 13:43:52.114,5.96693,5.96898,2.33,1.17
2011.01.10 13:43:52.822,5.96703,5.96897,1.05,1.28
2011.01.10 13:43:53.179,5.96693,5.96892,1.05,1.32
2011.01.10 13:43:53.762,5.96702,5.96898,1.05,1.05
2011.01.10 13:43:53.879,5.96692,5.96893,1.80,1.60
2011.01.10 13:43:54.961,5.96692,5.96891,1.50,2.00
2011.01.10 13:43:55.510,5.96692,5.96893,1.65,1.26
2011.01.10 13:43:55.777,5.96703,5.96897,1.05,1.28
2011.01.10 13:43:56.277,5.96692,5.96893,1.65,1.26
2011.01.10 13:43:56.852,5.96713,5.96903,1.05,1.44
2011.01.10 13:43:57.484,5.96698,5.96897,1.09,1.02
2011.01.10 13:43:58.206,5.96693,5.96892,1.05,1.32
2011.01.10 13:43:59.229,5.96698,5.96897,1.09,1.02
2011.01.10 13:44:00.318,5.96712,5.96903,1.05,1.12
2011.01.10 13:44:00.994,5.96692,5.96897,2.78,1.17
2011.01.10 13:44:01.224,5.96697,5.96903,1.09,1.26
2011.01.10 13:44:02.017,5.96661,5.96858,2.25,2.19
2011.01.10 13:44:02.820,5.9666,5.96858,1.50,2.46
2011.01.10 13:44:03.377,5.96637,5.96829,4.50,2.00
2011.01.10 13:44:03.491,5.96631,5.96813,1.50,1.20
2011.01.10 13:44:03.745,5.96631,5.96829,1.50,2.19
2011.01.10 13:44:04.602,5.96648,5.96847,1.50,2.19
2011.01.10 13:44:06.555,5.96648,5.96847,1.50,2.19
2011.01.10 13:44:06.777,5.96648,5.96847,1.50,2.19
2011.01.10 13:44:06.951,5.96648,5.96847,1.50,2.19
2011.01.10 13:44:07.642,5.96648,5.96847,1.50,2.19
2011.01.10 13:44:08.003,5.96648,5.96847,1.50,2.19
2011.01.10 13:44:08.452,5.96648,5.96847,1.50,2.19
2011.01.10 13:44:08.572,5.96672,5.96852,1.50,1.09
2011.01.10 13:44:09.148,5.96676,5.96893,1.58,4.64
2011.01.10 13:44:09.382,5.96677,5.96872,1.50,1.20
2011.01.10 13:44:09.890,5.96677,5.96876,1.50,2.19
2011.01.10 13:44:10.009,5.96694,5.96894,1.50,2.47
2011.01.10 13:44:10.403,5.96694,5.96894,1.50,2.47
2011.01.10 13:44:11.302,5.96706,5.96905,1.50,2.19
2011.01.10 13:44:12.005,5.96678,5.96875,3.00,2.19
2011.01.10 13:44:12.129,5.96695,5.96894,1.58,1.92
2011.01.10 13:44:12.241,5.96695,5.96892,1.50,1.11
2011.01.10 13:44:12.350,5.96695,5.96894,1.65,2.15
2011.01.10 13:44:13.005,5.96698,5.96902,1.09,2.86
2011.01.10 13:44:13.122,5.96695,5.96892,1.50,1.11
2011.01.10 13:44:13.572,5.96695,5.96894,1.58,2.04
2011.01.10 13:44:13.691,5.96695,5.96894,1.50,2.47
2011.01.10 13:44:14.872,5.96702,5.96913,1.17,1.94
2011.01.10 13:44:16.124,5.96695,5.96894,1.58,1.81
2011.01.10 13:44:16.352,5.96702,5.96903,1.05,1.60
2011.01.10 13:44:16.974,5.96695,5.96893,1.50,1.20
2011.01.10 13:44:17.091,5.96697,5.96903,1.09,3.17
2011.01.10 13:44:17.266,5.96712,5.96903,1.17,1.59
2011.01.10 13:44:17.638,5.96697,5.96903,1.09,3.17
2011.01.10 13:44:19.547,5.96717,5.96903,2.48,1.59
2011.01.10 13:44:19.679,5.96741,5.96941,1.50,2.00
2011.01.10 13:44:19.792,5.96748,5.96952,1.09,2.40
2011.01.10 13:44:20.444,5.96742,5.96942,1.05,1.23
2011.01.10 13:44:21.126,5.96741,5.96947,2.78,1.45
2011.01.10 13:44:21.862,5.96741,5.96941,1.50,2.00
2011.01.10 13:44:22.661,5.96741,5.96938,1.50,9.98
2011.01.10 13:44:22.773,5.96727,5.96903,3.00,1.84
2011.01.10 13:44:23.312,5.96688,5.96873,2.25,9.98
2011.01.10 13:44:23.438,5.96651,5.9685,1.50,2.41
2011.01.10 13:44:24.189,5.96651,5.96857,2.78,1.17
2011.01.10 13:44:24.725,5.96651,5.9685,1.50,2.28
2011.01.10 13:44:25.193,5.96679,5.96858,1.50,1.99
2011.01.10 13:44:25.321,5.96637,5.96793,3.75,1.20
2011.01.10 13:44:25.436,5.96615,5.96783,4.50,1.20
2011.01.10 13:44:26.036,5.96611,5.9681,1.50,2.19
2011.01.10 13:44:27.105,5.96649,5.96828,1.50,1.11
2011.01.10 13:44:27.463,5.96649,5.96837,1.50,2.04
2011.01.10 13:44:28.030,5.96614,5.96793,1.50,1.20
2011.01.10 13:44:28.305,5.96614,5.96813,1.50,2.46
2011.01.10 13:44:29.258,5.96637,5.96813,3.75,2.09
2011.01.10 13:44:29.375,5.96637,5.96813,3.75,2.46
2011.01.10 13:44:29.711,5.96614,5.96802,1.69,1.20
2011.01.10 13:44:30.263,5.96631,5.96829,1.50,2.11
2011.01.10 13:44:31.552,5.96631,5.96829,1.50,2.47
2011.01.10 13:44:31.794,5.96637,5.96822,4.50,1.11
2011.01.10 13:44:31.912,5.96637,5.9683,4.50,2.19
2011.01.10 13:44:32.669,5.96637,5.96829,4.50,2.19
2011.01.10 13:44:33.431,5.96615,5.96793,1.50,1.20
2011.01.10 13:44:33.933,5.96615,5.96814,1.50,2.19
2011.01.10 13:44:34.161,5.96591,5.96785,4.50,2.19
2011.01.10 13:44:34.719,5.96606,5.96804,1.50,2.19
2011.01.10 13:44:34.839,5.96606,5.96805,1.50,2.19
2011.01.10 13:44:35.064,5.96606,5.96792,1.50,1.20
2011.01.10 13:44:35.184,5.96615,5.96805,4.69,2.04
2011.01.10 13:44:35.737,5.96652,5.96812,1.50,1.20
2011.01.10 13:44:36.784,5.96652,5.96802,1.50,1.20
2011.01.10 13:44:37.324,5.96652,5.96793,1.50,1.20
2011.01.10 13:44:37.446,5.96633,5.96793,1.50,1.20
2011.01.10 13:44:37.830,5.96633,5.96832,1.50,2.19
2011.01.10 13:44:39.088,5.96606,5.96762,1.50,1.20
2011.01.10 13:44:39.202,5.96606,5.96772,1.50,1.20
2011.01.10 13:44:39.948,5.96592,5.96762,4.50,1.20
2011.01.10 13:44:40.063,5.96606,5.96804,1.50,2.19
2011.01.10 13:44:40.292,5.96606,5.96804,1.50,2.19
2011.01.10 13:44:40.411,5.96606,5.96804,1.50,2.19
2011.01.10 13:44:40.633,5.9661,5.96823,1.69,9.98
2011.01.10 13:44:41.272,5.96647,5.96858,1.09,1.17
2011.01.10 13:44:41.763,5.96653,5.96867,1.17,3.04
2011.01.10 13:44:42.361,5.96647,5.96858,1.09,1.17
2011.01.10 13:44:42.880,5.96653,5.96867,1.17,3.04
2011.01.10 13:44:43.103,5.96661,5.96867,10.28,2.29
2011.01.10 13:44:43.220,5.96667,5.96873,1.09,1.09
2011.01.10 13:44:43.329,5.96676,5.96873,1.50,1.20
2011.01.10 13:44:44.202,5.96676,5.96875,1.50,2.19
2011.01.10 13:44:44.670,5.96676,5.96875,1.58,1.81
2011.01.10 13:44:44.782,5.96694,5.96894,1.50,2.19
2011.01.10 13:44:45.409,5.96723,5.96921,1.50,2.00
2011.01.10 13:44:45.632,5.96723,5.96903,1.50,1.20
2011.01.10 13:44:46.216,5.96707,5.96903,1.50,1.20
2011.01.10 13:44:46.594,5.96707,5.96905,1.50,2.19
2011.01.10 13:44:47.349,5.96707,5.96905,1.50,2.19
2011.01.10 13:44:48.129,5.96707,5.96921,1.50,2.19
2011.01.10 13:44:48.460,5.96723,5.96921,1.50,2.00
2011.01.10 13:44:49.087,5.96723,5.96921,1.50,2.19
2011.01.10 13:44:49.461,5.96723,5.96921,1.50,2.19
2011.01.10 13:44:49.994,5.96723,5.96921,1.50,2.41
2011.01.10 13:44:50.551,5.96723,5.96922,1.80,1.32
2011.01.10 13:44:51.305,5.96723,5.96921,1.50,2.19
2011.01.10 13:44:52.952,5.96723,5.96921,1.50,2.00
2011.01.10 13:44:53.174,5.96723,5.96913,1.50,1.20
2011.01.10 13:44:54.621,5.96741,5.96941,1.50,2.19
2011.01.10 13:44:55.758,5.96741,5.96923,1.50,1.20
2011.01.10 13:44:55.992,5.96741,5.96941,1.50,2.41
2011.01.10 13:44:56.424,5.96741,5.96912,1.50,1.20
2011.01.10 13:44:56.921,5.96706,5.96906,5.25,2.19
2011.01.10 13:44:57.048,5.96698,5.96897,1.50,2.19
2011.01.10 13:44:58.506,5.96679,5.96878,1.50,2.19
2011.01.10 13:44:59.634,5.96697,5.96883,1.50,1.20
2011.01.10 13:45:00.696,5.96729,5.96927,4.50,1.17
2011.01.10 13:45:00.814,5.9674,5.9694,1.50,2.19
2011.01.10 13:45:00.933,5.96729,5.96925,4.50,2.19
2011.01.10 13:45:01.820,5.96666,5.96865,1.50,2.19
2011.01.10 13:45:01.932,5.96672,5.96873,1.05,1.32
2011.01.10 13:45:02.057,5.96692,5.96888,1.05,2.55
2011.01.10 13:45:02.685,5.96725,5.96924,1.50,2.19
2011.01.10 13:45:03.874,5.96725,5.96924,1.50,2.19
2011.01.10 13:45:05.744,5.96725,5.96913,1.50,1.20
2011.01.10 13:45:06.401,5.96725,5.96924,1.50,2.19
2011.01.10 13:45:07.854,5.96725,5.96924,1.50,2.19
2011.01.10 13:45:10.064,5.96725,5.96903,1.50,1.20
2011.01.10 13:45:10.390,5.9673,5.96913,4.50,1.20
2011.01.10 13:45:11.047,5.9673,5.96924,4.50,2.19
2011.01.10 13:45:11.167,5.96704,5.96893,1.50,1.20
2011.01.10 13:45:13.042,5.96704,5.96902,1.50,2.41
2011.01.10 13:45:13.260,5.96704,5.96907,1.58,1.05
2011.01.10 13:45:13.479,5.96723,5.96921,1.50,2.19
2011.01.10 13:45:14.146,5.96692,5.9689,1.50,2.00
2011.01.10 13:45:14.261,5.96692,5.96893,1.50,1.32
2011.01.10 13:45:14.665,5.9671,5.9689,4.50,2.41
2011.01.10 13:45:14.891,5.96692,5.96897,1.50,1.17
2011.01.10 13:45:15.191,5.96711,5.9689,4.50,2.00
2011.01.10 13:45:15.724,5.96715,5.96902,4.50,1.20
2011.01.10 13:45:16.330,5.96714,5.96905,4.50,2.19
2011.01.10 13:45:16.550,5.96714,5.96905,4.58,1.81
2011.01.10 13:45:17.273,5.96722,5.96921,1.50,2.00
2011.01.10 13:45:18.636,5.96722,5.96921,1.50,2.19
2011.01.10 13:45:19.348,5.96722,5.96921,1.50,2.19
2011.01.10 13:45:19.466,5.96714,5.96886,3.75,2.19
2011.01.10 13:45:19.953,5.96714,5.96886,3.75,1.81
2011.01.10 13:45:20.069,5.96714,5.96902,4.50,1.20
2011.01.10 13:45:21.781,5.96722,5.96922,1.50,2.19
2011.01.10 13:45:22.594,5.96722,5.96923,1.05,1.32
2011.01.10 13:45:22.711,5.96714,5.96917,4.58,1.17
2011.01.10 13:45:22.821,5.96722,5.96922,1.50,2.19
2011.01.10 13:45:22.934,5.96722,5.96923,1.80,1.32
2011.01.10 13:45:23.050,5.96722,5.96922,1.50,2.19
2011.01.10 13:45:23.279,5.96722,5.96928,1.65,1.17
2011.01.10 13:45:23.390,5.96727,5.96938,1.09,1.17
2011.01.10 13:45:24.114,5.96723,5.96922,1.05,1.09
2011.01.10 13:45:24.741,5.96742,5.96943,1.05,1.32
2011.01.10 13:45:24.969,5.96727,5.96938,1.09,1.17
2011.01.10 13:45:25.544,5.96722,5.96927,2.78,1.05
2011.01.10 13:45:26.123,5.96733,5.96932,1.05,1.09
2011.01.10 13:45:27.024,5.96737,5.96945,1.09,2.85
2011.01.10 13:45:27.632,5.9677,5.96962,1.50,1.32
2011.01.10 13:45:27.756,5.96783,5.96982,1.05,1.32
2011.01.10 13:45:28.434,5.9677,5.96969,1.50,2.00
2011.01.10 13:45:28.559,5.9675,5.96958,2.78,1.17
2011.01.10 13:45:29.603,5.96758,5.96967,1.09,1.17
2011.01.10 13:45:29.845,5.9675,5.96958,2.78,1.17
2011.01.10 13:45:31.725,5.96738,5.96947,1.09,1.05
2011.01.10 13:45:31.954,5.9675,5.96957,2.78,1.17
2011.01.10 13:45:32.750,5.96758,5.96967,1.09,1.17
2011.01.10 13:45:33.696,5.96753,5.96952,1.05,1.32
2011.01.10 13:45:34.500,5.96757,5.96968,1.09,1.17
2011.01.10 13:45:34.829,5.9675,5.96958,2.78,1.17
2011.01.10 13:45:36.153,5.96758,5.96967,1.09,1.17
2011.01.10 13:45:36.602,5.96753,5.96952,1.05,1.32
2011.01.10 13:45:38.555,5.9675,5.9695,1.50,2.00
2011.01.10 13:45:38.746,5.9675,5.96958,2.78,1.17
2011.01.10 13:45:39.527,5.96731,5.9693,1.50,2.19
2011.01.10 13:45:40.513,5.96731,5.9693,1.50,2.19
2011.01.10 13:45:40.962,5.96749,5.96937,4.50,1.17
2011.01.10 13:45:42.980,5.9677,5.96958,1.50,1.17
2011.01.10 13:45:43.018,5.9677,5.96969,1.50,2.19
2011.01.10 13:45:43.136,5.9677,5.96969,1.50,2.00
2011.01.10 13:45:44.562,5.9677,5.96962,1.50,1.20
2011.01.10 13:45:46.148,5.9677,5.96952,1.50,1.20
2011.01.10 13:45:46.265,5.9675,5.9695,1.50,2.41
2011.01.10 13:45:48.072,5.9675,5.9695,1.50,2.41
2011.01.10 13:45:48.692,5.96737,5.96948,10.47,1.05
2011.01.10 13:45:48.810,5.96737,5.96953,10.47,2.19
2011.01.10 13:45:49.580,5.96753,5.96942,1.50,1.20
2011.01.10 13:45:49.692,5.96753,5.96933,1.50,2.19
2011.01.10 13:45:50.020,5.96734,5.96938,1.58,1.05
2011.01.10 13:45:50.885,5.96742,5.96943,1.05,1.09
2011.01.10 13:45:51.002,5.96753,5.96953,1.50,2.79
2011.01.10 13:45:51.219,5.96753,5.96953,1.65,1.09
2011.01.10 13:45:52.102,5.96753,5.96953,1.50,2.19
2011.01.10 13:45:52.685,5.96753,5.96953,1.80,2.04
2011.01.10 13:45:52.910,5.96767,5.96976,1.09,6.60
2011.01.10 13:45:53.188,5.96753,5.96953,1.65,1.09
2011.01.10 13:45:53.788,5.96737,5.96922,4.50,1.20
2011.01.10 13:45:53.905,5.96734,5.96933,1.58,1.81
2011.01.10 13:45:54.133,5.96743,5.96942,1.05,1.32
2011.01.10 13:45:54.252,5.96743,5.96952,1.05,1.20
2011.01.10 13:45:54.910,5.96761,5.96966,4.50,4.35
2011.01.10 13:45:55.026,5.96777,5.96988,1.09,4.92
2011.01.10 13:45:55.251,5.96772,5.96978,1.65,1.17
2011.01.10 13:45:55.963,5.96787,5.96993,1.09,2.85
2011.01.10 13:45:56.834,5.96794,5.96993,2.10,1.47
2011.01.10 13:45:57.015,5.96788,5.96993,1.09,2.85
2011.01.10 13:45:57.638,5.96754,5.96958,1.58,1.05
2011.01.10 13:46:00.342,5.96763,5.96962,1.05,1.32
2011.01.10 13:46:00.680,5.96768,5.96975,1.09,2.85
2011.01.10 13:46:01.352,5.96768,5.96975,1.09,2.85
2011.01.10 13:46:01.477,5.9676,5.96967,10.28,1.17
2011.01.10 13:46:01.595,5.96737,5.96948,1.09,1.17
2011.01.10 13:46:02.366,5.96758,5.96967,1.09,1.17
2011.01.10 13:46:02.701,5.96778,5.96987,1.09,1.17
2011.01.10 13:46:03.311,5.96773,5.96972,1.05,1.32
2011.01.10 13:46:03.848,5.96771,5.9697,1.50,2.41
2011.01.10 13:46:04.761,5.96827,5.97032,1.09,4.54
2011.01.10 13:46:05.100,5.96814,5.97013,1.58,1.81
2011.01.10 13:46:06.062,5.96818,5.97027,1.09,1.17
2011.01.10 13:46:07.015,5.96808,5.97013,2.33,2.19
2011.01.10 13:46:07.665,5.96799,5.96999,1.50,2.00
2011.01.10 13:46:08.245,5.96799,5.96999,1.50,2.41
2011.01.10 13:46:09.169,5.96799,5.97008,2.78,1.17
2011.01.10 13:46:09.615,5.96799,5.96999,1.50,2.41
2011.01.10 13:46:09.880,5.96799,5.97008,2.78,1.17
2011.01.10 13:46:10.445,5.96837,5.97018,3.00,2.19
2011.01.10 13:46:10.851,5.96837,5.97008,2.25,1.17
2011.01.10 13:46:11.500,5.96798,5.96978,3.00,2.00
2011.01.10 13:46:11.617,5.96798,5.96978,3.00,2.19
2011.01.10 13:46:11.736,5.96798,5.96978,3.00,2.00
2011.01.10 13:46:12.140,5.96798,5.96982,3.00,1.32
2011.01.10 13:46:12.886,5.96798,5.96978,3.00,2.00
2011.01.10 13:46:13.382,5.96798,5.96978,3.00,2.19
2011.01.10 13:46:13.491,5.96798,5.96957,2.25,1.05
2011.01.10 13:46:13.602,5.96757,5.96952,1.80,2.19
2011.01.10 13:46:14.216,5.96798,5.96969,2.25,2.19
2011.01.10 13:46:14.678,5.96798,5.96969,2.25,2.19
2011.01.10 13:46:15.408,5.96798,5.96968,2.25,1.17
2011.01.10 13:46:15.739,5.96798,5.96968,2.25,1.17
2011.01.10 13:46:16.258,5.96798,5.96943,2.25,1.32
2011.01.10 13:46:17.360,5.96798,5.9694,2.25,2.41
2011.01.10 13:46:17.572,5.96798,5.96942,2.25,1.32
2011.01.10 13:46:19.217,5.96798,5.96963,2.25,1.39
2011.01.10 13:46:19.442,5.96798,5.96984,2.25,10.35
2011.01.10 13:46:19.552,5.96798,5.96988,3.00,2.00
2011.01.10 13:46:20.209,5.96798,5.96972,2.25,1.32
2011.01.10 13:46:20.321,5.96798,5.96984,3.00,1.81
2011.01.10 13:46:20.652,5.96798,5.96984,3.00,2.19
2011.01.10 13:46:21.259,5.96798,5.96972,3.00,1.20
2011.01.10 13:46:21.376,5.96798,5.96978,2.25,1.17
2011.01.10 13:46:21.711,5.96798,5.96983,2.25,1.32
2011.01.10 13:46:21.825,5.96798,5.96972,2.25,1.09
2011.01.10 13:46:21.943,5.96798,5.96987,2.25,1.17
2011.01.10 13:46:22.493,5.96798,5.96987,2.25,1.17
2011.01.10 13:46:22.732,5.96798,5.96966,2.25,2.19
2011.01.10 13:46:23.456,5.96798,5.96943,2.25,1.20
2011.01.10 13:46:24.481,5.96798,5.96945,2.25,2.19
2011.01.10 13:46:24.851,5.96798,5.96945,2.25,2.19
2011.01.10 13:46:24.962,5.96798,5.96945,2.25,1.81
2011.01.10 13:46:25.301,5.96798,5.96968,2.25,1.17
2011.01.10 13:46:25.858,5.96798,5.96977,2.25,1.17
2011.01.10 13:46:27.084,5.96798,5.96967,2.25,1.17
2011.01.10 13:46:27.645,5.96798,5.96952,2.25,1.32
2011.01.10 13:46:28.147,5.96798,5.96966,2.25,2.04
2011.01.10 13:46:29.040,5.96798,5.96966,2.25,1.81
2011.01.10 13:46:29.159,5.96756,5.96945,1.58,2.14
2011.01.10 13:46:29.275,5.96748,5.96955,1.09,1.39
2011.01.10 13:46:29.389,5.96742,5.96955,1.05,1.39
2011.01.10 13:46:30.114,5.96747,5.9694,3.00,2.00
2011.01.10 13:46:30.450,5.96747,5.96932,3.00,1.20
2011.01.10 13:46:30.670,5.96747,5.96958,3.00,1.17
2011.01.10 13:46:32.023,5.9676,5.96959,1.50,2.41
2011.01.10 13:46:32.687,5.96767,5.96968,1.09,1.17
2011.01.10 13:46:33.904,5.96782,5.96981,1.05,2.82
2011.01.10 13:46:34.025,5.96782,5.96981,2.48,1.39
2011.01.10 13:46:34.252,5.9681,5.96985,1.05,1.39
2011.01.10 13:46:34.782,5.96827,5.97005,1.09,2.14
2011.01.10 13:46:35.013,5.96813,5.97027,1.17,1.17
2011.01.10 13:46:35.814,5.96805,5.97003,1.50,1.20
2011.01.10 13:46:35.932,5.96805,5.97005,1.58,1.81
2011.01.10 13:46:36.582,5.96808,5.97017,1.09,1.17
2011.01.10 13:46:36.691,5.96813,5.97027,1.17,1.17
2011.01.10 13:46:36.801,5.96823,5.97028,1.17,2.67
2011.01.10 13:46:37.024,5.96806,5.97,2.25,3.75
2011.01.10 13:46:37.565,5.96805,5.96999,1.50,1.50
2011.01.10 13:46:37.972,5.96805,5.97003,1.50,5.25
2011.01.10 13:46:39.069,5.96888,5.97023,2.25,1.50
2011.01.10 13:46:39.180,5.96888,5.97047,2.25,1.05
2011.01.10 13:46:39.510,5.96888,5.97053,2.25,1.32
2011.01.10 13:46:40.383,5.96853,5.97053,1.50,1.32
2011.01.10 13:46:40.610,5.96853,5.97022,1.50,1.50
2011.01.10 13:46:41.212,5.96813,5.97004,1.50,3.75
2011.01.10 13:46:41.819,5.96841,5.97041,1.50,2.41
2011.01.10 13:46:41.932,5.96841,5.97032,1.50,1.20
2011.01.10 13:46:42.579,5.96841,5.97023,1.50,1.20
2011.01.10 13:46:42.697,5.96828,5.97007,3.00,2.29
2011.01.10 13:46:42.814,5.96877,5.97027,2.25,1.47
2011.01.10 13:46:43.420,5.96868,5.9704,1.20,2.14
2011.01.10 13:46:43.530,5.96859,5.9704,2.29,2.14
2011.01.10 13:46:44.462,5.96859,5.97035,2.29,1.50
2011.01.10 13:46:44.624,5.96857,5.97035,6.72,1.50
2011.01.10 13:46:45.142,5.96857,5.97043,6.72,2.14
2011.01.10 13:46:45.256,5.96857,5.97043,3.00,4.73
2011.01.10 13:46:45.372,5.96857,5.97043,3.08,2.22
2011.01.10 13:46:46.257,5.96857,5.97043,6.72,2.14
2011.01.10 13:46:46.600,5.96857,5.97027,2.25,1.35
2011.01.10 13:46:47.366,5.9682,5.97007,1.50,1.17
2011.01.10 13:46:47.489,5.9682,5.97002,2.78,1.50
2011.01.10 13:46:47.712,5.96803,5.97007,1.65,1.17
2011.01.10 13:46:48.471,5.96812,5.97005,1.05,2.29
2011.01.10 13:46:48.612,5.96803,5.97005,1.58,4.73
2011.01.10 13:46:48.977,5.96803,5.97001,1.50,2.41
2011.01.10 13:46:49.872,5.96803,5.97008,1.58,1.17
2011.01.10 13:46:50.333,5.96803,5.97001,1.50,2.41
2011.01.10 13:46:50.740,5.96803,5.97008,1.58,1.17
2011.01.10 13:46:51.430,5.96803,5.97001,1.50,2.00
2011.01.10 13:46:52.012,5.96797,5.96982,2.25,1.32
2011.01.10 13:46:54.480,5.96803,5.96993,1.05,1.54
2011.01.10 13:46:55.055,5.96797,5.96993,2.33,2.85
2011.01.10 13:46:55.952,5.96797,5.96977,2.25,1.17
2011.01.10 13:46:56.063,5.96772,5.96977,2.78,1.17
2011.01.10 13:46:56.639,5.96772,5.96972,1.17,4.39
2011.01.10 13:46:56.753,5.96777,5.96988,1.09,1.17
2011.01.10 13:46:57.509,5.96817,5.96995,3.00,3.83
2011.01.10 13:46:58.497,5.96817,5.97004,3.00,2.04
2011.01.10 13:46:59.724,5.96825,5.97004,4.50,2.19
2011.01.10 13:47:00.370,5.96817,5.96998,2.25,1.17
2011.01.10 13:47:00.942,5.96817,5.97002,2.25,1.32
2011.01.10 13:47:01.053,5.96825,5.97005,4.50,2.04
2011.01.10 13:47:01.244,5.96825,5.97017,4.50,1.17
2011.01.10 13:47:01.951,5.96825,5.97018,4.50,1.17
2011.01.10 13:47:02.171,5.96817,5.97022,3.00,1.32
2011.01.10 13:47:02.721,5.96817,5.97008,2.25,1.17
2011.01.10 13:47:03.391,5.96818,5.97027,1.58,1.05
2011.01.10 13:47:03.722,5.96829,5.97029,1.50,2.00
2011.01.10 13:47:03.951,5.96822,5.97027,4.50,1.17
2011.01.10 13:47:04.502,5.96822,5.97012,4.50,1.32
2011.01.10 13:47:04.804,5.96822,5.97023,4.50,1.32
2011.01.10 13:47:06.067,5.96817,5.96982,2.25,1.20
2011.01.10 13:47:06.589,5.96793,5.96982,1.50,1.20
2011.01.10 13:47:06.821,5.96767,5.9698,3.00,4.54
2011.01.10 13:47:06.933,5.96747,5.96959,1.09,1.39
2011.01.10 13:47:07.477,5.96741,5.9694,1.05,1.39
2011.01.10 13:47:08.451,5.96758,5.96959,1.09,1.39
2011.01.10 13:47:09.251,5.96761,5.96959,2.29,1.39
2011.01.10 13:47:09.583,5.96768,5.96959,1.20,1.39
2011.01.10 13:47:10.476,5.96772,5.96973,1.05,1.32
2011.01.10 13:47:10.595,5.96783,5.96987,1.50,1.05
2011.01.10 13:47:11.042,5.96783,5.96993,1.50,2.19
2011.01.10 13:47:11.162,5.96792,5.96993,1.50,1.81
2011.01.10 13:47:11.793,5.96792,5.96993,1.80,1.09
2011.01.10 13:47:11.911,5.96803,5.97002,1.05,1.32
2011.01.10 13:47:12.132,5.96793,5.96993,1.05,2.04
2011.01.10 13:47:12.688,5.96792,5.96993,1.50,2.19
2011.01.10 13:47:13.587,5.96793,5.97002,1.05,1.32
2011.01.10 13:47:13.702,5.96798,5.96993,1.09,1.81
2011.01.10 13:47:14.481,5.96803,5.97002,1.05,1.32
2011.01.10 13:47:15.492,5.96797,5.97008,1.09,1.05
2011.01.10 13:47:16.327,5.96793,5.96993,1.05,2.04
2011.01.10 13:47:17.322,5.96798,5.97007,1.09,1.17
2011.01.10 13:47:17.860,5.96837,5.97017,2.25,2.85
2011.01.10 13:47:17.971,5.96837,5.97018,2.25,1.17
2011.01.10 13:47:18.834,5.96837,5.9701,2.25,2.00
2011.01.10 13:47:18.949,5.96837,5.97018,2.25,1.17
2011.01.10 13:47:19.301,5.96837,5.9701,2.25,2.41
2011.01.10 13:47:20.163,5.96837,5.97018,2.25,1.17
2011.01.10 13:47:20.282,5.96837,5.97011,2.25,2.00
2011.01.10 13:47:20.721,5.96837,5.97013,2.25,1.32
2011.01.10 13:47:20.951,5.96837,5.97011,2.25,2.00
2011.01.10 13:47:21.722,5.96837,5.97032,2.40,1.32
2011.01.10 13:47:23.363,5.96837,5.97034,6.08,1.54
2011.01.10 13:47:24.762,5.96837,5.97034,6.23,1.39
2011.01.10 13:47:24.882,5.96848,5.97038,1.09,1.39
2011.01.10 13:47:25.390,5.96857,5.97054,1.58,3.98
2011.01.10 13:47:25.734,5.96888,5.97042,2.25,1.32
2011.01.10 13:47:26.286,5.96888,5.97048,2.25,1.05
2011.01.10 13:47:26.650,5.96888,5.97038,2.25,2.00
2011.01.10 13:47:26.766,5.96888,5.97043,2.25,1.09
2011.01.10 13:47:28.281,5.96888,5.97047,2.25,1.17
2011.01.10 13:47:28.391,5.96888,5.97038,2.25,2.41
2011.01.10 13:47:29.296,5.96888,5.97048,2.25,1.05
2011.01.10 13:47:31.350,5.96888,5.97038,2.25,2.00
2011.01.10 13:47:31.569,5.96839,5.97038,1.50,2.00
2011.01.10 13:47:31.679,5.96837,5.97038,3.08,1.17
2011.01.10 13:47:33.080,5.96837,5.97015,2.25,2.85
2011.01.10 13:47:33.302,5.96837,5.97017,2.25,2.00
2011.01.10 13:47:33.520,5.96837,5.97017,2.25,2.19
2011.01.10 13:47:34.051,5.96837,5.97017,2.25,2.04
2011.01.10 13:47:34.163,5.96837,5.97018,3.00,2.00
2011.01.10 13:47:34.391,5.96837,5.9704,3.00,1.58
2011.01.10 13:47:34.610,5.96819,5.97003,1.50,1.50
2011.01.10 13:47:34.940,5.96826,5.97008,4.50,2.00
2011.01.10 13:47:35.051,5.96829,5.97017,4.50,1.17
2011.01.10 13:47:35.752,5.96829,5.97018,4.50,2.00
2011.01.10 13:47:36.681,5.96829,5.97018,4.50,2.00
2011.01.10 13:47:37.407,5.96829,5.97018,4.50,2.00
2011.01.10 13:47:37.520,5.96829,5.97023,4.50,1.09
2011.01.10 13:47:38.036,5.96829,5.97018,4.50,2.41
2011.01.10 13:47:38.150,5.96829,5.97022,4.50,1.32
2011.01.10 13:47:38.602,5.96829,5.97018,4.50,2.00
2011.01.10 13:47:38.812,5.96829,5.97022,4.50,1.32
2011.01.10 13:47:39.658,5.96829,5.97028,4.50,1.05
2011.01.10 13:47:39.931,5.96829,5.97028,4.50,1.39
2011.01.10 13:47:40.041,5.96829,5.97013,4.50,1.50
2011.01.10 13:47:40.575,5.96789,5.96988,1.05,1.39
2011.01.10 13:47:41.952,5.96826,5.96988,3.75,1.39
2011.01.10 13:47:42.061,5.96826,5.97005,4.50,1.81
2011.01.10 13:47:42.170,5.96826,5.97012,4.50,1.32
2011.01.10 13:47:42.280,5.9683,5.97012,3.75,1.32
2011.01.10 13:47:42.888,5.9683,5.97017,4.50,2.41
2011.01.10 13:47:43.006,5.9683,5.97027,4.50,1.05
2011.01.10 13:47:43.122,5.96835,5.97034,1.50,2.19
2011.01.10 13:47:43.700,5.96835,5.97034,1.50,2.19
2011.01.10 13:47:44.261,5.96806,5.97007,4.58,2.14
2011.01.10 13:47:44.881,5.96797,5.96999,3.00,2.14
2011.01.10 13:47:47.180,5.96827,5.97014,1.09,2.14
2011.01.10 13:47:47.811,5.96817,5.97018,1.09,1.17
2011.01.10 13:47:48.684,5.96847,5.97033,3.00,1.32
2011.01.10 13:47:50.195,5.96847,5.97024,3.00,1.58
2011.01.10 13:47:50.550,5.96848,5.97044,1.09,2.22
2011.01.10 13:47:50.769,5.96847,5.97043,3.15,1.32
2011.01.10 13:47:51.542,5.96847,5.97033,2.40,1.54
2011.01.10 13:47:52.511,5.96852,5.97049,1.05,4.69
2011.01.10 13:47:53.232,5.96907,5.97081,2.25,2.19
2011.01.10 13:47:53.355,5.96907,5.97083,2.25,1.32
2011.01.10 13:47:54.192,5.96907,5.97087,2.25,1.17
2011.01.10 13:47:54.598,5.96907,5.97097,2.25,1.17
2011.01.10 13:47:55.141,5.96907,5.97081,2.25,2.00
2011.01.10 13:47:55.473,5.96907,5.97081,2.25,2.19
2011.01.10 13:47:56.385,5.96907,5.97061,2.25,2.19
2011.01.10 13:47:56.610,5.96867,5.97058,2.33,1.05
2011.01.10 13:47:57.295,5.96867,5.97062,2.40,1.32
2011.01.10 13:47:57.800,5.96867,5.97062,2.40,1.32
2011.01.10 13:47:58.240,5.96867,5.97034,2.25,1.39
2011.01.10 13:47:59.533,5.96867,5.97038,2.25,1.17
2011.01.10 13:48:00.031,5.96867,5.97021,2.25,2.00
2011.01.10 13:48:00.252,5.96867,5.97023,2.25,1.32
2011.01.10 13:48:00.480,5.96867,5.97021,2.25,2.41
2011.01.10 13:48:01.045,5.96867,5.97023,2.25,1.32
2011.01.10 13:48:02.383,5.96867,5.97021,2.25,2.00
2011.01.10 13:48:02.610,5.96867,5.97023,2.25,1.32
2011.01.10 13:48:02.720,5.96867,5.97021,2.25,2.41
2011.01.10 13:48:03.382,5.96828,5.97021,1.80,2.19
2011.01.10 13:48:03.497,5.96787,5.96997,3.00,1.17
2011.01.10 13:48:03.831,5.96787,5.96989,3.00,2.67
2011.01.10 13:48:04.711,5.96787,5.96985,3.00,2.19
2011.01.10 13:48:04.824,5.96787,5.96977,3.00,1.17
2011.01.10 13:48:05.332,5.96787,5.96966,3.00,1.81
2011.01.10 13:48:06.253,5.96787,5.96982,3.15,1.32
2011.01.10 13:48:06.485,5.96788,5.96989,1.09,2.67
2011.01.10 13:48:07.724,5.96797,5.97008,1.09,3.04
2011.01.10 13:48:07.840,5.96803,5.97008,1.17,2.67
2011.01.10 13:48:08.060,5.96803,5.97002,1.05,1.32
2011.01.10 13:48:09.317,5.96797,5.96999,1.09,10.17
2011.01.10 13:48:09.434,5.96809,5.97008,2.70,1.39
2011.01.10 13:48:09.553,5.96813,5.97008,1.05,2.82
2011.01.10 13:48:09.671,5.96804,5.97008,1.58,2.93
2011.01.10 13:48:10.505,5.96807,5.97018,1.09,1.05
2011.01.10 13:48:10.620,5.96805,5.97003,1.65,1.09
2011.01.10 13:48:11.003,5.96808,5.97017,1.09,1.17
2011.01.10 13:48:11.224,5.96805,5.97008,1.58,1.05
2011.01.10 13:48:12.219,5.96808,5.97017,1.09,1.17
2011.01.10 13:48:12.329,5.96805,5.97008,1.58,1.05
2011.01.10 13:48:12.809,5.96808,5.97017,1.09,1.17
2011.01.10 13:48:12.919,5.96805,5.97003,1.65,2.04
2011.01.10 13:48:13.303,5.96813,5.97012,1.05,1.32
2011.01.10 13:48:13.757,5.96805,5.97003,1.65,1.09
2011.01.10 13:48:14.311,5.96808,5.97017,1.09,1.17
2011.01.10 13:48:18.071,5.96787,5.96953,2.25,2.19
2011.01.10 13:48:18.187,5.96758,5.96937,2.25,1.17
2011.01.10 13:48:18.701,5.96758,5.96961,2.70,2.82
2011.01.10 13:48:18.816,5.96758,5.96957,3.08,1.17
2011.01.10 13:48:19.782,5.96758,5.96958,3.08,2.00
2011.01.10 13:48:20.714,5.96763,5.96962,1.05,1.32
2011.01.10 13:48:22.557,5.96758,5.96943,3.00,1.32
2011.01.10 13:48:23.600,5.96758,5.96958,3.00,1.17
2011.01.10 13:48:23.872,5.96758,5.96939,3.00,2.41
2011.01.10 13:48:23.981,5.96758,5.96932,2.25,1.32
2011.01.10 13:48:27.383,5.96758,5.96967,6.72,1.17
2011.01.10 13:48:27.878,5.96773,5.96972,1.05,1.32
2011.01.10 13:48:27.995,5.96758,5.96968,6.53,1.17
2011.01.10 13:48:28.220,5.96767,5.96976,1.09,4.73
2011.01.10 13:48:28.852,5.96773,5.96977,1.17,2.29
2011.01.10 13:48:29.366,5.96777,5.96978,1.09,1.54
2011.01.10 13:48:30.152,5.96773,5.96972,1.05,1.32
2011.01.10 13:48:30.408,5.96773,5.96978,1.17,2.67
2011.01.10 13:48:31.142,5.96778,5.96978,2.29,1.39
2011.01.10 13:48:31.638,5.96773,5.96978,1.17,2.67
2011.01.10 13:48:32.834,5.96777,5.96978,1.09,1.54
2011.01.10 13:48:32.956,5.96758,5.96962,3.23,2.85
2011.01.10 13:48:33.071,5.96758,5.96957,3.08,1.17
2011.01.10 13:48:33.181,5.96763,5.96962,2.29,1.47
2011.01.10 13:48:33.530,5.96758,5.96957,3.08,1.17
2011.01.10 13:48:34.086,5.96762,5.96962,1.05,2.82
2011.01.10 13:48:34.423,5.96767,5.96978,1.09,1.17
2011.01.10 13:48:35.172,5.9678,5.96979,2.70,1.39
2011.01.10 13:48:35.546,5.96768,5.96977,1.09,1.17
2011.01.10 13:48:35.882,5.96818,5.96998,2.25,1.17
2011.01.10 13:48:35.993,5.96818,5.97002,2.25,1.32
2011.01.10 13:48:36.780,5.96818,5.97017,2.25,1.17
2011.01.10 13:48:37.687,5.96818,5.97017,2.25,1.17
2011.01.10 13:48:38.454,5.96777,5.96976,1.50,1.50
2011.01.10 13:48:38.569,5.96777,5.96977,1.50,4.39
2011.01.10 13:48:39.009,5.96777,5.96975,1.50,1.50
2011.01.10 13:48:40.246,5.96777,5.96902,1.50,1.50
2011.01.10 13:48:40.470,5.96693,5.96902,2.48,1.50
2011.01.10 13:48:40.581,5.96693,5.96902,2.48,1.69
2011.01.10 13:48:40.693,5.96687,5.96883,6.23,3.94
2011.01.10 13:48:40.810,5.96687,5.96883,5.85,3.94
2011.01.10 13:48:41.140,5.96687,5.96887,6.23,3.94
2011.01.10 13:48:42.818,5.96687,5.96888,5.85,1.69
2011.01.10 13:48:43.350,5.96688,5.9689,1.20,3.94
2011.01.10 13:48:43.812,5.96687,5.9689,2.48,4.09
2011.01.10 13:48:44.505,5.96687,5.96885,2.40,4.39
2011.01.10 13:48:44.821,5.96687,5.96883,2.33,1.08
2011.01.10 13:48:45.150,5.96687,5.96885,5.85,1.77
2011.01.10 13:48:46.252,5.96687,5.96886,2.70,1.84
2011.01.10 13:48:46.291,5.96687,5.96886,2.33,4.17
2011.01.10 13:48:48.069,5.96687,5.9689,5.85,9.72
2011.01.10 13:48:49.125,5.96647,5.96868,1.20,10.39
2011.01.10 13:48:52.051,5.9665,5.96876,2.48,1.58
2011.01.10 13:48:52.383,5.96677,5.96876,1.20,1.50
2011.01.10 13:48:52.963,5.96657,5.96879,1.20,4.58
2011.01.10 13:48:53.191,5.96649,5.96879,2.29,4.35
2011.01.10 13:48:53.521,5.96649,5.96879,2.48,1.50
2011.01.10 13:48:54.147,5.96649,5.96889,2.48,4.09
2011.01.10 13:48:54.262,5.96649,5.96869,2.48,1.50
2011.01.10 13:48:55.944,5.9665,5.96848,2.48,1.39
2011.01.10 13:48:58.297,5.96678,5.96848,1.20,1.39
2011.01.10 13:48:58.412,5.96678,5.96848,1.20,1.39
2011.01.10 13:48:58.531,5.96668,5.96868,2.48,1.39
2011.01.10 13:48:58.860,5.96668,5.96868,2.48,1.39
2011.01.10 13:48:59.477,5.96696,5.96871,2.48,1.39
2011.01.10 13:48:59.595,5.96696,5.96894,2.48,1.39
2011.01.10 13:49:00.112,5.96696,5.96894,2.48,1.39
2011.01.10 13:49:00.855,5.96738,5.96894,2.25,1.39
2011.01.10 13:49:03.901,5.96738,5.96894,2.25,1.39
2011.01.10 13:49:04.122,5.96738,5.96882,2.25,1.39
2011.01.10 13:49:06.456,5.96746,5.969,1.50,1.39
2011.01.10 13:49:06.996,5.96798,5.97004,2.25,4.39
2011.01.10 13:49:07.112,5.96798,5.97022,2.25,1.09
2011.01.10 13:49:07.354,5.96798,5.97017,2.25,2.19
2011.01.10 13:49:07.840,5.96798,5.96997,2.25,2.00
2011.01.10 13:49:09.282,5.96757,5.96978,3.23,1.50
2011.01.10 13:49:09.502,5.96747,5.96971,6.08,2.14
2011.01.10 13:49:09.620,5.96747,5.96961,6.08,4.50
2011.01.10 13:49:10.011,5.96747,5.96953,6.08,1.39
2011.01.10 13:49:11.782,5.96747,5.96953,2.25,1.39
2011.01.10 13:49:11.891,5.96756,5.96966,3.75,1.39
2011.01.10 13:49:12.110,5.9676,5.96989,3.75,1.39
2011.01.10 13:49:13.260,5.9676,5.96998,4.50,2.82
2011.01.10 13:49:14.156,5.96762,5.96999,1.05,2.82
2011.01.10 13:49:14.522,5.9676,5.96975,4.50,1.81
2011.01.10 13:49:15.229,5.96747,5.96947,3.00,2.41
2011.01.10 13:49:15.349,5.96749,5.96962,1.50,1.32
2011.01.10 13:49:15.680,5.96749,5.96953,1.50,1.09
2011.01.10 13:49:17.003,5.96749,5.96966,1.50,2.04
2011.01.10 13:49:17.387,5.96767,5.96977,1.50,1.17
2011.01.10 13:49:17.502,5.96767,5.96985,1.50,4.73
2011.01.10 13:49:18.310,5.96767,5.96972,1.50,1.32
2011.01.10 13:49:19.401,5.96767,5.96966,1.50,2.04
2011.01.10 13:49:19.621,5.9677,5.96973,1.50,1.09
2011.01.10 13:49:19.732,5.9677,5.96968,1.50,1.17
2011.01.10 13:49:22.480,5.96751,5.9695,1.50,2.00
2011.01.10 13:49:22.812,5.96747,5.96943,3.00,1.32
2011.01.10 13:49:23.250,5.96747,5.96933,3.00,1.32
2011.01.10 13:49:24.281,5.96747,5.96943,3.00,1.32
2011.01.10 13:49:24.721,5.96752,5.96951,1.50,2.41
2011.01.10 13:49:24.830,5.96752,5.96968,1.50,1.17
2011.01.10 13:49:25.420,5.96752,5.96951,1.50,2.00
2011.01.10 13:49:26.345,5.96752,5.96951,1.50,2.19
2011.01.10 13:49:27.320,5.96698,5.96888,3.00,2.19
2011.01.10 13:49:27.958,5.96747,5.96922,3.00,2.00
2011.01.10 13:49:28.071,5.96747,5.96927,3.00,6.60
2011.01.10 13:49:28.291,5.96747,5.96922,3.00,2.19
2011.01.10 13:49:28.881,5.96747,5.96904,2.25,2.19
2011.01.10 13:49:29.629,5.96747,5.96892,2.25,1.20
2011.01.10 13:49:30.085,5.96747,5.96904,2.25,2.19
2011.01.10 13:49:31.292,5.96747,5.96904,2.25,2.19
2011.01.10 13:49:31.555,5.96747,5.96904,2.25,2.19
2011.01.10 13:49:32.491,5.96747,5.96904,2.25,2.19
2011.01.10 13:49:33.127,5.96708,5.96885,1.80,2.19
2011.01.10 13:49:33.245,5.96704,5.96885,4.50,2.19
2011.01.10 13:49:33.364,5.96705,5.96903,1.50,2.19
2011.01.10 13:49:36.702,5.96723,5.96923,1.50,2.19
2011.01.10 13:49:37.121,5.96748,5.96923,2.25,2.19
2011.01.10 13:49:42.153,5.96748,5.96923,2.25,2.19
2011.01.10 13:49:44.163,5.96748,5.96923,2.25,1.81
2011.01.10 13:49:44.281,5.96748,5.969,2.25,1.50
2011.01.10 13:49:44.988,5.96748,5.96889,2.25,2.14
2011.01.10 13:49:45.107,5.96673,5.96889,1.50,4.54
2011.01.10 13:49:45.223,5.96674,5.96868,1.50,2.00
2011.01.10 13:49:45.455,5.96674,5.96877,1.50,1.17
2011.01.10 13:49:46.200,5.96674,5.96868,1.50,2.19
2011.01.10 13:49:47.856,5.96674,5.96868,1.50,2.19
2011.01.10 13:49:48.360,5.96674,5.96868,1.50,2.19
2011.01.10 13:49:50.753,5.96679,5.96877,4.50,1.17
2011.01.10 13:49:51.396,5.96688,5.96873,1.50,1.20
2011.01.10 13:49:51.794,5.96688,5.96887,1.50,2.19
2011.01.10 13:49:55.423,5.96688,5.96887,1.58,2.00
2011.01.10 13:49:55.539,5.96692,5.96893,1.05,1.32
2011.01.10 13:49:56.603,5.96688,5.96887,1.50,2.19
2011.01.10 13:49:57.481,5.96688,5.96872,1.50,1.20
2011.01.10 13:49:58.980,5.96672,5.96872,1.50,2.19
2011.01.10 13:49:59.095,5.96668,5.96852,3.00,2.19
2011.01.10 13:50:01.073,5.96638,5.96844,4.69,2.19
2011.01.10 13:50:01.196,5.96664,5.96857,4.50,1.17
2011.01.10 13:50:01.316,5.96667,5.96857,1.50,1.17
2011.01.10 13:50:01.736,5.96673,5.96872,1.50,2.00
2011.01.10 13:50:02.293,5.96673,5.96872,1.50,2.19
2011.01.10 13:50:02.412,5.96673,5.96872,1.50,2.41
2011.01.10 13:50:04.043,5.96673,5.96853,1.50,1.20
2011.01.10 13:50:04.652,5.96664,5.96852,4.50,2.41
2011.01.10 13:50:04.768,5.96673,5.96853,1.50,1.20
2011.01.10 13:50:04.879,5.96673,5.96872,1.50,2.19
2011.01.10 13:50:04.992,5.96673,5.96872,1.50,2.19
2011.01.10 13:50:05.212,5.96654,5.96853,1.50,2.19
2011.01.10 13:50:05.331,5.96654,5.96853,1.50,2.79
2011.01.10 13:50:05.957,5.96654,5.96853,1.65,1.09
2011.01.10 13:50:06.077,5.96688,5.96897,2.97,1.17
2011.01.10 13:50:07.134,5.96697,5.96908,1.09,1.17
2011.01.10 13:50:07.476,5.96678,5.96852,2.25,2.41
2011.01.10 13:50:08.051,5.96653,5.96853,1.65,1.32
2011.01.10 13:50:08.171,5.9669,5.96873,1.50,1.20
2011.01.10 13:50:08.401,5.96691,5.96889,1.50,2.41
2011.01.10 13:50:09.060,5.96691,5.96889,1.50,2.19
2011.01.10 13:50:09.540,5.96691,5.96889,1.50,2.00
2011.01.10 13:50:10.276,5.96691,5.96883,1.50,1.20
2011.01.10 13:50:10.622,5.96673,5.96872,1.50,2.19
2011.01.10 13:50:11.596,5.96664,5.96858,4.50,1.17
2011.01.10 13:50:13.582,5.96654,5.96852,1.50,2.19
2011.01.10 13:50:13.698,5.96654,5.96857,1.58,1.05
2011.01.10 13:50:15.002,5.96654,5.96843,1.50,1.20
2011.01.10 13:50:15.642,5.96638,5.96825,4.50,1.81
2011.01.10 13:50:15.759,5.96648,5.96849,1.09,2.67
2011.01.10 13:50:15.875,5.96648,5.96857,1.09,1.17
2011.01.10 13:50:15.993,5.96652,5.96866,1.17,2.85
2011.01.10 13:50:16.647,5.96678,5.96887,1.09,1.05
2011.01.10 13:50:16.765,5.96688,5.96894,1.09,2.85
2011.01.10 13:50:17.498,5.9669,5.96897,2.78,1.17
2011.01.10 13:50:17.860,5.96699,5.96898,1.50,2.19
2011.01.10 13:50:21.255,5.96707,5.9689,1.09,1.50
2011.01.10 13:50:21.371,5.96737,5.96936,1.58,1.81
2011.01.10 13:50:21.596,5.96727,5.96922,3.15,1.32
2011.01.10 13:50:23.542,5.96732,5.96933,1.05,1.32
2011.01.10 13:50:23.653,5.96737,5.9694,1.09,2.67
2011.01.10 13:50:24.425,5.96747,5.96946,1.50,2.19
2011.01.10 13:50:24.545,5.96727,5.96918,3.00,2.41
2011.01.10 13:50:24.770,5.96727,5.96928,3.08,1.05
2011.01.10 13:50:26.900,5.96727,5.96918,3.00,2.41
2011.01.10 13:50:31.158,5.96748,5.96927,4.50,1.17
2011.01.10 13:50:31.282,5.96783,5.96979,4.50,2.19
2011.01.10 13:50:31.396,5.96768,5.96978,6.53,1.17
2011.01.10 13:50:31.865,5.96768,5.96962,3.15,1.32
2011.01.10 13:50:32.572,5.96768,5.96961,3.00,2.00
2011.01.10 13:50:33.299,5.96744,5.96943,1.50,2.79
2011.01.10 13:50:35.070,5.96744,5.96943,1.50,2.19
2011.01.10 13:50:35.333,5.96744,5.96943,1.50,2.19
2011.01.10 13:50:35.519,5.96744,5.96943,1.50,2.19
2011.01.10 13:50:36.756,5.96744,5.96943,1.50,2.79
2011.01.10 13:50:37.628,5.96744,5.96943,1.50,2.19
2011.01.10 13:50:37.749,5.96734,5.96933,1.65,2.04
2011.01.10 13:50:37.871,5.96737,5.96948,1.09,1.05
2011.01.10 13:50:38.132,5.96734,5.96938,1.58,1.05
2011.01.10 13:50:38.352,5.96737,5.96948,1.09,1.05
2011.01.10 13:50:42.226,5.96734,5.96938,1.58,1.05
2011.01.10 13:50:42.559,5.96734,5.96933,1.50,2.19
2011.01.10 13:50:43.004,5.96727,5.96914,3.00,1.81
2011.01.10 13:50:43.455,5.96727,5.96914,3.00,2.19
2011.01.10 13:50:43.858,5.96727,5.96914,3.00,2.19
2011.01.10 13:50:45.308,5.96727,5.96913,3.00,1.20
2011.01.10 13:50:50.084,5.96727,5.96914,3.00,2.19
2011.01.10 13:50:52.781,5.96727,5.96914,3.00,1.81
2011.01.10 13:50:52.892,5.96735,5.96933,1.50,2.19
2011.01.10 13:50:53.526,5.96735,5.96933,1.50,2.19
2011.01.10 13:50:53.643,5.96735,5.96933,1.50,2.19
2011.01.10 13:50:54.120,5.96737,5.96948,1.09,1.05
2011.01.10 13:50:54.834,5.96761,5.96967,2.78,1.17
2011.01.10 13:50:55.170,5.96761,5.96961,1.50,2.00
2011.01.10 13:50:55.822,5.96761,5.96967,2.78,1.17
2011.01.10 13:50:56.711,5.96761,5.96961,1.50,2.00
2011.01.10 13:50:59.723,5.96761,5.96961,1.50,2.19
2011.01.10 13:50:59.953,5.96771,5.96961,4.50,2.00
2011.01.10 13:51:01.331,5.96761,5.96913,1.50,1.20
2011.01.10 13:51:01.899,5.96744,5.96912,1.50,1.20
2011.01.10 13:51:02.016,5.96744,5.96922,1.50,1.20
2011.01.10 13:51:04.514,5.96762,5.96953,1.50,1.20
2011.01.10 13:51:05.350,5.96748,5.96933,4.50,1.20
2011.01.10 13:51:05.692,5.96744,5.96943,1.50,2.19
2011.01.10 13:51:06.222,5.96744,5.96943,1.50,2.19
2011.01.10 13:51:06.413,5.96744,5.96923,1.50,1.20
2011.01.10 13:51:06.747,5.96744,5.96943,1.50,2.19
2011.01.10 13:51:06.983,5.96744,5.96943,1.50,2.79
2011.01.10 13:51:07.585,5.96744,5.96943,1.50,2.19
2011.01.10 13:51:07.760,5.96744,5.96943,1.50,2.19
2011.01.10 13:51:09.228,5.96744,5.96943,1.65,1.09
2011.01.10 13:51:09.349,5.96762,5.9696,1.50,2.19
2011.01.10 13:51:10.339,5.96762,5.96943,1.50,1.20
2011.01.10 13:51:10.360,5.96762,5.96952,1.50,1.20
2011.01.10 13:51:13.135,5.96762,5.96943,1.50,2.04
2011.01.10 13:51:13.259,5.96749,5.96943,4.50,2.19
2011.01.10 13:51:13.373,5.96743,5.96943,1.50,2.19
2011.01.10 13:51:13.740,5.96743,5.96943,1.50,2.19
2011.01.10 13:51:14.401,5.96743,5.96943,1.50,2.19
2011.01.10 13:51:14.512,5.96743,5.96943,1.50,2.19
2011.01.10 13:51:15.281,5.96743,5.96943,1.50,2.19
2011.01.10 13:51:15.394,5.96743,5.96943,1.50,2.19
2011.01.10 13:51:15.909,5.96728,5.96915,3.00,2.19
2011.01.10 13:51:16.028,5.96716,5.96915,1.50,2.19
2011.01.10 13:51:16.425,5.96716,5.96915,1.50,2.19
2011.01.10 13:51:17.153,5.96716,5.96915,1.50,2.19
2011.01.10 13:51:17.279,5.96716,5.96893,1.50,1.20
2011.01.10 13:51:17.502,5.96716,5.96902,1.50,1.20
2011.01.10 13:51:17.636,5.96716,5.96915,1.50,2.19
2011.01.10 13:51:18.283,5.96716,5.96915,1.50,2.19
2011.01.10 13:51:18.522,5.96716,5.96902,1.50,1.20
2011.01.10 13:51:19.378,5.96716,5.96915,1.50,2.19
2011.01.10 13:51:19.711,5.96716,5.96915,1.50,2.19
2011.01.10 13:51:19.930,5.96716,5.96893,1.50,1.20
2011.01.10 13:51:22.442,5.96722,5.96915,4.50,2.19
2011.01.10 13:51:22.670,5.96731,5.96931,1.50,2.19
2011.01.10 13:51:22.781,5.96731,5.96931,1.50,2.19
2011.01.10 13:51:23.455,5.96731,5.96931,1.50,2.19
2011.01.10 13:51:24.516,5.96731,5.96872,1.50,1.20
2011.01.10 13:51:24.639,5.96695,5.96895,1.50,2.19
2011.01.10 13:51:24.860,5.96695,5.96895,1.50,2.19
2011.01.10 13:51:25.528,5.96695,5.96912,1.50,2.19
2011.01.10 13:51:25.649,5.96697,5.96882,4.50,1.20
2011.01.10 13:51:26.202,5.96693,5.96873,1.50,1.20
2011.01.10 13:51:27.136,5.96693,5.96869,1.50,1.65
2011.01.10 13:51:27.360,5.96693,5.96869,1.50,4.17
2011.01.10 13:51:27.583,5.96693,5.96869,1.50,1.65
2011.01.10 13:51:27.969,5.96693,5.96869,1.50,4.35
2011.01.10 13:51:28.711,5.96693,5.96854,1.50,4.35
2011.01.10 13:51:29.714,5.96693,5.96854,1.50,4.35
2011.01.10 13:51:32.189,5.96693,5.96832,1.50,1.20
2011.01.10 13:51:32.302,5.96693,5.96842,1.50,1.20
2011.01.10 13:51:32.493,5.96693,5.96833,1.50,1.20
2011.01.10 13:51:33.582,5.96693,5.96854,1.50,4.35
2011.01.10 13:51:34.338,5.96693,5.96852,1.50,1.20
2011.01.10 13:51:34.560,5.96693,5.96854,1.50,4.35
2011.01.10 13:51:35.232,5.96693,5.96851,1.50,4.35
2011.01.10 13:51:36.623,5.96693,5.96851,1.50,4.35
2011.01.10 13:51:37.918,5.96693,5.96832,1.50,1.20
2011.01.10 13:51:38.359,5.96693,5.96842,1.50,4.17
2011.01.10 13:51:38.973,5.96693,5.96842,1.50,4.35
2011.01.10 13:51:39.233,5.96693,5.96842,1.50,4.95
2011.01.10 13:51:40.255,5.96693,5.96852,1.50,4.35
2011.01.10 13:51:41.065,5.96693,5.96852,1.50,4.35
2011.01.10 13:51:41.736,5.96693,5.96852,1.50,4.35
2011.01.10 13:51:45.694,5.96693,5.96852,1.50,4.35
2011.01.10 13:51:55.024,5.96641,5.96828,1.50,1.65
2011.01.10 13:51:55.252,5.9664,5.96808,1.50,1.50
2011.01.10 13:51:55.361,5.96621,5.96808,1.50,2.14
2011.01.10 13:51:55.470,5.96597,5.96808,1.50,2.14
2011.01.10 13:51:56.715,5.96597,5.96807,1.50,1.17
2011.01.10 13:51:57.522,5.96597,5.96792,1.50,1.20
2011.01.10 13:51:58.085,5.96597,5.96783,1.50,1.20
2011.01.10 13:51:58.963,5.96597,5.96796,1.50,2.19
2011.01.10 13:51:59.733,5.96597,5.96796,1.50,2.19
2011.01.10 13:52:00.267,5.96597,5.96773,1.50,1.20
2011.01.10 13:52:01.293,5.96597,5.96782,1.50,1.20
2011.01.10 13:52:03.471,5.96597,5.96772,1.50,1.20
2011.01.10 13:52:04.057,5.96597,5.96762,1.50,1.20
2011.01.10 13:52:04.179,5.96573,5.96777,1.65,1.05
2011.01.10 13:52:04.293,5.96573,5.96772,1.50,2.19
2011.01.10 13:52:05.046,5.96555,5.96743,1.50,1.20
2011.01.10 13:52:05.997,5.96555,5.96753,1.50,1.20
2011.01.10 13:52:06.114,5.96555,5.96754,1.50,2.19
2011.01.10 13:52:07.147,5.96555,5.96752,1.50,1.20
2011.01.10 13:52:08.066,5.96555,5.96754,1.58,1.81
2011.01.10 13:52:08.707,5.96554,5.96752,1.50,1.20
2011.01.10 13:52:09.662,5.96554,5.96754,1.65,2.04
2011.01.10 13:52:09.790,5.96573,5.96772,1.50,2.19
2011.01.10 13:52:10.262,5.96578,5.96777,1.09,1.05
2011.01.10 13:52:10.775,5.96568,5.96768,6.53,1.05
2011.01.10 13:52:11.002,5.96572,5.96772,1.50,2.19
2011.01.10 13:52:11.231,5.96572,5.96778,1.65,1.17
2011.01.10 13:52:17.617,5.96572,5.96772,1.50,2.00
2011.01.10 13:52:17.735,5.96572,5.96778,1.65,1.17
2011.01.10 13:52:18.950,5.96564,5.96753,4.50,2.19
2011.01.10 13:52:19.065,5.96554,5.96753,1.65,2.04
2011.01.10 13:52:19.836,5.96554,5.96753,1.50,2.19
2011.01.10 13:52:20.164,5.96554,5.96753,1.50,2.19
2011.01.10 13:52:20.956,5.96589,5.96752,1.50,1.20
2011.01.10 13:52:21.072,5.96576,5.96752,1.50,1.20
2011.01.10 13:52:21.330,5.96576,5.96774,1.50,2.19
2011.01.10 13:52:21.773,5.96588,5.96772,4.50,1.20
2011.01.10 13:52:22.318,5.96588,5.96793,4.50,2.19
2011.01.10 13:52:22.440,5.96594,5.96752,1.50,1.20
2011.01.10 13:52:22.772,5.96576,5.96774,1.50,2.19
2011.01.10 13:52:23.337,5.96576,5.96732,1.50,1.20
2011.01.10 13:52:24.071,5.96576,5.96763,1.50,1.20
2011.01.10 13:52:24.572,5.96601,5.96774,3.75,2.19
2011.01.10 13:52:24.691,5.96625,5.9681,4.50,2.19
2011.01.10 13:52:24.801,5.96625,5.9681,4.50,2.41
2011.01.10 13:52:25.545,5.96612,5.96813,1.05,1.32
2011.01.10 13:52:25.661,5.96611,5.9681,5.25,2.19
2011.01.10 13:52:25.974,5.96611,5.96817,12.15,1.17
2011.01.10 13:52:27.125,5.96596,5.96795,1.50,2.19
2011.01.10 13:52:27.574,5.96596,5.96772,1.50,1.20
2011.01.10 13:52:27.807,5.96597,5.96808,1.09,1.17
2011.01.10 13:52:27.923,5.9662,5.96818,1.50,1.17
2011.01.10 13:52:28.569,5.96644,5.96842,1.50,2.19
2011.01.10 13:52:28.688,5.96624,5.96824,1.50,2.19
2011.01.10 13:52:28.801,5.96624,5.96824,1.50,2.19
2011.01.10 13:52:29.242,5.96624,5.96824,1.50,2.19
2011.01.10 13:52:29.573,5.96598,5.96796,3.00,2.19
2011.01.10 13:52:30.147,5.96596,5.96796,1.50,2.19
2011.01.10 13:52:30.261,5.96596,5.96782,1.50,1.20
2011.01.10 13:52:30.498,5.96596,5.96796,1.50,2.19
2011.01.10 13:52:30.720,5.96596,5.96796,1.50,2.19
2011.01.10 13:52:30.830,5.96596,5.96792,1.50,1.20
2011.01.10 13:52:32.129,5.96596,5.96783,1.50,1.20
2011.01.10 13:52:32.243,5.96596,5.96796,1.50,2.19
2011.01.10 13:52:32.639,5.96596,5.96796,1.50,2.19
2011.01.10 13:52:33.130,5.96596,5.96782,1.50,1.20
2011.01.10 13:52:33.680,5.96596,5.96796,1.50,2.19
2011.01.10 13:52:34.574,5.96596,5.96796,1.50,2.19
2011.01.10 13:52:34.811,5.96596,5.96796,1.50,2.19
2011.01.10 13:52:35.363,5.96596,5.96796,1.50,2.19
2011.01.10 13:52:35.710,5.96596,5.96773,1.50,1.20
2011.01.10 13:52:36.156,5.96596,5.96796,1.50,2.19
2011.01.10 13:52:37.963,5.96596,5.96796,1.50,2.19
2011.01.10 13:52:39.676,5.96596,5.96796,1.50,2.19
2011.01.10 13:52:40.020,5.96596,5.96796,1.50,2.19
2011.01.10 13:52:40.886,5.96596,5.96796,1.50,2.19
2011.01.10 13:52:45.028,5.96596,5.96796,1.50,2.19
2011.01.10 13:52:45.251,5.96615,5.96814,1.50,2.19
2011.01.10 13:52:45.361,5.96615,5.96814,1.50,2.19
2011.01.10 13:52:45.797,5.96615,5.96814,1.50,2.19
2011.01.10 13:52:45.916,5.96615,5.96814,1.50,2.19
2011.01.10 13:52:46.034,5.96615,5.96814,1.50,2.19
2011.01.10 13:52:46.681,5.96597,5.96773,1.50,1.20
2011.01.10 13:52:46.796,5.96597,5.96752,1.50,1.20
2011.01.10 13:52:48.561,5.96597,5.96795,1.50,2.19
2011.01.10 13:52:48.671,5.96597,5.96795,1.50,2.19
2011.01.10 13:52:49.577,5.96597,5.96795,1.50,2.19
2011.01.10 13:52:50.061,5.96616,5.96814,1.50,5.94
2011.01.10 13:52:50.178,5.96616,5.96783,1.50,1.20
2011.01.10 13:52:50.295,5.96597,5.96796,1.50,2.19
2011.01.10 13:52:50.522,5.96615,5.96814,1.50,2.19
2011.01.10 13:52:50.852,5.96615,5.96782,1.50,1.20
2011.01.10 13:52:52.091,5.96615,5.96772,1.50,1.20
2011.01.10 13:52:52.422,5.96615,5.96814,1.50,2.19
2011.01.10 13:52:52.530,5.96597,5.96796,1.50,2.19
2011.01.10 13:52:53.043,5.96597,5.96796,1.50,2.19
2011.01.10 13:52:53.164,5.96597,5.96796,1.50,2.19
2011.01.10 13:52:55.203,5.96597,5.96796,1.50,2.19
2011.01.10 13:52:55.433,5.96616,5.96782,1.50,1.20
2011.01.10 13:52:56.400,5.96597,5.96795,1.50,2.19
2011.01.10 13:52:56.810,5.96597,5.96795,1.50,2.19
2011.01.10 13:52:57.783,5.96597,5.96772,1.50,1.20
2011.01.10 13:52:59.126,5.96597,5.96732,1.50,1.20
2011.01.10 13:52:59.759,5.96615,5.96723,1.50,1.20
2011.01.10 13:52:59.880,5.96565,5.96713,3.75,1.20
2011.01.10 13:53:00.529,5.96535,5.96713,1.50,1.20
2011.01.10 13:53:00.756,5.96535,5.96733,1.50,2.19
2011.01.10 13:53:01.863,5.96535,5.96733,1.50,2.19
2011.01.10 13:53:04.612,5.96535,5.96723,1.50,1.20
2011.01.10 13:53:04.721,5.96547,5.96723,1.50,1.20
2011.01.10 13:53:06.121,5.96548,5.96746,1.50,2.19
2011.01.10 13:53:06.273,5.96548,5.96746,1.50,2.19
2011.01.10 13:53:06.790,5.96548,5.96733,1.50,1.20
2011.01.10 13:53:07.485,5.96548,5.96763,1.50,4.35
2011.01.10 13:53:08.351,5.96566,5.96766,1.50,2.19
2011.01.10 13:53:08.570,5.96547,5.96747,1.50,2.19
2011.01.10 13:53:09.125,5.96547,5.96747,1.50,2.19
2011.01.10 13:53:09.428,5.96547,5.96693,1.50,1.20
2011.01.10 13:53:09.739,5.96547,5.96683,1.50,1.20
2011.01.10 13:53:09.850,5.96547,5.96747,1.50,2.19
2011.01.10 13:53:10.806,5.96547,5.96747,1.50,2.19
2011.01.10 13:53:11.171,5.96547,5.96729,1.50,2.19
2011.01.10 13:53:11.866,5.96529,5.96662,1.50,1.20
2011.01.10 13:53:12.445,5.96529,5.96652,1.50,1.20
2011.01.10 13:53:14.143,5.96529,5.96662,1.50,1.20
2011.01.10 13:53:14.906,5.96529,5.96652,1.50,1.20
2011.01.10 13:53:15.373,5.96529,5.96729,1.50,2.19
2011.01.10 13:53:15.630,5.96529,5.96724,1.50,4.35
2011.01.10 13:53:15.742,5.96529,5.96724,1.50,4.35
2011.01.10 13:53:16.679,5.96529,5.96723,1.50,2.48
2011.01.10 13:53:16.794,5.96514,5.96712,1.50,2.19
2011.01.10 13:53:16.911,5.96514,5.96663,1.50,1.20
2011.01.10 13:53:17.132,5.96514,5.96653,1.50,1.20
2011.01.10 13:53:17.918,5.96481,5.96613,1.50,1.20
2011.01.10 13:53:18.364,5.96481,5.96679,1.50,2.19
2011.01.10 13:53:18.951,5.96479,5.96678,1.50,2.19
2011.01.10 13:53:20.636,5.965,5.96698,1.50,2.19
2011.01.10 13:53:20.976,5.9648,5.9668,1.50,2.19
2011.01.10 13:53:21.525,5.9648,5.9668,1.50,2.19
2011.01.10 13:53:21.753,5.96499,5.96642,1.50,1.20
2011.01.10 13:53:22.387,5.9648,5.96698,1.50,2.19
2011.01.10 13:53:22.503,5.9648,5.96679,1.50,2.19
2011.01.10 13:53:22.613,5.9648,5.96679,1.50,2.19
2011.01.10 13:53:23.146,5.96481,5.96678,4.50,2.19
2011.01.10 13:53:23.268,5.96478,5.96678,3.75,2.19
2011.01.10 13:53:23.503,5.96478,5.96678,7.50,2.19
2011.01.10 13:53:24.126,5.96497,5.96678,1.50,2.19
2011.01.10 13:53:24.247,5.96479,5.96677,1.50,2.19
2011.01.10 13:53:24.543,5.96479,5.96677,1.50,2.19
2011.01.10 13:53:24.770,5.96479,5.96677,1.50,2.19
2011.01.10 13:53:25.573,5.96515,5.96693,1.50,2.48
2011.01.10 13:53:26.464,5.96515,5.96715,1.50,2.19
2011.01.10 13:53:27.225,5.96502,5.96653,1.50,1.20
2011.01.10 13:53:27.791,5.96502,5.967,1.50,2.19
2011.01.10 13:53:28.479,5.96502,5.96642,1.50,1.20
2011.01.10 13:53:28.815,5.96502,5.96602,1.50,1.20
2011.01.10 13:53:28.934,5.96486,5.96612,1.50,1.20
2011.01.10 13:53:29.467,5.96504,5.96698,1.50,4.35
2011.01.10 13:53:29.587,5.96504,5.96642,1.50,1.20
2011.01.10 13:53:31.134,5.96504,5.96693,1.50,2.48
2011.01.10 13:53:31.253,5.96504,5.9669,1.50,1.08
2011.01.10 13:53:31.784,5.96503,5.96633,1.50,1.20
2011.01.10 13:53:31.906,5.96503,5.96643,1.50,1.20
2011.01.10 13:53:33.221,5.96503,5.96632,1.50,1.20
2011.01.10 13:53:36.765,5.96503,5.96701,1.50,2.19
2011.01.10 13:53:39.185,5.96503,5.96701,1.50,2.19
2011.01.10 13:53:39.887,5.96503,5.96701,1.50,2.19
2011.01.10 13:53:42.240,5.96503,5.96632,1.50,1.20
2011.01.10 13:53:42.354,5.96503,5.96701,1.50,2.19
2011.01.10 13:53:43.107,5.96503,5.96701,1.50,2.19
2011.01.10 13:53:45.680,5.96503,5.96701,1.50,2.19
2011.01.10 13:53:45.793,5.96503,5.96701,1.50,2.19
2011.01.10 13:53:46.368,5.96503,5.96673,1.50,1.20
2011.01.10 13:53:46.611,5.96503,5.96701,1.50,2.19
2011.01.10 13:53:47.237,5.96512,5.96711,1.50,2.19
2011.01.10 13:53:47.355,5.96512,5.96711,1.50,2.19
2011.01.10 13:53:47.705,5.96512,5.96711,1.50,2.19
2011.01.10 13:53:48.902,5.96512,5.96711,1.50,2.19
2011.01.10 13:53:50.452,5.96512,5.96711,1.50,2.19
2011.01.10 13:53:50.782,5.96512,5.96711,5.25,2.19
2011.01.10 13:53:50.891,5.96512,5.96711,5.25,2.19
2011.01.10 13:53:51.111,5.96498,5.96711,1.50,2.19
2011.01.10 13:53:51.221,5.96498,5.96693,1.50,1.20
2011.01.10 13:53:51.807,5.96498,5.96707,1.50,1.05
2011.01.10 13:53:51.923,5.96498,5.96697,1.50,1.81
2011.01.10 13:53:52.806,5.96498,5.96697,1.50,2.19
2011.01.10 13:53:53.431,5.96498,5.96687,1.50,2.19
2011.01.10 13:53:53.540,5.96488,5.96687,3.00,2.19
2011.01.10 13:53:54.138,5.96482,5.96667,4.50,1.05
2011.01.10 13:53:54.251,5.96493,5.96693,1.50,2.19
2011.01.10 13:53:54.540,5.96493,5.96683,1.50,1.20
2011.01.10 13:53:55.109,5.96493,5.96693,1.50,2.19
2011.01.10 13:53:55.654,5.96493,5.96693,1.50,2.19
2011.01.10 13:53:59.931,5.96493,5.96672,1.50,1.50
2011.01.10 13:54:00.040,5.96461,5.96672,1.50,2.14
2011.01.10 13:54:00.261,5.96461,5.96657,1.50,1.50
2011.01.10 13:54:00.480,5.96443,5.96649,1.05,1.39
2011.01.10 13:54:00.700,5.96438,5.96647,1.09,1.17
2011.01.10 13:54:01.262,5.96427,5.96638,1.09,1.17
2011.01.10 13:54:01.700,5.96418,5.96622,3.15,1.32
2011.01.10 13:54:01.812,5.96422,5.96633,1.05,1.32
2011.01.10 13:54:02.047,5.96418,5.96623,3.00,1.09
2011.01.10 13:54:02.380,5.96418,5.96618,6.72,2.00
2011.01.10 13:54:03.474,5.96418,5.96618,3.00,2.00
2011.01.10 13:54:06.554,5.9644,5.96642,1.05,3.19
2011.01.10 13:54:06.682,5.9649,5.96689,2.29,1.39
2011.01.10 13:54:06.901,5.96512,5.96697,1.05,1.39
2011.01.10 13:54:07.393,5.96512,5.96713,1.05,1.32
2011.01.10 13:54:07.520,5.96517,5.96719,1.09,2.67
2011.01.10 13:54:08.452,5.96537,5.96738,1.09,1.17
2011.01.10 13:54:08.571,5.96527,5.96728,1.09,1.05
2011.01.10 13:54:09.448,5.96527,5.96738,1.09,1.17
2011.01.10 13:54:12.215,5.96533,5.96742,1.17,2.85
2011.01.10 13:54:13.012,5.96543,5.96742,2.33,1.39
2011.01.10 13:54:13.239,5.96528,5.96737,1.09,1.17
2011.01.10 13:54:13.846,5.96527,5.96735,1.09,4.73
2011.01.10 13:54:14.183,5.96508,5.96717,1.09,1.17
2011.01.10 13:54:14.410,5.96532,5.96733,1.05,1.32
2011.01.10 13:54:14.975,5.96518,5.96728,2.78,1.17
2011.01.10 13:54:15.095,5.96532,5.96733,1.05,1.32
2011.01.10 13:54:15.215,5.96517,5.96717,1.09,1.47
2011.01.10 13:54:15.789,5.96504,5.96703,2.33,1.54
2011.01.10 13:54:16.312,5.96508,5.96703,1.20,1.39
2011.01.10 13:54:16.691,5.96498,5.96703,1.09,2.85
2011.01.10 13:54:16.802,5.96494,5.96708,1.58,1.17
2011.01.10 13:54:17.568,5.96543,5.96742,1.50,2.19
2011.01.10 13:54:17.680,5.96543,5.96742,1.50,2.41
2011.01.10 13:54:18.010,5.96543,5.96743,1.50,1.32
2011.01.10 13:54:18.121,5.96543,5.96742,1.50,2.19
2011.01.10 13:54:18.652,5.96543,5.96742,1.50,2.41
2011.01.10 13:54:18.760,5.96543,5.96742,1.50,1.09
2011.01.10 13:54:19.719,5.96543,5.96748,1.58,1.17
2011.01.10 13:54:20.276,5.96543,5.96742,1.65,2.19
2011.01.10 13:54:20.821,5.96548,5.96747,1.09,1.05
2011.01.10 13:54:22.884,5.96566,5.96766,1.02,2.85
2011.01.10 13:54:23.001,5.96567,5.96766,7.73,1.47
2011.01.10 13:54:23.631,5.96579,5.96778,1.50,2.00
2011.01.10 13:54:23.747,5.96593,5.96792,1.05,1.32
2011.01.10 13:54:23.862,5.96582,5.96783,1.05,1.09
2011.01.10 13:54:27.843,5.96579,5.96788,2.78,1.05
2011.01.10 13:54:29.909,5.96587,5.96783,1.09,1.09
2011.01.10 13:54:30.630,5.9667,5.96868,1.50,2.19
2011.01.10 13:54:30.750,5.96693,5.96891,2.10,1.39
2011.01.10 13:54:32.362,5.96739,5.96917,1.50,1.50
2011.01.10 13:54:32.481,5.96739,5.96931,1.50,1.65
2011.01.10 13:54:32.598,5.96733,5.96903,4.50,1.09
2011.01.10 13:54:33.248,5.96704,5.96903,1.50,2.19
2011.01.10 13:54:33.706,5.96709,5.96903,4.50,2.19
2011.01.10 13:54:33.933,5.96703,5.96902,1.50,2.19
2011.01.10 13:54:34.547,5.96703,5.96902,1.50,2.41
2011.01.10 13:54:34.665,5.9671,5.96902,4.50,1.09
2011.01.10 13:54:34.784,5.96727,5.96921,1.09,2.29
2011.01.10 13:54:34.903,5.96737,5.96921,1.09,2.14
2011.01.10 13:54:35.448,5.9674,5.96937,2.78,1.65
2011.01.10 13:54:36.944,5.9674,5.96938,1.50,2.00
2011.01.10 13:54:37.862,5.9674,5.96938,1.50,2.19
2011.01.10 13:54:38.513,5.96706,5.96905,1.50,5.94
2011.01.10 13:54:38.870,5.96706,5.96905,1.50,2.19
2011.01.10 13:54:40.115,5.96706,5.96882,1.50,1.20
2011.01.10 13:54:40.708,5.96722,5.96908,1.50,1.17
2011.01.10 13:54:40.932,5.96722,5.9692,1.50,2.19
2011.01.10 13:54:41.647,5.96722,5.96901,1.50,2.00
2011.01.10 13:54:41.763,5.96702,5.96901,1.50,2.19
2011.01.10 13:54:41.886,5.96718,5.96925,1.09,2.85
2011.01.10 13:54:42.450,5.96737,5.96937,1.09,1.47
2011.01.10 13:54:42.780,5.96721,5.96921,1.50,2.41
2011.01.10 13:54:43.478,5.96703,5.96902,1.50,2.19
2011.01.10 13:54:43.704,5.96708,5.96917,1.09,1.05
2011.01.10 13:54:43.822,5.96721,5.96921,1.50,2.00
2011.01.10 13:54:44.470,5.9674,5.9694,1.50,2.41
2011.01.10 13:54:44.744,5.9674,5.96944,2.78,4.73
2011.01.10 13:54:44.971,5.9674,5.9694,1.50,2.00
2011.01.10 13:54:45.670,5.9674,5.9694,1.50,2.19
2011.01.10 13:54:45.787,5.9674,5.9694,1.50,2.00
2011.01.10 13:54:46.583,5.96742,5.96943,1.05,1.32
2011.01.10 13:54:46.810,5.9674,5.9694,1.50,2.00
2011.01.10 13:54:48.083,5.9674,5.96948,2.78,1.17
2011.01.10 13:54:48.274,5.9674,5.9694,1.50,2.41
2011.01.10 13:54:48.499,5.96743,5.96942,1.05,1.32
2011.01.10 13:54:48.784,5.9674,5.9694,1.50,2.41
2011.01.10 13:54:49.344,5.9674,5.9694,1.50,2.00
2011.01.10 13:54:51.400,5.96743,5.96942,1.05,1.32
2011.01.10 13:54:51.509,5.9674,5.9694,1.50,2.00
2011.01.10 13:54:51.623,5.9674,5.96947,2.78,1.17
2011.01.10 13:54:52.343,5.9674,5.9694,1.50,2.00
2011.01.10 13:54:52.644,5.9674,5.96947,2.78,1.17
2011.01.10 13:54:53.203,5.9674,5.9694,1.50,2.00
2011.01.10 13:54:53.531,5.9674,5.96947,2.78,1.17
2011.01.10 13:54:54.081,5.96748,5.96957,1.09,1.17
2011.01.10 13:54:54.302,5.9674,5.96948,2.78,1.17
2011.01.10 13:54:55.043,5.96733,5.96926,3.75,2.85
2011.01.10 13:54:55.834,5.96693,5.96893,1.50,2.79
2011.01.10 13:54:55.958,5.96693,5.96898,1.58,1.05
2011.01.10 13:54:56.794,5.96693,5.96893,1.50,2.19
2011.01.10 13:54:57.132,5.96686,5.96874,4.50,1.81
2011.01.10 13:54:57.794,5.96657,5.96855,1.50,2.19
2011.01.10 13:54:59.531,5.96657,5.96855,1.65,2.04
2011.01.10 13:54:59.642,5.96663,5.96868,4.58,1.17
2011.01.10 13:54:59.861,5.96672,5.96873,1.05,1.32
2011.01.10 13:55:00.314,5.96672,5.96875,1.05,2.04
2011.01.10 13:55:00.925,5.96675,5.96875,1.50,2.19
2011.01.10 13:55:02.330,5.96677,5.96888,1.09,1.17
2011.01.10 13:55:02.551,5.96697,5.96893,1.09,2.97
2011.01.10 13:55:02.662,5.96697,5.96893,1.09,2.97
2011.01.10 13:55:03.342,5.96708,5.96916,1.09,2.85
2011.01.10 13:55:04.393,5.96698,5.96907,1.09,1.05
2011.01.10 13:55:04.735,5.96717,5.96916,2.33,1.54
2011.01.10 13:55:05.536,5.96721,5.96926,2.78,4.73
2011.01.10 13:55:06.666,5.96722,5.96921,1.50,2.19
2011.01.10 13:55:06.785,5.96722,5.9692,1.50,4.17
2011.01.10 13:55:07.392,5.96722,5.96913,1.50,1.20
2011.01.10 13:55:07.945,5.96702,5.96902,1.50,2.79
2011.01.10 13:55:08.230,5.96702,5.96902,1.50,2.19
2011.01.10 13:55:09.093,5.96712,5.96913,1.05,1.32
2011.01.10 13:55:09.212,5.96702,5.96908,1.65,1.17
2011.01.10 13:55:10.318,5.96702,5.96902,1.50,2.41
2011.01.10 13:55:15.090,5.96702,5.96892,1.50,1.20
2011.01.10 13:55:15.754,5.96702,5.96902,1.50,2.19
2011.01.10 13:55:15.873,5.96686,5.96874,4.50,1.81
2011.01.10 13:55:16.254,5.96677,5.96888,6.72,1.17
2011.01.10 13:55:17.193,5.96677,5.96898,3.08,1.54
2011.01.10 13:55:17.790,5.96677,5.96874,3.15,2.04
2011.01.10 13:55:17.900,5.96677,5.96888,6.72,1.17
2011.01.10 13:55:18.953,5.96677,5.96874,6.72,1.81
2011.01.10 13:55:19.653,5.96677,5.96874,3.08,2.19
2011.01.10 13:55:19.960,5.96678,5.96874,1.09,1.81
2011.01.10 13:55:20.070,5.96677,5.96874,3.08,2.19
2011.01.10 13:55:20.674,5.96698,5.96897,1.09,1.17
2011.01.10 13:55:20.796,5.96703,5.96902,1.05,1.32
2011.01.10 13:55:21.648,5.96708,5.96916,1.09,4.73
2011.01.10 13:55:21.766,5.96696,5.96894,1.50,2.19
2011.01.10 13:55:22.101,5.96677,5.96876,3.83,1.81
2011.01.10 13:55:22.212,5.96677,5.96876,3.75,2.19
2011.01.10 13:55:22.875,5.96677,5.96863,3.75,1.20
2011.01.10 13:55:22.992,5.96677,5.96876,3.83,1.81
2011.01.10 13:55:23.741,5.96677,5.96888,8.59,1.17
2011.01.10 13:55:24.441,5.96696,5.96895,1.50,2.19
2011.01.10 13:55:24.557,5.96696,5.96895,1.58,1.81
2011.01.10 13:55:26.703,5.96667,5.96882,1.09,2.29
2011.01.10 13:55:26.821,5.96662,5.9686,4.50,2.00
2011.01.10 13:55:27.445,5.96661,5.96867,2.78,1.17
2011.01.10 13:55:29.031,5.96672,5.96873,1.05,1.32
2011.01.10 13:55:29.151,5.96697,5.96895,1.58,1.81
2011.01.10 13:55:30.978,5.96697,5.96893,1.50,1.20
2011.01.10 13:55:34.521,5.96697,5.96895,1.50,2.19
2011.01.10 13:55:34.632,5.96697,5.96876,1.50,2.19
2011.01.10 13:55:35.153,5.96681,5.96858,1.50,2.00
2011.01.10 13:55:35.278,5.96678,5.96877,1.50,2.04
2011.01.10 13:55:35.605,5.96678,5.96877,1.50,2.19
2011.01.10 13:55:39.265,5.96668,5.96877,1.09,1.17
2011.01.10 13:55:39.742,5.96659,5.96858,1.50,2.00
2011.01.10 13:55:40.509,5.96688,5.96858,2.25,2.00
2011.01.10 13:55:40.626,5.9669,5.9688,5.25,1.39
2011.01.10 13:55:40.852,5.96688,5.9688,2.25,1.39
2011.01.10 13:55:43.390,5.96688,5.9688,2.44,1.39
2011.01.10 13:55:43.720,5.9671,5.9689,3.75,1.39
2011.01.10 13:55:43.830,5.96688,5.9689,3.15,1.39
2011.01.10 13:55:48.893,5.96688,5.96873,3.00,1.32
2011.01.10 13:55:49.013,5.9665,5.96848,1.50,1.39
2011.01.10 13:55:49.565,5.96656,5.96865,4.50,1.39
2011.01.10 13:55:52.392,5.96679,5.96865,3.75,1.39
2011.01.10 13:55:53.045,5.96656,5.96865,4.69,1.39
2011.01.10 13:55:59.612,5.96679,5.96882,4.50,1.47
2011.01.10 13:56:00.289,5.96679,5.9686,4.50,1.39
2011.01.10 13:56:00.402,5.96633,5.96848,4.50,1.39
2011.01.10 13:56:00.862,5.96656,5.96848,3.75,1.39
2011.01.10 13:56:01.722,5.96632,5.96848,4.50,1.39
2011.01.10 13:56:02.102,5.96655,5.96848,3.75,1.39
2011.01.10 13:56:02.211,5.96641,5.96848,4.65,1.39
2011.01.10 13:56:03.039,5.96643,5.96864,1.58,1.39
2011.01.10 13:56:03.675,5.96632,5.96846,6.00,1.39
2011.01.10 13:56:04.021,5.96638,5.96846,1.09,1.39
2011.01.10 13:56:04.352,5.96678,5.96865,3.75,1.39
2011.01.10 13:56:04.461,5.96668,5.96882,2.25,1.39
2011.01.10 13:56:04.939,5.96668,5.96882,3.00,1.39
2011.01.10 13:56:05.052,5.96668,5.96864,2.25,1.39
2011.01.10 13:56:06.230,5.96643,5.96845,2.25,1.39
2011.01.10 13:56:07.375,5.96656,5.96845,3.75,1.39
2011.01.10 13:56:07.874,5.96679,5.96864,3.75,1.39
2011.01.10 13:56:08.717,5.96679,5.96883,4.50,1.39
2011.01.10 13:56:10.683,5.96701,5.96883,3.75,1.39
2011.01.10 13:56:10.802,5.96701,5.9691,4.50,1.39
2011.01.10 13:56:11.889,5.96712,5.9691,1.05,1.39
2011.01.10 13:56:12.010,5.96724,5.96929,4.65,1.39
2011.01.10 13:56:12.940,5.96727,5.96929,1.09,1.39
2011.01.10 13:56:13.512,5.9673,5.96929,2.29,1.39
2011.01.10 13:56:13.621,5.96724,5.96929,4.65,1.39
2011.01.10 13:56:16.268,5.96771,5.96929,3.75,1.39
2011.01.10 13:56:16.385,5.96772,5.96971,1.05,1.39
2011.01.10 13:56:17.147,5.96771,5.96971,4.50,1.39
2011.01.10 13:56:17.794,5.96771,5.96971,4.50,1.39
2011.01.10 13:56:18.355,5.96771,5.96971,10.28,1.39
2011.01.10 13:56:18.581,5.96771,5.96971,4.50,1.39
2011.01.10 13:56:20.482,5.9675,5.96971,1.50,1.39
2011.01.10 13:56:22.673,5.96771,5.96957,3.75,1.39
2011.01.10 13:56:22.903,5.96771,5.96976,4.50,1.39
2011.01.10 13:56:27.012,5.96807,5.97018,3.00,1.39
2011.01.10 13:56:27.949,5.96779,5.97,1.50,1.39
2011.01.10 13:56:31.851,5.9678,5.97,4.50,1.39
2011.01.10 13:56:36.855,5.96785,5.97,4.50,1.39
2011.01.10 13:56:41.632,5.96771,5.96937,5.25,1.39
2011.01.10 13:56:42.328,5.96724,5.96915,4.50,1.39
2011.01.10 13:56:42.441,5.96724,5.96911,3.75,1.39
2011.01.10 13:56:42.552,5.96724,5.96929,4.50,1.39
2011.01.10 13:56:45.211,5.96717,5.9691,2.25,1.39
2011.01.10 13:56:50.053,5.96717,5.96928,3.00,1.39
2011.01.10 13:56:50.759,5.9677,5.96928,3.75,1.39
2011.01.10 13:56:50.877,5.9677,5.96972,4.50,1.39
2011.01.10 13:56:51.549,5.96757,5.96957,3.00,1.39
2011.01.10 13:56:53.102,5.96726,5.96938,2.25,1.39
2011.01.10 13:56:56.783,5.96738,5.96938,2.25,1.39
2011.01.10 13:56:56.898,5.9677,5.96974,4.50,1.39
2011.01.10 13:56:58.211,5.96737,5.96939,3.00,1.39
2011.01.10 13:57:08.154,5.96759,5.96963,3.75,2.14
2011.01.10 13:57:08.270,5.96759,5.96963,4.50,2.14
2011.01.10 13:57:08.839,5.96759,5.96955,4.50,1.39
2011.01.10 13:57:09.170,5.96743,5.96916,3.75,1.39
2011.01.10 13:57:09.280,5.96743,5.96916,3.75,1.39
2011.01.10 13:57:09.391,5.96755,5.96916,3.75,1.39
2011.01.10 13:57:10.084,5.96755,5.96891,3.75,1.50
2011.01.10 13:57:10.205,5.96755,5.96923,3.75,1.02
2011.01.10 13:57:11.770,5.96738,5.96906,2.25,1.39
2011.01.10 13:57:13.633,5.96755,5.96906,3.75,1.39
2011.01.10 13:57:13.752,5.96755,5.96906,3.75,1.39
2011.01.10 13:57:14.824,5.96815,5.96924,4.50,1.39
2011.01.10 13:57:15.405,5.96828,5.97084,1.88,4.50
2011.01.10 13:57:15.634,5.96828,5.97043,1.88,3.75
2011.01.10 13:57:15.861,5.96744,5.97018,5.25,3.75
2011.01.10 13:57:16.081,5.96741,5.97015,7.50,3.75
2011.01.10 13:57:16.193,5.96763,5.97039,3.75,7.50
2011.01.10 13:57:16.732,5.96747,5.96996,1.50,3.75
2011.01.10 13:57:16.847,5.96763,5.97019,3.75,3.75
2011.01.10 13:57:17.760,5.96774,5.9704,3.75,1.54
2011.01.10 13:57:18.777,5.96774,5.97033,3.75,1.17
2011.01.10 13:57:19.133,5.96774,5.97023,3.75,1.20
2011.01.10 13:57:19.252,5.96751,5.97021,4.50,2.41
2011.01.10 13:57:19.857,5.96751,5.97012,4.50,1.20
2011.01.10 13:57:21.422,5.96751,5.97021,4.50,2.00
2011.01.10 13:57:22.099,5.96741,5.96995,4.50,3.75
2011.01.10 13:57:23.729,5.96741,5.96995,4.50,3.83
2011.01.10 13:57:24.837,5.96741,5.96995,4.50,3.83
2011.01.10 13:57:25.172,5.96739,5.9698,1.50,3.75
2011.01.10 13:57:25.500,5.96739,5.9696,1.50,4.39
2011.01.10 13:57:28.195,5.9677,5.96957,4.50,1.17
2011.01.10 13:57:28.550,5.96784,5.96984,1.50,2.19
2011.01.10 13:57:28.881,5.96784,5.96984,1.50,2.19
2011.01.10 13:57:29.214,5.96784,5.96984,1.50,2.19
2011.01.10 13:57:29.331,5.96784,5.96984,1.50,2.19
2011.01.10 13:57:30.088,5.96848,5.96984,1.50,2.19
2011.01.10 13:57:30.208,5.96852,5.97057,4.50,1.17
2011.01.10 13:57:30.323,5.96887,5.97057,3.75,1.17
2011.01.10 13:57:31.044,5.96937,5.97083,1.50,1.20
2011.01.10 13:57:31.383,5.9692,5.97117,1.50,1.08
2011.01.10 13:57:31.725,5.9692,5.97052,1.50,1.20
2011.01.10 13:57:31.842,5.9692,5.97063,1.50,1.20
2011.01.10 13:57:32.502,5.9692,5.97117,1.50,1.08
2011.01.10 13:57:32.622,5.96907,5.97063,1.50,1.20
2011.01.10 13:57:32.848,5.96907,5.97072,1.50,1.20
2011.01.10 13:57:33.384,5.96907,5.97085,1.50,1.08
2011.01.10 13:57:34.274,5.96907,5.97085,1.50,1.08
2011.01.10 13:57:34.393,5.96907,5.97082,1.50,1.20
2011.01.10 13:57:35.602,5.96907,5.97116,1.50,2.33
2011.01.10 13:57:35.722,5.9693,5.97116,1.50,2.33
2011.01.10 13:57:36.051,5.97054,5.97177,3.75,1.88
2011.01.10 13:57:36.161,5.9705,5.97177,3.75,1.88
2011.01.10 13:57:36.270,5.9705,5.97252,3.75,2.19
2011.01.10 13:57:37.580,5.9705,5.97232,3.75,1.20
2011.01.10 13:57:38.994,5.9705,5.97265,3.75,2.19
2011.01.10 13:57:39.111,5.97084,5.97292,3.75,2.48
2011.01.10 13:57:40.054,5.97084,5.97253,3.75,1.20
2011.01.10 13:57:40.741,5.97084,5.973,3.75,2.19
2011.01.10 13:57:41.201,5.97062,5.97299,3.75,1.08
2011.01.10 13:57:41.311,5.97062,5.97299,3.75,1.08
2011.01.10 13:57:41.530,5.97047,5.97278,2.25,1.17
2011.01.10 13:57:41.641,5.97047,5.97252,2.25,1.58
2011.01.10 13:57:41.751,5.97004,5.97209,3.75,3.94
2011.01.10 13:57:41.862,5.96975,5.97209,2.63,3.94
2011.01.10 13:57:42.422,5.97014,5.97232,3.75,2.63
2011.01.10 13:57:42.750,5.97011,5.97228,1.50,1.02
2011.01.10 13:57:44.361,5.97012,5.97203,1.50,1.20
2011.01.10 13:57:45.477,5.97012,5.97193,1.50,1.20
2011.01.10 13:57:47.690,5.97012,5.97205,1.50,2.19
2011.01.10 13:57:48.517,5.97012,5.97205,1.50,2.19
2011.01.10 13:57:48.633,5.97012,5.97205,1.50,2.19
2011.01.10 13:57:49.191,5.97012,5.97217,1.50,1.17
2011.01.10 13:57:49.301,5.97,5.97217,1.50,1.17
2011.01.10 13:57:50.096,5.97,5.97205,1.50,2.19
2011.01.10 13:57:50.757,5.96999,5.97196,1.50,4.47
2011.01.10 13:57:50.873,5.96964,5.97163,1.58,1.58
2011.01.10 13:57:51.103,5.96939,5.97137,2.78,1.58
2011.01.10 13:57:51.331,5.96939,5.9716,2.78,1.39
2011.01.10 13:57:52.744,5.96962,5.9716,2.48,1.39
2011.01.10 13:57:52.863,5.96993,5.97173,1.05,1.39
2011.01.10 13:57:52.982,5.96993,5.97196,1.05,1.39
2011.01.10 13:57:53.696,5.96998,5.97196,1.20,1.54
2011.01.10 13:57:53.880,5.96987,5.97196,1.09,2.85
2011.01.10 13:57:54.432,5.96983,5.97182,1.05,1.32
2011.01.10 13:57:58.414,5.96983,5.97196,1.17,2.85
2011.01.10 13:58:00.005,5.96975,5.97173,1.65,2.04
2011.01.10 13:58:00.992,5.96975,5.97173,1.58,1.81
2011.01.10 13:58:01.195,5.96977,5.97188,1.09,1.05
2011.01.10 13:58:01.759,5.96998,5.97196,2.70,1.39
2011.01.10 13:58:02.761,5.96997,5.97196,1.09,1.47
2011.01.10 13:58:02.875,5.96997,5.97193,1.09,1.58
2011.01.10 13:58:02.993,5.96975,5.97118,1.50,4.69
2011.01.10 13:58:03.222,5.96899,5.97082,1.88,1.50
2011.01.10 13:58:03.331,5.96912,5.97082,3.75,1.50
2011.01.10 13:58:03.850,5.96912,5.97159,3.75,2.25
2011.01.10 13:58:03.961,5.96916,5.97144,4.50,2.25
2011.01.10 13:58:05.713,5.96925,5.97144,2.48,2.25
2011.01.10 13:58:05.833,5.96925,5.97144,2.48,2.25
2011.01.10 13:58:06.736,5.96925,5.97133,2.48,2.25
2011.01.10 13:58:06.855,5.96918,5.97133,10.47,2.25
2011.01.10 13:58:06.975,5.96918,5.97133,4.50,2.25
2011.01.10 13:58:07.946,5.96928,5.97095,3.75,1.50
2011.01.10 13:58:08.052,5.96883,5.97095,4.50,1.50
2011.01.10 13:58:08.163,5.96883,5.97107,4.50,2.25
2011.01.10 13:58:09.071,5.96882,5.97107,4.50,1.50
2011.01.10 13:58:09.511,5.96889,5.97107,1.05,1.50
2011.01.10 13:58:09.735,5.96893,5.97126,1.05,3.75
2011.01.10 13:58:10.210,5.96893,5.97128,1.05,1.50
2011.01.10 13:58:10.543,5.96893,5.97106,1.05,1.50
2011.01.10 13:58:10.773,5.96889,5.97128,1.05,2.14
2011.01.10 13:58:10.892,5.96892,5.97128,1.05,2.14
2011.01.10 13:58:11.633,5.96919,5.97128,3.94,2.14
2011.01.10 13:58:11.960,5.96963,5.97158,1.50,1.02
2011.01.10 13:58:12.988,5.96963,5.97158,1.50,1.02
2011.01.10 13:58:14.850,5.96977,5.97162,1.09,1.39
2011.01.10 13:58:15.432,5.96963,5.97158,1.58,1.02
2011.01.10 13:58:18.159,5.96963,5.97162,1.65,2.67
2011.01.10 13:58:18.924,5.96963,5.97157,1.80,1.28
2011.01.10 13:58:19.043,5.96963,5.97162,1.80,1.09
2011.01.10 13:58:19.932,5.97038,5.97172,2.25,1.20
2011.01.10 13:58:20.042,5.97045,5.97198,2.25,3.75
2011.01.10 13:58:20.152,5.97059,5.97253,3.75,2.19
2011.01.10 13:58:20.262,5.97059,5.97262,3.75,1.32
2011.01.10 13:58:20.372,5.9707,5.97272,3.75,1.20
2011.01.10 13:58:21.753,5.9707,5.97273,3.75,1.20
2011.01.10 13:58:22.633,5.9707,5.97262,3.75,1.20
2011.01.10 13:58:23.113,5.9707,5.9729,8.25,2.19
2011.01.10 13:58:23.234,5.97097,5.97308,2.25,2.19
2011.01.10 13:58:23.899,5.97097,5.97308,2.33,2.19
2011.01.10 13:58:24.018,5.97098,5.97308,3.98,2.00
2011.01.10 13:58:24.351,5.97158,5.97361,2.25,1.39
2011.01.10 13:58:24.870,5.97158,5.97378,2.25,1.17
2011.01.10 13:58:25.091,5.97158,5.97353,2.25,1.20
2011.01.10 13:58:25.863,5.9711,5.9733,1.88,2.41
2011.01.10 13:58:25.987,5.97108,5.97322,3.00,1.20
2011.01.10 13:58:26.724,5.97117,5.97322,3.75,1.20
2011.01.10 13:58:27.067,5.97127,5.97329,3.75,2.19
2011.01.10 13:58:27.769,5.97127,5.97344,4.50,2.19
2011.01.10 13:58:27.998,5.97108,5.97317,3.00,1.81
2011.01.10 13:58:28.117,5.97128,5.97336,4.50,2.19
2011.01.10 13:58:29.364,5.97128,5.97336,4.50,2.19
2011.01.10 13:58:30.352,5.97125,5.97328,1.50,1.17
2011.01.10 13:58:30.689,5.97125,5.9732,1.50,2.00
2011.01.10 13:58:31.566,5.97125,5.9732,1.50,2.19
2011.01.10 13:58:32.011,5.97108,5.97308,6.94,1.17
2011.01.10 13:58:32.522,5.97108,5.97298,6.75,1.09
2011.01.10 13:58:32.846,5.97128,5.97318,1.20,1.58
2011.01.10 13:58:34.281,5.97117,5.97318,1.09,2.97
2011.01.10 13:58:35.170,5.97127,5.97318,1.09,1.58
2011.01.10 13:58:35.661,5.97128,5.9732,1.20,1.58
2011.01.10 13:58:35.990,5.97118,5.97318,2.48,1.58
2011.01.10 13:58:37.424,5.97117,5.97308,1.09,1.09
2011.01.10 13:58:37.982,5.97113,5.97317,1.17,1.09
2011.01.10 13:58:38.755,5.97132,5.97328,1.05,1.35
2011.01.10 13:58:41.051,5.97123,5.97322,1.50,2.49
2011.01.10 13:58:41.162,5.97117,5.97318,1.09,1.09
2011.01.10 13:58:41.729,5.97127,5.97327,1.50,2.41
2011.01.10 13:58:42.890,5.97127,5.97333,1.65,1.32
2011.01.10 13:58:43.190,5.97127,5.97327,1.50,2.19
2011.01.10 13:58:43.782,5.97127,5.97327,1.65,2.04
2011.01.10 13:58:44.535,5.97127,5.97313,1.50,1.20
2011.01.10 13:58:45.234,5.97127,5.97323,1.50,1.20
2011.01.10 13:58:48.432,5.97128,5.97337,1.09,1.05
2011.01.10 13:58:48.542,5.9715,5.9734,1.05,2.14
2011.01.10 13:58:49.167,5.97147,5.97343,1.50,1.20
2011.01.10 13:58:49.708,5.97147,5.97345,1.58,1.81
2011.01.10 13:58:50.142,5.97147,5.97345,1.50,2.19
2011.01.10 13:58:50.687,5.97147,5.97345,1.50,2.19
2011.01.10 13:58:50.801,5.97147,5.97345,1.58,1.81
2011.01.10 13:58:51.607,5.97168,5.97359,1.09,2.14
2011.01.10 13:58:51.722,5.97168,5.97359,1.09,1.50
2011.01.10 13:58:51.835,5.97183,5.9737,1.05,2.14
2011.01.10 13:58:52.599,5.97163,5.97362,1.05,1.32
2011.01.10 13:58:52.973,5.97157,5.97345,3.00,1.81
2011.01.10 13:58:53.210,5.97157,5.97357,3.08,1.17
2011.01.10 13:58:53.808,5.97157,5.97345,3.00,2.04
2011.01.10 13:58:53.926,5.97143,5.97342,1.05,1.32
2011.01.10 13:58:54.576,5.97132,5.97333,1.05,1.32
2011.01.10 13:58:54.697,5.97128,5.97327,1.50,1.81
2011.01.10 13:58:56.566,5.97128,5.97327,1.50,2.19
2011.01.10 13:58:57.681,5.97128,5.97332,1.65,1.09
2011.01.10 13:58:58.422,5.97128,5.97337,2.78,4.73
2011.01.10 13:58:58.532,5.97138,5.97337,1.09,2.29
2011.01.10 13:58:58.837,5.97128,5.97327,1.58,2.00
2011.01.10 13:59:01.001,5.97138,5.97341,1.09,1.39
2011.01.10 13:59:01.220,5.97138,5.97317,1.09,1.58
2011.01.10 13:59:02.294,5.97128,5.97317,1.09,1.58
2011.01.10 13:59:05.258,5.97127,5.97326,1.09,4.73
2011.01.10 13:59:05.379,5.97088,5.97287,1.09,1.17
2011.01.10 13:59:05.911,5.97082,5.97283,1.05,1.32
2011.01.10 13:59:06.025,5.97098,5.97305,1.09,10.35
2011.01.10 13:59:06.455,5.97103,5.97308,1.17,4.54
2011.01.10 13:59:07.902,5.97113,5.97302,2.10,3.08
2011.01.10 13:59:08.121,5.97102,5.97298,1.05,1.35
2011.01.10 13:59:10.730,5.97107,5.97298,1.09,1.09
2011.01.10 13:59:11.304,5.97098,5.97297,1.09,1.09
2011.01.10 13:59:12.538,5.97097,5.9729,4.50,2.49
2011.01.10 13:59:12.781,5.97097,5.9729,4.50,2.30
2011.01.10 13:59:19.622,5.97097,5.97282,3.75,1.17
2011.01.10 13:59:19.740,5.97074,5.97257,4.50,1.02
2011.01.10 13:59:20.073,5.9707,5.97269,1.50,2.30
2011.01.10 13:59:20.652,5.97136,5.97317,1.50,4.28
2011.01.10 13:59:20.764,5.97118,5.97316,1.50,2.11
2011.01.10 13:59:20.993,5.97117,5.97317,1.50,2.49
2011.01.10 13:59:21.578,5.9707,5.9727,1.50,2.30
2011.01.10 13:59:21.695,5.9707,5.97257,1.50,1.24
2011.01.10 13:59:22.505,5.97053,5.97247,1.05,1.35
2011.01.10 13:59:22.629,5.97027,5.97226,3.83,2.11
2011.01.10 13:59:22.745,5.9705,5.97248,4.05,5.10
2011.01.10 13:59:23.084,5.97068,5.97267,1.09,1.09
2011.01.10 13:59:23.741,5.97048,5.97252,1.09,1.17
2011.01.10 13:59:26.011,5.97083,5.97277,1.05,1.35
2011.01.10 13:59:26.125,5.9709,5.97287,1.50,1.24
2011.01.10 13:59:26.911,5.9709,5.97288,1.50,1.02
2011.01.10 13:59:27.146,5.97053,5.97247,1.05,1.35
2011.01.10 13:59:27.929,5.97053,5.97247,1.05,1.35
2011.01.10 13:59:31.621,5.97044,5.97172,1.50,2.78
2011.01.10 13:59:32.292,5.96927,5.97177,1.09,9.60
2011.01.10 13:59:32.407,5.96946,5.97197,2.33,1.24
2011.01.10 13:59:32.867,5.96953,5.97177,1.05,1.24
2011.01.10 13:59:33.654,5.96948,5.97149,1.50,4.58
2011.01.10 13:59:33.766,5.96935,5.97131,1.50,4.47
2011.01.10 13:59:33.993,5.96957,5.97156,6.90,4.68
2011.01.10 13:59:34.461,5.96957,5.97156,6.90,4.68
2011.01.10 13:59:34.575,5.96957,5.97148,6.75,4.35
2011.01.10 13:59:36.913,5.96957,5.97148,6.75,4.99
2011.01.10 13:59:37.026,5.96957,5.97142,6.75,1.08
2011.01.10 13:59:37.322,5.96957,5.97148,6.83,1.65
2011.01.10 13:59:37.431,5.96957,5.97148,6.75,4.17
2011.01.10 13:59:38.103,5.96957,5.97137,6.75,4.58
2011.01.10 13:59:38.523,5.96933,5.97137,1.50,4.65
2011.01.10 13:59:39.116,5.96933,5.97112,1.50,1.08
2011.01.10 13:59:39.241,5.96918,5.97112,1.50,1.08
2011.01.10 13:59:39.352,5.96918,5.97125,1.58,4.65
2011.01.10 13:59:39.491,5.96922,5.97125,1.05,4.62
2011.01.10 13:59:40.061,5.96948,5.97139,1.09,1.69
2011.01.10 13:59:40.393,5.9695,5.97138,1.50,1.24
2011.01.10 13:59:40.971,5.9695,5.97134,1.50,1.02
2011.01.10 13:59:41.813,5.96969,5.97134,1.50,1.02
2011.01.10 13:59:42.463,5.96969,5.97138,1.50,2.22
2011.01.10 13:59:43.040,5.96958,5.97162,1.09,1.17
2011.01.10 13:59:43.154,5.96969,5.97168,1.50,2.49
2011.01.10 13:59:44.088,5.96969,5.97152,1.50,1.08
2011.01.10 13:59:44.206,5.96951,5.97152,2.78,1.26
2011.01.10 13:59:44.436,5.96951,5.97149,1.50,2.00
2011.01.10 13:59:45.034,5.96951,5.97149,2.78,1.92
2011.01.10 13:59:45.155,5.96951,5.97149,1.50,2.30
2011.01.10 13:59:47.999,5.96951,5.97142,1.50,1.08
2011.01.10 13:59:48.111,5.96957,5.97149,4.50,2.19
2011.01.10 13:59:50.116,5.96935,5.97132,4.50,2.41
2011.01.10 13:59:50.233,5.96932,5.97137,2.78,1.53
2011.01.10 13:59:50.909,5.96932,5.97132,1.50,2.19
2011.01.10 13:59:51.294,5.96932,5.97133,1.80,1.32
2011.01.10 13:59:52.246,5.96943,5.97137,1.05,1.13
2011.01.10 13:59:52.951,5.96932,5.97132,1.50,2.00
2011.01.10 13:59:54.050,5.96932,5.97133,1.80,1.32
2011.01.10 13:59:54.168,5.96932,5.97132,1.50,2.19
2011.01.10 13:59:54.283,5.96932,5.97132,1.50,2.19
2011.01.10 13:59:56.373,5.96957,5.97155,4.50,2.48
2011.01.10 13:59:56.890,5.96957,5.97155,4.58,2.10
2011.01.10 13:59:57.012,5.96967,5.97166,1.58,2.11
2011.01.10 13:59:57.123,5.96967,5.97168,2.97,1.09
2011.01.10 13:59:57.964,5.96967,5.97162,1.50,1.08
2011.01.10 13:59:58.302,5.96957,5.97145,4.50,2.40
