2010.09.01 11:00:00.301,6.2213,6.2228,1.00,1.00
2010.09.01 11:00:00.582,6.2213,6.2228,1.00,1.00
2010.09.01 11:00:01.404,6.2209,6.2226,1.00,1.00
2010.09.01 11:00:01.748,6.22045,6.2222,1.00,1.00
2010.09.01 11:00:02.383,6.22045,6.2218,1.00,1.00
2010.09.01 11:00:02.708,6.2206,6.2223,1.00,1.00
2010.09.01 11:00:03.546,6.2208,6.2225,1.00,1.00
2010.09.01 11:00:03.869,6.2208,6.2224,1.00,1.00
2010.09.01 11:00:04.198,6.22005,6.2221,1.00,1.00
2010.09.01 11:00:04.756,6.22005,6.2221,1.00,1.00
2010.09.01 11:00:05.082,6.2197,6.22175,1.00,1.00
2010.09.01 11:00:06.150,6.2197,6.2216,1.00,1.00
2010.09.01 11:00:06.419,6.21965,6.2217,1.00,1.70
2010.09.01 11:00:06.946,6.21975,6.2216,1.00,1.00
2010.09.01 11:00:07.216,6.21995,6.2216,1.00,1.00
2010.09.01 11:00:08.417,6.21995,6.2216,1.00,1.00
2010.09.01 11:00:08.635,6.21975,6.2216,1.20,1.00
2010.09.01 11:00:08.715,6.21975,6.2216,1.00,1.00
2010.09.01 11:00:09.681,6.21975,6.2215,1.00,1.00
2010.09.01 11:00:10.166,6.21975,6.2216,1.00,1.00
2010.09.01 11:00:10.496,6.22015,6.2216,1.00,1.00
2010.09.01 11:00:10.667,6.22015,6.2217,1.00,1.00
2010.09.01 11:00:11.382,6.2199,6.2216,2.40,1.00
2010.09.01 11:00:11.714,6.21995,6.2216,1.00,1.00
2010.09.01 11:00:11.957,6.21995,6.2217,1.00,1.00
2010.09.01 11:00:12.205,6.21995,6.2217,1.00,1.00
2010.09.01 11:00:13.286,6.21995,6.2218,1.00,1.00
2010.09.01 11:00:13.656,6.21995,6.2217,1.00,1.00
2010.09.01 11:00:14.428,6.2198,6.2217,1.00,1.00
2010.09.01 11:00:14.688,6.21995,6.2217,1.00,1.00
2010.09.01 11:00:19.956,6.2201,6.2218,1.00,1.00
2010.09.01 11:00:20.696,6.2201,6.2219,1.00,1.00
2010.09.01 11:00:22.258,6.2201,6.2219,1.00,1.00
2010.09.01 11:00:24.996,6.2201,6.2218,1.00,1.00
2010.09.01 11:00:25.376,6.2201,6.2217,1.00,1.00
2010.09.01 11:00:27.166,6.22,6.2218,1.00,1.00
2010.09.01 11:00:27.408,6.22015,6.2219,1.00,1.00
2010.09.01 11:00:27.669,6.22015,6.2218,1.00,1.00
2010.09.01 11:00:27.931,6.22035,6.2219,1.00,1.00
2010.09.01 11:00:28.918,6.22035,6.222,1.00,1.00
2010.09.01 11:00:29.591,6.22035,6.2219,1.00,1.00
2010.09.01 11:00:29.881,6.22025,6.222,1.00,1.00
2010.09.01 11:00:30.435,6.22025,6.2219,1.00,1.00
2010.09.01 11:00:31.293,6.22025,6.2219,1.00,1.00
2010.09.01 11:00:31.640,6.22005,6.2219,1.00,1.00
2010.09.01 11:00:31.837,6.22005,6.2218,1.00,1.00
2010.09.01 11:00:32.036,6.22005,6.2218,1.00,1.00
2010.09.01 11:00:32.740,6.2202,6.2219,1.00,1.00
2010.09.01 11:00:33.000,6.22025,6.2221,1.00,1.00
2010.09.01 11:00:34.226,6.22025,6.2222,1.00,1.00
2010.09.01 11:00:34.396,6.22025,6.2223,1.00,1.70
2010.09.01 11:00:35.247,6.2204,6.2223,1.00,1.00
2010.09.01 11:00:35.595,6.2204,6.2223,1.00,1.00
2010.09.01 11:00:36.419,6.2207,6.2223,1.00,1.00
2010.09.01 11:00:36.761,6.2207,6.2222,1.00,1.00
2010.09.01 11:00:37.108,6.2205,6.2222,1.00,1.00
2010.09.01 11:00:40.055,6.2207,6.2223,1.00,1.00
2010.09.01 11:00:41.306,6.22095,6.2225,1.00,1.00
2010.09.01 11:00:41.650,6.22095,6.2226,1.00,1.00
2010.09.01 11:00:42.547,6.22105,6.2227,1.00,1.00
2010.09.01 11:00:43.822,6.2212,6.2227,1.00,1.00
2010.09.01 11:00:44.109,6.2219,6.22325,1.00,1.00
2010.09.01 11:00:44.397,6.2219,6.22335,1.00,1.00
2010.09.01 11:00:45.018,6.22115,6.2232,1.00,1.00
2010.09.01 11:00:45.659,6.22205,6.2235,1.00,1.00
2010.09.01 11:00:46.898,6.22155,6.2235,1.00,1.00
2010.09.01 11:00:47.922,6.22155,6.2231,1.00,1.00
2010.09.01 11:00:48.720,6.2211,6.22315,1.00,1.00
2010.09.01 11:00:50.609,6.2213,6.22315,2.40,1.00
2010.09.01 11:00:58.216,6.2219,6.22315,2.40,1.00
2010.09.01 11:00:58.366,6.2219,6.2238,2.40,1.60
2010.09.01 11:00:58.919,6.2219,6.2237,2.40,1.00
2010.09.01 11:00:59.265,6.2224,6.2238,2.40,1.00
2010.09.01 11:00:59.608,6.2233,6.22405,2.40,1.00
2010.09.01 11:00:59.927,6.2233,6.2249,2.40,1.00
2010.09.01 11:01:01.826,6.2233,6.2251,2.40,1.00
2010.09.01 11:01:02.737,6.223,6.22485,2.40,1.60
2010.09.01 11:01:04.749,6.223,6.2248,2.40,1.00
2010.09.01 11:01:04.898,6.223,6.2247,2.40,1.00
2010.09.01 11:01:05.745,6.223,6.2246,2.40,1.00
2010.09.01 11:01:06.645,6.223,6.2245,2.40,1.00
2010.09.01 11:01:07.535,6.223,6.2246,2.40,1.00
2010.09.01 11:01:08.695,6.223,6.2247,2.40,1.00
2010.09.01 11:01:10.025,6.223,6.2246,2.40,1.00
2010.09.01 11:01:10.590,6.223,6.2246,2.40,1.00
2010.09.01 11:01:11.123,6.223,6.2244,2.40,1.00
2010.09.01 11:01:11.319,6.223,6.2245,2.40,1.00
2010.09.01 11:01:11.895,6.223,6.2246,2.40,1.00
2010.09.01 11:01:13.980,6.223,6.2245,2.40,1.00
2010.09.01 11:01:14.199,6.223,6.2246,2.40,1.00
2010.09.01 11:01:15.350,6.223,6.2247,2.40,1.00
2010.09.01 11:01:15.930,6.223,6.2247,2.40,1.00
2010.09.01 11:01:16.291,6.223,6.2246,2.40,1.00
2010.09.01 11:01:16.706,6.223,6.2247,2.40,1.00
2010.09.01 11:01:16.896,6.223,6.2247,2.40,1.00
2010.09.01 11:01:17.609,6.223,6.2246,2.40,1.00
2010.09.01 11:01:17.749,6.223,6.2247,2.40,1.00
2010.09.01 11:01:18.026,6.223,6.2246,2.40,1.00
2010.09.01 11:01:19.259,6.223,6.2245,2.40,1.00
2010.09.01 11:01:19.487,6.223,6.2246,2.40,1.00
2010.09.01 11:01:21.581,6.223,6.2247,2.40,1.00
2010.09.01 11:01:21.857,6.223,6.2248,2.40,1.00
2010.09.01 11:01:22.126,6.223,6.2247,2.40,1.00
2010.09.01 11:01:22.908,6.223,6.2247,2.40,1.00
2010.09.01 11:01:25.448,6.223,6.2248,2.40,1.00
2010.09.01 11:01:25.628,6.2235,6.2248,2.40,1.00
2010.09.01 11:01:25.877,6.2235,6.2249,2.40,1.00
2010.09.01 11:01:26.992,6.2235,6.2251,2.40,1.00
2010.09.01 11:01:28.924,6.2235,6.2251,2.40,1.00
2010.09.01 11:01:34.270,6.2235,6.2253,2.40,1.00
2010.09.01 11:01:34.484,6.2235,6.2253,2.40,1.00
2010.09.01 11:01:34.835,6.2235,6.22525,2.40,1.00
2010.09.01 11:01:35.866,6.2235,6.225,2.40,1.00
2010.09.01 11:01:37.459,6.2235,6.2249,2.40,1.00
2010.09.01 11:01:41.956,6.2235,6.2247,2.40,1.00
2010.09.01 11:01:42.817,6.2235,6.2248,2.40,1.00
2010.09.01 11:01:44.054,6.2235,6.2247,2.40,1.00
2010.09.01 11:01:44.268,6.2235,6.2248,2.40,1.00
2010.09.01 11:01:45.656,6.2235,6.2247,2.40,1.00
2010.09.01 11:01:47.830,6.2235,6.2248,2.40,1.00
2010.09.01 11:01:49.564,6.2236,6.2248,1.00,1.00
2010.09.01 11:01:49.621,6.2237,6.22565,2.40,1.00
2010.09.01 11:01:57.377,6.2237,6.2255,2.40,1.00
2010.09.01 11:02:02.057,6.2239,6.2259,1.00,1.00
2010.09.01 11:02:02.319,6.2247,6.22615,2.40,1.00
2010.09.01 11:02:02.872,6.2247,6.2266,2.40,1.60
2010.09.01 11:02:02.951,6.2251,6.22725,2.40,1.00
2010.09.01 11:02:03.906,6.2251,6.2272,2.40,1.00
2010.09.01 11:02:05.090,6.2251,6.2271,2.40,1.00
2010.09.01 11:02:05.241,6.2251,6.2271,2.40,1.00
2010.09.01 11:02:05.388,6.2251,6.227,2.40,1.00
2010.09.01 11:02:06.999,6.2251,6.227,2.40,1.00
2010.09.01 11:02:07.461,6.2251,6.2269,2.40,1.00
2010.09.01 11:02:07.708,6.2251,6.2268,2.40,1.00
2010.09.01 11:02:07.839,6.2251,6.2269,2.40,1.00
2010.09.01 11:02:08.086,6.2251,6.2269,2.40,1.00
2010.09.01 11:02:08.937,6.2251,6.2268,2.40,1.00
2010.09.01 11:02:09.482,6.2251,6.2267,2.40,1.00
2010.09.01 11:02:10.669,6.2251,6.2265,2.40,1.00
2010.09.01 11:02:13.266,6.22455,6.2265,1.00,1.00
2010.09.01 11:02:14.676,6.22475,6.2267,1.00,1.00
2010.09.01 11:02:15.399,6.22475,6.2268,1.00,1.00
2010.09.01 11:02:16.203,6.22475,6.2269,1.00,1.00
2010.09.01 11:02:16.439,6.22475,6.227,1.00,1.00
2010.09.01 11:02:16.898,6.22475,6.227,1.00,1.00
2010.09.01 11:02:17.985,6.22505,6.2269,1.00,1.00
2010.09.01 11:02:18.331,6.22505,6.2268,1.00,1.00
2010.09.01 11:02:18.717,6.22505,6.2269,1.00,1.00
2010.09.01 11:02:20.863,6.22505,6.2268,1.00,1.00
2010.09.01 11:02:23.576,6.2257,6.2277,1.00,1.00
2010.09.01 11:02:23.921,6.226,6.22805,1.00,1.00
2010.09.01 11:02:24.871,6.226,6.22805,1.00,1.60
2010.09.01 11:02:25.770,6.226,6.22805,1.00,1.00
2010.09.01 11:02:26.677,6.226,6.228,1.00,1.00
2010.09.01 11:02:27.530,6.226,6.2279,1.00,1.00
2010.09.01 11:02:28.217,6.2259,6.2279,1.00,1.00
2010.09.01 11:02:29.498,6.2259,6.2278,1.00,1.00
2010.09.01 11:02:30.207,6.2259,6.2277,1.00,1.00
2010.09.01 11:02:30.658,6.226,6.2279,1.00,1.00
2010.09.01 11:02:31.242,6.22625,6.2279,1.00,1.00
2010.09.01 11:02:31.372,6.22625,6.2279,1.00,1.00
2010.09.01 11:02:31.503,6.22605,6.2279,1.00,1.00
2010.09.01 11:02:32.868,6.22605,6.2278,1.00,1.00
2010.09.01 11:02:33.941,6.22595,6.2278,1.00,1.00
2010.09.01 11:02:34.021,6.22595,6.2277,1.00,1.00
2010.09.01 11:02:34.507,6.22595,6.2276,1.00,1.00
2010.09.01 11:02:43.051,6.22575,6.2276,1.00,1.00
2010.09.01 11:02:43.342,6.22555,6.2271,1.00,1.00
2010.09.01 11:02:43.969,6.22525,6.2268,1.00,1.00
2010.09.01 11:02:46.320,6.22525,6.2269,1.00,1.00
2010.09.01 11:02:46.469,6.22545,6.227,1.00,1.00
2010.09.01 11:02:46.623,6.22545,6.2271,1.00,1.00
2010.09.01 11:02:47.299,6.22495,6.2265,1.00,2.40
2010.09.01 11:02:47.603,6.2246,6.2266,1.00,1.00
2010.09.01 11:02:49.233,6.2246,6.2265,1.00,1.00
2010.09.01 11:02:49.568,6.2246,6.2263,1.00,1.00
2010.09.01 11:02:49.678,6.2246,6.2263,1.00,1.00
2010.09.01 11:02:49.999,6.2246,6.2262,1.00,1.00
2010.09.01 11:02:50.849,6.2246,6.2262,1.00,1.00
2010.09.01 11:02:51.080,6.2246,6.2261,1.00,1.00
2010.09.01 11:02:51.311,6.2243,6.226,2.80,1.00
2010.09.01 11:02:51.539,6.2243,6.226,1.00,1.00
2010.09.01 11:02:51.769,6.2242,6.2258,1.00,1.00
2010.09.01 11:02:52.067,6.22375,6.2258,1.00,1.00
2010.09.01 11:02:52.637,6.2239,6.2258,1.00,1.00
2010.09.01 11:02:52.945,6.2239,6.2257,1.00,1.00
2010.09.01 11:02:53.146,6.2239,6.2259,1.00,1.00
2010.09.01 11:02:53.352,6.2242,6.2259,1.00,1.00
2010.09.01 11:02:54.074,6.2242,6.226,1.00,1.00
2010.09.01 11:02:54.322,6.22435,6.2263,1.00,1.00
2010.09.01 11:02:55.423,6.22435,6.2263,1.00,1.00
2010.09.01 11:02:56.253,6.22435,6.2264,1.00,1.00
2010.09.01 11:02:57.103,6.22485,6.2266,1.00,1.00
2010.09.01 11:02:57.438,6.22485,6.2265,1.00,1.00
2010.09.01 11:02:58.688,6.22485,6.2264,1.00,1.00
2010.09.01 11:03:02.508,6.22485,6.2265,1.00,1.00
2010.09.01 11:03:02.847,6.22485,6.2264,1.00,1.00
2010.09.01 11:03:07.702,6.2247,6.2263,1.00,1.00
2010.09.01 11:03:08.030,6.2247,6.2261,1.00,1.00
2010.09.01 11:03:08.198,6.2245,6.2261,1.00,1.00
2010.09.01 11:03:10.470,6.2242,6.2261,1.00,1.00
2010.09.01 11:03:11.170,6.2242,6.226,1.00,1.00
2010.09.01 11:03:11.948,6.2242,6.2259,1.00,1.00
2010.09.01 11:03:12.941,6.2242,6.2257,1.00,1.00
2010.09.01 11:03:13.698,6.224,6.2257,1.00,1.00
2010.09.01 11:03:14.478,6.224,6.2256,1.00,1.00
2010.09.01 11:03:15.758,6.224,6.2258,1.00,1.00
2010.09.01 11:03:17.416,6.224,6.2259,1.00,1.00
2010.09.01 11:03:19.266,6.224,6.2258,1.00,1.00
2010.09.01 11:03:21.257,6.224,6.2257,1.00,1.00
2010.09.01 11:03:21.649,6.224,6.2258,1.00,1.00
2010.09.01 11:03:21.849,6.2242,6.2258,1.00,1.00
2010.09.01 11:03:23.519,6.224,6.2258,1.00,1.00
2010.09.01 11:03:26.132,6.2242,6.2258,1.00,1.00
2010.09.01 11:03:26.758,6.2242,6.2259,1.00,1.00
2010.09.01 11:03:29.622,6.2242,6.2258,1.00,1.00
2010.09.01 11:03:32.210,6.2242,6.2259,1.00,1.00
2010.09.01 11:03:36.519,6.2242,6.2258,1.00,1.00
2010.09.01 11:03:37.256,6.224,6.2258,1.00,1.00
2010.09.01 11:03:37.363,6.224,6.2257,1.00,1.00
2010.09.01 11:03:40.377,6.224,6.2256,1.00,1.00
2010.09.01 11:03:40.875,6.224,6.2257,1.00,1.00
2010.09.01 11:03:53.478,6.224,6.2256,1.00,1.00
2010.09.01 11:03:53.797,6.2238,6.2256,1.00,1.00
2010.09.01 11:03:53.898,6.2238,6.2257,1.00,1.00
2010.09.01 11:03:55.042,6.2238,6.2254,1.00,1.00
2010.09.01 11:03:55.540,6.2238,6.2253,1.00,1.00
2010.09.01 11:03:56.531,6.2238,6.2252,1.00,1.00
2010.09.01 11:03:57.267,6.2238,6.2256,1.00,1.00
2010.09.01 11:03:57.388,6.224,6.2256,1.00,1.00
2010.09.01 11:03:57.616,6.224,6.2257,1.00,1.00
2010.09.01 11:04:02.207,6.22375,6.2256,1.00,1.00
2010.09.01 11:04:04.098,6.22375,6.2254,1.00,1.00
2010.09.01 11:04:04.530,6.22375,6.2253,1.00,1.00
2010.09.01 11:04:05.519,6.22375,6.2252,1.00,1.00
2010.09.01 11:04:17.716,6.22375,6.2251,1.00,1.00
2010.09.01 11:04:18.617,6.22375,6.2252,1.00,1.00
2010.09.01 11:04:35.213,6.22365,6.2252,1.00,1.00
2010.09.01 11:04:35.908,6.22365,6.2251,1.00,1.00
2010.09.01 11:04:39.043,6.22365,6.2252,1.00,1.00
2010.09.01 11:04:42.848,6.22365,6.225,1.00,1.00
2010.09.01 11:04:43.598,6.2234,6.225,1.00,1.00
2010.09.01 11:04:49.556,6.2229,6.2243,1.00,1.00
2010.09.01 11:04:50.595,6.2229,6.2242,1.00,1.00
2010.09.01 11:04:56.083,6.2229,6.2245,1.00,1.00
2010.09.01 11:04:56.431,6.2231,6.2246,1.00,1.00
2010.09.01 11:04:57.701,6.2231,6.2247,1.00,1.00
2010.09.01 11:04:58.039,6.2231,6.2245,1.00,1.00
2010.09.01 11:04:58.373,6.2229,6.2245,1.00,1.00
2010.09.01 11:04:58.535,6.2229,6.2244,1.00,1.00
2010.09.01 11:04:59.821,6.2231,6.2246,1.00,1.00
2010.09.01 11:05:00.368,6.2231,6.2247,1.00,1.00
2010.09.01 11:05:00.747,6.2231,6.2248,1.00,1.00
2010.09.01 11:05:02.645,6.2231,6.2247,1.00,1.00
2010.09.01 11:05:05.087,6.2231,6.2246,1.00,1.00
2010.09.01 11:05:06.070,6.2231,6.2247,1.00,1.00
2010.09.01 11:05:06.247,6.2231,6.2248,1.00,1.00
2010.09.01 11:05:06.610,6.2234,6.2248,1.00,1.00
2010.09.01 11:05:09.445,6.2232,6.2247,1.00,1.00
2010.09.01 11:05:20.747,6.2232,6.2246,1.00,1.00
2010.09.01 11:05:29.079,6.2232,6.2245,1.00,1.00
2010.09.01 11:05:29.341,6.2229,6.2245,1.00,1.00
2010.09.01 11:05:30.038,6.2231,6.2245,1.00,1.00
2010.09.01 11:05:31.779,6.2231,6.2246,1.00,1.00
2010.09.01 11:05:32.368,6.2231,6.2247,1.00,1.00
2010.09.01 11:05:36.741,6.2231,6.2248,1.00,1.00
2010.09.01 11:05:38.941,6.2234,6.2248,1.00,1.00
2010.09.01 11:05:49.312,6.2234,6.2246,1.00,1.00
2010.09.01 11:05:52.169,6.2234,6.2247,1.00,1.00
2010.09.01 11:05:55.077,6.2234,6.2248,1.00,1.00
2010.09.01 11:05:56.080,6.2234,6.2247,1.00,1.00
2010.09.01 11:06:06.009,6.2234,6.2246,1.00,1.00
2010.09.01 11:06:11.226,6.2234,6.2247,1.00,1.00
2010.09.01 11:06:12.211,6.2234,6.2246,1.00,1.00
2010.09.01 11:06:12.562,6.2234,6.2244,1.00,1.00
2010.09.01 11:06:12.763,6.22305,6.2244,1.00,1.00
2010.09.01 11:06:13.742,6.2229,6.2242,1.00,1.00
2010.09.01 11:06:19.510,6.2229,6.2243,1.00,1.00
2010.09.01 11:06:20.371,6.2229,6.2242,1.00,1.00
2010.09.01 11:06:25.181,6.2231,6.2242,1.00,1.00
2010.09.01 11:06:25.339,6.2231,6.2243,1.00,1.00
2010.09.01 11:06:25.492,6.2229,6.2243,1.00,1.00
2010.09.01 11:06:25.640,6.2229,6.2242,1.00,1.00
2010.09.01 11:06:28.444,6.2229,6.2244,1.00,1.00
2010.09.01 11:06:29.421,6.2229,6.2243,1.00,1.00
2010.09.01 11:06:31.294,6.2229,6.2244,1.00,1.00
2010.09.01 11:06:32.138,6.2229,6.2243,1.00,1.00
2010.09.01 11:06:35.370,6.2229,6.2242,1.00,1.00
2010.09.01 11:06:38.717,6.2229,6.2243,1.00,1.00
2010.09.01 11:06:40.111,6.2229,6.2244,1.00,1.00
2010.09.01 11:06:40.316,6.2231,6.2247,1.00,1.00
2010.09.01 11:06:40.701,6.2231,6.225,1.00,1.00
2010.09.01 11:06:41.223,6.2231,6.22515,1.00,1.00
2010.09.01 11:06:41.585,6.2235,6.2253,1.00,1.00
2010.09.01 11:06:41.937,6.2235,6.2254,1.00,1.00
2010.09.01 11:06:42.787,6.2238,6.2255,1.00,1.00
2010.09.01 11:06:45.151,6.2238,6.2256,1.00,1.00
2010.09.01 11:06:45.265,6.2239,6.2259,2.40,1.00
2010.09.01 11:06:49.101,6.22385,6.2259,1.00,1.00
2010.09.01 11:06:50.607,6.22385,6.2258,1.00,1.00
2010.09.01 11:06:50.837,6.22385,6.2257,1.00,1.00
2010.09.01 11:06:51.181,6.22385,6.2255,1.00,1.00
2010.09.01 11:06:51.537,6.22385,6.2255,1.00,1.00
2010.09.01 11:06:52.477,6.22365,6.2254,1.20,1.00
2010.09.01 11:06:52.617,6.22365,6.2254,1.00,1.00
2010.09.01 11:06:53.580,6.22365,6.2247,1.00,1.00
2010.09.01 11:06:54.179,6.2234,6.2246,1.00,1.00
2010.09.01 11:06:54.325,6.223,6.2245,1.00,1.00
2010.09.01 11:06:54.600,6.223,6.2244,1.00,1.00
2010.09.01 11:06:57.469,6.223,6.2245,1.00,1.00
2010.09.01 11:06:59.376,6.22315,6.2249,1.00,1.00
2010.09.01 11:07:02.470,6.22315,6.2248,1.00,1.00
2010.09.01 11:07:02.756,6.2225,6.224,1.00,1.00
2010.09.01 11:07:02.934,6.2225,6.2239,1.00,1.00
2010.09.01 11:07:03.525,6.2222,6.2239,1.00,1.00
2010.09.01 11:07:03.876,6.2224,6.224,1.00,1.00
2010.09.01 11:07:05.435,6.2224,6.2241,1.00,1.00
2010.09.01 11:07:05.886,6.2224,6.224,1.00,1.00
2010.09.01 11:07:07.582,6.2222,6.224,1.00,1.00
2010.09.01 11:07:08.567,6.2222,6.2238,1.00,1.00
2010.09.01 11:07:08.892,6.2222,6.2239,1.00,1.00
2010.09.01 11:07:10.502,6.2222,6.2238,1.00,1.00
2010.09.01 11:07:11.666,6.222,6.2238,1.00,1.00
2010.09.01 11:07:11.931,6.222,6.2237,1.00,1.00
2010.09.01 11:07:13.682,6.222,6.2236,1.00,1.00
2010.09.01 11:07:17.054,6.22185,6.2236,1.00,1.00
2010.09.01 11:07:21.344,6.2223,6.2242,1.00,1.00
2010.09.01 11:07:21.533,6.2226,6.2242,1.00,1.00
2010.09.01 11:07:22.273,6.2226,6.2241,1.00,1.00
2010.09.01 11:07:22.474,6.22245,6.2241,1.00,1.00
2010.09.01 11:07:24.401,6.22245,6.2242,1.00,1.00
2010.09.01 11:07:30.093,6.22245,6.2241,1.00,1.00
2010.09.01 11:07:30.834,6.22215,6.2238,1.00,1.00
2010.09.01 11:07:34.348,6.22235,6.2241,1.00,1.00
2010.09.01 11:07:34.660,6.22215,6.2241,1.00,1.00
2010.09.01 11:07:34.890,6.22215,6.2239,1.00,1.00
2010.09.01 11:07:35.663,6.22215,6.2238,1.00,1.00
2010.09.01 11:07:40.228,6.22215,6.2239,1.00,1.00
2010.09.01 11:07:41.387,6.22235,6.2241,1.00,1.00
2010.09.01 11:07:41.746,6.22235,6.2241,1.00,1.00
2010.09.01 11:07:42.136,6.22235,6.2239,1.00,1.00
2010.09.01 11:07:42.822,6.22215,6.2239,1.00,1.00
2010.09.01 11:07:43.172,6.22215,6.2238,1.00,1.00
2010.09.01 11:07:45.798,6.22215,6.224,1.20,1.00
2010.09.01 11:07:45.928,6.22235,6.2241,1.00,1.00
2010.09.01 11:07:46.518,6.22235,6.2241,1.00,1.00
2010.09.01 11:07:46.756,6.2228,6.2245,1.00,1.00
2010.09.01 11:07:46.993,6.2228,6.2246,1.00,1.00
2010.09.01 11:07:47.302,6.2228,6.2247,1.00,1.00
2010.09.01 11:07:48.660,6.2228,6.2247,1.00,1.00
2010.09.01 11:07:48.930,6.22265,6.2244,1.00,1.00
2010.09.01 11:07:50.261,6.22265,6.2242,1.00,1.00
2010.09.01 11:07:50.540,6.22245,6.2242,1.00,1.00
2010.09.01 11:07:51.305,6.22245,6.2241,1.00,1.00
2010.09.01 11:07:52.895,6.22245,6.22395,1.00,1.00
2010.09.01 11:07:56.160,6.2223,6.22395,1.00,1.00
2010.09.01 11:07:58.061,6.2223,6.2239,1.00,1.00
2010.09.01 11:07:58.530,6.2223,6.2238,1.00,1.00
2010.09.01 11:07:59.354,6.2223,6.2237,1.00,1.00
2010.09.01 11:08:02.727,6.2223,6.22315,1.00,1.00
2010.09.01 11:08:03.035,6.2218,6.22315,1.00,1.00
2010.09.01 11:08:04.198,6.2217,6.22315,1.00,1.00
2010.09.01 11:08:08.328,6.22175,6.22315,1.00,1.00
2010.09.01 11:08:17.519,6.22175,6.2234,1.00,1.00
2010.09.01 11:08:17.777,6.22195,6.2234,1.00,1.00
2010.09.01 11:08:18.032,6.22195,6.2235,1.00,1.00
2010.09.01 11:08:22.844,6.22175,6.2235,1.00,1.00
2010.09.01 11:08:23.196,6.22195,6.2235,1.00,1.00
2010.09.01 11:08:25.748,6.22195,6.22355,1.00,1.00
2010.09.01 11:08:26.938,6.22195,6.2235,1.00,1.00
2010.09.01 11:08:27.159,6.22175,6.2234,1.00,1.00
2010.09.01 11:08:27.940,6.22175,6.2233,1.00,1.00
2010.09.01 11:08:31.600,6.22175,6.2232,1.00,1.00
2010.09.01 11:08:35.257,6.22175,6.2232,1.00,1.00
2010.09.01 11:08:37.495,6.22175,6.2232,1.00,1.00
2010.09.01 11:08:38.057,6.22175,6.2231,1.00,1.00
2010.09.01 11:08:38.190,6.22175,6.2227,1.00,1.00
2010.09.01 11:08:38.874,6.2213,6.2227,1.00,1.00
2010.09.01 11:08:39.159,6.2213,6.2226,1.00,1.00
2010.09.01 11:08:39.439,6.2213,6.2227,1.00,1.00
2010.09.01 11:08:40.354,6.2213,6.2226,1.00,1.00
2010.09.01 11:08:40.838,6.2213,6.2225,1.00,1.00
2010.09.01 11:08:41.863,6.2213,6.2226,1.00,1.00
2010.09.01 11:08:53.821,6.2213,6.2227,1.00,1.00
2010.09.01 11:08:55.579,6.22145,6.2227,1.00,1.00
2010.09.01 11:08:57.480,6.22145,6.2228,1.00,1.00
2010.09.01 11:08:58.791,6.22165,6.2231,1.00,1.00
2010.09.01 11:08:59.402,6.22165,6.22325,1.00,1.00
2010.09.01 11:08:59.603,6.22165,6.2232,1.00,1.00
2010.09.01 11:08:59.800,6.22165,6.2231,1.00,1.00
2010.09.01 11:08:59.999,6.22165,6.22325,1.00,1.00
2010.09.01 11:09:05.391,6.22165,6.2232,1.00,1.00
2010.09.01 11:09:06.072,6.22165,6.22325,1.00,1.00
2010.09.01 11:09:06.179,6.22165,6.2232,1.00,1.00
2010.09.01 11:09:07.084,6.22165,6.22325,1.00,1.00
2010.09.01 11:09:07.216,6.22165,6.2231,1.00,1.00
2010.09.01 11:09:07.509,6.22165,6.2232,1.00,1.00
2010.09.01 11:09:07.776,6.22165,6.22325,1.00,1.00
2010.09.01 11:09:07.928,6.22165,6.2233,1.00,1.00
2010.09.01 11:09:08.571,6.22195,6.2233,1.00,1.00
2010.09.01 11:09:08.773,6.22195,6.2233,1.00,1.00
2010.09.01 11:09:10.580,6.22195,6.2234,1.00,1.00
2010.09.01 11:09:11.282,6.22195,6.2232,1.00,1.00
2010.09.01 11:09:16.863,6.22195,6.2233,1.00,1.00
2010.09.01 11:09:17.761,6.22195,6.2232,1.00,1.00
2010.09.01 11:09:18.461,6.22195,6.22335,1.00,1.00
2010.09.01 11:09:20.668,6.22195,6.2233,1.00,1.00
2010.09.01 11:09:20.797,6.22195,6.2233,1.00,1.00
2010.09.01 11:09:20.954,6.22175,6.2233,1.00,1.00
2010.09.01 11:09:21.224,6.22175,6.2232,1.00,1.00
2010.09.01 11:09:23.550,6.22175,6.2233,1.00,1.00
2010.09.01 11:09:24.867,6.22175,6.2232,1.00,1.00
2010.09.01 11:09:25.107,6.22175,6.2233,1.00,1.00
2010.09.01 11:09:26.889,6.22175,6.2232,1.00,1.00
2010.09.01 11:09:31.699,6.22175,6.2231,1.00,1.00
2010.09.01 11:09:31.838,6.22175,6.2229,1.00,1.00
2010.09.01 11:09:32.442,6.22175,6.2232,1.00,1.00
2010.09.01 11:09:32.766,6.22175,6.223,1.00,1.00
2010.09.01 11:09:34.090,6.22175,6.2231,1.00,1.00
2010.09.01 11:09:34.928,6.22175,6.2231,1.00,1.00
2010.09.01 11:09:35.278,6.22175,6.223,1.00,1.00
2010.09.01 11:09:35.630,6.2215,6.2227,1.00,1.00
2010.09.01 11:09:35.739,6.22145,6.2227,1.00,1.00
2010.09.01 11:09:36.335,6.22125,6.2227,1.00,1.00
2010.09.01 11:09:36.587,6.2212,6.2225,1.00,1.00
2010.09.01 11:09:37.903,6.2214,6.2226,1.00,1.00
2010.09.01 11:09:38.827,6.2214,6.2226,1.00,1.00
2010.09.01 11:09:40.777,6.2209,6.2225,1.00,1.00
2010.09.01 11:09:40.882,6.2209,6.2224,1.00,1.00
2010.09.01 11:09:40.994,6.2209,6.2223,1.00,1.00
2010.09.01 11:09:41.647,6.2209,6.2222,1.00,1.00
2010.09.01 11:09:57.748,6.22075,6.2222,1.00,1.00
2010.09.01 11:09:58.889,6.22075,6.222,1.00,1.00
2010.09.01 11:10:00.399,6.22075,6.2222,1.00,1.00
2010.09.01 11:10:02.854,6.22055,6.2223,1.00,1.00
2010.09.01 11:10:03.649,6.22055,6.2222,1.00,1.00
2010.09.01 11:10:04.382,6.2207,6.2222,1.00,1.00
2010.09.01 11:10:05.649,6.2207,6.2223,1.00,1.00
2010.09.01 11:10:06.057,6.2207,6.2222,1.00,1.00
2010.09.01 11:10:06.987,6.2202,6.22175,1.00,1.00
2010.09.01 11:10:15.142,6.2204,6.2219,1.00,1.00
2010.09.01 11:10:17.202,6.2206,6.2219,1.00,1.00
2010.09.01 11:10:17.337,6.2204,6.222,1.00,1.00
2010.09.01 11:10:17.719,6.2206,6.222,1.00,1.00
2010.09.01 11:10:18.404,6.2206,6.2219,1.00,1.00
2010.09.01 11:10:18.751,6.2206,6.2221,1.00,1.00
2010.09.01 11:10:19.099,6.2206,6.2222,1.00,1.00
2010.09.01 11:10:21.319,6.2206,6.2221,1.00,1.00
2010.09.01 11:10:21.663,6.2206,6.2222,1.00,1.00
2010.09.01 11:10:22.011,6.2207,6.2222,1.00,1.00
2010.09.01 11:10:23.042,6.2207,6.2222,1.00,1.00
2010.09.01 11:10:23.294,6.2205,6.2222,1.00,1.00
2010.09.01 11:10:23.541,6.2205,6.2221,1.00,1.00
2010.09.01 11:10:24.364,6.2205,6.222,1.00,1.00
2010.09.01 11:10:36.415,6.22065,6.2221,1.00,1.00
2010.09.01 11:10:36.695,6.22045,6.2223,1.20,1.00
2010.09.01 11:10:36.903,6.22045,6.222,1.00,1.00
2010.09.01 11:10:39.660,6.2204,6.222,1.00,1.00
2010.09.01 11:10:40.361,6.2204,6.2219,1.00,1.00
2010.09.01 11:10:41.527,6.2204,6.22155,1.00,1.00
2010.09.01 11:10:41.644,6.2199,6.2215,1.00,1.00
2010.09.01 11:10:41.753,6.2197,6.2215,1.00,1.00
2010.09.01 11:10:42.408,6.2194,6.2209,1.00,1.00
2010.09.01 11:10:43.972,6.2187,6.2201,2.80,1.00
2010.09.01 11:10:44.756,6.2187,6.2201,1.00,1.00
2010.09.01 11:10:46.363,6.2186,6.2201,1.00,1.00
2010.09.01 11:10:47.531,6.2186,6.2202,1.00,1.00
2010.09.01 11:10:49.319,6.2186,6.2202,1.00,1.00
2010.09.01 11:10:53.291,6.2186,6.2202,1.00,1.00
2010.09.01 11:10:54.407,6.21905,6.2202,1.00,1.00
2010.09.01 11:10:54.757,6.21905,6.2207,1.00,1.00
2010.09.01 11:10:54.892,6.2194,6.2207,1.00,1.00
2010.09.01 11:10:55.649,6.2194,6.2208,1.00,1.00
2010.09.01 11:10:55.778,6.2194,6.2207,1.00,1.00
2010.09.01 11:10:56.749,6.2189,6.2207,1.00,1.00
2010.09.01 11:10:57.098,6.2189,6.2203,1.00,1.00
2010.09.01 11:11:00.210,6.2191,6.2203,1.00,1.00
2010.09.01 11:11:00.548,6.2191,6.22055,1.00,1.00
2010.09.01 11:11:01.347,6.2191,6.2205,1.00,1.00
2010.09.01 11:11:02.423,6.2189,6.2205,1.00,1.00
2010.09.01 11:11:02.778,6.21905,6.22055,1.00,1.00
2010.09.01 11:11:05.035,6.21905,6.2207,1.00,1.00
2010.09.01 11:11:05.110,6.21905,6.2207,1.00,1.00
2010.09.01 11:11:05.698,6.21905,6.2206,1.00,1.00
2010.09.01 11:11:05.785,6.2189,6.2206,1.00,1.00
2010.09.01 11:11:06.135,6.2189,6.2204,1.00,1.00
2010.09.01 11:11:07.001,6.2189,6.2207,1.00,1.00
2010.09.01 11:11:07.203,6.2194,6.2208,1.00,1.00
2010.09.01 11:11:07.410,6.2194,6.22065,1.00,1.00
2010.09.01 11:11:08.110,6.2192,6.22065,1.00,1.00
2010.09.01 11:11:10.149,6.2194,6.22065,1.00,1.00
2010.09.01 11:11:11.267,6.2194,6.221,1.00,1.00
2010.09.01 11:11:11.318,6.21965,6.221,1.00,1.00
2010.09.01 11:11:11.601,6.21965,6.221,1.00,1.00
2010.09.01 11:11:12.960,6.21965,6.221,1.00,1.00
2010.09.01 11:11:13.186,6.21945,6.2209,1.00,1.00
2010.09.01 11:11:14.845,6.21915,6.2209,1.00,1.00
2010.09.01 11:11:16.234,6.21915,6.2208,1.00,1.00
2010.09.01 11:11:18.671,6.21915,6.2207,1.00,1.00
2010.09.01 11:11:18.900,6.21915,6.2206,1.00,1.00
2010.09.01 11:11:21.693,6.21915,6.2207,1.00,1.00
2010.09.01 11:11:21.769,6.2193,6.2208,1.00,1.00
2010.09.01 11:11:23.559,6.2193,6.2207,1.00,1.00
2010.09.01 11:11:23.800,6.21925,6.2207,1.00,1.00
2010.09.01 11:11:24.424,6.21925,6.2207,1.00,1.00
2010.09.01 11:11:24.693,6.21935,6.2208,1.00,1.00
2010.09.01 11:11:24.965,6.2196,6.2212,1.00,1.00
2010.09.01 11:11:26.489,6.2196,6.2213,1.00,1.00
2010.09.01 11:11:27.282,6.21975,6.2213,1.00,1.00
2010.09.01 11:11:27.633,6.21955,6.2213,1.00,1.00
2010.09.01 11:11:27.984,6.21955,6.2211,1.00,1.00
2010.09.01 11:11:29.367,6.21955,6.2212,1.00,1.00
2010.09.01 11:11:29.450,6.21975,6.2213,1.00,1.00
2010.09.01 11:11:29.586,6.21975,6.2212,1.00,1.00
2010.09.01 11:11:32.322,6.21955,6.2209,1.00,1.00
2010.09.01 11:11:34.179,6.21955,6.221,1.00,1.00
2010.09.01 11:11:34.779,6.21955,6.2211,1.00,1.00
2010.09.01 11:11:34.982,6.21955,6.2212,1.00,1.00
2010.09.01 11:11:35.696,6.21975,6.2213,1.00,1.00
2010.09.01 11:11:36.053,6.21975,6.2212,1.00,1.00
2010.09.01 11:11:36.178,6.21975,6.2212,1.00,1.00
2010.09.01 11:11:39.850,6.21975,6.22085,1.00,1.00
2010.09.01 11:11:40.019,6.21975,6.2211,1.00,1.00
2010.09.01 11:11:40.190,6.21955,6.2209,1.00,1.00
2010.09.01 11:11:40.946,6.21955,6.22085,1.00,1.00
2010.09.01 11:11:41.241,6.21925,6.2209,1.00,1.00
2010.09.01 11:11:43.008,6.21925,6.2208,1.00,1.00
2010.09.01 11:11:43.961,6.21925,6.2208,1.00,1.00
2010.09.01 11:11:44.148,6.21925,6.2208,1.00,1.00
2010.09.01 11:11:45.071,6.21925,6.2207,1.00,1.00
2010.09.01 11:11:45.205,6.2192,6.2207,1.00,1.00
2010.09.01 11:11:47.781,6.21885,6.2203,1.00,1.00
2010.09.01 11:11:50.364,6.219,6.2208,1.00,1.00
2010.09.01 11:11:50.564,6.2192,6.2208,1.00,1.00
2010.09.01 11:11:53.749,6.2192,6.2207,1.00,1.00
2010.09.01 11:11:57.771,6.219,6.2206,1.00,1.00
2010.09.01 11:11:58.778,6.2192,6.2206,1.00,1.00
2010.09.01 11:11:59.458,6.2192,6.2207,1.00,1.00
2010.09.01 11:12:02.901,6.2192,6.2208,1.00,1.00
2010.09.01 11:12:05.383,6.219,6.2206,1.00,1.00
2010.09.01 11:12:05.747,6.219,6.2208,1.00,1.00
2010.09.01 11:12:06.936,6.219,6.2207,1.00,1.00
2010.09.01 11:12:08.650,6.2192,6.2208,1.00,1.00
2010.09.01 11:12:09.459,6.219,6.2207,1.00,1.00
2010.09.01 11:12:12.810,6.219,6.2205,1.00,1.00
2010.09.01 11:12:13.682,6.2184,6.22015,1.00,1.00
2010.09.01 11:12:13.859,6.2184,6.22,1.00,1.00
2010.09.01 11:12:18.420,6.2184,6.22,1.00,1.00
2010.09.01 11:12:18.708,6.21865,6.22,1.00,1.00
2010.09.01 11:12:20.389,6.21865,6.2201,1.00,1.00
2010.09.01 11:12:21.388,6.21865,6.2196,1.00,1.00
2010.09.01 11:12:22.000,6.21825,6.2196,1.00,1.00
2010.09.01 11:12:23.720,6.21815,6.2197,1.00,1.00
2010.09.01 11:12:24.436,6.2178,6.2192,1.00,1.00
2010.09.01 11:12:27.590,6.2178,6.2192,1.00,1.00
2010.09.01 11:12:28.277,6.2178,6.2196,1.00,1.00
2010.09.01 11:12:28.627,6.21795,6.2196,1.00,1.00
2010.09.01 11:12:28.970,6.21795,6.2195,1.00,1.00
2010.09.01 11:12:29.669,6.21795,6.2196,1.00,1.00
2010.09.01 11:12:30.361,6.21815,6.2197,1.00,1.00
2010.09.01 11:12:31.476,6.21815,6.21975,1.00,1.00
2010.09.01 11:12:31.740,6.21815,6.2197,1.00,1.00
2010.09.01 11:12:31.999,6.2179,6.2197,1.00,1.00
2010.09.01 11:12:32.260,6.2179,6.21965,1.00,1.00
2010.09.01 11:12:32.519,6.21815,6.21965,1.00,1.00
2010.09.01 11:12:33.382,6.21815,6.2198,1.00,1.00
2010.09.01 11:12:33.735,6.21825,6.2197,1.00,1.00
2010.09.01 11:12:34.220,6.21825,6.2197,1.00,1.00
2010.09.01 11:12:35.005,6.21845,6.22,1.00,1.00
2010.09.01 11:12:35.141,6.21845,6.2199,1.00,1.00
2010.09.01 11:12:35.278,6.21815,6.2199,1.00,1.00
2010.09.01 11:12:35.559,6.21815,6.2199,1.00,1.00
2010.09.01 11:12:36.195,6.2182,6.22005,2.40,1.00
2010.09.01 11:12:36.445,6.21865,6.2202,1.00,1.00
2010.09.01 11:12:36.935,6.21865,6.22,1.00,1.00
2010.09.01 11:12:37.182,6.21845,6.22,1.00,1.00
2010.09.01 11:12:38.054,6.21865,6.2205,1.00,1.00
2010.09.01 11:12:38.403,6.21845,6.2201,1.00,1.00
2010.09.01 11:12:41.907,6.21845,6.22,1.00,1.00
2010.09.01 11:12:42.672,6.21845,6.2198,1.00,1.00
2010.09.01 11:12:42.947,6.21815,6.2194,1.00,1.00
2010.09.01 11:12:43.187,6.21785,6.2193,1.00,1.00
2010.09.01 11:12:43.422,6.21785,6.2195,1.00,1.00
2010.09.01 11:12:44.177,6.2179,6.21955,1.00,1.00
2010.09.01 11:12:46.391,6.2179,6.21905,1.00,1.00
2010.09.01 11:12:46.514,6.2179,6.2195,1.00,1.00
2010.09.01 11:12:47.146,6.2179,6.2195,1.00,1.00
2010.09.01 11:12:47.449,6.2179,6.2195,1.00,1.00
2010.09.01 11:12:47.741,6.2179,6.2196,1.00,1.00
2010.09.01 11:12:48.031,6.2183,6.2199,1.00,1.10
2010.09.01 11:12:48.826,6.2183,6.2199,1.00,1.00
2010.09.01 11:12:49.740,6.218,6.2195,1.00,1.00
2010.09.01 11:12:51.156,6.218,6.2199,1.00,1.00
2010.09.01 11:12:51.390,6.21825,6.2199,1.00,1.00
2010.09.01 11:12:51.624,6.21825,6.2203,1.00,1.00
2010.09.01 11:12:52.248,6.2185,6.2203,2.40,1.00
2010.09.01 11:12:52.273,6.2188,6.2204,1.00,1.00
2010.09.01 11:12:52.583,6.2188,6.2204,1.00,1.00
2010.09.01 11:12:55.533,6.2191,6.21955,1.00,1.00
2010.09.01 11:12:56.570,6.2176,6.2198,1.00,2.40
2010.09.01 11:12:56.915,6.21735,6.21895,1.00,1.00
2010.09.01 11:12:57.881,6.2184,6.2198,2.40,1.00
2010.09.01 11:12:58.221,6.2184,6.2204,2.40,1.00
2010.09.01 11:12:58.890,6.2184,6.22015,2.40,1.60
2010.09.01 11:12:59.411,6.2184,6.2204,2.40,1.00
2010.09.01 11:13:00.106,6.2184,6.2203,2.40,1.00
2010.09.01 11:13:01.132,6.2184,6.2204,2.40,1.00
2010.09.01 11:13:02.429,6.2184,6.2203,2.40,1.00
2010.09.01 11:13:04.314,6.2184,6.2205,2.40,1.00
2010.09.01 11:13:07.069,6.2184,6.2206,2.40,1.00
2010.09.01 11:13:10.248,6.2189,6.2206,2.40,1.00
2010.09.01 11:13:10.482,6.2189,6.2209,2.40,1.00
2010.09.01 11:13:11.079,6.2189,6.221,2.40,1.00
2010.09.01 11:13:11.268,6.2189,6.2212,2.40,1.00
2010.09.01 11:13:11.461,6.2189,6.2213,2.40,1.00
2010.09.01 11:13:12.199,6.21895,6.2214,1.60,1.00
2010.09.01 11:13:13.069,6.21955,6.2214,1.00,1.00
2010.09.01 11:13:13.791,6.21955,6.2214,1.00,1.00
2010.09.01 11:13:14.757,6.21955,6.2213,1.00,1.00
2010.09.01 11:13:15.551,6.21955,6.2204,1.00,1.00
2010.09.01 11:13:15.690,6.21955,6.22095,1.00,1.00
2010.09.01 11:13:15.829,6.21915,6.22095,1.00,1.00
2010.09.01 11:13:24.659,6.21915,6.2202,1.00,1.00
2010.09.01 11:13:24.919,6.21915,6.2196,1.00,1.00
2010.09.01 11:13:25.180,6.2187,6.2205,2.40,1.00
2010.09.01 11:13:25.398,6.21885,6.2207,1.00,1.00
2010.09.01 11:13:25.642,6.21885,6.2207,1.00,1.00
2010.09.01 11:13:26.513,6.21945,6.2211,1.00,1.00
2010.09.01 11:13:26.698,6.21945,6.2212,1.00,1.00
2010.09.01 11:13:27.917,6.21945,6.2213,1.00,1.00
2010.09.01 11:13:28.269,6.21905,6.22105,1.00,1.00
2010.09.01 11:13:28.611,6.21945,6.2212,1.00,1.00
2010.09.01 11:13:29.029,6.21955,6.2212,1.00,1.00
2010.09.01 11:13:29.694,6.21955,6.2212,1.00,1.00
2010.09.01 11:13:29.960,6.21955,6.2213,1.00,1.00
2010.09.01 11:13:30.837,6.2193,6.2204,1.00,1.00
2010.09.01 11:13:31.177,6.2193,6.21975,1.00,1.00
2010.09.01 11:13:31.510,6.21895,6.2207,1.00,1.00
2010.09.01 11:13:31.843,6.21895,6.2208,1.00,1.00
2010.09.01 11:13:32.605,6.21925,6.2208,1.00,1.00
2010.09.01 11:13:33.438,6.21925,6.2207,1.00,1.00
2010.09.01 11:13:34.238,6.21925,6.2208,1.00,1.00
2010.09.01 11:13:35.118,6.21925,6.221,1.00,1.00
2010.09.01 11:13:35.926,6.2194,6.221,1.00,1.00
2010.09.01 11:13:36.165,6.2195,6.221,1.00,1.00
2010.09.01 11:13:36.978,6.2195,6.221,1.00,1.00
2010.09.01 11:13:40.778,6.2195,6.2209,1.00,1.00
2010.09.01 11:13:41.444,6.2195,6.2211,1.00,1.00
2010.09.01 11:13:44.989,6.2195,6.221,1.00,1.00
2010.09.01 11:13:45.119,6.2193,6.221,1.00,1.00
2010.09.01 11:13:46.296,6.219,6.2205,1.00,1.00
2010.09.01 11:13:47.973,6.21885,6.2206,1.00,1.00
2010.09.01 11:13:48.229,6.21885,6.2203,1.00,1.00
2010.09.01 11:13:49.265,6.21885,6.2204,1.00,1.00
2010.09.01 11:13:49.931,6.219,6.2205,1.00,1.00
2010.09.01 11:13:50.110,6.2188,6.2204,1.00,1.00
2010.09.01 11:13:50.871,6.21855,6.2204,1.00,1.00
2010.09.01 11:13:52.372,6.21855,6.2203,1.00,1.00
2010.09.01 11:13:54.144,6.21855,6.2203,1.00,1.00
2010.09.01 11:13:54.785,6.2185,6.21995,2.40,1.00
2010.09.01 11:13:54.917,6.21755,6.2194,1.00,1.00
2010.09.01 11:13:55.834,6.21765,6.21945,1.00,1.00
2010.09.01 11:13:57.951,6.21765,6.2197,1.00,1.00
2010.09.01 11:13:58.226,6.21795,6.2198,1.00,1.00
2010.09.01 11:13:59.018,6.21775,6.2195,1.00,1.00
2010.09.01 11:13:59.222,6.21775,6.2195,1.00,1.00
2010.09.01 11:14:00.410,6.21795,6.2196,1.00,1.00
2010.09.01 11:14:00.691,6.21795,6.2198,1.00,1.00
2010.09.01 11:14:00.971,6.21815,6.2198,1.00,1.00
2010.09.01 11:14:03.769,6.21815,6.22,1.00,1.00
2010.09.01 11:14:05.483,6.21845,6.2199,1.00,1.00
2010.09.01 11:14:05.831,6.21815,6.2199,1.00,1.00
2010.09.01 11:14:06.449,6.21835,6.22,1.00,1.00
2010.09.01 11:14:07.081,6.2184,6.2199,2.40,1.00
2010.09.01 11:14:07.246,6.2184,6.22,2.40,1.00
2010.09.01 11:14:07.562,6.2184,6.2199,2.40,1.00
2010.09.01 11:14:09.279,6.2185,6.2201,1.00,1.00
2010.09.01 11:14:09.615,6.2184,6.2199,2.40,1.00
2010.09.01 11:14:09.773,6.21825,6.2199,1.00,1.00
2010.09.01 11:14:10.612,6.2185,6.22,1.00,1.00
2010.09.01 11:14:12.824,6.2185,6.2202,1.00,1.00
2010.09.01 11:14:14.299,6.2185,6.2203,1.00,1.00
2010.09.01 11:14:15.089,6.2185,6.2202,1.00,1.00
2010.09.01 11:14:15.597,6.2185,6.2204,1.00,1.00
2010.09.01 11:14:21.170,6.2185,6.2204,1.00,1.00
2010.09.01 11:14:21.247,6.2185,6.2205,1.00,1.00
2010.09.01 11:14:21.448,6.2188,6.2205,1.00,1.00
2010.09.01 11:14:24.119,6.21865,6.2204,1.00,1.00
2010.09.01 11:14:24.381,6.21875,6.2204,1.00,1.00
2010.09.01 11:14:25.970,6.21875,6.22025,1.00,1.00
2010.09.01 11:14:26.230,6.21855,6.22025,1.00,1.00
2010.09.01 11:14:27.441,6.21855,6.2205,1.00,1.00
2010.09.01 11:14:27.641,6.21895,6.2205,1.00,1.00
2010.09.01 11:14:28.418,6.21895,6.2206,1.00,1.00
2010.09.01 11:14:28.618,6.21895,6.2205,1.00,1.00
2010.09.01 11:14:28.909,6.21895,6.2203,1.00,1.00
2010.09.01 11:14:29.614,6.2186,6.2203,1.00,1.00
2010.09.01 11:14:29.665,6.21845,6.2199,1.00,1.00
2010.09.01 11:14:29.712,6.21825,6.2199,1.00,1.00
2010.09.01 11:14:29.838,6.21825,6.2203,1.00,1.00
2010.09.01 11:14:30.484,6.219,6.2209,2.80,1.00
2010.09.01 11:14:30.640,6.219,6.2209,2.80,1.00
2010.09.01 11:14:30.983,6.2191,6.2209,1.00,1.00
2010.09.01 11:14:31.943,6.2191,6.2209,1.00,1.00
2010.09.01 11:14:32.190,6.2191,6.2208,1.00,1.00
2010.09.01 11:14:34.518,6.2191,6.2208,1.00,1.00
2010.09.01 11:14:35.177,6.2191,6.2209,1.00,1.00
2010.09.01 11:14:36.914,6.2191,6.2208,1.00,1.00
2010.09.01 11:14:37.019,6.21935,6.2211,1.00,1.00
2010.09.01 11:14:37.113,6.21945,6.2211,1.60,1.00
2010.09.01 11:14:37.686,6.2196,6.2216,1.00,3.20
2010.09.01 11:14:37.788,6.2202,6.2221,2.80,1.00
2010.09.01 11:14:45.140,6.2202,6.2222,2.80,1.00
2010.09.01 11:14:47.778,6.2202,6.2221,2.80,1.00
2010.09.01 11:14:48.782,6.2203,6.2221,1.00,1.00
2010.09.01 11:14:49.571,6.2203,6.222,1.00,1.00
2010.09.01 11:14:50.502,6.2203,6.2219,1.00,1.00
2010.09.01 11:14:52.101,6.2203,6.222,1.00,1.00
2010.09.01 11:14:57.610,6.2206,6.222,2.40,1.00
2010.09.01 11:14:58.433,6.22045,6.2221,1.00,1.00
2010.09.01 11:14:59.481,6.22045,6.2221,1.20,1.00
2010.09.01 11:15:00.153,6.22065,6.2223,1.00,1.00
2010.09.01 11:15:00.392,6.22065,6.2224,1.00,1.00
2010.09.01 11:15:02.650,6.22095,6.2228,1.00,1.00
2010.09.01 11:15:02.799,6.22115,6.2228,1.00,1.00
2010.09.01 11:15:03.682,6.22115,6.223,1.00,1.00
2010.09.01 11:15:04.012,6.22115,6.223,1.00,1.00
2010.09.01 11:15:04.344,6.22115,6.2229,1.00,1.00
2010.09.01 11:15:05.325,6.2211,6.2225,2.40,1.00
2010.09.01 11:15:05.674,6.2208,6.2221,1.00,1.00
2010.09.01 11:15:06.506,6.2208,6.2222,1.00,1.00
2010.09.01 11:15:07.035,6.2208,6.2223,1.00,1.00
2010.09.01 11:15:07.822,6.2211,6.2225,2.40,1.00
2010.09.01 11:15:08.156,6.22115,6.2228,1.00,1.00
2010.09.01 11:15:10.091,6.22115,6.2227,1.00,1.00
2010.09.01 11:15:18.329,6.22115,6.2228,1.00,1.00
2010.09.01 11:15:19.488,6.22115,6.2227,1.00,1.00
2010.09.01 11:15:21.078,6.22115,6.2228,1.00,1.00
2010.09.01 11:15:21.238,6.22115,6.2227,1.00,1.00
2010.09.01 11:15:22.628,6.22115,6.2229,1.00,1.00
2010.09.01 11:15:22.777,6.22115,6.2227,1.00,1.00
2010.09.01 11:15:24.538,6.22115,6.223,1.00,1.00
2010.09.01 11:15:35.003,6.22115,6.2231,1.00,1.00
2010.09.01 11:15:35.508,6.22115,6.223,1.00,1.00
2010.09.01 11:15:38.048,6.22115,6.2231,1.00,1.00
2010.09.01 11:15:38.337,6.22115,6.223,1.00,1.00
2010.09.01 11:15:40.817,6.22115,6.2231,1.00,1.00
2010.09.01 11:15:43.828,6.22115,6.2232,1.00,1.00
2010.09.01 11:15:44.348,6.22115,6.2231,1.00,1.00
2010.09.01 11:15:45.757,6.22115,6.2232,1.00,1.00
2010.09.01 11:15:46.290,6.22115,6.2231,1.00,1.00
2010.09.01 11:15:51.363,6.22115,6.2232,1.00,1.00
2010.09.01 11:15:51.710,6.22115,6.2231,1.00,1.00
2010.09.01 11:15:52.248,6.22115,6.2232,1.00,1.00
2010.09.01 11:15:55.240,6.22115,6.2231,1.00,1.00
2010.09.01 11:15:55.459,6.22115,6.2232,1.00,1.00
2010.09.01 11:15:56.226,6.22115,6.2231,1.00,1.00
2010.09.01 11:15:56.565,6.22145,6.2232,1.00,1.00
2010.09.01 11:15:56.902,6.22145,6.2233,1.00,1.00
2010.09.01 11:15:57.559,6.22145,6.2232,1.00,1.00
2010.09.01 11:15:57.879,6.22145,6.2232,1.00,1.00
2010.09.01 11:15:58.771,6.22145,6.2233,1.00,1.00
2010.09.01 11:16:00.998,6.2213,6.2233,1.00,1.00
2010.09.01 11:16:01.034,6.2213,6.2231,1.00,1.00
2010.09.01 11:16:01.735,6.2213,6.223,1.00,1.00
2010.09.01 11:16:03.858,6.2213,6.2232,1.00,1.00
2010.09.01 11:16:04.074,6.2213,6.2231,1.00,1.00
2010.09.01 11:16:04.279,6.2213,6.223,1.00,1.00
2010.09.01 11:16:04.487,6.2213,6.2231,1.00,1.00
2010.09.01 11:16:05.881,6.2206,6.2225,2.40,1.00
2010.09.01 11:16:10.628,6.2207,6.2225,1.00,1.00
2010.09.01 11:16:10.721,6.2207,6.2227,1.00,1.00
2010.09.01 11:16:15.210,6.221,6.2228,1.00,1.00
2010.09.01 11:16:16.411,6.221,6.223,1.00,1.00
2010.09.01 11:16:16.719,6.221,6.223,1.00,1.00
2010.09.01 11:16:18.248,6.2212,6.223,1.00,1.00
2010.09.01 11:16:18.423,6.2212,6.2231,1.00,1.00
2010.09.01 11:16:20.320,6.2212,6.2231,1.00,1.00
2010.09.01 11:16:20.588,6.22115,6.2231,1.00,1.00
2010.09.01 11:16:20.808,6.2212,6.223,1.00,1.00
2010.09.01 11:16:21.868,6.2212,6.2232,1.00,1.00
2010.09.01 11:16:22.128,6.2212,6.2232,1.00,1.00
2010.09.01 11:16:22.879,6.2212,6.22325,1.00,1.00
2010.09.01 11:16:25.523,6.2212,6.2231,1.00,1.00
2010.09.01 11:16:25.613,6.2215,6.2231,1.00,1.00
2010.09.01 11:16:25.701,6.2215,6.2234,1.00,1.00
2010.09.01 11:16:25.880,6.2215,6.2234,2.80,1.00
2010.09.01 11:16:26.492,6.2213,6.2232,1.00,1.00
2010.09.01 11:16:26.845,6.2213,6.223,1.00,1.00
2010.09.01 11:16:28.036,6.2212,6.223,1.00,1.00
2010.09.01 11:16:28.385,6.2212,6.2229,1.00,1.00
2010.09.01 11:16:29.512,6.2212,6.2227,1.00,1.00
2010.09.01 11:16:30.608,6.2212,6.2226,1.00,1.00
2010.09.01 11:16:31.167,6.2212,6.2225,1.00,1.00
2010.09.01 11:16:32.278,6.2212,6.2226,1.00,1.00
2010.09.01 11:16:36.476,6.2212,6.2226,1.00,1.00
2010.09.01 11:16:38.571,6.22095,6.2226,1.00,1.00
2010.09.01 11:16:38.809,6.22095,6.2224,1.00,1.00
2010.09.01 11:16:38.929,6.2208,6.2224,1.00,1.00
2010.09.01 11:16:40.184,6.2208,6.2223,1.00,1.00
2010.09.01 11:16:42.600,6.2208,6.2222,1.00,1.00
2010.09.01 11:16:43.227,6.2208,6.2223,1.00,1.00
2010.09.01 11:16:45.589,6.2208,6.2222,1.00,1.00
2010.09.01 11:16:58.639,6.2208,6.2223,1.00,1.00
2010.09.01 11:16:59.214,6.2209,6.2227,1.00,1.00
2010.09.01 11:16:59.903,6.22115,6.2227,1.00,1.00
2010.09.01 11:17:00.061,6.22115,6.2228,1.00,1.00
2010.09.01 11:17:00.220,6.22115,6.2227,1.00,1.00
2010.09.01 11:17:00.700,6.22115,6.2228,1.00,1.00
2010.09.01 11:17:02.450,6.22115,6.2229,1.00,1.00
2010.09.01 11:17:03.788,6.22145,6.2232,1.00,1.00
2010.09.01 11:17:04.013,6.22145,6.2231,1.00,1.00
2010.09.01 11:17:04.243,6.22145,6.2232,1.00,1.00
2010.09.01 11:17:04.469,6.2215,6.2232,1.00,1.00
2010.09.01 11:17:05.748,6.2215,6.2232,1.00,1.00
2010.09.01 11:17:08.281,6.2214,6.2231,2.40,1.00
2010.09.01 11:17:09.186,6.2214,6.223,2.40,1.00
2010.09.01 11:17:10.446,6.2214,6.2229,2.40,1.00
2010.09.01 11:17:14.280,6.2214,6.2228,2.40,1.00
2010.09.01 11:17:15.030,6.221,6.2224,1.00,1.00
2010.09.01 11:17:15.229,6.221,6.2225,1.00,1.00
2010.09.01 11:17:16.104,6.221,6.2224,1.00,1.00
2010.09.01 11:17:16.789,6.221,6.2223,1.00,1.00
2010.09.01 11:17:21.211,6.221,6.2224,1.00,1.00
2010.09.01 11:17:28.588,6.221,6.2223,1.00,1.00
2010.09.01 11:17:30.578,6.221,6.2227,1.00,1.00
2010.09.01 11:17:30.708,6.221,6.2227,2.80,1.00
2010.09.01 11:17:30.768,6.22115,6.2227,1.00,1.00
2010.09.01 11:17:32.019,6.22115,6.2227,1.00,1.00
2010.09.01 11:17:34.395,6.2209,6.2225,1.00,1.00
2010.09.01 11:17:36.252,6.221,6.2225,2.40,1.00
2010.09.01 11:17:41.509,6.221,6.2226,2.40,1.00
2010.09.01 11:17:46.188,6.2207,6.2225,1.00,1.00
2010.09.01 11:17:46.752,6.2207,6.2223,1.00,1.00
2010.09.01 11:17:52.149,6.2207,6.2224,1.00,1.00
2010.09.01 11:17:52.874,6.2207,6.2226,1.00,1.00
2010.09.01 11:17:53.329,6.2207,6.2225,1.00,1.00
2010.09.01 11:17:53.504,6.2207,6.2224,1.00,1.00
2010.09.01 11:17:57.538,6.2205,6.2224,1.00,1.00
2010.09.01 11:17:57.598,6.2205,6.2224,1.00,1.00
2010.09.01 11:17:57.719,6.2205,6.2224,1.00,1.00
2010.09.01 11:17:58.942,6.2205,6.2223,1.00,1.00
2010.09.01 11:17:59.551,6.2205,6.2221,1.00,1.00
2010.09.01 11:18:00.359,6.2202,6.222,2.80,1.00
2010.09.01 11:18:01.066,6.2202,6.2219,2.80,1.00
2010.09.01 11:18:01.480,6.2202,6.2218,2.80,1.00
2010.09.01 11:18:06.833,6.22035,6.222,1.00,1.00
2010.09.01 11:18:06.980,6.22035,6.2221,1.00,1.00
2010.09.01 11:18:07.128,6.2204,6.2221,1.00,1.00
2010.09.01 11:18:08.718,6.2204,6.2221,1.00,1.00
2010.09.01 11:18:09.450,6.2204,6.2221,1.00,1.00
2010.09.01 11:18:15.417,6.2202,6.2221,2.80,1.00
2010.09.01 11:18:16.316,6.2204,6.2219,1.00,1.00
2010.09.01 11:18:16.723,6.2204,6.222,1.00,1.00
2010.09.01 11:18:20.750,6.2206,6.2221,1.00,1.00
2010.09.01 11:18:21.138,6.2204,6.2221,1.00,1.00
2010.09.01 11:18:21.903,6.2204,6.222,1.00,1.00
2010.09.01 11:18:24.640,6.2206,6.2221,1.00,1.00
2010.09.01 11:18:26.290,6.2206,6.2222,1.00,1.00
2010.09.01 11:18:27.351,6.2206,6.2219,1.00,1.00
2010.09.01 11:18:27.470,6.22055,6.2219,1.00,1.00
2010.09.01 11:18:28.748,6.2206,6.2222,1.00,1.00
2010.09.01 11:18:29.269,6.2206,6.2223,1.00,1.00
2010.09.01 11:18:31.359,6.2206,6.2218,1.00,1.00
2010.09.01 11:18:31.437,6.22025,6.2218,1.00,1.00
2010.09.01 11:18:32.111,6.2202,6.2218,2.40,1.00
2010.09.01 11:18:32.356,6.2199,6.2215,1.00,1.00
2010.09.01 11:18:35.149,6.22,6.2215,2.40,1.00
2010.09.01 11:18:35.371,6.2201,6.2216,1.00,1.00
2010.09.01 11:18:44.158,6.2201,6.2217,1.00,1.00
2010.09.01 11:18:45.015,6.2204,6.2221,1.00,1.00
2010.09.01 11:18:45.345,6.2207,6.2225,1.00,1.00
2010.09.01 11:18:46.034,6.2207,6.2224,1.00,1.00
2010.09.01 11:18:46.316,6.2205,6.2221,2.40,1.00
2010.09.01 11:18:46.590,6.2206,6.2221,1.00,1.00
2010.09.01 11:18:47.426,6.2206,6.2222,1.00,1.00
2010.09.01 11:18:49.058,6.2205,6.2222,2.40,1.00
2010.09.01 11:18:50.239,6.2205,6.2221,2.40,1.00
2010.09.01 11:18:51.233,6.2206,6.2221,1.00,1.00
2010.09.01 11:18:51.353,6.2206,6.2222,1.00,1.00
2010.09.01 11:18:54.942,6.22105,6.2224,1.00,1.00
2010.09.01 11:18:55.627,6.2207,6.2225,1.00,1.00
2010.09.01 11:18:55.811,6.22085,6.2226,1.00,1.00
2010.09.01 11:18:57.017,6.22105,6.2227,1.00,1.00
2010.09.01 11:19:00.705,6.22105,6.2226,1.00,1.00
2010.09.01 11:19:00.940,6.221,6.2226,2.40,1.00
2010.09.01 11:19:09.949,6.221,6.2227,2.40,1.00
2010.09.01 11:19:10.013,6.22105,6.2227,1.00,1.00
2010.09.01 11:19:11.374,6.22105,6.2228,1.00,1.00
2010.09.01 11:19:12.019,6.22105,6.2227,1.00,1.00
2010.09.01 11:19:14.526,6.22105,6.2226,1.00,1.00
2010.09.01 11:19:19.738,6.22105,6.2227,1.00,1.00
2010.09.01 11:19:25.745,6.2209,6.2227,1.00,1.00
2010.09.01 11:19:25.950,6.2211,6.2227,1.00,1.00
2010.09.01 11:19:26.149,6.2209,6.2227,1.00,1.00
2010.09.01 11:19:27.779,6.2209,6.2226,1.00,1.00
2010.09.01 11:19:35.811,6.2209,6.2225,1.00,1.00
2010.09.01 11:19:36.731,6.2209,6.2226,1.00,1.00
2010.09.01 11:19:37.972,6.2209,6.2225,1.00,1.00
2010.09.01 11:19:45.101,6.2209,6.2227,1.00,1.00
2010.09.01 11:19:45.290,6.22105,6.2227,1.00,1.00
2010.09.01 11:19:46.542,6.22105,6.2225,1.00,1.00
2010.09.01 11:19:46.746,6.22085,6.2225,1.00,1.00
2010.09.01 11:19:48.111,6.22065,6.2225,1.00,1.00
2010.09.01 11:19:48.256,6.2209,6.2225,1.00,1.00
2010.09.01 11:19:58.308,6.2209,6.2226,1.00,1.00
2010.09.01 11:20:02.430,6.2209,6.2225,1.00,1.00
2010.09.01 11:20:04.310,6.22105,6.2226,1.00,1.00
2010.09.01 11:20:06.900,6.22085,6.2226,1.00,1.00
2010.09.01 11:20:06.962,6.2207,6.2226,1.00,1.00
2010.09.01 11:20:07.544,6.2207,6.2225,1.00,1.00
2010.09.01 11:20:09.061,6.2207,6.2224,1.00,1.00
2010.09.01 11:20:10.816,6.2207,6.2221,1.00,1.00
2010.09.01 11:20:11.169,6.22025,6.2217,1.00,1.00
2010.09.01 11:20:11.714,6.22,6.2217,1.00,1.00
2010.09.01 11:20:11.936,6.2199,6.2216,2.80,1.00
2010.09.01 11:20:13.025,6.2199,6.2217,2.80,1.00
2010.09.01 11:20:13.389,6.2201,6.2218,1.00,1.00
2010.09.01 11:20:14.831,6.2201,6.2217,1.00,1.00
2010.09.01 11:20:15.340,6.2201,6.2218,1.00,1.00
2010.09.01 11:20:17.328,6.2201,6.2217,1.00,1.00
2010.09.01 11:20:18.372,6.2201,6.2215,1.00,1.00
2010.09.01 11:20:19.135,6.21945,6.2211,1.00,1.00
2010.09.01 11:20:19.354,6.2195,6.2211,2.40,1.00
2010.09.01 11:20:20.079,6.21945,6.2211,1.00,1.00
2010.09.01 11:20:20.760,6.21945,6.221,1.00,1.00
2010.09.01 11:20:22.204,6.21925,6.2207,1.00,1.00
2010.09.01 11:20:23.126,6.21925,6.2208,1.00,1.00
2010.09.01 11:20:23.477,6.21945,6.2209,1.00,1.00
2010.09.01 11:20:25.051,6.21965,6.2209,1.00,1.00
2010.09.01 11:20:25.396,6.21965,6.2214,1.00,1.00
2010.09.01 11:20:26.347,6.2199,6.2218,1.00,1.00
2010.09.01 11:20:26.694,6.2201,6.2221,1.00,1.00
2010.09.01 11:20:27.573,6.2207,6.2223,1.00,1.00
2010.09.01 11:20:29.258,6.2207,6.2224,1.00,1.00
2010.09.01 11:20:30.288,6.2207,6.2223,1.00,1.00
2010.09.01 11:20:35.549,6.2207,6.2223,1.00,1.00
2010.09.01 11:20:41.308,6.2211,6.2226,1.00,1.00
2010.09.01 11:20:41.617,6.2211,6.2228,1.00,1.00
2010.09.01 11:20:41.914,6.2211,6.2227,1.00,1.00
2010.09.01 11:20:46.128,6.2211,6.2228,1.00,1.00
2010.09.01 11:20:46.302,6.2211,6.2227,1.00,1.00
2010.09.01 11:20:47.090,6.2211,6.2228,1.00,1.00
2010.09.01 11:20:49.189,6.2214,6.2228,1.00,1.00
2010.09.01 11:20:49.826,6.2216,6.2229,1.00,1.00
2010.09.01 11:20:50.514,6.2214,6.2231,1.00,1.00
2010.09.01 11:20:53.574,6.2214,6.2226,1.00,1.00
2010.09.01 11:20:53.926,6.2205,6.2221,1.00,1.00
2010.09.01 11:20:54.805,6.2201,6.2217,1.00,1.00
2010.09.01 11:20:56.559,6.2199,6.2217,2.80,1.00
2010.09.01 11:21:02.710,6.2199,6.2216,2.80,1.00
2010.09.01 11:21:02.777,6.2199,6.2216,1.00,1.00
2010.09.01 11:21:03.470,6.2199,6.2214,1.00,1.00
2010.09.01 11:21:05.575,6.21975,6.2213,1.00,1.00
2010.09.01 11:21:10.323,6.21975,6.2214,1.00,1.00
2010.09.01 11:21:11.169,6.2199,6.2214,1.00,1.00
2010.09.01 11:21:14.420,6.2199,6.2215,1.00,1.00
2010.09.01 11:21:14.703,6.2201,6.2218,1.00,1.00
2010.09.01 11:21:17.653,6.2201,6.2219,1.00,1.00
2010.09.01 11:21:17.841,6.2201,6.2218,1.00,1.00
2010.09.01 11:21:17.933,6.2203,6.2218,2.40,1.00
2010.09.01 11:21:18.122,6.22025,6.2218,1.00,1.00
2010.09.01 11:21:21.170,6.22025,6.2217,1.00,1.00
2010.09.01 11:21:21.300,6.22025,6.2216,1.00,1.00
2010.09.01 11:21:22.200,6.2199,6.2216,1.00,1.00
2010.09.01 11:21:26.630,6.2198,6.2214,2.40,1.00
2010.09.01 11:21:26.923,6.21975,6.2214,1.00,1.00
2010.09.01 11:21:27.903,6.21975,6.2213,1.00,1.00
2010.09.01 11:21:31.059,6.21975,6.2214,1.00,1.00
2010.09.01 11:21:31.737,6.2199,6.2216,1.00,1.00
2010.09.01 11:21:32.509,6.2199,6.2215,1.00,1.00
2010.09.01 11:21:33.951,6.2197,6.2215,1.00,1.00
2010.09.01 11:21:35.193,6.2197,6.2214,1.00,1.00
2010.09.01 11:21:47.605,6.2197,6.2215,1.00,1.00
2010.09.01 11:21:48.568,6.2199,6.2215,1.00,1.00
2010.09.01 11:21:48.823,6.2199,6.2216,1.00,1.00
2010.09.01 11:21:52.278,6.2199,6.2215,1.00,1.00
2010.09.01 11:21:52.542,6.2199,6.2212,1.00,1.00
2010.09.01 11:21:53.120,6.21975,6.2212,1.00,1.00
2010.09.01 11:21:55.254,6.21975,6.2213,1.00,1.00
2010.09.01 11:21:55.899,6.21975,6.2212,1.00,1.00
2010.09.01 11:21:57.444,6.21975,6.2213,1.00,1.00
2010.09.01 11:21:58.172,6.21975,6.2214,1.00,1.00
2010.09.01 11:22:05.728,6.21975,6.2213,1.00,1.00
2010.09.01 11:22:14.801,6.21975,6.2215,1.00,1.00
2010.09.01 11:22:15.022,6.2199,6.2215,1.00,1.00
2010.09.01 11:22:15.715,6.2199,6.2217,1.00,1.00
2010.09.01 11:22:26.739,6.2199,6.2214,1.00,1.00
2010.09.01 11:22:27.004,6.2199,6.2212,1.00,1.00
2010.09.01 11:22:27.689,6.2197,6.2212,1.00,1.00
2010.09.01 11:22:27.863,6.21925,6.221,1.00,1.00
2010.09.01 11:22:29.311,6.21945,6.2212,1.00,1.00
2010.09.01 11:22:31.252,6.21965,6.2213,1.00,1.00
2010.09.01 11:22:31.800,6.21965,6.221,1.00,1.00
2010.09.01 11:22:31.931,6.21955,6.221,1.00,1.00
2010.09.01 11:22:32.062,6.21955,6.2207,1.00,1.00
2010.09.01 11:22:32.860,6.21925,6.2208,1.00,1.00
2010.09.01 11:22:35.819,6.21925,6.2209,1.00,1.00
2010.09.01 11:22:35.988,6.21925,6.2208,1.00,1.00
2010.09.01 11:22:36.578,6.21925,6.2208,1.00,1.00
2010.09.01 11:22:36.756,6.21925,6.221,1.00,1.00
2010.09.01 11:22:36.985,6.21925,6.2211,1.00,1.00
2010.09.01 11:22:37.716,6.2196,6.2212,1.00,1.00
2010.09.01 11:22:41.222,6.2196,6.2214,1.00,1.00
2010.09.01 11:22:41.955,6.2196,6.2216,1.00,1.00
2010.09.01 11:22:42.311,6.2201,6.2218,1.00,1.00
2010.09.01 11:22:45.420,6.2201,6.2221,1.00,1.00
2010.09.01 11:22:46.118,6.2206,6.2223,1.00,1.00
2010.09.01 11:22:46.474,6.2206,6.2226,1.00,1.00
2010.09.01 11:22:47.539,6.2206,6.2224,1.00,1.00
2010.09.01 11:22:47.776,6.2206,6.2223,1.00,1.00
2010.09.01 11:22:48.260,6.2206,6.2224,1.00,1.00
2010.09.01 11:22:48.775,6.2206,6.2225,1.00,1.00
2010.09.01 11:22:51.661,6.2206,6.2224,1.00,1.00
2010.09.01 11:22:53.359,6.2206,6.2223,1.00,1.00
2010.09.01 11:22:55.525,6.2205,6.2221,1.00,1.00
2010.09.01 11:22:55.844,6.22025,6.2216,1.00,1.00
2010.09.01 11:22:56.634,6.22025,6.2217,1.00,1.00
2010.09.01 11:22:59.589,6.22025,6.2218,1.00,1.00
2010.09.01 11:23:02.850,6.22025,6.2219,1.00,1.00
2010.09.01 11:23:03.891,6.2204,6.2221,1.00,1.00
2010.09.01 11:23:04.903,6.2204,6.2222,1.00,1.00
2010.09.01 11:23:15.848,6.2204,6.2223,1.00,1.00
2010.09.01 11:23:16.553,6.2206,6.2223,1.00,1.00
2010.09.01 11:23:18.953,6.22065,6.2225,1.00,1.00
2010.09.01 11:23:19.524,6.2207,6.2225,1.00,1.00
2010.09.01 11:23:19.835,6.2209,6.2227,1.00,1.00
2010.09.01 11:23:24.723,6.2209,6.2227,2.80,1.00
2010.09.01 11:23:25.078,6.2211,6.2228,1.00,1.00
2010.09.01 11:23:25.971,6.2214,6.2228,1.00,1.00
2010.09.01 11:23:26.304,6.2212,6.2228,1.00,1.00
2010.09.01 11:23:27.102,6.2212,6.2227,1.00,1.00
2010.09.01 11:23:32.580,6.2212,6.2228,1.00,1.00
2010.09.01 11:23:32.740,6.2212,6.2229,1.00,1.00
2010.09.01 11:23:33.925,6.2212,6.2228,1.00,1.00
2010.09.01 11:23:43.631,6.2212,6.2229,1.00,1.00
2010.09.01 11:23:44.567,6.22135,6.223,1.00,1.00
2010.09.01 11:23:45.948,6.2214,6.223,2.40,1.00
2010.09.01 11:23:49.273,6.22115,6.223,1.00,1.00
2010.09.01 11:23:49.494,6.22115,6.2229,1.00,1.00
2010.09.01 11:23:50.551,6.22115,6.2227,1.00,1.00
2010.09.01 11:23:50.869,6.22115,6.2228,1.00,1.00
2010.09.01 11:23:54.383,6.22115,6.2227,1.00,1.00
2010.09.01 11:23:56.621,6.22115,6.2228,1.00,1.00
2010.09.01 11:23:59.420,6.22115,6.2227,1.00,1.00
2010.09.01 11:24:03.330,6.22065,6.2224,1.00,1.00
2010.09.01 11:24:03.416,6.22065,6.2225,1.00,1.00
2010.09.01 11:24:03.495,6.22065,6.2225,1.20,1.00
2010.09.01 11:24:04.070,6.2209,6.2225,1.00,1.00
2010.09.01 11:24:04.156,6.2209,6.2226,1.00,1.00
2010.09.01 11:24:06.354,6.2209,6.2225,1.00,1.00
2010.09.01 11:24:06.860,6.2209,6.2226,1.00,1.00
2010.09.01 11:24:11.874,6.2209,6.2225,1.00,1.00
2010.09.01 11:24:12.069,6.2209,6.2226,1.00,1.00
2010.09.01 11:24:15.150,6.2209,6.2225,1.00,1.00
2010.09.01 11:24:26.263,6.2211,6.2226,1.00,1.00
2010.09.01 11:24:26.376,6.2211,6.2227,1.00,1.00
2010.09.01 11:24:29.529,6.2211,6.2226,1.00,1.00
2010.09.01 11:24:35.371,6.2211,6.2228,1.00,1.00
2010.09.01 11:24:35.492,6.2214,6.223,1.00,1.00
2010.09.01 11:24:37.290,6.2214,6.2231,1.00,1.00
2010.09.01 11:24:37.520,6.2216,6.2231,1.00,1.00
2010.09.01 11:24:38.495,6.2216,6.2233,1.00,1.00
2010.09.01 11:24:39.821,6.2216,6.2232,1.00,1.00
2010.09.01 11:24:40.720,6.2216,6.2234,1.00,1.00
2010.09.01 11:24:53.103,6.22165,6.2234,1.00,1.00
2010.09.01 11:24:53.312,6.22185,6.2234,1.00,1.00
2010.09.01 11:24:53.510,6.22165,6.2234,1.00,1.00
2010.09.01 11:24:56.002,6.22165,6.2235,1.00,1.00
2010.09.01 11:24:56.270,6.22175,6.2235,1.00,1.00
2010.09.01 11:24:56.855,6.22165,6.2234,1.00,1.00
2010.09.01 11:24:57.054,6.22185,6.2234,1.00,1.00
2010.09.01 11:24:57.252,6.22185,6.2234,1.00,1.00
2010.09.01 11:24:57.655,6.22165,6.2233,1.00,1.00
2010.09.01 11:25:02.134,6.2217,6.2233,1.00,1.00
2010.09.01 11:25:02.492,6.22165,6.2232,1.00,1.00
2010.09.01 11:25:02.991,6.22165,6.2233,1.00,1.00
2010.09.01 11:25:04.344,6.22165,6.2232,1.00,1.00
2010.09.01 11:25:05.329,6.22165,6.2233,1.00,1.00
2010.09.01 11:25:05.605,6.22175,6.2238,1.00,1.60
2010.09.01 11:25:05.885,6.22205,6.2239,1.00,1.00
2010.09.01 11:25:06.165,6.22205,6.2239,1.00,1.00
2010.09.01 11:25:06.994,6.2218,6.22385,1.00,1.00
2010.09.01 11:25:07.780,6.2218,6.2238,1.00,1.00
2010.09.01 11:25:08.612,6.2218,6.2237,1.00,1.00
2010.09.01 11:25:08.872,6.2218,6.2236,1.00,1.00
2010.09.01 11:25:10.518,6.2218,6.2235,1.00,1.00
2010.09.01 11:25:10.695,6.2218,6.2234,1.00,1.00
2010.09.01 11:25:12.450,6.2218,6.2233,1.00,1.00
2010.09.01 11:25:16.272,6.2218,6.2234,1.00,1.00
2010.09.01 11:25:23.239,6.2218,6.2233,1.00,1.00
2010.09.01 11:25:27.811,6.2218,6.2234,1.00,1.00
2010.09.01 11:25:44.979,6.2218,6.2237,1.00,1.00
2010.09.01 11:25:45.156,6.2218,6.2238,1.00,1.00
2010.09.01 11:25:45.334,6.2222,6.2238,1.00,1.00
2010.09.01 11:25:46.243,6.2222,6.2239,1.00,1.00
2010.09.01 11:25:49.680,6.2222,6.224,1.00,1.00
2010.09.01 11:25:50.632,6.2222,6.2239,1.00,1.00
2010.09.01 11:26:00.194,6.2222,6.224,1.00,1.00
2010.09.01 11:26:01.892,6.2225,6.224,1.00,1.00
2010.09.01 11:26:02.798,6.2225,6.2241,1.00,1.00
2010.09.01 11:26:04.652,6.2225,6.224,1.00,1.00
2010.09.01 11:26:06.831,6.2223,6.224,1.00,1.00
2010.09.01 11:26:07.070,6.2223,6.2239,1.00,1.00
2010.09.01 11:26:08.255,6.2225,6.2241,1.00,1.00
2010.09.01 11:26:10.730,6.2225,6.2242,1.00,1.00
2010.09.01 11:26:10.839,6.2227,6.2242,1.00,1.00
2010.09.01 11:26:17.449,6.22315,6.2248,1.00,1.00
2010.09.01 11:26:20.473,6.22315,6.2249,1.00,1.00
2010.09.01 11:26:20.731,6.2237,6.2249,1.00,1.00
2010.09.01 11:26:20.995,6.2237,6.2252,1.00,1.00
2010.09.01 11:26:21.827,6.22335,6.225,1.00,1.00
2010.09.01 11:26:23.143,6.2237,6.2253,1.00,1.00
2010.09.01 11:26:32.072,6.2237,6.2255,1.00,1.00
2010.09.01 11:26:32.303,6.2237,6.2257,1.00,1.00
2010.09.01 11:26:32.414,6.2242,6.2258,1.00,1.00
2010.09.01 11:26:33.176,6.2242,6.226,1.00,1.00
2010.09.01 11:26:33.641,6.2242,6.2261,1.00,1.00
2010.09.01 11:26:34.925,6.2242,6.226,1.00,1.00
2010.09.01 11:26:35.245,6.2242,6.2261,1.00,1.00
2010.09.01 11:26:35.632,6.2242,6.226,1.00,1.00
2010.09.01 11:26:36.889,6.2242,6.2259,1.00,1.00
2010.09.01 11:26:38.560,6.2242,6.2258,1.00,1.00
2010.09.01 11:26:39.820,6.2244,6.2262,2.40,1.00
2010.09.01 11:26:39.999,6.2244,6.22625,2.40,1.00
2010.09.01 11:26:40.853,6.2244,6.2262,2.40,1.00
2010.09.01 11:26:40.917,6.2244,6.22595,2.40,1.00
2010.09.01 11:26:41.045,6.22395,6.22595,1.60,1.00
2010.09.01 11:26:41.666,6.2239,6.22595,2.80,1.00
2010.09.01 11:26:42.920,6.2241,6.22615,1.00,1.00
2010.09.01 11:26:43.683,6.2244,6.2263,2.40,1.00
2010.09.01 11:26:44.796,6.2244,6.22635,2.40,1.00
2010.09.01 11:26:45.147,6.2244,6.22615,2.40,1.00
2010.09.01 11:26:48.495,6.2244,6.2263,2.40,1.00
2010.09.01 11:26:48.845,6.2244,6.22615,2.40,1.00
2010.09.01 11:26:51.715,6.2239,6.2258,2.40,1.00
2010.09.01 11:26:52.200,6.2239,6.2259,2.40,1.70
2010.09.01 11:26:53.033,6.2239,6.2259,2.40,1.00
2010.09.01 11:26:53.819,6.22385,6.2259,1.00,1.00
2010.09.01 11:26:54.717,6.22385,6.2259,1.00,1.00
2010.09.01 11:26:55.722,6.22385,6.2259,1.00,1.00
2010.09.01 11:26:56.269,6.22385,6.2259,1.00,1.00
2010.09.01 11:26:56.639,6.22385,6.2259,2.00,1.00
2010.09.01 11:26:58.230,6.22395,6.2259,1.60,1.00
2010.09.01 11:27:00.968,6.22385,6.2259,2.00,1.00
2010.09.01 11:27:03.360,6.22395,6.2259,1.60,1.00
2010.09.01 11:27:03.702,6.22465,6.22615,1.60,1.00
2010.09.01 11:27:04.739,6.22465,6.2267,1.60,2.40
2010.09.01 11:27:05.069,6.2241,6.2264,1.00,2.40
2010.09.01 11:27:07.580,6.2241,6.2264,1.00,2.50
2010.09.01 11:27:08.597,6.2241,6.2255,1.00,2.40
2010.09.01 11:27:08.871,6.22425,6.2255,1.00,2.40
2010.09.01 11:27:11.931,6.2251,6.2259,1.00,1.10
2010.09.01 11:27:12.167,6.2251,6.2268,1.00,2.40
2010.09.01 11:27:12.395,6.22515,6.2268,1.00,2.40
2010.09.01 11:27:12.621,6.2254,6.2268,1.00,2.40
2010.09.01 11:27:13.646,6.2259,6.2276,1.00,1.00
2010.09.01 11:27:13.915,6.2259,6.2275,1.00,1.00
2010.09.01 11:27:14.655,6.2257,6.2275,1.00,1.00
2010.09.01 11:27:14.986,6.2257,6.2275,1.00,1.00
2010.09.01 11:27:15.314,6.2257,6.2275,1.00,1.00
2010.09.01 11:27:15.936,6.2257,6.2274,1.00,1.00
2010.09.01 11:27:16.625,6.22585,6.2274,1.00,1.00
2010.09.01 11:27:16.975,6.2254,6.2271,1.00,2.40
2010.09.01 11:27:17.527,6.22535,6.2271,1.00,2.40
2010.09.01 11:27:19.684,6.22525,6.2271,1.00,2.40
2010.09.01 11:27:20.775,6.22545,6.2271,1.00,2.40
2010.09.01 11:27:22.582,6.22595,6.2271,1.00,2.40
2010.09.01 11:27:22.894,6.2257,6.2276,1.00,2.50
2010.09.01 11:27:23.111,6.22575,6.2276,1.00,2.50
2010.09.01 11:27:23.917,6.22555,6.2274,1.00,2.40
2010.09.01 11:27:24.227,6.22555,6.2274,1.00,2.50
2010.09.01 11:27:25.085,6.22555,6.2274,1.00,2.40
2010.09.01 11:27:25.386,6.22555,6.2274,1.00,2.50
2010.09.01 11:27:28.076,6.22555,6.2274,1.00,2.40
2010.09.01 11:27:29.321,6.22555,6.2274,1.00,2.50
2010.09.01 11:27:31.529,6.22555,6.2274,1.00,2.40
2010.09.01 11:27:31.703,6.2257,6.2274,1.00,2.40
2010.09.01 11:27:32.486,6.2259,6.2274,1.00,2.40
2010.09.01 11:27:34.643,6.2257,6.2274,1.00,2.40
2010.09.01 11:27:36.025,6.2255,6.2274,1.00,2.50
2010.09.01 11:27:36.631,6.22555,6.22755,2.40,1.00
2010.09.01 11:27:37.433,6.22555,6.227,1.00,2.40
2010.09.01 11:27:44.415,6.22555,6.2274,1.00,1.00
2010.09.01 11:27:44.513,6.22585,6.227,1.00,2.40
2010.09.01 11:27:44.819,6.22555,6.227,1.00,2.40
2010.09.01 11:27:53.491,6.22525,6.2268,1.00,2.40
2010.09.01 11:27:59.225,6.225,6.2268,1.00,2.40
2010.09.01 11:28:01.200,6.2254,6.2271,1.00,2.40
2010.09.01 11:28:08.070,6.2252,6.2271,1.00,2.40
2010.09.01 11:28:16.913,6.2252,6.2271,1.00,3.50
2010.09.01 11:28:17.105,6.225,6.2266,1.00,2.40
2010.09.01 11:28:39.288,6.2247,6.2266,1.00,3.50
2010.09.01 11:28:39.599,6.22455,6.2261,1.00,2.40
2010.09.01 11:28:43.861,6.22425,6.2261,1.00,2.40
2010.09.01 11:28:44.012,6.22435,6.2261,1.00,2.40
2010.09.01 11:28:44.163,6.22475,6.2266,1.00,1.10
2010.09.01 11:28:44.743,6.22475,6.2267,1.00,2.40
2010.09.01 11:28:45.085,6.2244,6.2262,1.00,2.40
2010.09.01 11:28:45.430,6.22425,6.2262,1.00,2.40
2010.09.01 11:28:49.329,6.22425,6.2262,1.00,3.50
2010.09.01 11:28:49.503,6.2239,6.2257,1.00,2.40
2010.09.01 11:28:50.360,6.22405,6.2257,1.00,2.40
2010.09.01 11:28:50.706,6.22425,6.2262,1.00,2.40
2010.09.01 11:28:57.759,6.22425,6.2257,1.00,2.40
2010.09.01 11:28:57.810,6.22395,6.2257,1.00,2.40
2010.09.01 11:29:05.558,6.2247,6.2261,1.00,2.40
2010.09.01 11:29:09.095,6.2245,6.2261,1.00,2.40
2010.09.01 11:29:16.054,6.2242,6.2261,1.00,2.40
2010.09.01 11:29:16.405,6.2242,6.226,1.00,2.40
2010.09.01 11:29:16.753,6.224,6.226,1.00,2.40
2010.09.01 11:29:20.213,6.22405,6.226,1.60,2.40
2010.09.01 11:29:20.371,6.22405,6.226,1.00,2.40
2010.09.01 11:29:21.641,6.2242,6.226,1.00,2.40
2010.09.01 11:29:23.124,6.2242,6.226,1.00,3.20
2010.09.01 11:29:23.385,6.2237,6.2255,1.00,2.40
2010.09.01 11:29:25.136,6.2239,6.2255,1.00,2.40
2010.09.01 11:29:43.338,6.2242,6.2255,1.00,2.40
2010.09.01 11:29:43.456,6.2242,6.226,1.00,2.40
2010.09.01 11:29:50.586,6.22435,6.22625,1.60,1.00
2010.09.01 11:29:50.831,6.22455,6.2264,1.00,1.10
2010.09.01 11:29:51.071,6.22455,6.2265,1.00,2.40
2010.09.01 11:29:51.312,6.22455,6.2266,1.00,1.00
2010.09.01 11:29:53.214,6.2241,6.2261,1.00,1.00
2010.09.01 11:29:53.291,6.2241,6.2259,1.00,2.40
2010.09.01 11:29:58.790,6.22445,6.2259,1.60,2.40
2010.09.01 11:29:59.396,6.22445,6.2261,1.60,1.00
2010.09.01 11:29:59.564,6.22445,6.2264,1.60,1.00
2010.09.01 11:30:01.887,6.22425,6.22615,1.60,1.00
2010.09.01 11:30:02.122,6.22425,6.226,1.60,2.40
2010.09.01 11:30:02.243,6.22375,6.2258,2.00,1.00
2010.09.01 11:30:05.497,6.22355,6.2256,2.00,1.00
2010.09.01 11:30:05.561,6.22355,6.2256,1.00,1.00
2010.09.01 11:30:08.821,6.22355,6.2254,1.00,1.10
2010.09.01 11:30:09.609,6.2227,6.2245,1.00,2.40
2010.09.01 11:30:12.101,6.2235,6.2257,1.00,3.20
2010.09.01 11:30:14.212,6.2233,6.22535,1.00,1.00
2010.09.01 11:30:15.005,6.224,6.226,1.00,2.40
2010.09.01 11:30:16.173,6.22445,6.226,1.00,2.40
2010.09.01 11:30:16.355,6.2243,6.22635,1.00,1.00
2010.09.01 11:30:18.079,6.2245,6.2265,1.00,3.20
2010.09.01 11:30:22.849,6.2243,6.22635,1.00,1.00
2010.09.01 11:30:22.894,6.2243,6.226,1.00,2.40
2010.09.01 11:30:23.052,6.2242,6.226,1.00,2.40
2010.09.01 11:30:23.626,6.2241,6.226,1.00,2.40
2010.09.01 11:30:26.980,6.2243,6.226,1.00,2.40
2010.09.01 11:30:35.719,6.2241,6.226,1.00,2.40
2010.09.01 11:30:37.746,6.2243,6.226,1.00,2.40
2010.09.01 11:30:43.345,6.2245,6.2265,1.00,3.30
2010.09.01 11:30:43.572,6.2245,6.2265,1.00,3.20
2010.09.01 11:30:47.201,6.2245,6.2265,1.00,3.30
2010.09.01 11:30:51.143,6.2245,6.2265,1.00,3.20
2010.09.01 11:30:51.603,6.22415,6.2261,1.60,1.00
2010.09.01 11:30:51.693,6.2241,6.226,1.00,2.40
2010.09.01 11:30:58.961,6.22445,6.226,1.00,2.40
2010.09.01 11:30:59.332,6.22445,6.22645,1.00,1.00
2010.09.01 11:31:02.140,6.22475,6.2265,1.00,2.40
2010.09.01 11:31:03.817,6.22495,6.2265,1.00,2.40
2010.09.01 11:31:04.134,6.22495,6.2268,1.00,1.00
2010.09.01 11:31:04.974,6.2247,6.22665,1.00,1.00
2010.09.01 11:31:05.328,6.2246,6.2265,1.00,2.40
2010.09.01 11:31:08.815,6.22475,6.2265,1.00,2.40
2010.09.01 11:31:09.420,6.22475,6.2267,1.00,1.00
2010.09.01 11:31:10.026,6.22495,6.2267,1.00,1.00
2010.09.01 11:31:10.359,6.22475,6.2267,1.00,1.00
2010.09.01 11:31:10.685,6.22495,6.2268,1.00,1.00
2010.09.01 11:31:11.012,6.22495,6.2268,1.00,1.00
2010.09.01 11:31:12.195,6.22545,6.227,1.00,2.40
2010.09.01 11:31:12.285,6.22545,6.2275,1.00,3.20
2010.09.01 11:31:12.959,6.22545,6.2274,1.00,1.00
2010.09.01 11:31:13.923,6.22545,6.2273,1.00,1.00
2010.09.01 11:31:14.639,6.2251,6.227,1.00,2.40
2010.09.01 11:31:15.159,6.2251,6.227,1.00,2.40
2010.09.01 11:31:15.812,6.2251,6.227,1.00,2.50
2010.09.01 11:31:16.513,6.2251,6.227,1.00,2.40
2010.09.01 11:31:21.223,6.22525,6.227,1.00,2.40
2010.09.01 11:31:22.332,6.22545,6.2274,1.00,1.00
2010.09.01 11:31:22.655,6.22545,6.2272,1.00,1.00
2010.09.01 11:31:23.492,6.22545,6.2274,1.00,1.00
2010.09.01 11:31:24.510,6.22545,6.2275,1.00,3.30
2010.09.01 11:31:26.341,6.22545,6.2275,1.00,3.20
2010.09.01 11:31:26.642,6.22545,6.2274,1.00,1.00
2010.09.01 11:31:26.741,6.22545,6.2273,1.00,1.00
2010.09.01 11:31:27.670,6.22545,6.2272,1.00,1.00
2010.09.01 11:31:27.959,6.22525,6.227,1.00,2.40
2010.09.01 11:31:28.746,6.2254,6.2274,1.00,1.00
2010.09.01 11:31:28.956,6.2254,6.2273,1.00,1.00
2010.09.01 11:31:29.371,6.2254,6.2274,1.00,1.00
2010.09.01 11:31:30.293,6.2254,6.22745,1.00,1.00
2010.09.01 11:31:31.384,6.2254,6.2274,1.00,1.00
2010.09.01 11:31:31.849,6.2254,6.22745,1.00,1.00
2010.09.01 11:31:35.148,6.2254,6.2273,1.00,1.00
2010.09.01 11:31:36.294,6.22585,6.2278,1.00,1.00
2010.09.01 11:31:36.605,6.22565,6.2276,1.00,1.00
2010.09.01 11:31:36.906,6.22555,6.2275,1.00,2.40
2010.09.01 11:31:39.750,6.22595,6.2279,1.00,1.00
2010.09.01 11:31:39.952,6.226,6.2279,1.00,1.00
2010.09.01 11:31:40.937,6.2262,6.2279,1.00,1.00
2010.09.01 11:31:41.288,6.2262,6.228,1.00,2.50
2010.09.01 11:31:42.104,6.22605,6.228,1.00,2.50
2010.09.01 11:31:42.325,6.22605,6.2279,1.00,1.00
2010.09.01 11:31:43.848,6.2262,6.2279,1.00,1.00
2010.09.01 11:31:44.195,6.2262,6.228,1.00,2.50
2010.09.01 11:31:45.204,6.226,6.2279,1.00,1.00
2010.09.01 11:31:49.954,6.226,6.2278,1.00,1.00
2010.09.01 11:31:50.141,6.226,6.2277,1.00,1.00
2010.09.01 11:31:50.332,6.2256,6.2275,1.00,2.40
2010.09.01 11:31:50.951,6.22575,6.2276,1.00,1.00
2010.09.01 11:31:51.631,6.22575,6.2275,1.00,1.00
2010.09.01 11:31:51.974,6.22555,6.2275,1.00,2.40
2010.09.01 11:31:52.947,6.22525,6.2273,1.00,1.00
2010.09.01 11:31:53.218,6.22505,6.2269,1.00,1.00
2010.09.01 11:31:55.830,6.22505,6.227,1.00,2.50
2010.09.01 11:31:56.102,6.22525,6.227,1.00,2.50
2010.09.01 11:31:56.951,6.22525,6.227,1.00,2.40
2010.09.01 11:31:58.460,6.22505,6.2269,1.00,1.00
2010.09.01 11:31:58.740,6.22505,6.2268,1.00,1.00
2010.09.01 11:32:00.424,6.22505,6.2267,1.00,1.00
2010.09.01 11:32:00.644,6.22505,6.2268,1.00,1.00
2010.09.01 11:32:00.864,6.22505,6.2265,1.00,2.40
2010.09.01 11:32:04.958,6.22505,6.2265,1.00,2.50
2010.09.01 11:32:06.154,6.22425,6.2264,1.00,1.00
2010.09.01 11:32:06.474,6.22425,6.2264,2.00,1.00
2010.09.01 11:32:06.797,6.22435,6.2264,1.60,1.00
2010.09.01 11:32:07.621,6.22445,6.2264,1.60,1.00
2010.09.01 11:32:07.895,6.22435,6.2261,1.60,1.00
2010.09.01 11:32:08.951,6.22435,6.2262,1.60,1.00
2010.09.01 11:32:09.206,6.22425,6.2262,1.60,1.00
2010.09.01 11:32:09.458,6.22415,6.2262,1.60,1.00
2010.09.01 11:32:09.704,6.22415,6.2261,1.60,1.00
2010.09.01 11:32:10.545,6.22415,6.2262,1.60,1.00
2010.09.01 11:32:10.850,6.2241,6.2262,1.00,1.00
2010.09.01 11:32:11.159,6.22415,6.2262,1.60,1.00
2010.09.01 11:32:11.960,6.22415,6.2262,1.60,1.00
2010.09.01 11:32:12.351,6.2241,6.2262,1.00,1.00
2010.09.01 11:32:12.670,6.2241,6.226,1.00,1.00
2010.09.01 11:32:12.869,6.2241,6.226,1.00,1.00
2010.09.01 11:32:13.525,6.22415,6.226,1.60,1.00
2010.09.01 11:32:15.134,6.22415,6.2262,1.60,1.00
2010.09.01 11:32:15.404,6.22415,6.2262,1.60,1.00
2010.09.01 11:32:16.432,6.22415,6.226,1.60,1.00
2010.09.01 11:32:16.776,6.22415,6.2262,1.60,1.00
2010.09.01 11:32:17.120,6.2241,6.2262,1.00,1.00
2010.09.01 11:32:18.589,6.22415,6.2262,1.60,1.00
2010.09.01 11:32:20.382,6.22435,6.2262,1.60,1.00
2010.09.01 11:32:22.052,6.22425,6.2262,1.60,1.00
2010.09.01 11:32:22.819,6.22435,6.2262,1.60,1.00
2010.09.01 11:32:27.073,6.22435,6.2266,1.60,1.00
2010.09.01 11:32:27.350,6.22495,6.2269,1.60,2.50
2010.09.01 11:32:28.210,6.22495,6.2268,1.60,1.00
2010.09.01 11:32:29.410,6.22495,6.2267,1.60,1.00
2010.09.01 11:32:29.799,6.22495,6.2268,1.60,1.00
2010.09.01 11:32:29.995,6.22495,6.2267,1.60,1.00
2010.09.01 11:32:31.021,6.22485,6.2267,1.60,1.00
2010.09.01 11:32:31.181,6.22485,6.2266,1.60,1.00
2010.09.01 11:32:31.479,6.22485,6.2267,1.60,1.00
2010.09.01 11:32:32.199,6.22485,6.2266,1.60,1.00
2010.09.01 11:32:32.500,6.22485,6.2267,1.60,1.00
2010.09.01 11:32:33.321,6.22485,6.2266,1.60,1.00
2010.09.01 11:32:34.275,6.22485,6.2267,1.60,1.00
2010.09.01 11:32:34.513,6.22485,6.2267,1.60,1.00
2010.09.01 11:32:35.580,6.22485,6.2266,1.60,1.00
2010.09.01 11:32:35.819,6.22485,6.2269,1.60,2.50
2010.09.01 11:32:36.062,6.22505,6.2271,1.60,1.00
2010.09.01 11:32:36.875,6.22515,6.2271,1.60,1.00
2010.09.01 11:32:38.937,6.22515,6.2272,1.60,1.00
2010.09.01 11:32:39.663,6.22515,6.2271,1.60,1.00
2010.09.01 11:32:42.194,6.22505,6.2268,1.60,1.00
2010.09.01 11:32:43.831,6.22505,6.2267,1.60,1.00
2010.09.01 11:32:44.150,6.22495,6.2268,1.60,1.00
2010.09.01 11:32:44.700,6.22495,6.2267,1.60,1.00
2010.09.01 11:32:48.411,6.22495,6.2268,1.60,1.00
2010.09.01 11:32:50.464,6.22515,6.2274,1.60,2.40
2010.09.01 11:32:50.645,6.2258,6.2277,1.00,1.00
2010.09.01 11:32:51.583,6.22585,6.2277,1.60,1.00
2010.09.01 11:32:51.921,6.22585,6.2276,1.60,1.00
2010.09.01 11:32:53.136,6.22575,6.2275,1.60,1.00
2010.09.01 11:32:53.615,6.22555,6.2275,1.60,1.00
2010.09.01 11:32:54.258,6.22555,6.2274,1.60,1.00
2010.09.01 11:32:54.418,6.22555,6.2272,1.60,1.00
2010.09.01 11:32:55.060,6.22545,6.2272,1.60,1.00
2010.09.01 11:32:55.902,6.22555,6.2272,1.60,1.00
2010.09.01 11:32:56.135,6.22555,6.2274,1.60,1.00
2010.09.01 11:32:56.365,6.22555,6.2276,1.60,1.00
2010.09.01 11:32:56.594,6.22565,6.2276,1.60,1.00
2010.09.01 11:32:57.425,6.22575,6.2276,1.60,1.00
2010.09.01 11:32:59.832,6.22555,6.2275,1.60,1.00
2010.09.01 11:33:00.823,6.22555,6.2274,1.60,1.00
2010.09.01 11:33:01.164,6.22565,6.2274,1.60,1.00
2010.09.01 11:33:01.516,6.22565,6.2276,1.60,1.00
2010.09.01 11:33:02.378,6.22575,6.2276,1.60,1.00
2010.09.01 11:33:03.201,6.22575,6.2277,1.60,1.00
2010.09.01 11:33:04.672,6.22575,6.2275,1.60,1.00
2010.09.01 11:33:04.861,6.22575,6.2274,1.60,1.00
2010.09.01 11:33:05.141,6.22555,6.2274,1.60,1.00
2010.09.01 11:33:09.109,6.22555,6.22745,1.60,1.00
2010.09.01 11:33:10.005,6.22555,6.2274,1.60,1.00
2010.09.01 11:33:11.589,6.22545,6.2274,1.60,1.00
2010.09.01 11:33:11.803,6.22555,6.2274,1.60,1.00
2010.09.01 11:33:12.640,6.22545,6.2273,1.60,1.00
2010.09.01 11:33:16.135,6.2254,6.2273,1.00,1.00
2010.09.01 11:33:16.590,6.22545,6.2273,1.60,1.00
2010.09.01 11:33:19.259,6.22545,6.2274,1.60,1.00
2010.09.01 11:33:20.238,6.2258,6.2277,1.00,1.00
2010.09.01 11:33:20.475,6.2258,6.22785,1.00,1.00
2010.09.01 11:33:20.713,6.2261,6.2279,1.00,1.00
2010.09.01 11:33:21.556,6.22555,6.2273,1.60,1.00
2010.09.01 11:33:21.885,6.22545,6.227,1.00,1.00
2010.09.01 11:33:22.846,6.22495,6.2267,1.00,1.00
2010.09.01 11:33:25.513,6.22495,6.2267,2.00,1.00
2010.09.01 11:33:25.678,6.22495,6.2267,1.00,1.00
2010.09.01 11:33:28.198,6.22495,6.2267,2.00,1.00
2010.09.01 11:33:28.358,6.22495,6.2267,1.00,1.00
2010.09.01 11:33:31.350,6.22495,6.2266,1.00,1.00
2010.09.01 11:33:32.119,6.22435,6.2262,2.00,1.00
2010.09.01 11:33:32.332,6.22425,6.2262,1.60,1.00
2010.09.01 11:33:32.962,6.22425,6.2261,1.60,1.00
2010.09.01 11:33:33.795,6.22435,6.2262,1.00,1.00
2010.09.01 11:33:34.580,6.22435,6.2261,1.00,1.00
2010.09.01 11:33:35.140,6.22425,6.2261,1.60,1.00
2010.09.01 11:33:35.406,6.22435,6.2262,1.00,1.00
2010.09.01 11:33:36.680,6.22435,6.2263,1.00,2.40
2010.09.01 11:33:37.028,6.22435,6.2263,2.00,2.40
2010.09.01 11:33:37.372,6.22435,6.2263,1.00,2.40
2010.09.01 11:33:38.787,6.22485,6.2267,1.00,1.00
2010.09.01 11:33:39.213,6.22485,6.2266,1.00,1.00
2010.09.01 11:33:40.004,6.22445,6.2265,2.00,3.30
2010.09.01 11:33:40.332,6.22445,6.2264,2.00,1.00
2010.09.01 11:33:40.660,6.22445,6.2264,1.00,1.00
2010.09.01 11:33:42.657,6.22465,6.2265,1.00,2.40
2010.09.01 11:33:43.223,6.22465,6.2265,2.00,2.40
2010.09.01 11:33:45.180,6.2248,6.2267,1.00,1.00
2010.09.01 11:33:48.018,6.22465,6.2267,1.60,1.00
2010.09.01 11:33:48.056,6.22425,6.2259,1.60,2.40
2010.09.01 11:33:50.469,6.22515,6.2271,1.60,2.40
2010.09.01 11:33:52.073,6.22505,6.2269,1.60,2.40
2010.09.01 11:33:52.899,6.22505,6.2269,1.60,3.20
2010.09.01 11:33:53.117,6.22485,6.2267,1.60,1.00
2010.09.01 11:33:54.391,6.22465,6.2264,1.60,3.20
2010.09.01 11:33:59.480,6.22455,6.2264,1.60,3.20
2010.09.01 11:34:01.022,6.22435,6.2256,1.00,2.40
2010.09.01 11:34:01.222,6.22395,6.2244,1.60,1.10
2010.09.01 11:34:01.421,6.2222,6.22465,1.00,1.00
2010.09.01 11:34:01.621,6.22205,6.2239,1.60,2.40
2010.09.01 11:34:02.797,6.22255,6.2237,1.00,2.40
2010.09.01 11:34:02.870,6.22255,6.2242,1.00,2.40
2010.09.01 11:34:03.010,6.22255,6.2242,2.00,2.40
2010.09.01 11:34:03.221,6.22255,6.2242,1.00,2.40
2010.09.01 11:34:03.829,6.22235,6.2242,1.60,2.40
2010.09.01 11:34:04.175,6.22205,6.2238,1.60,2.40
2010.09.01 11:34:05.070,6.22175,6.2233,1.60,2.40
2010.09.01 11:34:06.525,6.2218,6.2233,1.00,2.40
2010.09.01 11:34:06.811,6.22185,6.2237,1.60,2.40
2010.09.01 11:34:07.091,6.22165,6.2233,1.60,2.40
2010.09.01 11:34:07.937,6.22185,6.2233,1.60,2.40
2010.09.01 11:34:08.162,6.22165,6.2232,1.60,2.40
2010.09.01 11:34:09.168,6.22015,6.2217,1.00,2.40
2010.09.01 11:34:12.881,6.22035,6.2215,1.00,2.40
2010.09.01 11:34:13.342,6.22035,6.2215,1.00,2.50
2010.09.01 11:34:13.480,6.21975,6.2215,1.00,2.50
2010.09.01 11:34:13.751,6.21975,6.2213,1.00,1.10
2010.09.01 11:34:14.377,6.2194,6.2211,1.00,1.00
2010.09.01 11:34:14.614,6.2194,6.2207,1.00,2.40
2010.09.01 11:34:16.298,6.2194,6.2206,1.00,1.10
2010.09.01 11:34:16.646,6.2191,6.22,1.00,2.40
2010.09.01 11:34:19.354,6.2186,6.2197,1.00,1.00
2010.09.01 11:34:19.583,6.21815,6.2187,1.00,1.10
2010.09.01 11:34:19.812,6.21745,6.2193,1.00,1.00
2010.09.01 11:34:20.040,6.21655,6.2187,2.00,1.10
2010.09.01 11:34:21.011,6.21655,6.2185,2.00,2.00
2010.09.01 11:34:21.311,6.21675,6.2185,1.00,1.10
2010.09.01 11:34:21.527,6.21685,6.2185,1.60,1.10
2010.09.01 11:34:22.976,6.21685,6.2186,1.60,1.00
2010.09.01 11:34:23.591,6.21705,6.2186,1.60,1.00
2010.09.01 11:34:23.838,6.21725,6.2187,1.60,1.00
2010.09.01 11:34:24.076,6.21735,6.219,1.60,1.00
2010.09.01 11:34:24.722,6.21745,6.219,1.60,1.00
2010.09.01 11:34:25.083,6.21785,6.21975,1.60,1.00
2010.09.01 11:34:25.957,6.21795,6.21975,1.60,1.00
2010.09.01 11:34:26.306,6.21795,6.2197,1.60,1.00
2010.09.01 11:34:27.136,6.2177,6.2197,1.00,1.00
2010.09.01 11:34:27.474,6.21805,6.22,1.00,1.00
2010.09.01 11:34:27.799,6.21885,6.2204,1.00,1.00
2010.09.01 11:34:30.156,6.21885,6.2203,1.00,1.00
2010.09.01 11:34:30.743,6.21885,6.2203,1.00,1.00
2010.09.01 11:34:31.788,6.21885,6.2203,1.00,1.00
2010.09.01 11:34:32.141,6.21885,6.2204,1.00,1.00
2010.09.01 11:34:37.340,6.21885,6.2204,1.00,1.00
2010.09.01 11:34:37.430,6.21855,6.2204,1.00,1.00
2010.09.01 11:34:37.521,6.21855,6.22,1.00,1.00
2010.09.01 11:34:38.124,6.21805,6.22,1.60,1.00
2010.09.01 11:34:38.231,6.2177,6.2196,1.00,1.00
2010.09.01 11:34:39.588,6.2175,6.219,1.00,1.00
2010.09.01 11:34:40.722,6.2175,6.2192,1.00,1.00
2010.09.01 11:34:41.608,6.2177,6.2193,1.00,2.50
2010.09.01 11:34:42.131,6.2177,6.2193,1.00,2.40
2010.09.01 11:34:42.966,6.2179,6.2196,1.00,1.00
2010.09.01 11:34:43.233,6.21775,6.2196,1.00,1.00
2010.09.01 11:34:43.502,6.2176,6.2195,1.00,1.00
2010.09.01 11:34:44.441,6.21725,6.219,1.00,2.40
2010.09.01 11:34:44.693,6.21725,6.2189,1.00,1.00
2010.09.01 11:34:44.951,6.21785,6.2193,1.00,1.00
2010.09.01 11:34:45.701,6.21785,6.2196,1.00,2.50
2010.09.01 11:34:46.382,6.21785,6.2196,1.00,2.40
2010.09.01 11:34:47.883,6.21785,6.2196,1.00,1.00
2010.09.01 11:34:48.654,6.21805,6.2196,1.00,1.00
2010.09.01 11:34:48.822,6.21805,6.2197,1.00,1.00
2010.09.01 11:34:48.980,6.21805,6.2196,1.00,1.00
2010.09.01 11:34:49.301,6.21805,6.2198,1.00,1.00
2010.09.01 11:34:49.781,6.21805,6.2197,1.00,1.00
2010.09.01 11:34:50.011,6.2175,6.219,1.00,2.40
2010.09.01 11:34:51.367,6.2175,6.2189,1.00,1.00
2010.09.01 11:34:52.708,6.21805,6.2189,1.00,1.00
2010.09.01 11:34:52.931,6.21805,6.2197,1.00,1.00
2010.09.01 11:34:54.723,6.21795,6.2191,1.00,1.00
2010.09.01 11:34:55.350,6.21795,6.2192,1.00,1.00
2010.09.01 11:34:56.051,6.21845,6.2192,1.00,1.00
2010.09.01 11:34:56.288,6.21845,6.2197,1.00,1.00
2010.09.01 11:34:56.522,6.21855,6.2197,1.00,1.00
2010.09.01 11:34:56.752,6.21855,6.2196,1.00,1.00
2010.09.01 11:34:57.711,6.21855,6.22,1.00,1.00
2010.09.01 11:34:58.440,6.21855,6.22,1.00,1.00
2010.09.01 11:34:58.691,6.21855,6.22,1.00,1.00
2010.09.01 11:34:58.901,6.21845,6.2199,1.00,1.00
2010.09.01 11:35:00.740,6.21855,6.22,1.00,1.00
2010.09.01 11:35:01.467,6.21825,6.22,1.00,1.00
2010.09.01 11:35:01.743,6.21825,6.2197,1.00,1.00
2010.09.01 11:35:02.769,6.21825,6.2198,1.00,1.00
2010.09.01 11:35:03.082,6.21825,6.2197,1.00,1.00
2010.09.01 11:35:03.701,6.21825,6.2197,1.00,1.00
2010.09.01 11:35:05.003,6.21785,6.2193,1.00,1.00
2010.09.01 11:35:05.231,6.21785,6.2192,1.00,1.00
2010.09.01 11:35:05.466,6.21785,6.2192,1.00,1.00
2010.09.01 11:35:06.726,6.21785,6.219,1.00,1.00
2010.09.01 11:35:07.294,6.21785,6.2191,1.00,1.00
2010.09.01 11:35:07.878,6.218,6.2191,1.00,1.00
2010.09.01 11:35:08.521,6.218,6.219,1.00,1.00
2010.09.01 11:35:08.783,6.21755,6.219,1.00,1.00
2010.09.01 11:35:09.543,6.21755,6.219,1.00,1.00
2010.09.01 11:35:10.359,6.21755,6.2189,1.00,1.00
2010.09.01 11:35:11.039,6.21735,6.2189,1.00,1.00
2010.09.01 11:35:11.391,6.2173,6.219,1.00,1.00
2010.09.01 11:35:11.592,6.2178,6.219,1.00,1.00
2010.09.01 11:35:11.795,6.2178,6.2191,1.00,2.40
2010.09.01 11:35:12.001,6.218,6.2194,1.00,1.00
2010.09.01 11:35:12.965,6.218,6.2195,1.00,3.30
2010.09.01 11:35:14.518,6.21835,6.2195,1.00,3.20
2010.09.01 11:35:14.716,6.21835,6.2197,1.00,1.00
2010.09.01 11:35:15.419,6.21835,6.2195,1.00,1.00
2010.09.01 11:35:15.768,6.2182,6.2195,1.00,2.40
2010.09.01 11:35:17.271,6.218,6.2195,1.00,2.50
2010.09.01 11:35:17.990,6.218,6.2195,1.20,2.40
2010.09.01 11:35:18.764,6.2182,6.2195,1.00,2.50
2010.09.01 11:35:19.015,6.2182,6.2195,1.00,2.40
2010.09.01 11:35:19.264,6.218,6.2195,1.00,2.40
2010.09.01 11:35:20.457,6.218,6.2194,1.00,1.00
2010.09.01 11:35:20.761,6.218,6.2193,1.00,1.00
2010.09.01 11:35:22.780,6.218,6.2193,1.00,1.00
2010.09.01 11:35:23.945,6.218,6.2193,1.00,1.00
2010.09.01 11:35:24.300,6.218,6.2193,1.00,1.00
2010.09.01 11:35:27.095,6.218,6.219,1.00,1.00
2010.09.01 11:35:27.629,6.2177,6.219,1.00,1.00
2010.09.01 11:35:27.923,6.217,6.2183,1.00,1.00
2010.09.01 11:35:28.680,6.217,6.2183,1.00,1.00
2010.09.01 11:35:28.944,6.217,6.2183,1.00,1.00
2010.09.01 11:35:30.028,6.217,6.2182,1.00,1.00
2010.09.01 11:35:30.316,6.217,6.2182,1.00,1.00
2010.09.01 11:35:30.961,6.21715,6.2182,1.60,1.00
2010.09.01 11:35:31.620,6.217,6.2182,1.00,1.00
2010.09.01 11:35:31.964,6.21695,6.2181,1.60,1.00
2010.09.01 11:35:33.607,6.2162,6.2181,1.00,1.00
2010.09.01 11:35:34.414,6.2162,6.2177,1.00,1.00
2010.09.01 11:35:35.095,6.2162,6.2172,1.00,1.00
2010.09.01 11:35:35.283,6.21575,6.2171,1.00,1.00
2010.09.01 11:35:35.458,6.21575,6.2171,1.00,1.00
2010.09.01 11:35:36.271,6.2155,6.2169,1.00,1.00
2010.09.01 11:35:36.613,6.21545,6.2169,1.00,1.00
2010.09.01 11:35:36.954,6.21565,6.2169,1.00,1.00
2010.09.01 11:35:37.293,6.21565,6.2169,1.00,1.00
2010.09.01 11:35:38.043,6.21565,6.2168,1.00,1.00
2010.09.01 11:35:38.275,6.2159,6.2173,1.00,1.00
2010.09.01 11:35:38.640,6.2159,6.2172,1.00,1.00
2010.09.01 11:35:39.713,6.2159,6.217,1.00,1.00
2010.09.01 11:35:39.881,6.2157,6.217,1.00,1.00
2010.09.01 11:35:40.381,6.2157,6.2169,1.00,1.00
2010.09.01 11:35:40.551,6.2152,6.2168,1.00,1.00
2010.09.01 11:35:41.342,6.21535,6.2165,1.00,1.00
2010.09.01 11:35:42.077,6.21535,6.2166,1.00,1.00
2010.09.01 11:35:42.127,6.21535,6.2166,1.00,1.00
2010.09.01 11:35:42.659,6.21535,6.2166,1.00,1.00
2010.09.01 11:35:42.782,6.21535,6.2166,1.00,1.00
2010.09.01 11:35:42.821,6.21535,6.2168,1.00,1.00
2010.09.01 11:35:43.352,6.2152,6.2168,1.00,1.00
2010.09.01 11:35:43.668,6.2152,6.2166,1.00,1.00
2010.09.01 11:35:44.622,6.2152,6.2166,1.00,1.00
2010.09.01 11:35:45.655,6.21485,6.2164,1.00,1.00
2010.09.01 11:35:45.842,6.21485,6.2164,1.00,1.00
2010.09.01 11:35:46.556,6.21485,6.2162,1.00,1.00
2010.09.01 11:35:46.901,6.21465,6.2156,1.00,2.40
2010.09.01 11:35:47.261,6.21435,6.2156,1.00,2.40
2010.09.01 11:35:48.523,6.21435,6.2154,1.00,1.00
2010.09.01 11:35:49.163,6.21435,6.2156,1.00,2.40
2010.09.01 11:35:49.441,6.21465,6.2158,1.00,1.00
2010.09.01 11:35:49.980,6.21465,6.2157,1.00,1.00
2010.09.01 11:35:51.137,6.21465,6.2159,1.00,1.00
2010.09.01 11:35:51.481,6.21465,6.216,1.00,1.00
2010.09.01 11:35:52.924,6.2148,6.2161,1.00,1.00
2010.09.01 11:35:53.570,6.2144,6.2161,1.00,1.00
2010.09.01 11:35:54.360,6.21415,6.2162,1.00,3.20
2010.09.01 11:35:59.551,6.21415,6.2162,1.00,1.00
2010.09.01 11:36:07.306,6.21425,6.2162,1.60,1.00
2010.09.01 11:36:07.718,6.2147,6.2167,1.00,1.00
2010.09.01 11:36:08.460,6.21475,6.2167,1.60,1.00
2010.09.01 11:36:08.724,6.21455,6.21655,1.60,1.00
2010.09.01 11:36:12.558,6.2147,6.21675,1.00,1.00
2010.09.01 11:36:13.763,6.21475,6.21675,1.60,1.00
2010.09.01 11:36:14.812,6.2147,6.21675,1.00,1.00
2010.09.01 11:36:19.327,6.21455,6.2166,1.00,1.00
2010.09.01 11:36:20.803,6.21475,6.2168,1.00,1.00
2010.09.01 11:36:23.993,6.21475,6.2168,2.00,1.00
2010.09.01 11:36:27.205,6.21485,6.2168,1.60,1.00
2010.09.01 11:36:29.014,6.2151,6.21715,1.00,1.00
2010.09.01 11:36:30.069,6.2149,6.21695,1.00,1.00
2010.09.01 11:36:30.591,6.21475,6.21675,1.00,1.00
2010.09.01 11:36:31.475,6.21475,6.2168,1.00,1.00
2010.09.01 11:36:32.717,6.21465,6.2167,1.00,1.00
2010.09.01 11:36:36.104,6.21445,6.21645,1.00,1.00
2010.09.01 11:36:40.341,6.21435,6.2164,1.00,1.00
2010.09.01 11:36:40.901,6.21425,6.2164,1.00,1.00
2010.09.01 11:36:41.382,6.21425,6.2163,1.00,1.00
2010.09.01 11:36:43.867,6.21415,6.2162,1.00,1.00
2010.09.01 11:36:44.611,6.21415,6.2162,1.00,1.00
2010.09.01 11:36:44.761,6.21415,6.2162,1.00,1.00
2010.09.01 11:36:46.272,6.21435,6.2164,1.00,1.00
2010.09.01 11:36:47.392,6.21435,6.2164,1.00,1.00
2010.09.01 11:36:47.682,6.21435,6.2164,1.00,1.00
2010.09.01 11:36:48.851,6.21435,6.2164,1.00,1.00
2010.09.01 11:36:49.156,6.21435,6.2162,1.00,1.00
2010.09.01 11:36:49.456,6.21435,6.2159,1.00,2.40
2010.09.01 11:36:50.151,6.21385,6.2159,1.00,3.20
2010.09.01 11:36:50.623,6.21365,6.2157,1.00,1.00
2010.09.01 11:36:52.265,6.21385,6.2159,1.00,3.20
2010.09.01 11:36:52.519,6.21385,6.2159,1.00,3.20
2010.09.01 11:36:54.537,6.21405,6.2161,1.00,1.00
2010.09.01 11:36:56.062,6.21405,6.2161,1.00,1.00
2010.09.01 11:36:56.181,6.2135,6.21555,1.00,1.00
2010.09.01 11:36:56.420,6.2135,6.21555,1.00,1.60
2010.09.01 11:36:56.660,6.2133,6.2153,1.00,1.00
2010.09.01 11:36:58.910,6.21345,6.2155,1.00,1.00
2010.09.01 11:36:59.492,6.2132,6.21525,1.00,1.00
2010.09.01 11:37:02.001,6.2132,6.2151,1.00,1.00
2010.09.01 11:37:02.343,6.2132,6.2148,1.00,2.40
2010.09.01 11:37:02.731,6.21315,6.2148,1.00,2.40
2010.09.01 11:37:03.906,6.21305,6.2148,1.00,2.40
2010.09.01 11:37:05.342,6.213,6.2148,1.00,2.40
2010.09.01 11:37:05.663,6.213,6.21505,1.00,1.00
2010.09.01 11:37:12.490,6.2126,6.21465,1.00,1.00
2010.09.01 11:37:12.630,6.2126,6.21455,1.00,1.00
2010.09.01 11:37:12.774,6.2126,6.2143,1.00,4.00
2010.09.01 11:37:12.910,6.2122,6.21425,1.00,1.00
2010.09.01 11:37:13.738,6.212,6.21405,1.00,1.00
2010.09.01 11:37:14.111,6.21215,6.2142,1.00,1.00
2010.09.01 11:37:14.511,6.212,6.21405,1.00,1.00
2010.09.01 11:37:15.131,6.212,6.2138,1.00,1.00
2010.09.01 11:37:15.280,6.2115,6.21355,1.00,1.00
2010.09.01 11:37:16.696,6.2111,6.21315,1.00,1.00
2010.09.01 11:37:16.990,6.21095,6.213,1.00,1.00
2010.09.01 11:37:20.020,6.2107,6.21275,1.00,1.00
2010.09.01 11:37:20.128,6.21125,6.2129,1.60,2.40
2010.09.01 11:37:20.322,6.21125,6.2138,1.60,1.00
2010.09.01 11:37:22.662,6.21115,6.2136,1.00,2.40
2010.09.01 11:37:22.841,6.21115,6.21395,1.00,1.00
2010.09.01 11:37:22.930,6.21095,6.2137,1.60,1.00
2010.09.01 11:37:23.678,6.21085,6.2137,1.60,1.00
2010.09.01 11:37:26.770,6.21085,6.2136,1.60,1.00
2010.09.01 11:37:27.390,6.2111,6.2136,1.00,1.00
2010.09.01 11:37:27.640,6.2111,6.21375,1.00,1.00
2010.09.01 11:37:27.770,6.2113,6.21375,1.60,1.00
2010.09.01 11:37:27.901,6.21155,6.21375,1.00,1.00
2010.09.01 11:37:28.033,6.21155,6.214,1.00,1.00
2010.09.01 11:37:28.280,6.21155,6.2142,1.00,1.00
2010.09.01 11:37:28.807,6.21135,6.21375,1.60,1.00
2010.09.01 11:37:29.004,6.211,6.21345,1.00,1.00
2010.09.01 11:37:29.991,6.21135,6.21345,1.00,1.00
2010.09.01 11:37:30.212,6.21115,6.21345,1.00,1.00
2010.09.01 11:37:30.765,6.21135,6.21365,1.00,1.00
2010.09.01 11:37:31.721,6.2112,6.2132,1.00,1.00
2010.09.01 11:37:34.696,6.2117,6.2135,1.60,1.00
2010.09.01 11:37:34.835,6.2117,6.2142,1.60,1.00
2010.09.01 11:37:38.295,6.2117,6.2142,1.70,1.00
2010.09.01 11:37:39.019,6.21175,6.2142,1.60,1.00
2010.09.01 11:37:45.389,6.2118,6.2142,1.00,1.00
2010.09.01 11:37:45.590,6.2118,6.21435,1.00,1.00
2010.09.01 11:37:49.585,6.21235,6.21435,1.00,1.00
2010.09.01 11:37:51.313,6.2123,6.21435,1.00,1.00
2010.09.01 11:37:53.361,6.21285,6.2146,1.00,1.00
2010.09.01 11:37:53.461,6.21285,6.2149,1.00,1.00
2010.09.01 11:37:53.781,6.21305,6.2151,1.00,1.00
2010.09.01 11:37:54.548,6.2133,6.21535,1.00,1.00
2010.09.01 11:37:56.755,6.2135,6.21555,1.00,1.00
2010.09.01 11:38:10.437,6.21355,6.21555,1.00,1.00
2010.09.01 11:38:11.036,6.2138,6.2158,1.00,1.00
2010.09.01 11:38:11.232,6.21395,6.216,1.00,1.00
2010.09.01 11:38:12.276,6.2138,6.2158,1.00,1.00
2010.09.01 11:38:14.382,6.2136,6.2156,1.00,1.00
2010.09.01 11:38:20.231,6.2138,6.21585,1.00,1.00
2010.09.01 11:38:22.945,6.21315,6.2152,1.00,1.00
2010.09.01 11:38:24.287,6.21335,6.2154,1.00,1.00
2010.09.01 11:38:26.601,6.21315,6.2152,1.00,1.00
2010.09.01 11:38:34.350,6.2134,6.2154,1.00,1.00
2010.09.01 11:38:34.395,6.2134,6.21545,1.00,1.00
2010.09.01 11:38:35.244,6.2142,6.21555,1.00,1.00
2010.09.01 11:38:35.792,6.2142,6.2156,1.00,1.00
2010.09.01 11:38:36.062,6.21515,6.2156,1.00,1.00
2010.09.01 11:38:36.330,6.2147,6.2156,1.00,1.00
2010.09.01 11:38:37.255,6.2149,6.2157,1.00,1.00
2010.09.01 11:38:37.382,6.21345,6.21525,1.00,1.60
2010.09.01 11:38:37.500,6.2126,6.21545,1.00,1.60
2010.09.01 11:38:37.621,6.21245,6.21545,1.00,1.60
2010.09.01 11:38:37.740,6.21245,6.21555,1.00,1.00
2010.09.01 11:38:37.980,6.2139,6.21555,1.00,1.00
2010.09.01 11:38:38.221,6.2139,6.21545,1.00,1.80
2010.09.01 11:38:38.460,6.21245,6.21545,1.00,1.80
2010.09.01 11:38:38.701,6.21245,6.21485,1.00,1.00
2010.09.01 11:38:38.940,6.2118,6.21485,1.00,1.00
2010.09.01 11:38:39.740,6.212,6.21485,1.00,1.00
2010.09.01 11:38:41.641,6.212,6.2147,1.00,1.00
2010.09.01 11:38:42.295,6.212,6.2145,1.00,1.00
2010.09.01 11:38:42.584,6.21185,6.2145,1.00,1.00
2010.09.01 11:38:43.500,6.21185,6.2144,1.00,1.00
2010.09.01 11:38:44.130,6.21185,6.2143,1.00,1.00
2010.09.01 11:38:44.193,6.21185,6.2141,1.00,1.00
2010.09.01 11:38:44.825,6.2114,6.2139,1.00,1.00
2010.09.01 11:38:45.280,6.2114,6.2138,1.00,1.00
2010.09.01 11:38:52.630,6.2114,6.2137,1.00,1.00
2010.09.01 11:38:53.201,6.21105,6.2137,1.00,1.00
2010.09.01 11:38:53.291,6.21105,6.2139,1.00,1.70
2010.09.01 11:38:53.404,6.21105,6.2134,1.00,1.00
2010.09.01 11:38:54.127,6.21125,6.2134,1.00,1.00
2010.09.01 11:38:54.173,6.21125,6.21325,1.00,1.00
2010.09.01 11:38:57.351,6.2115,6.21355,1.00,1.00
2010.09.01 11:38:58.871,6.2117,6.21375,1.00,1.00
2010.09.01 11:39:05.641,6.212,6.21405,1.00,1.00
2010.09.01 11:39:06.670,6.2121,6.21415,1.00,1.00
2010.09.01 11:39:06.991,6.2119,6.21395,1.00,1.00
2010.09.01 11:39:07.151,6.2119,6.2141,1.00,1.00
2010.09.01 11:39:07.471,6.21205,6.2141,1.00,1.00
2010.09.01 11:39:11.018,6.21275,6.2143,1.00,3.20
2010.09.01 11:39:11.242,6.21205,6.21405,1.60,1.00
2010.09.01 11:39:11.462,6.21275,6.2148,1.00,1.00
2010.09.01 11:39:14.001,6.2132,6.21525,1.00,1.00
2010.09.01 11:39:14.430,6.21355,6.2156,1.00,1.00
2010.09.01 11:39:14.671,6.21335,6.2154,1.00,1.00
2010.09.01 11:39:28.376,6.21355,6.21555,1.00,1.00
2010.09.01 11:39:29.016,6.2132,6.21525,1.00,1.00
2010.09.01 11:39:41.052,6.2134,6.21545,1.00,1.00
2010.09.01 11:39:42.263,6.2132,6.21525,1.00,1.00
2010.09.01 11:40:17.691,6.21345,6.21525,1.00,1.00
2010.09.01 11:40:17.800,6.21365,6.2157,1.00,1.00
2010.09.01 11:40:20.090,6.21345,6.2157,1.00,1.00
2010.09.01 11:40:20.241,6.21325,6.2157,1.00,1.00
2010.09.01 11:40:20.370,6.21325,6.2153,1.00,1.00
2010.09.01 11:40:27.150,6.21325,6.215,1.00,2.40
2010.09.01 11:40:27.892,6.2128,6.2149,1.00,1.00
2010.09.01 11:40:28.061,6.2127,6.2147,1.00,1.00
2010.09.01 11:40:28.401,6.2128,6.21485,1.00,1.00
2010.09.01 11:40:30.375,6.21265,6.2147,1.00,1.00
2010.09.01 11:40:30.471,6.2129,6.21495,1.00,1.00
2010.09.01 11:40:31.011,6.21265,6.2147,1.00,1.00
2010.09.01 11:40:32.154,6.2129,6.2149,1.00,1.00
2010.09.01 11:40:32.832,6.21265,6.2147,1.20,1.00
2010.09.01 11:40:32.941,6.21265,6.2147,1.00,1.00
2010.09.01 11:40:39.932,6.21255,6.2146,1.00,1.00
2010.09.01 11:40:48.203,6.21265,6.2146,1.00,1.00
2010.09.01 11:40:48.273,6.2129,6.2148,1.00,2.40
2010.09.01 11:40:48.840,6.2129,6.21495,1.00,1.00
2010.09.01 11:40:50.695,6.2129,6.21485,1.00,1.00
2010.09.01 11:40:50.852,6.2129,6.2135,1.00,2.40
2010.09.01 11:40:51.003,6.21085,6.2129,1.30,2.40
2010.09.01 11:40:51.154,6.21085,6.2129,1.00,2.40
2010.09.01 11:40:51.342,6.2105,6.2129,1.00,2.40
2010.09.01 11:40:58.664,6.2107,6.2131,1.00,1.00
2010.09.01 11:40:58.700,6.2107,6.2127,1.00,2.40
2010.09.01 11:40:58.881,6.2105,6.2127,1.00,2.40
2010.09.01 11:41:03.258,6.2105,6.2127,1.00,2.50
2010.09.01 11:41:06.341,6.2105,6.2125,1.00,1.00
2010.09.01 11:41:07.802,6.2105,6.2118,1.00,2.40
2010.09.01 11:41:08.473,6.2103,6.2118,1.00,2.40
2010.09.01 11:41:09.240,6.2105,6.2118,1.00,2.40
2010.09.01 11:41:09.390,6.2105,6.2123,1.00,2.40
2010.09.01 11:41:11.962,6.2105,6.2123,1.00,2.60
2010.09.01 11:41:12.173,6.21015,6.21215,1.00,1.00
2010.09.01 11:41:14.640,6.2095,6.21155,1.00,1.00
2010.09.01 11:41:18.530,6.2094,6.21155,1.00,1.00
2010.09.01 11:41:19.808,6.2094,6.21145,1.00,1.00
2010.09.01 11:41:27.864,6.20925,6.2113,1.00,1.00
2010.09.01 11:41:30.131,6.2094,6.2114,1.00,1.00
2010.09.01 11:41:30.631,6.2094,6.21135,1.00,1.00
2010.09.01 11:41:31.344,6.2089,6.21095,1.00,1.00
2010.09.01 11:41:32.008,6.20865,6.2106,1.00,3.20
2010.09.01 11:41:32.841,6.20855,6.2106,1.00,3.20
2010.09.01 11:41:36.220,6.20855,6.2105,1.00,1.00
2010.09.01 11:41:36.460,6.2082,6.21025,1.00,1.00
2010.09.01 11:41:38.622,6.20785,6.2099,1.00,1.00
2010.09.01 11:41:41.455,6.20825,6.2103,1.00,1.00
2010.09.01 11:41:42.566,6.2094,6.21055,1.00,1.00
2010.09.01 11:41:42.817,6.2091,6.2118,2.40,1.00
2010.09.01 11:41:43.104,6.20875,6.2118,1.60,1.00
2010.09.01 11:41:43.384,6.20925,6.2118,1.60,1.00
2010.09.01 11:41:43.901,6.20945,6.2116,1.60,1.60
2010.09.01 11:41:44.157,6.20875,6.2114,1.60,1.00
2010.09.01 11:41:44.406,6.20925,6.2114,1.00,1.00
2010.09.01 11:41:44.653,6.20935,6.2118,1.60,1.00
2010.09.01 11:41:45.619,6.20955,6.21165,1.60,1.00
2010.09.01 11:41:45.873,6.20925,6.21165,1.80,1.00
2010.09.01 11:41:47.274,6.20925,6.21165,1.00,1.00
2010.09.01 11:41:47.612,6.2093,6.21165,1.00,1.00
2010.09.01 11:41:47.961,6.209,6.21165,1.00,1.00
2010.09.01 11:41:48.060,6.209,6.2116,1.00,2.40
2010.09.01 11:41:48.161,6.2089,6.2113,1.00,1.00
2010.09.01 11:41:50.734,6.2092,6.2113,2.40,1.00
2010.09.01 11:41:51.505,6.2097,6.21175,2.40,1.00
2010.09.01 11:41:52.936,6.2097,6.21155,2.40,1.00
2010.09.01 11:41:57.719,6.2097,6.2117,2.40,1.00
2010.09.01 11:41:57.923,6.2097,6.2117,2.80,1.00
2010.09.01 11:41:59.623,6.20985,6.2119,1.00,1.00
2010.09.01 11:42:01.108,6.2097,6.2117,2.80,1.00
2010.09.01 11:42:04.474,6.2097,6.2115,2.80,1.00
2010.09.01 11:42:04.677,6.2092,6.21125,1.00,1.00
2010.09.01 11:42:05.569,6.20935,6.2114,1.00,1.00
2010.09.01 11:42:08.092,6.20915,6.21115,1.00,1.00
2010.09.01 11:42:09.327,6.2092,6.21125,1.00,1.00
2010.09.01 11:42:10.997,6.2091,6.21095,2.40,1.00
2010.09.01 11:42:12.891,6.2091,6.21115,2.80,1.00
2010.09.01 11:42:14.191,6.2092,6.21125,1.00,1.00
2010.09.01 11:42:15.252,6.2091,6.21095,2.40,1.00
2010.09.01 11:42:15.458,6.2093,6.2112,1.00,1.00
2010.09.01 11:42:15.561,6.2093,6.2113,1.00,1.00
2010.09.01 11:42:27.703,6.2096,6.21165,1.00,1.00
2010.09.01 11:42:29.772,6.2098,6.2118,1.00,1.00
2010.09.01 11:42:40.169,6.2099,6.21195,1.00,1.00
2010.09.01 11:42:40.278,6.21,6.21195,2.40,1.00
2010.09.01 11:42:48.740,6.2105,6.21195,2.40,1.00
2010.09.01 11:42:48.930,6.2106,6.21265,1.00,1.00
2010.09.01 11:42:54.587,6.21,6.21205,1.00,1.00
2010.09.01 11:42:55.736,6.2098,6.21185,1.00,1.00
2010.09.01 11:43:01.201,6.21,6.21205,1.00,1.00
2010.09.01 11:43:03.630,6.2098,6.21185,1.00,1.00
2010.09.01 11:43:07.744,6.2097,6.2116,2.40,1.00
2010.09.01 11:43:13.373,6.20955,6.2116,1.00,1.60
2010.09.01 11:43:14.010,6.2096,6.2116,1.00,1.60
2010.09.01 11:43:14.355,6.20935,6.21135,1.00,1.00
2010.09.01 11:43:16.123,6.2095,6.21135,2.40,1.00
2010.09.01 11:43:16.301,6.2096,6.21165,1.00,1.00
2010.09.01 11:43:18.246,6.2098,6.21185,1.00,1.00
2010.09.01 11:43:19.267,6.2095,6.2115,2.40,1.00
2010.09.01 11:43:19.532,6.2095,6.2114,2.40,1.00
2010.09.01 11:43:21.810,6.20955,6.2116,1.00,1.00
2010.09.01 11:43:22.560,6.20975,6.2118,1.00,1.00
2010.09.01 11:43:23.244,6.2101,6.2121,2.40,1.00
2010.09.01 11:43:25.951,6.21015,6.21215,1.00,1.00
2010.09.01 11:43:28.701,6.20975,6.2118,1.00,1.00
2010.09.01 11:43:29.307,6.20995,6.21195,1.00,1.00
2010.09.01 11:43:31.331,6.21015,6.21215,1.00,1.00
2010.09.01 11:43:33.904,6.21015,6.2119,1.00,2.40
2010.09.01 11:43:38.050,6.2099,6.2119,1.00,2.40
2010.09.01 11:43:39.503,6.20955,6.2111,1.00,2.40
2010.09.01 11:43:45.221,6.20915,6.2111,1.00,2.40
2010.09.01 11:43:46.997,6.2093,6.2111,1.00,2.40
2010.09.01 11:43:48.784,6.2091,6.2107,1.00,2.40
2010.09.01 11:43:48.996,6.20905,6.2107,1.00,2.40
2010.09.01 11:43:50.512,6.20935,6.2107,1.00,2.40
2010.09.01 11:43:51.377,6.20935,6.2112,1.00,2.40
2010.09.01 11:43:51.693,6.20955,6.2112,1.00,2.40
2010.09.01 11:44:00.872,6.20915,6.2107,1.00,2.40
2010.09.01 11:44:04.223,6.2089,6.2107,1.00,2.40
2010.09.01 11:44:05.124,6.20915,6.2107,1.00,2.40
2010.09.01 11:44:05.209,6.20915,6.2104,1.00,2.40
2010.09.01 11:44:07.344,6.2089,6.2104,1.00,2.40
2010.09.01 11:44:10.875,6.2091,6.2104,1.00,2.40
2010.09.01 11:44:12.566,6.20925,6.2104,1.00,2.40
2010.09.01 11:44:16.442,6.2077,6.2096,1.00,2.40
2010.09.01 11:44:16.572,6.2077,6.209,1.00,2.40
2010.09.01 11:44:16.832,6.207,6.209,1.00,2.40
2010.09.01 11:44:17.799,6.20695,6.2088,1.00,2.40
2010.09.01 11:44:18.076,6.20685,6.2088,1.00,2.40
2010.09.01 11:44:19.701,6.20685,6.208,1.00,1.00
2010.09.01 11:44:19.821,6.2067,6.208,1.00,1.00
2010.09.01 11:44:20.904,6.2067,6.2084,1.00,2.40
2010.09.01 11:44:21.803,6.2065,6.2084,1.00,2.40
2010.09.01 11:44:22.313,6.2065,6.2076,1.00,2.40
2010.09.01 11:44:23.023,6.20645,6.2085,1.00,2.40
2010.09.01 11:44:23.333,6.2062,6.2075,1.00,2.40
2010.09.01 11:44:23.641,6.20615,6.2075,1.00,2.40
2010.09.01 11:44:30.832,6.2063,6.2073,1.00,2.40
2010.09.01 11:44:31.100,6.2063,6.2076,1.00,2.40
2010.09.01 11:44:34.505,6.2065,6.2076,1.00,2.40
2010.09.01 11:44:38.300,6.20615,6.2076,1.00,2.40
2010.09.01 11:44:49.151,6.2063,6.2076,1.00,2.40
2010.09.01 11:44:54.131,6.2066,6.2076,1.00,2.40
2010.09.01 11:44:54.311,6.2066,6.2079,1.00,2.40
2010.09.01 11:45:00.234,6.2069,6.2084,1.00,2.40
2010.09.01 11:45:00.541,6.20665,6.208,1.00,2.40
2010.09.01 11:45:04.198,6.207,6.208,1.00,2.40
2010.09.01 11:45:07.504,6.207,6.2076,1.00,2.40
2010.09.01 11:45:07.724,6.2072,6.2076,1.00,2.40
2010.09.01 11:45:07.944,6.2072,6.2081,1.00,2.40
2010.09.01 11:45:10.769,6.2068,6.2076,1.00,2.40
2010.09.01 11:45:11.013,6.2065,6.2076,1.00,2.40
2010.09.01 11:45:13.442,6.2065,6.2081,1.00,2.40
2010.09.01 11:45:13.675,6.20685,6.2081,1.00,2.40
2010.09.01 11:45:19.237,6.2067,6.2081,1.00,2.40
2010.09.01 11:45:19.517,6.2065,6.2081,1.00,2.40
2010.09.01 11:45:22.037,6.206,6.2076,1.00,2.40
2010.09.01 11:45:24.768,6.2062,6.2076,1.00,2.40
2010.09.01 11:45:25.182,6.20605,6.2076,1.00,2.40
2010.09.01 11:45:28.212,6.2056,6.207,1.00,2.40
2010.09.01 11:45:29.444,6.2056,6.2061,1.00,2.40
2010.09.01 11:45:29.757,6.2044,6.2061,1.00,2.40
2010.09.01 11:45:33.092,6.20495,6.2061,1.00,2.40
2010.09.01 11:45:37.394,6.20515,6.2061,1.60,2.40
2010.09.01 11:45:39.101,6.20505,6.2061,1.60,2.40
2010.09.01 11:45:39.232,6.20525,6.2065,1.60,2.40
2010.09.01 11:45:42.430,6.20535,6.2065,1.60,2.40
2010.09.01 11:45:45.369,6.20525,6.2065,1.60,2.40
2010.09.01 11:45:45.624,6.20535,6.2065,1.60,2.40
2010.09.01 11:45:46.729,6.20525,6.2065,1.60,2.40
2010.09.01 11:45:47.044,6.20535,6.2065,1.60,2.40
2010.09.01 11:45:47.369,6.2056,6.207,1.00,2.40
2010.09.01 11:45:48.412,6.20575,6.207,1.60,2.40
2010.09.01 11:45:49.755,6.20565,6.207,2.00,2.40
2010.09.01 11:45:50.025,6.20575,6.207,1.60,2.40
2010.09.01 11:45:50.295,6.20585,6.207,1.60,2.40
2010.09.01 11:45:51.200,6.20575,6.207,1.60,2.40
2010.09.01 11:45:53.475,6.20565,6.207,2.00,2.40
2010.09.01 11:45:53.670,6.20575,6.207,1.60,2.40
2010.09.01 11:45:54.403,6.20565,6.207,2.00,2.40
2010.09.01 11:45:56.126,6.20585,6.207,1.60,2.40
2010.09.01 11:45:56.325,6.20595,6.207,1.00,2.40
2010.09.01 11:45:56.851,6.20605,6.207,1.60,2.40
2010.09.01 11:45:58.924,6.20595,6.207,1.00,2.40
2010.09.01 11:45:59.455,6.20585,6.207,1.60,2.40
2010.09.01 11:45:59.603,6.20575,6.207,2.00,2.40
2010.09.01 11:46:06.442,6.20585,6.207,1.60,2.40
2010.09.01 11:46:06.901,6.20595,6.207,1.60,2.40
2010.09.01 11:46:07.940,6.20645,6.2078,1.60,2.40
2010.09.01 11:46:09.336,6.20625,6.2078,1.60,2.40
2010.09.01 11:46:11.351,6.20615,6.2078,2.00,2.40
2010.09.01 11:46:12.422,6.20625,6.2078,1.60,2.40
2010.09.01 11:46:12.767,6.20605,6.2073,1.60,2.40
2010.09.01 11:46:13.114,6.20595,6.2073,1.60,2.40
2010.09.01 11:46:13.982,6.20595,6.2073,2.00,2.40
2010.09.01 11:46:14.312,6.20605,6.2073,1.60,2.40
2010.09.01 11:46:15.499,6.20615,6.2073,1.00,2.40
2010.09.01 11:46:15.864,6.20625,6.2078,1.60,2.40
2010.09.01 11:46:23.412,6.20645,6.2078,1.60,2.40
2010.09.01 11:46:23.643,6.20655,6.2078,1.60,2.40
2010.09.01 11:46:25.027,6.20665,6.2082,1.60,2.40
2010.09.01 11:46:25.269,6.20665,6.2082,2.00,2.40
2010.09.01 11:46:25.475,6.20665,6.2082,2.80,2.40
2010.09.01 11:46:25.581,6.2069,6.2086,1.00,2.40
2010.09.01 11:46:26.442,6.20695,6.2086,1.00,2.40
2010.09.01 11:46:26.695,6.20695,6.2086,2.00,2.40
2010.09.01 11:46:29.046,6.20695,6.2086,1.00,2.40
2010.09.01 11:46:29.551,6.20715,6.209,1.00,3.20
2010.09.01 11:46:29.701,6.2074,6.209,1.00,2.40
2010.09.01 11:46:30.508,6.20725,6.209,1.60,2.40
2010.09.01 11:46:31.565,6.20735,6.209,1.60,2.40
2010.09.01 11:46:33.756,6.20725,6.2085,1.60,2.40
2010.09.01 11:46:34.068,6.20735,6.209,1.60,2.40
2010.09.01 11:46:34.706,6.20725,6.209,1.60,2.40
2010.09.01 11:46:35.235,6.20725,6.2085,1.60,2.40
2010.09.01 11:46:39.044,6.20725,6.209,1.60,2.40
2010.09.01 11:46:39.132,6.20745,6.209,1.60,2.40
2010.09.01 11:46:40.144,6.20745,6.209,1.60,3.50
2010.09.01 11:46:40.345,6.20735,6.209,1.00,2.40
2010.09.01 11:46:40.542,6.20745,6.209,1.60,2.40
2010.09.01 11:46:41.266,6.20735,6.209,1.60,2.40
2010.09.01 11:46:42.172,6.2074,6.209,1.00,2.40
2010.09.01 11:46:42.743,6.20745,6.209,1.60,2.40
2010.09.01 11:46:43.444,6.20775,6.2094,1.60,2.40
2010.09.01 11:46:44.920,6.20765,6.2089,1.60,2.40
2010.09.01 11:46:45.205,6.20775,6.2089,1.60,2.40
2010.09.01 11:46:50.642,6.20785,6.2089,1.60,2.40
2010.09.01 11:46:50.742,6.20785,6.2094,1.60,2.40
2010.09.01 11:46:53.085,6.2077,6.2094,1.00,2.40
2010.09.01 11:46:53.432,6.20765,6.2094,1.60,2.40
2010.09.01 11:46:54.207,6.20755,6.20935,1.60,1.00
2010.09.01 11:46:54.373,6.20775,6.2089,1.60,2.40
2010.09.01 11:46:59.117,6.20735,6.2089,1.60,2.40
2010.09.01 11:46:59.893,6.20725,6.2089,2.00,2.40
2010.09.01 11:47:00.113,6.20735,6.2089,1.60,2.40
2010.09.01 11:47:05.947,6.20745,6.2089,1.60,2.40
2010.09.01 11:47:06.383,6.20735,6.2089,1.60,2.40
2010.09.01 11:47:07.274,6.20725,6.2089,2.00,2.40
2010.09.01 11:47:08.552,6.20765,6.2089,1.60,2.40
2010.09.01 11:47:10.173,6.20765,6.2094,2.00,2.40
2010.09.01 11:47:12.120,6.20765,6.2094,1.60,2.40
2010.09.01 11:47:16.089,6.20745,6.2089,1.60,2.40
2010.09.01 11:47:17.127,6.20735,6.2089,1.60,2.40
2010.09.01 11:47:17.476,6.20695,6.2084,1.60,2.40
2010.09.01 11:47:22.659,6.20715,6.2084,1.60,2.40
2010.09.01 11:47:23.521,6.20735,6.209,1.60,2.40
2010.09.01 11:47:23.833,6.20745,6.209,1.60,2.40
2010.09.01 11:47:27.532,6.20765,6.209,1.60,2.40
2010.09.01 11:47:28.282,6.2079,6.209,1.00,2.40
2010.09.01 11:47:28.960,6.2079,6.20985,1.00,1.00
2010.09.01 11:47:29.283,6.20835,6.21025,1.60,1.00
2010.09.01 11:47:29.584,6.20845,6.21025,1.60,1.00
2010.09.01 11:47:30.753,6.20835,6.21025,1.60,1.00
2010.09.01 11:47:33.542,6.20855,6.21025,1.60,1.00
2010.09.01 11:47:34.219,6.2087,6.2103,1.00,2.40
2010.09.01 11:47:34.381,6.20875,6.2103,1.60,2.40
2010.09.01 11:47:38.832,6.20895,6.2103,1.60,2.40
2010.09.01 11:47:39.103,6.20905,6.2108,1.60,3.50
2010.09.01 11:47:39.372,6.2091,6.2108,1.00,3.50
2010.09.01 11:47:39.642,6.20915,6.2108,1.60,2.40
2010.09.01 11:47:40.183,6.2092,6.2108,1.00,2.40
2010.09.01 11:47:41.692,6.20885,6.2103,1.60,2.40
2010.09.01 11:47:42.674,6.2088,6.2103,1.00,2.40
2010.09.01 11:47:44.303,6.20875,6.2103,2.00,2.40
2010.09.01 11:47:45.283,6.20875,6.2102,2.00,1.00
2010.09.01 11:47:45.870,6.20875,6.2103,2.00,2.50
2010.09.01 11:47:46.080,6.20805,6.2097,1.60,2.40
2010.09.01 11:47:47.003,6.20795,6.2097,2.00,2.40
2010.09.01 11:47:47.348,6.20815,6.2097,1.00,2.40
2010.09.01 11:47:48.234,6.20825,6.2097,1.00,2.40
2010.09.01 11:47:48.577,6.20825,6.2097,2.00,2.40
2010.09.01 11:47:50.227,6.20825,6.2097,1.00,2.40
2010.09.01 11:47:50.464,6.20825,6.2097,2.00,2.40
2010.09.01 11:47:51.704,6.20835,6.2097,1.60,2.40
2010.09.01 11:47:53.838,6.20755,6.2093,2.00,2.40
2010.09.01 11:47:54.182,6.20765,6.2093,1.60,2.40
2010.09.01 11:47:55.112,6.20755,6.2093,2.00,2.40
2010.09.01 11:47:56.665,6.20765,6.2093,2.00,2.40
2010.09.01 11:47:57.573,6.2078,6.2093,1.00,2.40
2010.09.01 11:47:57.852,6.20755,6.2093,1.60,2.40
2010.09.01 11:48:01.503,6.20755,6.2089,1.60,2.40
2010.09.01 11:48:02.345,6.20745,6.2089,1.60,2.40
2010.09.01 11:48:04.504,6.20755,6.2089,1.60,2.40
2010.09.01 11:48:11.048,6.20775,6.2093,1.60,2.40
2010.09.01 11:48:11.266,6.20765,6.2093,1.60,2.40
2010.09.01 11:48:11.531,6.20745,6.2093,1.60,3.20
2010.09.01 11:48:11.951,6.20755,6.2093,1.60,3.20
2010.09.01 11:48:12.412,6.20725,6.2093,1.60,3.20
2010.09.01 11:48:12.938,6.20725,6.2089,1.60,2.40
2010.09.01 11:48:13.256,6.20705,6.208,1.00,2.40
2010.09.01 11:48:14.940,6.2073,6.2078,1.00,2.40
2010.09.01 11:48:15.047,6.2073,6.2084,1.00,2.40
2010.09.01 11:48:16.876,6.20755,6.2084,1.00,2.40
2010.09.01 11:48:17.750,6.20735,6.2084,1.00,2.40
2010.09.01 11:48:18.072,6.20735,6.2089,1.00,3.50
2010.09.01 11:48:18.383,6.20735,6.2089,1.00,2.40
2010.09.01 11:48:19.003,6.2072,6.2089,1.00,2.40
2010.09.01 11:48:19.940,6.207,6.2089,1.00,2.40
2010.09.01 11:48:35.053,6.20655,6.2086,2.00,1.90
2010.09.01 11:48:35.645,6.20655,6.2082,2.00,2.40
2010.09.01 11:48:35.739,6.2063,6.2082,1.00,2.40
2010.09.01 11:48:35.901,6.2061,6.2075,1.00,2.40
2010.09.01 11:48:38.373,6.20625,6.2075,1.60,2.40
2010.09.01 11:48:39.390,6.206,6.2075,1.00,2.40
2010.09.01 11:49:04.967,6.20585,6.2075,1.60,2.40
2010.09.01 11:49:05.042,6.20555,6.207,1.60,2.40
2010.09.01 11:49:05.325,6.2055,6.207,1.00,2.40
2010.09.01 11:49:05.879,6.20545,6.207,1.60,2.40
2010.09.01 11:49:05.964,6.20525,6.2066,1.60,2.40
2010.09.01 11:49:07.120,6.20505,6.2066,1.60,2.40
2010.09.01 11:49:07.344,6.205,6.2066,1.00,2.40
2010.09.01 11:49:08.962,6.20505,6.2066,1.60,2.40
2010.09.01 11:49:09.244,6.205,6.2066,1.00,2.40
2010.09.01 11:49:16.812,6.2052,6.2066,1.00,2.40
2010.09.01 11:49:17.883,6.2054,6.2066,1.00,2.40
2010.09.01 11:49:21.921,6.20555,6.2071,1.00,2.40
2010.09.01 11:49:24.362,6.20585,6.2071,1.00,2.40
2010.09.01 11:49:25.906,6.2057,6.2071,1.00,2.40
2010.09.01 11:49:30.562,6.20585,6.2071,1.00,2.40
2010.09.01 11:49:31.803,6.20565,6.2071,1.00,2.40
2010.09.01 11:49:33.333,6.20585,6.2071,1.00,2.40
2010.09.01 11:49:33.993,6.20605,6.2077,1.00,2.40
2010.09.01 11:49:38.402,6.20585,6.2077,1.00,2.40
2010.09.01 11:49:38.742,6.20585,6.2077,2.00,2.40
2010.09.01 11:49:39.310,6.20585,6.2077,2.00,3.20
2010.09.01 11:49:39.850,6.2057,6.2076,1.00,1.00
2010.09.01 11:49:40.036,6.2057,6.2073,1.00,2.40
2010.09.01 11:49:42.558,6.20575,6.2073,1.00,2.40
2010.09.01 11:49:42.684,6.20605,6.2073,1.60,2.40
2010.09.01 11:49:42.813,6.20605,6.2078,1.60,2.40
2010.09.01 11:49:42.942,6.20595,6.2078,1.00,2.40
2010.09.01 11:49:43.596,6.20595,6.2073,1.00,2.40
2010.09.01 11:49:43.942,6.20625,6.2082,2.00,3.20
2010.09.01 11:49:45.686,6.20705,6.2082,1.00,1.00
2010.09.01 11:49:45.802,6.20705,6.2089,1.00,3.20
2010.09.01 11:49:50.741,6.20705,6.2089,1.00,2.40
2010.09.01 11:49:51.372,6.2072,6.2089,1.00,2.40
2010.09.01 11:49:52.326,6.20745,6.2089,1.00,2.40
2010.09.01 11:50:07.229,6.20705,6.2087,1.00,1.00
2010.09.01 11:50:07.587,6.20705,6.2088,1.00,1.00
2010.09.01 11:50:10.091,6.20705,6.2088,1.00,1.00
2010.09.01 11:50:10.844,6.20705,6.2088,1.00,1.00
2010.09.01 11:50:11.048,6.20695,6.2087,1.00,1.00
2010.09.01 11:50:11.621,6.20695,6.2086,1.00,1.00
2010.09.01 11:50:12.201,6.20695,6.2087,1.00,1.00
2010.09.01 11:50:14.778,6.2067,6.2082,1.00,2.40
2010.09.01 11:50:22.603,6.2059,6.2074,1.00,2.40
2010.09.01 11:50:23.226,6.2059,6.2065,1.00,2.40
2010.09.01 11:50:23.364,6.205,6.2065,1.00,2.40
2010.09.01 11:50:24.162,6.20485,6.2063,1.00,2.40
2010.09.01 11:50:25.994,6.20485,6.2063,1.00,3.20
2010.09.01 11:50:26.103,6.20485,6.2063,1.00,2.40
2010.09.01 11:50:33.255,6.2045,6.2063,1.00,2.40
2010.09.01 11:50:35.853,6.2045,6.206,1.00,2.40
2010.09.01 11:50:36.153,6.20435,6.206,1.00,2.40
2010.09.01 11:50:36.452,6.2042,6.206,1.00,2.40
2010.09.01 11:50:38.766,6.2044,6.206,1.00,2.40
2010.09.01 11:50:40.859,6.20405,6.2056,1.00,1.00
2010.09.01 11:50:40.936,6.2037,6.2056,1.00,1.00
2010.09.01 11:50:41.660,6.2037,6.2053,1.00,2.40
2010.09.01 11:50:46.784,6.20385,6.2053,1.00,2.40
2010.09.01 11:50:47.629,6.20405,6.2058,1.00,1.00
2010.09.01 11:50:49.378,6.20385,6.2058,1.00,1.00
2010.09.01 11:50:50.701,6.20385,6.2053,1.00,2.40
2010.09.01 11:50:52.223,6.204,6.2053,1.00,2.40
2010.09.01 11:50:56.860,6.20385,6.2053,1.00,2.40
2010.09.01 11:51:00.271,6.20335,6.2053,1.00,2.40
2010.09.01 11:51:00.487,6.20335,6.2048,1.00,2.40
2010.09.01 11:51:00.791,6.20335,6.2053,1.00,2.40
2010.09.01 11:51:02.372,6.2037,6.2054,1.00,1.00
2010.09.01 11:51:03.062,6.2037,6.2055,1.00,1.00
2010.09.01 11:51:03.243,6.2037,6.2055,1.00,1.00
2010.09.01 11:51:03.934,6.2037,6.2054,1.00,1.00
2010.09.01 11:51:04.386,6.2033,6.2052,1.00,2.40
2010.09.01 11:51:05.257,6.2033,6.2052,1.00,3.20
2010.09.01 11:51:06.217,6.20335,6.2052,1.00,2.40
2010.09.01 11:51:07.114,6.20365,6.2054,1.00,1.00
2010.09.01 11:51:07.811,6.20365,6.2053,1.00,1.00
2010.09.01 11:51:08.281,6.20365,6.2054,1.00,1.00
2010.09.01 11:51:12.362,6.20375,6.2054,1.00,1.00
2010.09.01 11:51:12.471,6.20375,6.2055,1.00,1.00
2010.09.01 11:51:13.832,6.2038,6.2057,1.00,3.20
2010.09.01 11:51:14.505,6.20345,6.2055,1.00,1.60
2010.09.01 11:51:14.703,6.20325,6.2051,1.00,2.40
2010.09.01 11:51:15.572,6.20345,6.2051,1.00,2.40
2010.09.01 11:51:16.535,6.20365,6.2054,1.00,1.00
2010.09.01 11:51:17.349,6.2035,6.2054,1.00,1.00
2010.09.01 11:51:17.981,6.2035,6.2053,1.00,1.00
2010.09.01 11:51:19.393,6.20395,6.2057,1.00,2.40
2010.09.01 11:51:20.146,6.20395,6.2057,1.00,3.20
2010.09.01 11:51:20.456,6.20395,6.2057,1.00,2.40
2010.09.01 11:51:22.283,6.2041,6.2059,1.00,1.00
2010.09.01 11:51:23.258,6.20395,6.2059,1.00,1.00
2010.09.01 11:51:23.619,6.20405,6.2058,1.00,1.00
2010.09.01 11:51:24.591,6.20425,6.206,1.00,1.00
2010.09.01 11:51:25.273,6.20425,6.2061,1.00,1.00
2010.09.01 11:51:26.411,6.20425,6.2062,1.00,3.20
2010.09.01 11:51:26.782,6.2041,6.2061,1.00,1.00
2010.09.01 11:51:27.990,6.2041,6.2058,1.00,1.00
2010.09.01 11:51:29.002,6.2041,6.2059,1.00,1.00
2010.09.01 11:51:29.402,6.2041,6.206,1.00,1.00
2010.09.01 11:51:30.015,6.2041,6.2059,1.00,1.00
2010.09.01 11:51:30.282,6.2041,6.2061,1.00,1.00
2010.09.01 11:51:30.371,6.2041,6.206,1.00,1.00
2010.09.01 11:51:30.461,6.2041,6.2061,1.00,1.00
2010.09.01 11:51:30.565,6.2041,6.206,1.00,1.00
2010.09.01 11:51:31.387,6.2044,6.2062,1.00,1.00
2010.09.01 11:51:31.692,6.2044,6.20645,1.00,1.00
2010.09.01 11:51:33.753,6.2044,6.2063,1.00,1.00
2010.09.01 11:51:34.356,6.2042,6.20625,1.00,1.00
2010.09.01 11:51:34.666,6.2042,6.2062,1.00,1.00
2010.09.01 11:51:35.909,6.2042,6.20625,1.00,1.00
2010.09.01 11:51:36.156,6.2044,6.2064,1.00,1.00
2010.09.01 11:51:37.165,6.2046,6.2064,1.00,1.00
2010.09.01 11:51:37.478,6.2051,6.2071,1.00,1.00
2010.09.01 11:51:37.785,6.2051,6.2071,1.00,1.00
2010.09.01 11:51:39.306,6.2052,6.2071,1.00,1.00
2010.09.01 11:51:41.466,6.2052,6.207,1.00,1.00
2010.09.01 11:51:42.113,6.2052,6.207,1.00,1.00
2010.09.01 11:51:42.362,6.2049,6.2069,1.00,1.00
2010.09.01 11:51:45.103,6.2048,6.20675,2.40,1.00
2010.09.01 11:51:45.355,6.2049,6.2068,1.00,1.00
2010.09.01 11:51:45.595,6.2049,6.2067,1.00,1.00
2010.09.01 11:51:46.456,6.2049,6.2066,1.00,1.00
2010.09.01 11:51:46.742,6.2049,6.2067,1.00,1.00
2010.09.01 11:51:48.288,6.2048,6.2066,1.00,1.00
2010.09.01 11:51:48.466,6.2049,6.2066,1.00,1.00
2010.09.01 11:51:48.646,6.2049,6.2067,1.00,1.00
2010.09.01 11:51:48.825,6.2048,6.2066,1.00,1.00
2010.09.01 11:51:49.054,6.2048,6.2067,1.00,1.00
2010.09.01 11:51:49.791,6.2049,6.2067,1.00,1.00
2010.09.01 11:51:50.026,6.2049,6.2066,1.00,1.00
2010.09.01 11:51:51.615,6.2049,6.2067,1.00,1.00
2010.09.01 11:51:55.445,6.20505,6.207,1.00,1.00
2010.09.01 11:51:56.078,6.20525,6.207,1.00,1.00
2010.09.01 11:51:56.353,6.2051,6.20715,1.00,1.00
2010.09.01 11:51:56.617,6.2049,6.20695,1.00,1.00
2010.09.01 11:51:57.787,6.2049,6.2068,1.00,1.00
2010.09.01 11:51:59.069,6.20505,6.207,1.00,1.00
2010.09.01 11:52:02.522,6.2052,6.2071,2.40,1.00
2010.09.01 11:52:05.135,6.20545,6.2074,1.00,1.00
2010.09.01 11:52:05.453,6.20585,6.2078,1.00,1.00
2010.09.01 11:52:06.912,6.20605,6.208,1.00,1.00
2010.09.01 11:52:10.130,6.20605,6.2081,1.00,1.60
2010.09.01 11:52:12.021,6.20605,6.208,1.00,1.00
2010.09.01 11:52:13.043,6.20605,6.2081,1.00,1.60
2010.09.01 11:52:18.600,6.20605,6.2081,1.00,1.00
2010.09.01 11:52:19.072,6.2062,6.2081,1.00,1.00
2010.09.01 11:52:19.723,6.20645,6.2083,1.00,1.00
2010.09.01 11:52:19.967,6.20645,6.2084,1.00,1.00
2010.09.01 11:52:20.665,6.20645,6.2083,1.00,1.00
2010.09.01 11:52:20.918,6.20625,6.2083,1.00,1.60
2010.09.01 11:52:22.522,6.20645,6.2084,1.00,1.00
2010.09.01 11:52:24.438,6.20625,6.2083,1.00,1.00
2010.09.01 11:52:24.742,6.20625,6.2083,1.00,1.60
2010.09.01 11:52:25.522,6.20675,6.2086,1.00,1.00
2010.09.01 11:52:25.832,6.20675,6.2087,1.00,1.00
2010.09.01 11:52:26.786,6.20675,6.2087,1.00,1.00
2010.09.01 11:52:26.999,6.20655,6.2085,1.00,1.00
2010.09.01 11:52:30.076,6.20655,6.2084,1.00,1.00
2010.09.01 11:52:31.142,6.20655,6.2083,1.00,1.00
2010.09.01 11:52:31.485,6.2065,6.2083,1.00,1.00
2010.09.01 11:52:33.338,6.2062,6.20805,2.40,1.00
2010.09.01 11:52:33.596,6.20605,6.20805,1.00,1.00
2010.09.01 11:52:34.388,6.20605,6.208,1.00,1.00
2010.09.01 11:52:34.684,6.20605,6.208,1.00,1.00
2010.09.01 11:52:34.981,6.20605,6.2079,1.00,1.00
2010.09.01 11:52:38.135,6.2062,6.2079,1.00,1.00
2010.09.01 11:52:38.401,6.2062,6.208,1.00,1.00
2010.09.01 11:52:39.422,6.2062,6.2082,1.00,1.00
2010.09.01 11:52:40.102,6.2064,6.2082,1.00,1.00
2010.09.01 11:52:40.210,6.2064,6.2083,1.00,1.00
2010.09.01 11:52:40.598,6.2062,6.2082,2.40,1.00
2010.09.01 11:52:40.801,6.2062,6.20825,2.40,1.00
2010.09.01 11:52:41.347,6.2067,6.2084,1.00,1.00
2010.09.01 11:52:41.618,6.2067,6.2085,1.00,1.00
2010.09.01 11:52:43.618,6.2067,6.2086,1.00,1.00
2010.09.01 11:52:43.903,6.2067,6.2085,1.00,1.00
2010.09.01 11:52:44.634,6.2066,6.2083,2.40,1.00
2010.09.01 11:52:45.316,6.2066,6.2083,2.40,1.00
2010.09.01 11:52:46.002,6.2064,6.2083,1.00,1.00
2010.09.01 11:52:46.238,6.2064,6.2081,1.00,1.00
2010.09.01 11:52:46.462,6.2064,6.2082,1.00,1.00
2010.09.01 11:52:48.500,6.20655,6.2084,1.00,1.00
2010.09.01 11:52:48.701,6.20655,6.2085,1.00,1.00
2010.09.01 11:53:00.089,6.2052,6.2074,1.00,1.00
2010.09.01 11:53:00.175,6.2049,6.2073,1.00,1.00
2010.09.01 11:53:06.966,6.2051,6.2071,1.00,1.00
2010.09.01 11:53:07.230,6.2049,6.207,1.00,1.00
2010.09.01 11:53:07.485,6.2049,6.2069,1.00,1.00
2010.09.01 11:53:09.137,6.2049,6.207,1.00,1.00
2010.09.01 11:53:09.897,6.2051,6.2071,1.00,1.00
2010.09.01 11:53:12.733,6.2049,6.2071,1.00,1.00
2010.09.01 11:53:13.073,6.2049,6.207,1.00,1.00
2010.09.01 11:53:13.971,6.2049,6.2069,1.00,1.00
2010.09.01 11:53:14.333,6.2049,6.2069,1.00,1.00
2010.09.01 11:53:14.858,6.2049,6.2067,1.00,1.00
2010.09.01 11:53:15.511,6.20465,6.2066,1.00,1.00
2010.09.01 11:53:15.699,6.2046,6.2065,1.00,1.00
2010.09.01 11:53:17.097,6.2046,6.2062,1.00,1.00
2010.09.01 11:53:17.277,6.2044,6.2062,1.00,1.00
2010.09.01 11:53:17.997,6.20415,6.2061,1.00,1.00
2010.09.01 11:53:22.779,6.20405,6.206,1.00,1.00
2010.09.01 11:53:22.879,6.2043,6.20635,1.00,1.00
2010.09.01 11:53:23.612,6.2051,6.20715,1.00,1.00
2010.09.01 11:53:24.919,6.20525,6.2072,1.60,1.00
2010.09.01 11:53:27.713,6.20535,6.2074,1.00,1.00
2010.09.01 11:53:31.075,6.20525,6.2072,1.60,1.00
2010.09.01 11:53:31.780,6.205,6.20705,2.80,1.00
2010.09.01 11:53:34.632,6.20505,6.20705,1.60,1.00
2010.09.01 11:53:34.871,6.2052,6.2072,1.00,1.00
2010.09.01 11:53:39.401,6.2054,6.2074,1.00,1.60
2010.09.01 11:53:39.683,6.2054,6.2074,1.00,1.00
2010.09.01 11:53:41.471,6.2054,6.2074,1.00,1.60
2010.09.01 11:53:46.577,6.2052,6.2072,1.00,1.00
2010.09.01 11:53:48.105,6.2054,6.2074,1.00,1.60
2010.09.01 11:53:50.995,6.2053,6.2074,1.00,1.00
2010.09.01 11:53:51.966,6.2054,6.2074,1.00,1.00
2010.09.01 11:53:53.324,6.20515,6.20705,1.60,1.00
2010.09.01 11:53:53.578,6.205,6.20705,2.80,1.00
2010.09.01 11:53:55.231,6.205,6.20675,2.40,1.00
2010.09.01 11:53:55.565,6.2047,6.20675,1.00,1.00
2010.09.01 11:53:56.434,6.2056,6.2076,1.00,1.00
2010.09.01 11:53:56.830,6.2056,6.2076,1.00,1.00
2010.09.01 11:53:56.972,6.2056,6.2076,1.00,1.00
2010.09.01 11:53:57.241,6.2056,6.2075,1.00,1.00
2010.09.01 11:53:58.138,6.2054,6.2073,1.00,1.00
2010.09.01 11:53:58.384,6.2054,6.2072,1.00,1.00
2010.09.01 11:53:59.423,6.2054,6.2073,1.00,1.00
2010.09.01 11:54:01.546,6.20495,6.20695,1.00,1.00
2010.09.01 11:54:02.723,6.2049,6.2069,1.00,1.00
2010.09.01 11:54:03.014,6.2049,6.2068,1.00,1.00
2010.09.01 11:54:03.786,6.2049,6.2067,1.00,1.00
2010.09.01 11:54:04.100,6.20445,6.2064,1.00,1.00
2010.09.01 11:54:04.409,6.204,6.206,2.80,1.00
2010.09.01 11:54:05.223,6.204,6.2059,1.00,1.00
2010.09.01 11:54:05.482,6.204,6.2057,1.00,1.00
2010.09.01 11:54:06.253,6.2035,6.2055,2.40,1.70
2010.09.01 11:54:06.598,6.20345,6.2053,1.00,1.00
2010.09.01 11:54:07.497,6.20345,6.2055,1.00,1.60
2010.09.01 11:54:08.724,6.20365,6.2056,1.00,1.00
2010.09.01 11:54:09.024,6.20385,6.2056,1.00,1.00
2010.09.01 11:54:09.317,6.20385,6.2058,1.00,1.00
2010.09.01 11:54:10.150,6.20385,6.2057,1.00,1.00
2010.09.01 11:54:11.526,6.20385,6.20585,1.00,1.00
2010.09.01 11:54:11.812,6.2041,6.206,1.00,1.00
2010.09.01 11:54:12.620,6.2041,6.2061,1.00,1.00
2010.09.01 11:54:12.943,6.2039,6.2059,1.00,1.00
2010.09.01 11:54:13.265,6.2039,6.2058,1.00,1.00
2010.09.01 11:54:14.404,6.2039,6.2059,1.00,1.00
2010.09.01 11:54:15.226,6.2039,6.2059,1.00,1.00
2010.09.01 11:54:15.462,6.2039,6.2058,1.00,1.00
2010.09.01 11:54:17.044,6.2039,6.2057,1.00,1.00
2010.09.01 11:54:17.834,6.2039,6.2059,1.00,1.60
2010.09.01 11:54:18.520,6.2039,6.2059,1.00,1.70
2010.09.01 11:54:19.321,6.2039,6.2059,1.00,1.60
2010.09.01 11:54:19.564,6.2039,6.2058,1.00,1.00
2010.09.01 11:54:20.423,6.2039,6.2059,1.00,1.60
2010.09.01 11:54:20.523,6.2039,6.2059,1.00,1.70
2010.09.01 11:54:20.712,6.2039,6.2058,1.00,1.00
2010.09.01 11:54:21.267,6.2039,6.2059,1.00,1.60
2010.09.01 11:54:22.828,6.20405,6.206,1.00,1.00
2010.09.01 11:54:23.723,6.20405,6.20555,1.00,1.60
2010.09.01 11:54:25.295,6.2039,6.20545,1.00,1.60
2010.09.01 11:54:25.524,6.2039,6.20535,1.00,1.60
2010.09.01 11:54:27.198,6.2039,6.20555,1.00,1.60
2010.09.01 11:54:30.713,6.2036,6.20545,1.00,1.60
2010.09.01 11:54:31.410,6.2034,6.20535,1.00,1.60
2010.09.01 11:54:31.735,6.2034,6.20525,1.00,1.60
2010.09.01 11:54:32.370,6.2034,6.20535,1.00,1.60
2010.09.01 11:54:33.398,6.2034,6.20525,1.00,1.60
2010.09.01 11:54:34.582,6.2034,6.2052,1.00,1.00
2010.09.01 11:54:35.806,6.2034,6.2051,1.00,1.00
2010.09.01 11:54:36.223,6.2034,6.2051,1.00,1.00
2010.09.01 11:54:36.374,6.2029,6.20495,1.00,1.00
2010.09.01 11:54:37.269,6.2029,6.2049,1.00,1.00
2010.09.01 11:54:37.586,6.20245,6.2045,1.00,1.60
2010.09.01 11:54:38.245,6.20245,6.2043,1.00,1.00
2010.09.01 11:54:38.567,6.20245,6.2042,1.00,1.00
2010.09.01 11:54:38.895,6.20235,6.20435,1.00,1.60
2010.09.01 11:54:39.678,6.20265,6.20455,1.00,1.60
2010.09.01 11:54:39.979,6.20245,6.2044,1.00,1.00
2010.09.01 11:54:40.275,6.20265,6.20435,1.00,1.60
2010.09.01 11:54:41.096,6.20235,6.2041,1.00,1.00
2010.09.01 11:54:41.406,6.20215,6.2041,1.00,1.00
2010.09.01 11:54:42.387,6.20215,6.2042,2.00,1.00
2010.09.01 11:54:42.615,6.20245,6.2043,1.00,1.00
2010.09.01 11:54:42.844,6.20245,6.20445,1.00,1.00
2010.09.01 11:54:43.607,6.20215,6.20425,1.00,2.40
2010.09.01 11:54:43.961,6.2022,6.20365,1.00,1.60
2010.09.01 11:54:44.306,6.2022,6.20375,1.00,1.60
2010.09.01 11:54:45.170,6.2021,6.20365,1.00,1.60
2010.09.01 11:54:45.479,6.2023,6.20385,1.00,1.60
2010.09.01 11:54:46.467,6.2023,6.20375,1.00,1.60
2010.09.01 11:54:46.913,6.2023,6.20385,1.00,1.60
2010.09.01 11:54:47.659,6.2028,6.20405,1.00,1.60
2010.09.01 11:54:48.008,6.2026,6.20415,1.00,1.60
2010.09.01 11:54:49.025,6.2028,6.20415,1.00,1.60
2010.09.01 11:54:49.356,6.2026,6.20405,1.00,1.60
2010.09.01 11:54:52.176,6.2028,6.20425,1.00,1.60
2010.09.01 11:54:54.028,6.2028,6.20435,1.00,1.60
2010.09.01 11:54:54.377,6.2031,6.20445,1.00,1.60
2010.09.01 11:54:55.784,6.2033,6.20455,1.00,1.60
2010.09.01 11:54:56.598,6.2031,6.20455,1.00,1.60
2010.09.01 11:54:56.905,6.2031,6.20465,1.00,1.60
2010.09.01 11:54:58.020,6.2033,6.20465,1.00,1.60
2010.09.01 11:54:58.338,6.2036,6.20485,1.00,1.60
2010.09.01 11:54:58.655,6.2036,6.20445,1.00,1.60
2010.09.01 11:54:59.212,6.2021,6.20445,1.00,1.60
2010.09.01 11:54:59.565,6.20195,6.20385,1.00,1.60
2010.09.01 11:54:59.906,6.20185,6.20385,1.00,1.60
2010.09.01 11:55:01.484,6.20185,6.20385,1.00,1.60
2010.09.01 11:55:03.048,6.20205,6.2039,1.00,1.00
2010.09.01 11:55:03.395,6.20205,6.20405,1.00,1.60
2010.09.01 11:55:04.296,6.20185,6.20375,1.00,1.60
2010.09.01 11:55:05.786,6.2014,6.20355,1.00,1.60
2010.09.01 11:55:06.955,6.2015,6.2035,1.00,1.00
2010.09.01 11:55:07.285,6.20145,6.2034,1.00,1.00
2010.09.01 11:55:09.027,6.20145,6.2032,1.00,1.00
2010.09.01 11:55:09.563,6.20145,6.20305,1.00,1.60
2010.09.01 11:55:09.846,6.20155,6.20335,1.00,1.60
2010.09.01 11:55:10.132,6.20155,6.20345,1.00,1.60
2010.09.01 11:55:11.225,6.20155,6.2034,1.00,1.00
2010.09.01 11:55:11.514,6.20175,6.2039,1.00,1.00
2010.09.01 11:55:11.803,6.20175,6.2039,1.00,1.00
2010.09.01 11:55:12.092,6.20175,6.2039,1.00,1.00
2010.09.01 11:55:13.617,6.20175,6.2036,1.00,1.00
2010.09.01 11:55:13.770,6.20195,6.204,1.00,1.70
2010.09.01 11:55:13.916,6.20195,6.204,1.00,1.60
2010.09.01 11:55:14.562,6.20195,6.20395,1.00,1.60
2010.09.01 11:55:14.703,6.2018,6.20375,1.00,1.60
2010.09.01 11:55:15.581,6.2015,6.2033,1.00,1.00
2010.09.01 11:55:15.932,6.2015,6.2034,1.00,1.00
2010.09.01 11:55:16.256,6.2017,6.2034,1.00,1.00
2010.09.01 11:55:17.394,6.2015,6.2033,1.00,1.00
2010.09.01 11:55:17.632,6.2013,6.2031,1.00,1.00
2010.09.01 11:55:22.778,6.20075,6.2028,1.20,1.60
2010.09.01 11:55:23.047,6.20075,6.2025,1.00,1.00
2010.09.01 11:55:24.098,6.1995,6.20185,1.00,1.60
2010.09.01 11:55:24.449,6.1997,6.2023,1.00,1.00
2010.09.01 11:55:24.795,6.19955,6.2023,1.00,1.00
2010.09.01 11:55:25.736,6.19975,6.2022,1.00,1.00
2010.09.01 11:55:26.084,6.19975,6.2018,1.00,1.00
2010.09.01 11:55:26.214,6.19995,6.2018,1.00,1.00
2010.09.01 11:55:26.463,6.19995,6.20045,1.00,1.00
2010.09.01 11:55:26.833,6.19935,6.2009,1.00,1.00
2010.09.01 11:55:26.962,6.19935,6.2016,1.00,1.00
2010.09.01 11:55:27.092,6.19965,6.2016,1.00,1.00
2010.09.01 11:55:28.065,6.1996,6.2014,1.00,1.00
2010.09.01 11:55:28.283,6.1996,6.2016,1.00,1.00
2010.09.01 11:55:28.564,6.2002,6.2016,1.00,1.00
2010.09.01 11:55:28.843,6.2007,6.2029,1.00,1.00
2010.09.01 11:55:29.649,6.2007,6.2027,1.00,1.00
2010.09.01 11:55:29.752,6.20065,6.2027,1.00,1.00
2010.09.01 11:55:30.906,6.19925,6.20085,1.00,1.00
2010.09.01 11:55:31.207,6.19925,6.2017,1.00,1.00
2010.09.01 11:55:32.299,6.201,6.2028,2.40,1.60
2010.09.01 11:55:32.643,6.20085,6.20395,1.60,1.00
2010.09.01 11:55:32.981,6.2004,6.2039,1.00,2.40
2010.09.01 11:55:33.225,6.2004,6.20375,1.00,1.60
2010.09.01 11:55:33.465,6.20045,6.20345,1.00,1.60
2010.09.01 11:55:33.704,6.20045,6.2034,1.00,1.60
2010.09.01 11:55:34.478,6.2006,6.20275,1.00,1.60
2010.09.01 11:55:34.669,6.20045,6.20115,1.00,1.00
2010.09.01 11:55:34.854,6.19985,6.20115,1.00,1.00
2010.09.01 11:55:35.549,6.19985,6.2025,1.00,1.00
2010.09.01 11:55:35.810,6.19985,6.2009,1.00,1.00
2010.09.01 11:55:36.063,6.1997,6.2009,1.00,1.00
2010.09.01 11:55:36.325,6.1997,6.202,1.00,1.00
2010.09.01 11:55:36.583,6.20015,6.202,1.00,1.00
2010.09.01 11:55:36.872,6.2005,6.2027,1.00,1.00
2010.09.01 11:55:39.940,6.20005,6.2019,1.00,1.00
2010.09.01 11:55:40.020,6.20005,6.20105,1.00,1.00
2010.09.01 11:55:40.093,6.19975,6.20105,1.00,1.00
2010.09.01 11:55:40.173,6.19975,6.2019,1.00,1.00
2010.09.01 11:55:40.321,6.1997,6.2019,1.00,1.00
2010.09.01 11:55:40.752,6.1997,6.20185,1.00,1.00
2010.09.01 11:55:42.145,6.2001,6.2017,1.00,1.00
2010.09.01 11:55:42.333,6.2003,6.20235,1.00,1.00
2010.09.01 11:55:43.322,6.2003,6.2021,1.00,1.00
2010.09.01 11:55:43.540,6.19985,6.2019,1.00,1.60
2010.09.01 11:55:44.436,6.20005,6.2019,1.00,1.00
2010.09.01 11:55:44.793,6.2003,6.2023,1.00,1.00
2010.09.01 11:55:46.157,6.20015,6.2021,1.00,1.00
2010.09.01 11:55:47.264,6.20015,6.20215,1.00,1.00
2010.09.01 11:55:47.530,6.1997,6.20175,1.00,1.00
2010.09.01 11:55:47.785,6.1996,6.20175,1.00,1.00
2010.09.01 11:55:48.043,6.1996,6.2016,1.00,1.00
2010.09.01 11:55:49.313,6.19975,6.2018,1.00,1.60
2010.09.01 11:55:50.181,6.19975,6.2017,1.00,1.00
2010.09.01 11:55:54.462,6.19975,6.2018,1.00,1.00
2010.09.01 11:55:55.003,6.1999,6.20195,1.00,1.00
2010.09.01 11:55:55.694,6.19995,6.202,1.00,1.00
2010.09.01 11:55:58.234,6.19995,6.2019,1.00,1.00
2010.09.01 11:55:58.787,6.19975,6.2018,1.00,1.60
2010.09.01 11:55:59.029,6.1998,6.2017,1.00,1.00
2010.09.01 11:55:59.375,6.1998,6.2018,1.00,1.60
2010.09.01 11:56:00.279,6.19965,6.2017,1.00,1.00
2010.09.01 11:56:00.626,6.1996,6.20165,1.00,1.00
2010.09.01 11:56:00.979,6.19945,6.201,1.00,1.00
2010.09.01 11:56:01.539,6.1996,6.201,1.00,1.00
2010.09.01 11:56:01.835,6.1996,6.20165,1.00,1.00
2010.09.01 11:56:02.117,6.1998,6.2017,1.00,1.00
2010.09.01 11:56:02.904,6.19995,6.2017,1.00,1.00
2010.09.01 11:56:03.180,6.19995,6.202,1.00,1.60
2010.09.01 11:56:03.465,6.19995,6.202,1.00,1.00
2010.09.01 11:56:04.565,6.19995,6.20095,1.00,1.00
2010.09.01 11:56:04.861,6.19975,6.20095,1.00,1.00
2010.09.01 11:56:06.476,6.19975,6.202,1.00,1.00
2010.09.01 11:56:08.003,6.19995,6.202,1.00,1.00
2010.09.01 11:56:10.359,6.20005,6.2021,1.00,1.00
2010.09.01 11:56:10.948,6.20005,6.2021,1.00,1.00
2010.09.01 11:56:11.159,6.1998,6.2016,1.00,1.00
2010.09.01 11:56:12.457,6.1998,6.2017,1.00,1.00
2010.09.01 11:56:13.063,6.1998,6.2018,1.00,1.00
2010.09.01 11:56:13.272,6.1998,6.2017,1.00,1.00
2010.09.01 11:56:14.196,6.1996,6.2014,1.00,1.00
2010.09.01 11:56:16.450,6.1996,6.2015,1.00,1.00
2010.09.01 11:56:17.967,6.1998,6.2016,1.00,1.00
2010.09.01 11:56:18.532,6.1999,6.2017,1.00,1.00
2010.09.01 11:56:19.376,6.1999,6.20125,1.00,1.00
2010.09.01 11:56:19.598,6.1998,6.2016,1.00,1.00
2010.09.01 11:56:19.805,6.2,6.2016,1.00,1.00
2010.09.01 11:56:21.571,6.2,6.20165,1.00,1.60
2010.09.01 11:56:22.713,6.1998,6.20145,1.00,1.60
2010.09.01 11:56:22.991,6.1998,6.2016,1.00,1.00
2010.09.01 11:56:23.909,6.1998,6.2017,1.00,1.00
2010.09.01 11:56:24.851,6.19965,6.2017,1.00,1.60
2010.09.01 11:56:25.410,6.19985,6.2017,1.00,1.00
2010.09.01 11:56:25.685,6.19985,6.2016,1.00,1.00
2010.09.01 11:56:26.505,6.20005,6.2016,1.00,1.00
2010.09.01 11:56:27.307,6.19935,6.2014,1.00,1.00
2010.09.01 11:56:27.905,6.19955,6.2016,1.00,1.60
2010.09.01 11:56:28.940,6.19955,6.2016,1.00,1.00
2010.09.01 11:56:29.154,6.20005,6.2017,1.00,1.00
2010.09.01 11:56:30.264,6.20005,6.2014,1.00,1.00
2010.09.01 11:56:30.765,6.1993,6.20015,1.00,1.00
2010.09.01 11:56:31.925,6.1978,6.20005,1.00,1.00
2010.09.01 11:56:32.264,6.19725,6.19945,1.00,1.00
2010.09.01 11:56:32.572,6.19715,6.19885,1.00,1.00
2010.09.01 11:56:34.818,6.19735,6.19935,1.00,1.00
2010.09.01 11:56:35.033,6.19795,6.2,1.00,1.00
2010.09.01 11:56:35.237,6.1984,6.20005,1.00,1.00
2010.09.01 11:56:36.933,6.1988,6.20005,1.00,1.00
2010.09.01 11:56:37.760,6.199,6.2009,1.00,1.00
2010.09.01 11:56:41.568,6.199,6.20105,1.00,1.00
2010.09.01 11:56:42.352,6.1995,6.2014,1.00,1.00
2010.09.01 11:56:50.067,6.19985,6.2014,1.00,1.00
2010.09.01 11:56:51.052,6.19975,6.2014,1.00,1.00
2010.09.01 11:56:52.109,6.20025,6.2019,1.00,1.00
2010.09.01 11:56:53.706,6.20035,6.2019,1.00,1.00
2010.09.01 11:56:54.878,6.20045,6.2019,1.00,1.00
2010.09.01 11:56:57.672,6.20075,6.2019,1.00,1.00
2010.09.01 11:56:57.790,6.20075,6.2027,1.00,1.00
2010.09.01 11:56:58.995,6.20095,6.2027,1.00,1.00
2010.09.01 11:57:01.273,6.20095,6.203,1.00,1.00
2010.09.01 11:57:01.555,6.2013,6.20315,1.00,1.00
2010.09.01 11:57:05.845,6.2013,6.20335,1.00,1.00
2010.09.01 11:57:06.494,6.2018,6.2035,1.00,1.00
2010.09.01 11:57:06.609,6.20165,6.2036,1.00,1.00
2010.09.01 11:57:07.367,6.20165,6.20355,1.00,1.00
2010.09.01 11:57:07.658,6.202,6.20355,1.00,1.00
2010.09.01 11:57:07.948,6.2018,6.20355,1.00,1.00
2010.09.01 11:57:11.046,6.2015,6.20355,1.00,1.00
2010.09.01 11:57:12.804,6.2017,6.20355,1.00,1.00
2010.09.01 11:57:15.347,6.20135,6.20295,1.00,1.00
2010.09.01 11:57:16.081,6.20135,6.20305,1.00,1.00
2010.09.01 11:57:16.432,6.2011,6.20305,1.00,1.00
2010.09.01 11:57:17.727,6.20085,6.20255,1.00,1.00
2010.09.01 11:57:19.780,6.2011,6.203,1.00,1.00
2010.09.01 11:57:19.991,6.2011,6.20305,1.00,1.00
2010.09.01 11:57:21.963,6.2011,6.2031,1.00,1.00
2010.09.01 11:57:22.684,6.2013,6.20315,1.00,1.00
2010.09.01 11:57:25.767,6.20115,6.2032,1.00,1.00
2010.09.01 11:57:27.061,6.20115,6.2032,1.00,1.60
2010.09.01 11:57:27.328,6.20115,6.2032,1.00,1.00
2010.09.01 11:57:27.835,6.2013,6.20335,1.00,1.00
2010.09.01 11:57:28.096,6.20145,6.2035,1.00,1.60
2010.09.01 11:57:29.593,6.20175,6.2036,1.00,1.00
2010.09.01 11:57:30.136,6.20175,6.2034,1.00,1.00
2010.09.01 11:57:32.300,6.2022,6.2039,1.00,1.00
2010.09.01 11:57:32.633,6.2022,6.2041,1.00,1.00
2010.09.01 11:57:35.083,6.20205,6.204,1.00,1.00
2010.09.01 11:57:35.431,6.2018,6.2038,1.00,1.60
2010.09.01 11:57:35.774,6.2018,6.2037,1.00,1.00
2010.09.01 11:57:37.683,6.2018,6.2036,1.00,1.00
2010.09.01 11:57:37.994,6.20195,6.2031,1.00,1.00
2010.09.01 11:57:38.632,6.2017,6.2031,1.00,1.00
2010.09.01 11:57:38.914,6.20155,6.2031,1.00,1.00
2010.09.01 11:57:41.992,6.20155,6.2036,1.00,1.00
2010.09.01 11:57:42.131,6.20175,6.2036,1.00,1.00
2010.09.01 11:57:42.712,6.20175,6.20355,1.00,1.00
2010.09.01 11:57:43.444,6.20195,6.20355,1.00,1.00
2010.09.01 11:57:48.291,6.2017,6.20355,1.00,1.00
2010.09.01 11:57:56.263,6.2016,6.20355,1.00,1.00
2010.09.01 11:57:57.138,6.2018,6.20355,1.00,1.00
2010.09.01 11:57:57.615,6.2018,6.20335,1.00,1.00
2010.09.01 11:58:04.977,6.2019,6.20335,1.00,1.00
2010.09.01 11:58:09.376,6.2019,6.20395,1.00,1.00
2010.09.01 11:58:09.529,6.2022,6.20405,1.00,1.00
2010.09.01 11:58:10.874,6.202,6.20365,1.00,1.00
2010.09.01 11:58:11.216,6.202,6.20405,1.00,1.00
2010.09.01 11:58:12.038,6.20235,6.2041,1.00,1.00
2010.09.01 11:58:18.071,6.20235,6.2044,1.00,1.00
2010.09.01 11:58:18.264,6.20265,6.20455,1.00,1.00
2010.09.01 11:58:20.855,6.20285,6.2046,1.00,1.00
2010.09.01 11:58:26.769,6.20265,6.20455,1.00,1.00
2010.09.01 11:58:32.232,6.20265,6.2046,1.00,1.00
2010.09.01 11:58:32.429,6.20265,6.2046,1.20,1.00
2010.09.01 11:58:32.465,6.20285,6.2046,1.00,1.00
2010.09.01 11:58:32.523,6.20285,6.20465,1.00,1.00
2010.09.01 11:58:36.741,6.20295,6.20465,1.00,1.00
2010.09.01 11:58:37.672,6.2029,6.20465,1.00,1.00
2010.09.01 11:58:45.712,6.2029,6.2049,1.00,1.60
2010.09.01 11:58:45.843,6.20315,6.205,1.00,1.00
2010.09.01 11:58:46.655,6.20315,6.205,1.00,1.00
2010.09.01 11:58:46.853,6.20335,6.205,1.00,1.00
2010.09.01 11:58:55.122,6.2032,6.205,1.00,1.00
2010.09.01 11:58:56.163,6.2032,6.2052,1.00,1.00
2010.09.01 11:58:56.260,6.20365,6.20525,1.00,1.00
2010.09.01 11:58:57.400,6.2038,6.20525,1.00,1.00
2010.09.01 11:58:59.550,6.2038,6.20585,1.00,1.00
2010.09.01 11:58:59.796,6.20395,6.2055,1.00,1.00
2010.09.01 11:59:01.073,6.20385,6.2055,1.00,1.00
2010.09.01 11:59:02.036,6.20395,6.2055,1.00,1.00
2010.09.01 11:59:06.377,6.20395,6.20565,1.00,1.00
2010.09.01 11:59:15.179,6.20365,6.20565,1.00,1.00
2010.09.01 11:59:15.444,6.2036,6.2049,1.00,1.00
2010.09.01 11:59:15.713,6.20325,6.2049,1.00,1.00
2010.09.01 11:59:17.854,6.20325,6.20525,1.00,1.00
2010.09.01 11:59:17.984,6.20325,6.20525,2.00,1.00
2010.09.01 11:59:18.115,6.2034,6.2053,1.00,1.00
2010.09.01 11:59:18.988,6.20335,6.20535,1.00,1.00
2010.09.01 11:59:22.155,6.20365,6.2054,1.00,1.00
2010.09.01 11:59:22.373,6.20365,6.2054,1.60,1.00
2010.09.01 11:59:22.594,6.20345,6.2054,1.00,1.00
2010.09.01 11:59:22.813,6.20355,6.2054,1.00,1.00
2010.09.01 11:59:23.526,6.20355,6.20495,1.00,1.00
2010.09.01 11:59:23.882,6.20335,6.20495,1.00,1.00
2010.09.01 11:59:25.614,6.20335,6.2043,1.00,1.00
2010.09.01 11:59:25.838,6.20325,6.2043,1.00,1.00
2010.09.01 11:59:26.962,6.20335,6.2043,1.00,1.00
2010.09.01 11:59:29.151,6.20335,6.2049,1.00,1.00
2010.09.01 11:59:29.401,6.2035,6.205,1.00,1.00
2010.09.01 11:59:30.764,6.2035,6.2049,1.00,1.00
2010.09.01 11:59:31.567,6.2023,6.20435,1.00,1.00
2010.09.01 11:59:34.183,6.2025,6.2041,1.00,1.00
2010.09.01 11:59:34.402,6.2023,6.2041,1.00,1.00
2010.09.01 11:59:36.233,6.2025,6.20415,1.00,1.00
2010.09.01 11:59:38.884,6.2024,6.20415,1.00,1.00
2010.09.01 11:59:40.261,6.2027,6.2045,1.00,2.40
2010.09.01 11:59:42.465,6.2027,6.20405,1.00,1.00
2010.09.01 11:59:42.813,6.2024,6.20405,1.00,1.00
2010.09.01 11:59:43.064,6.2026,6.20405,1.00,1.00
2010.09.01 11:59:44.166,6.202,6.2036,1.00,2.40
2010.09.01 11:59:44.467,6.20215,6.2036,1.00,2.40
2010.09.01 11:59:45.919,6.2026,6.2036,1.00,2.40
2010.09.01 11:59:46.230,6.20195,6.20375,1.00,1.00
2010.09.01 11:59:47.305,6.20195,6.2033,1.00,1.00
2010.09.01 11:59:48.025,6.20175,6.2033,1.00,1.00
2010.09.01 11:59:48.316,6.20175,6.2038,1.00,1.60
2010.09.01 11:59:48.607,6.20175,6.2038,1.00,1.00
2010.09.01 11:59:49.430,6.20215,6.204,1.00,2.40
2010.09.01 11:59:49.762,6.20225,6.2042,1.60,1.00
2010.09.01 11:59:50.086,6.20235,6.2044,1.00,1.00
2010.09.01 11:59:50.413,6.2022,6.2042,1.00,1.00
2010.09.01 11:59:52.012,6.2022,6.2042,1.00,1.60
2010.09.01 11:59:52.124,6.20235,6.2042,1.00,1.00
2010.09.01 11:59:52.233,6.20235,6.2044,1.00,1.00
