2011.03.14 03:00:01.264,5.59261,5.59452,1.38,0.36
2011.03.14 03:00:01.484,5.59241,5.59452,1.38,0.36
2011.03.14 03:00:01.594,5.59218,5.59433,1.38,0.36
2011.03.14 03:00:01.703,5.59218,5.59433,1.38,0.36
2011.03.14 03:00:04.942,5.59218,5.59453,1.38,0.36
2011.03.14 03:00:05.052,5.59231,5.59453,1.38,0.36
2011.03.14 03:00:05.663,5.59231,5.59432,1.38,0.36
2011.03.14 03:00:06.222,5.59216,5.59432,1.38,0.36
2011.03.14 03:00:08.013,5.59232,5.59472,1.38,0.36
2011.03.14 03:00:08.123,5.59232,5.59472,1.38,0.36
2011.03.14 03:00:31.725,5.59232,5.59472,1.38,0.36
2011.03.14 03:00:35.873,5.59237,5.59473,1.38,0.36
2011.03.14 03:00:40.624,5.59237,5.59472,1.38,0.36
2011.03.14 03:00:40.733,5.59245,5.59472,1.38,0.36
2011.03.14 03:00:40.953,5.59236,5.59472,1.38,0.36
2011.03.14 03:00:54.733,5.59235,5.59472,1.38,0.36
2011.03.14 03:00:58.333,5.59247,5.59473,1.38,0.36
2011.03.14 03:00:58.713,5.59264,5.59473,1.38,0.36
2011.03.14 03:01:37.024,5.59253,5.59473,1.38,0.36
2011.03.14 03:01:37.899,5.59253,5.59473,1.38,0.36
2011.03.14 03:01:58.607,5.59264,5.59678,1.38,1.50
2011.03.14 03:02:32.372,5.59265,5.59657,1.38,1.50
2011.03.14 03:02:37.893,5.59286,5.59678,1.38,1.50
2011.03.14 03:03:17.603,5.59269,5.59661,1.38,1.50
2011.03.14 03:03:21.834,5.59252,5.59657,1.38,1.50
2011.03.14 03:03:22.162,5.59265,5.59657,1.38,1.50
2011.03.14 03:03:25.714,5.59264,5.59658,1.38,1.50
2011.03.14 03:03:50.544,5.59264,5.59492,1.38,0.36
2011.03.14 03:03:50.765,5.59264,5.59512,1.38,0.36
2011.03.14 03:03:50.983,5.59267,5.59512,1.38,0.36
2011.03.14 03:03:51.313,5.5927,5.59512,1.38,0.36
2011.03.14 03:03:51.537,5.5927,5.59512,1.38,0.36
2011.03.14 03:04:04.224,5.5927,5.59472,1.38,0.36
2011.03.14 03:04:04.883,5.59266,5.59472,1.38,0.36
2011.03.14 03:04:37.065,5.59266,5.59452,1.38,0.36
2011.03.14 03:04:37.286,5.59249,5.59472,1.38,0.36
2011.03.14 03:04:37.504,5.59259,5.59472,1.38,0.36
2011.03.14 03:04:41.995,5.59241,5.59453,1.38,0.36
2011.03.14 03:04:42.660,5.59241,5.59433,1.38,0.36
2011.03.14 03:04:42.777,5.59228,5.59433,1.38,0.36
2011.03.14 03:05:37.351,5.59228,5.59433,1.38,0.36
2011.03.14 03:05:40.645,5.59217,5.59433,1.38,0.36
2011.03.14 03:05:55.771,5.59217,5.59433,1.38,0.36
2011.03.14 03:05:56.255,5.59227,5.59453,1.38,0.36
2011.03.14 03:05:56.366,5.59241,5.59453,1.38,0.36
2011.03.14 03:05:56.997,5.59231,5.59432,1.38,0.36
2011.03.14 03:06:17.805,5.59231,5.59453,1.38,0.36
2011.03.14 03:07:10.530,5.59243,5.59453,1.38,0.36
2011.03.14 03:07:10.642,5.59244,5.59473,1.38,0.36
2011.03.14 03:07:10.757,5.59244,5.59492,1.38,0.36
2011.03.14 03:07:11.087,5.59259,5.59492,1.38,0.36
2011.03.14 03:07:11.416,5.59253,5.59473,1.38,0.36
2011.03.14 03:07:13.146,5.59254,5.59453,1.38,0.36
2011.03.14 03:07:13.257,5.59254,5.59472,1.38,0.36
2011.03.14 03:07:13.806,5.59248,5.59472,1.38,0.36
2011.03.14 03:07:23.157,5.59264,5.59492,1.38,0.36
2011.03.14 03:07:36.123,5.5926,5.59492,1.38,0.36
2011.03.14 03:07:36.235,5.59237,5.59492,1.38,0.36
2011.03.14 03:07:36.776,5.59246,5.59492,1.38,0.36
2011.03.14 03:07:37.106,5.59246,5.59513,1.38,0.36
2011.03.14 03:07:37.435,5.59268,5.59513,1.38,0.36
2011.03.14 03:08:32.316,5.59268,5.59513,1.38,0.36
2011.03.14 03:08:37.216,5.59268,5.59756,1.38,1.50
2011.03.14 03:08:44.552,5.59318,5.59666,0.63,0.75
2011.03.14 03:09:22.030,5.59309,5.59701,1.38,1.50
2011.03.14 03:09:23.326,5.59299,5.59693,1.38,1.50
2011.03.14 03:09:27.506,5.59299,5.59552,1.38,0.36
2011.03.14 03:09:27.836,5.5931,5.59552,1.38,0.36
2011.03.14 03:09:30.357,5.5931,5.59513,1.38,0.36
2011.03.14 03:09:30.995,5.59311,5.59513,1.38,0.36
2011.03.14 03:09:31.686,5.59293,5.59513,1.38,0.36
2011.03.14 03:09:44.936,5.59293,5.59533,1.38,0.36
2011.03.14 03:09:45.047,5.59308,5.59533,1.38,0.36
2011.03.14 03:09:45.156,5.59308,5.59552,1.38,0.36
2011.03.14 03:09:45.267,5.5933,5.59552,1.38,0.36
2011.03.14 03:09:45.945,5.5933,5.59553,1.38,0.36
2011.03.14 03:09:46.385,5.59339,5.59553,1.38,0.36
2011.03.14 03:09:51.546,5.59339,5.59573,1.38,0.36
2011.03.14 03:09:51.765,5.59349,5.59573,1.38,0.36
2011.03.14 03:09:57.147,5.59349,5.59592,1.38,0.36
2011.03.14 03:09:57.366,5.59372,5.59592,1.38,0.36
2011.03.14 03:09:57.696,5.59372,5.59592,1.38,0.36
2011.03.14 03:09:58.027,5.59373,5.59593,1.38,0.36
2011.03.14 03:09:58.426,5.59373,5.59593,1.38,0.36
2011.03.14 03:09:59.026,5.59383,5.59592,1.38,0.36
2011.03.14 03:10:09.246,5.59392,5.59592,1.38,0.36
2011.03.14 03:10:10.576,5.59392,5.59612,1.38,0.36
2011.03.14 03:10:10.796,5.59401,5.59612,1.38,0.36
2011.03.14 03:10:17.357,5.59389,5.59612,1.38,0.36
2011.03.14 03:10:26.777,5.59389,5.59612,1.38,0.36
2011.03.14 03:10:26.887,5.59389,5.59632,1.38,0.36
2011.03.14 03:10:27.215,5.59417,5.59632,1.38,0.36
2011.03.14 03:10:41.357,5.59417,5.59652,1.38,0.36
2011.03.14 03:10:41.469,5.59424,5.59652,1.38,0.36
2011.03.14 03:10:41.797,5.59454,5.59652,1.38,0.36
2011.03.14 03:10:41.908,5.59454,5.59672,1.38,0.36
2011.03.14 03:10:42.777,5.59442,5.59672,1.38,0.36
2011.03.14 03:10:42.997,5.59424,5.59672,1.38,0.36
2011.03.14 03:10:43.107,5.59424,5.59632,1.38,0.36
2011.03.14 03:10:43.747,5.59424,5.59652,1.38,0.36
2011.03.14 03:10:43.857,5.59434,5.59652,1.38,0.36
2011.03.14 03:10:44.187,5.59422,5.59632,1.38,0.36
2011.03.14 03:10:44.297,5.59422,5.59652,1.38,0.36
2011.03.14 03:10:44.678,5.59422,5.59673,1.38,0.36
2011.03.14 03:10:44.786,5.5944,5.59673,1.38,0.36
2011.03.14 03:10:44.897,5.5944,5.59673,1.38,0.36
2011.03.14 03:10:45.120,5.59422,5.59632,1.38,0.36
2011.03.14 03:10:49.626,5.59422,5.59612,1.38,0.36
2011.03.14 03:10:49.846,5.59407,5.59633,1.38,0.36
2011.03.14 03:10:50.395,5.59407,5.59633,1.38,0.36
2011.03.14 03:10:51.076,5.59418,5.59633,1.38,0.36
2011.03.14 03:10:52.429,5.59402,5.59633,1.38,0.36
2011.03.14 03:10:52.649,5.59383,5.59593,1.38,0.36
2011.03.14 03:10:52.869,5.59374,5.59593,1.38,0.36
2011.03.14 03:10:53.457,5.59374,5.59593,1.38,0.36
2011.03.14 03:10:55.314,5.59374,5.59593,1.38,0.36
2011.03.14 03:10:55.427,5.59356,5.59572,1.38,0.36
2011.03.14 03:10:55.647,5.59341,5.59592,1.38,0.36
2011.03.14 03:10:55.757,5.59341,5.59592,1.38,0.36
2011.03.14 03:10:56.087,5.59357,5.59572,1.38,0.36
2011.03.14 03:10:56.196,5.59357,5.59593,1.38,0.36
2011.03.14 03:11:08.508,5.59357,5.59573,1.38,0.36
2011.03.14 03:11:08.839,5.59357,5.59593,1.38,0.36
2011.03.14 03:11:20.457,5.59357,5.59593,1.38,0.36
2011.03.14 03:11:24.668,5.59372,5.59613,1.38,0.36
2011.03.14 03:11:24.888,5.59387,5.59613,1.38,0.36
2011.03.14 03:11:24.998,5.59387,5.59633,1.38,0.36
2011.03.14 03:11:25.432,5.59412,5.59633,1.38,0.36
2011.03.14 03:11:42.918,5.59402,5.59632,1.38,0.36
2011.03.14 03:12:10.922,5.5941,5.59632,1.38,0.36
2011.03.14 03:12:19.786,5.5941,5.59592,1.38,0.36
2011.03.14 03:12:20.117,5.59395,5.59592,1.38,0.36
2011.03.14 03:13:21.461,5.59395,5.59807,1.38,1.50
2011.03.14 03:13:24.935,5.59395,5.59632,1.38,0.36
2011.03.14 03:13:25.265,5.59395,5.59612,1.38,0.36
2011.03.14 03:13:25.485,5.59395,5.59632,1.38,0.36
2011.03.14 03:13:41.896,5.59395,5.59593,1.38,0.36
2011.03.14 03:13:43.697,5.59376,5.59593,1.38,0.36
2011.03.14 03:13:43.807,5.59376,5.59573,1.38,0.36
2011.03.14 03:13:43.917,5.59353,5.59553,1.38,0.36
2011.03.14 03:13:44.247,5.59343,5.59553,1.38,0.36
2011.03.14 03:13:44.897,5.59344,5.59553,1.38,0.36
2011.03.14 03:14:15.467,5.59344,5.59572,1.38,0.36
2011.03.14 03:14:15.687,5.59354,5.59572,1.38,0.36
2011.03.14 03:14:17.079,5.59458,5.59768,0.40,1.50
2011.03.14 03:14:17.297,5.59458,5.59792,0.40,1.11
2011.03.14 03:14:19.208,5.59558,5.59763,0.40,0.75
2011.03.14 03:14:19.317,5.59558,5.59813,0.40,1.50
2011.03.14 03:14:19.647,5.59607,5.59813,0.40,1.50
2011.03.14 03:14:19.976,5.59678,5.59872,0.40,1.50
2011.03.14 03:14:26.077,5.59482,5.5985,1.40,1.11
2011.03.14 03:14:26.188,5.59537,5.59843,0.40,1.30
2011.03.14 03:14:26.517,5.59588,5.59849,0.40,1.69
2011.03.14 03:14:28.457,5.59608,5.59849,0.40,1.05
2011.03.14 03:14:28.808,5.59608,5.59849,0.40,1.13
2011.03.14 03:14:29.809,5.59608,5.59849,0.40,1.13
2011.03.14 03:14:31.936,5.59608,5.59849,0.40,1.13
2011.03.14 03:14:33.187,5.59608,5.59849,0.40,1.13
2011.03.14 03:14:33.407,5.59608,5.59835,0.40,1.50
2011.03.14 03:14:34.518,5.59608,5.59835,0.40,1.50
2011.03.14 03:14:35.937,5.59608,5.59835,0.40,1.50
2011.03.14 03:14:36.157,5.59608,5.59821,0.40,1.05
2011.03.14 03:14:36.842,5.59608,5.59828,0.40,1.05
2011.03.14 03:14:37.870,5.59608,5.59833,0.40,1.73
2011.03.14 03:14:43.056,5.59608,5.59771,0.40,1.50
2011.03.14 03:14:43.277,5.59608,5.59783,0.40,1.50
2011.03.14 03:14:45.376,5.59608,5.59784,0.40,1.50
2011.03.14 03:14:46.437,5.59608,5.59784,0.40,1.50
2011.03.14 03:14:46.547,5.59587,5.59773,0.40,1.50
2011.03.14 03:14:46.657,5.59607,5.59773,0.40,1.50
2011.03.14 03:14:47.097,5.59607,5.59783,0.40,1.50
2011.03.14 03:14:47.839,5.59607,5.59795,0.40,1.50
2011.03.14 03:14:53.316,5.59607,5.5981,0.40,1.50
2011.03.14 03:14:58.307,5.59607,5.59824,0.40,1.50
2011.03.14 03:15:01.107,5.59607,5.59833,0.40,1.50
2011.03.14 03:15:01.768,5.59588,5.59833,0.40,1.58
2011.03.14 03:15:02.257,5.59588,5.59823,0.40,1.50
2011.03.14 03:15:03.428,5.59588,5.59832,0.40,1.50
2011.03.14 03:15:08.487,5.59588,5.59842,0.40,1.50
2011.03.14 03:15:11.157,5.59608,5.59842,0.40,1.65
2011.03.14 03:15:12.097,5.59608,5.59848,0.40,1.05
2011.03.14 03:15:12.647,5.59608,5.5985,0.40,1.50
2011.03.14 03:15:13.087,5.59608,5.59857,0.40,1.05
2011.03.14 03:15:15.846,5.59608,5.59857,0.40,1.50
2011.03.14 03:15:17.388,5.59608,5.59861,0.40,1.50
2011.03.14 03:15:20.876,5.59557,5.59863,1.03,1.50
2011.03.14 03:15:22.223,5.59543,5.59863,1.71,1.50
2011.03.14 03:15:24.446,5.59543,5.59863,1.71,1.50
2011.03.14 03:15:25.666,5.59568,5.59869,1.18,1.50
2011.03.14 03:15:27.407,5.59608,5.59869,1.33,1.69
2011.03.14 03:15:27.516,5.59608,5.59883,1.33,1.69
2011.03.14 03:15:27.957,5.59484,5.59742,1.38,0.36
2011.03.14 03:15:28.287,5.59604,5.59742,0.94,0.36
2011.03.14 03:15:28.396,5.59604,5.59902,1.33,2.44
2011.03.14 03:15:28.618,5.59608,5.59897,1.33,1.69
2011.03.14 03:15:28.836,5.59608,5.59897,1.33,1.69
2011.03.14 03:15:32.928,5.59709,5.599,0.94,1.69
2011.03.14 03:15:36.257,5.59628,5.59853,1.33,0.94
2011.03.14 03:15:37.488,5.59684,5.59857,0.94,1.11
2011.03.14 03:15:37.706,5.59638,5.59881,1.33,1.69
2011.03.14 03:15:54.548,5.59677,5.59901,1.69,1.69
2011.03.14 03:15:54.658,5.59697,5.59908,1.50,1.69
2011.03.14 03:15:54.878,5.59673,5.59908,1.69,1.69
2011.03.14 03:15:55.096,5.59673,5.59898,1.69,1.69
2011.03.14 03:15:55.207,5.59673,5.59898,1.69,1.69
2011.03.14 03:15:59.549,5.59702,5.5991,1.50,1.69
2011.03.14 03:15:59.659,5.59664,5.5991,1.69,1.69
2011.03.14 03:15:59.987,5.59669,5.59894,1.69,1.69
2011.03.14 03:16:04.827,5.59645,5.59894,1.69,1.69
2011.03.14 03:16:05.741,5.59639,5.59864,1.69,1.69
2011.03.14 03:16:06.657,5.59661,5.59871,1.69,1.69
2011.03.14 03:16:06.987,5.59646,5.59862,1.50,1.69
2011.03.14 03:16:09.007,5.59653,5.59889,1.50,1.69
2011.03.14 03:16:09.120,5.59669,5.59889,1.69,1.69
2011.03.14 03:16:09.229,5.59645,5.59873,1.69,1.69
2011.03.14 03:16:09.777,5.59653,5.59875,1.50,1.69
2011.03.14 03:16:09.998,5.59653,5.5989,1.50,1.69
2011.03.14 03:16:14.707,5.59638,5.59862,1.69,1.69
2011.03.14 03:16:18.077,5.59661,5.59862,1.69,1.69
2011.03.14 03:16:18.407,5.59647,5.59905,1.69,1.69
2011.03.14 03:16:18.952,5.59676,5.59891,1.69,1.69
2011.03.14 03:16:22.160,5.59676,5.59895,1.69,1.69
2011.03.14 03:16:26.057,5.59676,5.59903,1.69,1.69
2011.03.14 03:16:35.180,5.59697,5.59917,1.33,1.50
2011.03.14 03:16:42.057,5.59697,5.59949,1.33,1.69
2011.03.14 03:16:54.338,5.59677,5.59935,1.33,1.69
2011.03.14 03:16:56.109,5.59677,5.59935,1.33,1.69
2011.03.14 03:17:03.118,5.59657,5.59908,1.33,1.69
2011.03.14 03:17:32.758,5.59657,5.59897,1.15,1.69
2011.03.14 03:17:33.087,5.59637,5.59873,1.69,1.69
2011.03.14 03:17:33.308,5.59637,5.59873,1.69,1.69
2011.03.14 03:17:48.337,5.59645,5.59878,1.69,1.69
2011.03.14 03:17:48.447,5.59627,5.59862,1.69,1.69
2011.03.14 03:17:48.778,5.59639,5.5989,1.69,1.69
2011.03.14 03:17:49.107,5.59634,5.59873,1.69,1.69
2011.03.14 03:17:49.217,5.59631,5.59873,1.69,1.69
2011.03.14 03:17:49.437,5.59631,5.59873,1.69,1.69
2011.03.14 03:18:07.369,5.59646,5.59862,1.69,1.69
2011.03.14 03:18:10.188,5.59645,5.59886,1.69,1.69
2011.03.14 03:18:17.304,5.59664,5.59886,1.69,1.69
2011.03.14 03:18:17.531,5.59658,5.59886,1.33,1.69
2011.03.14 03:18:26.147,5.59638,5.59884,1.33,1.69
2011.03.14 03:18:39.617,5.59643,5.59884,1.69,1.69
2011.03.14 03:18:41.234,5.59643,5.59884,1.69,1.69
2011.03.14 03:18:41.347,5.59672,5.59894,1.69,1.69
2011.03.14 03:18:41.898,5.59666,5.59896,1.69,1.69
2011.03.14 03:18:51.468,5.59643,5.59896,1.69,1.69
2011.03.14 03:18:52.116,5.59643,5.59881,1.69,1.69
2011.03.14 03:19:05.797,5.59652,5.59881,1.69,1.69
2011.03.14 03:19:06.127,5.59674,5.59894,1.69,1.69
2011.03.14 03:19:15.401,5.59638,5.59895,1.33,1.69
2011.03.14 03:19:17.438,5.59638,5.59893,1.33,1.69
2011.03.14 03:19:21.748,5.59617,5.59883,1.33,1.69
2011.03.14 03:19:22.398,5.59637,5.59891,1.33,1.69
2011.03.14 03:19:48.858,5.59658,5.599,1.33,1.69
2011.03.14 03:20:19.388,5.59646,5.59894,1.69,1.69
2011.03.14 03:20:21.258,5.59639,5.59885,1.69,1.69
2011.03.14 03:21:07.168,5.59622,5.5987,2.44,1.69
2011.03.14 03:21:07.498,5.59615,5.59855,1.69,1.69
2011.03.14 03:21:08.619,5.59622,5.59839,1.69,1.69
2011.03.14 03:21:12.359,5.59604,5.59852,1.69,1.69
2011.03.14 03:21:12.688,5.59621,5.59851,1.69,1.69
2011.03.14 03:21:25.209,5.59621,5.59865,1.69,1.69
2011.03.14 03:21:39.810,5.59644,5.5987,1.69,1.69
2011.03.14 03:21:39.921,5.59622,5.59864,1.69,1.69
2011.03.14 03:22:35.029,5.59637,5.59888,1.33,1.69
2011.03.14 03:22:35.247,5.59637,5.59898,2.08,1.69
2011.03.14 03:22:45.073,5.59693,5.59903,0.94,1.69
2011.03.14 03:22:45.409,5.59658,5.5991,1.33,1.69
2011.03.14 03:22:45.520,5.59654,5.5991,1.69,1.69
2011.03.14 03:22:46.068,5.59646,5.59903,1.69,1.69
2011.03.14 03:22:48.601,5.5963,5.59869,1.69,1.69
2011.03.14 03:23:30.173,5.59699,5.59883,0.94,1.50
2011.03.14 03:23:30.399,5.59687,5.59897,1.69,1.69
2011.03.14 03:23:30.509,5.59678,5.59882,1.69,1.69
2011.03.14 03:23:48.989,5.59638,5.5986,1.69,1.69
2011.03.14 03:23:49.100,5.59638,5.5986,1.69,1.69
2011.03.14 03:24:00.669,5.59629,5.59877,1.69,1.69
2011.03.14 03:24:42.469,5.59658,5.5988,1.33,1.69
2011.03.14 03:24:50.471,5.59637,5.59899,1.33,1.69
2011.03.14 03:24:51.689,5.59638,5.59884,1.33,1.69
2011.03.14 03:25:00.458,5.5964,5.5988,1.69,1.69
2011.03.14 03:25:01.037,5.5964,5.5988,1.69,1.69
2011.03.14 03:25:04.828,5.59618,5.5988,1.69,1.69
2011.03.14 03:25:05.050,5.59618,5.59855,1.69,1.69
2011.03.14 03:25:30.881,5.59619,5.59855,1.69,1.69
2011.03.14 03:25:48.628,5.59619,5.59855,1.69,1.69
2011.03.14 03:25:48.958,5.59622,5.59863,1.69,1.69
2011.03.14 03:25:49.069,5.59619,5.59863,1.69,1.69
2011.03.14 03:25:54.729,5.59631,5.59865,1.69,1.69
2011.03.14 03:25:54.949,5.59643,5.5987,1.69,1.69
2011.03.14 03:25:55.390,5.59639,5.5987,1.69,1.69
2011.03.14 03:26:00.609,5.59645,5.59885,1.69,1.69
2011.03.14 03:26:10.613,5.59639,5.59874,1.69,1.69
2011.03.14 03:26:22.158,5.59639,5.5987,2.44,1.69
2011.03.14 03:26:23.229,5.59639,5.5987,2.44,1.69
2011.03.14 03:26:23.668,5.59639,5.5987,1.69,1.69
2011.03.14 03:26:30.990,5.5963,5.5988,1.69,1.69
2011.03.14 03:26:31.209,5.59664,5.59891,2.44,1.69
2011.03.14 03:26:31.430,5.59664,5.59891,2.44,1.69
2011.03.14 03:26:34.610,5.59686,5.59902,1.69,1.69
2011.03.14 03:26:45.209,5.59661,5.5988,1.69,1.69
2011.03.14 03:26:47.820,5.59638,5.59889,1.33,1.69
2011.03.14 03:27:03.079,5.59677,5.59922,1.33,1.69
2011.03.14 03:27:03.300,5.59677,5.59932,1.33,1.69
2011.03.14 03:27:03.959,5.59697,5.59962,1.33,1.69
2011.03.14 03:27:04.178,5.59697,5.59962,1.33,1.69
2011.03.14 03:27:08.296,5.59735,5.59974,1.33,1.50
2011.03.14 03:27:08.416,5.59697,5.5997,1.33,1.69
2011.03.14 03:27:10.773,5.59735,5.59988,1.33,1.69
2011.03.14 03:27:10.891,5.59698,5.5998,1.33,1.69
2011.03.14 03:27:12.539,5.59698,5.5997,1.33,1.69
2011.03.14 03:27:13.770,5.59698,5.59939,1.33,1.69
2011.03.14 03:27:35.452,5.59708,5.59939,1.69,1.69
2011.03.14 03:27:35.875,5.59711,5.5994,1.69,1.69
2011.03.14 03:27:35.993,5.59712,5.5994,1.69,1.69
2011.03.14 03:27:36.111,5.59712,5.59956,1.69,1.69
2011.03.14 03:27:36.221,5.5971,5.59967,1.69,1.69
2011.03.14 03:27:36.330,5.5971,5.59956,1.69,1.69
2011.03.14 03:27:36.771,5.59742,5.59964,1.69,1.69
2011.03.14 03:27:36.880,5.59767,5.59979,1.69,1.69
2011.03.14 03:27:36.992,5.59767,5.59985,1.69,1.69
2011.03.14 03:27:50.270,5.59767,5.59952,0.75,1.11
2011.03.14 03:27:50.378,5.59611,5.59952,1.38,1.11
2011.03.14 03:27:50.488,5.59587,5.59952,1.38,1.11
2011.03.14 03:27:51.829,5.59607,5.59956,1.38,1.49
2011.03.14 03:27:52.510,5.59607,5.59956,1.38,1.49
2011.03.14 03:27:53.755,5.59607,5.59956,1.38,1.49
2011.03.14 03:27:54.132,5.59607,5.59952,1.38,1.11
2011.03.14 03:27:54.528,5.59607,5.59956,1.38,1.49
2011.03.14 03:27:54.859,5.59588,5.59935,1.38,1.49
2011.03.14 03:27:55.189,5.59588,5.59893,1.38,1.11
2011.03.14 03:27:55.299,5.59563,5.59893,1.38,1.11
2011.03.14 03:27:56.892,5.59563,5.59893,1.38,1.11
2011.03.14 03:27:56.998,5.59563,5.59893,1.38,1.11
2011.03.14 03:27:57.109,5.59563,5.59897,1.38,1.49
2011.03.14 03:27:57.455,5.59551,5.59897,1.38,1.49
2011.03.14 03:27:57.789,5.59535,5.59872,1.38,1.11
2011.03.14 03:27:57.898,5.59535,5.59872,1.38,1.11
2011.03.14 03:27:58.709,5.59535,5.59872,1.38,1.11
2011.03.14 03:27:58.929,5.59535,5.59873,1.38,1.13
2011.03.14 03:27:59.040,5.5955,5.59873,1.38,1.49
2011.03.14 03:27:59.148,5.5955,5.59873,1.38,1.49
2011.03.14 03:27:59.480,5.59516,5.59852,1.38,1.11
2011.03.14 03:27:59.588,5.59516,5.59852,1.38,1.11
2011.03.14 03:28:02.969,5.59516,5.59853,1.38,1.86
2011.03.14 03:28:03.079,5.59516,5.59853,1.38,1.49
2011.03.14 03:28:03.517,5.5951,5.59853,1.38,1.49
2011.03.14 03:28:04.930,5.5951,5.59865,1.38,1.49
2011.03.14 03:28:05.040,5.5951,5.5985,1.38,1.50
2011.03.14 03:28:05.589,5.59507,5.5985,1.38,1.50
2011.03.14 03:28:06.959,5.59507,5.5985,1.38,1.50
2011.03.14 03:28:07.399,5.59489,5.59832,1.38,1.11
2011.03.14 03:28:08.328,5.59489,5.59832,1.38,1.11
2011.03.14 03:28:09.219,5.59489,5.59825,1.38,1.49
2011.03.14 03:28:10.049,5.59477,5.59813,1.38,1.11
2011.03.14 03:28:25.389,5.59464,5.59823,1.38,1.11
2011.03.14 03:28:25.608,5.59477,5.59823,1.38,1.11
2011.03.14 03:28:26.429,5.59511,5.5988,1.38,1.68
2011.03.14 03:28:26.540,5.59511,5.5988,1.38,1.68
2011.03.14 03:28:26.649,5.595,5.59862,1.38,2.99
2011.03.14 03:28:26.761,5.595,5.59852,1.38,1.11
2011.03.14 03:28:26.870,5.595,5.59873,1.38,3.00
2011.03.14 03:28:27.200,5.59535,5.59893,1.38,1.30
2011.03.14 03:28:27.530,5.59556,5.59892,1.38,1.30
2011.03.14 03:28:27.640,5.59554,5.59889,1.38,1.69
2011.03.14 03:28:27.750,5.59532,5.59889,1.38,1.68
2011.03.14 03:28:28.828,5.59532,5.59893,1.38,3.93
2011.03.14 03:28:31.460,5.59541,5.59892,1.38,1.30
2011.03.14 03:28:31.574,5.59541,5.5991,1.38,1.68
2011.03.14 03:28:31.803,5.59542,5.5992,1.38,1.68
2011.03.14 03:28:31.909,5.5956,5.59925,1.38,1.68
2011.03.14 03:28:32.240,5.59577,5.59933,1.38,2.99
2011.03.14 03:28:35.386,5.59577,5.59933,1.38,3.36
2011.03.14 03:28:35.709,5.59594,5.59933,1.38,2.99
2011.03.14 03:28:38.749,5.59594,5.59937,1.38,1.49
2011.03.14 03:28:38.969,5.59585,5.59933,1.38,2.99
2011.03.14 03:28:39.079,5.59585,5.59933,1.38,2.99
2011.03.14 03:28:39.189,5.59561,5.59912,1.38,2.99
2011.03.14 03:28:39.738,5.59561,5.59912,1.38,2.99
2011.03.14 03:28:40.792,5.59561,5.59912,1.38,2.99
2011.03.14 03:28:41.009,5.59561,5.59893,1.38,1.11
2011.03.14 03:28:41.389,5.59561,5.59912,1.38,2.99
2011.03.14 03:28:43.029,5.59555,5.59903,1.38,2.99
2011.03.14 03:28:45.881,5.59601,5.59903,1.38,2.33
2011.03.14 03:28:48.958,5.59592,5.59943,1.38,2.99
2011.03.14 03:28:49.379,5.59585,5.59937,1.38,1.49
2011.03.14 03:28:51.738,5.59585,5.59933,1.38,2.99
2011.03.14 03:28:56.936,5.59585,5.59912,1.38,1.11
2011.03.14 03:28:57.278,5.59585,5.59933,1.38,2.99
2011.03.14 03:28:57.391,5.5956,5.59893,1.38,1.11
2011.03.14 03:28:58.070,5.5956,5.59893,1.38,1.11
2011.03.14 03:28:58.179,5.5955,5.59893,1.38,1.11
2011.03.14 03:28:58.847,5.5955,5.59893,1.38,1.11
2011.03.14 03:29:00.400,5.5955,5.59902,1.38,2.99
2011.03.14 03:29:00.840,5.59558,5.59913,1.38,2.99
2011.03.14 03:29:00.953,5.59558,5.59903,1.38,1.11
2011.03.14 03:29:01.179,5.59568,5.59912,1.38,1.11
2011.03.14 03:29:02.936,5.59568,5.59912,1.38,1.11
2011.03.14 03:29:07.341,5.59568,5.59912,1.38,1.11
2011.03.14 03:29:12.412,5.59568,5.5993,1.38,1.49
2011.03.14 03:29:14.956,5.59568,5.5993,1.38,1.49
2011.03.14 03:29:24.434,5.59568,5.59912,1.38,1.11
2011.03.14 03:29:25.250,5.59579,5.59932,1.38,2.99
2011.03.14 03:29:25.359,5.59579,5.59943,1.38,2.99
2011.03.14 03:29:26.307,5.59579,5.59943,1.38,2.99
2011.03.14 03:29:26.638,5.59579,5.59762,1.38,0.36
2011.03.14 03:29:26.750,5.59508,5.59762,1.38,0.36
2011.03.14 03:29:27.549,5.59517,5.59762,1.38,0.36
2011.03.14 03:29:27.769,5.59517,5.59743,1.38,0.36
2011.03.14 03:29:27.988,5.59528,5.59743,1.38,0.36
2011.03.14 03:29:40.649,5.59528,5.59722,1.38,0.36
2011.03.14 03:29:48.672,5.59518,5.59722,1.38,0.36
2011.03.14 03:29:49.999,5.59518,5.59742,1.38,0.36
2011.03.14 03:29:50.219,5.59533,5.59742,1.38,0.36
2011.03.14 03:30:05.130,5.59533,5.59723,1.38,0.36
2011.03.14 03:30:05.728,5.59525,5.59723,1.38,0.36
2011.03.14 03:30:21.439,5.59525,5.59743,1.38,0.36
2011.03.14 03:30:21.549,5.59533,5.59743,1.38,0.36
2011.03.14 03:30:24.571,5.59519,5.59722,1.38,0.36
2011.03.14 03:30:24.678,5.59519,5.59722,1.38,0.36
2011.03.14 03:30:43.560,5.59519,5.59743,1.38,0.36
2011.03.14 03:30:43.779,5.59527,5.59743,1.38,0.36
2011.03.14 03:30:44.248,5.59536,5.59743,1.38,0.36
2011.03.14 03:30:50.089,5.59536,5.59743,1.38,0.36
2011.03.14 03:30:50.199,5.59536,5.59723,1.38,0.36
2011.03.14 03:31:09.829,5.59523,5.59742,1.38,0.36
2011.03.14 03:31:27.400,5.59538,5.59763,1.38,0.36
2011.03.14 03:31:27.511,5.59538,5.59763,1.38,0.36
2011.03.14 03:31:28.241,5.59558,5.59763,1.38,0.36
2011.03.14 03:31:28.749,5.59558,5.59782,1.38,0.36
2011.03.14 03:31:33.569,5.59572,5.59762,1.38,0.36
2011.03.14 03:31:33.791,5.59558,5.59762,1.38,0.36
2011.03.14 03:31:33.899,5.59558,5.59783,1.38,0.36
2011.03.14 03:31:34.010,5.59558,5.59762,1.38,0.36
2011.03.14 03:31:34.758,5.59557,5.59762,1.38,0.36
2011.03.14 03:32:00.389,5.59557,5.59743,1.38,0.36
2011.03.14 03:32:00.718,5.59549,5.59743,1.38,0.36
2011.03.14 03:32:27.570,5.59549,5.59762,1.38,0.36
2011.03.14 03:32:27.790,5.59558,5.59762,1.38,0.36
2011.03.14 03:32:37.620,5.59546,5.59743,1.38,0.36
2011.03.14 03:32:37.728,5.59546,5.59743,1.38,0.36
2011.03.14 03:32:40.700,5.59546,5.59723,1.38,0.36
2011.03.14 03:32:40.923,5.59546,5.59723,1.38,0.36
2011.03.14 03:32:41.251,5.59523,5.59723,1.38,0.36
2011.03.14 03:32:43.269,5.59511,5.59702,1.38,0.36
2011.03.14 03:32:43.489,5.59497,5.59682,1.38,0.36
2011.03.14 03:32:44.631,5.59483,5.59662,1.38,0.36
2011.03.14 03:32:45.079,5.59493,5.59703,1.38,0.36
2011.03.14 03:32:56.721,5.59493,5.59722,1.38,0.36
2011.03.14 03:32:56.831,5.5951,5.59722,1.38,0.36
2011.03.14 03:33:03.129,5.59517,5.59722,1.38,0.36
2011.03.14 03:33:11.141,5.59532,5.59743,1.38,0.36
2011.03.14 03:33:11.250,5.59532,5.59743,1.38,0.36
2011.03.14 03:33:20.861,5.59532,5.59762,1.38,0.36
2011.03.14 03:33:20.969,5.59555,5.59762,1.38,0.36
2011.03.14 03:34:02.169,5.59555,5.59742,1.38,0.36
2011.03.14 03:34:09.740,5.5952,5.59742,1.38,0.36
2011.03.14 03:34:09.850,5.5952,5.59723,1.38,0.36
2011.03.14 03:34:10.070,5.59511,5.59723,1.38,0.36
2011.03.14 03:34:19.561,5.5951,5.59743,1.38,0.36
2011.03.14 03:34:19.671,5.59529,5.59743,1.38,0.36
2011.03.14 03:34:20.219,5.59529,5.59723,1.38,0.36
2011.03.14 03:34:20.329,5.59519,5.59723,1.38,0.36
2011.03.14 03:34:21.759,5.59519,5.59743,1.38,0.36
2011.03.14 03:34:21.869,5.5953,5.59743,1.38,0.36
2011.03.14 03:34:24.351,5.5953,5.59723,1.38,0.36
2011.03.14 03:34:24.462,5.59519,5.59723,1.38,0.36
2011.03.14 03:34:30.130,5.59508,5.59723,1.38,0.36
2011.03.14 03:34:31.029,5.5952,5.59723,1.38,0.36
2011.03.14 03:34:32.099,5.59513,5.59723,1.38,0.36
2011.03.14 03:34:44.430,5.59513,5.59702,1.38,0.36
2011.03.14 03:34:44.540,5.59498,5.59702,1.38,0.36
2011.03.14 03:34:44.650,5.59498,5.59682,1.38,0.36
2011.03.14 03:34:44.760,5.5948,5.59682,1.38,0.36
2011.03.14 03:34:47.360,5.5948,5.59668,1.38,0.36
2011.03.14 03:34:47.471,5.5948,5.59722,1.38,0.36
2011.03.14 03:34:47.845,5.59488,5.59722,1.38,0.36
2011.03.14 03:34:47.962,5.59496,5.59722,1.38,0.36
2011.03.14 03:34:58.930,5.59483,5.59683,1.38,0.36
2011.03.14 03:34:59.039,5.59483,5.59683,1.38,0.36
2011.03.14 03:34:59.549,5.59483,5.59703,1.38,0.36
2011.03.14 03:34:59.660,5.59483,5.59703,1.38,0.36
2011.03.14 03:35:07.340,5.5948,5.59682,1.38,0.36
2011.03.14 03:35:09.799,5.5948,5.59702,1.38,0.36
2011.03.14 03:35:10.019,5.59491,5.59702,1.38,0.36
2011.03.14 03:35:35.759,5.59491,5.59683,1.38,0.36
2011.03.14 03:35:35.980,5.59477,5.59683,1.38,0.36
2011.03.14 03:36:05.220,5.59477,5.59702,1.38,0.36
2011.03.14 03:36:05.329,5.59491,5.59702,1.38,0.36
2011.03.14 03:36:07.690,5.59491,5.59723,1.38,0.36
2011.03.14 03:36:07.799,5.59491,5.59743,1.38,0.36
2011.03.14 03:36:07.910,5.59528,5.59743,1.38,0.36
2011.03.14 03:36:16.159,5.59528,5.59762,1.38,0.36
2011.03.14 03:36:16.269,5.5955,5.59782,1.38,0.36
2011.03.14 03:36:16.380,5.59562,5.59782,1.38,0.36
2011.03.14 03:36:16.930,5.59556,5.59762,1.38,0.36
2011.03.14 03:36:17.039,5.59556,5.59762,1.38,0.36
2011.03.14 03:36:27.379,5.59556,5.59783,1.38,0.36
2011.03.14 03:36:27.819,5.59556,5.59762,1.38,0.36
2011.03.14 03:36:30.409,5.59556,5.59782,1.38,0.36
2011.03.14 03:36:31.750,5.59564,5.59782,1.38,0.36
2011.03.14 03:36:31.860,5.59556,5.59763,1.38,0.36
2011.03.14 03:36:36.131,5.59556,5.59783,1.38,0.36
2011.03.14 03:36:36.461,5.59557,5.59762,1.38,0.36
2011.03.14 03:36:37.191,5.59556,5.59762,1.38,0.36
2011.03.14 03:36:37.305,5.59539,5.59743,1.38,0.36
2011.03.14 03:36:47.911,5.59539,5.59723,1.38,0.36
2011.03.14 03:36:48.130,5.59539,5.59723,1.38,0.36
2011.03.14 03:36:48.350,5.5952,5.59723,1.38,0.36
2011.03.14 03:36:49.205,5.59513,5.59723,1.38,0.36
2011.03.14 03:36:50.480,5.59504,5.59703,1.38,0.36
2011.03.14 03:37:16.981,5.5949,5.59703,1.38,0.36
2011.03.14 03:37:21.151,5.5949,5.59723,1.38,0.36
2011.03.14 03:37:21.369,5.5949,5.59723,1.38,0.36
2011.03.14 03:37:21.700,5.59504,5.59703,1.38,0.36
2011.03.14 03:37:33.180,5.5949,5.59703,1.38,0.36
2011.03.14 03:37:34.980,5.59491,5.59723,1.38,0.36
2011.03.14 03:37:35.200,5.59487,5.59723,1.38,0.36
2011.03.14 03:37:35.310,5.59487,5.59683,1.38,0.36
2011.03.14 03:37:46.260,5.59475,5.59663,1.38,0.36
2011.03.14 03:37:46.370,5.59465,5.59663,1.38,0.36
2011.03.14 03:37:46.481,5.59443,5.59663,1.38,0.36
2011.03.14 03:37:46.592,5.59443,5.59642,1.38,0.36
2011.03.14 03:37:47.139,5.59424,5.59622,1.38,0.36
2011.03.14 03:37:47.470,5.59424,5.59643,1.38,0.36
2011.03.14 03:37:49.389,5.59424,5.59622,1.38,0.36
2011.03.14 03:37:49.613,5.59424,5.59643,1.38,0.36
2011.03.14 03:37:49.940,5.59426,5.59622,1.38,0.36
2011.03.14 03:37:50.160,5.59425,5.59642,1.38,0.36
2011.03.14 03:37:58.443,5.59389,5.59572,1.38,0.36
2011.03.14 03:37:58.552,5.59389,5.59623,1.38,0.36
2011.03.14 03:37:58.660,5.59407,5.59623,1.38,0.36
2011.03.14 03:38:01.630,5.59418,5.59623,1.38,0.36
2011.03.14 03:38:04.201,5.59431,5.59622,1.38,0.36
2011.03.14 03:38:04.876,5.59431,5.59643,1.38,0.36
2011.03.14 03:38:07.999,5.59438,5.59643,1.38,0.36
2011.03.14 03:38:15.921,5.59438,5.59662,1.38,0.36
2011.03.14 03:38:16.030,5.59455,5.59662,1.38,0.36
2011.03.14 03:38:16.703,5.59442,5.59642,1.38,0.36
2011.03.14 03:38:51.200,5.59455,5.59663,1.38,0.36
2011.03.14 03:38:51.420,5.59455,5.59683,1.38,0.36
2011.03.14 03:38:51.959,5.59478,5.59683,1.38,0.36
2011.03.14 03:38:52.340,5.59478,5.59702,1.38,0.36
2011.03.14 03:38:52.449,5.59494,5.59702,1.38,0.36
2011.03.14 03:38:52.781,5.5953,5.59742,1.38,0.36
2011.03.14 03:38:53.220,5.59552,5.59763,1.38,0.36
2011.03.14 03:38:54.571,5.59535,5.59742,1.38,0.36
2011.03.14 03:38:55.206,5.59527,5.59743,1.38,0.36
2011.03.14 03:38:55.540,5.59514,5.59723,1.38,0.36
2011.03.14 03:38:57.510,5.59515,5.59723,1.38,0.36
2011.03.14 03:39:06.923,5.59533,5.59743,1.38,0.36
2011.03.14 03:39:07.471,5.59533,5.59742,1.38,0.36
2011.03.14 03:39:12.552,5.59533,5.59703,1.38,0.36
2011.03.14 03:39:12.662,5.59529,5.59703,1.38,0.36
2011.03.14 03:39:12.772,5.59527,5.59742,1.38,0.36
2011.03.14 03:39:13.134,5.59527,5.59742,1.38,0.36
2011.03.14 03:39:13.461,5.59518,5.59723,1.38,0.36
2011.03.14 03:39:13.572,5.59531,5.59742,1.38,0.36
2011.03.14 03:39:13.682,5.59531,5.59742,1.38,0.36
2011.03.14 03:39:14.011,5.59531,5.59723,1.38,0.36
2011.03.14 03:39:14.231,5.59523,5.59723,1.38,0.36
2011.03.14 03:39:14.890,5.59523,5.59723,1.38,0.36
2011.03.14 03:39:15.524,5.59523,5.59742,1.38,0.36
2011.03.14 03:39:16.162,5.59532,5.59742,1.38,0.36
2011.03.14 03:39:16.490,5.59516,5.59722,1.38,0.36
2011.03.14 03:39:20.791,5.59516,5.59742,1.38,0.36
2011.03.14 03:39:21.011,5.59529,5.59742,1.38,0.36
2011.03.14 03:39:59.532,5.59529,5.59762,1.38,0.36
2011.03.14 03:39:59.645,5.59547,5.59762,1.38,0.36
2011.03.14 03:40:36.163,5.59558,5.59782,1.38,0.36
2011.03.14 03:40:36.382,5.59558,5.59763,1.38,0.36
2011.03.14 03:40:36.493,5.59558,5.59782,1.38,0.36
2011.03.14 03:40:36.601,5.59558,5.59762,1.38,0.36
2011.03.14 03:40:37.043,5.59549,5.59762,1.38,0.36
2011.03.14 03:40:37.591,5.59549,5.59762,1.38,0.36
2011.03.14 03:40:41.231,5.59535,5.59742,1.38,0.36
2011.03.14 03:40:42.271,5.59535,5.59762,1.38,0.36
2011.03.14 03:40:43.031,5.59542,5.59762,1.38,0.36
2011.03.14 03:40:45.111,5.59542,5.59762,1.38,0.36
2011.03.14 03:40:45.462,5.59535,5.59742,1.38,0.36
2011.03.14 03:41:07.069,5.59493,5.59702,1.38,0.36
2011.03.14 03:41:07.182,5.59493,5.59702,1.38,0.36
2011.03.14 03:41:11.878,5.59493,5.59702,1.38,0.36
2011.03.14 03:41:14.533,5.59493,5.59722,1.38,0.36
2011.03.14 03:41:14.643,5.59493,5.59683,1.38,0.36
2011.03.14 03:41:14.752,5.59493,5.59683,1.38,0.36
2011.03.14 03:41:14.972,5.59475,5.59682,1.38,0.36
2011.03.14 03:41:25.231,5.59472,5.59683,1.38,0.36
2011.03.14 03:41:25.342,5.59472,5.59683,1.38,0.36
2011.03.14 03:41:35.452,5.59472,5.59723,1.38,0.36
2011.03.14 03:41:35.561,5.59472,5.59723,1.38,0.36
2011.03.14 03:41:42.372,5.59494,5.59703,1.38,0.36
2011.03.14 03:42:04.012,5.59494,5.59702,1.38,0.36
2011.03.14 03:42:04.341,5.59501,5.59702,1.38,0.36
2011.03.14 03:42:07.172,5.59501,5.59723,1.38,0.36
2011.03.14 03:42:07.392,5.59513,5.59723,1.38,0.36
2011.03.14 03:42:13.082,5.59513,5.59702,1.38,0.36
2011.03.14 03:42:13.301,5.59504,5.59702,1.38,0.36
2011.03.14 03:42:15.655,5.59497,5.59702,1.38,0.36
2011.03.14 03:42:15.872,5.59497,5.59683,1.38,0.36
2011.03.14 03:42:16.202,5.59464,5.59662,1.38,0.36
2011.03.14 03:42:16.313,5.59443,5.59662,1.38,0.36
2011.03.14 03:42:16.423,5.59443,5.59643,1.38,0.36
2011.03.14 03:42:17.262,5.59443,5.59623,1.38,0.36
2011.03.14 03:42:17.713,5.59426,5.59623,1.38,0.36
2011.03.14 03:42:19.061,5.59437,5.59642,1.38,0.36
2011.03.14 03:42:19.703,5.59437,5.59622,1.38,0.36
2011.03.14 03:42:19.922,5.59425,5.59642,1.38,0.36
2011.03.14 03:42:20.033,5.59425,5.59622,1.38,0.36
2011.03.14 03:42:21.861,5.59425,5.59643,1.38,0.36
2011.03.14 03:42:22.082,5.59436,5.59643,1.38,0.36
2011.03.14 03:42:22.413,5.59436,5.59662,1.38,0.36
2011.03.14 03:42:22.522,5.59454,5.59662,1.38,0.36
2011.03.14 03:42:22.961,5.59441,5.59662,1.38,0.36
2011.03.14 03:42:23.778,5.59441,5.59662,1.38,0.36
2011.03.14 03:42:24.001,5.59452,5.59662,1.38,0.36
2011.03.14 03:42:28.762,5.59452,5.59682,1.38,0.36
2011.03.14 03:42:29.094,5.59471,5.59682,1.38,0.36
2011.03.14 03:42:32.833,5.59491,5.59722,1.38,0.36
2011.03.14 03:42:32.942,5.59491,5.59722,1.38,0.36
2011.03.14 03:42:33.271,5.59491,5.59703,1.38,0.36
2011.03.14 03:42:33.603,5.59488,5.59742,1.38,0.36
2011.03.14 03:42:33.900,5.59488,5.59702,1.38,0.36
2011.03.14 03:42:34.122,5.59507,5.59723,1.38,0.36
2011.03.14 03:42:34.543,5.59494,5.59703,1.38,0.36
2011.03.14 03:42:37.982,5.59481,5.59683,1.38,0.36
2011.03.14 03:42:38.092,5.5948,5.59683,1.38,0.36
2011.03.14 03:42:38.201,5.5948,5.59703,1.38,0.36
2011.03.14 03:42:38.751,5.59492,5.59703,1.38,0.36
2011.03.14 03:43:00.255,5.5951,5.59723,1.38,0.36
2011.03.14 03:43:13.763,5.5951,5.59783,1.38,0.36
2011.03.14 03:43:13.872,5.5953,5.59783,1.38,0.36
2011.03.14 03:43:17.682,5.59566,5.59783,1.38,0.36
2011.03.14 03:43:33.451,5.59572,5.59783,1.38,0.36
2011.03.14 03:43:50.692,5.59572,5.59783,1.38,0.36
2011.03.14 03:43:50.802,5.59594,5.59803,1.38,0.36
2011.03.14 03:44:08.852,5.59594,5.59802,1.38,0.36
2011.03.14 03:44:09.074,5.5958,5.59803,1.38,0.36
2011.03.14 03:44:09.182,5.5958,5.59762,1.38,0.36
2011.03.14 03:44:10.333,5.59561,5.59762,1.38,0.36
2011.03.14 03:44:11.893,5.5954,5.59763,1.38,0.36
2011.03.14 03:44:12.003,5.59538,5.59763,1.38,0.36
2011.03.14 03:44:12.112,5.59538,5.59723,1.38,0.36
2011.03.14 03:44:12.223,5.59516,5.59723,1.38,0.36
2011.03.14 03:44:14.502,5.59498,5.59723,1.38,0.36
2011.03.14 03:44:27.082,5.59498,5.59722,1.38,0.36
2011.03.14 03:44:27.713,5.59498,5.59723,1.38,0.36
2011.03.14 03:44:27.822,5.59498,5.59723,1.38,0.36
2011.03.14 03:44:28.862,5.59519,5.59702,1.38,0.36
2011.03.14 03:44:29.191,5.59519,5.59723,1.38,0.36
2011.03.14 03:44:29.411,5.5951,5.59723,1.38,0.36
2011.03.14 03:44:29.522,5.5951,5.59702,1.38,0.36
2011.03.14 03:44:29.633,5.59503,5.59682,1.38,0.36
2011.03.14 03:44:29.742,5.59481,5.59682,1.38,0.36
2011.03.14 03:44:44.787,5.59481,5.59662,1.38,0.36
2011.03.14 03:44:44.903,5.59477,5.59683,1.38,0.36
2011.03.14 03:44:49.591,5.59495,5.59683,1.38,0.36
2011.03.14 03:44:49.702,5.59495,5.59723,1.38,0.36
2011.03.14 03:44:57.442,5.59495,5.59722,1.38,0.36
2011.03.14 03:45:02.362,5.59495,5.59762,1.38,0.36
2011.03.14 03:45:02.474,5.59555,5.59762,0.63,0.36
2011.03.14 03:45:03.683,5.59561,5.59783,1.38,0.36
2011.03.14 03:45:04.013,5.5952,5.59723,1.38,0.36
2011.03.14 03:45:04.233,5.5952,5.59723,1.38,0.36
2011.03.14 03:45:07.563,5.59533,5.59762,1.38,0.36
2011.03.14 03:45:07.784,5.59533,5.59782,1.38,0.36
2011.03.14 03:45:07.893,5.59587,5.59782,0.63,0.36
2011.03.14 03:45:08.222,5.59591,5.59803,1.38,0.36
2011.03.14 03:45:22.182,5.59591,5.59782,1.38,0.36
2011.03.14 03:45:26.792,5.59591,5.59803,1.38,0.36
2011.03.14 03:46:03.447,5.59591,5.59803,1.38,0.36
2011.03.14 03:46:27.001,5.5959,5.59981,1.38,1.13
2011.03.14 03:46:57.980,5.5959,5.5996,1.38,1.13
2011.03.14 03:47:03.830,5.5959,5.5996,1.38,1.13
2011.03.14 03:47:03.950,5.5959,5.5996,1.38,1.13
2011.03.14 03:47:07.531,5.5959,5.5996,1.38,1.50
2011.03.14 03:47:07.642,5.59571,5.59937,1.38,1.50
2011.03.14 03:47:07.752,5.59571,5.59783,1.38,0.36
2011.03.14 03:47:07.862,5.59589,5.59822,1.38,0.36
2011.03.14 03:47:10.952,5.59596,5.59802,1.38,0.36
2011.03.14 03:47:24.052,5.59596,5.59783,1.38,0.36
2011.03.14 03:47:24.381,5.59578,5.59783,1.38,0.36
2011.03.14 03:48:25.467,5.59577,5.59953,1.38,2.63
2011.03.14 03:48:43.482,5.59577,5.59922,1.38,2.63
2011.03.14 03:48:46.764,5.59577,5.59922,1.38,2.63
2011.03.14 03:48:46.981,5.59577,5.59922,1.38,3.00
2011.03.14 03:48:49.990,5.59577,5.59922,1.38,2.63
2011.03.14 03:48:55.261,5.59577,5.59823,1.38,0.36
2011.03.14 03:48:55.591,5.59605,5.59823,1.38,0.36
2011.03.14 03:48:57.622,5.59605,5.59802,1.38,0.36
2011.03.14 03:48:58.432,5.59597,5.59802,1.38,0.36
2011.03.14 03:49:01.462,5.59588,5.59802,1.38,0.36
2011.03.14 03:49:06.323,5.59588,5.59782,1.38,0.36
2011.03.14 03:49:06.432,5.5958,5.59782,1.38,0.36
2011.03.14 03:49:09.042,5.5958,5.59823,1.38,0.36
2011.03.14 03:49:09.152,5.59605,5.59823,1.38,0.36
2011.03.14 03:49:10.132,5.59605,5.59802,1.38,0.36
2011.03.14 03:49:10.352,5.59594,5.59802,1.38,0.36
2011.03.14 03:49:31.404,5.59594,5.59822,1.38,0.36
2011.03.14 03:49:31.513,5.59605,5.59822,1.38,0.36
2011.03.14 03:49:33.772,5.59605,5.59803,1.38,0.36
2011.03.14 03:49:34.284,5.59595,5.59803,1.38,0.36
2011.03.14 03:50:00.952,5.59595,5.59803,1.38,0.36
2011.03.14 03:50:34.315,5.59603,5.59983,1.38,2.63
2011.03.14 03:50:37.384,5.59603,5.59962,1.38,2.63
2011.03.14 03:50:43.665,5.59603,5.59963,1.38,2.63
2011.03.14 03:50:49.385,5.59603,5.59963,1.38,2.63
2011.03.14 03:50:51.218,5.59603,5.59963,1.38,2.63
2011.03.14 03:50:51.552,5.59586,5.59803,1.38,0.36
2011.03.14 03:50:54.673,5.59577,5.59783,1.38,0.36
2011.03.14 03:51:11.263,5.59577,5.59802,1.38,0.36
2011.03.14 03:51:11.483,5.59592,5.59802,1.38,0.36
2011.03.14 03:51:12.032,5.59591,5.59802,1.38,0.36
2011.03.14 03:51:12.363,5.59577,5.59782,1.38,0.36
2011.03.14 03:51:14.883,5.59577,5.59803,1.38,0.36
2011.03.14 03:51:14.992,5.59591,5.59803,1.38,0.36
2011.03.14 03:52:03.453,5.59591,5.59823,1.38,0.36
2011.03.14 03:52:03.563,5.59607,5.59802,1.38,0.36
2011.03.14 03:52:03.782,5.59607,5.59822,1.38,0.36
2011.03.14 03:52:12.053,5.59607,5.59843,1.38,0.36
2011.03.14 03:52:12.163,5.59607,5.59843,1.38,0.36
2011.03.14 03:52:12.494,5.59634,5.59843,1.38,0.36
2011.03.14 03:52:13.185,5.59635,5.59843,1.38,0.36
2011.03.14 03:52:13.693,5.59627,5.59843,1.38,0.36
2011.03.14 03:52:30.774,5.59627,5.59822,1.38,0.36
2011.03.14 03:52:31.643,5.59627,5.59843,1.38,0.36
2011.03.14 03:52:31.864,5.59649,5.59863,1.38,0.36
2011.03.14 03:52:32.304,5.59649,5.59882,1.38,0.36
2011.03.14 03:52:32.412,5.59663,5.59882,1.38,0.36
2011.03.14 03:52:32.982,5.59676,5.59882,1.38,0.36
2011.03.14 03:52:33.904,5.59676,5.59903,1.38,0.36
2011.03.14 03:52:34.013,5.59683,5.59903,1.38,0.36
2011.03.14 03:52:34.344,5.59683,5.59882,1.38,0.36
2011.03.14 03:52:34.783,5.59683,5.59882,1.38,0.36
2011.03.14 03:52:34.892,5.59683,5.59862,1.38,0.36
2011.03.14 03:52:42.172,5.59669,5.59862,1.38,0.36
2011.03.14 03:52:45.934,5.59657,5.59883,1.38,0.36
2011.03.14 03:52:46.263,5.59657,5.59883,1.38,0.36
2011.03.14 03:52:54.534,5.59691,5.59903,1.38,0.36
2011.03.14 03:52:54.644,5.59691,5.59882,1.38,0.36
2011.03.14 03:52:54.754,5.59691,5.59903,1.38,0.36
2011.03.14 03:53:00.812,5.59691,5.59922,1.38,0.36
2011.03.14 03:53:00.931,5.59731,5.59942,1.38,0.36
2011.03.14 03:53:08.823,5.59731,5.59942,1.38,0.36
2011.03.14 03:53:09.153,5.59763,5.59963,1.38,0.36
2011.03.14 03:53:09.264,5.59763,5.60002,1.38,0.36
2011.03.14 03:53:09.813,5.59778,5.60003,1.38,0.36
2011.03.14 03:53:11.283,5.59778,5.60003,1.38,0.36
2011.03.14 03:53:12.344,5.59788,5.60003,1.38,0.36
2011.03.14 03:53:12.565,5.59778,5.60003,1.38,0.36
2011.03.14 03:53:13.113,5.59791,5.60002,1.38,0.36
2011.03.14 03:53:13.476,5.59763,5.59962,1.38,0.36
2011.03.14 03:53:24.006,5.59758,5.59962,1.38,0.36
2011.03.14 03:53:24.115,5.59777,5.59962,1.38,0.36
2011.03.14 03:53:24.225,5.59777,5.60002,1.38,0.36
2011.03.14 03:53:24.664,5.59793,5.60002,1.38,0.36
2011.03.14 03:53:28.613,5.59799,5.60002,1.38,0.36
2011.03.14 03:53:34.963,5.59799,5.60002,1.38,0.36
2011.03.14 03:53:35.184,5.59818,5.60063,1.38,0.36
2011.03.14 03:53:35.294,5.59894,5.60063,0.63,0.36
2011.03.14 03:53:35.404,5.59872,5.60083,1.38,0.36
2011.03.14 03:53:35.623,5.59872,5.60063,1.38,0.36
2011.03.14 03:53:36.263,5.59872,5.60083,1.38,0.36
2011.03.14 03:53:36.382,5.59871,5.60083,1.38,0.36
2011.03.14 03:53:36.772,5.59879,5.60083,1.38,0.36
2011.03.14 03:53:39.674,5.59879,5.60102,1.38,0.36
2011.03.14 03:53:42.253,5.5989,5.60082,1.38,0.36
2011.03.14 03:53:42.583,5.5989,5.60082,1.38,0.36
2011.03.14 03:53:43.655,5.59874,5.60082,1.38,0.36
2011.03.14 03:53:44.314,5.59874,5.60062,1.38,0.36
2011.03.14 03:53:44.424,5.59874,5.60062,1.38,0.36
2011.03.14 03:53:44.535,5.59859,5.60082,1.38,0.36
2011.03.14 03:53:44.864,5.59859,5.60063,1.38,0.36
2011.03.14 03:53:45.304,5.59852,5.60062,1.38,0.36
2011.03.14 03:53:50.547,5.59852,5.60042,1.38,0.36
2011.03.14 03:53:51.068,5.59835,5.60043,1.38,0.36
2011.03.14 03:53:52.094,5.59835,5.60022,1.38,0.36
2011.03.14 03:53:52.202,5.59821,5.60022,1.38,0.36
2011.03.14 03:54:01.216,5.59797,5.60002,1.38,0.36
2011.03.14 03:54:02.793,5.59805,5.60002,1.38,0.36
2011.03.14 03:54:07.143,5.59805,5.60023,1.38,0.36
2011.03.14 03:54:07.254,5.59813,5.60023,1.38,0.36
2011.03.14 03:54:09.162,5.59819,5.60023,1.38,0.36
2011.03.14 03:54:10.843,5.59819,5.60042,1.38,0.36
2011.03.14 03:54:11.393,5.59837,5.60063,1.38,0.36
2011.03.14 03:54:11.503,5.59837,5.60063,1.38,0.36
2011.03.14 03:54:11.833,5.59846,5.60043,1.38,0.36
2011.03.14 03:54:12.992,5.59839,5.60043,1.38,0.36
2011.03.14 03:54:15.362,5.59827,5.60043,1.38,0.36
2011.03.14 03:54:17.303,5.59838,5.60043,1.38,0.36
2011.03.14 03:54:17.412,5.59838,5.60062,1.38,0.36
2011.03.14 03:54:17.633,5.59856,5.60083,1.38,0.36
2011.03.14 03:54:17.743,5.59856,5.60063,1.38,0.36
2011.03.14 03:54:17.963,5.59856,5.60083,1.38,0.36
2011.03.14 03:54:18.402,5.59856,5.60062,1.38,0.36
2011.03.14 03:54:18.622,5.59852,5.60062,1.38,0.36
2011.03.14 03:54:19.136,5.59852,5.60062,1.38,0.36
2011.03.14 03:54:22.833,5.59852,5.60062,1.38,0.36
2011.03.14 03:54:22.946,5.59843,5.60042,1.38,0.36
2011.03.14 03:54:24.644,5.59843,5.60042,1.38,0.36
2011.03.14 03:54:24.752,5.59843,5.60063,1.38,0.36
2011.03.14 03:54:36.133,5.59843,5.60042,1.38,0.36
2011.03.14 03:54:36.354,5.59814,5.60023,1.38,0.36
2011.03.14 03:54:36.684,5.59814,5.60043,1.38,0.36
2011.03.14 03:54:36.793,5.59827,5.60043,1.38,0.36
2011.03.14 03:54:39.532,5.59827,5.60022,1.38,0.36
2011.03.14 03:54:39.752,5.59816,5.60022,1.38,0.36
2011.03.14 03:54:40.706,5.59816,5.60043,1.38,0.36
2011.03.14 03:54:40.815,5.59829,5.60043,1.38,0.36
2011.03.14 03:54:42.383,5.59829,5.60023,1.38,0.36
2011.03.14 03:54:42.712,5.59817,5.60023,1.38,0.36
2011.03.14 03:54:47.945,5.59809,5.60003,1.38,0.36
2011.03.14 03:54:48.055,5.59788,5.60003,1.38,0.36
2011.03.14 03:54:52.434,5.59771,5.60002,1.38,0.36
2011.03.14 03:54:52.542,5.59771,5.60002,1.38,0.36
2011.03.14 03:55:05.533,5.59771,5.60003,1.38,0.36
2011.03.14 03:55:07.364,5.59771,5.59962,1.38,0.36
2011.03.14 03:55:07.583,5.59759,5.59962,1.38,0.36
2011.03.14 03:55:08.363,5.59759,5.59962,1.38,0.36
2011.03.14 03:55:09.444,5.59747,5.59962,1.38,0.36
2011.03.14 03:55:20.603,5.59747,5.59962,1.38,0.36
2011.03.14 03:55:20.933,5.59738,5.59942,1.38,0.36
2011.03.14 03:55:21.264,5.59725,5.59942,1.38,0.36
2011.03.14 03:55:24.053,5.59738,5.59942,1.38,0.36
2011.03.14 03:55:24.164,5.59738,5.59962,1.38,0.36
2011.03.14 03:55:24.735,5.59738,5.59963,1.38,0.36
2011.03.14 03:55:34.752,5.59738,5.59963,1.38,0.36
2011.03.14 03:55:44.704,5.59744,5.59963,1.38,0.36
2011.03.14 03:55:44.923,5.59755,5.59983,1.38,0.36
2011.03.14 03:55:47.662,5.59755,5.59983,1.38,0.36
2011.03.14 03:55:50.753,5.59765,5.60002,1.38,0.36
2011.03.14 03:55:51.193,5.59785,5.60003,1.38,0.36
2011.03.14 03:55:57.657,5.59824,5.60042,1.38,0.36
2011.03.14 03:55:57.983,5.59833,5.60042,1.38,0.36
2011.03.14 03:56:05.323,5.59833,5.60082,1.38,0.36
2011.03.14 03:56:05.763,5.59849,5.60082,1.38,0.36
2011.03.14 03:56:09.996,5.59858,5.60102,1.38,0.36
2011.03.14 03:56:10.217,5.59879,5.60083,1.38,0.36
2011.03.14 03:56:10.897,5.59864,5.60062,1.38,0.36
2011.03.14 03:56:11.007,5.59855,5.60082,1.38,0.36
2011.03.14 03:56:11.444,5.59863,5.60083,1.38,0.36
2011.03.14 03:56:11.834,5.59863,5.60063,1.38,0.36
2011.03.14 03:56:13.934,5.59821,5.60042,1.38,0.36
2011.03.14 03:56:21.034,5.59829,5.60042,1.38,0.36
2011.03.14 03:56:23.786,5.59829,5.60082,1.38,0.36
2011.03.14 03:56:23.895,5.59852,5.60082,1.38,0.36
2011.03.14 03:56:24.307,5.59855,5.60082,1.38,0.36
2011.03.14 03:56:24.854,5.59855,5.60083,1.38,0.36
2011.03.14 03:56:28.194,5.59842,5.60083,1.38,0.36
2011.03.14 03:56:28.304,5.59842,5.60043,1.38,0.36
2011.03.14 03:56:29.845,5.59842,5.60063,1.38,0.36
2011.03.14 03:56:30.066,5.59842,5.60063,1.38,0.36
2011.03.14 03:56:30.616,5.59857,5.60062,1.38,0.36
2011.03.14 03:56:30.725,5.59849,5.60043,1.38,0.36
2011.03.14 03:56:30.834,5.59849,5.60043,1.38,0.36
2011.03.14 03:56:31.055,5.59834,5.60063,1.38,0.36
2011.03.14 03:56:31.354,5.59824,5.60043,1.38,0.36
2011.03.14 03:56:31.685,5.59825,5.60043,1.38,0.36
2011.03.14 03:56:32.476,5.59832,5.60043,1.38,0.36
2011.03.14 03:56:32.915,5.59832,5.60043,1.38,0.36
2011.03.14 03:56:33.026,5.59854,5.60082,1.38,0.36
2011.03.14 03:56:33.575,5.59854,5.60083,1.38,0.36
2011.03.14 03:56:34.675,5.59854,5.60063,1.38,0.36
2011.03.14 03:56:35.005,5.59818,5.60043,1.38,0.36
2011.03.14 03:56:35.114,5.59818,5.60043,1.38,0.36
2011.03.14 03:56:35.443,5.59819,5.60043,1.38,0.36
2011.03.14 03:56:36.685,5.59834,5.60043,1.38,0.36
2011.03.14 03:56:46.264,5.59834,5.60063,1.38,0.36
2011.03.14 03:56:52.354,5.59834,5.60082,1.38,0.36
2011.03.14 03:56:52.685,5.59855,5.60082,1.38,0.36
2011.03.14 03:56:53.276,5.59856,5.60083,1.38,0.36
2011.03.14 03:56:54.755,5.59856,5.60063,1.38,0.36
2011.03.14 03:56:54.865,5.59846,5.60063,1.38,0.36
2011.03.14 03:56:56.864,5.59846,5.60083,1.38,0.36
2011.03.14 03:56:56.974,5.59859,5.60083,1.38,0.36
2011.03.14 03:57:03.165,5.59859,5.60062,1.38,0.36
2011.03.14 03:57:03.385,5.59821,5.60043,1.38,0.36
2011.03.14 03:57:03.715,5.59872,5.60043,0.63,0.36
2011.03.14 03:57:03.825,5.5985,5.60082,1.38,0.36
2011.03.14 03:57:04.154,5.59865,5.60083,1.38,0.36
2011.03.14 03:57:04.704,5.59865,5.60082,1.38,0.36
2011.03.14 03:57:12.864,5.59865,5.60063,1.38,0.36
2011.03.14 03:57:12.975,5.59849,5.60063,1.38,0.36
2011.03.14 03:57:13.084,5.59849,5.60083,1.38,0.36
2011.03.14 03:57:13.195,5.59863,5.60083,1.38,0.36
2011.03.14 03:57:29.874,5.59863,5.60063,1.38,0.36
2011.03.14 03:57:30.094,5.59863,5.60083,1.38,0.36
2011.03.14 03:57:32.317,5.59853,5.60062,1.38,0.36
2011.03.14 03:57:35.775,5.59853,5.60083,1.38,0.36
2011.03.14 03:57:35.995,5.59864,5.60083,1.38,0.36
2011.03.14 03:57:45.035,5.59864,5.60062,1.38,0.36
2011.03.14 03:57:45.144,5.59851,5.60062,1.38,0.36
2011.03.14 03:57:50.865,5.59851,5.60102,1.38,0.36
2011.03.14 03:57:51.195,5.59881,5.60102,1.38,0.36
2011.03.14 03:57:54.195,5.59881,5.60083,1.38,0.36
2011.03.14 03:57:54.527,5.59844,5.60082,1.38,0.36
2011.03.14 03:57:54.855,5.59862,5.60082,1.38,0.36
2011.03.14 03:57:55.545,5.59862,5.60083,1.38,0.36
2011.03.14 03:57:56.205,5.59862,5.60082,1.38,0.36
2011.03.14 03:58:01.966,5.59862,5.60062,1.38,0.36
2011.03.14 03:58:02.186,5.59832,5.60042,1.38,0.36
2011.03.14 03:58:02.297,5.59826,5.60042,1.38,0.36
2011.03.14 03:58:06.057,5.59899,5.60083,0.63,0.36
2011.03.14 03:58:06.384,5.59867,5.60083,1.38,0.36
2011.03.14 03:58:06.605,5.59851,5.60082,1.38,0.36
2011.03.14 03:58:07.154,5.59851,5.60083,1.38,0.36
2011.03.14 03:58:07.374,5.59864,5.60083,1.38,0.36
2011.03.14 03:58:12.935,5.59851,5.60083,1.38,0.36
2011.03.14 03:58:15.564,5.59851,5.60042,1.38,0.36
2011.03.14 03:58:15.784,5.5983,5.60042,1.38,0.36
2011.03.14 03:58:23.094,5.5983,5.60102,1.38,0.36
2011.03.14 03:58:23.205,5.59877,5.60102,1.38,0.36
2011.03.14 03:58:24.115,5.59885,5.60102,1.38,0.36
2011.03.14 03:58:27.615,5.59905,5.60122,1.38,0.36
2011.03.14 03:58:27.725,5.59905,5.60122,1.38,0.36
2011.03.14 03:58:28.067,5.59905,5.60103,1.38,0.36
2011.03.14 03:58:28.179,5.59891,5.60103,1.38,0.36
2011.03.14 03:58:28.517,5.59891,5.60122,1.38,0.36
2011.03.14 03:58:28.735,5.59906,5.60122,1.38,0.36
2011.03.14 03:58:34.106,5.59906,5.60143,1.38,0.36
2011.03.14 03:58:34.435,5.59919,5.60143,1.38,0.36
2011.03.14 03:58:35.017,5.59919,5.60143,1.38,0.36
2011.03.14 03:58:35.236,5.59906,5.60122,1.38,0.36
2011.03.14 03:58:38.235,5.59906,5.60123,1.38,0.36
2011.03.14 03:58:38.349,5.59893,5.60123,1.38,0.36
2011.03.14 03:58:38.467,5.59873,5.60123,1.38,0.36
2011.03.14 03:58:38.576,5.59873,5.60083,1.38,0.36
2011.03.14 03:58:43.636,5.59873,5.60083,1.38,0.36
2011.03.14 03:58:43.855,5.59882,5.60102,1.38,0.36
2011.03.14 03:58:43.966,5.59882,5.60123,1.38,0.36
2011.03.14 03:58:44.075,5.59882,5.60123,1.38,0.36
2011.03.14 03:58:55.277,5.59892,5.60103,1.38,0.36
2011.03.14 03:58:59.896,5.59892,5.60123,1.38,0.36
2011.03.14 03:59:00.005,5.59907,5.60123,1.38,0.36
2011.03.14 03:59:21.236,5.59907,5.60123,1.38,0.36
2011.03.14 03:59:21.346,5.59907,5.60102,1.38,0.36
2011.03.14 03:59:28.477,5.599,5.60103,1.38,0.36
2011.03.14 03:59:30.125,5.59892,5.60083,1.38,0.36
2011.03.14 03:59:30.235,5.59878,5.60083,1.38,0.36
2011.03.14 03:59:30.785,5.59878,5.60082,1.38,0.36
2011.03.14 03:59:41.946,5.59871,5.60082,1.38,0.36
2011.03.14 03:59:47.636,5.59871,5.60103,1.38,0.36
2011.03.14 03:59:47.965,5.59885,5.60103,1.38,0.36
2011.03.14 03:59:48.535,5.59875,5.60082,1.38,0.36
2011.03.14 03:59:48.756,5.59875,5.60123,1.38,0.36
2011.03.14 03:59:49.085,5.59875,5.60102,1.38,0.36
2011.03.14 03:59:53.505,5.59886,5.60083,1.38,0.36
2011.03.14 03:59:53.744,5.59886,5.60083,1.38,0.36
2011.03.14 03:59:56.946,5.59888,5.60083,1.38,0.36
2011.03.14 03:59:57.164,5.59874,5.60083,1.38,0.36
2011.03.14 03:59:59.566,5.59882,5.60103,1.38,0.36
2011.03.14 03:59:59.674,5.59882,5.60103,1.38,0.36
