2010.03.30 17:00:01.069,5.9916,5.9936,2.40,1.00
2010.03.30 17:00:01.175,5.9916,5.9939,2.40,1.00
2010.03.30 17:00:02.876,5.9916,5.994,2.40,1.00
2010.03.30 17:00:05.625,5.9916,5.9939,2.40,1.00
2010.03.30 17:00:06.795,5.9916,5.994,2.40,1.00
2010.03.30 17:00:07.109,5.9916,5.9939,2.40,1.00
2010.03.30 17:00:09.899,5.9916,5.994,2.40,1.00
2010.03.30 17:00:11.066,5.9916,5.9942,2.50,2.40
2010.03.30 17:00:13.191,5.9916,5.994,2.40,1.00
2010.03.30 17:00:19.563,5.9916,5.994,2.40,1.00
2010.03.30 17:00:20.075,5.9916,5.994,2.40,1.00
2010.03.30 17:00:24.919,5.9916,5.9942,2.50,2.40
2010.03.30 17:00:25.012,5.9916,5.9942,2.40,2.40
2010.03.30 17:00:26.907,5.9916,5.9942,2.50,2.40
2010.03.30 17:00:30.779,5.9916,5.9942,2.40,2.40
2010.03.30 17:00:32.827,5.9916,5.9942,2.50,2.40
2010.03.30 17:00:36.026,5.9916,5.9942,2.40,2.40
2010.03.30 17:00:37.218,5.9916,5.994,2.40,1.00
2010.03.30 17:00:37.908,5.9916,5.994,2.40,1.00
2010.03.30 17:00:38.262,5.9916,5.994,2.40,1.00
2010.03.30 17:00:45.163,5.9916,5.9942,2.50,2.40
2010.03.30 17:00:46.413,5.9916,5.9942,2.40,2.40
2010.03.30 17:00:47.733,5.9916,5.9942,2.40,2.40
2010.03.30 17:00:47.900,5.9916,5.9942,2.50,2.40
2010.03.30 17:00:52.811,5.9916,5.9942,2.40,2.40
2010.03.30 17:00:54.152,5.9916,5.9942,2.50,2.40
2010.03.30 17:00:55.033,5.992,5.9942,1.00,2.40
2010.03.30 17:00:55.180,5.992,5.9942,1.00,2.40
2010.03.30 17:00:55.385,5.9921,5.9948,2.40,1.00
2010.03.30 17:00:59.044,5.99215,5.9948,1.60,1.00
2010.03.30 17:00:59.259,5.9921,5.9948,2.40,1.00
2010.03.30 17:01:01.749,5.9921,5.9945,2.40,1.00
2010.03.30 17:01:03.519,5.9921,5.9944,2.40,1.00
2010.03.30 17:01:03.947,5.9921,5.9945,2.40,1.00
2010.03.30 17:01:04.452,5.9921,5.9944,2.40,1.00
2010.03.30 17:01:07.618,5.9921,5.9945,2.40,1.00
2010.03.30 17:01:07.899,5.9921,5.995,2.40,2.50
2010.03.30 17:01:08.371,5.99235,5.995,1.60,2.50
2010.03.30 17:01:09.781,5.9921,5.995,2.40,2.50
2010.03.30 17:01:09.927,5.9924,5.995,1.00,2.50
2010.03.30 17:01:10.288,5.9924,5.995,1.70,2.50
2010.03.30 17:01:11.503,5.9925,5.995,1.00,2.40
2010.03.30 17:01:12.049,5.9929,5.9954,2.40,1.00
2010.03.30 17:01:12.316,5.9929,5.9954,2.40,1.00
2010.03.30 17:01:15.203,5.9933,5.9956,1.00,2.40
2010.03.30 17:01:16.920,5.9929,5.9956,2.50,2.40
2010.03.30 17:01:18.266,5.9929,5.9954,2.50,1.00
2010.03.30 17:01:20.291,5.9929,5.9956,2.50,2.40
2010.03.30 17:01:26.753,5.9933,5.9956,1.00,2.40
2010.03.30 17:01:26.897,5.9938,5.9962,2.40,1.00
2010.03.30 17:01:29.558,5.9941,5.9964,1.00,2.40
2010.03.30 17:01:32.265,5.9938,5.9964,2.50,2.40
2010.03.30 17:01:33.642,5.99385,5.9964,1.60,2.40
2010.03.30 17:01:33.973,5.9938,5.9964,2.50,2.40
2010.03.30 17:01:34.306,5.99385,5.9964,1.60,2.40
2010.03.30 17:01:34.791,5.9938,5.9964,2.40,2.40
2010.03.30 17:01:35.129,5.99385,5.9964,1.60,2.40
2010.03.30 17:01:35.950,5.99405,5.9964,1.60,2.40
2010.03.30 17:01:36.110,5.9947,5.997,2.40,1.00
2010.03.30 17:01:36.562,5.9947,5.9972,2.40,2.40
2010.03.30 17:01:37.793,5.9947,5.9971,2.40,1.00
2010.03.30 17:01:38.783,5.9947,5.997,2.40,1.00
2010.03.30 17:01:39.729,5.9947,5.9972,2.50,2.50
2010.03.30 17:01:40.550,5.9948,5.9972,1.00,2.40
2010.03.30 17:01:41.357,5.9952,5.9972,1.00,2.40
2010.03.30 17:01:41.563,5.9952,5.9979,2.40,2.50
2010.03.30 17:01:41.757,5.9952,5.9979,2.50,2.40
2010.03.30 17:01:42.239,5.9952,5.9979,2.40,2.50
2010.03.30 17:02:06.137,5.9952,5.9979,2.50,2.40
2010.03.30 17:02:07.022,5.99525,5.9979,1.60,2.40
2010.03.30 17:02:19.570,5.9952,5.9979,2.50,2.40
2010.03.30 17:02:19.725,5.9956,5.9979,1.00,2.40
2010.03.30 17:02:21.922,5.9961,5.9986,2.50,2.50
2010.03.30 17:02:29.526,5.9961,5.9985,2.40,1.00
2010.03.30 17:02:30.229,5.9961,5.9984,2.40,1.00
2010.03.30 17:02:32.829,5.9961,5.9981,2.40,1.00
2010.03.30 17:02:36.195,5.99525,5.998,1.60,1.00
2010.03.30 17:02:36.907,5.9952,5.998,2.50,1.00
2010.03.30 17:02:38.256,5.9952,5.9979,2.40,1.00
2010.03.30 17:02:40.284,5.9955,5.998,1.00,1.00
2010.03.30 17:02:40.560,5.99535,5.9979,1.60,1.00
2010.03.30 17:02:40.839,5.99525,5.9979,1.60,1.00
2010.03.30 17:02:44.919,5.99535,5.9979,1.60,1.00
2010.03.30 17:02:45.250,5.9955,5.998,1.00,1.00
2010.03.30 17:02:45.578,5.99525,5.9979,1.60,1.00
2010.03.30 17:02:51.045,5.9952,5.9976,2.40,1.00
2010.03.30 17:03:19.110,5.9955,5.998,1.00,1.00
2010.03.30 17:03:22.715,5.99525,5.9979,1.60,1.00
2010.03.30 17:03:24.386,5.9952,5.9979,2.40,1.00
2010.03.30 17:03:29.802,5.9955,5.998,1.00,1.00
2010.03.30 17:03:29.873,5.9955,5.998,1.00,1.00
2010.03.30 17:03:30.267,5.99535,5.9979,1.60,1.00
2010.03.30 17:03:30.314,5.9955,5.998,1.00,1.00
2010.03.30 17:03:30.858,5.99535,5.9979,1.60,1.00
2010.03.30 17:03:31.206,5.9955,5.998,1.00,1.00
2010.03.30 17:03:32.466,5.99535,5.9979,1.60,1.00
2010.03.30 17:03:32.644,5.9955,5.998,1.00,1.00
2010.03.30 17:03:36.152,5.99535,5.9979,1.60,1.00
2010.03.30 17:03:36.293,5.9955,5.998,1.00,1.00
2010.03.30 17:03:37.872,5.99535,5.9979,1.60,1.00
2010.03.30 17:03:38.184,5.9955,5.998,1.00,1.00
2010.03.30 17:03:39.018,5.9952,5.9976,2.40,1.00
2010.03.30 17:04:29.870,5.9952,5.9979,2.40,1.00
2010.03.30 17:04:30.050,5.9955,5.998,1.00,1.00
2010.03.30 17:04:31.940,5.9956,5.9981,1.00,2.40
2010.03.30 17:04:34.303,5.9961,5.9985,2.40,1.00
2010.03.30 17:04:35.543,5.9961,5.9984,2.40,1.00
2010.03.30 17:04:43.739,5.9961,5.9985,2.40,1.00
2010.03.30 17:04:43.996,5.9961,5.9984,2.40,1.00
2010.03.30 17:04:51.826,5.9961,5.998,2.40,1.00
2010.03.30 17:05:01.303,5.9956,5.9979,1.00,1.00
2010.03.30 17:05:01.591,5.9953,5.9976,2.40,1.00
2010.03.30 17:05:05.865,5.9953,5.9975,2.40,1.00
2010.03.30 17:05:11.310,5.9953,5.9976,2.40,1.00
2010.03.30 17:05:11.619,5.9953,5.9976,2.40,1.00
2010.03.30 17:05:24.660,5.9953,5.9979,2.40,1.00
2010.03.30 17:05:24.880,5.9955,5.998,1.00,1.00
2010.03.30 17:05:30.783,5.9953,5.9979,2.40,1.00
2010.03.30 17:05:42.808,5.9955,5.998,1.00,1.00
2010.03.30 17:05:44.112,5.9956,5.9982,1.00,2.40
2010.03.30 17:05:49.508,5.996,5.9982,1.00,2.40
2010.03.30 17:05:49.555,5.9961,5.9985,2.40,1.00
2010.03.30 17:05:49.584,5.9961,5.9985,2.40,1.00
2010.03.30 17:05:50.087,5.9961,5.9984,2.40,1.00
2010.03.30 17:05:52.440,5.9961,5.9985,2.40,1.00
2010.03.30 17:05:57.516,5.9961,5.9984,2.40,1.00
2010.03.30 17:05:58.599,5.9961,5.9985,2.40,1.00
2010.03.30 17:06:16.316,5.9961,5.99825,2.40,1.60
2010.03.30 17:06:22.344,5.9961,5.99835,2.40,1.60
2010.03.30 17:06:28.609,5.9961,5.99805,2.40,1.60
2010.03.30 17:06:29.523,5.9949,5.9976,2.40,2.40
2010.03.30 17:06:33.295,5.9951,5.9975,2.40,1.00
2010.03.30 17:06:33.729,5.9943,5.9971,2.40,2.40
2010.03.30 17:06:37.823,5.9943,5.997,2.40,1.00
2010.03.30 17:06:39.966,5.9943,5.9971,2.40,2.40
2010.03.30 17:07:07.501,5.9943,5.997,2.40,1.00
2010.03.30 17:07:30.220,5.9943,5.9971,2.40,2.40
2010.03.30 17:07:33.099,5.9945,5.9971,1.00,2.40
2010.03.30 17:07:40.835,5.9943,5.9971,2.60,2.40
2010.03.30 17:07:41.693,5.9943,5.9971,2.40,2.40
2010.03.30 17:07:48.663,5.9943,5.99705,2.40,1.60
2010.03.30 17:07:51.154,5.9943,5.9971,2.40,2.40
2010.03.30 17:07:51.292,5.9943,5.9971,2.40,2.50
2010.03.30 17:07:51.430,5.9943,5.9971,2.40,2.40
2010.03.30 17:07:51.648,5.9943,5.9971,2.40,2.50
2010.03.30 17:07:51.805,5.9943,5.9971,2.40,2.40
2010.03.30 17:07:58.307,5.9943,5.99705,2.40,1.60
2010.03.30 17:08:00.772,5.9943,5.9971,2.40,2.40
2010.03.30 17:08:02.826,5.9943,5.9971,2.40,2.50
2010.03.30 17:08:04.440,5.9943,5.9971,2.40,2.40
2010.03.30 17:08:04.879,5.9946,5.9971,1.00,2.40
2010.03.30 17:08:05.480,5.9945,5.9971,1.00,2.40
2010.03.30 17:08:06.262,5.9943,5.9971,2.40,2.40
2010.03.30 17:08:07.237,5.9945,5.9971,1.00,2.40
2010.03.30 17:08:09.416,5.9943,5.9971,2.40,2.40
2010.03.30 17:08:09.737,5.9945,5.9971,1.00,2.40
2010.03.30 17:08:10.189,5.99435,5.9971,1.00,2.40
2010.03.30 17:08:10.294,5.9945,5.9971,1.00,2.40
2010.03.30 17:08:11.133,5.9943,5.9971,2.40,2.40
2010.03.30 17:08:12.347,5.9945,5.9971,1.00,2.40
2010.03.30 17:08:12.505,5.9945,5.9971,1.00,2.40
2010.03.30 17:08:12.846,5.9943,5.9971,2.40,2.40
2010.03.30 17:08:13.866,5.9943,5.9967,2.40,1.00
2010.03.30 17:08:17.178,5.9943,5.997,2.40,1.00
2010.03.30 17:08:17.441,5.9943,5.99705,2.40,1.60
2010.03.30 17:08:17.699,5.9943,5.9971,2.40,2.40
2010.03.30 17:08:18.494,5.9943,5.997,2.40,1.00
2010.03.30 17:08:18.760,5.9943,5.9971,2.40,2.40
2010.03.30 17:08:23.724,5.9943,5.997,2.40,1.00
2010.03.30 17:08:23.910,5.9943,5.9971,2.40,2.40
2010.03.30 17:08:31.207,5.9943,5.997,2.40,1.00
2010.03.30 17:08:31.330,5.9943,5.9971,2.40,2.40
2010.03.30 17:08:32.208,5.9943,5.997,2.40,1.00
2010.03.30 17:08:32.342,5.9943,5.9971,2.40,2.40
2010.03.30 17:08:41.021,5.9943,5.99705,2.40,1.60
2010.03.30 17:08:41.322,5.9943,5.9967,2.40,1.00
2010.03.30 17:08:41.630,5.9936,5.9965,2.40,2.40
2010.03.30 17:08:45.004,5.9936,5.9965,2.50,2.40
2010.03.30 17:08:48.638,5.9937,5.9965,1.00,2.40
2010.03.30 17:08:48.948,5.9937,5.9965,1.00,2.40
2010.03.30 17:09:00.388,5.9942,5.9965,1.00,2.40
2010.03.30 17:09:00.770,5.9945,5.9974,2.50,2.40
2010.03.30 17:09:22.649,5.9946,5.9974,1.00,2.40
2010.03.30 17:09:22.842,5.995,5.9974,1.00,2.40
2010.03.30 17:09:23.041,5.9954,5.9979,2.40,2.40
2010.03.30 17:09:29.217,5.9954,5.9979,2.40,2.50
2010.03.30 17:09:31.342,5.9954,5.9979,2.40,2.40
2010.03.30 17:09:45.829,5.9954,5.9979,2.40,2.50
2010.03.30 17:10:01.107,5.9954,5.9976,2.40,1.00
2010.03.30 17:10:05.031,5.9954,5.9979,2.40,2.40
2010.03.30 17:10:23.815,5.9954,5.9979,2.40,2.50
2010.03.30 17:10:24.353,5.9954,5.9976,2.40,1.00
2010.03.30 17:11:14.775,5.9954,5.9975,2.40,1.00
2010.03.30 17:11:14.821,5.9945,5.9972,2.40,1.00
2010.03.30 17:11:15.152,5.9945,5.9974,2.40,2.40
2010.03.30 17:11:15.541,5.9945,5.9974,2.40,2.50
2010.03.30 17:11:16.392,5.9945,5.9974,2.50,2.40
2010.03.30 17:11:18.559,5.9945,5.9974,2.40,2.50
2010.03.30 17:11:18.712,5.9945,5.9974,2.40,2.40
2010.03.30 17:11:18.864,5.9945,5.9974,2.50,2.40
2010.03.30 17:11:27.999,5.9945,5.9974,2.40,2.50
2010.03.30 17:11:28.210,5.9945,5.9974,2.50,2.40
2010.03.30 17:11:39.120,5.9945,5.9971,2.40,1.00
2010.03.30 17:11:58.363,5.9945,5.997,2.40,1.00
2010.03.30 17:11:58.547,5.9941,5.9966,1.00,2.40
2010.03.30 17:11:58.990,5.994,5.9967,2.40,2.60
2010.03.30 17:12:25.202,5.994,5.9966,2.40,2.50
2010.03.30 17:12:27.147,5.994,5.9963,2.40,1.00
2010.03.30 17:12:27.667,5.994,5.9966,2.40,2.50
2010.03.30 17:12:49.253,5.994,5.9966,2.40,2.40
2010.03.30 17:13:38.646,5.99425,5.9966,1.60,2.40
2010.03.30 17:13:46.390,5.99415,5.9966,1.60,2.40
2010.03.30 17:14:01.263,5.99415,5.9966,1.60,2.50
2010.03.30 17:14:01.351,5.994,5.9966,2.40,2.50
2010.03.30 17:14:11.148,5.99435,5.9966,1.60,2.40
2010.03.30 17:14:11.186,5.99435,5.9966,3.20,2.40
2010.03.30 17:14:11.254,5.99435,5.9966,1.60,2.40
2010.03.30 17:14:11.296,5.9945,5.9969,2.40,1.00
2010.03.30 17:14:15.011,5.9945,5.9973,2.50,1.00
2010.03.30 17:14:17.014,5.9945,5.9969,2.40,1.00
2010.03.30 17:14:24.568,5.9945,5.9973,2.50,1.00
2010.03.30 17:14:26.962,5.9945,5.9969,2.40,1.00
2010.03.30 17:14:31.245,5.9944,5.9962,1.00,2.40
2010.03.30 17:14:31.389,5.99355,5.9962,1.60,2.40
2010.03.30 17:14:56.089,5.9935,5.9962,2.40,2.40
2010.03.30 17:14:57.979,5.99365,5.9962,1.60,2.40
2010.03.30 17:14:58.689,5.99385,5.9962,1.60,2.40
2010.03.30 17:14:59.192,5.99375,5.9962,1.60,2.40
2010.03.30 17:14:59.795,5.99365,5.9962,1.60,2.40
2010.03.30 17:15:08.148,5.9947,5.9966,2.40,1.00
2010.03.30 17:15:08.225,5.9947,5.9973,2.40,1.00
2010.03.30 17:15:21.623,5.9949,5.9975,2.50,2.40
2010.03.30 17:15:21.718,5.9949,5.9975,4.10,2.40
2010.03.30 17:15:25.226,5.9949,5.9975,2.50,2.40
2010.03.30 17:15:42.987,5.99495,5.9975,1.60,2.40
2010.03.30 17:15:43.329,5.9953,5.9975,1.00,2.40
2010.03.30 17:15:44.315,5.9951,5.9975,1.60,2.40
2010.03.30 17:15:44.671,5.9949,5.9975,2.40,2.40
2010.03.30 17:15:46.735,5.9949,5.9975,2.40,2.50
2010.03.30 17:15:50.076,5.9949,5.9972,2.40,1.00
2010.03.30 17:15:51.322,5.994,5.9969,2.40,2.40
2010.03.30 17:15:52.880,5.9941,5.9969,1.00,2.40
2010.03.30 17:15:59.178,5.9942,5.9969,1.00,2.40
2010.03.30 17:15:59.298,5.9941,5.9969,1.00,2.40
2010.03.30 17:15:59.751,5.9942,5.9969,1.00,2.40
2010.03.30 17:16:00.357,5.9941,5.9969,1.00,2.40
2010.03.30 17:16:04.466,5.9942,5.9969,1.00,2.40
2010.03.30 17:16:14.234,5.99415,5.9969,1.60,2.40
2010.03.30 17:16:16.379,5.9941,5.9969,1.00,2.40
2010.03.30 17:16:33.252,5.994,5.9969,2.60,2.40
2010.03.30 17:16:33.519,5.994,5.9969,2.40,2.40
2010.03.30 17:17:37.934,5.9941,5.9969,1.00,2.40
2010.03.30 17:17:50.878,5.9951,5.9978,2.40,1.00
2010.03.30 17:17:52.727,5.9953,5.9978,2.50,1.00
2010.03.30 17:17:56.545,5.9957,5.9979,1.00,2.40
2010.03.30 17:18:02.752,5.9953,5.9979,2.40,2.40
2010.03.30 17:18:04.022,5.9953,5.9977,2.40,1.00
2010.03.30 17:18:04.707,5.9953,5.9976,2.40,1.00
2010.03.30 17:18:04.823,5.9953,5.9976,2.40,1.00
2010.03.30 17:18:09.731,5.9953,5.9979,2.40,2.50
2010.03.30 17:18:09.853,5.9953,5.9976,2.40,1.00
2010.03.30 17:18:14.774,5.9953,5.9979,2.40,2.50
2010.03.30 17:18:15.100,5.9953,5.9976,2.40,1.00
2010.03.30 17:18:24.566,5.9953,5.9977,2.40,1.00
2010.03.30 17:18:28.366,5.9953,5.9979,2.50,2.40
2010.03.30 17:18:28.615,5.9953,5.9977,2.40,1.00
2010.03.30 17:18:29.163,5.9953,5.9979,2.50,2.40
2010.03.30 17:18:29.406,5.9953,5.9977,2.40,1.00
2010.03.30 17:18:43.563,5.9953,5.9979,2.50,2.40
2010.03.30 17:18:46.137,5.9956,5.9979,1.00,2.40
2010.03.30 17:18:52.231,5.9961,5.9986,2.50,1.00
2010.03.30 17:18:52.828,5.9961,5.9985,2.40,1.00
2010.03.30 17:19:20.283,5.9961,5.9986,2.50,1.00
2010.03.30 17:19:23.195,5.9961,5.9985,2.40,1.00
2010.03.30 17:19:25.477,5.9961,5.9981,2.40,1.00
2010.03.30 17:19:29.557,5.9952,5.9977,2.50,1.00
2010.03.30 17:19:33.132,5.9956,5.9981,1.00,2.50
2010.03.30 17:19:33.991,5.9953,5.9981,1.00,2.50
2010.03.30 17:20:01.652,5.9956,5.9981,1.00,2.50
2010.03.30 17:20:16.351,5.9952,5.998,2.50,1.00
2010.03.30 17:20:16.794,5.9952,5.9976,2.40,1.00
2010.03.30 17:20:16.906,5.9952,5.998,2.50,1.00
2010.03.30 17:20:25.708,5.9952,5.998,2.40,1.00
2010.03.30 17:20:26.755,5.9952,5.9979,2.40,1.00
2010.03.30 17:20:48.496,5.9952,5.998,2.40,1.00
2010.03.30 17:20:49.737,5.9952,5.9981,2.40,2.40
2010.03.30 17:20:50.674,5.9961,5.9986,2.40,1.00
2010.03.30 17:20:50.985,5.9961,5.999,2.40,1.00
2010.03.30 17:20:59.776,5.9963,5.9986,2.40,1.00
2010.03.30 17:21:00.400,5.9963,5.999,2.40,1.00
2010.03.30 17:21:00.616,5.9963,5.999,2.40,1.00
2010.03.30 17:21:03.305,5.9966,5.9991,1.00,1.00
2010.03.30 17:21:14.974,5.9964,5.9992,1.60,2.50
2010.03.30 17:21:15.315,5.9958,5.9984,2.40,2.40
2010.03.30 17:21:36.084,5.9958,5.9984,2.50,2.40
2010.03.30 17:21:37.073,5.9958,5.9984,2.40,2.40
2010.03.30 17:21:38.370,5.9958,5.9983,2.40,1.00
2010.03.30 17:21:41.754,5.9958,5.9984,2.40,2.40
2010.03.30 17:21:46.016,5.9958,5.9983,2.40,1.00
2010.03.30 17:21:59.228,5.9958,5.9984,2.40,2.40
2010.03.30 17:22:02.875,5.9958,5.9984,2.50,2.40
2010.03.30 17:22:07.153,5.9958,5.9984,2.40,2.40
2010.03.30 17:22:07.373,5.9958,5.9984,2.50,2.40
2010.03.30 17:22:07.598,5.9958,5.9984,2.40,2.40
2010.03.30 17:22:12.683,5.99575,5.9984,4.20,2.40
2010.03.30 17:22:17.900,5.9963,5.9989,2.40,1.00
2010.03.30 17:22:18.034,5.9963,5.9992,2.50,2.40
2010.03.30 17:22:24.828,5.99635,5.9992,1.60,2.40
2010.03.30 17:22:28.898,5.9963,5.9992,2.50,2.40
2010.03.30 17:22:39.757,5.9963,5.9991,2.40,1.00
2010.03.30 17:22:40.038,5.9963,5.9989,2.40,1.00
2010.03.30 17:22:43.279,5.9963,5.9988,2.40,1.00
2010.03.30 17:22:44.858,5.9963,5.999,2.40,1.00
2010.03.30 17:22:45.046,5.9963,5.9992,2.40,2.40
2010.03.30 17:22:45.772,5.9963,5.9992,2.50,2.40
2010.03.30 17:22:47.044,5.9964,5.9992,1.00,2.40
2010.03.30 17:22:48.814,5.9963,5.999,2.50,1.00
2010.03.30 17:23:08.647,5.9964,5.9992,1.00,2.40
2010.03.30 17:23:08.709,5.9967,5.9992,1.00,2.40
2010.03.30 17:23:21.930,5.9964,5.9992,1.00,2.40
2010.03.30 17:23:22.060,5.9963,5.999,2.50,1.00
2010.03.30 17:23:40.773,5.9967,5.9992,1.00,2.40
2010.03.30 17:24:07.939,5.9968,5.9992,1.00,2.40
2010.03.30 17:24:08.137,5.9971,5.9997,2.40,1.00
2010.03.30 17:24:15.177,5.9971,5.9994,2.40,1.00
2010.03.30 17:24:24.725,5.9971,5.9997,2.40,1.00
2010.03.30 17:24:24.849,5.9972,5.9999,1.00,2.50
2010.03.30 17:24:25.554,5.9971,5.9997,2.40,1.00
2010.03.30 17:24:31.859,5.9972,5.9999,1.00,2.50
2010.03.30 17:24:43.939,5.9972,5.9999,1.00,2.40
2010.03.30 17:24:50.834,5.9979,6.0003,2.40,1.00
2010.03.30 17:25:25.569,5.9979,6.0004,2.50,2.40
2010.03.30 17:25:37.634,5.9979,6.0004,2.40,2.40
2010.03.30 17:25:39.793,5.9979,6.0004,2.40,2.40
2010.03.30 17:25:39.955,5.9979,6.0004,2.50,2.40
2010.03.30 17:25:40.728,5.9979,6.0004,2.40,2.40
2010.03.30 17:25:48.853,5.9979,6.0004,2.50,2.40
2010.03.30 17:25:50.531,5.9979,6.0004,2.40,2.40
2010.03.30 17:25:58.730,5.9979,6.0003,2.40,1.00
2010.03.30 17:25:58.939,5.9974,6.0,1.00,2.40
2010.03.30 17:25:59.974,5.9974,6.0,1.00,2.40
2010.03.30 17:26:04.250,5.9974,6.0,1.00,2.40
2010.03.30 17:26:06.049,5.9974,6.0,1.00,2.40
2010.03.30 17:26:06.172,5.9974,6.0,1.00,2.40
2010.03.30 17:26:06.293,5.9974,6.0,1.00,2.40
2010.03.30 17:26:07.718,5.9974,6.0,1.00,2.40
2010.03.30 17:26:09.036,5.9974,6.0,1.00,2.40
2010.03.30 17:26:15.636,5.9974,6.0,1.00,2.40
2010.03.30 17:26:21.281,5.99745,6.0,1.60,2.40
2010.03.30 17:26:21.393,5.9974,6.0,1.00,2.40
2010.03.30 17:26:29.766,5.99755,6.0,1.60,2.40
2010.03.30 17:26:29.945,5.9978,6.0004,2.50,2.40
2010.03.30 17:26:33.248,5.9978,6.0004,2.40,2.40
2010.03.30 17:26:35.161,5.9978,6.0004,2.40,2.50
2010.03.30 17:26:38.750,5.9978,6.0004,2.50,2.40
2010.03.30 17:26:39.891,5.9978,6.0004,2.40,2.40
2010.03.30 17:26:42.978,5.9978,6.0004,2.40,2.50
2010.03.30 17:26:49.714,5.9978,6.0004,2.40,2.40
2010.03.30 17:26:50.675,5.9978,6.0004,2.50,2.40
2010.03.30 17:26:51.301,5.99785,6.0004,1.60,2.40
2010.03.30 17:26:51.596,5.9978,6.0004,2.50,2.40
2010.03.30 17:26:57.838,5.99785,6.0004,1.60,2.40
2010.03.30 17:26:59.152,5.9978,6.0004,2.50,2.40
2010.03.30 17:26:59.303,5.99785,6.0004,1.60,2.40
2010.03.30 17:26:59.923,5.9982,6.0004,1.00,2.40
2010.03.30 17:27:00.078,5.99805,6.0004,1.60,2.40
2010.03.30 17:27:02.819,5.9982,6.0004,1.00,2.40
2010.03.30 17:27:07.671,5.9984,6.0009,2.40,1.00
2010.03.30 17:27:12.524,5.9984,6.0009,2.40,1.00
2010.03.30 17:27:17.990,5.9984,6.0008,2.40,1.00
2010.03.30 17:27:18.607,5.99765,6.0002,1.60,2.40
2010.03.30 17:27:22.131,5.99795,6.0002,1.60,2.40
2010.03.30 17:27:23.209,5.99785,6.0002,1.60,2.40
2010.03.30 17:27:36.434,5.99775,6.0002,1.60,2.40
2010.03.30 17:27:36.698,5.99765,6.0003,1.60,2.60
2010.03.30 17:27:37.518,5.9976,6.0002,2.40,2.40
2010.03.30 17:27:39.535,5.99765,6.0002,1.60,2.40
2010.03.30 17:27:41.005,5.9976,6.0002,2.40,2.40
2010.03.30 17:27:43.217,5.9976,5.9999,2.40,1.00
2010.03.30 17:27:54.775,5.99785,5.9999,1.60,1.00
2010.03.30 17:27:55.123,5.99775,5.9999,1.60,1.00
2010.03.30 17:27:55.475,5.99775,5.9998,1.60,1.00
2010.03.30 17:27:58.512,5.99775,5.9996,1.60,2.40
2010.03.30 17:27:58.631,5.99765,5.9996,1.60,2.40
2010.03.30 17:27:59.377,5.99745,5.9994,1.60,1.00
2010.03.30 17:28:00.750,5.99735,5.9994,1.60,1.00
2010.03.30 17:28:08.295,5.99715,5.9994,1.60,1.00
2010.03.30 17:28:08.356,5.99695,5.9994,1.60,1.00
2010.03.30 17:28:10.759,5.99675,5.9994,1.60,1.00
2010.03.30 17:28:14.176,5.99675,5.9993,1.60,1.00
2010.03.30 17:28:14.303,5.99675,5.9993,1.60,1.00
2010.03.30 17:28:14.424,5.9961,5.9991,2.40,2.40
2010.03.30 17:28:20.663,5.9961,5.99905,2.40,1.60
2010.03.30 17:28:30.097,5.9961,5.99885,2.40,1.60
2010.03.30 17:28:36.441,5.9961,5.99885,2.60,1.60
2010.03.30 17:28:37.114,5.9962,5.99895,1.00,1.60
2010.03.30 17:28:37.539,5.9963,5.99905,1.00,1.60
2010.03.30 17:28:37.760,5.9961,5.99905,2.60,1.60
2010.03.30 17:28:38.171,5.9961,5.99895,2.60,1.60
2010.03.30 17:28:38.636,5.9961,5.99895,2.40,1.60
2010.03.30 17:28:38.991,5.9961,5.99875,2.40,1.60
2010.03.30 17:28:39.343,5.9961,5.99885,2.40,1.60
2010.03.30 17:28:42.167,5.99595,5.99885,1.00,1.60
2010.03.30 17:28:42.258,5.99595,5.999,1.00,2.40
2010.03.30 17:28:42.528,5.99585,5.9992,1.00,2.60
2010.03.30 17:28:50.694,5.9965,5.9991,2.40,2.40
2010.03.30 17:28:50.824,5.9965,5.99895,2.40,1.60
2010.03.30 17:28:54.283,5.9965,5.99885,2.40,1.60
2010.03.30 17:28:56.734,5.9965,5.99895,2.40,1.60
2010.03.30 17:29:01.073,5.9965,5.9989,2.40,1.00
2010.03.30 17:29:01.399,5.9965,5.99885,2.40,1.60
2010.03.30 17:29:01.581,5.9965,5.99875,2.40,1.60
2010.03.30 17:29:04.314,5.9965,5.9986,2.40,1.00
2010.03.30 17:29:09.103,5.9965,5.99855,2.40,1.60
2010.03.30 17:29:09.663,5.9956,5.99835,2.40,1.60
2010.03.30 17:29:09.935,5.9956,5.9986,2.40,2.40
2010.03.30 17:29:10.202,5.9956,5.9986,2.40,2.50
2010.03.30 17:29:10.473,5.9957,5.9986,1.60,2.40
2010.03.30 17:29:10.802,5.9962,5.9986,1.00,2.40
2010.03.30 17:29:11.091,5.9967,5.9991,2.40,1.00
2010.03.30 17:29:13.284,5.9967,5.99895,2.40,1.00
2010.03.30 17:29:13.680,5.9967,5.9989,2.40,1.00
2010.03.30 17:29:21.521,5.9967,5.9991,2.40,1.00
2010.03.30 17:29:24.039,5.9967,5.999,2.40,1.00
2010.03.30 17:29:24.221,5.9967,5.9992,2.40,2.40
2010.03.30 17:29:25.777,5.9967,5.999,2.40,1.00
2010.03.30 17:29:26.767,5.9967,5.9989,2.40,1.00
2010.03.30 17:29:27.227,5.9967,5.9988,2.40,1.00
2010.03.30 17:29:28.415,5.9967,5.9984,2.40,1.00
2010.03.30 17:29:36.246,5.9962,5.9984,1.00,1.00
2010.03.30 17:29:36.490,5.9962,5.9982,1.00,2.50
2010.03.30 17:29:36.738,5.99475,5.9982,1.00,2.50
2010.03.30 17:29:38.786,5.99495,5.998,1.00,1.00
2010.03.30 17:29:42.192,5.995,5.9982,2.40,1.00
2010.03.30 17:30:02.178,5.9952,5.9982,1.00,1.00
2010.03.30 17:30:02.280,5.9952,5.9983,1.00,2.40
2010.03.30 17:30:17.765,5.99505,5.9983,1.80,2.40
2010.03.30 17:30:17.876,5.99505,5.9983,1.00,2.40
2010.03.30 17:30:20.874,5.99505,5.9982,1.00,1.00
2010.03.30 17:30:20.994,5.995,5.9982,2.40,1.00
2010.03.30 17:30:25.434,5.99505,5.9982,1.00,1.00
2010.03.30 17:30:25.617,5.99525,5.9983,1.00,2.40
2010.03.30 17:30:28.729,5.995,5.9982,2.40,1.00
2010.03.30 17:30:42.933,5.995,5.9982,2.60,1.00
2010.03.30 17:30:45.148,5.995,5.9982,2.40,1.00
2010.03.30 17:30:45.268,5.995,5.998,2.40,1.00
2010.03.30 17:30:45.874,5.995,5.9977,2.40,1.00
2010.03.30 17:30:47.612,5.995,5.9982,2.40,1.00
2010.03.30 17:30:53.515,5.9952,5.9982,1.00,1.00
2010.03.30 17:30:53.656,5.995,5.9982,2.60,1.00
2010.03.30 17:30:59.698,5.9952,5.9982,1.00,1.00
2010.03.30 17:31:00.150,5.995,5.9983,2.60,2.40
2010.03.30 17:31:02.950,5.99535,5.9983,1.00,2.40
2010.03.30 17:31:06.156,5.99565,5.9983,1.00,2.40
2010.03.30 17:31:09.072,5.99545,5.9983,1.00,2.40
2010.03.30 17:31:09.761,5.9953,5.9983,1.00,2.40
2010.03.30 17:31:13.972,5.995,5.9982,2.40,1.00
2010.03.30 17:31:20.674,5.99505,5.9983,1.00,2.40
2010.03.30 17:31:23.534,5.995,5.9983,2.40,2.40
2010.03.30 17:31:23.588,5.995,5.9982,2.40,1.00
2010.03.30 17:31:32.137,5.995,5.998,2.40,1.00
2010.03.30 17:31:37.607,5.995,5.9982,2.40,1.00
2010.03.30 17:31:44.148,5.995,5.998,2.40,1.00
2010.03.30 17:31:57.147,5.995,5.9977,2.40,1.00
2010.03.30 17:31:58.275,5.995,5.998,2.40,1.00
2010.03.30 17:31:58.481,5.995,5.998,2.40,1.00
2010.03.30 17:31:59.385,5.995,5.9982,2.40,1.00
2010.03.30 17:32:05.307,5.995,5.99815,2.40,1.60
2010.03.30 17:32:05.409,5.995,5.9977,2.40,1.00
2010.03.30 17:32:06.644,5.99445,5.9973,1.00,1.00
2010.03.30 17:32:07.236,5.9941,5.9973,2.40,1.00
2010.03.30 17:32:10.417,5.9943,5.9974,1.00,2.40
2010.03.30 17:32:20.909,5.9946,5.9974,1.00,2.40
2010.03.30 17:32:30.940,5.995,5.9982,2.40,1.00
2010.03.30 17:32:31.733,5.995,5.99805,2.40,1.00
2010.03.30 17:32:35.192,5.995,5.9977,2.40,1.00
2010.03.30 17:32:59.369,5.9942,5.9973,2.40,1.00
2010.03.30 17:32:59.729,5.9942,5.99725,2.40,1.60
2010.03.30 17:33:03.493,5.9942,5.9973,2.40,1.00
2010.03.30 17:33:06.114,5.9942,5.99725,2.40,1.60
2010.03.30 17:33:07.442,5.9942,5.9971,2.40,1.00
2010.03.30 17:33:10.199,5.9942,5.99705,2.40,1.60
2010.03.30 17:33:10.453,5.9942,5.99695,2.40,1.60
2010.03.30 17:33:10.719,5.9942,5.99705,2.40,1.60
2010.03.30 17:33:11.251,5.9942,5.99695,2.40,1.60
2010.03.30 17:33:11.936,5.9942,5.99705,2.40,1.60
2010.03.30 17:33:12.788,5.9942,5.99715,2.40,1.60
2010.03.30 17:33:13.238,5.9942,5.99705,2.40,1.60
2010.03.30 17:33:34.583,5.9942,5.99695,2.40,1.60
2010.03.30 17:33:52.383,5.9942,5.99685,2.40,1.60
2010.03.30 17:33:55.792,5.9942,5.99695,2.40,1.60
2010.03.30 17:34:11.360,5.9942,5.99705,2.40,1.60
2010.03.30 17:34:11.838,5.99435,5.99725,1.80,1.60
2010.03.30 17:34:12.396,5.9946,5.9974,1.00,2.40
2010.03.30 17:34:12.672,5.9946,5.99735,1.00,1.60
2010.03.30 17:34:13.815,5.9944,5.99725,1.00,1.60
2010.03.30 17:34:15.206,5.9942,5.99685,2.40,1.60
2010.03.30 17:34:15.406,5.9942,5.99695,2.40,1.60
2010.03.30 17:34:15.606,5.9943,5.99695,1.00,1.60
2010.03.30 17:34:16.757,5.99445,5.99705,1.00,1.60
2010.03.30 17:34:17.863,5.9943,5.99705,1.00,1.60
2010.03.30 17:34:19.110,5.99445,5.99705,1.00,1.60
2010.03.30 17:34:19.217,5.99445,5.99715,1.00,1.60
2010.03.30 17:34:20.667,5.99435,5.99715,1.00,1.60
2010.03.30 17:34:21.625,5.9942,5.99695,2.40,1.60
2010.03.30 17:34:24.259,5.9942,5.99685,2.40,1.60
2010.03.30 17:34:40.403,5.9942,5.99695,2.40,1.60
2010.03.30 17:34:41.097,5.9942,5.99685,2.40,1.60
2010.03.30 17:34:49.305,5.9942,5.99675,2.40,1.60
2010.03.30 17:34:51.281,5.9942,5.99635,2.40,1.60
2010.03.30 17:34:57.816,5.9942,5.99665,2.40,1.60
2010.03.30 17:34:58.089,5.9942,5.99685,2.40,1.60
2010.03.30 17:34:58.970,5.9942,5.99695,2.40,1.60
2010.03.30 17:34:59.727,5.9942,5.99685,2.40,1.60
2010.03.30 17:35:05.408,5.9942,5.99675,2.40,1.60
2010.03.30 17:35:06.637,5.9942,5.99685,2.40,1.60
2010.03.30 17:35:06.948,5.9942,5.99665,2.40,1.60
2010.03.30 17:35:10.958,5.9942,5.99655,2.40,1.60
2010.03.30 17:35:27.841,5.9942,5.99675,2.40,1.60
2010.03.30 17:35:30.863,5.9943,5.99675,1.00,1.60
2010.03.30 17:35:31.313,5.9943,5.99695,1.00,1.60
2010.03.30 17:35:31.432,5.9942,5.99695,2.40,1.60
2010.03.30 17:35:33.962,5.9942,5.99675,2.40,1.60
2010.03.30 17:35:37.213,5.9942,5.99685,2.40,1.60
2010.03.30 17:35:37.361,5.9943,5.99685,1.00,1.60
2010.03.30 17:35:37.514,5.9943,5.99675,1.00,1.60
2010.03.30 17:35:37.932,5.9942,5.99675,2.40,1.60
2010.03.30 17:35:38.086,5.9942,5.99685,2.40,1.60
2010.03.30 17:35:45.618,5.9942,5.99695,2.40,1.60
2010.03.30 17:35:46.715,5.9942,5.99685,2.40,1.60
2010.03.30 17:35:47.236,5.9942,5.99705,2.40,1.60
2010.03.30 17:35:48.729,5.9942,5.99705,2.50,1.60
2010.03.30 17:35:49.794,5.9944,5.99705,1.00,1.60
2010.03.30 17:35:50.573,5.9952,5.99705,2.40,1.60
2010.03.30 17:35:50.695,5.9952,5.99715,2.40,1.60
2010.03.30 17:35:51.620,5.9952,5.99735,2.40,1.60
2010.03.30 17:35:52.396,5.9952,5.99725,2.40,1.60
2010.03.30 17:35:55.688,5.9952,5.99715,2.40,1.60
2010.03.30 17:35:56.075,5.9952,5.99695,2.40,1.60
2010.03.30 17:35:57.627,5.9952,5.99705,2.40,1.60
2010.03.30 17:35:58.619,5.9952,5.99695,2.40,1.60
2010.03.30 17:36:00.522,5.9952,5.99685,2.40,1.60
2010.03.30 17:36:01.781,5.9952,5.99695,2.40,1.60
2010.03.30 17:36:03.921,5.9952,5.99715,2.40,1.60
2010.03.30 17:36:04.901,5.9952,5.99725,2.40,1.60
2010.03.30 17:36:11.888,5.9952,5.99745,2.40,1.60
2010.03.30 17:36:17.195,5.9952,5.99735,2.40,1.60
2010.03.30 17:36:18.752,5.9952,5.99745,2.40,1.60
2010.03.30 17:36:19.613,5.9952,5.99765,2.40,1.60
2010.03.30 17:36:23.247,5.9952,5.99775,2.40,1.60
2010.03.30 17:36:38.745,5.9952,5.99755,2.40,1.60
2010.03.30 17:36:39.346,5.9952,5.99775,2.40,1.60
2010.03.30 17:36:39.682,5.9952,5.99785,2.50,1.60
2010.03.30 17:36:42.784,5.9955,5.99785,1.00,1.60
2010.03.30 17:36:42.904,5.9955,5.99805,1.00,1.60
2010.03.30 17:36:47.065,5.9961,5.99815,2.40,1.60
2010.03.30 17:36:48.712,5.9961,5.99805,2.40,1.60
2010.03.30 17:36:54.161,5.9961,5.99815,2.40,1.60
2010.03.30 17:36:55.743,5.9961,5.99795,2.40,1.60
2010.03.30 17:36:56.644,5.9961,5.99775,2.40,1.60
2010.03.30 17:36:59.781,5.9961,5.99785,2.40,1.60
2010.03.30 17:37:00.049,5.9961,5.99765,2.40,1.60
2010.03.30 17:37:00.546,5.9961,5.99785,2.40,1.60
2010.03.30 17:37:01.204,5.9953,5.99755,2.40,1.60
2010.03.30 17:37:01.847,5.9953,5.99735,2.40,1.60
2010.03.30 17:37:06.044,5.9953,5.99725,2.40,1.60
2010.03.30 17:37:06.708,5.9953,5.99715,2.40,1.60
2010.03.30 17:37:25.026,5.9953,5.99735,2.40,1.60
2010.03.30 17:37:25.611,5.9953,5.99755,2.40,1.60
2010.03.30 17:37:25.922,5.9953,5.99765,2.40,1.60
2010.03.30 17:37:55.892,5.9953,5.99775,2.40,1.60
2010.03.30 17:38:25.360,5.9953,5.99765,2.40,1.60
2010.03.30 17:38:26.984,5.9953,5.99755,2.40,1.60
2010.03.30 17:38:27.287,5.9953,5.99735,2.40,1.60
2010.03.30 17:38:34.281,5.9953,5.99755,2.40,1.60
2010.03.30 17:38:41.969,5.9953,5.99745,2.40,1.60
2010.03.30 17:38:50.662,5.9953,5.99735,2.40,1.60
2010.03.30 17:38:57.105,5.9955,5.99775,1.00,1.60
2010.03.30 17:38:57.450,5.9962,5.99795,2.40,1.60
2010.03.30 17:39:09.506,5.9962,5.99805,2.40,1.60
2010.03.30 17:39:16.761,5.9962,5.99795,2.40,1.60
2010.03.30 17:39:20.829,5.9962,5.99805,2.40,1.60
2010.03.30 17:39:21.775,5.9962,5.99815,2.40,1.60
2010.03.30 17:39:30.623,5.9962,5.99825,2.40,1.60
2010.03.30 17:39:34.511,5.9962,5.99815,2.40,1.60
2010.03.30 17:39:40.836,5.9962,5.99805,2.40,1.60
2010.03.30 17:39:41.076,5.9962,5.99815,2.40,1.60
2010.03.30 17:39:46.549,5.9962,5.99825,2.40,1.60
2010.03.30 17:40:01.533,5.9962,5.99815,2.40,1.60
2010.03.30 17:40:02.087,5.9962,5.99825,2.40,1.60
2010.03.30 17:40:08.623,5.9962,5.9983,2.40,1.00
2010.03.30 17:40:22.001,5.9962,5.99815,2.40,1.60
2010.03.30 17:40:27.608,5.9962,5.99805,2.40,1.60
2010.03.30 17:40:29.919,5.9962,5.99815,2.40,1.60
2010.03.30 17:40:30.043,5.9962,5.99825,2.40,1.60
2010.03.30 17:40:30.587,5.9962,5.99835,2.40,1.60
2010.03.30 17:40:38.371,5.9962,5.99845,2.40,1.60
2010.03.30 17:40:55.884,5.9962,5.99835,2.40,1.60
2010.03.30 17:40:59.238,5.9962,5.9979,2.40,1.00
2010.03.30 17:40:59.884,5.9962,5.9979,2.40,1.00
2010.03.30 17:41:04.130,5.9962,5.99795,2.40,1.60
2010.03.30 17:41:23.276,5.9962,5.9979,2.40,1.00
2010.03.30 17:41:23.696,5.9962,5.99795,2.40,1.60
2010.03.30 17:41:23.835,5.9962,5.9979,2.40,1.00
2010.03.30 17:41:26.152,5.9962,5.99815,2.40,1.60
2010.03.30 17:41:26.994,5.9962,5.99825,2.40,1.60
2010.03.30 17:41:36.630,5.9962,5.99815,2.40,1.60
2010.03.30 17:41:48.823,5.9962,5.9983,2.40,1.00
2010.03.30 17:41:48.906,5.9962,5.99835,2.40,1.60
2010.03.30 17:41:49.637,5.9962,5.99825,2.40,1.60
2010.03.30 17:41:52.233,5.9962,5.99845,2.40,1.60
2010.03.30 17:41:52.642,5.9962,5.99835,2.40,1.60
2010.03.30 17:42:06.436,5.9962,5.99855,2.40,1.60
2010.03.30 17:42:07.138,5.9962,5.9987,2.40,2.40
2010.03.30 17:42:08.882,5.9962,5.99865,2.40,1.60
2010.03.30 17:42:08.994,5.9962,5.9987,2.40,2.40
2010.03.30 17:42:14.580,5.9967,5.99875,2.40,1.60
2010.03.30 17:42:15.674,5.9967,5.99885,2.40,1.60
2010.03.30 17:42:24.170,5.9967,5.99895,2.40,1.60
2010.03.30 17:42:29.556,5.9967,5.99915,2.40,1.60
2010.03.30 17:42:53.806,5.9967,5.99935,2.40,1.60
2010.03.30 17:43:01.162,5.9967,5.9992,2.40,1.00
2010.03.30 17:43:22.281,5.9967,5.99945,2.40,1.60
2010.03.30 17:43:23.361,5.9967,5.9992,2.40,1.00
2010.03.30 17:43:28.994,5.9967,5.99895,2.40,1.60
2010.03.30 17:43:29.067,5.9967,5.99905,2.40,1.60
2010.03.30 17:43:29.130,5.9967,5.99895,2.40,1.60
2010.03.30 17:43:29.201,5.9967,5.99875,2.40,1.60
2010.03.30 17:43:38.631,5.9967,5.9988,2.40,1.00
2010.03.30 17:44:29.508,5.9967,5.99895,2.40,1.60
2010.03.30 17:44:36.556,5.9967,5.99885,2.40,1.60
2010.03.30 17:44:59.939,5.9967,5.99895,2.40,1.60
2010.03.30 17:45:00.174,5.9967,5.99905,2.40,1.60
2010.03.30 17:45:00.578,5.9967,5.9992,2.40,1.00
2010.03.30 17:45:05.997,5.9967,5.9995,4.10,2.50
2010.03.30 17:45:06.315,5.9967,5.9992,4.00,1.00
2010.03.30 17:45:06.627,5.9967,5.9992,2.40,1.00
2010.03.30 17:45:32.821,5.9967,5.9988,2.40,1.00
2010.03.30 17:45:35.566,5.9967,5.9992,2.40,1.00
2010.03.30 17:45:56.707,5.9967,5.9988,2.40,1.00
2010.03.30 17:46:01.659,5.9967,5.9992,2.40,1.00
2010.03.30 17:46:35.210,5.9967,5.9988,2.40,1.00
2010.03.30 17:46:44.780,5.9967,5.9992,2.40,1.00
2010.03.30 17:46:46.792,5.9967,5.9988,2.40,1.00
2010.03.30 17:46:54.379,5.9967,5.9992,2.40,1.00
2010.03.30 17:46:56.832,5.9967,5.9988,2.40,1.00
2010.03.30 17:47:13.216,5.9967,5.9992,2.40,1.00
2010.03.30 17:47:14.957,5.9964,5.9992,1.00,1.00
2010.03.30 17:47:16.994,5.9963,5.9992,1.00,1.00
2010.03.30 17:47:25.712,5.9963,5.9992,1.00,1.00
2010.03.30 17:47:26.149,5.9964,5.9992,1.00,1.00
2010.03.30 17:47:26.288,5.9963,5.9992,1.00,1.00
2010.03.30 17:47:34.013,5.9964,5.9992,1.00,1.00
2010.03.30 17:47:34.198,5.9963,5.9992,1.00,1.00
2010.03.30 17:47:34.376,5.9964,5.9992,1.00,1.00
2010.03.30 17:47:42.501,5.9965,5.9996,1.00,1.00
2010.03.30 17:47:56.691,5.9964,5.9992,1.00,1.00
2010.03.30 17:48:01.890,5.9967,5.9992,1.60,1.00
2010.03.30 17:48:02.283,5.9975,5.9997,2.40,1.00
2010.03.30 17:48:03.272,5.9975,5.9992,2.40,1.00
2010.03.30 17:48:06.991,5.9966,5.9988,2.40,1.00
2010.03.30 17:48:23.696,5.9966,5.9987,2.40,1.00
2010.03.30 17:48:24.245,5.9966,5.9983,2.40,1.00
2010.03.30 17:48:27.566,5.9962,5.9983,1.00,1.00
2010.03.30 17:48:27.917,5.9958,5.9979,2.40,1.00
2010.03.30 17:48:29.398,5.9958,5.9983,2.40,1.00
2010.03.30 17:48:46.398,5.9958,5.9979,2.40,1.00
2010.03.30 17:48:48.075,5.9958,5.9983,2.40,1.00
2010.03.30 17:48:49.520,5.9958,5.9979,2.40,1.00
2010.03.30 17:48:49.739,5.9958,5.9979,2.40,1.00
2010.03.30 17:49:07.109,5.9958,5.9983,2.40,1.00
2010.03.30 17:49:13.085,5.9958,5.9979,2.40,1.00
2010.03.30 17:49:22.694,5.9958,5.9983,2.40,1.00
2010.03.30 17:50:26.448,5.9958,5.9987,2.40,2.40
2010.03.30 17:50:39.602,5.9958,5.9983,2.40,1.00
2010.03.30 17:50:52.524,5.9958,5.9979,2.40,1.00
2010.03.30 17:50:54.697,5.9958,5.9983,2.40,1.00
2010.03.30 17:50:56.224,5.9958,5.9979,2.40,1.00
2010.03.30 17:51:06.850,5.9958,5.9978,2.40,1.00
2010.03.30 17:51:07.416,5.9958,5.9975,2.40,1.00
2010.03.30 17:51:07.602,5.9953,5.9975,2.40,1.00
2010.03.30 17:51:10.257,5.9953,5.9974,2.40,1.00
2010.03.30 17:51:10.385,5.9953,5.9975,2.40,1.00
2010.03.30 17:51:49.556,5.9953,5.9978,2.40,1.00
2010.03.30 17:51:55.303,5.9953,5.9975,2.40,1.00
2010.03.30 17:52:14.561,5.9953,5.9978,2.40,1.00
2010.03.30 17:52:55.541,5.9953,5.9975,2.40,1.00
2010.03.30 17:53:18.556,5.9953,5.9974,2.40,1.00
2010.03.30 17:53:23.617,5.9953,5.997,2.40,1.00
2010.03.30 17:53:25.488,5.9953,5.9975,2.40,1.00
2010.03.30 17:53:25.888,5.9953,5.9979,2.40,1.00
2010.03.30 17:53:30.399,5.9953,5.9978,2.40,1.00
2010.03.30 17:53:35.042,5.9953,5.9979,2.40,1.00
2010.03.30 17:53:35.940,5.9958,5.9983,2.40,1.00
2010.03.30 17:53:40.168,5.9958,5.9979,2.40,1.00
2010.03.30 17:53:40.320,5.9958,5.9983,2.40,1.00
2010.03.30 17:53:50.541,5.9958,5.9979,2.40,1.00
2010.03.30 17:53:50.917,5.9958,5.9983,2.40,1.00
2010.03.30 17:53:50.950,5.9958,5.9983,2.40,1.00
2010.03.30 17:54:07.536,5.9958,5.9979,2.40,1.00
2010.03.30 17:54:10.513,5.9958,5.9983,2.40,1.00
2010.03.30 17:54:19.159,5.9958,5.9979,2.40,1.00
2010.03.30 17:54:19.290,5.9958,5.9979,2.40,1.00
2010.03.30 17:54:19.419,5.9958,5.9979,2.40,1.00
2010.03.30 17:54:31.847,5.9958,5.9983,2.40,1.00
2010.03.30 17:54:47.672,5.9958,5.9979,2.40,1.00
2010.03.30 17:54:48.307,5.9958,5.9978,2.40,1.00
2010.03.30 17:54:51.742,5.9953,5.9975,2.40,1.00
2010.03.30 17:54:55.176,5.9953,5.9978,2.40,1.00
2010.03.30 17:54:55.674,5.9953,5.9979,2.40,1.00
2010.03.30 17:54:59.828,5.9953,5.9978,2.40,1.00
2010.03.30 17:55:01.080,5.9953,5.9979,2.40,1.00
2010.03.30 17:55:03.607,5.9953,5.9978,2.40,1.00
2010.03.30 17:55:03.827,5.9953,5.99775,2.40,1.60
2010.03.30 17:55:13.187,5.9953,5.9975,2.40,1.00
2010.03.30 17:55:24.682,5.9953,5.9974,2.40,1.00
2010.03.30 17:55:26.887,5.9953,5.997,2.40,1.00
2010.03.30 17:55:27.498,5.9953,5.99725,2.40,1.60
2010.03.30 17:55:27.578,5.9953,5.99735,2.40,1.60
2010.03.30 17:55:32.656,5.9953,5.997,2.40,1.00
2010.03.30 17:55:40.151,5.9953,5.9974,2.40,1.00
2010.03.30 17:55:41.740,5.9953,5.9975,2.40,1.00
2010.03.30 17:55:50.160,5.9953,5.9974,2.40,1.00
2010.03.30 17:55:51.258,5.9953,5.9975,2.40,1.00
2010.03.30 17:55:51.852,5.9953,5.9978,2.40,1.00
2010.03.30 17:55:54.238,5.9953,5.9975,2.40,1.00
2010.03.30 17:55:54.388,5.9953,5.9974,2.40,1.00
2010.03.30 17:56:04.824,5.9953,5.997,2.40,1.00
2010.03.30 17:56:04.884,5.9953,5.9974,2.40,1.00
2010.03.30 17:56:07.134,5.9953,5.997,2.40,1.00
2010.03.30 17:56:07.246,5.9953,5.9974,2.40,1.00
2010.03.30 17:56:09.934,5.9953,5.997,2.40,1.00
2010.03.30 17:56:12.402,5.9953,5.9974,2.40,1.00
2010.03.30 17:56:15.792,5.9953,5.997,2.40,1.00
2010.03.30 17:56:33.847,5.9953,5.99735,2.40,1.60
2010.03.30 17:56:34.124,5.9953,5.9974,2.40,1.00
2010.03.30 17:56:36.058,5.9953,5.997,2.40,1.00
2010.03.30 17:56:36.108,5.9953,5.9974,2.40,1.00
2010.03.30 17:56:45.213,5.9953,5.99745,2.40,1.60
2010.03.30 17:56:45.609,5.9953,5.9975,2.40,1.00
2010.03.30 17:56:47.426,5.9953,5.99745,2.40,1.60
2010.03.30 17:56:51.528,5.9953,5.9974,2.40,1.00
2010.03.30 17:56:52.134,5.9953,5.9973,2.40,1.00
2010.03.30 17:56:55.931,5.9953,5.9974,2.40,1.00
2010.03.30 17:57:01.568,5.9953,5.99775,2.40,1.60
2010.03.30 17:57:05.760,5.9953,5.9974,2.40,1.00
2010.03.30 17:57:06.955,5.9953,5.9978,2.40,1.00
2010.03.30 17:57:07.404,5.9953,5.99785,2.40,1.60
2010.03.30 17:57:07.863,5.9953,5.9978,2.40,1.00
2010.03.30 17:57:12.680,5.9953,5.99785,2.40,1.60
2010.03.30 17:57:12.771,5.9953,5.9979,2.40,1.00
2010.03.30 17:57:13.160,5.9953,5.9978,2.40,1.00
2010.03.30 17:57:13.245,5.9953,5.9979,2.40,1.00
2010.03.30 17:57:14.382,5.9953,5.9978,2.40,1.00
2010.03.30 17:57:14.537,5.9953,5.9978,2.40,1.00
2010.03.30 17:57:27.625,5.9953,5.9974,2.40,1.00
2010.03.30 17:57:38.685,5.9953,5.99765,2.40,1.60
2010.03.30 17:57:39.223,5.9953,5.9978,2.40,1.00
2010.03.30 17:57:43.550,5.9953,5.99775,2.40,1.60
2010.03.30 17:57:43.684,5.9953,5.9974,2.40,1.00
2010.03.30 17:57:44.497,5.9953,5.9978,2.40,1.00
2010.03.30 17:57:59.648,5.9953,5.9979,2.40,1.00
2010.03.30 17:58:06.202,5.9949,5.9978,4.00,1.00
2010.03.30 17:58:06.323,5.9953,5.9979,2.40,1.00
2010.03.30 17:58:13.711,5.9953,5.9978,2.40,1.00
2010.03.30 17:58:14.186,5.9953,5.9979,2.40,1.00
2010.03.30 17:58:15.631,5.9953,5.9978,2.40,1.00
2010.03.30 17:58:15.748,5.9953,5.9979,2.40,1.00
2010.03.30 17:58:37.709,5.9953,5.9978,2.40,1.00
2010.03.30 17:58:37.834,5.9953,5.9979,2.40,1.00
2010.03.30 17:59:08.142,5.99535,5.9979,1.60,1.00
2010.03.30 17:59:08.337,5.9961,5.9979,2.40,1.00
2010.03.30 17:59:08.528,5.9961,5.9983,2.40,1.00
2010.03.30 17:59:12.301,5.9961,5.9987,2.40,2.40
2010.03.30 17:59:46.378,5.99615,5.9987,1.60,2.40
2010.03.30 17:59:46.476,5.9966,5.9992,2.40,1.00
2010.03.30 17:59:46.560,5.9966,5.9992,2.40,1.00
2010.03.30 17:59:47.271,5.9966,5.9991,2.40,1.00
2010.03.30 17:59:49.693,5.9966,5.9988,2.40,1.00
2010.03.30 17:59:51.442,5.9966,5.9991,2.40,1.00
2010.03.30 17:59:53.597,5.9966,5.9992,2.40,1.00
