2015.02.03 16:00:00.137,7.55493,7.55688,1.00,1.75
2015.02.03 16:00:00.188,7.55482,7.55688,1.37,1.75
2015.02.03 16:00:00.289,7.55482,7.55738,1.00,1.75
2015.02.03 16:00:00.340,7.55466,7.55722,1.54,1.75
2015.02.03 16:00:00.391,7.55464,7.55722,1.94,1.75
2015.02.03 16:00:00.493,7.55477,7.55722,1.00,1.75
2015.02.03 16:00:00.645,7.55458,7.55719,1.00,1.12
2015.02.03 16:00:00.696,7.55458,7.55722,1.75,1.75
2015.02.03 16:00:01.010,7.55457,7.55727,1.94,1.75
2015.02.03 16:00:01.186,7.55462,7.55727,1.94,1.75
2015.02.03 16:00:01.389,7.55484,7.55739,1.75,1.75
2015.02.03 16:00:01.593,7.55479,7.55738,1.75,1.35
2015.02.03 16:00:01.694,7.55484,7.55739,1.35,1.75
2015.02.03 16:00:01.751,7.55484,7.55739,1.35,1.75
2015.02.03 16:00:01.802,7.55484,7.55739,1.35,1.75
2015.02.03 16:00:02.055,7.55503,7.55743,1.00,1.94
2015.02.03 16:00:02.257,7.55503,7.55743,1.00,1.94
2015.02.03 16:00:02.359,7.55511,7.55743,2.10,1.94
2015.02.03 16:00:03.228,7.55511,7.55771,2.10,1.31
2015.02.03 16:00:03.339,7.55529,7.55776,1.35,1.75
2015.02.03 16:00:03.449,7.55531,7.55776,1.05,1.37
2015.02.03 16:00:03.998,7.55533,7.55784,1.35,1.07
2015.02.03 16:00:04.317,7.55563,7.55784,2.10,1.07
2015.02.03 16:00:04.584,7.55574,7.55805,1.05,1.07
2015.02.03 16:00:04.708,7.55574,7.55805,1.05,1.07
2015.02.03 16:00:05.099,7.55569,7.55805,1.35,1.37
2015.02.03 16:00:05.454,7.55549,7.55805,1.56,1.37
2015.02.03 16:00:05.959,7.5555,7.55801,1.16,1.12
2015.02.03 16:00:06.264,7.55517,7.55774,2.29,1.75
2015.02.03 16:00:06.416,7.55517,7.55774,2.10,1.75
2015.02.03 16:00:06.568,7.5551,7.55768,1.16,1.87
2015.02.03 16:00:06.879,7.55526,7.55773,1.07,1.75
2015.02.03 16:00:06.981,7.55541,7.55773,2.10,1.37
2015.02.03 16:00:07.082,7.55541,7.55773,2.29,1.07
2015.02.03 16:00:07.436,7.55547,7.5578,1.86,1.00
2015.02.03 16:00:07.487,7.55547,7.55804,1.86,1.12
2015.02.03 16:00:07.689,7.55583,7.55843,1.37,1.94
2015.02.03 16:00:07.740,7.55583,7.55843,1.45,1.56
2015.02.03 16:00:07.892,7.55583,7.55837,1.37,1.75
2015.02.03 16:00:07.993,7.55583,7.55837,1.45,1.37
2015.02.03 16:00:08.120,7.55616,7.55837,1.00,1.37
2015.02.03 16:00:08.322,7.55616,7.55857,1.60,1.37
2015.02.03 16:00:08.763,7.55622,7.55845,1.00,1.07
2015.02.03 16:00:08.865,7.55622,7.55861,1.07,1.07
2015.02.03 16:00:09.833,7.55604,7.55858,1.07,1.37
2015.02.03 16:00:10.441,7.55602,7.55854,1.37,1.56
2015.02.03 16:00:10.842,7.5559,7.55818,1.07,1.00
2015.02.03 16:00:10.944,7.55582,7.55818,1.00,1.07
2015.02.03 16:00:11.117,7.55572,7.55836,1.07,1.31
2015.02.03 16:00:11.269,7.55572,7.55834,1.00,1.31
2015.02.03 16:00:11.370,7.55572,7.55828,1.00,1.75
2015.02.03 16:00:11.421,7.55572,7.55828,1.75,1.75
2015.02.03 16:00:11.736,7.55602,7.55858,1.00,1.12
2015.02.03 16:00:11.852,7.55602,7.55829,1.00,1.37
2015.02.03 16:00:12.167,7.55612,7.55829,1.00,1.37
2015.02.03 16:00:12.470,7.55643,7.55855,1.00,1.37
2015.02.03 16:00:12.723,7.55643,7.55855,1.00,1.75
2015.02.03 16:00:12.875,7.55633,7.55855,1.35,1.75
2015.02.03 16:00:12.976,7.55642,7.55855,1.00,1.75
2015.02.03 16:00:13.178,7.55612,7.55872,1.00,1.31
2015.02.03 16:00:13.381,7.55612,7.55876,1.60,1.12
2015.02.03 16:00:13.686,7.55646,7.55912,1.37,1.94
2015.02.03 16:00:13.789,7.55646,7.55912,1.37,1.94
2015.02.03 16:00:14.143,7.55642,7.55915,1.69,1.12
2015.02.03 16:00:14.447,7.55672,7.55897,1.00,1.75
2015.02.03 16:00:14.802,7.55702,7.55932,1.00,1.12
2015.02.03 16:00:14.903,7.55692,7.55946,1.19,1.12
2015.02.03 16:00:14.954,7.557,7.55946,2.10,1.12
2015.02.03 16:00:15.005,7.557,7.55946,2.10,1.12
2015.02.03 16:00:15.056,7.55692,7.55946,1.19,1.12
2015.02.03 16:00:15.157,7.55699,7.55946,1.00,1.12
2015.02.03 16:00:15.360,7.55691,7.55935,1.19,1.50
2015.02.03 16:00:15.563,7.5568,7.55928,1.00,1.12
2015.02.03 16:00:15.803,7.55686,7.55928,1.00,1.12
2015.02.03 16:00:16.116,7.55617,7.55906,1.35,1.01
2015.02.03 16:00:16.219,7.55613,7.55858,1.79,1.12
2015.02.03 16:00:16.320,7.55612,7.55841,1.79,1.12
2015.02.03 16:00:16.674,7.55603,7.55858,1.79,1.12
2015.02.03 16:00:16.978,7.55679,7.55926,1.60,1.75
2015.02.03 16:00:17.029,7.55679,7.55926,1.60,1.75
2015.02.03 16:00:17.348,7.55659,7.5593,1.79,1.75
2015.02.03 16:00:17.455,7.55659,7.55897,1.19,1.35
2015.02.03 16:00:17.557,7.55659,7.55897,1.00,1.35
2015.02.03 16:00:17.658,7.55653,7.55897,1.00,1.54
2015.02.03 16:00:17.962,7.55653,7.55917,1.00,1.94
2015.02.03 16:00:18.012,7.55653,7.55917,1.00,2.44
2015.02.03 16:00:18.114,7.55642,7.55899,1.00,1.75
2015.02.03 16:00:18.316,7.55642,7.55899,1.00,1.75
2015.02.03 16:00:18.367,7.55635,7.55899,1.07,1.75
2015.02.03 16:00:18.828,7.55643,7.55879,1.00,1.37
2015.02.03 16:00:19.132,7.55661,7.55896,1.79,1.87
2015.02.03 16:00:19.183,7.55661,7.55896,1.86,1.50
2015.02.03 16:00:19.234,7.55658,7.55896,1.16,1.75
2015.02.03 16:00:19.722,7.55658,7.55896,1.16,1.75
2015.02.03 16:00:20.025,7.55669,7.55896,1.86,1.00
2015.02.03 16:00:20.340,7.55666,7.55896,1.86,1.37
2015.02.03 16:00:20.644,7.55671,7.55896,1.16,1.37
2015.02.03 16:00:21.136,7.55671,7.55896,1.16,1.75
2015.02.03 16:00:21.440,7.55642,7.55893,1.26,1.12
2015.02.03 16:00:21.490,7.55652,7.55893,1.07,1.12
2015.02.03 16:00:21.541,7.55652,7.55893,1.07,1.12
2015.02.03 16:00:21.698,7.55642,7.55878,1.00,1.12
2015.02.03 16:00:21.748,7.55642,7.55871,1.07,1.50
2015.02.03 16:00:22.052,7.55652,7.55871,1.86,1.50
2015.02.03 16:00:22.153,7.55652,7.55871,1.86,1.00
2015.02.03 16:00:22.204,7.55652,7.55871,1.86,1.00
2015.02.03 16:00:22.255,7.55692,7.55891,1.19,1.07
2015.02.03 16:00:22.407,7.55691,7.55891,2.29,1.00
2015.02.03 16:00:22.681,7.55646,7.55891,1.35,1.75
2015.02.03 16:00:22.783,7.55642,7.559,1.94,1.75
2015.02.03 16:00:22.834,7.55642,7.55898,1.26,1.12
2015.02.03 16:00:22.885,7.55642,7.55898,1.86,1.12
2015.02.03 16:00:23.370,7.55672,7.559,1.19,1.82
2015.02.03 16:00:24.470,7.55682,7.55902,1.19,1.12
2015.02.03 16:00:24.902,7.55672,7.55902,1.19,1.12
2015.02.03 16:00:25.104,7.55672,7.55902,1.00,1.12
2015.02.03 16:00:25.206,7.55672,7.55902,1.00,1.12
2015.02.03 16:00:25.257,7.55642,7.55887,1.00,1.12
2015.02.03 16:00:25.308,7.55642,7.55887,1.19,1.12
2015.02.03 16:00:25.409,7.55613,7.55862,1.26,1.12
2015.02.03 16:00:25.460,7.55613,7.55861,1.19,1.12
2015.02.03 16:00:25.764,7.55642,7.55871,1.79,1.12
2015.02.03 16:00:25.815,7.55642,7.55887,1.79,1.12
2015.02.03 16:00:26.018,7.55652,7.55876,1.00,1.12
2015.02.03 16:00:26.120,7.55642,7.55876,1.60,1.12
2015.02.03 16:00:26.221,7.55642,7.55891,1.79,1.75
2015.02.03 16:00:26.526,7.5567,7.55891,2.29,1.12
2015.02.03 16:00:27.130,7.55673,7.55904,1.25,1.12
2015.02.03 16:00:27.332,7.55652,7.55888,1.19,1.12
2015.02.03 16:00:27.618,7.55622,7.55888,1.86,1.12
2015.02.03 16:00:28.439,7.55635,7.55896,1.60,1.12
2015.02.03 16:00:28.941,7.55674,7.55896,2.29,1.12
2015.02.03 16:00:29.194,7.55732,7.55954,2.10,1.12
2015.02.03 16:00:29.245,7.55689,7.55954,1.79,1.12
2015.02.03 16:00:29.346,7.55723,7.55966,2.29,1.12
2015.02.03 16:00:29.548,7.55727,7.56,1.54,1.12
2015.02.03 16:00:29.650,7.55735,7.55999,1.79,1.12
2015.02.03 16:00:29.871,7.55788,7.56002,2.10,1.37
2015.02.03 16:00:29.972,7.55798,7.56022,1.35,1.00
2015.02.03 16:00:30.023,7.55765,7.56022,1.54,1.00
2015.02.03 16:00:30.124,7.55772,7.56032,1.94,1.07
2015.02.03 16:00:30.225,7.55798,7.56032,1.35,1.07
2015.02.03 16:00:30.647,7.558,7.56032,1.16,1.07
2015.02.03 16:00:30.748,7.55809,7.56032,1.54,1.00
2015.02.03 16:00:30.799,7.55787,7.56032,2.29,1.00
2015.02.03 16:00:30.850,7.55787,7.56032,2.10,1.00
2015.02.03 16:00:30.901,7.55773,7.56032,1.01,1.00
2015.02.03 16:00:30.952,7.55772,7.56028,1.94,1.75
2015.02.03 16:00:31.406,7.55748,7.55988,1.16,1.00
2015.02.03 16:00:31.457,7.55745,7.55988,1.35,1.00
2015.02.03 16:00:31.508,7.55745,7.56007,1.35,1.94
2015.02.03 16:00:31.812,7.55769,7.56028,1.35,2.25
2015.02.03 16:00:32.078,7.5575,7.5602,1.16,1.12
2015.02.03 16:00:33.782,7.55752,7.56014,1.19,1.12
2015.02.03 16:00:34.462,7.55762,7.56014,1.00,1.12
2015.02.03 16:00:34.828,7.55762,7.56016,1.37,2.47
2015.02.03 16:00:34.881,7.55762,7.5601,1.00,1.35
2015.02.03 16:00:34.982,7.55705,7.56015,1.94,1.31
2015.02.03 16:00:35.083,7.55705,7.55932,1.19,2.10
2015.02.03 16:00:35.185,7.55648,7.55932,1.12,2.29
2015.02.03 16:00:35.287,7.55632,7.55932,2.24,2.29
2015.02.03 16:00:35.390,7.55688,7.55952,1.75,1.19
2015.02.03 16:00:35.441,7.55688,7.55968,1.94,1.50
2015.02.03 16:00:35.593,7.55706,7.55978,1.75,1.07
2015.02.03 16:00:35.897,7.55773,7.56008,1.75,1.00
2015.02.03 16:00:36.249,7.55773,7.56028,1.75,1.00
2015.02.03 16:00:36.351,7.55784,7.5606,1.75,1.29
2015.02.03 16:00:36.554,7.55776,7.56038,1.75,1.00
2015.02.03 16:00:37.190,7.55756,7.56038,1.94,1.00
2015.02.03 16:00:37.291,7.55756,7.56058,1.94,1.19
2015.02.03 16:00:37.700,7.55756,7.56057,1.94,1.56
2015.02.03 16:00:37.751,7.55756,7.56048,1.75,1.19
2015.02.03 16:00:38.054,7.55739,7.56018,1.01,1.75
2015.02.03 16:00:38.105,7.55735,7.56018,1.01,1.75
2015.02.03 16:00:38.156,7.55721,7.56028,1.12,1.94
2015.02.03 16:00:38.807,7.55723,7.56018,1.82,1.56
2015.02.03 16:00:39.299,7.55742,7.56035,1.12,1.94
2015.02.03 16:00:39.854,7.55737,7.56015,1.12,1.19
2015.02.03 16:00:40.190,7.55737,7.56015,1.12,1.56
2015.02.03 16:00:40.700,7.55737,7.56015,1.12,1.56
2015.02.03 16:00:40.751,7.55719,7.56015,1.12,1.64
2015.02.03 16:00:40.802,7.55693,7.56004,2.24,1.01
2015.02.03 16:00:41.105,7.55631,7.55916,1.35,1.01
2015.02.03 16:00:41.207,7.55631,7.55961,1.35,2.24
2015.02.03 16:00:41.258,7.55692,7.55968,1.00,1.94
2015.02.03 16:00:41.510,7.55687,7.55974,1.00,1.56
2015.02.03 16:00:41.656,7.55687,7.55968,1.00,1.56
2015.02.03 16:00:41.953,7.55687,7.55958,1.00,1.56
2015.02.03 16:00:42.333,7.55663,7.55958,1.19,1.56
2015.02.03 16:00:42.435,7.55663,7.55958,1.19,1.94
2015.02.03 16:00:42.486,7.5564,7.55958,1.82,1.94
2015.02.03 16:00:42.752,7.5564,7.55951,1.07,1.31
2015.02.03 16:00:42.955,7.55613,7.55928,1.19,1.94
2015.02.03 16:00:43.808,7.55601,7.55908,1.37,1.56
2015.02.03 16:00:44.238,7.55618,7.55921,1.00,1.94
2015.02.03 16:00:44.608,7.55633,7.55921,1.12,1.19
2015.02.03 16:00:44.911,7.55637,7.5595,1.12,1.94
2015.02.03 16:00:45.012,7.55637,7.5595,1.12,1.94
2015.02.03 16:00:46.169,7.55615,7.55944,1.94,1.01
2015.02.03 16:00:46.371,7.55568,7.55901,1.94,1.01
2015.02.03 16:00:46.473,7.55568,7.55881,1.94,1.01
2015.02.03 16:00:47.477,7.55594,7.55885,1.12,1.01
2015.02.03 16:00:47.803,7.55594,7.55894,1.12,1.26
2015.02.03 16:00:48.006,7.55548,7.55861,1.49,1.12
2015.02.03 16:00:48.346,7.55545,7.55814,1.00,1.12
2015.02.03 16:00:50.252,7.55527,7.55804,1.37,1.31
2015.02.03 16:00:50.303,7.55527,7.55783,1.00,1.01
2015.02.03 16:00:50.404,7.55504,7.55783,1.19,1.01
2015.02.03 16:00:51.408,7.55504,7.55776,1.19,1.12
2015.02.03 16:00:51.459,7.55515,7.55776,1.00,1.12
2015.02.03 16:00:51.762,7.55522,7.55812,1.75,1.31
2015.02.03 16:00:51.994,7.55532,7.55812,1.94,1.12
2015.02.03 16:00:52.511,7.55532,7.55817,1.94,1.87
2015.02.03 16:00:52.663,7.55558,7.55817,1.16,1.37
2015.02.03 16:00:52.879,7.55558,7.55817,1.16,1.07
2015.02.03 16:00:53.599,7.55562,7.55829,1.79,1.12
2015.02.03 16:00:54.819,7.55566,7.5586,2.29,1.12
2015.02.03 16:00:56.027,7.55576,7.55864,1.01,1.75
2015.02.03 16:00:56.460,7.55576,7.55864,1.01,1.75
2015.02.03 16:00:56.823,7.55586,7.55892,1.94,1.87
2015.02.03 16:00:57.038,7.55618,7.55892,1.01,1.75
2015.02.03 16:00:57.241,7.55631,7.55904,1.01,1.12
2015.02.03 16:00:57.421,7.55623,7.55919,1.01,1.31
2015.02.03 16:00:58.019,7.55637,7.55919,1.12,1.31
2015.02.03 16:00:58.853,7.55619,7.5589,1.37,1.01
2015.02.03 16:00:59.005,7.55614,7.5589,1.12,1.31
2015.02.03 16:00:59.157,7.55591,7.55897,1.82,1.31
2015.02.03 16:00:59.365,7.55608,7.55898,1.12,1.94
2015.02.03 16:00:59.978,7.55608,7.55895,1.12,1.31
2015.02.03 16:01:00.188,7.5559,7.55865,1.37,1.31
2015.02.03 16:01:00.239,7.5559,7.5586,1.37,1.24
2015.02.03 16:01:00.340,7.55562,7.55841,1.12,1.31
2015.02.03 16:01:00.442,7.55549,7.55836,1.12,1.31
2015.02.03 16:01:00.768,7.55564,7.55855,1.75,1.54
2015.02.03 16:01:00.870,7.55574,7.55855,1.12,1.54
2015.02.03 16:01:01.957,7.55574,7.55862,1.12,1.31
2015.02.03 16:01:02.288,7.55574,7.55862,1.12,1.31
2015.02.03 16:01:03.598,7.5562,7.55878,1.00,1.94
2015.02.03 16:01:03.994,7.55639,7.55878,1.60,1.31
2015.02.03 16:01:04.045,7.55593,7.55862,1.87,1.31
2015.02.03 16:01:04.361,7.55569,7.55834,1.67,1.31
2015.02.03 16:01:04.411,7.55569,7.55834,1.60,1.31
2015.02.03 16:01:04.715,7.55562,7.55834,1.97,1.31
2015.02.03 16:01:04.766,7.55562,7.55834,1.97,1.31
2015.02.03 16:01:05.157,7.55562,7.55834,1.37,1.31
2015.02.03 16:01:05.208,7.55572,7.55821,1.00,1.12
2015.02.03 16:01:05.429,7.55562,7.55821,1.00,1.12
2015.02.03 16:01:05.648,7.55552,7.55821,1.39,1.12
2015.02.03 16:01:05.757,7.55563,7.55821,1.00,1.12
2015.02.03 16:01:06.127,7.55602,7.55821,1.00,1.12
2015.02.03 16:01:06.279,7.55602,7.55874,1.37,1.37
2015.02.03 16:01:06.382,7.55602,7.55865,1.82,1.37
2015.02.03 16:01:06.686,7.55601,7.55865,1.37,1.50
2015.02.03 16:01:07.286,7.55597,7.55865,1.01,1.37
2015.02.03 16:01:07.626,7.55623,7.55865,1.00,1.12
2015.02.03 16:01:08.287,7.55612,7.55865,1.45,1.12
2015.02.03 16:01:08.637,7.55569,7.55865,1.31,1.87
2015.02.03 16:01:08.789,7.55574,7.55845,1.12,1.31
2015.02.03 16:01:09.043,7.55562,7.55854,1.82,1.31
2015.02.03 16:01:09.535,7.55572,7.5586,1.75,1.31
2015.02.03 16:01:09.586,7.55573,7.55863,1.01,1.75
2015.02.03 16:01:10.685,7.55586,7.55825,1.01,1.00
2015.02.03 16:01:11.329,7.55576,7.55825,1.31,1.00
2015.02.03 16:01:11.481,7.55576,7.55844,1.31,1.00
2015.02.03 16:01:11.537,7.55576,7.55844,1.01,1.12
2015.02.03 16:01:11.946,7.55568,7.55825,1.12,1.00
2015.02.03 16:01:12.423,7.55568,7.55845,1.12,1.56
2015.02.03 16:01:13.008,7.55568,7.55825,1.12,1.00
2015.02.03 16:01:13.535,7.55573,7.55844,1.82,1.31
2015.02.03 16:01:13.697,7.55573,7.55844,1.82,1.31
2015.02.03 16:01:13.846,7.55577,7.55844,1.12,1.19
2015.02.03 16:01:13.897,7.55582,7.55844,1.01,1.00
2015.02.03 16:01:14.099,7.55582,7.55844,1.01,1.00
2015.02.03 16:01:14.380,7.55582,7.55844,1.01,1.00
2015.02.03 16:01:14.844,7.55582,7.55825,1.01,1.00
2015.02.03 16:01:16.308,7.55572,7.55825,1.12,1.00
2015.02.03 16:01:17.188,7.55572,7.55827,1.12,1.00
2015.02.03 16:01:17.849,7.55549,7.55795,1.12,1.00
2015.02.03 16:01:18.162,7.55544,7.55795,1.12,1.00
2015.02.03 16:01:18.717,7.55544,7.55795,1.31,1.00
2015.02.03 16:01:21.209,7.55551,7.55795,1.01,1.00
2015.02.03 16:01:22.030,7.55551,7.55795,1.01,1.07
2015.02.03 16:01:22.081,7.55545,7.55795,1.01,1.07
2015.02.03 16:01:22.132,7.55545,7.55795,1.31,1.00
2015.02.03 16:01:23.220,7.55559,7.55795,1.01,1.00
2015.02.03 16:01:23.712,7.55564,7.55795,1.01,1.00
2015.02.03 16:01:23.813,7.55549,7.55795,1.31,1.00
2015.02.03 16:01:25.228,7.55559,7.55795,1.01,1.00
2015.02.03 16:01:28.341,7.55552,7.55795,1.82,1.00
2015.02.03 16:01:29.168,7.55571,7.55795,1.12,1.00
2015.02.03 16:01:29.837,7.55569,7.55795,1.01,1.00
2015.02.03 16:01:32.550,7.55558,7.55795,1.01,1.00
2015.02.03 16:01:33.536,7.55558,7.55795,1.01,1.00
2015.02.03 16:01:34.334,7.55558,7.55795,1.01,1.00
2015.02.03 16:01:36.162,7.5556,7.55795,1.01,1.00
2015.02.03 16:01:38.919,7.55577,7.55795,1.01,1.00
2015.02.03 16:01:51.781,7.55552,7.55795,1.01,1.00
2015.02.03 16:01:52.961,7.55537,7.55795,1.31,1.00
2015.02.03 16:01:55.227,7.55512,7.55795,2.24,1.07
2015.02.03 16:01:55.318,7.55512,7.55795,2.24,1.07
2015.02.03 16:01:55.895,7.55512,7.55765,2.24,1.00
2015.02.03 16:01:57.530,7.55524,7.55765,1.01,1.00
2015.02.03 16:01:57.789,7.55512,7.55765,1.94,1.00
2015.02.03 16:01:57.890,7.55524,7.55765,1.01,1.00
2015.02.03 16:01:58.378,7.55508,7.55765,1.31,1.00
2015.02.03 16:02:00.140,7.55507,7.55765,1.01,1.00
2015.02.03 16:02:02.748,7.55507,7.55765,1.01,1.00
2015.02.03 16:02:03.478,7.55472,7.55765,1.12,1.56
2015.02.03 16:02:04.147,7.55472,7.55765,1.12,1.56
2015.02.03 16:02:04.477,7.5549,7.55765,1.12,1.94
2015.02.03 16:02:04.919,7.5549,7.55765,1.12,1.94
2015.02.03 16:02:05.267,7.5549,7.55785,1.12,2.06
2015.02.03 16:02:05.469,7.5547,7.55765,1.75,1.94
2015.02.03 16:02:05.576,7.5547,7.55758,1.87,1.94
2015.02.03 16:02:05.904,7.5547,7.55757,1.82,1.94
2015.02.03 16:02:06.140,7.5547,7.55758,1.82,1.94
2015.02.03 16:02:07.075,7.5547,7.55738,1.82,1.37
2015.02.03 16:02:07.349,7.55459,7.55738,1.31,1.75
2015.02.03 16:02:08.969,7.55459,7.55728,1.12,1.37
2015.02.03 16:02:09.606,7.55459,7.55728,1.12,1.87
2015.02.03 16:02:10.325,7.55459,7.5567,1.12,1.00
2015.02.03 16:02:10.427,7.55458,7.5567,2.05,1.00
2015.02.03 16:02:10.533,7.55458,7.5567,1.67,1.00
2015.02.03 16:02:10.927,7.55425,7.5567,1.31,1.00
2015.02.03 16:02:11.098,7.55425,7.5564,1.31,1.00
2015.02.03 16:02:11.149,7.55425,7.5564,1.31,1.00
2015.02.03 16:02:11.441,7.55418,7.5564,1.94,1.00
2015.02.03 16:02:11.492,7.55418,7.5562,1.75,1.00
2015.02.03 16:02:11.796,7.55348,7.55583,2.05,1.00
2015.02.03 16:02:12.011,7.55348,7.55583,2.05,1.00
2015.02.03 16:02:12.112,7.55348,7.55583,2.05,1.00
2015.02.03 16:02:12.213,7.55348,7.55604,2.05,1.00
2015.02.03 16:02:12.416,7.55348,7.5561,2.05,1.19
2015.02.03 16:02:12.517,7.55348,7.55591,2.05,1.00
2015.02.03 16:02:12.619,7.55348,7.55591,2.05,1.00
2015.02.03 16:02:12.880,7.55348,7.55583,2.05,1.00
2015.02.03 16:02:12.982,7.55348,7.55591,2.05,1.00
2015.02.03 16:02:13.033,7.55348,7.55591,2.05,1.00
2015.02.03 16:02:13.083,7.55348,7.55576,2.05,1.00
2015.02.03 16:02:13.135,7.55348,7.55576,1.30,1.19
2015.02.03 16:02:13.236,7.55348,7.55576,1.30,1.19
2015.02.03 16:02:13.338,7.55301,7.55543,1.12,1.19
2015.02.03 16:02:13.389,7.55273,7.55543,2.05,1.19
2015.02.03 16:02:13.440,7.55273,7.5552,2.05,1.00
2015.02.03 16:02:13.743,7.55273,7.5552,2.05,1.00
2015.02.03 16:02:14.077,7.55273,7.5552,2.05,1.00
2015.02.03 16:02:14.179,7.55273,7.55531,2.05,1.19
2015.02.03 16:02:14.977,7.55273,7.55513,2.05,1.00
2015.02.03 16:02:15.145,7.55273,7.55513,2.05,1.00
2015.02.03 16:02:16.058,7.55273,7.55505,2.05,1.00
2015.02.03 16:02:16.388,7.55273,7.55513,2.05,1.00
2015.02.03 16:02:17.837,7.55273,7.5552,2.05,1.00
2015.02.03 16:02:18.267,7.55273,7.55513,2.05,1.00
2015.02.03 16:02:18.698,7.55273,7.55524,2.05,1.00
2015.02.03 16:02:19.459,7.55273,7.55518,2.05,1.00
2015.02.03 16:02:19.670,7.55273,7.55524,2.05,1.00
2015.02.03 16:02:19.995,7.55273,7.55528,2.05,1.00
2015.02.03 16:02:20.074,7.55273,7.55528,2.05,1.00
2015.02.03 16:02:20.248,7.55273,7.55535,2.05,1.00
2015.02.03 16:02:20.299,7.55273,7.55535,2.05,1.00
2015.02.03 16:02:20.450,7.55279,7.55553,1.75,1.19
2015.02.03 16:02:20.653,7.55292,7.55553,1.94,1.00
2015.02.03 16:02:20.704,7.55292,7.55567,1.94,1.00
2015.02.03 16:02:20.805,7.55322,7.55583,1.75,1.00
2015.02.03 16:02:21.007,7.55331,7.55574,2.05,1.00
2015.02.03 16:02:21.196,7.55331,7.55574,2.05,1.00
2015.02.03 16:02:21.247,7.55331,7.55571,2.05,1.00
2015.02.03 16:02:21.550,7.55331,7.55566,2.05,1.00
2015.02.03 16:02:21.651,7.55331,7.55571,2.05,1.00
2015.02.03 16:02:21.702,7.55331,7.55571,2.05,1.00
2015.02.03 16:02:21.905,7.55332,7.55602,1.94,1.00
2015.02.03 16:02:22.085,7.55332,7.55597,1.94,1.00
2015.02.03 16:02:22.891,7.55331,7.55585,2.24,1.00
2015.02.03 16:02:23.306,7.55331,7.55585,2.24,1.00
2015.02.03 16:02:23.407,7.55331,7.55577,1.30,1.00
2015.02.03 16:02:23.459,7.55331,7.55577,1.30,1.19
2015.02.03 16:02:23.560,7.55292,7.55538,1.87,1.19
2015.02.03 16:02:23.611,7.55291,7.55538,1.00,1.19
2015.02.03 16:02:23.662,7.55271,7.55522,1.67,1.00
2015.02.03 16:02:23.713,7.55271,7.55522,1.30,1.00
2015.02.03 16:02:23.764,7.55263,7.55488,1.00,1.00
2015.02.03 16:02:23.814,7.55222,7.55488,2.44,1.00
2015.02.03 16:02:23.866,7.55222,7.55499,2.44,1.00
2015.02.03 16:02:24.211,7.55232,7.55499,1.94,1.00
2015.02.03 16:02:24.413,7.55262,7.55528,1.75,1.19
2015.02.03 16:02:24.464,7.55262,7.55528,1.94,1.00
2015.02.03 16:02:24.616,7.55272,7.55546,1.94,1.00
2015.02.03 16:02:24.777,7.55292,7.55546,1.00,1.00
2015.02.03 16:02:25.108,7.55293,7.55553,1.75,1.00
2015.02.03 16:02:25.260,7.55282,7.55546,1.56,1.00
2015.02.03 16:02:25.311,7.55282,7.55528,1.56,1.00
2015.02.03 16:02:25.362,7.55262,7.55528,1.75,1.19
2015.02.03 16:02:25.412,7.55262,7.55512,1.75,1.00
2015.02.03 16:02:25.615,7.55252,7.55528,1.75,1.19
2015.02.03 16:02:25.732,7.55252,7.55528,1.75,1.19
2015.02.03 16:02:26.883,7.55263,7.5554,1.94,1.00
2015.02.03 16:02:26.934,7.55263,7.5554,1.94,1.00
2015.02.03 16:02:28.386,7.55262,7.55555,1.94,1.00
2015.02.03 16:02:28.437,7.55282,7.55555,1.94,1.00
2015.02.03 16:02:28.936,7.55282,7.5556,1.94,1.00
2015.02.03 16:02:29.680,7.55273,7.5556,1.94,1.00
2015.02.03 16:02:29.836,7.55304,7.55566,1.54,1.00
2015.02.03 16:02:29.938,7.55304,7.55579,1.54,1.00
2015.02.03 16:02:30.633,7.55304,7.55579,1.54,1.00
2015.02.03 16:02:30.684,7.55304,7.55584,1.54,1.00
2015.02.03 16:02:30.996,7.55304,7.55592,1.54,1.19
2015.02.03 16:02:31.257,7.55312,7.55592,1.75,1.19
2015.02.03 16:02:31.308,7.55332,7.55592,1.75,1.00
2015.02.03 16:02:31.359,7.55332,7.55618,1.75,1.19
2015.02.03 16:02:31.744,7.55332,7.55625,1.75,1.19
2015.02.03 16:02:31.897,7.55372,7.5565,1.94,1.00
2015.02.03 16:02:32.099,7.55383,7.55665,1.35,1.19
2015.02.03 16:02:32.403,7.55403,7.5567,1.94,1.00
2015.02.03 16:02:32.707,7.55445,7.55691,1.35,1.00
2015.02.03 16:02:32.927,7.55445,7.55696,1.35,1.00
2015.02.03 16:02:33.028,7.55445,7.55707,1.35,1.19
2015.02.03 16:02:33.347,7.55425,7.55696,2.05,1.00
2015.02.03 16:02:33.398,7.55425,7.55696,2.05,1.00
2015.02.03 16:02:33.550,7.55425,7.55675,2.05,1.00
2015.02.03 16:02:33.601,7.55425,7.55675,1.30,1.00
2015.02.03 16:02:34.317,7.5539,7.55675,1.94,1.00
2015.02.03 16:02:34.823,7.5539,7.55675,1.94,1.00
2015.02.03 16:02:35.124,7.55392,7.55676,1.94,1.00
2015.02.03 16:02:35.982,7.55392,7.55676,1.94,1.00
2015.02.03 16:02:37.202,7.55392,7.55689,1.94,1.00
2015.02.03 16:02:37.253,7.55392,7.55689,1.94,1.00
2015.02.03 16:02:37.956,7.55392,7.55683,1.94,1.00
2015.02.03 16:02:38.108,7.5539,7.55683,1.94,1.00
2015.02.03 16:02:38.404,7.5539,7.55702,1.94,1.00
2015.02.03 16:02:38.455,7.5546,7.55702,1.35,1.00
2015.02.03 16:02:39.067,7.5546,7.55709,1.35,1.00
2015.02.03 16:02:39.396,7.55464,7.55709,1.16,1.00
2015.02.03 16:02:39.598,7.55462,7.55713,1.16,1.00
2015.02.03 16:02:40.065,7.55415,7.55703,1.54,1.37
2015.02.03 16:02:40.115,7.55415,7.55703,1.54,1.37
2015.02.03 16:02:41.861,7.55415,7.55703,1.54,1.00
2015.02.03 16:02:42.165,7.55415,7.55689,1.54,1.00
2015.02.03 16:02:42.366,7.55415,7.557,1.54,1.00
2015.02.03 16:02:43.471,7.55415,7.557,1.54,1.00
2015.02.03 16:02:45.856,7.55415,7.55712,1.54,1.00
2015.02.03 16:02:48.827,7.55415,7.55714,1.54,1.00
2015.02.03 16:02:48.928,7.55438,7.55751,2.24,1.57
2015.02.03 16:02:49.030,7.55442,7.55751,1.94,1.00
2015.02.03 16:02:49.081,7.55442,7.55755,1.94,1.00
2015.02.03 16:02:49.351,7.55452,7.55755,1.94,1.00
2015.02.03 16:02:49.658,7.55494,7.55786,1.54,1.00
2015.02.03 16:02:49.824,7.55494,7.55798,1.54,1.00
2015.02.03 16:02:49.992,7.55494,7.55775,1.54,1.00
2015.02.03 16:02:50.515,7.55494,7.55775,1.54,1.00
2015.02.03 16:02:51.731,7.55494,7.55775,1.54,1.00
2015.02.03 16:02:52.251,7.55492,7.55758,1.35,1.00
2015.02.03 16:02:52.353,7.55484,7.55738,1.01,1.00
2015.02.03 16:02:52.555,7.55423,7.5572,1.01,1.56
2015.02.03 16:02:52.606,7.55423,7.55686,1.01,1.00
2015.02.03 16:02:52.657,7.55386,7.55686,1.01,1.00
2015.02.03 16:02:52.952,7.55383,7.55653,2.24,1.00
2015.02.03 16:02:54.766,7.55383,7.55661,2.24,1.00
2015.02.03 16:02:55.325,7.55383,7.55667,2.24,1.00
2015.02.03 16:02:55.525,7.55383,7.5566,2.24,1.00
2015.02.03 16:02:55.838,7.5542,7.55667,1.54,1.00
2015.02.03 16:02:55.890,7.5542,7.55691,1.54,1.00
2015.02.03 16:02:55.940,7.5547,7.55691,1.16,1.00
2015.02.03 16:02:55.991,7.5547,7.55713,1.16,1.00
2015.02.03 16:02:56.042,7.55417,7.55713,1.54,1.00
2015.02.03 16:02:56.093,7.55417,7.55692,1.54,1.00
2015.02.03 16:02:57.054,7.55417,7.55692,1.54,1.00
2015.02.03 16:02:57.393,7.55417,7.55692,1.54,1.00
2015.02.03 16:02:57.897,7.55417,7.55704,1.54,1.00
2015.02.03 16:02:58.176,7.55417,7.55712,1.54,1.00
2015.02.03 16:02:59.182,7.55417,7.55715,1.54,1.00
2015.02.03 16:02:59.596,7.55417,7.55715,1.54,1.00
2015.02.03 16:02:59.650,7.55417,7.55715,1.54,1.00
2015.02.03 16:02:59.954,7.55417,7.55717,1.54,1.50
2015.02.03 16:03:00.454,7.55426,7.55717,1.01,1.50
2015.02.03 16:03:00.605,7.55442,7.55735,2.66,1.00
2015.02.03 16:03:00.875,7.55484,7.55742,1.54,1.00
2015.02.03 16:03:00.926,7.55484,7.55748,1.54,1.00
2015.02.03 16:03:00.977,7.55484,7.55748,1.54,1.00
2015.02.03 16:03:01.134,7.55484,7.55763,1.54,1.00
2015.02.03 16:03:01.589,7.55484,7.55754,1.54,1.00
2015.02.03 16:03:02.814,7.55484,7.55757,1.54,1.00
2015.02.03 16:03:02.915,7.55484,7.55737,1.54,1.00
2015.02.03 16:03:03.412,7.55484,7.55737,1.54,1.00
2015.02.03 16:03:03.463,7.55484,7.55747,1.54,1.00
2015.02.03 16:03:03.564,7.55484,7.5574,1.54,1.00
2015.02.03 16:03:03.974,7.55484,7.5574,1.54,1.00
2015.02.03 16:03:04.025,7.55484,7.55746,1.54,1.00
2015.02.03 16:03:04.127,7.55484,7.55746,1.54,1.00
2015.02.03 16:03:04.480,7.55484,7.5576,1.54,1.00
2015.02.03 16:03:05.206,7.55484,7.5577,1.54,1.00
2015.02.03 16:03:05.730,7.55484,7.55769,1.54,1.00
2015.02.03 16:03:06.316,7.55484,7.55769,1.54,1.00
2015.02.03 16:03:06.425,7.55484,7.55765,1.54,1.00
2015.02.03 16:03:06.839,7.55484,7.55748,1.54,1.00
2015.02.03 16:03:07.238,7.55484,7.55747,1.54,1.00
2015.02.03 16:03:07.543,7.55484,7.5576,1.54,1.00
2015.02.03 16:03:07.644,7.55484,7.55764,1.54,1.00
2015.02.03 16:03:09.170,7.55484,7.55753,1.54,1.00
2015.02.03 16:03:09.654,7.55484,7.55745,1.54,1.00
2015.02.03 16:03:09.705,7.55484,7.55745,1.54,1.00
2015.02.03 16:03:09.818,7.55484,7.55745,1.54,1.00
2015.02.03 16:03:10.624,7.55484,7.55731,1.54,1.00
2015.02.03 16:03:11.153,7.55484,7.55717,1.54,1.00
2015.02.03 16:03:11.830,7.55484,7.55717,1.54,1.00
2015.02.03 16:03:13.671,7.55484,7.55717,1.54,1.00
2015.02.03 16:03:13.721,7.55484,7.55725,1.54,1.00
2015.02.03 16:03:13.934,7.55484,7.55745,1.54,1.00
2015.02.03 16:03:15.214,7.55484,7.55756,1.54,1.00
2015.02.03 16:03:15.585,7.55484,7.55763,1.54,1.00
2015.02.03 16:03:15.773,7.55484,7.55758,1.54,1.00
2015.02.03 16:03:16.563,7.55484,7.55758,1.54,1.00
2015.02.03 16:03:18.522,7.55484,7.55758,1.54,1.00
2015.02.03 16:03:22.254,7.55528,7.55765,1.16,1.50
2015.02.03 16:03:22.557,7.55544,7.55765,1.16,1.00
2015.02.03 16:03:22.861,7.55555,7.55795,1.54,1.00
2015.02.03 16:03:22.912,7.55547,7.55795,1.16,1.00
2015.02.03 16:03:22.963,7.55542,7.55773,1.35,1.00
2015.02.03 16:03:23.276,7.5555,7.55761,1.16,1.00
2015.02.03 16:03:23.377,7.5555,7.55774,1.16,1.00
2015.02.03 16:03:23.478,7.55555,7.55774,1.54,1.00
2015.02.03 16:03:23.903,7.55555,7.55776,1.54,1.00
2015.02.03 16:03:24.055,7.55555,7.55785,1.54,1.00
2015.02.03 16:03:24.246,7.55555,7.55797,1.54,1.00
2015.02.03 16:03:26.096,7.55555,7.55797,1.54,1.00
2015.02.03 16:03:26.147,7.55555,7.55789,1.49,1.00
2015.02.03 16:03:28.388,7.55555,7.55789,1.49,1.00
2015.02.03 16:03:28.718,7.55555,7.55787,1.54,1.00
2015.02.03 16:03:28.769,7.55555,7.55795,1.54,1.00
2015.02.03 16:03:30.369,7.55555,7.55795,1.49,1.00
2015.02.03 16:03:30.420,7.55555,7.55787,1.49,1.00
2015.02.03 16:03:30.771,7.55555,7.55794,1.54,1.00
2015.02.03 16:03:30.969,7.55555,7.55797,1.54,1.00
2015.02.03 16:03:31.291,7.55555,7.55797,1.54,1.00
2015.02.03 16:03:32.177,7.55555,7.55797,1.54,1.00
2015.02.03 16:03:34.171,7.55555,7.55797,1.54,1.00
2015.02.03 16:03:34.404,7.55555,7.55797,1.54,1.00
2015.02.03 16:03:39.175,7.55603,7.55797,1.35,1.00
2015.02.03 16:03:39.479,7.55616,7.55797,1.54,1.00
2015.02.03 16:03:39.631,7.55615,7.55825,1.16,1.00
2015.02.03 16:03:39.682,7.55615,7.55813,1.16,1.00
2015.02.03 16:03:39.985,7.55641,7.55819,2.29,1.00
2015.02.03 16:03:40.304,7.55641,7.55814,2.29,1.00
2015.02.03 16:03:40.864,7.55641,7.55806,2.29,1.00
2015.02.03 16:03:41.109,7.55641,7.55816,2.29,1.00
2015.02.03 16:03:41.261,7.55614,7.55816,1.49,1.00
2015.02.03 16:03:41.463,7.55614,7.55801,1.49,1.00
2015.02.03 16:03:41.987,7.55586,7.55773,2.29,1.00
2015.02.03 16:03:42.288,7.55586,7.55765,2.10,1.00
2015.02.03 16:03:44.053,7.55586,7.55773,2.10,1.00
2015.02.03 16:03:44.755,7.55592,7.55786,1.60,1.00
2015.02.03 16:03:44.806,7.55641,7.55786,2.10,1.00
2015.02.03 16:03:44.958,7.55641,7.55798,2.10,1.00
2015.02.03 16:03:45.209,7.55612,7.55798,1.60,1.00
2015.02.03 16:03:45.933,7.55612,7.55803,1.60,1.00
2015.02.03 16:03:46.085,7.55604,7.55766,2.10,1.00
2015.02.03 16:03:46.186,7.55604,7.55788,2.10,1.00
2015.02.03 16:03:46.237,7.55583,7.55788,1.00,1.00
2015.02.03 16:03:46.464,7.55572,7.55788,1.60,1.00
2015.02.03 16:03:46.617,7.55592,7.55788,1.00,1.00
2015.02.03 16:03:46.718,7.55583,7.55788,1.00,1.00
2015.02.03 16:03:47.344,7.55573,7.55788,1.60,1.00
2015.02.03 16:03:47.395,7.55573,7.55794,1.60,1.00
2015.02.03 16:03:47.922,7.55579,7.55801,1.49,1.00
2015.02.03 16:03:47.973,7.55579,7.55801,1.16,1.00
2015.02.03 16:03:48.375,7.55602,7.55798,1.60,1.00
2015.02.03 16:03:48.805,7.55613,7.55798,1.00,1.00
2015.02.03 16:03:49.114,7.55622,7.55807,1.00,1.50
2015.02.03 16:03:49.887,7.55632,7.55807,1.00,1.00
2015.02.03 16:03:50.354,7.55593,7.55743,1.00,1.00
2015.02.03 16:03:50.506,7.55504,7.55716,1.49,1.00
2015.02.03 16:03:50.557,7.55484,7.55701,2.12,1.00
2015.02.03 16:03:50.608,7.55484,7.55701,1.30,1.00
2015.02.03 16:03:50.659,7.55439,7.55701,1.86,1.00
2015.02.03 16:03:50.760,7.55439,7.55701,1.49,1.00
2015.02.03 16:03:50.811,7.55439,7.55684,1.49,1.00
2015.02.03 16:03:51.203,7.55439,7.55674,1.49,1.00
2015.02.03 16:03:51.680,7.55462,7.55691,1.00,1.00
2015.02.03 16:03:51.782,7.55462,7.55696,1.00,1.00
2015.02.03 16:03:51.883,7.55462,7.55711,1.00,1.75
2015.02.03 16:03:52.215,7.55472,7.55707,1.00,1.75
2015.02.03 16:03:52.563,7.55472,7.55707,1.00,1.75
2015.02.03 16:03:52.871,7.55462,7.55701,1.19,1.75
2015.02.03 16:03:53.530,7.55453,7.55685,1.19,1.00
2015.02.03 16:03:53.861,7.55442,7.5568,1.26,1.00
2015.02.03 16:03:54.174,7.55442,7.55686,1.26,1.12
2015.02.03 16:03:55.559,7.55452,7.55693,1.19,1.75
2015.02.03 16:03:55.975,7.55462,7.55701,1.19,1.37
2015.02.03 16:03:57.546,7.55453,7.55701,1.19,1.37
2015.02.03 16:03:57.896,7.55422,7.55686,1.31,1.75
2015.02.03 16:03:58.097,7.55422,7.55686,1.19,1.75
2015.02.03 16:03:59.653,7.55403,7.55638,1.26,1.37
2015.02.03 16:03:59.704,7.55411,7.55656,1.01,1.00
2015.02.03 16:04:00.363,7.55462,7.55656,1.00,1.00
2015.02.03 16:04:00.544,7.55472,7.55656,1.00,1.00
2015.02.03 16:04:00.892,7.55483,7.55689,1.19,1.00
2015.02.03 16:04:02.303,7.55502,7.557,1.19,1.00
2015.02.03 16:04:02.354,7.55513,7.55708,1.19,1.12
2015.02.03 16:04:02.455,7.55532,7.55726,1.00,1.00
2015.02.03 16:04:02.506,7.55532,7.55733,1.00,1.00
2015.02.03 16:04:02.557,7.55532,7.55747,1.00,1.37
2015.02.03 16:04:02.658,7.55532,7.5573,1.00,1.00
2015.02.03 16:04:03.035,7.55532,7.55721,1.00,1.00
2015.02.03 16:04:03.188,7.55522,7.55721,1.00,1.00
2015.02.03 16:04:03.765,7.55523,7.55721,1.00,1.00
2015.02.03 16:04:04.280,7.55523,7.55722,1.00,1.00
2015.02.03 16:04:05.111,7.55523,7.5573,1.00,1.00
2015.02.03 16:04:05.327,7.55523,7.5575,1.00,1.00
2015.02.03 16:04:05.378,7.55582,7.55775,1.35,1.00
2015.02.03 16:04:05.530,7.55582,7.55805,1.35,1.00
2015.02.03 16:04:05.833,7.55582,7.55818,1.35,1.00
2015.02.03 16:04:06.739,7.55561,7.55812,2.29,1.00
2015.02.03 16:04:06.790,7.55543,7.55812,1.24,1.37
2015.02.03 16:04:06.892,7.55514,7.55812,1.54,1.75
2015.02.03 16:04:07.196,7.55562,7.55792,1.72,1.00
2015.02.03 16:04:07.297,7.55563,7.558,1.35,1.00
2015.02.03 16:04:07.913,7.55572,7.558,1.00,1.00
2015.02.03 16:04:08.034,7.55572,7.55812,1.00,1.00
2015.02.03 16:04:08.133,7.55563,7.55812,1.35,1.00
2015.02.03 16:04:08.184,7.55563,7.55825,1.35,1.00
2015.02.03 16:04:08.235,7.55563,7.55825,1.35,1.75
2015.02.03 16:04:08.567,7.55592,7.55825,1.00,1.00
2015.02.03 16:04:08.617,7.55572,7.55825,1.75,1.00
2015.02.03 16:04:08.692,7.55572,7.55818,1.75,1.00
2015.02.03 16:04:09.031,7.55582,7.55818,1.00,1.00
2015.02.03 16:04:09.284,7.55582,7.55825,1.00,1.37
2015.02.03 16:04:09.606,7.55582,7.55827,1.75,1.00
2015.02.03 16:04:09.946,7.55567,7.55821,1.54,1.00
2015.02.03 16:04:10.250,7.55512,7.55787,1.94,1.00
2015.02.03 16:04:10.571,7.55522,7.55786,1.94,1.00
2015.02.03 16:04:11.004,7.55512,7.55779,1.94,1.00
2015.02.03 16:04:11.055,7.55512,7.55779,1.94,1.00
2015.02.03 16:04:12.146,7.55552,7.55781,1.19,1.00
2015.02.03 16:04:12.247,7.55582,7.55794,1.00,1.00
2015.02.03 16:04:12.759,7.55592,7.55797,1.00,1.00
2015.02.03 16:04:12.864,7.55582,7.55797,1.00,1.00
2015.02.03 16:04:15.536,7.55562,7.55797,1.19,1.00
2015.02.03 16:04:15.638,7.55562,7.55792,1.19,1.00
2015.02.03 16:04:15.970,7.55562,7.55779,1.19,1.00
2015.02.03 16:04:16.443,7.55552,7.55779,1.19,1.00
2015.02.03 16:04:17.072,7.55572,7.55786,1.00,1.00
2015.02.03 16:04:17.173,7.55572,7.55797,1.00,1.00
2015.02.03 16:04:17.274,7.55572,7.55786,1.00,1.00
2015.02.03 16:04:17.325,7.55553,7.55786,1.19,1.00
2015.02.03 16:04:18.728,7.55553,7.55766,1.00,1.00
2015.02.03 16:04:18.880,7.55523,7.55766,1.19,1.00
2015.02.03 16:04:18.931,7.55523,7.55752,1.19,1.00
2015.02.03 16:04:19.133,7.55513,7.55752,1.00,1.00
2015.02.03 16:04:19.184,7.55493,7.55732,1.19,1.00
2015.02.03 16:04:19.526,7.55502,7.55694,1.94,1.00
2015.02.03 16:04:19.577,7.55502,7.55694,1.19,1.00
2015.02.03 16:04:19.628,7.55439,7.55665,1.01,1.00
2015.02.03 16:04:19.729,7.55442,7.55683,1.94,1.00
2015.02.03 16:04:19.780,7.55439,7.55683,1.01,1.00
2015.02.03 16:04:19.831,7.55439,7.55694,1.01,1.00
2015.02.03 16:04:19.983,7.55442,7.55694,1.94,1.00
2015.02.03 16:04:20.135,7.55452,7.55713,1.94,1.00
2015.02.03 16:04:20.185,7.55452,7.55713,1.94,1.00
2015.02.03 16:04:20.388,7.55462,7.55717,1.94,1.00
2015.02.03 16:04:21.270,7.55463,7.55709,1.94,1.00
2015.02.03 16:04:21.573,7.55472,7.5569,1.19,1.00
2015.02.03 16:04:21.933,7.55463,7.5568,1.19,1.00
2015.02.03 16:04:22.441,7.55462,7.5568,1.19,1.00
2015.02.03 16:04:22.773,7.55462,7.55673,1.19,1.00
2015.02.03 16:04:23.346,7.55462,7.55684,1.19,1.00
2015.02.03 16:04:23.447,7.55462,7.55697,1.94,1.00
2015.02.03 16:04:24.135,7.55482,7.55697,1.00,1.00
2015.02.03 16:04:24.441,7.55472,7.55691,1.00,1.00
2015.02.03 16:04:25.236,7.55482,7.55691,1.00,1.00
2015.02.03 16:04:25.454,7.55472,7.55691,1.00,1.00
2015.02.03 16:04:25.523,7.55472,7.55679,1.00,1.00
2015.02.03 16:04:26.713,7.55462,7.55679,1.19,1.00
2015.02.03 16:04:28.484,7.55453,7.55679,1.94,1.00
2015.02.03 16:04:28.807,7.55492,7.55691,1.00,1.00
2015.02.03 16:04:29.124,7.55502,7.55691,1.00,1.00
2015.02.03 16:04:29.175,7.55502,7.55699,1.00,1.00
2015.02.03 16:04:29.227,7.55512,7.55699,1.00,1.00
2015.02.03 16:04:29.277,7.55512,7.55705,1.00,1.00
2015.02.03 16:04:29.494,7.55512,7.55713,1.00,1.00
2015.02.03 16:04:29.545,7.55522,7.55713,1.00,1.00
2015.02.03 16:04:29.849,7.55522,7.55701,1.00,1.00
2015.02.03 16:04:29.899,7.55512,7.55701,1.19,1.00
2015.02.03 16:04:30.051,7.55493,7.55695,1.19,1.00
2015.02.03 16:04:30.374,7.55482,7.55681,1.19,1.00
2015.02.03 16:04:31.167,7.55482,7.55681,1.00,1.00
2015.02.03 16:04:31.268,7.55482,7.55672,1.75,1.00
2015.02.03 16:04:31.370,7.55512,7.55688,1.00,1.00
2015.02.03 16:04:31.714,7.55512,7.55699,1.00,1.00
2015.02.03 16:04:31.815,7.55492,7.55699,1.00,1.00
2015.02.03 16:04:31.984,7.55502,7.55699,1.00,1.00
2015.02.03 16:04:32.341,7.55502,7.55687,1.00,1.00
2015.02.03 16:04:32.392,7.55482,7.55687,1.00,1.00
2015.02.03 16:04:32.443,7.55482,7.55687,1.37,1.00
2015.02.03 16:04:35.202,7.55482,7.55656,1.37,1.00
2015.02.03 16:04:35.253,7.55482,7.55656,1.00,1.00
2015.02.03 16:04:35.395,7.55463,7.55656,1.19,1.00
2015.02.03 16:04:35.446,7.55463,7.55677,1.19,1.00
2015.02.03 16:04:36.385,7.55472,7.55677,1.00,1.00
2015.02.03 16:04:36.487,7.55462,7.55677,1.00,1.00
2015.02.03 16:04:36.894,7.55462,7.55697,1.19,1.00
2015.02.03 16:04:37.199,7.55522,7.55717,1.19,1.00
2015.02.03 16:04:37.664,7.55512,7.55697,1.19,1.00
2015.02.03 16:04:37.715,7.55512,7.55697,1.19,1.00
2015.02.03 16:04:37.866,7.55493,7.55689,1.19,1.00
2015.02.03 16:04:38.199,7.55502,7.55697,1.19,1.00
2015.02.03 16:04:39.780,7.55512,7.55697,1.19,1.00
2015.02.03 16:04:41.829,7.55532,7.55705,1.19,1.00
2015.02.03 16:04:41.931,7.55532,7.55722,1.19,1.00
2015.02.03 16:04:43.500,7.55532,7.5573,1.19,1.00
2015.02.03 16:04:43.900,7.55532,7.5573,1.19,1.00
2015.02.03 16:04:45.323,7.55532,7.55711,1.19,1.00
2015.02.03 16:04:46.296,7.55533,7.55711,1.19,1.00
2015.02.03 16:04:47.741,7.55533,7.55718,1.19,1.00
2015.02.03 16:04:48.401,7.55533,7.55718,1.19,1.00
2015.02.03 16:04:50.721,7.55543,7.55706,1.19,1.00
2015.02.03 16:04:51.953,7.55543,7.55718,1.19,1.00
2015.02.03 16:04:52.054,7.55572,7.5573,1.19,1.00
2015.02.03 16:04:52.156,7.55572,7.5573,1.19,1.00
2015.02.03 16:04:53.358,7.55582,7.55729,1.19,1.00
2015.02.03 16:04:53.755,7.55593,7.55729,1.19,1.00
2015.02.03 16:04:53.806,7.55593,7.55748,1.19,1.00
2015.02.03 16:04:53.857,7.55623,7.55748,1.19,1.00
2015.02.03 16:04:53.908,7.55623,7.55789,1.19,1.00
2015.02.03 16:04:54.060,7.55632,7.55781,1.19,1.00
2015.02.03 16:04:54.782,7.55622,7.55776,1.19,1.00
2015.02.03 16:04:55.929,7.55602,7.55776,1.19,1.00
2015.02.03 16:04:56.764,7.55613,7.55782,1.19,1.00
2015.02.03 16:04:57.949,7.55612,7.55782,1.19,1.00
2015.02.03 16:04:58.308,7.55602,7.55771,1.19,1.00
2015.02.03 16:04:58.358,7.55582,7.55771,1.19,1.00
2015.02.03 16:04:59.442,7.55612,7.55771,1.00,1.00
2015.02.03 16:05:00.047,7.55612,7.55771,1.19,1.00
2015.02.03 16:05:00.098,7.55612,7.55777,1.19,1.00
2015.02.03 16:05:00.284,7.55612,7.55777,1.00,1.00
2015.02.03 16:05:00.437,7.55622,7.55777,1.00,1.00
2015.02.03 16:05:00.588,7.55602,7.55777,1.19,1.00
2015.02.03 16:05:00.872,7.55612,7.55777,1.00,1.00
2015.02.03 16:05:01.383,7.55612,7.55776,1.00,1.00
2015.02.03 16:05:02.822,7.55612,7.55781,1.00,1.00
2015.02.03 16:05:02.872,7.55612,7.55781,1.19,1.00
2015.02.03 16:05:03.363,7.55612,7.55785,1.19,1.00
2015.02.03 16:05:04.023,7.55602,7.55777,1.19,1.00
2015.02.03 16:05:04.495,7.55602,7.5577,1.19,1.00
2015.02.03 16:05:04.596,7.55592,7.55752,1.19,1.00
2015.02.03 16:05:04.698,7.55572,7.55752,1.19,1.00
2015.02.03 16:05:04.799,7.55572,7.55752,1.19,1.00
2015.02.03 16:05:05.102,7.55552,7.5573,1.19,1.00
2015.02.03 16:05:06.462,7.55532,7.5573,1.19,1.00
2015.02.03 16:05:08.568,7.55562,7.5573,1.19,1.00
2015.02.03 16:05:08.872,7.55562,7.55738,1.19,1.00
2015.02.03 16:05:09.633,7.55562,7.55725,1.19,1.00
2015.02.03 16:05:11.012,7.55583,7.55725,1.19,1.00
2015.02.03 16:05:11.114,7.55532,7.55705,1.00,1.00
2015.02.03 16:05:11.165,7.55512,7.55705,1.00,1.00
2015.02.03 16:05:11.216,7.55512,7.55685,1.19,1.00
2015.02.03 16:05:11.529,7.55522,7.55679,1.19,1.00
2015.02.03 16:05:11.865,7.55522,7.55686,1.19,1.00
2015.02.03 16:05:13.010,7.55552,7.55686,1.19,1.00
2015.02.03 16:05:13.061,7.55563,7.55692,1.19,1.00
2015.02.03 16:05:13.162,7.55563,7.55712,1.19,1.00
2015.02.03 16:05:13.213,7.55563,7.55712,1.19,1.00
2015.02.03 16:05:13.314,7.55562,7.55712,1.60,1.00
2015.02.03 16:05:13.365,7.55592,7.55712,1.00,1.00
2015.02.03 16:05:13.674,7.55572,7.55724,1.19,1.00
2015.02.03 16:05:13.927,7.55572,7.55732,1.19,1.00
2015.02.03 16:05:14.715,7.55563,7.55735,1.79,1.00
2015.02.03 16:05:15.592,7.55553,7.55735,1.19,1.00
2015.02.03 16:05:15.921,7.55553,7.55727,1.19,1.00
2015.02.03 16:05:16.320,7.55543,7.55727,1.19,1.00
2015.02.03 16:05:16.371,7.55532,7.55722,1.19,1.00
2015.02.03 16:05:16.827,7.55533,7.55711,1.19,1.00
2015.02.03 16:05:17.141,7.55512,7.55704,1.19,1.00
2015.02.03 16:05:17.332,7.55563,7.55704,1.00,1.00
2015.02.03 16:05:17.643,7.55563,7.55701,1.00,1.00
2015.02.03 16:05:17.694,7.55563,7.55727,1.00,1.07
2015.02.03 16:05:17.745,7.55563,7.55727,1.19,1.07
2015.02.03 16:05:17.847,7.55563,7.55727,1.19,1.00
2015.02.03 16:05:17.948,7.55563,7.55729,1.19,1.00
2015.02.03 16:05:18.243,7.55563,7.55708,1.19,1.00
2015.02.03 16:05:18.345,7.55563,7.55708,1.19,1.00
2015.02.03 16:05:18.447,7.5556,7.55703,2.29,1.00
2015.02.03 16:05:18.902,7.5556,7.55716,2.29,1.00
2015.02.03 16:05:19.003,7.5556,7.55701,2.29,1.00
2015.02.03 16:05:19.209,7.5556,7.55711,2.29,1.00
2015.02.03 16:05:19.565,7.5556,7.55733,2.29,1.00
2015.02.03 16:05:19.666,7.5556,7.55721,2.29,1.00
2015.02.03 16:05:20.020,7.5556,7.55699,2.29,1.00
2015.02.03 16:05:20.445,7.5556,7.55699,2.29,1.00
2015.02.03 16:05:20.774,7.5556,7.55697,2.29,1.00
2015.02.03 16:05:20.962,7.55532,7.55697,1.94,1.00
2015.02.03 16:05:21.655,7.55542,7.55696,1.19,1.00
2015.02.03 16:05:21.953,7.55542,7.55698,1.19,1.00
2015.02.03 16:05:22.054,7.55532,7.55698,1.19,1.00
2015.02.03 16:05:22.612,7.55523,7.557,1.94,1.00
2015.02.03 16:05:23.096,7.55523,7.55693,1.94,1.00
2015.02.03 16:05:23.992,7.55523,7.55687,1.19,1.00
2015.02.03 16:05:24.043,7.55523,7.55687,1.19,1.00
2015.02.03 16:05:24.296,7.55542,7.55689,1.19,1.00
2015.02.03 16:05:24.624,7.55542,7.55702,1.19,1.00
2015.02.03 16:05:25.202,7.55533,7.55702,1.94,1.00
2015.02.03 16:05:25.662,7.55533,7.55702,1.19,1.00
2015.02.03 16:05:25.713,7.55493,7.55682,1.56,1.00
2015.02.03 16:05:26.016,7.55502,7.55653,1.94,1.00
2015.02.03 16:05:27.563,7.55512,7.55653,1.19,1.00
2015.02.03 16:05:27.614,7.55512,7.55646,1.19,1.00
2015.02.03 16:05:28.173,7.55512,7.55646,1.19,1.00
2015.02.03 16:05:28.377,7.55542,7.55685,1.31,1.00
2015.02.03 16:05:28.804,7.55562,7.55698,1.19,1.00
2015.02.03 16:05:29.642,7.55562,7.55698,1.19,1.00
2015.02.03 16:05:29.693,7.55562,7.55712,1.19,1.00
2015.02.03 16:05:29.744,7.55583,7.55712,1.19,1.00
2015.02.03 16:05:29.896,7.55583,7.55731,1.19,1.00
2015.02.03 16:05:29.947,7.55583,7.55731,1.19,1.00
2015.02.03 16:05:30.365,7.55602,7.55738,1.19,1.00
2015.02.03 16:05:30.466,7.55602,7.55738,1.19,1.00
2015.02.03 16:05:30.568,7.55582,7.55718,1.19,1.00
2015.02.03 16:05:31.194,7.55572,7.55718,1.19,1.00
2015.02.03 16:05:31.245,7.55572,7.55738,1.19,1.00
2015.02.03 16:05:31.346,7.55572,7.55744,1.19,1.00
2015.02.03 16:05:31.774,7.55572,7.55733,1.19,1.00
2015.02.03 16:05:32.103,7.55582,7.55726,1.19,1.00
2015.02.03 16:05:32.154,7.55582,7.55726,1.19,1.00
2015.02.03 16:05:32.450,7.55582,7.55718,1.19,1.00
2015.02.03 16:05:32.501,7.55572,7.55718,1.19,1.00
2015.02.03 16:05:32.865,7.55553,7.55705,1.19,1.00
2015.02.03 16:05:34.546,7.55572,7.55712,1.19,1.00
2015.02.03 16:05:34.805,7.55572,7.55712,1.19,1.00
2015.02.03 16:05:35.172,7.55572,7.55696,1.19,1.00
2015.02.03 16:05:35.273,7.55542,7.55696,1.26,1.00
2015.02.03 16:05:35.612,7.55552,7.5569,1.19,1.00
2015.02.03 16:05:37.269,7.55542,7.5569,1.26,1.00
2015.02.03 16:05:39.377,7.55553,7.5569,1.19,1.00
2015.02.03 16:05:40.374,7.55562,7.55685,1.19,1.00
2015.02.03 16:05:40.788,7.55562,7.55704,1.19,1.00
2015.02.03 16:05:41.513,7.55572,7.55704,1.19,1.00
2015.02.03 16:05:41.822,7.55572,7.55707,1.19,1.00
2015.02.03 16:05:42.137,7.55582,7.55715,1.19,1.00
2015.02.03 16:05:43.093,7.55583,7.5572,1.19,1.00
2015.02.03 16:05:43.196,7.55563,7.5572,1.26,1.00
2015.02.03 16:05:43.247,7.55563,7.55707,1.26,1.00
2015.02.03 16:05:44.657,7.55552,7.55686,1.19,1.00
2015.02.03 16:05:44.809,7.55532,7.55681,1.26,1.00
2015.02.03 16:05:45.952,7.55522,7.55674,1.19,1.00
2015.02.03 16:05:46.328,7.55522,7.55656,1.19,1.00
2015.02.03 16:05:47.096,7.55522,7.55656,1.19,1.00
2015.02.03 16:05:47.492,7.55522,7.55654,1.19,1.00
2015.02.03 16:05:47.644,7.55492,7.55654,1.07,1.00
2015.02.03 16:05:47.745,7.55492,7.55654,1.26,1.00
2015.02.03 16:05:48.089,7.55492,7.55634,1.19,1.00
2015.02.03 16:05:49.490,7.55492,7.55628,1.19,1.00
2015.02.03 16:05:50.806,7.55483,7.55628,1.19,1.00
2015.02.03 16:05:50.958,7.55442,7.55628,1.37,1.00
2015.02.03 16:05:51.059,7.55433,7.5561,1.00,1.00
2015.02.03 16:05:51.110,7.55402,7.5561,1.56,1.00
2015.02.03 16:05:51.161,7.55402,7.55555,1.19,1.00
2015.02.03 16:05:51.482,7.55412,7.55545,1.19,1.00
2015.02.03 16:05:51.998,7.55422,7.55546,1.19,1.00
2015.02.03 16:05:52.048,7.55422,7.55561,1.19,1.00
2015.02.03 16:05:52.150,7.55422,7.55561,1.19,1.00
2015.02.03 16:05:52.453,7.55422,7.55568,1.19,1.00
2015.02.03 16:05:53.220,7.55442,7.55575,1.19,1.00
2015.02.03 16:05:53.474,7.55442,7.55572,1.19,1.00
2015.02.03 16:05:54.117,7.55442,7.55572,1.19,1.00
2015.02.03 16:05:56.291,7.55423,7.55577,1.19,1.00
2015.02.03 16:05:56.342,7.55423,7.55577,1.19,1.00
2015.02.03 16:05:56.555,7.55412,7.55568,1.75,1.00
2015.02.03 16:05:56.656,7.55412,7.55549,1.56,1.00
2015.02.03 16:05:56.758,7.55412,7.55665,1.56,1.60
2015.02.03 16:05:56.859,7.55419,7.55716,1.01,1.75
2015.02.03 16:05:56.960,7.55422,7.55724,1.01,1.30
2015.02.03 16:05:57.112,7.5543,7.55738,1.01,1.00
2015.02.03 16:05:57.163,7.5543,7.55738,1.01,1.75
2015.02.03 16:05:57.365,7.5543,7.55737,1.01,1.00
2015.02.03 16:05:57.832,7.5543,7.55725,1.01,1.00
2015.02.03 16:05:58.136,7.55423,7.5571,1.01,1.00
2015.02.03 16:05:58.288,7.55423,7.55712,1.01,1.00
2015.02.03 16:05:58.339,7.55423,7.55712,1.01,1.00
2015.02.03 16:05:58.389,7.55432,7.55728,1.94,1.00
2015.02.03 16:05:58.440,7.55448,7.55728,1.94,1.00
2015.02.03 16:05:58.542,7.55451,7.55743,1.01,1.00
2015.02.03 16:05:58.822,7.55451,7.55749,1.01,1.00
2015.02.03 16:05:59.511,7.55457,7.55743,1.01,1.00
2015.02.03 16:05:59.822,7.55457,7.55736,1.01,1.00
2015.02.03 16:05:59.924,7.55457,7.55739,1.01,1.00
2015.02.03 16:06:00.183,7.55457,7.55741,1.01,1.00
2015.02.03 16:06:00.568,7.55457,7.55741,1.01,1.00
2015.02.03 16:06:00.619,7.55457,7.55745,1.01,1.00
2015.02.03 16:06:00.670,7.55457,7.55745,1.01,1.00
2015.02.03 16:06:01.075,7.55452,7.55745,1.94,1.00
2015.02.03 16:06:01.602,7.55448,7.55735,1.94,1.00
2015.02.03 16:06:01.654,7.55448,7.55735,1.75,1.00
2015.02.03 16:06:01.706,7.55448,7.55715,1.00,1.75
2015.02.03 16:06:01.756,7.55448,7.55715,1.19,1.75
2015.02.03 16:06:02.863,7.55413,7.55704,1.01,1.75
2015.02.03 16:06:02.965,7.55392,7.5569,1.12,1.75
2015.02.03 16:06:03.067,7.5539,7.55676,1.29,1.75
2015.02.03 16:06:03.270,7.55363,7.55656,1.94,1.00
2015.02.03 16:06:03.574,7.55402,7.55676,1.94,1.00
2015.02.03 16:06:03.710,7.55402,7.55689,1.94,1.00
2015.02.03 16:06:03.902,7.55402,7.55682,1.94,1.00
2015.02.03 16:06:04.476,7.55391,7.55682,1.01,1.75
2015.02.03 16:06:04.883,7.55432,7.55708,1.31,1.75
2015.02.03 16:06:04.984,7.55432,7.55708,1.94,1.00
2015.02.03 16:06:05.379,7.55425,7.55708,1.94,1.00
2015.02.03 16:06:06.351,7.55432,7.55722,1.94,1.75
2015.02.03 16:06:06.452,7.55433,7.55727,1.94,1.00
2015.02.03 16:06:06.909,7.55449,7.55727,1.94,1.00
2015.02.03 16:06:07.072,7.55449,7.55748,1.94,1.00
2015.02.03 16:06:08.004,7.55452,7.55748,1.94,1.75
2015.02.03 16:06:08.113,7.55463,7.55748,1.94,1.00
2015.02.03 16:06:08.269,7.55463,7.55748,1.94,1.00
2015.02.03 16:06:08.320,7.55482,7.55761,1.94,1.00
2015.02.03 16:06:08.371,7.55482,7.55761,1.94,1.00
2015.02.03 16:06:08.421,7.55482,7.55781,1.94,1.00
2015.02.03 16:06:08.742,7.55518,7.55788,1.94,1.00
2015.02.03 16:06:09.474,7.55518,7.55803,1.94,1.00
2015.02.03 16:06:10.372,7.55518,7.55795,1.94,1.00
2015.02.03 16:06:10.804,7.55518,7.55795,1.94,1.00
2015.02.03 16:06:11.620,7.55518,7.55801,1.94,1.00
2015.02.03 16:06:11.692,7.55518,7.55809,1.94,1.00
2015.02.03 16:06:12.986,7.55518,7.55809,1.94,1.00
2015.02.03 16:06:13.233,7.55523,7.55816,1.94,1.00
2015.02.03 16:06:14.791,7.55518,7.55816,1.94,1.00
2015.02.03 16:06:14.896,7.55508,7.55818,1.01,1.00
2015.02.03 16:06:14.997,7.55508,7.55853,1.01,1.74
2015.02.03 16:06:15.896,7.55508,7.55853,1.01,1.74
2015.02.03 16:06:16.529,7.55512,7.55853,1.94,1.74
2015.02.03 16:06:16.731,7.55582,7.55858,1.94,2.01
2015.02.03 16:06:16.833,7.55592,7.55844,1.94,1.52
2015.02.03 16:06:17.131,7.55572,7.55858,1.94,1.35
2015.02.03 16:06:17.843,7.55572,7.55857,1.94,1.33
2015.02.03 16:06:17.945,7.55572,7.55857,1.94,1.33
2015.02.03 16:06:18.453,7.55592,7.55848,1.94,1.17
2015.02.03 16:06:19.082,7.55593,7.55856,1.19,1.19
2015.02.03 16:06:19.954,7.55592,7.55856,1.19,1.19
2015.02.03 16:06:20.763,7.55581,7.55848,1.01,1.24
2015.02.03 16:06:21.128,7.55581,7.55848,1.01,1.42
2015.02.03 16:06:21.747,7.55572,7.55847,1.94,1.44
2015.02.03 16:06:22.345,7.55555,7.5585,1.01,1.23
2015.02.03 16:06:22.548,7.55522,7.55828,2.04,1.30
2015.02.03 16:06:22.838,7.55522,7.55824,2.04,1.00
2015.02.03 16:06:22.889,7.55522,7.55838,2.04,1.38
2015.02.03 16:06:22.939,7.55498,7.55795,1.12,1.00
2015.02.03 16:06:22.990,7.55483,7.55795,1.37,1.00
2015.02.03 16:06:23.041,7.55366,7.55689,1.31,1.00
2015.02.03 16:06:23.092,7.55366,7.55689,1.31,1.00
2015.02.03 16:06:23.143,7.55372,7.55706,1.69,1.00
2015.02.03 16:06:23.446,7.55392,7.55704,1.19,1.00
2015.02.03 16:06:23.926,7.55383,7.55695,1.19,1.00
2015.02.03 16:06:24.232,7.55402,7.55695,1.19,1.00
2015.02.03 16:06:24.831,7.55412,7.55704,1.94,1.00
2015.02.03 16:06:24.932,7.55412,7.55704,1.94,1.00
2015.02.03 16:06:25.034,7.55442,7.55729,1.94,1.00
2015.02.03 16:06:25.135,7.55432,7.55743,1.94,1.00
2015.02.03 16:06:25.338,7.55434,7.55743,1.94,1.00
2015.02.03 16:06:25.489,7.55462,7.55755,1.94,1.00
2015.02.03 16:06:25.541,7.55462,7.55755,1.94,1.00
2015.02.03 16:06:25.593,7.55462,7.55769,1.94,1.00
2015.02.03 16:06:25.795,7.55463,7.55774,1.94,1.00
2015.02.03 16:06:25.922,7.55442,7.55768,1.94,1.75
2015.02.03 16:06:25.972,7.55442,7.55768,1.94,1.75
2015.02.03 16:06:26.023,7.55413,7.55717,1.94,1.00
2015.02.03 16:06:26.355,7.55392,7.55708,1.94,1.00
2015.02.03 16:06:28.182,7.55392,7.55708,1.94,1.00
2015.02.03 16:06:28.335,7.55382,7.5569,1.94,1.00
2015.02.03 16:06:28.520,7.55382,7.55703,1.94,1.00
2015.02.03 16:06:28.875,7.55402,7.55688,1.94,1.00
2015.02.03 16:06:28.925,7.55402,7.55688,1.94,1.50
2015.02.03 16:06:29.077,7.55342,7.55651,1.94,1.37
2015.02.03 16:06:29.128,7.55342,7.55651,1.94,1.75
2015.02.03 16:06:29.431,7.55362,7.55639,1.19,1.00
2015.02.03 16:06:29.482,7.55362,7.55639,1.19,1.00
2015.02.03 16:06:29.533,7.55322,7.5562,1.19,1.00
2015.02.03 16:06:29.842,7.55303,7.55625,1.19,1.00
2015.02.03 16:06:30.061,7.55332,7.55638,1.19,1.00
2015.02.03 16:06:30.162,7.55332,7.55638,1.19,1.00
2015.02.03 16:06:30.213,7.55332,7.55626,1.19,1.00
2015.02.03 16:06:30.715,7.55282,7.55593,1.94,1.00
2015.02.03 16:06:30.991,7.55282,7.55593,1.94,1.00
2015.02.03 16:06:32.153,7.55282,7.556,1.94,1.50
2015.02.03 16:06:32.255,7.55282,7.556,1.94,1.00
2015.02.03 16:06:32.376,7.55292,7.556,1.94,1.37
2015.02.03 16:06:32.477,7.55282,7.556,1.94,1.00
2015.02.03 16:06:32.528,7.55282,7.55606,1.94,1.00
2015.02.03 16:06:32.579,7.55282,7.55606,1.94,1.00
2015.02.03 16:06:33.405,7.55303,7.55613,1.94,1.00
2015.02.03 16:06:33.456,7.55303,7.55613,1.94,1.37
2015.02.03 16:06:33.507,7.55303,7.55606,1.94,1.00
2015.02.03 16:06:33.558,7.55293,7.55606,1.94,1.75
2015.02.03 16:06:33.912,7.55272,7.5558,1.94,1.00
2015.02.03 16:06:34.242,7.55272,7.55587,1.94,1.00
2015.02.03 16:06:35.232,7.55282,7.55592,1.94,1.37
2015.02.03 16:06:35.781,7.55252,7.5558,1.94,1.00
2015.02.03 16:06:36.097,7.55252,7.5558,1.94,1.75
2015.02.03 16:06:36.198,7.55233,7.55572,1.94,1.75
2015.02.03 16:06:36.509,7.55212,7.55526,1.94,1.00
2015.02.03 16:06:36.560,7.55212,7.55534,1.94,1.00
2015.02.03 16:06:36.712,7.55212,7.55527,1.94,1.00
2015.02.03 16:06:37.121,7.55222,7.55534,1.94,1.00
2015.02.03 16:06:37.461,7.55213,7.55531,1.94,1.00
2015.02.03 16:06:38.114,7.55222,7.55488,1.94,1.00
2015.02.03 16:06:38.217,7.55222,7.55452,1.75,1.00
2015.02.03 16:06:38.419,7.55142,7.55452,1.94,1.19
2015.02.03 16:06:38.543,7.55163,7.55471,1.94,1.00
2015.02.03 16:06:38.644,7.55152,7.55471,1.94,1.00
2015.02.03 16:06:38.796,7.55152,7.55479,1.94,1.00
2015.02.03 16:06:38.897,7.55163,7.55488,1.94,1.00
2015.02.03 16:06:38.999,7.55172,7.55488,1.94,1.00
2015.02.03 16:06:39.101,7.55192,7.55507,1.94,1.07
2015.02.03 16:06:39.152,7.55192,7.55507,1.94,1.00
2015.02.03 16:06:39.330,7.55192,7.55514,1.94,1.00
2015.02.03 16:06:39.393,7.55192,7.55514,1.94,1.19
2015.02.03 16:06:39.494,7.55193,7.55514,1.94,1.00
2015.02.03 16:06:39.545,7.55193,7.55514,1.94,1.00
2015.02.03 16:06:39.939,7.55188,7.55505,1.94,1.00
2015.02.03 16:06:40.006,7.55188,7.55505,1.94,1.00
2015.02.03 16:06:40.107,7.55188,7.55485,1.94,1.00
2015.02.03 16:06:40.332,7.55188,7.55495,1.94,1.00
2015.02.03 16:06:40.534,7.55188,7.55503,1.94,1.00
2015.02.03 16:06:40.636,7.55173,7.55523,2.29,1.00
2015.02.03 16:06:40.990,7.55212,7.55531,1.94,1.00
2015.02.03 16:06:41.525,7.55201,7.55531,2.24,1.00
2015.02.03 16:06:41.627,7.55201,7.55505,2.24,1.00
2015.02.03 16:06:41.830,7.55172,7.55514,1.94,1.00
2015.02.03 16:06:42.201,7.55203,7.55529,1.94,1.00
2015.02.03 16:06:42.252,7.55202,7.55529,1.94,1.00
2015.02.03 16:06:42.567,7.55222,7.55536,1.94,1.00
2015.02.03 16:06:42.618,7.55222,7.55549,1.94,1.00
2015.02.03 16:06:42.719,7.55242,7.55582,1.94,1.07
2015.02.03 16:06:42.770,7.55252,7.55582,1.94,1.00
2015.02.03 16:06:42.872,7.55262,7.55595,1.94,1.07
2015.02.03 16:06:42.973,7.55263,7.55587,1.94,1.00
2015.02.03 16:06:43.075,7.5527,7.55606,1.01,1.00
2015.02.03 16:06:43.734,7.55272,7.55613,1.94,1.00
2015.02.03 16:06:44.153,7.55322,7.55633,1.94,1.00
2015.02.03 16:06:44.255,7.55322,7.55653,1.94,1.00
2015.02.03 16:06:44.558,7.55332,7.55653,1.94,1.00
2015.02.03 16:06:44.659,7.55329,7.55653,1.94,1.00
2015.02.03 16:06:44.761,7.55329,7.55653,1.94,1.00
2015.02.03 16:06:44.811,7.55329,7.55646,1.94,1.00
2015.02.03 16:06:45.353,7.55329,7.55653,1.94,1.00
2015.02.03 16:06:45.701,7.55322,7.55666,1.94,1.00
2015.02.03 16:06:46.011,7.55332,7.55653,1.94,1.00
2015.02.03 16:06:47.124,7.55333,7.55659,1.94,1.00
2015.02.03 16:06:47.225,7.55342,7.55679,1.94,1.00
2015.02.03 16:06:47.473,7.55333,7.55685,1.94,1.00
2015.02.03 16:06:47.676,7.55369,7.55679,1.94,1.00
2015.02.03 16:06:48.038,7.55342,7.55658,1.94,1.00
2015.02.03 16:06:48.371,7.55332,7.55646,2.44,1.60
2015.02.03 16:06:48.473,7.55332,7.55626,2.44,1.00
2015.02.03 16:06:48.776,7.55302,7.55613,1.94,1.00
2015.02.03 16:06:49.039,7.55302,7.556,2.44,1.00
2015.02.03 16:06:49.242,7.55283,7.55593,1.01,1.00
2015.02.03 16:06:49.344,7.55283,7.55587,2.04,1.00
2015.02.03 16:06:49.395,7.55283,7.55587,1.94,1.37
2015.02.03 16:06:49.446,7.55283,7.55567,1.75,1.00
2015.02.03 16:06:49.497,7.55275,7.55567,1.75,1.60
2015.02.03 16:06:49.820,7.55243,7.55546,1.94,1.00
2015.02.03 16:06:50.161,7.55252,7.5554,1.94,1.00
2015.02.03 16:06:50.212,7.55252,7.5556,2.44,1.00
2015.02.03 16:06:50.314,7.55292,7.55587,1.19,1.00
2015.02.03 16:06:50.365,7.55292,7.55587,1.19,1.00
2015.02.03 16:06:50.416,7.55302,7.55626,1.19,1.07
2015.02.03 16:06:50.468,7.55302,7.55626,1.19,1.67
2015.02.03 16:06:50.569,7.55342,7.55646,1.19,1.00
2015.02.03 16:06:50.741,7.55352,7.55664,1.19,1.00
2015.02.03 16:06:50.843,7.55363,7.55664,1.19,1.00
2015.02.03 16:06:50.894,7.55363,7.55679,1.19,1.00
2015.02.03 16:06:51.205,7.55332,7.55672,1.69,1.00
2015.02.03 16:06:51.708,7.55352,7.55671,1.19,1.00
2015.02.03 16:06:52.011,7.55319,7.55664,1.01,1.00
2015.02.03 16:06:52.342,7.55323,7.55646,1.94,1.00
2015.02.03 16:06:52.746,7.55323,7.55646,1.94,1.00
2015.02.03 16:06:52.848,7.55323,7.55646,1.94,1.00
2015.02.03 16:06:52.949,7.55319,7.55646,1.01,1.75
2015.02.03 16:06:53.322,7.55302,7.55616,1.94,1.00
2015.02.03 16:06:54.275,7.55296,7.55616,1.01,1.00
2015.02.03 16:06:54.784,7.55312,7.55617,1.94,1.00
2015.02.03 16:06:54.835,7.55312,7.55624,1.94,1.00
2015.02.03 16:06:55.583,7.55312,7.55624,1.94,1.00
2015.02.03 16:06:57.663,7.55327,7.55624,1.01,1.00
2015.02.03 16:06:58.136,7.55327,7.55619,1.01,1.00
2015.02.03 16:06:58.242,7.55327,7.55638,1.01,1.00
2015.02.03 16:06:58.351,7.55327,7.55647,1.01,1.00
2015.02.03 16:06:58.570,7.55327,7.55658,1.01,1.50
2015.02.03 16:06:58.930,7.55353,7.55638,1.01,1.00
2015.02.03 16:06:59.444,7.55353,7.55618,1.01,1.00
2015.02.03 16:06:59.598,7.55353,7.55618,1.01,1.00
2015.02.03 16:07:00.640,7.55321,7.55608,1.01,1.00
2015.02.03 16:07:00.969,7.55321,7.55598,1.01,1.00
2015.02.03 16:07:01.019,7.55321,7.55598,1.01,1.00
2015.02.03 16:07:01.248,7.55321,7.55608,1.01,1.00
2015.02.03 16:07:01.351,7.55321,7.55598,1.01,1.00
2015.02.03 16:07:01.910,7.55321,7.55588,1.01,1.00
2015.02.03 16:07:03.811,7.55321,7.55578,1.01,1.00
2015.02.03 16:07:03.968,7.55321,7.55578,1.01,1.00
2015.02.03 16:07:04.019,7.55302,7.55578,1.12,1.19
2015.02.03 16:07:04.273,7.55291,7.55568,1.01,1.00
2015.02.03 16:07:04.375,7.55302,7.55578,1.01,1.00
2015.02.03 16:07:04.881,7.55302,7.55568,1.01,1.00
2015.02.03 16:07:05.204,7.55302,7.55538,1.01,1.00
2015.02.03 16:07:07.472,7.55302,7.55538,1.01,1.00
2015.02.03 16:07:07.523,7.55302,7.55558,1.01,1.00
2015.02.03 16:07:08.412,7.55302,7.55558,1.01,1.00
2015.02.03 16:07:08.462,7.55302,7.55588,1.01,1.00
2015.02.03 16:07:08.564,7.55336,7.55597,1.01,1.00
2015.02.03 16:07:08.621,7.55336,7.55588,1.01,1.00
2015.02.03 16:07:09.675,7.55336,7.55598,1.01,1.00
2015.02.03 16:07:09.852,7.55336,7.55588,1.01,1.00
2015.02.03 16:07:10.172,7.55336,7.55598,1.01,1.00
2015.02.03 16:07:10.269,7.55336,7.55588,1.01,1.00
2015.02.03 16:07:10.321,7.55336,7.55588,1.01,1.00
2015.02.03 16:07:10.422,7.55336,7.55578,1.01,1.00
2015.02.03 16:07:10.602,7.55336,7.55578,1.01,1.00
2015.02.03 16:07:12.408,7.55336,7.55578,1.01,1.00
2015.02.03 16:07:12.510,7.55336,7.55578,1.01,1.00
2015.02.03 16:07:12.561,7.55333,7.55568,1.01,1.00
2015.02.03 16:07:12.662,7.55333,7.55557,1.01,1.00
2015.02.03 16:07:13.050,7.55286,7.55568,1.01,1.00
2015.02.03 16:07:13.154,7.55286,7.55558,1.01,1.00
2015.02.03 16:07:13.876,7.55286,7.55548,1.01,1.00
2015.02.03 16:07:13.991,7.55286,7.55558,1.01,1.00
2015.02.03 16:07:14.042,7.55286,7.55558,1.01,1.00
2015.02.03 16:07:14.603,7.55286,7.55548,1.01,1.00
2015.02.03 16:07:14.704,7.55286,7.55558,1.01,1.00
2015.02.03 16:07:14.873,7.55286,7.55558,1.01,1.00
2015.02.03 16:07:15.210,7.55286,7.55548,1.01,1.00
2015.02.03 16:07:15.991,7.55286,7.55548,1.01,1.00
2015.02.03 16:07:16.042,7.55286,7.55558,1.01,1.00
2015.02.03 16:07:16.662,7.55286,7.55568,1.01,1.00
2015.02.03 16:07:19.094,7.55286,7.55558,1.01,1.00
2015.02.03 16:07:19.423,7.55286,7.55568,1.01,1.00
2015.02.03 16:07:19.995,7.55286,7.55568,1.01,1.00
2015.02.03 16:07:20.046,7.55286,7.55567,1.01,1.00
2015.02.03 16:07:20.097,7.55286,7.55567,1.01,1.00
2015.02.03 16:07:20.147,7.55286,7.55567,1.01,1.00
2015.02.03 16:07:20.693,7.55286,7.55567,1.01,1.00
2015.02.03 16:07:21.158,7.55286,7.55578,1.01,1.00
2015.02.03 16:07:22.483,7.55286,7.55578,1.01,1.00
2015.02.03 16:07:23.203,7.55286,7.55568,1.01,1.00
2015.02.03 16:07:23.307,7.55286,7.55578,1.01,1.00
2015.02.03 16:07:25.570,7.55286,7.55567,1.01,1.00
2015.02.03 16:07:26.380,7.55286,7.55568,1.01,1.00
2015.02.03 16:07:28.247,7.55286,7.55568,1.01,1.00
2015.02.03 16:07:28.349,7.55286,7.55568,1.01,1.00
2015.02.03 16:07:28.400,7.55286,7.55558,1.01,1.00
2015.02.03 16:07:28.451,7.55286,7.55558,1.01,1.00
2015.02.03 16:07:29.090,7.55259,7.55558,1.01,1.00
2015.02.03 16:07:29.502,7.55259,7.55558,1.01,1.00
2015.02.03 16:07:29.560,7.55259,7.55558,1.01,1.00
2015.02.03 16:07:29.662,7.55259,7.55568,1.01,1.00
2015.02.03 16:07:29.763,7.55287,7.55558,1.01,1.00
2015.02.03 16:07:30.066,7.55287,7.55568,1.01,1.00
2015.02.03 16:07:30.416,7.55287,7.55558,1.01,1.00
2015.02.03 16:07:32.000,7.55287,7.55558,1.01,1.00
2015.02.03 16:07:33.428,7.55311,7.55547,1.01,1.00
2015.02.03 16:07:33.638,7.55311,7.55558,1.01,1.00
2015.02.03 16:07:34.084,7.55311,7.55547,1.01,1.00
2015.02.03 16:07:36.214,7.55311,7.55547,1.01,1.00
2015.02.03 16:07:36.316,7.55311,7.55548,1.01,1.00
2015.02.03 16:07:36.418,7.55311,7.55537,1.01,1.00
2015.02.03 16:07:36.519,7.55287,7.55537,1.01,1.00
2015.02.03 16:07:36.621,7.55287,7.55548,1.01,1.00
2015.02.03 16:07:36.824,7.55286,7.55548,2.24,1.00
2015.02.03 16:07:36.876,7.55266,7.55538,2.24,1.00
2015.02.03 16:07:37.028,7.5526,7.55528,1.01,1.00
2015.02.03 16:07:37.129,7.55235,7.55527,1.01,1.00
2015.02.03 16:07:37.559,7.55235,7.55518,1.01,1.00
2015.02.03 16:07:37.619,7.55235,7.55518,1.01,1.00
2015.02.03 16:07:37.670,7.55235,7.55528,1.01,1.00
2015.02.03 16:07:37.721,7.55235,7.55528,1.01,1.00
2015.02.03 16:07:37.772,7.55235,7.55518,1.01,1.00
2015.02.03 16:07:38.497,7.55226,7.55508,2.24,1.00
2015.02.03 16:07:38.599,7.55226,7.55517,2.24,1.00
2015.02.03 16:07:39.114,7.55226,7.55518,2.24,1.00
2015.02.03 16:07:39.328,7.55226,7.55518,2.24,1.00
2015.02.03 16:07:39.635,7.5523,7.55508,1.01,1.00
2015.02.03 16:07:39.946,7.5523,7.55508,1.01,1.00
2015.02.03 16:07:39.997,7.5523,7.55518,1.01,1.00
2015.02.03 16:07:40.230,7.55226,7.55518,1.99,1.00
2015.02.03 16:07:40.280,7.55226,7.55508,1.99,1.00
2015.02.03 16:07:40.646,7.55226,7.55508,2.24,1.00
2015.02.03 16:07:41.089,7.55226,7.55498,2.24,1.00
2015.02.03 16:07:41.140,7.55226,7.55498,2.24,1.00
2015.02.03 16:07:41.241,7.55191,7.55498,1.01,1.00
2015.02.03 16:07:41.297,7.55191,7.55488,1.01,1.00
2015.02.03 16:07:41.403,7.55191,7.55497,1.01,1.00
2015.02.03 16:07:41.620,7.55191,7.55487,1.01,1.00
2015.02.03 16:07:41.970,7.55191,7.55478,1.01,1.00
2015.02.03 16:07:42.384,7.55191,7.55478,1.01,1.00
2015.02.03 16:07:42.530,7.55191,7.55468,1.01,1.00
2015.02.03 16:07:43.606,7.55191,7.55468,1.01,1.00
2015.02.03 16:07:43.996,7.55191,7.55458,1.01,1.00
2015.02.03 16:07:44.048,7.55191,7.55458,1.01,1.00
2015.02.03 16:07:44.250,7.5517,7.55458,2.24,1.00
2015.02.03 16:07:44.404,7.5517,7.55468,2.24,1.00
2015.02.03 16:07:44.601,7.5517,7.55457,2.24,1.00
2015.02.03 16:07:44.915,7.5517,7.55467,2.24,1.00
2015.02.03 16:07:45.420,7.5517,7.55421,2.24,2.10
2015.02.03 16:07:45.522,7.5517,7.55421,1.30,2.10
2015.02.03 16:07:45.573,7.5515,7.55373,1.37,1.00
2015.02.03 16:07:45.725,7.55055,7.55373,1.01,1.00
2015.02.03 16:07:45.776,7.55055,7.55348,1.01,1.00
2015.02.03 16:07:45.877,7.55029,7.55348,1.01,1.00
2015.02.03 16:07:46.111,7.55029,7.55327,1.01,1.00
2015.02.03 16:07:46.221,7.55033,7.55327,1.01,1.00
2015.02.03 16:07:46.568,7.55017,7.55338,1.01,1.19
2015.02.03 16:07:47.024,7.55017,7.55328,1.01,1.00
2015.02.03 16:07:47.183,7.55017,7.55318,1.01,1.00
2015.02.03 16:07:47.356,7.55017,7.55318,1.01,1.00
2015.02.03 16:07:47.982,7.55042,7.55308,1.01,1.00
2015.02.03 16:07:49.311,7.55042,7.55327,1.01,1.00
2015.02.03 16:07:49.362,7.55023,7.55327,1.12,1.19
2015.02.03 16:07:49.413,7.55023,7.55308,1.12,1.19
2015.02.03 16:07:49.464,7.55023,7.55308,1.12,1.19
2015.02.03 16:07:49.565,7.55023,7.55297,1.12,1.00
2015.02.03 16:07:49.864,7.55015,7.55298,1.01,1.25
2015.02.03 16:07:49.965,7.55015,7.55288,1.01,1.00
2015.02.03 16:07:50.081,7.55015,7.55297,1.01,1.00
2015.02.03 16:07:50.143,7.55015,7.55288,1.01,1.00
2015.02.03 16:07:50.754,7.55015,7.55258,1.01,1.00
2015.02.03 16:07:51.932,7.54989,7.55268,1.01,1.00
2015.02.03 16:07:52.190,7.54989,7.55268,1.01,1.00
2015.02.03 16:07:52.241,7.5497,7.55197,1.12,1.00
2015.02.03 16:07:52.452,7.54951,7.55218,1.01,1.00
2015.02.03 16:07:52.553,7.54951,7.55228,1.01,1.00
2015.02.03 16:07:52.655,7.54927,7.55248,1.01,1.19
2015.02.03 16:07:52.906,7.54927,7.55248,1.01,1.19
2015.02.03 16:07:53.129,7.54927,7.55238,1.01,1.19
2015.02.03 16:07:53.432,7.54979,7.55248,2.24,1.00
2015.02.03 16:07:53.483,7.54979,7.55257,2.24,1.00
2015.02.03 16:07:53.534,7.54979,7.55308,2.24,1.19
2015.02.03 16:07:53.585,7.54979,7.55288,2.24,1.19
2015.02.03 16:07:53.636,7.5501,7.55288,1.12,1.19
2015.02.03 16:07:53.889,7.54979,7.55278,2.12,1.69
2015.02.03 16:07:53.991,7.54979,7.55278,2.12,1.69
2015.02.03 16:07:54.042,7.54981,7.55278,1.01,1.50
2015.02.03 16:07:54.093,7.54981,7.55278,1.01,1.00
2015.02.03 16:07:54.381,7.55006,7.55278,1.01,1.00
2015.02.03 16:07:54.685,7.55006,7.55267,1.01,1.00
2015.02.03 16:07:54.888,7.55006,7.55278,1.01,1.00
2015.02.03 16:07:55.090,7.55006,7.55268,1.01,1.00
2015.02.03 16:07:55.611,7.55006,7.55288,1.01,1.00
2015.02.03 16:07:55.713,7.55006,7.55297,1.01,1.19
2015.02.03 16:07:56.067,7.55006,7.55298,1.01,1.00
2015.02.03 16:07:56.118,7.55006,7.55298,1.01,1.00
2015.02.03 16:07:56.219,7.55007,7.55308,1.54,1.00
2015.02.03 16:07:56.306,7.55007,7.55298,1.54,1.00
2015.02.03 16:07:57.581,7.55007,7.55297,1.54,1.00
2015.02.03 16:07:57.860,7.55007,7.55308,1.54,1.00
2015.02.03 16:07:58.190,7.5502,7.55318,1.01,1.25
2015.02.03 16:07:58.242,7.5502,7.55318,1.01,1.25
2015.02.03 16:07:58.293,7.55001,7.55298,1.12,1.00
2015.02.03 16:07:58.344,7.54992,7.55298,1.75,1.00
2015.02.03 16:07:58.395,7.54979,7.55258,2.05,1.19
2015.02.03 16:07:58.547,7.54958,7.55258,2.05,1.19
2015.02.03 16:07:58.648,7.54951,7.55258,1.80,1.19
2015.02.03 16:07:59.375,7.55012,7.55268,1.75,1.00
2015.02.03 16:07:59.476,7.55012,7.55296,1.00,1.19
2015.02.03 16:07:59.945,7.55012,7.55293,1.75,1.19
2015.02.03 16:08:00.295,7.55012,7.55309,1.94,1.00
2015.02.03 16:08:00.397,7.55032,7.55329,1.94,1.00
2015.02.03 16:08:00.549,7.55042,7.55333,1.94,1.25
2015.02.03 16:08:00.854,7.55083,7.55364,1.56,1.00
2015.02.03 16:08:01.159,7.55062,7.55354,1.94,1.00
2015.02.03 16:08:02.063,7.55053,7.55348,1.01,1.00
2015.02.03 16:08:02.605,7.55053,7.55363,2.04,1.00
2015.02.03 16:08:03.019,7.55072,7.55363,1.94,1.00
2015.02.03 16:08:03.603,7.55083,7.55378,1.94,1.00
2015.02.03 16:08:03.704,7.55092,7.55388,1.94,1.00
2015.02.03 16:08:03.832,7.55092,7.55396,1.94,1.00
2015.02.03 16:08:04.056,7.55092,7.55403,1.94,1.00
2015.02.03 16:08:04.107,7.55102,7.55403,1.94,1.00
2015.02.03 16:08:04.411,7.55132,7.55424,1.94,1.19
2015.02.03 16:08:04.738,7.55122,7.55424,1.94,1.19
2015.02.03 16:08:06.000,7.55122,7.5541,1.94,1.00
2015.02.03 16:08:06.152,7.55122,7.55405,1.94,1.00
2015.02.03 16:08:06.455,7.55094,7.55405,1.01,1.00
2015.02.03 16:08:07.072,7.55094,7.55405,1.01,1.00
2015.02.03 16:08:07.123,7.55094,7.55403,1.01,1.00
2015.02.03 16:08:07.325,7.55094,7.5541,1.01,1.00
2015.02.03 16:08:07.376,7.55094,7.55398,1.01,1.00
2015.02.03 16:08:07.477,7.55094,7.55408,1.01,1.00
2015.02.03 16:08:07.528,7.55094,7.55416,1.01,1.00
2015.02.03 16:08:07.790,7.55118,7.55416,1.01,1.00
2015.02.03 16:08:08.123,7.55118,7.55418,1.01,1.00
2015.02.03 16:08:08.174,7.55118,7.55424,1.01,1.19
2015.02.03 16:08:08.225,7.55118,7.55424,1.01,1.00
2015.02.03 16:08:08.732,7.55118,7.55423,1.01,1.00
2015.02.03 16:08:09.456,7.55118,7.55425,1.01,1.00
2015.02.03 16:08:09.649,7.55118,7.55418,1.01,1.00
2015.02.03 16:08:10.193,7.55118,7.55417,1.01,1.00
2015.02.03 16:08:10.681,7.55118,7.55408,1.01,1.00
2015.02.03 16:08:10.732,7.55118,7.55408,1.01,1.50
2015.02.03 16:08:12.800,7.55118,7.55408,1.01,1.00
2015.02.03 16:08:13.125,7.55118,7.55412,1.01,1.00
2015.02.03 16:08:13.277,7.55118,7.55417,1.01,1.00
2015.02.03 16:08:13.405,7.55118,7.55408,1.01,1.00
2015.02.03 16:08:13.810,7.55122,7.55426,1.94,1.00
2015.02.03 16:08:13.923,7.55118,7.55418,1.01,1.00
2015.02.03 16:08:14.345,7.55132,7.55408,1.01,1.50
2015.02.03 16:08:14.446,7.55132,7.55418,1.01,1.00
2015.02.03 16:08:15.109,7.55124,7.55407,1.01,1.00
2015.02.03 16:08:15.210,7.55124,7.55398,1.01,1.00
2015.02.03 16:08:15.312,7.55124,7.55388,1.01,1.00
2015.02.03 16:08:15.615,7.551,7.55348,1.01,1.00
2015.02.03 16:08:16.719,7.551,7.55358,1.01,1.00
2015.02.03 16:08:16.942,7.55085,7.55348,1.31,1.00
2015.02.03 16:08:16.992,7.55085,7.55328,1.31,1.00
2015.02.03 16:08:17.043,7.55077,7.55298,1.30,1.00
2015.02.03 16:08:17.144,7.5507,7.55298,1.19,1.00
2015.02.03 16:08:17.246,7.5507,7.55288,1.19,1.00
2015.02.03 16:08:17.398,7.5507,7.55298,1.19,1.00
2015.02.03 16:08:17.600,7.5507,7.55288,1.19,1.00
2015.02.03 16:08:18.493,7.55003,7.55278,1.01,1.00
2015.02.03 16:08:18.909,7.55003,7.55298,1.01,1.00
2015.02.03 16:08:19.029,7.55003,7.55277,1.01,1.00
2015.02.03 16:08:19.454,7.55003,7.55277,1.01,1.00
2015.02.03 16:08:19.505,7.55003,7.55248,1.01,1.00
2015.02.03 16:08:19.606,7.55003,7.55257,1.01,1.00
2015.02.03 16:08:20.189,7.55003,7.55258,1.01,1.00
2015.02.03 16:08:20.240,7.54992,7.55248,1.82,1.00
2015.02.03 16:08:20.342,7.5497,7.55238,1.01,1.00
2015.02.03 16:08:20.443,7.5497,7.55228,1.01,1.00
2015.02.03 16:08:20.769,7.54959,7.55218,2.24,1.00
2015.02.03 16:08:21.106,7.54959,7.55208,2.24,1.00
2015.02.03 16:08:21.334,7.54932,7.55197,1.01,1.00
2015.02.03 16:08:21.435,7.54932,7.55197,1.01,1.00
2015.02.03 16:08:21.750,7.54918,7.55208,1.01,1.00
2015.02.03 16:08:21.910,7.54932,7.55227,1.80,1.19
2015.02.03 16:08:21.961,7.54932,7.55227,1.80,1.19
2015.02.03 16:08:22.265,7.54968,7.55258,1.01,1.00
2015.02.03 16:08:22.366,7.54998,7.55258,1.35,1.00
2015.02.03 16:08:22.695,7.54998,7.55248,1.35,1.00
2015.02.03 16:08:22.749,7.54998,7.55258,1.35,1.00
2015.02.03 16:08:22.853,7.54998,7.55248,1.35,1.00
2015.02.03 16:08:23.163,7.54968,7.55237,1.01,1.00
2015.02.03 16:08:23.264,7.54954,7.55228,1.12,1.19
2015.02.03 16:08:23.315,7.54954,7.55207,1.12,1.00
2015.02.03 16:08:23.517,7.5494,7.55218,1.82,1.00
2015.02.03 16:08:23.618,7.5494,7.55208,1.82,1.00
2015.02.03 16:08:23.669,7.5494,7.55208,1.82,1.00
2015.02.03 16:08:23.720,7.5494,7.55198,1.82,1.00
2015.02.03 16:08:23.821,7.5494,7.55207,1.82,1.00
2015.02.03 16:08:23.922,7.54939,7.55197,1.01,1.00
2015.02.03 16:08:24.241,7.54939,7.55188,1.01,1.00
2015.02.03 16:08:24.377,7.54939,7.55197,1.01,1.00
2015.02.03 16:08:24.478,7.54939,7.55188,1.01,1.00
2015.02.03 16:08:24.643,7.54939,7.55198,1.01,1.50
2015.02.03 16:08:24.991,7.54939,7.55188,1.01,1.00
2015.02.03 16:08:25.158,7.54939,7.55198,1.01,1.00
2015.02.03 16:08:25.353,7.54932,7.55198,1.01,1.00
2015.02.03 16:08:25.454,7.54932,7.55198,1.01,1.00
2015.02.03 16:08:25.708,7.54955,7.55218,1.54,1.00
2015.02.03 16:08:25.759,7.54955,7.55238,1.54,1.00
2015.02.03 16:08:25.810,7.54955,7.55248,1.54,1.00
2015.02.03 16:08:25.861,7.54977,7.55248,1.01,1.00
2015.02.03 16:08:26.063,7.54967,7.55237,1.01,1.00
2015.02.03 16:08:26.165,7.54954,7.55198,1.31,1.00
2015.02.03 16:08:26.216,7.54948,7.55198,1.01,1.50
2015.02.03 16:08:26.317,7.54935,7.55178,1.26,1.00
2015.02.03 16:08:26.368,7.54935,7.55187,1.26,1.00
2015.02.03 16:08:26.469,7.54935,7.55207,1.26,1.00
2015.02.03 16:08:26.990,7.54935,7.55208,1.26,1.00
2015.02.03 16:08:27.092,7.54941,7.55218,1.12,1.50
2015.02.03 16:08:27.143,7.54941,7.55218,1.87,1.50
2015.02.03 16:08:27.655,7.54941,7.55218,1.87,1.00
2015.02.03 16:08:27.959,7.54941,7.55218,1.87,1.00
2015.02.03 16:08:28.349,7.54941,7.55208,1.80,1.00
2015.02.03 16:08:29.061,7.54941,7.55198,1.80,1.00
2015.02.03 16:08:29.162,7.54941,7.55198,1.80,1.50
2015.02.03 16:08:29.670,7.54931,7.55188,1.01,1.00
2015.02.03 16:08:29.721,7.54913,7.55188,1.12,1.19
2015.02.03 16:08:29.772,7.54913,7.55188,1.12,1.19
2015.02.03 16:08:29.823,7.549,7.55188,1.50,1.19
2015.02.03 16:08:30.364,7.54897,7.55158,1.12,1.00
2015.02.03 16:08:30.819,7.54897,7.55168,1.12,1.19
2015.02.03 16:08:31.010,7.54897,7.55158,1.12,1.00
2015.02.03 16:08:31.129,7.54897,7.55168,1.12,1.69
2015.02.03 16:08:31.391,7.54897,7.55158,1.12,1.00
2015.02.03 16:08:31.553,7.54897,7.55168,1.12,1.69
2015.02.03 16:08:31.657,7.54897,7.55158,1.12,1.00
2015.02.03 16:08:31.759,7.54893,7.55158,1.12,1.69
2015.02.03 16:08:31.810,7.54893,7.55148,1.12,1.50
2015.02.03 16:08:32.113,7.54865,7.55118,1.35,1.19
2015.02.03 16:08:32.442,7.54865,7.55148,1.35,1.69
2015.02.03 16:08:32.862,7.54878,7.55158,1.12,1.69
2015.02.03 16:08:32.964,7.54878,7.55128,1.12,1.19
2015.02.03 16:08:33.065,7.54878,7.55138,1.12,1.19
2015.02.03 16:08:33.167,7.54878,7.55138,1.12,1.19
2015.02.03 16:08:33.919,7.54865,7.55157,1.54,1.19
2015.02.03 16:08:33.980,7.54865,7.55148,1.54,1.00
2015.02.03 16:08:34.066,7.54842,7.55148,1.86,1.00
2015.02.03 16:08:34.268,7.54865,7.55148,1.54,1.00
2015.02.03 16:08:34.572,7.5494,7.55188,1.35,1.50
2015.02.03 16:08:34.673,7.5494,7.55177,1.35,1.00
2015.02.03 16:08:35.062,7.5494,7.55168,1.35,1.00
2015.02.03 16:08:35.443,7.5494,7.55177,1.35,1.00
2015.02.03 16:08:35.723,7.5494,7.55168,1.35,1.00
2015.02.03 16:08:36.331,7.5494,7.55167,1.35,1.00
2015.02.03 16:08:36.652,7.5494,7.55178,1.35,1.19
2015.02.03 16:08:36.803,7.5494,7.55178,1.35,1.19
2015.02.03 16:08:37.146,7.5494,7.55207,1.35,1.19
2015.02.03 16:08:37.349,7.54944,7.55228,1.12,1.19
2015.02.03 16:08:37.400,7.54944,7.55247,1.12,1.19
2015.02.03 16:08:39.287,7.54975,7.55238,1.12,1.69
2015.02.03 16:08:39.612,7.54975,7.55238,1.12,1.69
2015.02.03 16:08:39.815,7.5498,7.55248,1.50,1.19
2015.02.03 16:08:40.118,7.5498,7.55258,1.50,1.19
2015.02.03 16:08:40.512,7.55009,7.55268,1.12,1.19
2015.02.03 16:08:41.094,7.54971,7.55258,1.82,1.69
2015.02.03 16:08:41.195,7.54971,7.55278,1.82,1.69
2015.02.03 16:08:42.824,7.54969,7.55248,1.01,1.00
2015.02.03 16:08:43.502,7.54969,7.55248,1.01,1.00
2015.02.03 16:08:43.654,7.55016,7.55278,1.54,1.50
2015.02.03 16:08:43.755,7.55016,7.55287,1.54,1.00
2015.02.03 16:08:43.923,7.55017,7.55288,1.97,1.00
2015.02.03 16:08:44.024,7.55017,7.55298,1.97,1.69
2015.02.03 16:08:44.332,7.55026,7.55308,1.50,1.69
2015.02.03 16:08:44.641,7.55098,7.55337,1.54,1.00
2015.02.03 16:08:44.692,7.55098,7.55368,1.54,1.50
2015.02.03 16:08:44.743,7.55098,7.55368,1.54,1.00
2015.02.03 16:08:44.794,7.55104,7.55378,1.01,1.00
2015.02.03 16:08:44.845,7.55104,7.55398,1.01,1.69
2015.02.03 16:08:45.202,7.55121,7.55387,1.12,1.00
2015.02.03 16:08:45.550,7.55121,7.55408,1.12,1.19
2015.02.03 16:08:46.010,7.55121,7.55377,1.12,1.00
2015.02.03 16:08:46.111,7.55121,7.55377,1.12,1.00
2015.02.03 16:08:46.414,7.55121,7.55368,1.12,1.00
2015.02.03 16:08:46.616,7.55104,7.55368,1.01,1.00
2015.02.03 16:08:47.060,7.55104,7.55368,1.01,1.00
2015.02.03 16:08:47.162,7.55104,7.55368,1.01,1.00
2015.02.03 16:08:47.489,7.55104,7.55357,1.01,1.00
2015.02.03 16:08:47.617,7.55104,7.55357,1.01,1.00
2015.02.03 16:08:48.019,7.55104,7.55358,1.01,1.00
2015.02.03 16:08:48.071,7.55086,7.55358,1.12,1.19
2015.02.03 16:08:48.376,7.55058,7.55328,1.01,1.00
2015.02.03 16:08:48.427,7.55058,7.55338,1.01,1.19
2015.02.03 16:08:48.720,7.55058,7.55328,1.01,1.00
2015.02.03 16:08:48.939,7.55058,7.55338,1.01,1.19
2015.02.03 16:08:49.431,7.55064,7.55318,1.42,1.00
2015.02.03 16:08:49.534,7.55064,7.55338,1.42,1.19
2015.02.03 16:08:50.359,7.55111,7.55358,1.75,1.00
2015.02.03 16:08:50.511,7.55143,7.55408,1.12,1.19
2015.02.03 16:08:50.562,7.55143,7.55408,1.12,1.19
2015.02.03 16:08:50.764,7.55143,7.55397,1.12,1.25
2015.02.03 16:08:51.079,7.55143,7.55388,1.12,1.00
2015.02.03 16:08:51.413,7.55143,7.55407,1.12,1.19
2015.02.03 16:08:51.577,7.55149,7.55407,1.01,1.00
2015.02.03 16:08:51.839,7.55149,7.55418,1.01,1.00
2015.02.03 16:08:52.046,7.55149,7.55428,1.01,1.00
2015.02.03 16:08:52.097,7.55149,7.55428,1.01,1.00
2015.02.03 16:08:52.462,7.55172,7.55448,1.12,1.19
2015.02.03 16:08:52.567,7.55172,7.55448,1.12,1.19
2015.02.03 16:08:53.388,7.55187,7.55458,1.01,1.00
2015.02.03 16:08:54.369,7.55187,7.55468,1.01,1.00
2015.02.03 16:08:55.606,7.55204,7.55468,1.54,1.00
2015.02.03 16:08:55.658,7.55204,7.55488,1.54,1.00
2015.02.03 16:08:56.317,7.55204,7.55488,1.54,1.00
2015.02.03 16:08:56.418,7.55204,7.55488,1.54,1.00
2015.02.03 16:08:56.677,7.55223,7.55488,1.12,1.00
2015.02.03 16:08:56.729,7.55223,7.55508,1.12,1.19
2015.02.03 16:08:57.317,7.55246,7.55498,1.12,1.19
2015.02.03 16:08:57.368,7.55246,7.55488,1.12,1.00
2015.02.03 16:08:57.711,7.55217,7.55477,1.12,1.00
2015.02.03 16:08:58.042,7.55217,7.55467,1.12,1.00
2015.02.03 16:08:58.701,7.55217,7.55468,1.12,1.00
2015.02.03 16:08:58.879,7.55217,7.55478,1.12,1.00
2015.02.03 16:08:59.031,7.55217,7.55478,1.12,1.00
2015.02.03 16:08:59.234,7.55217,7.55487,1.12,1.00
2015.02.03 16:08:59.546,7.55248,7.55487,1.12,1.00
2015.02.03 16:09:00.089,7.55248,7.55488,1.12,1.00
2015.02.03 16:09:00.530,7.55248,7.55468,1.12,1.00
2015.02.03 16:09:00.844,7.5523,7.55468,1.12,1.19
2015.02.03 16:09:00.945,7.55218,7.55468,1.12,1.19
2015.02.03 16:09:00.996,7.55218,7.55438,1.12,1.00
2015.02.03 16:09:03.065,7.55186,7.55428,1.12,1.00
2015.02.03 16:09:03.253,7.55186,7.55428,1.12,1.00
2015.02.03 16:09:03.304,7.55186,7.55418,1.12,1.00
2015.02.03 16:09:03.354,7.55186,7.55418,1.12,1.00
2015.02.03 16:09:03.405,7.55186,7.55428,1.12,1.00
2015.02.03 16:09:03.456,7.55186,7.55428,1.12,1.00
2015.02.03 16:09:04.021,7.55156,7.55408,1.01,1.00
2015.02.03 16:09:04.351,7.55156,7.55398,1.01,1.00
2015.02.03 16:09:04.402,7.55156,7.55398,1.01,1.00
2015.02.03 16:09:04.704,7.5513,7.55398,1.42,1.00
2015.02.03 16:09:04.805,7.5513,7.55398,1.42,1.00
2015.02.03 16:09:05.279,7.5517,7.55408,1.35,1.19
2015.02.03 16:09:06.432,7.5517,7.55437,1.35,1.19
2015.02.03 16:09:06.748,7.5517,7.55448,1.42,1.19
2015.02.03 16:09:06.799,7.5517,7.55448,1.42,1.19
2015.02.03 16:09:06.952,7.55202,7.55487,1.01,1.00
2015.02.03 16:09:07.053,7.55202,7.55497,1.01,1.19
2015.02.03 16:09:07.155,7.55257,7.55487,1.35,1.00
2015.02.03 16:09:07.702,7.55257,7.55478,1.35,1.00
2015.02.03 16:09:07.791,7.55257,7.55488,1.35,1.00
2015.02.03 16:09:07.902,7.55227,7.55488,1.42,1.00
2015.02.03 16:09:08.155,7.55215,7.55478,2.47,1.00
2015.02.03 16:09:08.451,7.55215,7.55487,2.10,1.00
2015.02.03 16:09:08.973,7.55215,7.55488,2.10,1.00
2015.02.03 16:09:09.240,7.55215,7.55508,2.10,1.19
2015.02.03 16:09:09.341,7.55231,7.55518,1.91,1.00
2015.02.03 16:09:09.443,7.55279,7.5554,2.29,1.00
2015.02.03 16:09:09.494,7.55279,7.55548,2.29,1.00
2015.02.03 16:09:09.696,7.55279,7.55538,2.29,1.00
2015.02.03 16:09:09.878,7.55279,7.55548,2.29,1.00
2015.02.03 16:09:10.342,7.55291,7.55558,1.16,1.00
2015.02.03 16:09:10.430,7.55291,7.55548,1.16,1.00
2015.02.03 16:09:11.004,7.55291,7.55538,1.16,1.00
2015.02.03 16:09:11.319,7.55291,7.55548,1.16,1.00
2015.02.03 16:09:11.421,7.55259,7.55528,1.94,1.00
2015.02.03 16:09:11.472,7.55257,7.55528,1.16,1.00
2015.02.03 16:09:11.675,7.55257,7.55517,1.16,1.00
2015.02.03 16:09:11.970,7.55257,7.55527,1.16,1.00
2015.02.03 16:09:12.569,7.55257,7.55518,1.16,1.00
2015.02.03 16:09:12.671,7.55249,7.55537,1.16,1.00
2015.02.03 16:09:12.772,7.55249,7.55528,1.16,1.00
2015.02.03 16:09:13.138,7.55249,7.55518,1.16,1.00
2015.02.03 16:09:13.466,7.55234,7.55508,1.16,1.00
2015.02.03 16:09:13.567,7.55203,7.55508,2.44,1.00
2015.02.03 16:09:13.668,7.55203,7.55467,2.44,1.00
2015.02.03 16:09:13.839,7.55203,7.55478,1.94,1.00
2015.02.03 16:09:13.991,7.55203,7.55487,1.94,1.00
2015.02.03 16:09:14.211,7.55203,7.55502,1.69,1.00
2015.02.03 16:09:14.312,7.55203,7.55498,1.69,1.00
2015.02.03 16:09:14.660,7.55185,7.55477,1.94,1.00
2015.02.03 16:09:15.248,7.55185,7.55478,1.94,1.00
2015.02.03 16:09:15.400,7.55185,7.55498,1.94,1.00
2015.02.03 16:09:15.552,7.55185,7.55498,1.94,1.00
2015.02.03 16:09:15.603,7.55185,7.55502,1.94,1.00
2015.02.03 16:09:15.820,7.55185,7.55498,1.94,1.00
2015.02.03 16:09:16.022,7.55212,7.55518,1.94,1.29
2015.02.03 16:09:16.073,7.55212,7.55508,1.94,1.25
2015.02.03 16:09:16.175,7.55212,7.55498,1.94,1.00
2015.02.03 16:09:16.588,7.55198,7.55487,1.94,1.00
2015.02.03 16:09:16.962,7.55192,7.55478,1.94,1.00
2015.02.03 16:09:17.266,7.55192,7.55478,1.19,1.75
2015.02.03 16:09:17.368,7.55167,7.55428,1.79,1.00
2015.02.03 16:09:17.469,7.55133,7.55428,1.00,1.94
2015.02.03 16:09:17.520,7.55112,7.55408,1.35,1.37
2015.02.03 16:09:17.571,7.55114,7.55408,1.16,1.37
2015.02.03 16:09:17.886,7.55114,7.55408,1.16,1.75
2015.02.03 16:09:18.513,7.55114,7.55418,1.54,1.75
2015.02.03 16:09:18.569,7.55114,7.55418,1.54,1.75
2015.02.03 16:09:18.997,7.55139,7.55438,1.94,1.94
2015.02.03 16:09:19.660,7.55158,7.55447,1.35,1.94
2015.02.03 16:09:19.812,7.55209,7.55473,1.56,1.75
2015.02.03 16:09:20.014,7.55209,7.55473,1.56,1.75
2015.02.03 16:09:20.218,7.55209,7.55502,1.94,1.94
2015.02.03 16:09:20.420,7.55209,7.55498,1.00,1.94
2015.02.03 16:09:20.471,7.55209,7.55437,1.00,1.00
2015.02.03 16:09:20.522,7.55166,7.55437,1.00,1.19
2015.02.03 16:09:20.623,7.55142,7.55418,1.75,1.56
2015.02.03 16:09:20.775,7.55142,7.55427,1.75,1.94
2015.02.03 16:09:22.884,7.55142,7.55396,1.75,1.00
2015.02.03 16:09:22.968,7.55142,7.55396,1.75,1.75
2015.02.03 16:09:23.019,7.55142,7.55396,1.00,1.75
2015.02.03 16:09:23.299,7.55131,7.55396,1.35,1.75
2015.02.03 16:09:23.493,7.55126,7.55396,1.00,1.75
2015.02.03 16:09:23.544,7.55126,7.55357,1.00,1.00
2015.02.03 16:09:23.697,7.55101,7.55357,1.75,1.00
2015.02.03 16:09:23.799,7.55101,7.55357,1.00,1.00
2015.02.03 16:09:23.900,7.55086,7.55357,1.75,1.00
2015.02.03 16:09:24.079,7.55091,7.55332,1.35,1.00
2015.02.03 16:09:24.389,7.55091,7.55332,1.35,1.12
2015.02.03 16:09:26.590,7.5508,7.55332,1.75,1.12
2015.02.03 16:09:26.641,7.5508,7.55306,1.00,1.00
2015.02.03 16:09:26.742,7.55053,7.55306,2.10,1.00
2015.02.03 16:09:27.820,7.55057,7.55306,1.54,1.00
2015.02.03 16:09:28.141,7.55064,7.5533,1.19,1.37
2015.02.03 16:09:28.244,7.55064,7.55301,1.00,1.00
2015.02.03 16:09:28.345,7.55015,7.55298,2.47,1.00
2015.02.03 16:09:28.396,7.55015,7.55298,2.47,1.75
2015.02.03 16:09:28.711,7.55015,7.55258,2.47,1.07
2015.02.03 16:09:30.399,7.54974,7.55251,1.54,1.07
2015.02.03 16:09:30.624,7.55045,7.55251,1.35,1.07
2015.02.03 16:09:30.928,7.55118,7.55251,1.35,1.00
2015.02.03 16:09:31.130,7.55112,7.55251,1.00,1.00
2015.02.03 16:09:31.181,7.55059,7.55251,2.05,1.00
2015.02.03 16:09:31.232,7.55021,7.55251,1.00,1.00
2015.02.03 16:09:31.526,7.54983,7.55251,1.30,1.00
2015.02.03 16:09:31.627,7.54983,7.55258,1.30,1.19
2015.02.03 16:09:31.729,7.54983,7.55257,1.30,1.19
2015.02.03 16:09:31.780,7.54932,7.55257,1.00,1.19
2015.02.03 16:09:31.932,7.54929,7.55247,1.30,1.19
2015.02.03 16:09:32.660,7.54929,7.55238,1.49,1.00
2015.02.03 16:09:32.761,7.54929,7.55248,1.49,1.19
2015.02.03 16:09:32.863,7.54929,7.55238,1.49,1.00
2015.02.03 16:09:33.220,7.54929,7.55248,1.49,1.19
2015.02.03 16:09:33.842,7.54945,7.55258,1.94,1.19
2015.02.03 16:09:34.145,7.54984,7.55248,2.66,1.00
2015.02.03 16:09:34.459,7.54984,7.55238,2.05,1.19
2015.02.03 16:09:34.734,7.54984,7.55218,2.05,1.00
2015.02.03 16:09:35.367,7.5493,7.55208,2.24,1.00
2015.02.03 16:09:35.760,7.5493,7.55208,2.24,1.00
2015.02.03 16:09:36.091,7.5493,7.55198,2.24,1.00
2015.02.03 16:09:37.461,7.5493,7.55188,2.24,1.00
2015.02.03 16:09:37.621,7.5493,7.55198,2.24,1.00
2015.02.03 16:09:37.726,7.5493,7.55188,2.24,1.00
2015.02.03 16:09:37.936,7.5493,7.55198,2.24,1.00
2015.02.03 16:09:38.143,7.5493,7.55198,2.24,1.00
2015.02.03 16:09:38.800,7.5493,7.55208,2.24,1.00
2015.02.03 16:09:38.851,7.5493,7.55208,2.24,1.00
2015.02.03 16:09:40.216,7.5493,7.55218,2.24,1.00
2015.02.03 16:09:40.321,7.5493,7.55228,2.24,1.00
2015.02.03 16:09:40.372,7.54938,7.55228,1.94,1.00
2015.02.03 16:09:40.681,7.54938,7.55228,1.94,1.00
2015.02.03 16:09:40.782,7.5493,7.55228,1.49,1.00
2015.02.03 16:09:41.492,7.54912,7.55238,1.19,1.00
2015.02.03 16:09:41.694,7.54946,7.55278,1.19,1.00
2015.02.03 16:09:41.796,7.54946,7.55288,1.19,1.00
2015.02.03 16:09:42.241,7.54959,7.55277,1.19,1.00
2015.02.03 16:09:42.569,7.54964,7.55288,1.19,1.00
2015.02.03 16:09:43.526,7.54964,7.55278,1.19,1.00
2015.02.03 16:09:43.677,7.54985,7.55317,1.19,1.00
2015.02.03 16:09:43.879,7.55004,7.55308,1.19,1.00
2015.02.03 16:09:44.252,7.55004,7.55298,1.19,1.00
2015.02.03 16:09:44.508,7.55004,7.55277,1.19,1.00
2015.02.03 16:09:44.609,7.54969,7.55258,1.19,1.00
2015.02.03 16:09:44.710,7.54956,7.55278,1.19,1.00
2015.02.03 16:09:44.908,7.54976,7.55268,1.19,1.00
2015.02.03 16:09:45.009,7.54956,7.55258,1.19,1.00
2015.02.03 16:09:45.346,7.54956,7.55248,1.19,1.00
2015.02.03 16:09:46.223,7.54944,7.55258,1.19,1.00
2015.02.03 16:09:46.547,7.54934,7.55248,1.19,1.00
2015.02.03 16:09:46.818,7.54928,7.55247,1.49,1.00
2015.02.03 16:09:47.769,7.54908,7.55237,1.19,1.00
2015.02.03 16:09:47.870,7.54908,7.55248,1.19,1.00
2015.02.03 16:09:48.278,7.54908,7.55268,1.19,1.00
2015.02.03 16:09:48.819,7.54928,7.55276,1.19,1.30
2015.02.03 16:09:48.995,7.54928,7.55267,1.19,1.00
2015.02.03 16:09:49.328,7.54928,7.55267,1.19,1.00
2015.02.03 16:09:49.918,7.54928,7.55276,1.19,1.30
2015.02.03 16:09:50.042,7.54928,7.55268,1.19,1.00
2015.02.03 16:09:50.635,7.54928,7.55276,1.19,1.30
2015.02.03 16:09:50.844,7.54928,7.55267,1.19,1.00
2015.02.03 16:09:51.262,7.54928,7.55258,1.19,1.00
2015.02.03 16:09:51.414,7.54942,7.55268,1.19,1.00
2015.02.03 16:09:51.804,7.54942,7.55276,1.19,1.30
2015.02.03 16:09:51.905,7.54948,7.55288,1.19,1.00
2015.02.03 16:09:52.242,7.54969,7.55298,1.19,1.00
2015.02.03 16:09:52.343,7.54961,7.55288,1.19,1.00
2015.02.03 16:09:52.668,7.54961,7.55278,1.19,1.00
2015.02.03 16:09:52.719,7.54961,7.55288,1.19,1.00
2015.02.03 16:09:52.938,7.54961,7.55278,1.19,1.00
2015.02.03 16:09:53.360,7.54961,7.55288,1.19,1.00
2015.02.03 16:09:53.707,7.54954,7.55288,1.19,1.00
2015.02.03 16:09:53.860,7.54969,7.55298,1.19,1.00
2015.02.03 16:09:53.961,7.54976,7.55308,1.19,1.00
2015.02.03 16:09:54.400,7.54976,7.55298,1.19,1.00
2015.02.03 16:09:55.316,7.54976,7.55288,1.19,1.00
2015.02.03 16:09:55.469,7.54976,7.55298,1.19,1.00
2015.02.03 16:09:55.812,7.54976,7.55298,1.19,1.00
2015.02.03 16:09:56.851,7.54976,7.55308,1.19,1.00
2015.02.03 16:09:57.838,7.54968,7.55308,1.19,1.00
2015.02.03 16:09:58.595,7.54968,7.55327,1.19,1.00
2015.02.03 16:09:58.646,7.54994,7.55328,1.19,1.00
2015.02.03 16:09:58.747,7.54994,7.55331,1.19,1.30
2015.02.03 16:09:58.857,7.55008,7.55348,1.19,1.00
2015.02.03 16:09:59.020,7.55008,7.55358,1.19,1.00
2015.02.03 16:09:59.070,7.55015,7.55358,1.19,1.00
2015.02.03 16:09:59.172,7.55015,7.55358,1.19,1.00
2015.02.03 16:09:59.273,7.55014,7.55348,1.19,1.00
2015.02.03 16:09:59.430,7.55014,7.55357,1.19,1.00
2015.02.03 16:10:00.246,7.55014,7.55348,1.19,1.00
2015.02.03 16:10:01.275,7.55027,7.55348,1.19,1.00
2015.02.03 16:10:01.326,7.55027,7.55358,1.19,1.00
2015.02.03 16:10:01.377,7.55027,7.55358,1.19,1.00
2015.02.03 16:10:01.427,7.55047,7.55367,1.19,1.00
2015.02.03 16:10:01.913,7.55047,7.55378,1.19,1.00
2015.02.03 16:10:02.131,7.55047,7.55386,1.19,1.30
2015.02.03 16:10:03.443,7.55066,7.55386,1.19,1.30
2015.02.03 16:10:03.764,7.55114,7.55428,1.19,1.00
2015.02.03 16:10:03.815,7.55147,7.55445,1.19,1.30
2015.02.03 16:10:03.865,7.55147,7.55445,1.19,1.30
2015.02.03 16:10:03.967,7.55147,7.55467,1.19,1.00
2015.02.03 16:10:04.018,7.55147,7.55488,1.19,1.00
2015.02.03 16:10:04.068,7.55155,7.55488,1.19,1.00
2015.02.03 16:10:04.446,7.5514,7.55478,1.19,1.00
2015.02.03 16:10:05.030,7.55114,7.55474,1.19,1.00
2015.02.03 16:10:05.370,7.55114,7.55458,1.19,1.00
2015.02.03 16:10:05.853,7.55114,7.55458,1.19,1.00
2015.02.03 16:10:05.964,7.55114,7.55458,1.19,1.00
2015.02.03 16:10:06.015,7.55106,7.55448,1.49,1.00
2015.02.03 16:10:06.066,7.55101,7.55448,1.19,1.25
2015.02.03 16:10:06.117,7.55074,7.55432,1.19,1.00
2015.02.03 16:10:06.501,7.55074,7.55428,1.19,1.00
2015.02.03 16:10:06.624,7.55074,7.55432,1.19,1.00
2015.02.03 16:10:06.725,7.5508,7.55437,1.19,1.00
2015.02.03 16:10:06.827,7.55076,7.55428,1.19,1.00
2015.02.03 16:10:06.954,7.55076,7.55436,1.19,1.00
2015.02.03 16:10:07.005,7.5509,7.55438,1.19,1.00
2015.02.03 16:10:07.632,7.55103,7.55428,1.19,1.00
2015.02.03 16:10:09.110,7.55103,7.55428,1.19,1.00
2015.02.03 16:10:09.211,7.55092,7.55428,1.19,1.00
2015.02.03 16:10:10.439,7.55098,7.55418,1.19,1.00
2015.02.03 16:10:11.117,7.55098,7.55418,1.19,1.19
2015.02.03 16:10:11.269,7.55078,7.55398,1.19,1.00
2015.02.03 16:10:11.879,7.55051,7.55388,1.19,1.00
2015.02.03 16:10:11.982,7.55051,7.55398,1.19,1.00
2015.02.03 16:10:12.188,7.55051,7.55398,1.19,1.19
2015.02.03 16:10:12.589,7.55063,7.55398,1.19,1.00
2015.02.03 16:10:12.640,7.55078,7.55407,1.19,1.00
2015.02.03 16:10:12.784,7.55078,7.55407,1.19,1.19
2015.02.03 16:10:15.028,7.5505,7.55378,1.19,1.00
2015.02.03 16:10:15.208,7.5505,7.55378,1.19,1.19
2015.02.03 16:10:16.985,7.5505,7.55368,1.19,1.00
2015.02.03 16:10:17.527,7.5505,7.55368,1.19,1.00
2015.02.03 16:10:17.861,7.5505,7.55358,1.19,1.00
2015.02.03 16:10:18.182,7.55052,7.55368,1.19,1.00
2015.02.03 16:10:18.399,7.5506,7.55378,1.19,1.19
2015.02.03 16:10:19.710,7.55072,7.55378,1.19,1.19
2015.02.03 16:10:22.157,7.55052,7.55377,1.19,1.00
2015.02.03 16:10:23.169,7.55061,7.55368,1.19,1.00
2015.02.03 16:10:23.630,7.55079,7.55378,1.19,1.00
2015.02.03 16:10:23.921,7.55079,7.55368,1.19,1.00
2015.02.03 16:10:23.972,7.55066,7.55368,1.00,1.19
2015.02.03 16:10:24.073,7.55033,7.55348,1.00,1.19
2015.02.03 16:10:24.174,7.55013,7.55347,1.19,1.19
2015.02.03 16:10:24.377,7.54973,7.55328,1.19,1.19
2015.02.03 16:10:26.339,7.54955,7.55294,1.19,1.49
2015.02.03 16:10:26.728,7.55003,7.55294,1.19,1.30
2015.02.03 16:10:28.470,7.54983,7.55294,1.19,1.49
2015.02.03 16:10:28.546,7.54983,7.55294,1.19,1.30
2015.02.03 16:10:28.647,7.5499,7.55314,1.19,1.30
2015.02.03 16:10:28.698,7.5499,7.55317,1.19,1.00
2015.02.03 16:10:28.749,7.5499,7.55317,1.19,1.00
2015.02.03 16:10:28.800,7.5499,7.55327,1.19,1.00
2015.02.03 16:10:29.841,7.5499,7.55328,1.19,1.00
2015.02.03 16:10:29.897,7.5499,7.55318,1.19,1.00
2015.02.03 16:10:31.555,7.55003,7.55318,1.19,1.00
2015.02.03 16:10:31.857,7.54994,7.55308,1.19,1.00
2015.02.03 16:10:31.959,7.54994,7.55298,1.19,1.00
2015.02.03 16:10:32.668,7.54968,7.55287,1.19,1.00
2015.02.03 16:10:33.252,7.54956,7.55288,1.19,1.00
2015.02.03 16:10:33.713,7.54943,7.55278,1.19,1.00
2015.02.03 16:10:34.096,7.54943,7.55278,1.19,1.00
2015.02.03 16:10:34.614,7.54962,7.55298,1.19,1.30
2015.02.03 16:10:34.816,7.54962,7.55298,1.19,1.72
2015.02.03 16:10:34.968,7.54954,7.55298,1.19,1.91
2015.02.03 16:10:36.155,7.54949,7.55278,1.19,1.00
2015.02.03 16:10:36.872,7.54949,7.55278,1.19,1.00
2015.02.03 16:10:37.199,7.54949,7.55267,1.19,1.00
2015.02.03 16:10:37.436,7.54949,7.55278,1.19,1.00
2015.02.03 16:10:37.498,7.54949,7.55268,1.19,1.00
2015.02.03 16:10:37.858,7.54943,7.55258,1.19,1.00
2015.02.03 16:10:37.909,7.54943,7.55258,1.19,1.00
2015.02.03 16:10:37.960,7.54943,7.55248,1.19,1.00
2015.02.03 16:10:38.407,7.54925,7.55238,1.19,1.00
2015.02.03 16:10:38.851,7.54918,7.55227,1.19,1.00
2015.02.03 16:10:39.259,7.54918,7.55238,1.19,1.00
2015.02.03 16:10:40.119,7.54925,7.55238,1.19,1.00
2015.02.03 16:10:40.330,7.54917,7.55228,1.19,1.00
2015.02.03 16:10:40.431,7.54917,7.55238,1.19,1.00
2015.02.03 16:10:40.597,7.54917,7.55228,1.19,1.00
2015.02.03 16:10:40.911,7.54917,7.55208,1.19,1.00
2015.02.03 16:10:41.210,7.54895,7.55208,1.49,1.00
2015.02.03 16:10:41.261,7.54877,7.55188,1.19,1.00
2015.02.03 16:10:41.639,7.54877,7.55198,1.19,1.00
2015.02.03 16:10:41.769,7.54877,7.55208,1.19,1.00
2015.02.03 16:10:41.820,7.54884,7.55208,1.19,1.00
2015.02.03 16:10:41.871,7.54884,7.55217,1.19,1.00
2015.02.03 16:10:41.972,7.54895,7.55228,1.19,1.00
2015.02.03 16:10:42.174,7.54906,7.55257,1.19,1.00
2015.02.03 16:10:42.775,7.54921,7.55268,1.19,1.19
2015.02.03 16:10:42.926,7.54934,7.55278,1.19,1.07
2015.02.03 16:10:43.129,7.54947,7.55278,1.00,1.00
2015.02.03 16:10:43.230,7.54929,7.55278,1.19,1.19
2015.02.03 16:10:44.308,7.54933,7.55278,1.19,1.00
2015.02.03 16:10:45.124,7.54913,7.55272,1.00,1.00
2015.02.03 16:10:45.175,7.54913,7.55268,1.00,1.00
2015.02.03 16:10:45.489,7.54873,7.55233,1.19,1.91
2015.02.03 16:10:47.247,7.54863,7.55208,1.19,1.19
2015.02.03 16:10:48.618,7.54867,7.55226,1.19,1.19
2015.02.03 16:10:50.663,7.5488,7.55233,1.19,1.30
2015.02.03 16:10:51.537,7.54901,7.55233,1.19,1.30
2015.02.03 16:10:51.588,7.54901,7.55253,1.19,1.37
2015.02.03 16:10:51.639,7.54901,7.55253,1.19,1.37
2015.02.03 16:10:51.740,7.54925,7.55285,1.19,1.00
2015.02.03 16:10:51.841,7.54943,7.55287,1.19,1.30
2015.02.03 16:10:53.657,7.54955,7.55287,1.19,1.30
2015.02.03 16:10:55.674,7.5496,7.55287,1.19,1.49
2015.02.03 16:10:57.654,7.5496,7.55287,1.19,1.49
2015.02.03 16:10:58.448,7.54966,7.55287,1.19,1.56
2015.02.03 16:10:59.654,7.54962,7.55287,1.19,1.56
2015.02.03 16:11:01.687,7.54973,7.55287,1.19,1.37
2015.02.03 16:11:02.509,7.54955,7.55287,1.19,1.56
2015.02.03 16:11:02.882,7.54937,7.55287,1.19,1.56
2015.02.03 16:11:03.034,7.54896,7.55255,1.19,1.00
2015.02.03 16:11:03.710,7.54889,7.55249,1.19,1.00
2015.02.03 16:11:03.923,7.54889,7.55249,1.19,1.19
2015.02.03 16:11:06.370,7.54883,7.55241,1.91,1.00
2015.02.03 16:11:06.430,7.54883,7.55227,1.49,1.00
2015.02.03 16:11:06.709,7.54883,7.55219,1.49,1.00
2015.02.03 16:11:07.028,7.54883,7.55215,1.49,1.00
2015.02.03 16:11:07.817,7.54883,7.55215,1.49,1.00
2015.02.03 16:11:07.868,7.54883,7.55209,1.49,1.00
2015.02.03 16:11:08.178,7.54849,7.55209,1.19,1.07
2015.02.03 16:11:09.925,7.54851,7.5521,1.19,1.07
2015.02.03 16:11:10.651,7.54879,7.55217,1.49,1.37
2015.02.03 16:11:10.803,7.54879,7.55217,1.49,1.00
2015.02.03 16:11:10.954,7.54879,7.55221,1.49,1.00
2015.02.03 16:11:11.056,7.54882,7.55242,1.19,1.00
2015.02.03 16:11:11.259,7.54895,7.55255,1.19,1.00
2015.02.03 16:11:11.360,7.54895,7.55255,1.19,1.00
2015.02.03 16:11:11.411,7.54909,7.55267,1.19,1.26
2015.02.03 16:11:11.647,7.54909,7.55267,1.19,1.19
2015.02.03 16:11:13.447,7.54906,7.55266,1.19,1.00
2015.02.03 16:11:15.428,7.54906,7.55266,1.19,1.00
2015.02.03 16:11:15.942,7.54909,7.55267,1.19,1.00
2015.02.03 16:11:17.435,7.54909,7.55267,1.19,1.00
2015.02.03 16:11:18.958,7.54909,7.55267,1.19,1.00
2015.02.03 16:11:19.009,7.5492,7.55279,1.19,1.07
2015.02.03 16:11:19.060,7.5492,7.55279,1.19,1.07
2015.02.03 16:11:19.297,7.54908,7.55268,1.19,1.00
2015.02.03 16:11:19.348,7.54908,7.55268,1.19,1.00
2015.02.03 16:11:19.451,7.54908,7.55268,1.19,1.19
2015.02.03 16:11:19.754,7.54889,7.55247,1.19,1.07
2015.02.03 16:11:19.909,7.54901,7.55261,1.19,1.00
2015.02.03 16:11:22.350,7.54901,7.55261,1.19,1.00
2015.02.03 16:11:23.477,7.54909,7.55267,1.19,1.25
2015.02.03 16:11:24.356,7.54913,7.55273,1.19,1.00
2015.02.03 16:11:26.362,7.54913,7.55273,1.19,1.19
2015.02.03 16:11:29.187,7.54916,7.55273,1.19,1.19
2015.02.03 16:11:30.873,7.54909,7.55267,1.19,1.00
2015.02.03 16:11:31.175,7.54909,7.55267,1.19,1.19
2015.02.03 16:11:31.612,7.54909,7.55267,1.19,1.00
2015.02.03 16:11:31.734,7.54915,7.55274,1.19,1.00
2015.02.03 16:11:32.545,7.54912,7.55272,1.19,1.00
2015.02.03 16:11:32.853,7.54906,7.55264,1.19,1.00
2015.02.03 16:11:33.784,7.54906,7.55264,1.19,1.00
2015.02.03 16:11:35.788,7.54906,7.55264,1.19,1.00
2015.02.03 16:11:36.814,7.54917,7.55268,1.19,1.00
2015.02.03 16:11:37.337,7.54917,7.55277,1.19,1.07
2015.02.03 16:11:37.794,7.54917,7.55277,1.19,1.26
2015.02.03 16:11:39.029,7.54898,7.55256,1.00,1.00
2015.02.03 16:11:39.130,7.54896,7.55236,1.49,1.00
2015.02.03 16:11:39.305,7.54896,7.55236,1.49,1.00
2015.02.03 16:11:39.356,7.54896,7.55238,1.49,1.00
2015.02.03 16:11:39.407,7.54896,7.55238,1.49,1.00
2015.02.03 16:11:39.648,7.54896,7.55244,1.49,1.00
2015.02.03 16:11:42.309,7.54896,7.55244,1.49,1.19
2015.02.03 16:11:42.616,7.54896,7.5523,1.49,1.00
2015.02.03 16:11:44.317,7.54896,7.5523,1.49,1.00
2015.02.03 16:11:44.647,7.54904,7.55263,1.19,1.07
2015.02.03 16:11:46.365,7.54938,7.55295,1.19,1.19
2015.02.03 16:11:46.922,7.54938,7.55295,1.19,1.19
2015.02.03 16:11:47.227,7.54943,7.553,1.19,1.30
2015.02.03 16:11:48.358,7.54956,7.553,1.19,1.16
2015.02.03 16:11:48.460,7.54956,7.553,1.19,1.30
2015.02.03 16:11:48.798,7.54956,7.55316,1.19,1.07
2015.02.03 16:11:50.833,7.54956,7.55316,1.19,1.26
2015.02.03 16:11:51.138,7.54946,7.55288,1.30,1.00
2015.02.03 16:11:51.240,7.54946,7.55278,1.30,1.00
2015.02.03 16:11:51.556,7.54946,7.55283,1.49,1.26
2015.02.03 16:11:54.188,7.54946,7.55282,1.49,1.26
2015.02.03 16:11:54.391,7.54956,7.55315,1.00,1.37
2015.02.03 16:11:54.597,7.54951,7.55311,1.19,1.56
2015.02.03 16:11:54.648,7.54951,7.55311,1.19,1.19
2015.02.03 16:11:54.699,7.54951,7.55311,1.19,1.19
2015.02.03 16:11:54.902,7.54946,7.55297,1.49,1.19
2015.02.03 16:11:55.004,7.54946,7.55289,1.49,1.19
2015.02.03 16:11:56.998,7.54946,7.55289,1.49,1.26
2015.02.03 16:11:57.641,7.54946,7.55287,1.49,1.07
2015.02.03 16:11:58.607,7.54946,7.55278,1.49,1.00
2015.02.03 16:11:58.727,7.54946,7.55268,1.49,1.19
2015.02.03 16:12:00.215,7.54924,7.55284,1.19,1.07
2015.02.03 16:12:01.758,7.54916,7.55276,1.19,1.19
2015.02.03 16:12:03.851,7.54898,7.55255,1.49,1.19
2015.02.03 16:12:05.437,7.54897,7.55228,1.19,1.00
2015.02.03 16:12:05.539,7.54885,7.55238,1.19,1.49
2015.02.03 16:12:07.628,7.54839,7.55198,1.19,1.00
2015.02.03 16:12:07.781,7.54839,7.55198,1.19,1.00
2015.02.03 16:12:08.178,7.54852,7.55207,1.19,1.19
2015.02.03 16:12:08.759,7.54852,7.55207,1.19,1.00
2015.02.03 16:12:08.860,7.54852,7.55211,1.19,1.00
2015.02.03 16:12:10.676,7.54866,7.55224,1.19,1.07
2015.02.03 16:12:11.179,7.54878,7.55237,1.19,1.37
2015.02.03 16:12:11.407,7.54891,7.55238,1.19,1.37
2015.02.03 16:12:11.716,7.54891,7.55251,1.91,1.00
2015.02.03 16:12:12.259,7.54891,7.55248,1.91,1.00
2015.02.03 16:12:12.896,7.54891,7.55251,1.91,1.00
2015.02.03 16:12:13.554,7.54891,7.55251,1.91,1.00
2015.02.03 16:12:13.667,7.54891,7.55248,1.91,1.00
2015.02.03 16:12:14.217,7.54891,7.55247,1.91,1.00
2015.02.03 16:12:15.574,7.54891,7.55247,1.91,1.00
2015.02.03 16:12:16.049,7.54891,7.55238,1.91,1.50
2015.02.03 16:12:16.795,7.54891,7.55248,1.91,2.25
2015.02.03 16:12:17.610,7.54891,7.55248,1.91,1.00
2015.02.03 16:12:19.572,7.54891,7.55248,1.91,1.00
2015.02.03 16:12:21.007,7.54898,7.55258,1.19,1.00
2015.02.03 16:12:21.580,7.54898,7.55258,1.19,2.25
2015.02.03 16:12:22.344,7.54898,7.55257,1.19,1.00
2015.02.03 16:12:23.596,7.54898,7.55257,1.19,1.00
2015.02.03 16:12:24.268,7.54898,7.55258,1.19,2.25
2015.02.03 16:12:24.446,7.54898,7.55248,1.19,1.00
2015.02.03 16:12:24.796,7.54898,7.55238,1.19,1.00
2015.02.03 16:12:25.439,7.54898,7.55258,1.19,2.25
2015.02.03 16:12:25.594,7.54898,7.55258,1.19,1.50
2015.02.03 16:12:26.065,7.54909,7.55267,1.19,1.07
2015.02.03 16:12:26.527,7.54909,7.55269,1.19,1.07
2015.02.03 16:12:26.897,7.54928,7.55287,1.19,1.00
2015.02.03 16:12:26.948,7.54928,7.55287,1.19,1.00
2015.02.03 16:12:26.999,7.5495,7.55302,1.49,1.00
2015.02.03 16:12:27.050,7.5495,7.55302,1.49,1.00
2015.02.03 16:12:27.101,7.54962,7.55319,1.19,1.07
2015.02.03 16:12:27.487,7.54962,7.55319,1.19,1.07
2015.02.03 16:12:29.248,7.54968,7.55326,1.19,1.07
2015.02.03 16:12:31.210,7.54974,7.55334,1.19,1.12
2015.02.03 16:12:31.812,7.54974,7.55334,1.19,1.12
2015.02.03 16:12:34.320,7.54974,7.55328,1.19,1.07
2015.02.03 16:12:36.456,7.54994,7.55327,1.19,1.00
2015.02.03 16:12:36.557,7.54994,7.55348,1.19,1.29
2015.02.03 16:12:37.130,7.54994,7.55328,1.19,1.00
2015.02.03 16:12:37.235,7.54994,7.55337,1.19,1.19
2015.02.03 16:12:37.558,7.54994,7.55328,1.19,1.00
2015.02.03 16:12:38.162,7.54994,7.55318,1.19,1.00
2015.02.03 16:12:38.264,7.54994,7.55318,1.19,1.00
2015.02.03 16:12:38.365,7.54975,7.55318,1.19,1.19
2015.02.03 16:12:38.466,7.54954,7.55307,1.19,1.69
2015.02.03 16:12:40.590,7.5495,7.55288,1.49,1.69
2015.02.03 16:12:41.116,7.54922,7.55278,1.19,1.00
2015.02.03 16:12:41.472,7.54893,7.55233,1.49,1.00
2015.02.03 16:12:42.256,7.54893,7.55242,1.49,1.00
2015.02.03 16:12:42.359,7.54893,7.55242,1.49,1.00
2015.02.03 16:12:42.409,7.54893,7.55214,1.49,1.00
2015.02.03 16:12:42.662,7.54839,7.55193,1.49,1.00
2015.02.03 16:12:42.814,7.54839,7.55188,1.49,1.00
2015.02.03 16:12:43.767,7.54839,7.55181,1.49,1.00
2015.02.03 16:12:44.007,7.54839,7.55181,1.49,1.25
2015.02.03 16:12:44.236,7.54839,7.55175,1.49,1.00
2015.02.03 16:12:46.367,7.54839,7.55175,1.49,1.00
2015.02.03 16:12:46.469,7.54839,7.55166,1.49,1.00
2015.02.03 16:12:46.671,7.54839,7.55174,1.49,1.00
2015.02.03 16:12:46.773,7.54839,7.55158,1.49,1.00
2015.02.03 16:12:47.305,7.54839,7.55159,1.49,1.00
2015.02.03 16:12:47.426,7.54839,7.55167,1.49,1.00
2015.02.03 16:12:47.477,7.54839,7.55167,1.49,1.19
2015.02.03 16:12:48.966,7.54839,7.55147,1.49,1.00
2015.02.03 16:12:49.317,7.54839,7.55127,1.30,1.19
2015.02.03 16:12:49.625,7.54779,7.55095,1.49,1.00
2015.02.03 16:12:49.682,7.54779,7.55095,1.49,1.19
2015.02.03 16:12:49.783,7.54779,7.5507,1.49,1.00
2015.02.03 16:12:50.087,7.54721,7.55057,1.49,1.00
2015.02.03 16:12:50.285,7.54721,7.55057,1.49,1.19
2015.02.03 16:12:50.663,7.54672,7.55032,1.19,1.00
2015.02.03 16:12:50.917,7.54665,7.55005,1.49,1.19
2015.02.03 16:12:52.926,7.54637,7.54996,1.19,1.00
2015.02.03 16:12:53.230,7.54637,7.54996,1.19,1.79
2015.02.03 16:12:53.331,7.54623,7.54981,1.00,1.91
2015.02.03 16:12:53.382,7.54642,7.54896,1.69,1.30
2015.02.03 16:12:53.584,7.54428,7.54738,1.00,1.00
2015.02.03 16:12:53.635,7.54443,7.54738,1.19,1.00
2015.02.03 16:12:53.961,7.54364,7.54666,1.49,1.00
2015.02.03 16:12:54.265,7.5434,7.54678,1.19,1.00
2015.02.03 16:12:54.392,7.5434,7.54698,1.19,1.00
2015.02.03 16:12:54.446,7.5434,7.54704,1.19,1.00
2015.02.03 16:12:54.700,7.54361,7.54691,1.49,1.00
2015.02.03 16:12:54.801,7.54365,7.54731,1.19,1.19
2015.02.03 16:12:54.853,7.54365,7.54731,1.19,1.00
2015.02.03 16:12:54.954,7.54405,7.54758,1.19,1.12
2015.02.03 16:12:55.055,7.54427,7.54758,1.49,1.00
2015.02.03 16:12:55.106,7.54427,7.54791,1.49,1.00
2015.02.03 16:12:56.144,7.54427,7.5475,1.30,1.00
2015.02.03 16:12:56.245,7.54427,7.54726,1.49,1.00
2015.02.03 16:12:56.568,7.54427,7.54782,1.49,1.07
2015.02.03 16:12:56.619,7.54444,7.54816,1.19,1.00
2015.02.03 16:12:56.670,7.54473,7.54832,1.49,1.00
2015.02.03 16:12:57.528,7.54493,7.54832,1.49,1.19
2015.02.03 16:12:57.680,7.54465,7.54792,1.49,1.00
2015.02.03 16:12:57.984,7.54465,7.54806,1.49,1.00
2015.02.03 16:12:58.536,7.54465,7.54792,1.49,1.00
2015.02.03 16:12:58.637,7.54465,7.54792,1.49,1.00
2015.02.03 16:12:58.738,7.54465,7.54792,1.30,1.00
2015.02.03 16:12:58.789,7.54465,7.54811,1.30,1.00
2015.02.03 16:12:58.840,7.54465,7.54811,1.49,1.19
2015.02.03 16:12:59.195,7.54465,7.54773,1.49,1.00
2015.02.03 16:12:59.498,7.54465,7.54765,1.49,1.00
2015.02.03 16:13:00.406,7.54465,7.54738,1.49,1.00
2015.02.03 16:13:00.558,7.54445,7.54698,1.30,1.00
2015.02.03 16:13:00.609,7.5438,7.54698,1.67,1.00
2015.02.03 16:13:00.660,7.5438,7.54658,1.49,1.00
2015.02.03 16:13:00.812,7.54229,7.54578,2.24,1.25
2015.02.03 16:13:00.863,7.54229,7.54522,2.24,1.00
2015.02.03 16:13:00.913,7.54178,7.54522,1.86,1.00
2015.02.03 16:13:00.992,7.54178,7.54485,1.86,1.00
2015.02.03 16:13:01.094,7.54178,7.545,1.49,1.00
2015.02.03 16:13:01.195,7.54178,7.54517,2.24,1.00
2015.02.03 16:13:01.297,7.54178,7.5452,2.24,1.00
2015.02.03 16:13:01.556,7.54187,7.54538,1.01,1.00
2015.02.03 16:13:01.665,7.54187,7.5452,1.01,1.00
2015.02.03 16:13:01.726,7.54187,7.54513,1.01,1.00
2015.02.03 16:13:02.079,7.54183,7.54522,1.01,1.00
2015.02.03 16:13:02.410,7.54178,7.54519,2.24,1.00
2015.02.03 16:13:02.798,7.54178,7.54498,2.24,1.00
2015.02.03 16:13:03.376,7.54178,7.54535,1.49,1.00
2015.02.03 16:13:03.478,7.54178,7.54535,2.24,1.00
2015.02.03 16:13:03.528,7.54238,7.54583,2.24,1.07
2015.02.03 16:13:03.580,7.54238,7.54583,2.24,1.07
2015.02.03 16:13:03.631,7.54277,7.54642,1.94,1.00
2015.02.03 16:13:03.682,7.54277,7.54642,1.94,1.00
2015.02.03 16:13:04.255,7.54299,7.54634,1.86,1.00
2015.02.03 16:13:04.407,7.54302,7.54662,1.88,1.00
2015.02.03 16:13:04.515,7.54299,7.54649,1.86,1.00
2015.02.03 16:13:04.586,7.54299,7.54654,1.86,1.00
2015.02.03 16:13:05.048,7.54299,7.5466,1.86,1.00
2015.02.03 16:13:05.149,7.54299,7.54649,1.86,1.00
2015.02.03 16:13:05.301,7.54299,7.54635,1.49,1.00
2015.02.03 16:13:05.408,7.54299,7.54634,1.49,1.00
2015.02.03 16:13:05.611,7.54299,7.54647,1.49,1.00
2015.02.03 16:13:05.685,7.54299,7.54656,1.49,1.00
2015.02.03 16:13:06.235,7.54299,7.54662,1.49,1.00
2015.02.03 16:13:06.503,7.54351,7.5468,1.49,1.00
2015.02.03 16:13:06.705,7.54371,7.54733,1.86,1.00
2015.02.03 16:13:07.036,7.54371,7.54707,1.49,1.00
2015.02.03 16:13:07.087,7.54371,7.54707,1.49,1.00
2015.02.03 16:13:07.239,7.54371,7.54696,1.49,1.00
2015.02.03 16:13:07.476,7.54371,7.5467,1.49,1.00
2015.02.03 16:13:07.577,7.54371,7.5466,1.49,1.00
2015.02.03 16:13:07.678,7.54371,7.54678,1.49,1.26
2015.02.03 16:13:07.995,7.54371,7.54667,1.49,1.00
2015.02.03 16:13:08.315,7.54371,7.54649,1.49,1.00
2015.02.03 16:13:10.085,7.54309,7.54662,1.49,1.00
2015.02.03 16:13:10.186,7.54309,7.54662,2.24,1.00
2015.02.03 16:13:10.237,7.54309,7.54668,2.24,1.00
2015.02.03 16:13:10.288,7.54309,7.54668,2.24,1.00
2015.02.03 16:13:10.339,7.54324,7.5469,1.19,1.00
2015.02.03 16:13:10.390,7.54324,7.5469,1.19,1.00
2015.02.03 16:13:10.440,7.54368,7.54717,1.49,1.07
2015.02.03 16:13:10.491,7.54368,7.54717,1.49,1.00
2015.02.03 16:13:10.542,7.54368,7.54733,1.49,1.07
2015.02.03 16:13:10.593,7.54368,7.54733,1.56,1.00
2015.02.03 16:13:10.796,7.54383,7.54749,1.26,1.00
2015.02.03 16:13:10.897,7.54437,7.54749,1.49,1.00
2015.02.03 16:13:10.998,7.54437,7.54786,1.49,1.00
2015.02.03 16:13:11.100,7.5444,7.54806,1.19,1.00
2015.02.03 16:13:11.449,7.54447,7.54813,1.19,1.00
2015.02.03 16:13:11.515,7.54437,7.54799,1.56,1.00
2015.02.03 16:13:11.859,7.5444,7.54806,1.26,1.00
2015.02.03 16:13:11.960,7.54437,7.54797,1.56,1.00
2015.02.03 16:13:12.064,7.5444,7.54806,1.26,1.00
2015.02.03 16:13:12.509,7.54437,7.54793,1.56,1.00
2015.02.03 16:13:12.762,7.54441,7.54805,1.26,1.00
2015.02.03 16:13:13.128,7.54441,7.54805,1.26,1.00
2015.02.03 16:13:13.179,7.54437,7.54799,1.56,1.00
2015.02.03 16:13:13.495,7.54437,7.54753,1.49,1.00
2015.02.03 16:13:13.546,7.54437,7.54753,1.49,1.00
2015.02.03 16:13:13.707,7.54437,7.54753,1.49,1.00
2015.02.03 16:13:13.758,7.54437,7.5476,1.49,1.00
2015.02.03 16:13:13.809,7.54437,7.5476,1.49,1.25
2015.02.03 16:13:13.961,7.54437,7.54747,1.49,1.00
2015.02.03 16:13:14.376,7.54437,7.54734,1.49,1.00
2015.02.03 16:13:14.697,7.54437,7.54728,1.49,1.00
2015.02.03 16:13:15.036,7.54375,7.54713,1.49,1.00
2015.02.03 16:13:15.540,7.54375,7.54713,1.49,1.25
2015.02.03 16:13:15.590,7.54375,7.54707,1.49,1.00
2015.02.03 16:13:15.642,7.54375,7.54707,1.30,1.00
2015.02.03 16:13:15.845,7.54375,7.54674,1.30,1.00
2015.02.03 16:13:15.997,7.54312,7.54674,1.49,1.00
2015.02.03 16:13:16.389,7.54312,7.54666,1.49,1.00
2015.02.03 16:13:16.709,7.54312,7.54666,1.49,1.19
2015.02.03 16:13:17.015,7.54312,7.54659,1.49,1.00
2015.02.03 16:13:17.345,7.54312,7.54653,1.49,1.00
2015.02.03 16:13:17.706,7.54312,7.54661,1.49,1.25
2015.02.03 16:13:17.969,7.54312,7.54675,1.49,1.00
2015.02.03 16:13:18.020,7.54348,7.54714,1.19,1.56
2015.02.03 16:13:18.071,7.54348,7.54714,1.19,1.19
2015.02.03 16:13:18.609,7.54335,7.54701,1.19,1.00
2015.02.03 16:13:18.664,7.54317,7.54683,1.26,1.00
2015.02.03 16:13:18.996,7.54312,7.54675,1.49,1.00
2015.02.03 16:13:19.435,7.54323,7.54689,1.19,1.00
2015.02.03 16:13:19.655,7.54336,7.547,1.19,1.00
2015.02.03 16:13:19.811,7.54348,7.54714,1.19,1.19
2015.02.03 16:13:19.862,7.5437,7.54714,1.49,1.00
2015.02.03 16:13:20.014,7.5437,7.54728,1.49,1.07
2015.02.03 16:13:20.065,7.5437,7.54728,1.49,1.10
2015.02.03 16:13:21.084,7.5437,7.54714,1.49,1.00
2015.02.03 16:13:22.332,7.5437,7.54714,1.49,1.00
2015.02.03 16:13:23.436,7.54383,7.54717,1.54,1.00
2015.02.03 16:13:23.783,7.54383,7.54727,1.54,1.00
2015.02.03 16:13:24.150,7.54383,7.54722,1.54,1.00
2015.02.03 16:13:24.325,7.5437,7.54727,2.24,1.00
2015.02.03 16:13:24.531,7.54374,7.5474,1.19,1.07
2015.02.03 16:13:24.792,7.54429,7.54768,1.49,1.07
2015.02.03 16:13:24.944,7.54429,7.54789,1.49,1.26
2015.02.03 16:13:25.755,7.5444,7.54806,1.19,1.37
2015.02.03 16:13:25.958,7.54479,7.54845,1.19,1.07
2015.02.03 16:13:26.181,7.54489,7.54848,1.56,1.00
2015.02.03 16:13:26.255,7.54489,7.5485,1.56,1.00
2015.02.03 16:13:26.511,7.54499,7.54865,1.19,1.07
2015.02.03 16:13:26.562,7.54499,7.54865,1.19,1.26
2015.02.03 16:13:27.682,7.54499,7.54865,1.31,1.07
2015.02.03 16:13:27.835,7.54548,7.54897,1.49,1.00
2015.02.03 16:13:28.055,7.54548,7.54903,1.49,1.26
2015.02.03 16:13:30.197,7.54548,7.54914,1.91,1.07
2015.02.03 16:13:30.298,7.54548,7.54914,1.91,1.26
2015.02.03 16:13:30.450,7.54548,7.54873,1.49,1.00
2015.02.03 16:13:30.551,7.54548,7.54892,1.49,1.19
2015.02.03 16:13:32.284,7.54548,7.54906,1.49,1.19
2015.02.03 16:13:32.589,7.54548,7.54868,1.49,1.00
2015.02.03 16:13:33.296,7.54548,7.5486,1.49,1.00
2015.02.03 16:13:33.566,7.54501,7.54867,1.19,1.00
2015.02.03 16:13:33.784,7.54514,7.5488,1.19,1.00
2015.02.03 16:13:34.784,7.54514,7.5488,1.19,1.19
2015.02.03 16:13:35.203,7.54508,7.54874,1.19,1.00
2015.02.03 16:13:35.533,7.54708,7.54977,1.79,1.07
2015.02.03 16:13:35.887,7.54695,7.54997,2.29,1.07
2015.02.03 16:13:35.989,7.54695,7.54997,2.29,1.07
2015.02.03 16:13:36.090,7.54682,7.54954,1.30,1.07
2015.02.03 16:13:36.191,7.54682,7.54949,1.30,1.56
2015.02.03 16:13:36.242,7.54626,7.54949,1.00,1.56
2015.02.03 16:13:36.404,7.54626,7.54911,1.00,1.07
2015.02.03 16:13:36.506,7.54552,7.54931,1.49,1.37
2015.02.03 16:13:36.557,7.54552,7.54931,1.49,1.07
2015.02.03 16:13:36.607,7.54552,7.54931,1.49,1.26
2015.02.03 16:13:37.198,7.54552,7.54899,1.49,1.19
2015.02.03 16:13:37.603,7.54493,7.54835,1.49,1.19
2015.02.03 16:13:40.300,7.5444,7.54825,1.01,1.19
2015.02.03 16:13:41.495,7.54689,7.54876,1.00,1.56
2015.02.03 16:13:41.546,7.54689,7.54876,1.00,1.37
2015.02.03 16:13:41.596,7.54692,7.54876,2.10,1.37
2015.02.03 16:13:41.698,7.54692,7.54928,2.29,1.07
2015.02.03 16:13:41.850,7.54692,7.54928,2.29,1.07
2015.02.03 16:13:41.951,7.54706,7.54958,1.79,1.37
2015.02.03 16:13:42.054,7.54706,7.54958,1.79,1.37
2015.02.03 16:13:42.156,7.54648,7.54958,1.91,1.37
2015.02.03 16:13:42.257,7.54623,7.54969,1.49,1.37
2015.02.03 16:13:42.460,7.54623,7.54957,1.49,1.37
2015.02.03 16:13:42.713,7.54565,7.54945,1.49,1.56
2015.02.03 16:13:43.017,7.54565,7.54932,1.49,1.69
2015.02.03 16:13:43.715,7.54565,7.54918,1.49,1.56
2015.02.03 16:13:44.257,7.54498,7.54903,1.56,1.31
2015.02.03 16:13:44.560,7.54433,7.54826,1.56,1.19
2015.02.03 16:13:46.766,7.54433,7.54797,1.49,1.56
2015.02.03 16:13:47.028,7.54433,7.54796,1.49,1.37
2015.02.03 16:13:47.129,7.54515,7.54788,1.35,1.12
2015.02.03 16:13:47.231,7.54514,7.54788,1.35,1.00
2015.02.03 16:13:47.332,7.54544,7.54808,1.35,1.00
2015.02.03 16:13:47.396,7.54513,7.54808,1.90,1.00
2015.02.03 16:13:47.447,7.54524,7.54808,1.79,1.00
2015.02.03 16:13:47.786,7.54534,7.54798,1.16,1.00
2015.02.03 16:13:47.894,7.54534,7.54808,1.16,1.00
2015.02.03 16:13:48.128,7.54534,7.54798,1.16,1.00
2015.02.03 16:13:48.433,7.54544,7.54788,1.16,1.00
2015.02.03 16:13:48.737,7.54544,7.54778,1.16,1.00
2015.02.03 16:13:49.146,7.54566,7.54778,2.29,1.00
2015.02.03 16:13:49.197,7.54566,7.54798,2.29,1.00
2015.02.03 16:13:49.248,7.54566,7.54798,2.29,1.00
2015.02.03 16:13:49.653,7.54577,7.54798,2.09,1.00
2015.02.03 16:13:49.754,7.54637,7.54807,2.29,1.00
2015.02.03 16:13:50.008,7.54637,7.54847,2.29,1.00
2015.02.03 16:13:50.642,7.54594,7.54838,1.16,1.00
2015.02.03 16:13:50.749,7.54594,7.54828,1.16,1.00
2015.02.03 16:13:51.001,7.54594,7.54838,1.16,1.00
2015.02.03 16:13:51.739,7.54594,7.54827,1.16,1.00
2015.02.03 16:13:52.605,7.54594,7.54838,1.79,1.00
2015.02.03 16:13:52.656,7.54647,7.54838,2.29,1.00
2015.02.03 16:13:53.165,7.54647,7.54847,2.29,1.00
2015.02.03 16:13:54.038,7.54602,7.54848,1.86,1.00
2015.02.03 16:13:54.190,7.54602,7.54828,1.79,1.00
2015.02.03 16:13:54.291,7.54616,7.54837,1.79,1.00
2015.02.03 16:13:54.401,7.54616,7.54848,1.79,1.00
2015.02.03 16:13:55.835,7.54592,7.54827,2.29,1.00
2015.02.03 16:13:56.145,7.54592,7.54808,2.29,1.00
2015.02.03 16:13:56.695,7.54592,7.54797,2.29,1.00
2015.02.03 16:13:56.972,7.54592,7.54797,2.29,1.00
2015.02.03 16:13:57.884,7.54592,7.54808,2.29,1.00
2015.02.03 16:13:58.235,7.54592,7.54818,2.29,1.00
2015.02.03 16:13:58.343,7.54592,7.54838,2.29,1.00
2015.02.03 16:13:58.655,7.54592,7.54848,2.29,1.00
2015.02.03 16:13:59.403,7.54602,7.54848,1.79,1.00
2015.02.03 16:14:00.113,7.54602,7.54838,1.79,1.00
2015.02.03 16:14:00.745,7.54602,7.54848,1.79,1.00
2015.02.03 16:14:00.855,7.54602,7.54838,1.79,1.00
2015.02.03 16:14:01.550,7.54602,7.54838,1.79,1.00
2015.02.03 16:14:01.894,7.54602,7.54847,1.79,1.00
2015.02.03 16:14:02.099,7.54649,7.54858,2.10,1.00
2015.02.03 16:14:02.404,7.54649,7.54848,2.10,1.00
2015.02.03 16:14:03.076,7.54602,7.54848,1.79,1.00
2015.02.03 16:14:03.178,7.54602,7.54818,1.79,1.00
2015.02.03 16:14:03.330,7.54583,7.54818,1.49,1.00
2015.02.03 16:14:03.431,7.54583,7.54798,1.49,1.00
2015.02.03 16:14:03.634,7.54577,7.54808,2.09,1.00
2015.02.03 16:14:03.735,7.54577,7.54778,2.09,1.00
2015.02.03 16:14:04.506,7.54577,7.54788,2.09,1.00
2015.02.03 16:14:04.632,7.54621,7.54798,2.10,1.00
2015.02.03 16:14:04.733,7.54621,7.54808,2.10,1.00
2015.02.03 16:14:05.182,7.54577,7.54798,2.09,1.00
2015.02.03 16:14:05.283,7.54577,7.54768,2.09,1.00
2015.02.03 16:14:06.057,7.54577,7.54768,1.90,1.00
2015.02.03 16:14:06.376,7.54552,7.54758,2.09,1.00
2015.02.03 16:14:06.646,7.54552,7.54778,2.09,1.00
2015.02.03 16:14:06.944,7.54552,7.54788,2.09,1.00
2015.02.03 16:14:07.470,7.54562,7.54788,1.79,1.00
2015.02.03 16:14:07.672,7.54662,7.54897,1.79,1.00
2015.02.03 16:14:07.723,7.54662,7.54888,1.79,1.00
2015.02.03 16:14:08.359,7.54645,7.54868,2.29,1.00
2015.02.03 16:14:08.874,7.54645,7.54867,2.29,1.00
2015.02.03 16:14:09.856,7.54645,7.54867,2.29,1.00
2015.02.03 16:14:10.483,7.54645,7.54868,2.29,1.00
2015.02.03 16:14:10.845,7.54645,7.54868,2.29,1.00
2015.02.03 16:14:11.048,7.54645,7.54877,2.29,1.00
2015.02.03 16:14:11.378,7.54645,7.54868,2.29,1.00
2015.02.03 16:14:12.115,7.54645,7.54878,2.29,1.00
2015.02.03 16:14:12.444,7.54645,7.54867,2.29,1.00
2015.02.03 16:14:12.554,7.54645,7.54878,2.29,1.00
2015.02.03 16:14:12.706,7.54669,7.54878,1.16,1.37
2015.02.03 16:14:12.757,7.54669,7.54878,1.16,1.37
2015.02.03 16:14:12.910,7.54622,7.54876,1.30,1.12
2015.02.03 16:14:12.961,7.54554,7.5485,1.86,1.31
2015.02.03 16:14:13.063,7.54554,7.54845,1.30,1.94
2015.02.03 16:14:13.114,7.54483,7.54845,1.49,1.94
2015.02.03 16:14:13.166,7.54483,7.54845,1.30,1.94
2015.02.03 16:14:13.217,7.54432,7.54829,1.79,2.24
2015.02.03 16:14:13.584,7.54432,7.5482,1.79,1.94
2015.02.03 16:14:15.015,7.54425,7.54765,1.86,1.31
2015.02.03 16:14:15.750,7.54425,7.54765,1.86,1.31
2015.02.03 16:14:17.432,7.54425,7.54795,2.24,1.31
2015.02.03 16:14:17.556,7.54425,7.54795,2.24,1.12
2015.02.03 16:14:18.030,7.54462,7.54828,2.24,1.56
2015.02.03 16:14:18.131,7.54462,7.54828,2.24,1.56
2015.02.03 16:14:18.434,7.54462,7.54878,2.24,1.94
2015.02.03 16:14:18.786,7.54462,7.54839,2.24,1.16
2015.02.03 16:14:18.888,7.54462,7.54836,2.24,1.94
2015.02.03 16:14:19.747,7.54462,7.54858,1.49,1.56
2015.02.03 16:14:20.411,7.54462,7.54808,1.49,1.00
2015.02.03 16:14:20.512,7.54462,7.54818,1.49,1.26
2015.02.03 16:14:20.563,7.54462,7.54818,1.49,1.56
2015.02.03 16:14:21.112,7.54462,7.54845,1.49,1.94
2015.02.03 16:14:22.494,7.54462,7.54818,1.49,1.56
2015.02.03 16:14:23.183,7.54395,7.54788,2.24,1.37
2015.02.03 16:14:23.234,7.54395,7.5482,2.24,1.56
2015.02.03 16:14:23.285,7.54417,7.5482,1.01,1.26
2015.02.03 16:14:25.198,7.54464,7.54868,2.24,2.24
2015.02.03 16:14:25.501,7.54464,7.54868,2.24,1.86
2015.02.03 16:14:27.448,7.54464,7.54868,2.24,1.86
2015.02.03 16:14:28.660,7.54464,7.54858,1.49,1.94
2015.02.03 16:14:29.711,7.54464,7.54858,1.49,1.94
2015.02.03 16:14:30.762,7.54464,7.54868,1.49,1.86
2015.02.03 16:14:32.945,7.54464,7.54868,2.24,1.54
2015.02.03 16:14:33.394,7.5449,7.54868,1.31,1.24
2015.02.03 16:14:33.858,7.54521,7.54921,1.56,1.56
2015.02.03 16:14:34.473,7.54536,7.54921,1.01,1.56
2015.02.03 16:14:34.929,7.54554,7.54925,1.01,1.56
2015.02.03 16:14:35.354,7.54578,7.54969,1.49,1.94
2015.02.03 16:14:35.505,7.54578,7.54961,1.56,1.26
2015.02.03 16:14:36.073,7.54578,7.54943,1.56,1.00
2015.02.03 16:14:37.034,7.54578,7.54954,1.94,1.26
2015.02.03 16:14:37.187,7.54578,7.54974,2.24,1.07
2015.02.03 16:14:37.288,7.54578,7.54967,1.86,1.19
2015.02.03 16:14:37.390,7.54578,7.54908,2.24,1.00
2015.02.03 16:14:37.848,7.54552,7.54889,1.31,1.00
2015.02.03 16:14:38.176,7.54545,7.54874,1.01,1.00
2015.02.03 16:14:38.387,7.54518,7.54874,1.86,1.19
2015.02.03 16:14:38.589,7.5453,7.54863,1.01,1.00
2015.02.03 16:14:38.937,7.54527,7.54828,1.01,1.00
2015.02.03 16:14:38.988,7.54518,7.54828,2.29,1.19
2015.02.03 16:14:39.039,7.54518,7.54828,1.01,1.19
2015.02.03 16:14:39.141,7.54502,7.54814,2.26,1.00
2015.02.03 16:14:39.447,7.5444,7.54747,1.01,1.00
2015.02.03 16:14:39.599,7.54425,7.54747,1.56,1.00
2015.02.03 16:14:39.650,7.54425,7.54708,1.56,1.00
2015.02.03 16:14:39.701,7.54425,7.54708,1.49,1.00
2015.02.03 16:14:39.751,7.54412,7.54698,1.01,1.00
2015.02.03 16:14:40.157,7.54386,7.54678,1.01,1.00
2015.02.03 16:14:40.259,7.54386,7.54698,1.01,1.00
2015.02.03 16:14:40.554,7.54386,7.54688,1.01,1.00
2015.02.03 16:14:40.704,7.54386,7.54698,1.01,1.00
2015.02.03 16:14:40.806,7.54386,7.54717,1.01,1.00
2015.02.03 16:14:40.907,7.54386,7.54738,1.01,1.26
2015.02.03 16:14:41.802,7.54386,7.54726,1.01,1.00
2015.02.03 16:14:42.187,7.54386,7.54738,1.01,1.07
2015.02.03 16:14:42.288,7.54386,7.54738,1.01,1.07
2015.02.03 16:14:42.440,7.54411,7.54758,1.01,1.00
2015.02.03 16:14:42.542,7.54435,7.54748,1.01,1.00
2015.02.03 16:14:42.745,7.54412,7.54762,1.56,1.00
2015.02.03 16:14:43.093,7.54439,7.54792,1.56,1.49
2015.02.03 16:14:43.194,7.54452,7.54812,1.26,1.37
2015.02.03 16:14:43.296,7.54452,7.54821,1.94,1.00
2015.02.03 16:14:43.397,7.54471,7.5484,1.56,1.00
2015.02.03 16:14:43.650,7.54468,7.54837,1.56,1.00
2015.02.03 16:14:44.975,7.54473,7.54831,1.31,1.00
2015.02.03 16:14:45.579,7.5448,7.54831,1.86,1.00
2015.02.03 16:14:45.839,7.5448,7.54825,1.86,1.00
2015.02.03 16:14:45.890,7.5448,7.54825,1.86,1.19
2015.02.03 16:14:45.941,7.5448,7.54799,1.56,1.19
2015.02.03 16:14:47.889,7.5448,7.54805,1.56,1.00
2015.02.03 16:14:48.461,7.5448,7.54799,1.56,1.00
2015.02.03 16:14:49.143,7.5448,7.54792,1.56,1.00
2015.02.03 16:14:50.097,7.5448,7.54792,1.56,1.00
2015.02.03 16:14:52.214,7.5448,7.54792,1.56,1.00
2015.02.03 16:14:54.405,7.5448,7.54792,1.56,1.00
2015.02.03 16:14:55.211,7.54484,7.54804,1.01,1.00
2015.02.03 16:14:55.492,7.54484,7.54819,1.01,1.19
2015.02.03 16:14:57.123,7.54487,7.54825,1.01,1.00
2015.02.03 16:14:57.413,7.54549,7.54833,1.49,1.00
2015.02.03 16:14:57.464,7.54549,7.54833,1.49,1.00
2015.02.03 16:14:57.515,7.54549,7.54866,2.24,1.00
2015.02.03 16:14:57.617,7.54556,7.54866,1.01,1.00
2015.02.03 16:14:57.667,7.54556,7.54884,1.01,1.00
2015.02.03 16:14:58.526,7.54565,7.54899,1.01,1.00
2015.02.03 16:14:59.622,7.54574,7.54899,1.01,1.00
2015.02.03 16:15:00.264,7.54574,7.5491,1.31,1.00
2015.02.03 16:15:00.466,7.54606,7.5491,1.99,1.00
2015.02.03 16:15:00.517,7.54606,7.54943,1.99,1.07
2015.02.03 16:15:00.568,7.54614,7.54943,1.31,1.00
2015.02.03 16:15:00.619,7.54614,7.5493,1.31,1.00
2015.02.03 16:15:00.738,7.54614,7.54943,1.31,1.00
2015.02.03 16:15:02.077,7.5461,7.54943,1.31,1.19
2015.02.03 16:15:02.178,7.54606,7.5493,1.86,1.00
2015.02.03 16:15:02.697,7.54606,7.5491,1.56,1.00
2015.02.03 16:15:03.015,7.54606,7.54904,1.56,1.00
2015.02.03 16:15:03.167,7.54606,7.5491,1.56,1.00
2015.02.03 16:15:03.268,7.54606,7.5493,1.56,1.00
2015.02.03 16:15:03.565,7.54606,7.54925,1.56,1.00
2015.02.03 16:15:04.161,7.54606,7.54904,1.56,1.00
2015.02.03 16:15:04.367,7.54588,7.54909,1.31,1.00
2015.02.03 16:15:04.569,7.54594,7.54924,1.31,1.19
2015.02.03 16:15:04.807,7.5461,7.5493,1.01,1.00
2015.02.03 16:15:04.908,7.54613,7.54938,1.94,1.00
2015.02.03 16:15:05.761,7.54613,7.54938,1.94,1.00
2015.02.03 16:15:06.452,7.54621,7.54949,1.01,1.00
2015.02.03 16:15:07.787,7.54626,7.54949,1.01,1.19
2015.02.03 16:15:08.003,7.54624,7.54949,1.12,1.00
2015.02.03 16:15:09.621,7.54613,7.54969,1.67,1.00
2015.02.03 16:15:09.671,7.54672,7.54969,1.30,1.00
2015.02.03 16:15:09.773,7.54672,7.55007,2.05,1.00
2015.02.03 16:15:09.824,7.54686,7.55007,1.12,1.00
2015.02.03 16:15:09.875,7.54686,7.55022,1.12,1.00
2015.02.03 16:15:09.925,7.54689,7.55022,1.12,1.00
2015.02.03 16:15:10.173,7.54689,7.55028,1.12,1.00
2015.02.03 16:15:10.633,7.54705,7.55036,1.12,1.00
2015.02.03 16:15:11.164,7.54705,7.55035,1.12,1.00
2015.02.03 16:15:11.603,7.54705,7.5503,1.12,1.00
2015.02.03 16:15:14.756,7.54705,7.5503,1.12,1.00
2015.02.03 16:15:14.908,7.54729,7.55054,1.12,1.00
2015.02.03 16:15:15.370,7.54729,7.55056,1.12,1.00
2015.02.03 16:15:15.472,7.54729,7.55056,1.12,1.00
2015.02.03 16:15:15.674,7.54758,7.55089,1.12,1.00
2015.02.03 16:15:15.883,7.54768,7.55089,1.37,1.00
2015.02.03 16:15:15.934,7.54768,7.55098,1.37,1.00
2015.02.03 16:15:16.910,7.54786,7.55103,1.12,1.00
2015.02.03 16:15:17.227,7.54786,7.55135,1.12,1.00
2015.02.03 16:15:17.386,7.54791,7.55135,1.37,1.00
2015.02.03 16:15:17.639,7.54778,7.55115,1.12,1.00
2015.02.03 16:15:18.177,7.54778,7.55116,1.12,1.00
2015.02.03 16:15:18.667,7.54778,7.55104,1.12,1.00
2015.02.03 16:15:19.530,7.54778,7.55115,1.12,1.00
2015.02.03 16:15:20.188,7.54778,7.55124,1.12,1.00
2015.02.03 16:15:20.504,7.54778,7.55116,1.12,1.00
2015.02.03 16:15:20.834,7.54778,7.55124,1.12,1.00
2015.02.03 16:15:21.456,7.54783,7.55124,1.12,1.00
2015.02.03 16:15:22.164,7.54783,7.55135,1.12,1.00
2015.02.03 16:15:22.316,7.54821,7.5513,1.37,1.00
2015.02.03 16:15:22.629,7.54821,7.55124,1.67,1.00
2015.02.03 16:15:24.856,7.54821,7.55116,1.67,1.00
2015.02.03 16:15:24.907,7.54821,7.55116,1.37,1.00
2015.02.03 16:15:28.466,7.54821,7.55124,1.37,1.00
2015.02.03 16:15:30.223,7.54821,7.55135,1.37,1.00
2015.02.03 16:15:30.375,7.54823,7.55135,1.12,1.00
2015.02.03 16:15:30.756,7.54823,7.5515,1.12,1.00
2015.02.03 16:15:31.404,7.54823,7.55144,1.12,1.00
2015.02.03 16:15:31.749,7.54821,7.55135,1.67,1.00
2015.02.03 16:15:33.385,7.54821,7.55116,1.67,1.00
2015.02.03 16:15:33.699,7.54784,7.55102,2.05,1.00
2015.02.03 16:15:33.750,7.54784,7.55077,2.05,1.00
2015.02.03 16:15:33.901,7.54784,7.55077,1.30,1.00
2015.02.03 16:15:33.953,7.54722,7.55056,2.63,1.00
2015.02.03 16:15:34.003,7.54722,7.55056,2.07,1.00
2015.02.03 16:15:34.054,7.54716,7.5503,2.05,1.00
2015.02.03 16:15:35.745,7.54716,7.55016,2.05,1.00
2015.02.03 16:15:35.897,7.54716,7.54997,1.30,1.00
2015.02.03 16:15:36.158,7.54654,7.54993,2.24,1.00
2015.02.03 16:15:36.345,7.54654,7.54986,1.86,1.00
2015.02.03 16:15:37.904,7.54654,7.55003,1.67,1.00
2015.02.03 16:15:38.109,7.54663,7.55003,1.37,1.00
2015.02.03 16:15:38.160,7.54663,7.55016,1.37,1.00
2015.02.03 16:15:38.413,7.54663,7.55016,1.12,1.00
2015.02.03 16:15:40.254,7.54662,7.54997,2.44,1.00
2015.02.03 16:15:40.526,7.54662,7.54997,2.44,1.00
2015.02.03 16:15:40.678,7.54662,7.54995,2.44,1.00
2015.02.03 16:15:40.946,7.54655,7.54985,1.12,1.00
2015.02.03 16:15:43.765,7.54655,7.54991,1.12,1.00
2015.02.03 16:15:44.617,7.54665,7.55003,1.12,1.00
2015.02.03 16:15:44.668,7.54666,7.55003,1.12,1.00
2015.02.03 16:15:44.719,7.54672,7.55006,1.12,1.00
2015.02.03 16:15:44.871,7.54672,7.54986,1.12,1.00
2015.02.03 16:15:45.204,7.54666,7.54982,1.12,1.00
2015.02.03 16:15:45.256,7.54659,7.54982,1.12,1.00
2015.02.03 16:15:46.486,7.54654,7.54939,1.67,1.00
2015.02.03 16:15:46.688,7.54628,7.54921,1.37,1.00
2015.02.03 16:15:46.804,7.54628,7.54909,1.37,1.00
2015.02.03 16:15:47.007,7.54628,7.54909,1.30,1.00
2015.02.03 16:15:48.377,7.54628,7.54896,1.30,1.00
2015.02.03 16:15:48.479,7.54574,7.54896,2.05,1.00
2015.02.03 16:15:49.472,7.54574,7.54874,2.05,1.00
2015.02.03 16:15:49.624,7.54574,7.54874,1.67,1.00
2015.02.03 16:15:50.357,7.54574,7.54867,1.67,1.00
2015.02.03 16:15:50.408,7.54574,7.54867,1.30,1.00
2015.02.03 16:15:50.679,7.54574,7.54842,1.30,1.00
2015.02.03 16:15:51.754,7.54574,7.54848,1.30,1.00
2015.02.03 16:15:52.325,7.54574,7.54842,1.30,1.00
2015.02.03 16:15:52.476,7.54533,7.5483,1.12,1.00
2015.02.03 16:15:52.895,7.54533,7.54816,1.12,1.00
2015.02.03 16:15:53.979,7.54533,7.5483,1.12,1.00
2015.02.03 16:15:54.195,7.54533,7.54842,1.12,1.00
2015.02.03 16:15:54.249,7.54533,7.54842,1.12,1.00
2015.02.03 16:15:54.299,7.54533,7.54861,1.12,1.00
2015.02.03 16:15:54.350,7.54568,7.54861,2.05,1.00
2015.02.03 16:15:54.401,7.54568,7.5488,2.05,1.00
2015.02.03 16:15:54.452,7.54568,7.5488,2.05,1.00
2015.02.03 16:15:54.835,7.54577,7.5488,1.12,1.00
2015.02.03 16:15:55.384,7.54578,7.54878,1.12,1.00
2015.02.03 16:15:55.817,7.54582,7.54892,1.12,1.00
2015.02.03 16:16:02.973,7.54582,7.54899,1.12,1.00
2015.02.03 16:16:04.076,7.54582,7.54899,1.12,1.00
2015.02.03 16:16:04.232,7.54568,7.5488,1.67,1.00
2015.02.03 16:16:04.535,7.5457,7.54877,1.12,1.00
2015.02.03 16:16:05.020,7.5457,7.54877,1.12,1.00
2015.02.03 16:16:05.071,7.54568,7.54852,1.67,1.00
2015.02.03 16:16:05.733,7.54542,7.54819,2.05,1.00
2015.02.03 16:16:05.834,7.54542,7.54819,1.72,1.00
2015.02.03 16:16:05.936,7.54542,7.54819,1.37,1.00
2015.02.03 16:16:05.987,7.54542,7.54807,1.37,1.00
2015.02.03 16:16:06.038,7.54542,7.54807,1.30,1.00
2015.02.03 16:16:08.073,7.54542,7.54787,1.30,1.00
2015.02.03 16:16:10.925,7.54542,7.54794,1.30,1.00
2015.02.03 16:16:12.252,7.54542,7.54787,1.30,1.00
2015.02.03 16:16:13.094,7.54542,7.54794,1.30,1.00
2015.02.03 16:16:13.502,7.54542,7.54807,1.30,1.00
2015.02.03 16:16:13.906,7.54504,7.54819,1.12,1.00
2015.02.03 16:16:14.008,7.54483,7.54792,2.05,1.00
2015.02.03 16:16:14.059,7.54483,7.54792,1.67,1.00
2015.02.03 16:16:14.110,7.54483,7.54766,1.67,1.00
2015.02.03 16:16:14.161,7.54483,7.54766,1.30,1.00
2015.02.03 16:16:14.314,7.54483,7.5474,1.30,1.00
2015.02.03 16:16:14.619,7.54483,7.54721,1.30,1.00
2015.02.03 16:16:15.210,7.54463,7.54721,1.30,1.00
2015.02.03 16:16:15.261,7.54447,7.54721,1.00,1.00
2015.02.03 16:16:15.403,7.54447,7.5473,1.00,1.00
2015.02.03 16:16:15.764,7.54473,7.54715,1.00,1.00
2015.02.03 16:16:16.113,7.54473,7.54713,1.00,1.00
2015.02.03 16:16:16.422,7.54473,7.54702,1.00,1.00
2015.02.03 16:16:16.654,7.54473,7.54704,1.00,1.00
2015.02.03 16:16:16.865,7.54473,7.54701,1.00,1.00
2015.02.03 16:16:17.387,7.54473,7.54707,1.00,1.00
2015.02.03 16:16:17.505,7.54473,7.54717,1.00,1.00
2015.02.03 16:16:17.715,7.54473,7.54703,1.00,1.00
2015.02.03 16:16:17.868,7.54464,7.54703,1.00,1.00
2015.02.03 16:16:17.969,7.54464,7.54696,1.00,1.00
2015.02.03 16:16:18.071,7.54438,7.54707,1.00,1.00
2015.02.03 16:16:18.172,7.54438,7.54692,1.00,1.00
2015.02.03 16:16:18.605,7.54438,7.54682,1.00,1.00
2015.02.03 16:16:18.928,7.54438,7.54666,1.00,1.00
2015.02.03 16:16:19.187,7.54442,7.54683,1.00,1.00
2015.02.03 16:16:20.031,7.54442,7.5469,1.00,1.00
2015.02.03 16:16:20.132,7.54502,7.5469,1.30,1.00
2015.02.03 16:16:20.396,7.54502,7.54797,1.37,1.00
2015.02.03 16:16:20.599,7.54502,7.54785,1.37,1.00
2015.02.03 16:16:21.102,7.54502,7.54785,1.30,1.00
2015.02.03 16:16:21.366,7.54502,7.54818,1.30,1.00
2015.02.03 16:16:21.417,7.54502,7.54818,1.67,1.00
2015.02.03 16:16:21.745,7.54473,7.54789,1.37,1.00
2015.02.03 16:16:21.796,7.54473,7.54772,1.37,1.00
2015.02.03 16:16:21.897,7.54473,7.54802,1.37,1.00
2015.02.03 16:16:22.049,7.54472,7.54821,1.67,1.00
2015.02.03 16:16:22.473,7.54472,7.54816,1.67,1.00
2015.02.03 16:16:23.152,7.54532,7.54816,1.30,1.00
2015.02.03 16:16:23.355,7.54532,7.54823,1.30,1.00
2015.02.03 16:16:23.456,7.54532,7.54829,1.30,1.00
2015.02.03 16:16:23.565,7.54561,7.54864,1.30,1.00
2015.02.03 16:16:23.666,7.54561,7.54884,1.30,1.00
2015.02.03 16:16:23.717,7.54561,7.54884,2.05,1.00
2015.02.03 16:16:23.901,7.54561,7.54897,2.05,1.00
2015.02.03 16:16:24.533,7.54561,7.54891,2.05,1.00
2015.02.03 16:16:24.735,7.54561,7.54871,1.67,1.00
2015.02.03 16:16:24.786,7.54561,7.54851,1.67,1.00
2015.02.03 16:16:24.938,7.54561,7.54838,1.30,1.00
2015.02.03 16:16:24.989,7.54502,7.54838,1.67,1.00
2015.02.03 16:16:25.215,7.54502,7.54858,1.67,1.00
2015.02.03 16:16:25.545,7.54502,7.54849,1.67,1.00
2015.02.03 16:16:25.849,7.54502,7.54816,1.37,1.00
2015.02.03 16:16:26.052,7.5447,7.54803,1.67,1.00
2015.02.03 16:16:26.103,7.5447,7.54787,1.67,1.00
2015.02.03 16:16:26.356,7.5447,7.54782,1.37,1.00
2015.02.03 16:16:27.192,7.54473,7.54775,1.07,1.00
2015.02.03 16:16:27.570,7.54473,7.54778,1.07,1.00
2015.02.03 16:16:27.671,7.54473,7.54771,1.07,1.00
2015.02.03 16:16:27.773,7.54473,7.54773,1.07,1.00
2015.02.03 16:16:27.999,7.54473,7.54747,1.07,1.00
2015.02.03 16:16:28.152,7.54473,7.54747,1.07,1.00
2015.02.03 16:16:28.203,7.54446,7.54745,1.37,1.00
2015.02.03 16:16:28.254,7.54446,7.54745,1.00,1.00
2015.02.03 16:16:28.415,7.54446,7.54727,1.00,1.00
2015.02.03 16:16:28.792,7.54473,7.5473,1.00,1.00
2015.02.03 16:16:28.974,7.54473,7.54732,1.00,1.00
2015.02.03 16:16:29.293,7.54473,7.54736,1.00,1.00
2015.02.03 16:16:30.173,7.54473,7.54728,1.00,1.00
2015.02.03 16:16:32.076,7.54473,7.54722,1.00,1.00
2015.02.03 16:16:33.365,7.54473,7.54729,1.00,1.00
2015.02.03 16:16:33.679,7.54453,7.54729,1.00,1.00
2015.02.03 16:16:33.730,7.54453,7.54703,1.00,1.00
2015.02.03 16:16:33.781,7.54433,7.54703,1.00,1.00
2015.02.03 16:16:33.832,7.54433,7.54686,1.00,1.00
2015.02.03 16:16:34.154,7.54433,7.54684,1.00,1.00
2015.02.03 16:16:34.485,7.54442,7.54683,1.00,1.00
2015.02.03 16:16:35.240,7.54442,7.5468,1.00,1.00
2015.02.03 16:16:36.040,7.54442,7.54674,1.00,1.00
2015.02.03 16:16:36.333,7.54442,7.54676,1.00,1.00
2015.02.03 16:16:36.664,7.54442,7.54686,1.00,1.00
2015.02.03 16:16:36.992,7.54442,7.54689,1.00,1.00
2015.02.03 16:16:37.572,7.54442,7.54692,1.00,1.00
2015.02.03 16:16:37.814,7.54442,7.54681,1.00,1.00
2015.02.03 16:16:38.209,7.54442,7.54673,1.00,1.00
2015.02.03 16:16:38.512,7.54442,7.5467,1.00,1.00
2015.02.03 16:16:38.827,7.54442,7.54645,1.00,1.00
2015.02.03 16:16:38.980,7.54433,7.54637,1.00,1.00
2015.02.03 16:16:39.662,7.54432,7.54637,1.00,1.00
2015.02.03 16:16:39.862,7.54432,7.54626,1.00,1.00
2015.02.03 16:16:40.324,7.54432,7.54631,1.00,1.00
2015.02.03 16:16:40.624,7.54432,7.54624,1.00,1.00
2015.02.03 16:16:41.165,7.54418,7.54624,1.00,1.00
2015.02.03 16:16:41.216,7.54418,7.54613,1.00,1.00
2015.02.03 16:16:41.267,7.54382,7.54613,1.00,1.00
2015.02.03 16:16:41.318,7.54382,7.5458,1.00,1.00
2015.02.03 16:16:41.621,7.54382,7.54569,1.00,1.00
2015.02.03 16:16:41.926,7.54382,7.54542,1.00,1.00
2015.02.03 16:16:41.977,7.54382,7.54574,1.00,1.00
2015.02.03 16:16:42.265,7.54382,7.54564,1.00,1.00
2015.02.03 16:16:42.623,7.54382,7.54558,1.00,1.00
2015.02.03 16:16:43.152,7.54383,7.54557,1.00,1.00
2015.02.03 16:16:43.520,7.54382,7.54528,1.00,1.00
2015.02.03 16:16:43.822,7.54382,7.54523,1.00,1.00
2015.02.03 16:16:44.154,7.54383,7.54506,1.00,1.00
2015.02.03 16:16:44.464,7.54302,7.54493,1.00,1.00
2015.02.03 16:16:44.515,7.54302,7.5446,1.00,1.00
2015.02.03 16:16:44.839,7.54353,7.54454,3.77,1.00
2015.02.03 16:16:44.941,7.54383,7.54473,1.00,1.00
2015.02.03 16:16:45.043,7.54383,7.54485,1.00,1.00
2015.02.03 16:16:45.555,7.54382,7.54485,1.00,1.00
2015.02.03 16:16:45.707,7.54382,7.54489,1.00,1.00
2015.02.03 16:16:46.057,7.54382,7.54515,1.00,1.00
2015.02.03 16:16:46.158,7.54382,7.54521,1.00,1.00
2015.02.03 16:16:46.260,7.54383,7.54548,1.00,1.00
2015.02.03 16:16:46.466,7.54383,7.54551,1.00,1.00
2015.02.03 16:16:46.567,7.54382,7.54597,1.00,1.00
2015.02.03 16:16:46.719,7.54429,7.54618,1.00,1.00
2015.02.03 16:16:46.843,7.54382,7.54618,1.00,1.00
2015.02.03 16:16:46.894,7.54382,7.54604,1.00,1.00
2015.02.03 16:16:47.197,7.54433,7.54636,1.00,1.00
2015.02.03 16:16:47.536,7.54433,7.54631,1.00,1.00
2015.02.03 16:16:47.866,7.54433,7.54627,1.00,1.00
2015.02.03 16:16:48.664,7.54433,7.54631,1.00,1.00
2015.02.03 16:16:48.765,7.54433,7.54633,1.00,1.00
2015.02.03 16:16:49.553,7.54405,7.54633,1.00,1.00
2015.02.03 16:16:49.752,7.54405,7.54625,1.00,1.00
2015.02.03 16:16:50.550,7.54405,7.54631,1.00,1.00
2015.02.03 16:16:50.601,7.54405,7.54631,1.00,1.75
2015.02.03 16:16:50.924,7.54382,7.54559,1.00,1.00
2015.02.03 16:16:51.533,7.54383,7.54559,1.00,1.00
2015.02.03 16:16:52.194,7.54382,7.54559,1.00,1.00
2015.02.03 16:16:52.728,7.54383,7.54559,1.00,1.00
2015.02.03 16:16:53.512,7.54382,7.54559,1.00,1.00
2015.02.03 16:16:55.801,7.54382,7.54548,1.00,1.00
2015.02.03 16:16:56.674,7.54383,7.54548,1.00,1.00
2015.02.03 16:16:57.008,7.54382,7.54522,1.00,1.00
2015.02.03 16:16:57.059,7.54382,7.54529,1.00,1.00
2015.02.03 16:16:57.160,7.54382,7.54524,1.00,1.00
2015.02.03 16:16:57.471,7.54382,7.54504,1.00,1.00
2015.02.03 16:16:57.904,7.54382,7.5451,1.00,1.00
2015.02.03 16:16:58.377,7.54382,7.54517,1.00,1.00
2015.02.03 16:16:59.040,7.54382,7.54536,1.00,1.00
2015.02.03 16:16:59.212,7.54382,7.54546,1.00,1.00
2015.02.03 16:16:59.433,7.54382,7.54539,1.00,1.00
2015.02.03 16:17:00.606,7.54383,7.54539,1.00,1.00
2015.02.03 16:17:01.132,7.54382,7.54546,1.00,1.00
2015.02.03 16:17:01.543,7.54382,7.54539,1.00,1.00
2015.02.03 16:17:01.853,7.54382,7.54533,1.00,1.00
2015.02.03 16:17:02.372,7.54383,7.54533,1.00,1.00
2015.02.03 16:17:02.913,7.54382,7.54533,1.00,1.00
2015.02.03 16:17:03.504,7.54382,7.54537,1.00,1.00
2015.02.03 16:17:04.382,7.54382,7.54544,1.00,1.00
2015.02.03 16:17:05.197,7.54382,7.54552,1.00,1.00
2015.02.03 16:17:05.298,7.54382,7.5457,1.00,1.00
2015.02.03 16:17:05.400,7.54382,7.54585,1.00,1.00
2015.02.03 16:17:05.603,7.54382,7.54612,1.00,1.00
2015.02.03 16:17:05.704,7.54382,7.54599,1.00,1.00
2015.02.03 16:17:06.008,7.54382,7.54594,1.00,1.00
2015.02.03 16:17:06.142,7.5443,7.54645,1.00,1.00
2015.02.03 16:17:06.366,7.5443,7.54625,1.00,1.00
2015.02.03 16:17:06.706,7.5443,7.54618,1.00,1.00
2015.02.03 16:17:07.140,7.5443,7.5462,1.00,1.00
2015.02.03 16:17:07.461,7.5443,7.54618,1.00,1.00
2015.02.03 16:17:08.012,7.5443,7.54647,1.00,1.00
2015.02.03 16:17:08.164,7.5443,7.54643,1.00,1.00
2015.02.03 16:17:08.266,7.54418,7.54643,1.00,1.00
2015.02.03 16:17:08.662,7.54427,7.54643,1.00,1.00
2015.02.03 16:17:08.713,7.54427,7.54651,1.00,1.00
2015.02.03 16:17:08.814,7.54427,7.54641,1.00,1.00
2015.02.03 16:17:08.865,7.54403,7.54641,1.75,1.00
2015.02.03 16:17:08.916,7.54424,7.54656,1.00,1.00
2015.02.03 16:17:09.118,7.54424,7.54644,1.37,1.00
2015.02.03 16:17:09.297,7.54424,7.54644,1.00,1.00
2015.02.03 16:17:09.348,7.54428,7.54658,1.00,1.00
2015.02.03 16:17:09.449,7.54428,7.54643,1.00,1.00
2015.02.03 16:17:09.797,7.5443,7.54642,1.00,1.00
2015.02.03 16:17:10.227,7.5443,7.54649,1.00,1.00
2015.02.03 16:17:10.432,7.5443,7.54636,1.00,1.00
2015.02.03 16:17:13.513,7.5443,7.5463,1.00,1.00
2015.02.03 16:17:13.817,7.54383,7.54578,1.00,1.00
2015.02.03 16:17:14.204,7.54382,7.54568,1.00,1.00
2015.02.03 16:17:14.604,7.54382,7.54589,1.00,1.00
2015.02.03 16:17:14.756,7.54383,7.54604,1.00,1.00
2015.02.03 16:17:14.858,7.54383,7.54625,1.00,1.07
2015.02.03 16:17:14.909,7.54383,7.54625,1.00,1.00
2015.02.03 16:17:14.960,7.54383,7.54605,1.00,1.00
2015.02.03 16:17:15.113,7.54382,7.54611,1.12,1.00
2015.02.03 16:17:15.316,7.54427,7.54627,1.00,1.00
2015.02.03 16:17:15.483,7.54382,7.54613,1.00,1.00
2015.02.03 16:17:15.534,7.54382,7.54616,1.00,1.00
2015.02.03 16:17:15.603,7.54382,7.54606,1.00,1.00
2015.02.03 16:17:16.059,7.54383,7.54606,1.37,1.00
2015.02.03 16:17:16.261,7.54383,7.54613,1.37,1.00
2015.02.03 16:17:16.372,7.54383,7.54621,1.37,1.00
2015.02.03 16:17:19.212,7.54427,7.54621,1.00,1.00
2015.02.03 16:17:19.263,7.54427,7.54627,1.00,1.00
2015.02.03 16:17:19.415,7.54383,7.54626,1.75,1.00
2015.02.03 16:17:19.470,7.54383,7.54626,1.75,1.00
2015.02.03 16:17:19.584,7.54383,7.54619,1.75,1.00
2015.02.03 16:17:19.895,7.54382,7.54607,1.00,1.00
2015.02.03 16:17:20.202,7.54382,7.54587,1.00,1.00
2015.02.03 16:17:20.507,7.54383,7.54561,1.00,1.00
2015.02.03 16:17:20.855,7.54383,7.54553,1.00,1.00
2015.02.03 16:17:21.687,7.54382,7.54553,1.00,1.00
2015.02.03 16:17:23.163,7.54382,7.54548,1.00,1.00
2015.02.03 16:17:23.513,7.54382,7.54538,1.00,1.00
2015.02.03 16:17:26.412,7.54383,7.54538,1.00,1.00
2015.02.03 16:17:26.721,7.54383,7.54511,1.00,1.00
2015.02.03 16:17:27.026,7.54373,7.54483,1.42,1.00
2015.02.03 16:17:27.760,7.54339,7.54483,1.00,1.00
2015.02.03 16:17:28.113,7.54339,7.54477,1.00,1.00
2015.02.03 16:17:28.264,7.54339,7.54483,1.00,1.00
2015.02.03 16:17:28.365,7.54339,7.54488,1.00,1.00
2015.02.03 16:17:28.792,7.54339,7.54495,1.00,1.00
2015.02.03 16:17:29.494,7.54319,7.54495,1.00,1.00
2015.02.03 16:17:29.595,7.54319,7.54465,1.00,1.00
2015.02.03 16:17:29.696,7.54319,7.54468,1.00,1.00
2015.02.03 16:17:29.762,7.54319,7.54457,1.00,1.00
2015.02.03 16:17:29.964,7.5418,7.54448,1.37,1.00
2015.02.03 16:17:30.015,7.5418,7.54438,1.37,1.00
2015.02.03 16:17:30.392,7.5416,7.54438,1.35,1.00
2015.02.03 16:17:30.753,7.54166,7.54418,1.75,1.00
2015.02.03 16:17:30.855,7.54166,7.54418,1.75,1.00
2015.02.03 16:17:30.906,7.54166,7.54428,1.75,1.00
2015.02.03 16:17:31.057,7.54166,7.54428,1.75,1.00
2015.02.03 16:17:31.209,7.54166,7.54464,1.75,1.00
2015.02.03 16:17:31.554,7.54166,7.54467,1.75,1.00
2015.02.03 16:17:31.656,7.54212,7.54458,1.75,1.00
2015.02.03 16:17:31.859,7.54237,7.54458,1.00,1.00
2015.02.03 16:17:32.011,7.54237,7.54438,1.00,1.00
2015.02.03 16:17:32.063,7.54201,7.54438,1.75,1.00
2015.02.03 16:17:32.164,7.54201,7.54438,1.75,1.00
2015.02.03 16:17:32.215,7.54201,7.54428,1.75,1.00
2015.02.03 16:17:32.565,7.54228,7.54418,1.00,1.00
2015.02.03 16:17:32.717,7.54191,7.54418,1.75,1.00
2015.02.03 16:17:32.768,7.54191,7.54408,1.75,1.00
2015.02.03 16:17:32.869,7.54191,7.54418,1.75,1.00
2015.02.03 16:17:32.920,7.54226,7.54418,1.00,1.00
2015.02.03 16:17:33.233,7.54226,7.54398,1.00,1.00
2015.02.03 16:17:33.368,7.54192,7.54398,1.00,1.00
2015.02.03 16:17:33.419,7.54192,7.54388,1.00,1.00
2015.02.03 16:17:33.855,7.54192,7.54378,1.00,1.00
2015.02.03 16:17:34.172,7.54207,7.54368,1.00,1.00
2015.02.03 16:17:34.223,7.54177,7.54368,1.00,1.00
2015.02.03 16:17:34.274,7.54177,7.54358,1.00,1.00
2015.02.03 16:17:34.590,7.54177,7.54348,1.00,1.00
2015.02.03 16:17:34.692,7.54146,7.54348,1.00,1.00
2015.02.03 16:17:34.743,7.54145,7.54278,1.00,1.00
2015.02.03 16:17:34.864,7.54145,7.54288,1.00,1.00
2015.02.03 16:17:34.966,7.54145,7.54267,1.00,1.00
2015.02.03 16:17:35.173,7.54145,7.54278,1.00,1.00
2015.02.03 16:17:35.533,7.54145,7.54288,1.00,1.00
2015.02.03 16:17:35.634,7.54145,7.54247,1.00,1.00
2015.02.03 16:17:35.685,7.5412,7.54247,1.00,1.00
2015.02.03 16:17:35.787,7.54072,7.54247,1.69,1.00
2015.02.03 16:17:35.837,7.54062,7.54198,1.69,1.00
2015.02.03 16:17:35.939,7.54006,7.54218,1.00,1.00
2015.02.03 16:17:36.040,7.54006,7.54208,1.00,1.00
2015.02.03 16:17:36.142,7.5397,7.54208,1.94,1.00
2015.02.03 16:17:36.193,7.5397,7.54228,1.94,1.00
2015.02.03 16:17:36.305,7.5397,7.54228,1.94,1.00
2015.02.03 16:17:36.407,7.53926,7.54208,1.94,1.00
2015.02.03 16:17:36.559,7.53922,7.54208,1.54,1.00
2015.02.03 16:17:36.610,7.53922,7.54198,1.54,1.00
2015.02.03 16:17:36.812,7.53922,7.54208,1.54,1.00
2015.02.03 16:17:37.022,7.53922,7.54218,1.54,1.00
2015.02.03 16:17:37.174,7.53922,7.54188,1.54,1.00
2015.02.03 16:17:37.386,7.53934,7.54218,1.94,1.00
2015.02.03 16:17:37.438,7.53934,7.54218,1.94,1.00
2015.02.03 16:17:37.489,7.53933,7.54236,1.94,1.00
2015.02.03 16:17:37.590,7.53933,7.54228,1.94,1.00
2015.02.03 16:17:37.737,7.53933,7.54228,1.94,1.00
2015.02.03 16:17:37.839,7.53933,7.54228,1.94,1.00
2015.02.03 16:17:37.940,7.53926,7.54198,1.01,1.00
2015.02.03 16:17:38.266,7.53922,7.54217,1.54,1.00
2015.02.03 16:17:38.393,7.53922,7.54198,1.54,1.00
2015.02.03 16:17:38.444,7.53922,7.54198,1.54,1.00
2015.02.03 16:17:38.545,7.53922,7.54198,1.54,1.00
2015.02.03 16:17:38.596,7.53922,7.54208,1.54,1.00
2015.02.03 16:17:38.647,7.53922,7.54208,1.54,1.00
2015.02.03 16:17:38.698,7.53922,7.54218,1.54,1.00
2015.02.03 16:17:38.799,7.53922,7.54228,1.54,1.00
2015.02.03 16:17:38.951,7.53922,7.54228,1.54,1.00
2015.02.03 16:17:39.253,7.53922,7.54208,1.54,1.00
2015.02.03 16:17:39.594,7.53922,7.54218,1.54,1.00
2015.02.03 16:17:39.772,7.53922,7.54228,1.54,1.00
2015.02.03 16:17:39.874,7.53922,7.54228,1.54,1.00
2015.02.03 16:17:39.925,7.53922,7.54226,1.54,1.00
2015.02.03 16:17:40.229,7.53922,7.54228,1.54,1.00
2015.02.03 16:17:40.546,7.53922,7.54228,1.54,1.00
2015.02.03 16:17:40.848,7.53922,7.54228,1.54,1.00
2015.02.03 16:17:41.149,7.53922,7.54228,1.54,1.00
2015.02.03 16:17:41.250,7.53922,7.54217,1.54,1.00
2015.02.03 16:17:41.352,7.53922,7.54217,1.54,1.00
2015.02.03 16:17:41.453,7.53922,7.54208,1.54,1.00
2015.02.03 16:17:41.554,7.53922,7.54226,1.54,1.00
2015.02.03 16:17:41.605,7.53922,7.54218,1.54,1.00
2015.02.03 16:17:41.909,7.53918,7.54147,2.10,1.00
2015.02.03 16:17:42.061,7.53884,7.54128,1.49,1.00
2015.02.03 16:17:42.163,7.53865,7.54128,1.16,1.00
2015.02.03 16:17:42.264,7.53885,7.54108,2.10,1.00
2015.02.03 16:17:42.365,7.53885,7.54118,2.10,1.00
2015.02.03 16:17:42.472,7.53885,7.54121,2.10,1.00
2015.02.03 16:17:42.599,7.53885,7.54129,2.10,1.00
2015.02.03 16:17:43.105,7.53885,7.54122,2.10,1.00
2015.02.03 16:17:43.359,7.53885,7.54132,2.10,1.00
2015.02.03 16:17:43.590,7.53825,7.54137,1.01,1.00
2015.02.03 16:17:43.792,7.53823,7.54127,2.24,1.00
2015.02.03 16:17:43.920,7.53823,7.54135,2.24,1.00
2015.02.03 16:17:44.021,7.53823,7.54125,2.24,1.00
2015.02.03 16:17:44.351,7.53823,7.54139,2.24,1.00
2015.02.03 16:17:44.681,7.53823,7.5414,2.24,1.00
2015.02.03 16:17:44.762,7.53823,7.5414,2.24,1.00
2015.02.03 16:17:45.015,7.53924,7.54177,1.35,1.00
2015.02.03 16:17:45.066,7.53937,7.54177,1.35,1.00
2015.02.03 16:17:45.117,7.53937,7.54191,1.35,1.07
2015.02.03 16:17:45.321,7.53937,7.54199,1.35,1.00
2015.02.03 16:17:45.473,7.53937,7.54199,1.35,1.00
2015.02.03 16:17:46.641,7.53937,7.54205,1.35,1.00
2015.02.03 16:17:47.208,7.53937,7.54205,1.35,1.00
2015.02.03 16:17:47.715,7.53937,7.54205,1.54,1.00
2015.02.03 16:17:47.766,7.53937,7.54216,1.54,1.00
2015.02.03 16:17:47.817,7.54022,7.54216,2.10,1.00
2015.02.03 16:17:47.868,7.54022,7.54231,2.10,1.00
2015.02.03 16:17:47.970,7.54022,7.5425,2.10,1.00
2015.02.03 16:17:48.021,7.54022,7.5425,2.47,1.00
2015.02.03 16:17:48.072,7.54022,7.54272,2.47,1.00
2015.02.03 16:17:48.225,7.54022,7.54288,2.47,1.00
2015.02.03 16:17:48.427,7.54022,7.54277,2.47,1.00
2015.02.03 16:17:48.732,7.54022,7.54268,2.47,1.00
2015.02.03 16:17:48.783,7.54022,7.54268,2.10,1.00
2015.02.03 16:17:48.884,7.54022,7.54248,2.10,1.00
2015.02.03 16:17:48.935,7.53987,7.54248,2.24,1.00
2015.02.03 16:17:48.986,7.53987,7.54238,2.24,1.00
2015.02.03 16:17:49.346,7.53987,7.54228,2.24,1.00
2015.02.03 16:17:49.622,7.53987,7.54238,2.24,1.00
2015.02.03 16:17:49.777,7.53987,7.54238,2.24,1.00
2015.02.03 16:17:49.992,7.53987,7.54227,2.24,1.00
2015.02.03 16:17:50.062,7.53987,7.54243,2.24,1.00
2015.02.03 16:17:50.163,7.53987,7.54233,2.24,1.00
2015.02.03 16:17:50.474,7.54027,7.54231,2.10,1.00
2015.02.03 16:17:50.525,7.54027,7.54248,2.85,1.00
2015.02.03 16:17:50.821,7.54027,7.54246,2.85,1.00
2015.02.03 16:17:51.143,7.54027,7.54218,2.85,1.00
2015.02.03 16:17:51.194,7.54027,7.54238,2.85,1.00
2015.02.03 16:17:51.388,7.54027,7.54218,2.85,1.00
2015.02.03 16:17:51.641,7.54027,7.54227,2.85,1.00
2015.02.03 16:17:51.692,7.54027,7.54227,2.10,1.00
2015.02.03 16:17:51.862,7.54027,7.54238,2.10,1.00
2015.02.03 16:17:51.963,7.54027,7.54257,2.10,1.00
2015.02.03 16:17:52.127,7.53974,7.54257,1.54,1.37
2015.02.03 16:17:52.178,7.53974,7.54228,1.35,1.00
2015.02.03 16:17:52.279,7.5396,7.54198,1.35,1.00
2015.02.03 16:17:52.380,7.53974,7.54208,1.35,1.00
2015.02.03 16:17:52.431,7.53974,7.54208,1.35,1.00
2015.02.03 16:17:52.482,7.53974,7.54218,1.35,1.00
2015.02.03 16:17:52.634,7.54004,7.54218,1.35,1.00
2015.02.03 16:17:52.927,7.54004,7.54238,1.35,1.00
2015.02.03 16:17:53.079,7.53932,7.54238,1.94,1.00
2015.02.03 16:17:53.182,7.53945,7.54208,1.94,1.00
2015.02.03 16:17:53.335,7.53959,7.54218,1.35,1.00
2015.02.03 16:17:53.387,7.53959,7.54237,1.35,1.00
2015.02.03 16:17:53.437,7.53996,7.54237,2.10,1.00
2015.02.03 16:17:53.741,7.53996,7.54227,2.10,1.00
2015.02.03 16:17:54.174,7.53996,7.54217,2.10,1.00
2015.02.03 16:17:54.276,7.53996,7.54238,2.47,1.00
2015.02.03 16:17:54.327,7.53937,7.54238,1.54,1.37
2015.02.03 16:17:54.378,7.53937,7.54208,1.54,1.00
2015.02.03 16:17:54.814,7.53937,7.5422,1.54,1.37
2015.02.03 16:17:54.942,7.53937,7.54208,1.54,1.00
2015.02.03 16:17:55.144,7.53937,7.54228,1.54,1.00
2015.02.03 16:17:55.492,7.5398,7.54228,2.10,1.00
2015.02.03 16:17:55.594,7.53983,7.54258,1.90,1.50
2015.02.03 16:17:55.695,7.53983,7.54261,1.90,1.00
2015.02.03 16:17:55.797,7.54001,7.54268,1.35,1.10
2015.02.03 16:17:55.899,7.54005,7.54268,1.16,1.00
2015.02.03 16:17:56.204,7.54005,7.54288,1.54,1.00
2015.02.03 16:17:56.529,7.54074,7.54278,2.10,1.00
2015.02.03 16:17:56.631,7.54016,7.54267,1.56,1.00
2015.02.03 16:17:56.682,7.54016,7.54208,1.56,1.00
2015.02.03 16:17:56.885,7.53983,7.54228,2.05,1.00
2015.02.03 16:17:56.935,7.54073,7.54228,2.10,1.00
2015.02.03 16:17:57.138,7.54073,7.54267,2.10,1.00
2015.02.03 16:17:57.240,7.54073,7.54288,2.10,1.00
2015.02.03 16:17:57.544,7.54073,7.54298,2.10,1.00
2015.02.03 16:17:57.695,7.54073,7.54318,2.10,1.00
2015.02.03 16:17:57.797,7.54073,7.54328,2.29,1.00
2015.02.03 16:17:58.141,7.54073,7.54308,2.10,1.00
2015.02.03 16:17:58.242,7.54073,7.54328,2.10,1.00
2015.02.03 16:17:58.353,7.54073,7.54318,2.10,1.00
2015.02.03 16:17:58.659,7.54073,7.54287,2.10,1.00
2015.02.03 16:17:58.710,7.54041,7.54287,1.49,1.00
2015.02.03 16:17:58.761,7.54041,7.54308,1.49,1.00
2015.02.03 16:17:58.811,7.54111,7.54308,2.10,1.00
2015.02.03 16:17:58.862,7.54111,7.54317,2.10,1.00
2015.02.03 16:17:59.217,7.54111,7.54328,2.10,1.00
2015.02.03 16:17:59.343,7.54044,7.54328,2.29,1.00
2015.02.03 16:17:59.444,7.54044,7.54308,2.29,1.00
2015.02.03 16:17:59.697,7.54044,7.54297,2.10,1.00
2015.02.03 16:18:00.333,7.54044,7.54298,2.10,1.00
2015.02.03 16:18:00.760,7.54044,7.54287,2.47,1.00
2015.02.03 16:18:01.221,7.54044,7.54298,2.47,1.00
2015.02.03 16:18:01.653,7.54087,7.54288,2.10,1.00
2015.02.03 16:18:01.755,7.54087,7.54298,2.10,1.00
2015.02.03 16:18:01.857,7.54087,7.54288,2.10,1.00
2015.02.03 16:18:02.179,7.54087,7.54277,2.10,1.00
2015.02.03 16:18:02.432,7.54087,7.54298,2.47,1.00
2015.02.03 16:18:02.743,7.54087,7.54308,2.47,1.00
2015.02.03 16:18:03.188,7.54087,7.54288,2.47,1.00
2015.02.03 16:18:03.302,7.54076,7.54307,2.10,1.00
2015.02.03 16:18:03.417,7.54076,7.54297,2.10,1.00
2015.02.03 16:18:03.720,7.54135,7.54328,2.10,1.00
2015.02.03 16:18:05.392,7.54046,7.54328,1.31,1.00
2015.02.03 16:18:05.443,7.54045,7.54328,2.24,1.00
2015.02.03 16:18:05.494,7.54045,7.54288,2.24,1.00
2015.02.03 16:18:05.596,7.54045,7.54298,2.24,1.00
2015.02.03 16:18:05.800,7.54045,7.54308,2.24,1.00
2015.02.03 16:18:05.901,7.54045,7.54308,2.24,1.00
2015.02.03 16:18:06.247,7.54045,7.54298,2.24,1.00
2015.02.03 16:18:06.576,7.54045,7.54288,1.49,1.00
2015.02.03 16:18:07.044,7.54045,7.54298,1.49,1.00
2015.02.03 16:18:07.816,7.54045,7.54308,1.49,1.00
2015.02.03 16:18:07.867,7.54045,7.54308,2.05,1.00
2015.02.03 16:18:07.918,7.54045,7.54288,2.05,1.00
2015.02.03 16:18:08.119,7.54045,7.54298,2.05,1.00
2015.02.03 16:18:08.362,7.54045,7.54308,2.24,1.00
2015.02.03 16:18:08.630,7.54045,7.54308,2.24,1.00
2015.02.03 16:18:08.681,7.54045,7.54318,2.24,1.00
2015.02.03 16:18:08.732,7.54114,7.54318,1.05,1.00
2015.02.03 16:18:08.783,7.54114,7.54328,1.05,1.00
2015.02.03 16:18:09.352,7.54124,7.54327,2.10,1.00
2015.02.03 16:18:09.453,7.54124,7.54338,2.10,1.00
2015.02.03 16:18:09.646,7.54124,7.54298,2.10,1.00
2015.02.03 16:18:09.697,7.54074,7.54298,1.16,1.00
2015.02.03 16:18:09.849,7.54074,7.54298,1.16,1.00
2015.02.03 16:18:09.900,7.54074,7.54308,1.16,1.00
2015.02.03 16:18:10.643,7.54074,7.54298,1.54,1.00
2015.02.03 16:18:10.744,7.54074,7.54308,1.54,1.00
2015.02.03 16:18:10.846,7.54074,7.54298,1.54,1.00
2015.02.03 16:18:11.041,7.54074,7.54308,1.54,1.00
2015.02.03 16:18:11.371,7.54074,7.54318,1.54,1.00
2015.02.03 16:18:12.151,7.54074,7.54317,1.54,1.00
2015.02.03 16:18:12.944,7.54074,7.54317,1.54,1.00
2015.02.03 16:18:13.248,7.54074,7.54308,1.16,1.00
2015.02.03 16:18:14.376,7.54074,7.54347,1.54,1.07
2015.02.03 16:18:14.427,7.54132,7.54347,2.10,1.07
2015.02.03 16:18:14.528,7.54132,7.54347,2.10,1.00
2015.02.03 16:18:14.579,7.54132,7.54338,2.10,1.00
2015.02.03 16:18:14.882,7.54188,7.54437,1.54,1.00
2015.02.03 16:18:14.933,7.54188,7.54467,1.54,1.37
2015.02.03 16:18:15.084,7.54188,7.54457,1.54,1.00
2015.02.03 16:18:15.243,7.54188,7.54437,1.54,1.00
2015.02.03 16:18:15.498,7.54185,7.54437,1.90,1.00
2015.02.03 16:18:15.600,7.54185,7.54398,1.90,1.00
2015.02.03 16:18:16.255,7.54168,7.54388,2.29,1.00
2015.02.03 16:18:16.322,7.54168,7.54407,2.29,1.00
2015.02.03 16:18:16.433,7.54173,7.54418,1.35,1.00
2015.02.03 16:18:16.636,7.54173,7.54418,1.35,1.37
2015.02.03 16:18:16.964,7.54187,7.54428,1.35,1.37
2015.02.03 16:18:17.734,7.54187,7.54438,1.35,1.00
2015.02.03 16:18:17.861,7.54188,7.54438,1.16,1.00
2015.02.03 16:18:17.912,7.54188,7.54458,1.16,1.57
2015.02.03 16:18:18.021,7.54188,7.54458,1.16,1.50
2015.02.03 16:18:18.173,7.54248,7.54458,2.10,1.00
2015.02.03 16:18:18.224,7.54248,7.54468,2.10,1.12
2015.02.03 16:18:18.613,7.54261,7.54497,1.16,1.37
2015.02.03 16:18:18.715,7.54261,7.54508,1.16,1.37
2015.02.03 16:18:19.472,7.54308,7.54508,2.10,1.37
2015.02.03 16:18:19.674,7.54308,7.54517,2.10,1.00
2015.02.03 16:18:19.776,7.54308,7.54528,2.10,1.12
2015.02.03 16:18:20.216,7.54308,7.54518,2.10,1.00
2015.02.03 16:18:20.619,7.54308,7.54508,2.10,1.00
2015.02.03 16:18:20.945,7.54308,7.54518,2.10,1.00
2015.02.03 16:18:21.192,7.54308,7.54498,2.10,1.00
2015.02.03 16:18:21.243,7.54253,7.54498,1.16,1.00
2015.02.03 16:18:21.601,7.54253,7.54498,1.54,1.00
2015.02.03 16:18:21.652,7.54253,7.54508,1.54,1.00
2015.02.03 16:18:21.754,7.54253,7.54517,1.54,1.00
2015.02.03 16:18:21.805,7.54311,7.54517,2.10,1.00
2015.02.03 16:18:21.856,7.54311,7.54527,2.10,1.07
2015.02.03 16:18:22.110,7.54313,7.54558,1.16,1.00
2015.02.03 16:18:22.530,7.54322,7.54547,1.35,1.00
2015.02.03 16:18:22.701,7.54322,7.54558,1.35,1.00
2015.02.03 16:18:22.811,7.54322,7.54548,1.35,1.00
2015.02.03 16:18:23.364,7.54322,7.54538,1.35,1.00
2015.02.03 16:18:23.693,7.54322,7.54547,1.35,1.00
2015.02.03 16:18:24.138,7.54311,7.54577,2.29,1.37
2015.02.03 16:18:24.290,7.54311,7.54527,2.29,1.00
2015.02.03 16:18:24.723,7.54311,7.54537,2.10,1.00
2015.02.03 16:18:24.774,7.54355,7.54537,2.10,1.00
2015.02.03 16:18:24.926,7.54355,7.54567,2.10,1.50
2015.02.03 16:18:24.977,7.54355,7.54567,2.10,1.37
2015.02.03 16:18:25.789,7.54288,7.54528,1.90,1.00
2015.02.03 16:18:26.001,7.54284,7.54538,1.16,1.37
2015.02.03 16:18:26.254,7.54284,7.54528,1.16,1.00
2015.02.03 16:18:26.727,7.54295,7.54528,1.16,1.00
2015.02.03 16:18:26.778,7.54295,7.54558,1.16,1.50
2015.02.03 16:18:26.930,7.54355,7.54558,2.10,1.50
2015.02.03 16:18:26.981,7.54355,7.54558,2.10,1.37
2015.02.03 16:18:27.313,7.54355,7.54568,2.10,1.37
2015.02.03 16:18:28.834,7.54355,7.54588,2.10,1.37
2015.02.03 16:18:31.697,7.54355,7.54618,2.10,1.87
2015.02.03 16:18:32.316,7.54355,7.54568,2.10,1.00
2015.02.03 16:18:32.620,7.54355,7.54558,2.10,1.00
2015.02.03 16:18:32.979,7.54355,7.54568,2.10,1.00
2015.02.03 16:18:33.634,7.54355,7.54558,2.10,1.00
2015.02.03 16:18:33.821,7.54323,7.54558,1.94,1.00
2015.02.03 16:18:33.872,7.54323,7.54558,1.19,1.00
2015.02.03 16:18:33.973,7.54302,7.54537,1.86,1.00
2015.02.03 16:18:34.176,7.54302,7.54548,1.86,1.37
2015.02.03 16:18:34.954,7.54302,7.54548,1.86,1.37
2015.02.03 16:18:35.055,7.54302,7.54538,1.86,1.00
2015.02.03 16:18:36.566,7.54302,7.54537,1.86,1.00
2015.02.03 16:18:36.883,7.54302,7.54528,1.86,1.00
2015.02.03 16:18:37.001,7.54302,7.54538,1.67,1.00
2015.02.03 16:18:37.111,7.54302,7.54548,1.67,1.37
2015.02.03 16:18:37.162,7.54302,7.54548,1.30,1.37
2015.02.03 16:18:37.263,7.54302,7.54528,1.30,1.00
2015.02.03 16:18:37.567,7.54278,7.54488,2.29,1.00
2015.02.03 16:18:38.103,7.54278,7.54498,2.29,1.00
2015.02.03 16:18:38.471,7.54278,7.54498,2.10,1.00
2015.02.03 16:18:38.573,7.54278,7.54488,2.10,1.00
2015.02.03 16:18:38.763,7.54278,7.54498,2.10,1.00
2015.02.03 16:18:38.965,7.54278,7.54498,2.10,1.07
2015.02.03 16:18:39.031,7.54278,7.54498,2.10,1.00
2015.02.03 16:18:39.245,7.54278,7.54488,2.10,1.00
2015.02.03 16:18:39.575,7.54278,7.54478,2.10,1.00
2015.02.03 16:18:39.642,7.54278,7.54488,2.10,1.00
2015.02.03 16:18:39.788,7.5428,7.54518,1.35,1.57
2015.02.03 16:18:39.838,7.5428,7.54518,1.35,1.87
2015.02.03 16:18:39.940,7.54278,7.54518,2.10,1.07
2015.02.03 16:18:39.991,7.54278,7.54508,2.10,1.00
2015.02.03 16:18:40.672,7.54279,7.54518,1.35,1.00
2015.02.03 16:18:41.175,7.5428,7.54528,1.16,1.37
2015.02.03 16:18:41.428,7.54299,7.54508,1.05,1.00
2015.02.03 16:18:41.630,7.54299,7.54518,1.05,1.00
2015.02.03 16:18:43.353,7.5428,7.54518,1.16,1.00
2015.02.03 16:18:43.981,7.54297,7.54528,2.09,1.00
2015.02.03 16:18:44.032,7.54332,7.54538,1.94,1.07
2015.02.03 16:18:44.083,7.54383,7.54608,2.29,1.75
2015.02.03 16:18:44.134,7.54383,7.54608,2.29,1.75
2015.02.03 16:18:44.236,7.54383,7.54608,2.29,1.07
2015.02.03 16:18:44.337,7.54383,7.54608,2.29,1.50
2015.02.03 16:18:44.465,7.54383,7.54608,2.29,1.57
2015.02.03 16:18:44.771,7.54383,7.54598,2.29,1.00
2015.02.03 16:18:45.074,7.54383,7.54587,2.29,1.00
2015.02.03 16:18:45.283,7.54318,7.54568,1.54,1.00
2015.02.03 16:18:45.334,7.543,7.54578,1.16,1.75
2015.02.03 16:18:45.436,7.54297,7.54568,2.24,1.00
2015.02.03 16:18:45.739,7.54386,7.54618,2.29,1.75
2015.02.03 16:18:45.791,7.54386,7.54618,2.29,1.07
2015.02.03 16:18:46.121,7.54386,7.54637,2.29,1.01
2015.02.03 16:18:46.240,7.54386,7.54618,2.29,1.37
2015.02.03 16:18:46.544,7.54386,7.54598,2.29,1.07
2015.02.03 16:18:46.704,7.54386,7.54598,2.10,1.07
2015.02.03 16:18:47.029,7.54358,7.54628,2.66,2.25
2015.02.03 16:18:47.131,7.54421,7.54628,2.10,2.25
2015.02.03 16:18:47.182,7.54421,7.54628,2.10,1.87
2015.02.03 16:18:47.232,7.54465,7.54657,2.10,1.75
2015.02.03 16:18:47.283,7.54465,7.54657,2.10,1.37
2015.02.03 16:18:48.353,7.54402,7.54657,2.29,1.37
2015.02.03 16:18:49.774,7.54402,7.54638,2.10,1.07
2015.02.03 16:18:49.824,7.54402,7.54628,2.10,1.00
2015.02.03 16:18:50.593,7.54402,7.54618,2.10,1.00
2015.02.03 16:18:51.118,7.54402,7.54618,2.10,1.37
2015.02.03 16:18:51.192,7.54392,7.54618,1.19,1.37
2015.02.03 16:18:51.243,7.54392,7.54618,1.19,1.45
2015.02.03 16:18:51.294,7.54337,7.54618,1.35,1.45
2015.02.03 16:18:51.395,7.54352,7.5462,1.25,1.01
2015.02.03 16:18:51.607,7.54315,7.54598,1.01,1.00
2015.02.03 16:18:51.708,7.54315,7.54598,1.01,1.00
2015.02.03 16:18:51.810,7.54315,7.54588,1.01,1.00
2015.02.03 16:18:52.120,7.54298,7.54543,1.94,2.29
2015.02.03 16:18:52.221,7.54298,7.54536,1.19,1.16
2015.02.03 16:18:52.323,7.54275,7.54543,1.01,2.29
2015.02.03 16:18:52.424,7.54275,7.54574,1.01,1.54
2015.02.03 16:18:52.576,7.54274,7.54524,1.49,1.00
2015.02.03 16:18:52.627,7.54249,7.54524,1.12,1.60
2015.02.03 16:18:52.678,7.54232,7.54524,1.82,1.60
2015.02.03 16:18:52.729,7.54206,7.54524,1.12,2.10
2015.02.03 16:18:52.780,7.54206,7.54497,1.12,1.00
2015.02.03 16:18:52.831,7.54181,7.54497,2.05,1.00
2015.02.03 16:18:52.881,7.54162,7.54483,1.75,1.00
2015.02.03 16:18:52.932,7.54133,7.54483,1.00,1.00
2015.02.03 16:18:52.983,7.54133,7.54478,1.00,1.00
2015.02.03 16:18:53.339,7.54128,7.54474,1.37,1.00
2015.02.03 16:18:53.686,7.54128,7.54465,2.12,1.00
2015.02.03 16:18:53.860,7.54143,7.54475,1.82,1.00
2015.02.03 16:18:54.181,7.54143,7.54478,1.82,1.00
2015.02.03 16:18:54.231,7.54143,7.54478,1.82,1.00
2015.02.03 16:18:54.960,7.54153,7.5448,1.82,1.00
2015.02.03 16:18:57.515,7.54161,7.54386,1.82,2.10
2015.02.03 16:18:57.567,7.54163,7.54386,1.00,2.10
2015.02.03 16:18:57.618,7.54163,7.54396,1.00,1.00
2015.02.03 16:18:57.669,7.54163,7.54396,1.75,1.00
2015.02.03 16:18:57.720,7.54163,7.54409,1.75,1.00
2015.02.03 16:18:57.872,7.54182,7.54409,1.75,1.00
2015.02.03 16:18:57.975,7.54182,7.5441,1.00,1.00
2015.02.03 16:18:58.077,7.54192,7.5441,1.00,1.00
2015.02.03 16:18:58.290,7.54172,7.5441,1.00,1.00
2015.02.03 16:18:58.341,7.54172,7.54432,1.00,1.31
2015.02.03 16:18:58.628,7.54182,7.54436,1.00,1.64
2015.02.03 16:18:58.934,7.54222,7.54453,1.00,1.01
2015.02.03 16:18:59.187,7.54202,7.54485,1.94,1.07
2015.02.03 16:18:59.238,7.5424,7.54525,1.75,2.05
2015.02.03 16:18:59.288,7.5424,7.54561,1.75,1.00
2015.02.03 16:18:59.339,7.5424,7.54567,1.75,1.00
2015.02.03 16:18:59.646,7.54266,7.5458,1.12,1.30
2015.02.03 16:18:59.870,7.54237,7.5458,1.01,1.30
2015.02.03 16:18:59.972,7.54237,7.5458,1.01,2.05
2015.02.03 16:19:00.149,7.54225,7.54577,1.01,1.75
2015.02.03 16:19:00.351,7.54225,7.5458,1.01,2.05
2015.02.03 16:19:00.652,7.54262,7.5458,1.75,1.67
2015.02.03 16:19:00.955,7.54297,7.54607,1.12,1.75
2015.02.03 16:19:01.237,7.54287,7.54598,1.31,1.00
2015.02.03 16:19:01.634,7.54284,7.54588,1.31,1.00
2015.02.03 16:19:01.801,7.54279,7.54588,1.01,1.00
2015.02.03 16:19:01.953,7.54279,7.54588,1.01,1.00
2015.02.03 16:19:02.174,7.54293,7.54598,1.12,1.00
2015.02.03 16:19:02.585,7.54293,7.54607,1.12,1.00
2015.02.03 16:19:02.891,7.54293,7.54607,1.12,1.00
2015.02.03 16:19:03.152,7.54293,7.54645,1.12,1.30
2015.02.03 16:19:03.364,7.54301,7.54645,1.12,1.30
2015.02.03 16:19:03.668,7.5428,7.54645,1.12,1.67
2015.02.03 16:19:03.894,7.54275,7.54645,1.31,1.30
2015.02.03 16:19:04.864,7.54273,7.54645,1.94,1.30
2015.02.03 16:19:08.413,7.54296,7.54665,1.67,1.00
2015.02.03 16:19:08.565,7.54312,7.54678,1.75,1.00
2015.02.03 16:19:08.717,7.54312,7.54685,1.75,1.00
2015.02.03 16:19:08.819,7.54312,7.54679,1.75,1.00
2015.02.03 16:19:09.151,7.54302,7.54666,1.75,1.00
2015.02.03 16:19:09.353,7.54319,7.5468,1.12,1.00
2015.02.03 16:19:09.575,7.54319,7.54687,1.12,1.00
2015.02.03 16:19:10.464,7.54319,7.5468,1.12,1.00
2015.02.03 16:19:11.427,7.54277,7.54644,1.31,1.67
2015.02.03 16:19:12.223,7.54292,7.54644,1.12,1.30
2015.02.03 16:19:12.653,7.54302,7.5466,2.10,1.12
2015.02.03 16:19:14.721,7.54277,7.54651,1.12,2.05
2015.02.03 16:19:15.025,7.54272,7.54634,1.87,1.37
2015.02.03 16:19:15.542,7.54283,7.5463,1.37,1.00
2015.02.03 16:19:16.013,7.54292,7.5464,1.07,1.00
2015.02.03 16:19:16.730,7.54277,7.54651,1.12,1.30
2015.02.03 16:19:16.893,7.54292,7.54651,1.37,1.30
2015.02.03 16:19:18.933,7.54282,7.54647,1.75,1.00
2015.02.03 16:19:19.669,7.54282,7.54642,1.75,1.00
2015.02.03 16:19:19.973,7.54247,7.54607,2.24,1.75
2015.02.03 16:19:20.743,7.54247,7.54597,1.86,1.75
2015.02.03 16:19:20.945,7.5418,7.54553,1.37,2.05
2015.02.03 16:19:21.097,7.54159,7.5454,1.31,1.37
2015.02.03 16:19:21.802,7.54182,7.54532,1.07,1.00
2015.02.03 16:19:22.343,7.54182,7.54532,1.50,1.00
2015.02.03 16:19:22.652,7.54182,7.54544,2.25,1.00
2015.02.03 16:19:22.970,7.54182,7.54558,2.25,1.00
2015.02.03 16:19:23.760,7.54209,7.54558,1.12,1.00
2015.02.03 16:19:23.862,7.54212,7.54566,1.07,1.00
2015.02.03 16:19:23.912,7.54212,7.54566,1.37,1.00
2015.02.03 16:19:24.100,7.54212,7.54573,1.37,1.00
2015.02.03 16:19:26.081,7.54426,7.54573,1.99,1.00
2015.02.03 16:19:26.237,7.54405,7.54573,1.18,1.00
2015.02.03 16:19:26.344,7.54223,7.54573,1.12,1.00
2015.02.03 16:19:26.616,7.54238,7.54579,1.12,1.00
2015.02.03 16:19:26.768,7.54252,7.54579,1.82,1.00
2015.02.03 16:19:26.819,7.54261,7.54606,1.12,1.00
2015.02.03 16:19:26.971,7.54292,7.54614,1.00,1.00
2015.02.03 16:19:27.318,7.54262,7.54614,1.75,1.75
2015.02.03 16:19:27.581,7.54262,7.54608,1.37,1.37
2015.02.03 16:19:27.731,7.54262,7.54594,1.37,1.00
2015.02.03 16:19:28.497,7.54263,7.54602,1.12,1.00
2015.02.03 16:19:28.599,7.54282,7.54621,1.07,1.00
2015.02.03 16:19:28.651,7.54303,7.54621,1.07,1.00
2015.02.03 16:19:28.960,7.54292,7.54606,1.12,1.00
2015.02.03 16:19:29.378,7.54262,7.54598,1.75,1.00
2015.02.03 16:19:29.530,7.54254,7.54584,2.05,1.00
2015.02.03 16:19:29.682,7.54262,7.54573,1.37,1.00
2015.02.03 16:19:29.935,7.54263,7.54582,1.37,1.00
2015.02.03 16:19:30.590,7.54292,7.54582,1.00,1.00
2015.02.03 16:19:30.693,7.54292,7.54598,1.00,1.00
2015.02.03 16:19:30.794,7.54292,7.54591,1.00,1.00
2015.02.03 16:19:30.845,7.54262,7.54591,1.37,1.00
2015.02.03 16:19:30.895,7.54266,7.54539,1.12,1.00
2015.02.03 16:19:31.148,7.54266,7.54541,1.12,1.00
2015.02.03 16:19:31.199,7.54275,7.54541,1.12,1.00
2015.02.03 16:19:31.351,7.54276,7.54547,1.12,1.00
2015.02.03 16:19:31.452,7.54276,7.54534,1.12,1.00
2015.02.03 16:19:31.705,7.54276,7.54541,1.12,1.00
2015.02.03 16:19:31.784,7.54276,7.54541,1.12,1.00
2015.02.03 16:19:31.885,7.54276,7.54533,1.12,1.00
2015.02.03 16:19:31.986,7.54259,7.54533,1.31,1.00
2015.02.03 16:19:32.100,7.54259,7.54556,1.31,1.00
2015.02.03 16:19:32.302,7.54277,7.54556,1.01,1.00
2015.02.03 16:19:32.642,7.54277,7.54559,1.01,1.00
2015.02.03 16:19:33.115,7.54272,7.54539,1.75,1.19
2015.02.03 16:19:33.217,7.54232,7.54499,1.94,1.00
2015.02.03 16:19:33.268,7.54212,7.54499,1.94,1.60
2015.02.03 16:19:33.319,7.54212,7.54465,1.75,1.00
2015.02.03 16:19:33.421,7.54207,7.54465,1.80,1.00
2015.02.03 16:19:33.472,7.54207,7.54445,1.80,1.00
2015.02.03 16:19:33.523,7.54208,7.54445,1.05,1.00
2015.02.03 16:19:33.624,7.54208,7.54445,1.05,1.79
2015.02.03 16:19:33.725,7.54208,7.54424,1.05,1.00
2015.02.03 16:19:33.777,7.54208,7.5441,1.05,1.00
2015.02.03 16:19:33.929,7.54121,7.54393,1.12,1.79
2015.02.03 16:19:33.980,7.54121,7.5434,1.12,1.00
2015.02.03 16:19:34.031,7.54084,7.5434,1.73,1.00
2015.02.03 16:19:34.082,7.54084,7.54333,1.73,1.00
2015.02.03 16:19:34.134,7.54035,7.54333,1.16,1.00
2015.02.03 16:19:34.236,7.54042,7.54325,1.79,1.00
2015.02.03 16:19:34.437,7.54042,7.54335,1.79,1.00
2015.02.03 16:19:34.538,7.54042,7.54328,1.79,1.00
2015.02.03 16:19:35.839,7.54042,7.54327,1.79,1.00
2015.02.03 16:19:36.369,7.54052,7.54327,1.94,1.00
2015.02.03 16:19:36.976,7.54052,7.54326,1.94,1.00
2015.02.03 16:19:37.396,7.54048,7.54321,1.54,1.00
2015.02.03 16:19:38.428,7.54048,7.54321,1.54,1.00
2015.02.03 16:19:39.055,7.54048,7.54327,1.54,1.00
2015.02.03 16:19:39.156,7.54082,7.54347,1.94,1.00
2015.02.03 16:19:39.259,7.54092,7.5436,1.31,1.00
2015.02.03 16:19:39.360,7.54092,7.54377,1.31,1.00
2015.02.03 16:19:39.883,7.54092,7.54376,1.91,1.00
2015.02.03 16:19:40.043,7.54093,7.5435,1.79,1.00
2015.02.03 16:19:40.498,7.54061,7.5433,1.31,1.00
2015.02.03 16:19:41.139,7.54062,7.5433,1.94,1.00
2015.02.03 16:19:41.720,7.54067,7.5433,1.16,1.00
2015.02.03 16:19:41.770,7.54086,7.5433,1.35,1.00
2015.02.03 16:19:41.821,7.54092,7.54341,1.75,1.00
2015.02.03 16:19:41.872,7.54092,7.54341,1.94,1.00
2015.02.03 16:19:41.923,7.54092,7.54383,1.94,1.00
2015.02.03 16:19:42.025,7.54095,7.54388,1.01,1.00
2015.02.03 16:19:42.126,7.54115,7.54395,1.31,1.00
2015.02.03 16:19:42.177,7.54125,7.54395,1.01,1.00
2015.02.03 16:19:42.228,7.54125,7.54403,1.01,1.00
2015.02.03 16:19:42.279,7.54157,7.54403,2.29,1.00
2015.02.03 16:19:42.566,7.54163,7.54442,2.29,1.00
2015.02.03 16:19:42.667,7.54163,7.54421,1.19,1.00
2015.02.03 16:19:43.101,7.5415,7.544,1.01,1.00
2015.02.03 16:19:44.554,7.54121,7.544,1.01,1.00
2015.02.03 16:19:44.605,7.54115,7.544,1.01,1.00
2015.02.03 16:19:44.656,7.54115,7.54403,1.01,1.00
2015.02.03 16:19:44.787,7.54121,7.54403,1.01,1.00
2015.02.03 16:19:44.888,7.54121,7.54405,1.01,1.00
2015.02.03 16:19:45.491,7.54121,7.54405,1.01,1.00
2015.02.03 16:19:45.542,7.54121,7.54413,1.01,1.00
2015.02.03 16:19:45.593,7.54159,7.54413,1.16,1.00
2015.02.03 16:19:45.644,7.54159,7.54418,1.16,1.00
2015.02.03 16:19:45.696,7.54159,7.5444,1.16,1.00
2015.02.03 16:19:45.897,7.54158,7.54437,1.16,1.00
2015.02.03 16:19:46.644,7.54153,7.54436,2.36,1.00
2015.02.03 16:19:46.979,7.54153,7.54421,2.17,1.00
2015.02.03 16:19:47.132,7.54039,7.54343,1.12,1.00
2015.02.03 16:19:47.182,7.54039,7.54324,1.12,1.00
2015.02.03 16:19:47.233,7.54012,7.54324,2.04,1.00
2015.02.03 16:19:47.335,7.54013,7.54324,1.94,1.00
2015.02.03 16:19:47.437,7.54012,7.54315,1.01,1.00
2015.02.03 16:19:47.743,7.54012,7.54318,2.04,1.75
2015.02.03 16:19:48.285,7.54012,7.54325,2.04,1.75
2015.02.03 16:19:48.588,7.54062,7.54372,1.26,1.75
2015.02.03 16:19:48.639,7.54051,7.54307,1.31,1.00
2015.02.03 16:19:48.690,7.54046,7.54307,1.31,1.00
2015.02.03 16:19:48.791,7.54025,7.54307,1.01,1.00
2015.02.03 16:19:49.190,7.54025,7.54298,1.01,1.00
2015.02.03 16:19:49.511,7.53973,7.54258,1.31,1.75
2015.02.03 16:19:49.663,7.53989,7.54254,1.01,1.00
2015.02.03 16:19:50.721,7.54012,7.5426,1.56,1.00
2015.02.03 16:19:50.823,7.54012,7.54273,1.19,1.37
2015.02.03 16:19:51.020,7.53994,7.54269,1.01,1.00
2015.02.03 16:19:51.914,7.53986,7.54249,1.86,1.37
2015.02.03 16:19:52.015,7.53982,7.54249,1.75,1.94
2015.02.03 16:19:52.066,7.53941,7.54197,1.94,1.00
2015.02.03 16:19:52.117,7.53941,7.54197,1.94,1.00
2015.02.03 16:19:52.168,7.53941,7.54194,1.94,1.00
2015.02.03 16:19:52.269,7.53941,7.542,1.26,1.00
2015.02.03 16:19:52.340,7.53941,7.54196,1.26,1.00
2015.02.03 16:19:52.694,7.53949,7.54202,1.01,1.00
2015.02.03 16:19:52.796,7.53953,7.54227,1.19,1.00
2015.02.03 16:19:53.710,7.53963,7.54227,2.29,1.00
2015.02.03 16:19:53.812,7.53973,7.54235,1.79,1.00
2015.02.03 16:19:53.919,7.53973,7.54253,1.79,1.00
2015.02.03 16:19:54.026,7.53973,7.5426,1.79,1.00
2015.02.03 16:19:54.540,7.53972,7.54252,1.79,1.00
2015.02.03 16:19:54.899,7.53993,7.54252,1.00,1.00
2015.02.03 16:19:55.231,7.54002,7.54252,1.00,1.00
2015.02.03 16:19:55.342,7.53985,7.54252,1.54,1.00
2015.02.03 16:19:56.016,7.53985,7.54252,1.54,1.00
2015.02.03 16:19:56.302,7.53985,7.54267,1.54,1.00
2015.02.03 16:19:57.436,7.53983,7.54242,1.89,1.00
2015.02.03 16:19:57.739,7.53962,7.54228,1.19,1.00
2015.02.03 16:19:58.043,7.53942,7.54202,1.94,1.00
2015.02.03 16:19:58.640,7.53932,7.54202,1.56,1.00
2015.02.03 16:19:58.750,7.53932,7.54209,1.56,1.00
2015.02.03 16:19:59.049,7.53932,7.54201,1.56,1.00
2015.02.03 16:19:59.416,7.5393,7.54196,1.01,1.00
2015.02.03 16:20:00.623,7.53922,7.54196,1.94,1.00
2015.02.03 16:20:00.699,7.53922,7.54189,1.94,1.00
2015.02.03 16:20:02.481,7.53922,7.54202,1.94,1.00
2015.02.03 16:20:02.584,7.53922,7.54209,1.94,1.00
2015.02.03 16:20:02.685,7.53932,7.54209,1.94,1.00
2015.02.03 16:20:02.950,7.53942,7.54228,1.94,1.00
2015.02.03 16:20:03.051,7.53962,7.54221,1.19,1.00
2015.02.03 16:20:03.400,7.53942,7.54221,1.19,1.75
2015.02.03 16:20:04.683,7.53933,7.54221,1.19,1.75
2015.02.03 16:20:04.989,7.53925,7.54189,1.01,1.00
2015.02.03 16:20:06.951,7.53925,7.54189,1.01,1.00
2015.02.03 16:20:07.332,7.53925,7.54202,1.01,1.00
2015.02.03 16:20:07.433,7.53926,7.54187,1.01,1.00
2015.02.03 16:20:08.490,7.53956,7.54187,2.29,1.00
2015.02.03 16:20:08.541,7.53966,7.54212,1.16,1.00
2015.02.03 16:20:08.592,7.53966,7.54212,1.16,1.00
2015.02.03 16:20:08.744,7.5398,7.5423,1.16,1.00
2015.02.03 16:20:08.845,7.53983,7.54246,1.54,1.00
2015.02.03 16:20:08.997,7.53988,7.54259,1.31,1.00
2015.02.03 16:20:09.048,7.53999,7.54259,1.01,1.00
2015.02.03 16:20:09.200,7.54002,7.54279,1.37,1.25
2015.02.03 16:20:09.250,7.54002,7.54279,1.75,1.25
2015.02.03 16:20:09.600,7.5406,7.54292,1.35,1.00
2015.02.03 16:20:10.724,7.5402,7.54268,1.31,1.00
2015.02.03 16:20:10.826,7.54003,7.54277,1.01,1.00
2015.02.03 16:20:10.978,7.54004,7.54271,1.01,1.00
2015.02.03 16:20:11.281,7.54055,7.54299,1.16,1.00
2015.02.03 16:20:11.545,7.54069,7.54299,1.35,1.00
2015.02.03 16:20:11.596,7.54069,7.54325,1.35,1.00
2015.02.03 16:20:11.791,7.54069,7.54318,1.35,1.00
2015.02.03 16:20:12.047,7.54069,7.54338,1.35,1.00
2015.02.03 16:20:12.098,7.54069,7.54338,1.35,1.00
2015.02.03 16:20:12.149,7.54069,7.54351,1.35,1.19
2015.02.03 16:20:12.200,7.54069,7.54351,1.54,1.00
2015.02.03 16:20:12.699,7.54069,7.54357,1.54,1.00
2015.02.03 16:20:12.824,7.54069,7.54345,1.54,1.00
2015.02.03 16:20:13.817,7.54069,7.54351,1.54,1.00
2015.02.03 16:20:13.918,7.54111,7.54371,1.16,1.00
2015.02.03 16:20:15.476,7.5411,7.54371,2.29,1.37
2015.02.03 16:20:15.578,7.54092,7.54357,1.94,1.00
2015.02.03 16:20:15.681,7.54083,7.54345,1.01,1.00
2015.02.03 16:20:15.909,7.54082,7.54351,1.94,1.00
2015.02.03 16:20:17.391,7.54062,7.54351,1.94,1.00
2015.02.03 16:20:17.593,7.54152,7.54423,1.94,1.00
2015.02.03 16:20:17.694,7.54173,7.54435,1.94,1.00
2015.02.03 16:20:18.044,7.54173,7.54457,1.94,1.75
2015.02.03 16:20:18.499,7.54157,7.54448,1.01,1.00
2015.02.03 16:20:19.744,7.54157,7.54438,1.01,1.00
2015.02.03 16:20:20.300,7.54157,7.54427,1.01,1.00
2015.02.03 16:20:20.630,7.54157,7.54438,1.01,1.00
2015.02.03 16:20:21.010,7.54157,7.54438,1.01,1.00
2015.02.03 16:20:21.264,7.54226,7.54478,1.16,1.00
2015.02.03 16:20:21.365,7.54226,7.54467,1.16,1.00
2015.02.03 16:20:21.723,7.54226,7.54478,1.16,1.00
2015.02.03 16:20:22.350,7.54226,7.54468,1.16,1.00
2015.02.03 16:20:23.134,7.54226,7.54458,1.16,1.00
2015.02.03 16:20:24.467,7.54195,7.54458,1.94,1.00
2015.02.03 16:20:24.568,7.54187,7.54418,1.31,1.00
2015.02.03 16:20:24.619,7.54187,7.54418,1.12,1.00
2015.02.03 16:20:24.670,7.54169,7.54407,1.35,1.00
2015.02.03 16:20:24.721,7.54168,7.54407,1.24,1.00
2015.02.03 16:20:25.108,7.54168,7.54418,1.16,1.00
2015.02.03 16:20:25.260,7.54168,7.54427,1.16,1.00
2015.02.03 16:20:25.670,7.54168,7.54418,1.16,1.00
2015.02.03 16:20:26.019,7.54168,7.54428,1.16,1.00
2015.02.03 16:20:26.120,7.54168,7.54407,1.16,1.00
2015.02.03 16:20:26.309,7.54168,7.54418,1.16,1.00
2015.02.03 16:20:26.360,7.54169,7.54418,1.35,1.00
2015.02.03 16:20:26.920,7.54169,7.54418,1.54,1.00
2015.02.03 16:20:27.204,7.54169,7.54438,1.54,1.00
2015.02.03 16:20:27.255,7.54169,7.54438,1.54,1.00
2015.02.03 16:20:27.630,7.54195,7.54438,2.85,1.00
2015.02.03 16:20:28.289,7.54168,7.54438,1.01,1.00
2015.02.03 16:20:28.442,7.54168,7.54438,1.01,1.00
2015.02.03 16:20:28.544,7.54166,7.54418,1.94,1.00
2015.02.03 16:20:28.620,7.54166,7.54428,1.94,1.00
2015.02.03 16:20:28.773,7.54166,7.54418,1.94,1.00
2015.02.03 16:20:28.874,7.54176,7.54427,1.94,1.00
2015.02.03 16:20:28.976,7.54176,7.54418,1.94,1.00
2015.02.03 16:20:29.927,7.54176,7.54418,1.94,1.00
2015.02.03 16:20:31.920,7.54176,7.54428,1.94,1.00
2015.02.03 16:20:31.971,7.54176,7.54428,1.94,1.00
2015.02.03 16:20:32.072,7.54221,7.54458,2.29,1.00
2015.02.03 16:20:32.123,7.54221,7.54468,2.29,1.00
2015.02.03 16:20:32.174,7.54192,7.54478,1.94,1.00
2015.02.03 16:20:32.477,7.54184,7.54458,1.54,1.00
2015.02.03 16:20:33.164,7.54184,7.54457,1.54,1.00
2015.02.03 16:20:33.389,7.54184,7.54448,1.54,1.00
2015.02.03 16:20:33.913,7.54184,7.54447,1.54,1.00
2015.02.03 16:20:34.009,7.54184,7.54458,1.54,1.00
2015.02.03 16:20:34.670,7.54184,7.54447,1.54,1.00
2015.02.03 16:20:34.842,7.54184,7.54447,1.54,1.00
2015.02.03 16:20:34.893,7.54184,7.54438,1.54,1.00
2015.02.03 16:20:35.214,7.54184,7.54408,1.16,1.00
2015.02.03 16:20:35.806,7.54184,7.54407,1.16,1.00
2015.02.03 16:20:36.018,7.54184,7.54428,1.16,1.00
2015.02.03 16:20:36.102,7.54184,7.54418,1.16,1.00
2015.02.03 16:20:36.430,7.54184,7.54398,1.16,1.00
2015.02.03 16:20:36.863,7.54167,7.54398,1.79,1.00
2015.02.03 16:20:36.914,7.54167,7.54348,1.19,1.00
2015.02.03 16:20:36.965,7.54167,7.54348,1.19,1.00
2015.02.03 16:20:37.016,7.54138,7.54337,1.31,1.00
2015.02.03 16:20:37.118,7.5412,7.54348,1.94,1.00
2015.02.03 16:20:37.220,7.5412,7.54358,1.94,1.00
2015.02.03 16:20:38.229,7.5412,7.54358,1.94,1.00
2015.02.03 16:20:38.750,7.5412,7.54378,1.94,1.00
2015.02.03 16:20:39.082,7.5412,7.54388,1.94,1.00
2015.02.03 16:20:39.133,7.5412,7.54388,1.94,1.00
2015.02.03 16:20:39.436,7.54164,7.54417,1.54,1.00
2015.02.03 16:20:39.852,7.54164,7.54438,1.54,1.00
2015.02.03 16:20:39.959,7.54164,7.54428,1.54,1.00
2015.02.03 16:20:40.446,7.54164,7.54427,1.54,1.00
2015.02.03 16:20:40.547,7.54164,7.54448,1.54,1.00
2015.02.03 16:20:40.964,7.54164,7.54438,1.54,1.00
2015.02.03 16:20:41.298,7.54164,7.54408,1.54,1.00
2015.02.03 16:20:41.450,7.54138,7.54397,1.31,1.00
2015.02.03 16:20:41.653,7.5412,7.54378,1.94,1.00
2015.02.03 16:20:41.970,7.5412,7.54398,1.94,1.00
2015.02.03 16:20:42.152,7.5412,7.54398,1.94,1.00
2015.02.03 16:20:42.383,7.54132,7.54418,1.94,1.00
2015.02.03 16:20:42.833,7.54155,7.54418,1.00,1.37
2015.02.03 16:20:42.985,7.54155,7.54411,1.00,1.00
2015.02.03 16:20:43.311,7.54155,7.54368,1.00,1.00
2015.02.03 16:20:43.480,7.54155,7.54378,1.19,1.00
2015.02.03 16:20:43.600,7.54155,7.54368,1.19,1.00
2015.02.03 16:20:44.469,7.54126,7.54358,1.94,1.00
2015.02.03 16:20:45.240,7.54126,7.54368,1.94,1.00
2015.02.03 16:20:46.027,7.54126,7.54368,1.94,1.00
2015.02.03 16:20:47.359,7.54126,7.54358,1.94,1.00
2015.02.03 16:20:47.666,7.54126,7.54368,1.94,1.00
2015.02.03 16:20:48.062,7.54126,7.54368,1.94,1.00
2015.02.03 16:20:50.055,7.54126,7.54368,1.94,1.00
2015.02.03 16:20:50.359,7.54179,7.54387,2.10,1.00
2015.02.03 16:20:50.519,7.54179,7.54398,2.10,1.00
2015.02.03 16:20:50.640,7.54179,7.54407,2.10,1.00
2015.02.03 16:20:52.940,7.54179,7.54418,2.29,1.00
2015.02.03 16:20:53.506,7.54179,7.54407,2.29,1.00
2015.02.03 16:20:54.335,7.54304,7.54407,2.10,1.00
2015.02.03 16:20:54.386,7.54304,7.54497,2.10,1.12
2015.02.03 16:20:54.437,7.54304,7.54507,2.10,1.37
2015.02.03 16:20:54.488,7.54304,7.54507,2.10,1.00
2015.02.03 16:20:54.539,7.54304,7.54507,2.10,1.75
2015.02.03 16:20:54.641,7.54267,7.54528,1.00,1.75
2015.02.03 16:20:54.742,7.54267,7.54532,1.00,1.75
2015.02.03 16:20:54.843,7.54347,7.54532,2.10,1.75
2015.02.03 16:20:54.945,7.54347,7.54585,2.10,1.56
2015.02.03 16:20:54.996,7.54347,7.54588,2.10,2.44
2015.02.03 16:20:56.055,7.54347,7.54588,2.10,1.50
2015.02.03 16:20:56.436,7.54347,7.54588,2.10,2.25
2015.02.03 16:20:56.759,7.54328,7.54588,1.00,2.25
2015.02.03 16:20:56.861,7.54328,7.54577,1.00,1.75
2015.02.03 16:20:57.164,7.54328,7.54558,1.00,1.75
2015.02.03 16:20:57.355,7.54328,7.54568,1.00,1.00
2015.02.03 16:20:57.457,7.54328,7.54568,1.75,1.00
2015.02.03 16:20:57.608,7.54328,7.54588,1.75,1.50
2015.02.03 16:20:57.659,7.54328,7.54588,1.00,2.25
2015.02.03 16:20:57.761,7.54312,7.54588,1.60,2.25
2015.02.03 16:20:58.065,7.54312,7.54588,1.00,2.25
2015.02.03 16:20:58.166,7.54351,7.54588,2.10,2.25
2015.02.03 16:20:58.473,7.54351,7.54578,2.10,2.05
2015.02.03 16:20:58.625,7.54318,7.54578,1.60,2.05
2015.02.03 16:20:58.778,7.54297,7.54577,2.29,1.75
2015.02.03 16:20:58.880,7.54301,7.54577,1.16,1.37
2015.02.03 16:20:59.464,7.5432,7.54578,1.00,1.67
2015.02.03 16:21:00.000,7.5432,7.54578,1.19,1.67
2015.02.03 16:21:00.313,7.5432,7.54588,1.19,2.25
2015.02.03 16:21:00.631,7.54303,7.54578,1.60,2.05
2015.02.03 16:21:00.783,7.54265,7.54548,1.79,1.75
2015.02.03 16:21:00.834,7.54265,7.54548,1.79,1.75
2015.02.03 16:21:01.109,7.54265,7.54538,1.79,2.05
2015.02.03 16:21:01.933,7.54253,7.54498,1.00,2.05
2015.02.03 16:21:02.515,7.54254,7.54518,1.54,1.00
2015.02.03 16:21:02.848,7.54254,7.54508,1.54,1.00
2015.02.03 16:21:03.195,7.54297,7.54508,1.35,1.00
2015.02.03 16:21:03.501,7.54371,7.54548,2.10,1.00
2015.02.03 16:21:04.620,7.54371,7.54558,2.10,1.00
2015.02.03 16:21:04.837,7.54371,7.54558,2.29,1.00
2015.02.03 16:21:04.939,7.54291,7.54558,1.35,1.00
2015.02.03 16:21:04.990,7.5429,7.54558,1.35,1.00
2015.02.03 16:21:05.041,7.5429,7.54558,1.35,1.37
2015.02.03 16:21:05.346,7.54267,7.54527,1.75,1.75
2015.02.03 16:21:05.397,7.54267,7.54485,1.00,1.12
2015.02.03 16:21:05.498,7.54193,7.54485,1.75,1.31
2015.02.03 16:21:05.818,7.54193,7.5448,1.75,1.31
2015.02.03 16:21:05.970,7.54193,7.54468,1.37,1.12
2015.02.03 16:21:06.117,7.54193,7.54468,1.37,1.31
2015.02.03 16:21:06.168,7.54193,7.54459,1.00,1.01
2015.02.03 16:21:06.219,7.54196,7.54459,1.00,1.01
2015.02.03 16:21:06.524,7.54196,7.54445,1.00,1.31
2015.02.03 16:21:06.720,7.54144,7.54438,1.75,1.31
2015.02.03 16:21:07.221,7.54134,7.54427,2.24,1.12
2015.02.03 16:21:07.587,7.54134,7.54446,2.24,1.31
2015.02.03 16:21:08.084,7.54142,7.54427,1.75,1.12
2015.02.03 16:21:08.399,7.54134,7.54415,2.05,1.12
2015.02.03 16:21:09.262,7.54142,7.54431,1.75,1.12
2015.02.03 16:21:09.313,7.54173,7.54461,1.00,1.01
2015.02.03 16:21:09.415,7.54172,7.54461,1.75,1.01
2015.02.03 16:21:10.459,7.54172,7.54471,1.75,1.35
2015.02.03 16:21:11.029,7.54172,7.54471,1.94,1.35
2015.02.03 16:21:11.332,7.54235,7.54521,2.29,1.12
2015.02.03 16:21:11.434,7.54207,7.54531,2.05,1.75
2015.02.03 16:21:11.538,7.54207,7.54516,2.05,1.00
2015.02.03 16:21:11.821,7.54207,7.54516,2.05,1.00
2015.02.03 16:21:12.160,7.54207,7.54516,2.05,1.00
2015.02.03 16:21:12.261,7.54207,7.54516,2.05,1.00
2015.02.03 16:21:12.413,7.54207,7.54536,2.05,1.00
2015.02.03 16:21:12.464,7.54207,7.54536,2.05,1.75
2015.02.03 16:21:12.529,7.54207,7.54536,2.05,1.00
2015.02.03 16:21:13.360,7.54296,7.54536,1.60,1.00
2015.02.03 16:21:13.613,7.54296,7.54558,1.79,1.57
2015.02.03 16:21:14.354,7.54311,7.54567,1.60,1.82
2015.02.03 16:21:17.298,7.54311,7.54577,1.60,1.82
2015.02.03 16:21:18.069,7.54311,7.54548,1.60,1.00
2015.02.03 16:21:19.380,7.54311,7.54548,1.00,1.00
2015.02.03 16:21:19.431,7.54311,7.54578,1.00,1.82
2015.02.03 16:21:19.482,7.5426,7.54559,2.05,1.01
2015.02.03 16:21:19.533,7.5424,7.54544,2.05,1.01
2015.02.03 16:21:19.684,7.54206,7.54533,2.05,1.01
2015.02.03 16:21:19.895,7.54206,7.54525,2.05,1.12
2015.02.03 16:21:20.199,7.54206,7.54545,2.05,1.31
2015.02.03 16:21:20.796,7.54206,7.54552,2.05,1.31
2015.02.03 16:21:20.897,7.54206,7.54545,2.05,1.31
2015.02.03 16:21:21.017,7.54341,7.54545,2.10,1.31
2015.02.03 16:21:21.170,7.54341,7.54578,2.10,1.37
2015.02.03 16:21:21.575,7.54341,7.54577,2.29,1.31
2015.02.03 16:21:21.727,7.54341,7.54588,2.29,2.06
2015.02.03 16:21:22.783,7.54408,7.54588,2.10,2.06
2015.02.03 16:21:22.935,7.54408,7.54588,2.10,1.69
2015.02.03 16:21:23.219,7.54332,7.54588,2.29,2.44
2015.02.03 16:21:23.812,7.54332,7.54588,3.04,2.44
2015.02.03 16:21:24.964,7.54375,7.54637,1.60,1.12
2015.02.03 16:21:25.065,7.54364,7.54637,2.10,1.12
2015.02.03 16:21:25.777,7.54364,7.54608,2.10,1.00
2015.02.03 16:21:26.227,7.54391,7.54608,1.60,1.00
2015.02.03 16:21:26.480,7.54391,7.54638,1.79,1.19
2015.02.03 16:21:26.685,7.54416,7.54661,1.00,1.31
2015.02.03 16:21:27.212,7.54416,7.54648,1.00,1.00
2015.02.03 16:21:27.679,7.54416,7.54648,1.00,1.75
2015.02.03 16:21:27.982,7.54434,7.54668,1.35,1.07
2015.02.03 16:21:28.134,7.54434,7.54668,1.35,1.00
2015.02.03 16:21:28.315,7.54434,7.54658,1.35,1.00
2015.02.03 16:21:28.671,7.5443,7.54658,1.60,1.50
2015.02.03 16:21:29.793,7.54423,7.54657,2.10,1.75
2015.02.03 16:21:29.844,7.54422,7.54657,1.00,1.75
2015.02.03 16:21:29.945,7.54434,7.54657,2.10,1.75
2015.02.03 16:21:29.996,7.54434,7.54667,2.10,1.00
2015.02.03 16:21:30.047,7.54422,7.54667,1.00,1.00
2015.02.03 16:21:30.098,7.54422,7.54668,1.75,1.00
2015.02.03 16:21:30.413,7.54414,7.54638,1.75,1.00
2015.02.03 16:21:30.514,7.54414,7.54638,1.50,1.00
2015.02.03 16:21:30.565,7.54414,7.54638,1.00,1.00
2015.02.03 16:21:30.766,7.54414,7.54638,1.75,1.00
2015.02.03 16:21:31.160,7.54422,7.54647,1.67,1.00
2015.02.03 16:21:32.013,7.54422,7.54637,1.67,1.00
2015.02.03 16:21:32.188,7.54399,7.54637,1.35,1.00
2015.02.03 16:21:32.289,7.54388,7.54627,1.75,1.00
2015.02.03 16:21:32.809,7.54388,7.54618,1.75,1.00
2015.02.03 16:21:33.471,7.5438,7.54608,1.75,1.00
2015.02.03 16:21:33.739,7.5438,7.54598,1.75,1.00
2015.02.03 16:21:33.840,7.5438,7.54618,1.75,1.00
2015.02.03 16:21:33.891,7.54396,7.54618,2.10,1.00
2015.02.03 16:21:34.242,7.54405,7.54628,1.60,1.10
2015.02.03 16:21:34.444,7.54405,7.54638,1.60,1.07
2015.02.03 16:21:34.495,7.54422,7.54638,1.00,1.07
2015.02.03 16:21:35.028,7.54422,7.54658,1.00,1.45
2015.02.03 16:21:36.501,7.54415,7.54674,1.60,1.12
2015.02.03 16:21:37.423,7.54415,7.54669,1.00,1.12
2015.02.03 16:21:37.474,7.54391,7.54669,1.00,1.12
2015.02.03 16:21:37.525,7.54391,7.54669,1.00,1.12
2015.02.03 16:21:37.576,7.54391,7.54649,1.00,1.12
2015.02.03 16:21:37.885,7.54391,7.54649,1.60,1.12
2015.02.03 16:21:39.746,7.54399,7.54661,1.00,1.12
2015.02.03 16:21:39.797,7.54399,7.54668,1.00,1.87
2015.02.03 16:21:40.389,7.54423,7.54668,1.00,1.12
2015.02.03 16:21:40.490,7.54423,7.54688,1.00,1.37
2015.02.03 16:21:40.592,7.54423,7.54688,1.75,1.37
2015.02.03 16:21:40.747,7.54446,7.54688,1.00,1.07
2015.02.03 16:21:40.854,7.54446,7.54688,1.37,1.07
2015.02.03 16:21:41.799,7.54425,7.54698,1.56,1.37
2015.02.03 16:21:42.209,7.54425,7.54697,1.94,1.75
2015.02.03 16:21:42.595,7.54425,7.54697,1.94,1.37
2015.02.03 16:21:42.747,7.54425,7.54717,1.94,1.56
2015.02.03 16:21:46.130,7.54425,7.54728,1.94,1.31
2015.02.03 16:21:47.413,7.54442,7.54738,1.94,2.06
2015.02.03 16:21:49.022,7.54456,7.54738,1.54,2.06
2015.02.03 16:21:49.123,7.54484,7.54738,1.35,1.56
2015.02.03 16:21:49.225,7.54493,7.54748,1.35,1.94
2015.02.03 16:21:49.569,7.54459,7.54738,2.29,1.26
2015.02.03 16:21:49.632,7.54459,7.54735,1.54,1.01
2015.02.03 16:21:49.836,7.54443,7.54738,1.94,1.86
2015.02.03 16:21:49.988,7.54493,7.54738,1.35,1.26
2015.02.03 16:21:50.444,7.54443,7.54737,2.29,1.01
2015.02.03 16:21:50.647,7.54443,7.54727,2.29,1.56
2015.02.03 16:21:50.998,7.5448,7.54722,2.10,1.01
2015.02.03 16:21:51.049,7.54489,7.54738,1.35,1.26
2015.02.03 16:21:51.864,7.54489,7.54737,1.35,1.26
2015.02.03 16:21:52.820,7.54506,7.54747,1.35,1.56
2015.02.03 16:21:52.921,7.54506,7.54747,1.35,1.56
2015.02.03 16:21:53.138,7.5448,7.54747,2.85,1.56
2015.02.03 16:21:57.576,7.54463,7.54743,1.94,1.35
2015.02.03 16:21:57.626,7.54463,7.54722,1.00,1.01
2015.02.03 16:21:57.677,7.54424,7.54708,1.54,1.19
2015.02.03 16:21:57.930,7.54424,7.54708,1.54,1.31
2015.02.03 16:22:00.984,7.54424,7.54698,1.35,1.26
2015.02.03 16:22:01.779,7.54415,7.5469,1.16,1.01
2015.02.03 16:22:02.338,7.54415,7.5469,1.16,1.01
2015.02.03 16:22:02.828,7.54424,7.5469,1.16,1.01
2015.02.03 16:22:02.994,7.54412,7.5469,1.79,1.01
2015.02.03 16:22:03.840,7.54412,7.5469,1.79,1.01
2015.02.03 16:22:04.168,7.54412,7.54679,1.19,1.35
2015.02.03 16:22:04.219,7.5436,7.54618,1.35,1.00
2015.02.03 16:22:04.320,7.54357,7.54612,1.75,1.69
2015.02.03 16:22:04.422,7.54292,7.54559,1.00,1.01
2015.02.03 16:22:04.473,7.54282,7.54558,1.00,1.94
2015.02.03 16:22:04.523,7.54282,7.54512,1.00,1.12
2015.02.03 16:22:04.574,7.54262,7.54512,1.60,1.12
2015.02.03 16:22:04.972,7.54272,7.5452,1.00,1.31
2015.02.03 16:22:05.912,7.54262,7.5452,1.60,1.31
2015.02.03 16:22:06.017,7.54272,7.5452,1.00,1.31
2015.02.03 16:22:06.229,7.54262,7.5452,1.60,1.31
2015.02.03 16:22:06.330,7.54262,7.54512,1.60,1.12
2015.02.03 16:22:06.381,7.54252,7.54512,1.69,1.12
2015.02.03 16:22:06.521,7.54252,7.54507,1.69,1.01
2015.02.03 16:22:06.654,7.54273,7.54507,1.00,1.01
2015.02.03 16:22:06.810,7.54252,7.54507,1.69,1.01
2015.02.03 16:22:07.427,7.54263,7.54507,1.00,1.01
2015.02.03 16:22:07.644,7.54242,7.54507,1.94,1.01
2015.02.03 16:22:07.695,7.54242,7.54507,1.19,1.01
2015.02.03 16:22:08.028,7.54262,7.54499,1.00,1.12
2015.02.03 16:22:08.339,7.54272,7.54499,1.00,1.12
2015.02.03 16:22:08.639,7.54273,7.54536,1.97,1.12
2015.02.03 16:22:09.833,7.54302,7.54547,1.00,1.31
2015.02.03 16:22:10.924,7.54292,7.54547,1.25,1.12
2015.02.03 16:22:11.177,7.54272,7.54538,1.97,1.31
2015.02.03 16:22:11.228,7.54272,7.54538,1.97,1.94
2015.02.03 16:22:11.691,7.54252,7.54513,1.19,1.12
2015.02.03 16:22:13.567,7.54262,7.5451,1.19,1.12
2015.02.03 16:22:13.668,7.54232,7.54492,1.69,1.31
2015.02.03 16:22:13.769,7.54232,7.54487,1.19,1.56
2015.02.03 16:22:14.226,7.54202,7.54463,1.19,1.12
2015.02.03 16:22:14.377,7.54199,7.54441,1.00,1.31
2015.02.03 16:22:14.428,7.54183,7.54441,1.19,1.31
2015.02.03 16:22:15.014,7.54183,7.54436,1.19,1.31
2015.02.03 16:22:15.277,7.54162,7.54396,2.10,1.01
2015.02.03 16:22:15.328,7.54132,7.54396,1.69,1.01
2015.02.03 16:22:15.430,7.54142,7.54395,1.19,1.31
2015.02.03 16:22:16.079,7.54132,7.5439,1.19,1.31
2015.02.03 16:22:17.388,7.54142,7.54363,1.00,1.31
2015.02.03 16:22:17.490,7.54122,7.54358,1.79,1.12
2015.02.03 16:22:17.744,7.54133,7.54386,1.00,1.94
2015.02.03 16:22:17.795,7.54142,7.54386,1.00,1.94
2015.02.03 16:22:17.896,7.54122,7.54362,1.79,1.01
2015.02.03 16:22:17.947,7.54122,7.54362,1.19,1.01
2015.02.03 16:22:17.998,7.54102,7.54359,1.00,1.01
2015.02.03 16:22:18.049,7.54102,7.54335,1.00,1.12
2015.02.03 16:22:18.100,7.54082,7.54335,1.19,1.12
2015.02.03 16:22:18.347,7.54119,7.54335,1.00,1.12
2015.02.03 16:22:18.449,7.54102,7.54335,1.00,1.12
2015.02.03 16:22:18.607,7.54112,7.54335,1.00,1.12
2015.02.03 16:22:19.026,7.54102,7.54349,1.00,1.31
2015.02.03 16:22:20.208,7.54093,7.54349,1.00,1.12
2015.02.03 16:22:20.614,7.54102,7.54349,1.00,1.12
2015.02.03 16:22:21.460,7.54092,7.54334,1.25,1.12
2015.02.03 16:22:21.763,7.54102,7.54349,1.00,1.12
2015.02.03 16:22:22.207,7.54113,7.54349,1.00,1.12
2015.02.03 16:22:22.599,7.54092,7.54349,1.19,1.31
2015.02.03 16:22:22.997,7.54082,7.54327,1.00,1.01
2015.02.03 16:22:23.099,7.54073,7.54327,1.19,1.01
2015.02.03 16:22:23.251,7.54072,7.54327,1.19,1.31
2015.02.03 16:22:23.944,7.54082,7.54327,1.00,1.31
2015.02.03 16:22:24.469,7.54083,7.54327,1.00,1.31
2015.02.03 16:22:24.621,7.54072,7.54327,1.69,1.31
2015.02.03 16:22:24.938,7.54082,7.54327,1.00,1.31
2015.02.03 16:22:25.246,7.54092,7.54345,1.50,1.94
2015.02.03 16:22:25.450,7.54082,7.54317,1.69,1.12
2015.02.03 16:22:26.318,7.54086,7.54339,2.10,1.31
2015.02.03 16:22:26.622,7.54084,7.54326,1.25,1.31
2015.02.03 16:22:26.925,7.54093,7.54333,1.00,1.94
2015.02.03 16:22:27.240,7.54083,7.54341,1.19,1.31
2015.02.03 16:22:27.292,7.5409,7.54333,2.29,1.94
2015.02.03 16:22:27.393,7.54083,7.54341,1.19,1.31
2015.02.03 16:22:27.545,7.54092,7.54342,1.00,1.31
2015.02.03 16:22:27.849,7.54112,7.54351,1.00,1.94
2015.02.03 16:22:28.195,7.54102,7.54351,1.50,1.94
2015.02.03 16:22:28.555,7.54092,7.5432,1.50,1.12
2015.02.03 16:22:28.606,7.54092,7.54315,1.50,1.12
2015.02.03 16:22:28.954,7.54102,7.54315,1.00,1.12
2015.02.03 16:22:29.005,7.54092,7.54315,1.50,1.12
2015.02.03 16:22:29.683,7.54102,7.54315,1.00,1.12
2015.02.03 16:22:30.656,7.54103,7.54315,1.00,1.12
2015.02.03 16:22:30.808,7.54113,7.5435,1.00,1.94
2015.02.03 16:22:31.745,7.54103,7.54341,1.00,1.31
2015.02.03 16:22:31.804,7.54103,7.54341,1.19,1.31
2015.02.03 16:22:33.419,7.54092,7.54335,1.00,1.54
2015.02.03 16:22:33.520,7.54042,7.54316,1.19,1.31
2015.02.03 16:22:33.571,7.54042,7.543,1.19,1.56
2015.02.03 16:22:35.413,7.54062,7.54307,1.00,1.56
2015.02.03 16:22:35.780,7.54053,7.54307,1.19,1.56
2015.02.03 16:22:36.033,7.54073,7.54318,1.00,1.94
2015.02.03 16:22:36.364,7.54082,7.54318,1.00,1.94
2015.02.03 16:22:36.767,7.54072,7.54318,1.00,1.94
2015.02.03 16:22:36.875,7.54062,7.54318,1.50,1.94
2015.02.03 16:22:37.025,7.54072,7.54318,1.00,1.94
2015.02.03 16:22:37.568,7.54075,7.54327,1.00,1.94
2015.02.03 16:22:38.676,7.54063,7.54319,1.79,1.12
2015.02.03 16:22:39.134,7.54107,7.54332,2.10,1.94
2015.02.03 16:22:39.287,7.54107,7.54354,2.10,1.31
2015.02.03 16:22:40.091,7.54112,7.54354,1.00,1.31
2015.02.03 16:22:40.396,7.54132,7.54382,1.00,1.31
2015.02.03 16:22:40.498,7.54143,7.54382,1.00,1.31
2015.02.03 16:22:40.737,7.54162,7.54382,1.00,1.31
2015.02.03 16:22:41.041,7.54182,7.54418,1.00,2.29
2015.02.03 16:22:41.192,7.54172,7.54418,1.00,1.31
2015.02.03 16:22:41.502,7.54182,7.54418,1.00,1.31
2015.02.03 16:22:42.612,7.54192,7.54418,1.00,1.31
2015.02.03 16:22:42.917,7.54182,7.54418,1.00,1.31
2015.02.03 16:22:43.828,7.54183,7.54418,1.00,1.31
2015.02.03 16:22:44.151,7.54192,7.54418,1.00,1.31
2015.02.03 16:22:44.481,7.54202,7.54418,1.00,1.31
2015.02.03 16:22:44.582,7.54202,7.54431,1.00,1.31
2015.02.03 16:22:44.633,7.54202,7.54431,1.60,1.31
2015.02.03 16:22:44.835,7.54202,7.54431,1.00,1.31
2015.02.03 16:22:45.123,7.54192,7.54431,1.00,1.31
2015.02.03 16:22:45.348,7.54212,7.54431,1.00,1.31
2015.02.03 16:22:45.917,7.54203,7.54431,1.00,1.31
2015.02.03 16:22:46.455,7.54212,7.5445,1.00,1.94
2015.02.03 16:22:46.657,7.54232,7.54471,1.00,1.31
2015.02.03 16:22:46.818,7.54232,7.54471,1.00,1.31
2015.02.03 16:22:47.316,7.54222,7.5447,1.00,1.56
2015.02.03 16:22:47.368,7.54232,7.5447,1.00,1.56
2015.02.03 16:22:47.712,7.54242,7.5446,1.00,1.16
2015.02.03 16:22:47.763,7.54232,7.5446,1.00,1.16
2015.02.03 16:22:48.307,7.54212,7.5446,1.00,1.86
2015.02.03 16:22:48.560,7.54232,7.5446,1.00,1.16
2015.02.03 16:22:49.047,7.54245,7.54488,2.10,1.94
2015.02.03 16:22:49.250,7.54243,7.54497,1.00,1.31
2015.02.03 16:22:49.667,7.54252,7.54497,1.00,1.31
2015.02.03 16:22:49.800,7.54252,7.54497,1.00,1.31
2015.02.03 16:22:50.207,7.54262,7.54509,1.00,1.31
2015.02.03 16:22:50.460,7.54272,7.54524,1.00,1.94
2015.02.03 16:22:50.511,7.54282,7.54524,1.00,1.94
2015.02.03 16:22:50.967,7.54292,7.54524,1.00,1.94
2015.02.03 16:22:51.633,7.54272,7.54504,1.00,1.16
2015.02.03 16:22:51.856,7.54272,7.54494,1.00,1.35
2015.02.03 16:22:52.160,7.54282,7.54515,1.00,1.31
2015.02.03 16:22:52.847,7.54263,7.54522,1.19,1.94
2015.02.03 16:22:52.898,7.54263,7.54508,1.00,1.12
2015.02.03 16:22:53.522,7.54263,7.54537,1.37,1.87
2015.02.03 16:22:53.776,7.54282,7.54537,1.00,1.87
2015.02.03 16:22:54.918,7.54293,7.54537,1.00,1.12
2015.02.03 16:22:55.170,7.54282,7.54537,1.00,1.12
2015.02.03 16:22:59.202,7.54283,7.54534,1.00,1.12
2015.02.03 16:22:59.894,7.54282,7.54534,1.00,1.12
2015.02.03 16:23:00.013,7.54302,7.54534,1.00,1.12
2015.02.03 16:23:01.030,7.54302,7.54547,1.60,1.31
2015.02.03 16:23:01.334,7.54357,7.54551,2.10,1.12
2015.02.03 16:23:01.536,7.54357,7.54558,2.10,1.12
2015.02.03 16:23:01.902,7.54302,7.54523,1.00,1.01
2015.02.03 16:23:01.953,7.54289,7.54523,2.10,1.01
2015.02.03 16:23:02.054,7.5426,7.54523,1.00,1.01
2015.02.03 16:23:02.105,7.54313,7.54525,2.10,1.31
2015.02.03 16:23:02.206,7.54313,7.54532,2.10,1.50
2015.02.03 16:23:02.308,7.54313,7.54549,2.10,1.12
2015.02.03 16:23:02.563,7.54313,7.54549,2.10,1.12
2015.02.03 16:23:03.122,7.54313,7.54578,2.10,1.87
2015.02.03 16:23:04.108,7.54313,7.54556,2.10,1.37
2015.02.03 16:23:08.264,7.54294,7.54537,1.00,1.37
2015.02.03 16:23:08.318,7.54276,7.54537,2.10,1.37
2015.02.03 16:23:08.471,7.54276,7.54508,2.10,1.07
2015.02.03 16:23:08.522,7.54262,7.54508,1.75,1.07
2015.02.03 16:23:08.574,7.5422,7.54458,1.35,1.00
2015.02.03 16:23:08.625,7.54208,7.54458,2.10,1.75
2015.02.03 16:23:08.727,7.54208,7.54455,2.10,1.12
2015.02.03 16:23:10.362,7.54239,7.54465,2.10,1.75
2015.02.03 16:23:10.564,7.54239,7.54481,2.10,2.25
2015.02.03 16:23:10.797,7.54239,7.54481,2.10,1.45
2015.02.03 16:23:14.573,7.54213,7.54466,1.00,1.82
2015.02.03 16:23:14.725,7.54197,7.5444,2.10,1.00
2015.02.03 16:23:14.776,7.54174,7.5444,1.00,1.82
2015.02.03 16:23:15.009,7.54186,7.5444,2.10,1.82
2015.02.03 16:23:16.068,7.54186,7.54433,2.10,1.87
2015.02.03 16:23:18.411,7.5424,7.5444,2.10,1.37
2015.02.03 16:23:18.613,7.5424,7.54486,2.10,1.69
2015.02.03 16:23:18.714,7.5424,7.54486,2.10,1.69
2015.02.03 16:23:23.790,7.54222,7.54445,1.00,1.75
2015.02.03 16:23:23.892,7.54194,7.54438,1.00,1.75
2015.02.03 16:23:23.943,7.54173,7.54424,2.10,1.00
2015.02.03 16:23:23.994,7.54173,7.54417,2.10,1.12
2015.02.03 16:23:24.444,7.54173,7.54412,2.10,1.12
2015.02.03 16:23:25.560,7.54173,7.5442,2.10,1.37
2015.02.03 16:23:26.517,7.54206,7.54423,2.10,1.12
2015.02.03 16:23:26.886,7.54172,7.54426,2.10,1.75
2015.02.03 16:23:29.397,7.54186,7.54432,2.10,1.12
2015.02.03 16:23:29.498,7.54202,7.54447,1.00,1.12
2015.02.03 16:23:29.600,7.54202,7.54452,1.00,1.75
2015.02.03 16:23:30.501,7.54198,7.54452,1.00,1.75
2015.02.03 16:23:31.182,7.54246,7.54452,2.10,1.75
2015.02.03 16:23:31.586,7.54203,7.54452,1.00,1.75
2015.02.03 16:23:31.939,7.54213,7.54452,1.00,1.75
2015.02.03 16:23:32.245,7.54203,7.54452,1.00,1.12
2015.02.03 16:23:32.798,7.54202,7.54452,1.00,1.12
2015.02.03 16:23:33.227,7.54211,7.54452,1.00,1.12
2015.02.03 16:23:36.315,7.54211,7.54409,1.00,1.82
2015.02.03 16:23:36.619,7.54211,7.54426,1.00,1.12
2015.02.03 16:23:36.772,7.54211,7.54426,1.00,1.12
2015.02.03 16:23:36.925,7.54173,7.54426,1.60,1.12
2015.02.03 16:23:37.487,7.54187,7.54439,1.00,1.12
2015.02.03 16:23:37.615,7.54187,7.54439,1.00,1.12
2015.02.03 16:23:38.076,7.54187,7.54444,1.00,1.12
2015.02.03 16:23:38.127,7.54192,7.54444,1.00,1.12
2015.02.03 16:23:38.748,7.54203,7.54444,1.00,1.12
2015.02.03 16:23:39.594,7.54203,7.54464,1.00,1.82
2015.02.03 16:23:39.645,7.54203,7.54464,1.00,1.82
2015.02.03 16:23:39.746,7.54212,7.54464,1.00,1.82
2015.02.03 16:23:40.050,7.54242,7.5447,1.00,1.75
2015.02.03 16:23:40.396,7.54262,7.54484,1.00,1.75
2015.02.03 16:23:40.447,7.54262,7.54484,1.00,1.75
2015.02.03 16:23:40.548,7.54262,7.54484,1.00,1.00
2015.02.03 16:23:40.599,7.54314,7.54484,2.10,1.00
2015.02.03 16:23:40.700,7.54314,7.54563,2.10,2.05
2015.02.03 16:23:40.751,7.54314,7.54563,2.10,2.05
2015.02.03 16:23:40.953,7.54287,7.54631,1.00,1.30
2015.02.03 16:23:41.004,7.54316,7.54631,1.00,1.30
2015.02.03 16:23:41.316,7.54371,7.54741,1.90,1.00
2015.02.03 16:23:41.483,7.54371,7.5475,2.32,1.07
2015.02.03 16:23:41.534,7.54371,7.54747,2.32,1.00
2015.02.03 16:23:41.838,7.54386,7.54718,1.60,1.00
2015.02.03 16:23:41.990,7.54382,7.54728,1.60,1.00
2015.02.03 16:23:42.144,7.54382,7.54748,1.60,1.00
2015.02.03 16:23:42.256,7.54389,7.54758,1.60,1.00
2015.02.03 16:23:42.616,7.54436,7.54758,1.00,1.00
2015.02.03 16:23:42.667,7.54436,7.54768,1.00,1.00
2015.02.03 16:23:42.869,7.54436,7.54766,1.00,1.00
2015.02.03 16:23:42.920,7.54388,7.54766,1.60,1.00
2015.02.03 16:23:42.970,7.54398,7.54758,1.35,1.00
2015.02.03 16:23:43.625,7.54398,7.54758,1.35,1.00
2015.02.03 16:23:43.676,7.54398,7.54748,1.35,1.00
2015.02.03 16:23:45.292,7.54398,7.54738,1.35,1.00
2015.02.03 16:23:45.804,7.54398,7.54748,1.35,1.00
2015.02.03 16:23:45.936,7.54398,7.54758,1.35,1.00
2015.02.03 16:23:46.180,7.54398,7.54748,1.35,1.00
2015.02.03 16:23:48.277,7.54398,7.54744,1.35,1.00
2015.02.03 16:23:48.738,7.54373,7.54744,2.10,1.00
2015.02.03 16:23:48.840,7.54366,7.54702,2.10,2.05
2015.02.03 16:23:49.187,7.54366,7.54646,2.10,1.00
2015.02.03 16:23:49.288,7.54366,7.54652,2.10,1.00
2015.02.03 16:23:52.458,7.54366,7.54658,2.10,1.00
2015.02.03 16:24:03.143,7.54366,7.5466,2.10,1.00
2015.02.03 16:24:07.438,7.54317,7.5466,1.50,1.00
2015.02.03 16:24:07.489,7.54317,7.5466,1.00,1.12
2015.02.03 16:24:07.540,7.54283,7.54638,1.00,1.30
2015.02.03 16:24:07.592,7.54272,7.54638,1.75,1.30
2015.02.03 16:24:07.895,7.54289,7.5463,2.05,1.00
2015.02.03 16:24:07.946,7.54289,7.5465,2.05,1.07
2015.02.03 16:24:07.997,7.54295,7.5465,1.75,1.07
2015.02.03 16:24:08.098,7.54295,7.5467,1.75,1.00
2015.02.03 16:24:08.803,7.54295,7.5467,1.75,1.00
2015.02.03 16:24:12.415,7.54295,7.5467,1.75,1.00
2015.02.03 16:24:12.518,7.54295,7.5467,1.00,1.75
2015.02.03 16:24:12.837,7.54295,7.54604,1.00,1.00
2015.02.03 16:24:13.315,7.54289,7.54604,1.35,1.00
2015.02.03 16:24:16.123,7.54289,7.54597,1.30,1.00
2015.02.03 16:24:16.537,7.54289,7.54611,1.30,1.00
2015.02.03 16:24:17.562,7.54289,7.5463,1.30,1.00
2015.02.03 16:24:17.865,7.54289,7.54636,1.30,1.00
2015.02.03 16:24:17.916,7.54334,7.54636,2.10,1.00
2015.02.03 16:24:17.967,7.54334,7.5465,2.10,1.00
2015.02.03 16:24:19.165,7.54334,7.54636,2.10,1.00
2015.02.03 16:24:19.728,7.54334,7.54642,2.10,1.00
2015.02.03 16:24:20.594,7.54334,7.54639,2.10,1.00
2015.02.03 16:24:22.178,7.54334,7.54648,2.85,1.00
2015.02.03 16:24:23.129,7.54334,7.54644,2.85,1.00
2015.02.03 16:24:23.281,7.54334,7.54661,2.85,1.00
2015.02.03 16:24:23.535,7.54342,7.54661,2.05,1.00
2015.02.03 16:24:24.115,7.54342,7.54653,2.05,1.00
2015.02.03 16:24:24.238,7.54342,7.54653,2.05,1.00
2015.02.03 16:24:24.655,7.54342,7.54653,1.30,1.00
2015.02.03 16:24:25.592,7.54342,7.54657,1.30,1.00
2015.02.03 16:24:25.742,7.54342,7.54657,2.05,1.00
2015.02.03 16:24:26.155,7.54342,7.54657,1.30,1.00
2015.02.03 16:24:26.205,7.54342,7.54645,1.30,1.00
2015.02.03 16:24:27.089,7.54342,7.54639,1.30,1.00
2015.02.03 16:24:27.519,7.54342,7.54637,1.30,1.00
2015.02.03 16:24:28.048,7.54322,7.54637,2.05,1.00
2015.02.03 16:24:28.099,7.54283,7.54598,1.00,1.00
2015.02.03 16:24:28.150,7.54274,7.54598,1.30,1.00
2015.02.03 16:24:28.203,7.54254,7.54565,2.05,1.00
2015.02.03 16:24:28.254,7.54254,7.54565,1.67,1.00
2015.02.03 16:24:28.407,7.54234,7.54546,1.75,1.00
2015.02.03 16:24:28.988,7.54231,7.54539,1.35,1.00
2015.02.03 16:24:29.355,7.54209,7.54539,2.27,1.00
2015.02.03 16:24:31.156,7.54209,7.54538,2.27,1.00
2015.02.03 16:24:31.206,7.54231,7.54538,1.35,1.00
2015.02.03 16:24:31.308,7.54231,7.54553,1.35,1.00
2015.02.03 16:24:31.510,7.54231,7.54571,1.35,1.00
2015.02.03 16:24:32.165,7.54251,7.54571,1.75,1.00
2015.02.03 16:24:32.513,7.54251,7.54568,1.75,1.00
2015.02.03 16:24:32.627,7.54251,7.54571,1.75,1.00
2015.02.03 16:24:33.049,7.54251,7.54578,1.75,1.50
2015.02.03 16:24:33.176,7.54251,7.54578,1.75,1.00
2015.02.03 16:24:33.361,7.54251,7.54584,1.75,1.00
2015.02.03 16:24:34.370,7.54251,7.5457,1.75,1.00
2015.02.03 16:24:35.110,7.54251,7.5457,1.75,1.00
2015.02.03 16:24:35.161,7.54251,7.54563,1.75,1.00
2015.02.03 16:24:35.212,7.54251,7.54563,1.75,1.00
2015.02.03 16:24:35.262,7.54251,7.5455,1.75,1.00
2015.02.03 16:24:35.313,7.54251,7.5455,1.37,1.00
2015.02.03 16:24:36.019,7.54231,7.54548,1.35,1.00
2015.02.03 16:24:36.349,7.54231,7.54528,1.35,1.00
2015.02.03 16:24:36.725,7.54231,7.54518,1.35,1.00
2015.02.03 16:24:37.223,7.54231,7.54528,1.35,1.00
2015.02.03 16:24:37.671,7.54231,7.54538,1.35,1.00
2015.02.03 16:24:37.938,7.54231,7.54527,1.35,1.00
2015.02.03 16:24:38.143,7.54231,7.54538,1.35,1.50
2015.02.03 16:24:38.685,7.54231,7.54538,1.35,1.50
2015.02.03 16:24:38.811,7.54218,7.54528,1.35,1.00
2015.02.03 16:24:39.115,7.54218,7.54505,1.35,1.00
2015.02.03 16:24:41.734,7.54209,7.54498,2.27,1.00
2015.02.03 16:24:41.961,7.54209,7.54505,2.27,1.00
2015.02.03 16:24:42.042,7.54209,7.54498,2.27,1.00
2015.02.03 16:24:42.146,7.54209,7.54505,2.27,1.00
2015.02.03 16:24:42.300,7.54224,7.54512,1.35,1.00
2015.02.03 16:24:42.716,7.54224,7.54525,1.35,1.00
2015.02.03 16:24:42.817,7.54224,7.54518,1.35,1.00
2015.02.03 16:24:43.131,7.54231,7.54525,1.35,1.00
2015.02.03 16:24:43.182,7.54231,7.54528,1.35,1.00
2015.02.03 16:24:43.233,7.54231,7.54531,1.35,1.00
2015.02.03 16:24:43.283,7.54231,7.54551,1.35,1.00
2015.02.03 16:24:43.740,7.54231,7.54543,1.35,1.00
2015.02.03 16:24:44.184,7.54231,7.54537,1.35,1.00
2015.02.03 16:24:44.336,7.54231,7.54537,1.35,1.00
2015.02.03 16:24:45.014,7.54231,7.54548,1.35,1.00
2015.02.03 16:24:45.116,7.54231,7.5455,1.35,1.00
2015.02.03 16:24:45.374,7.54231,7.54548,1.35,1.00
2015.02.03 16:24:45.679,7.54231,7.5455,1.35,1.00
2015.02.03 16:24:46.444,7.54231,7.54538,1.35,1.00
2015.02.03 16:24:47.241,7.54209,7.54527,1.90,1.00
2015.02.03 16:24:47.343,7.54209,7.54491,1.90,1.00
2015.02.03 16:24:47.444,7.54209,7.54491,1.30,1.00
2015.02.03 16:24:47.715,7.5419,7.54491,1.35,1.00
2015.02.03 16:24:47.890,7.54183,7.54476,1.35,1.00
2015.02.03 16:24:48.231,7.54183,7.54473,1.35,1.00
2015.02.03 16:24:48.579,7.54179,7.54399,1.00,1.00
2015.02.03 16:24:48.882,7.5403,7.54348,1.60,1.00
2015.02.03 16:24:48.984,7.5403,7.54312,1.60,1.00
2015.02.03 16:24:49.309,7.54008,7.54308,2.10,1.00
2015.02.03 16:24:49.360,7.54008,7.54311,2.10,1.00
2015.02.03 16:24:49.563,7.54008,7.54316,2.10,1.00
2015.02.03 16:24:50.258,7.54008,7.54294,2.10,1.00
2015.02.03 16:24:50.544,7.54008,7.54303,2.10,1.00
2015.02.03 16:24:50.696,7.54008,7.54296,2.10,1.00
2015.02.03 16:24:51.215,7.54008,7.54308,2.10,1.00
2015.02.03 16:24:51.316,7.54023,7.54321,1.60,1.00
2015.02.03 16:24:51.468,7.54023,7.54323,1.60,1.00
2015.02.03 16:24:52.674,7.54031,7.54323,1.35,1.00
2015.02.03 16:24:53.094,7.54031,7.54329,1.35,1.00
2015.02.03 16:24:53.195,7.54027,7.54333,1.35,1.00
2015.02.03 16:24:53.296,7.54023,7.5433,1.97,1.00
2015.02.03 16:24:53.599,7.54031,7.54313,1.35,1.00
2015.02.03 16:24:53.650,7.54031,7.54323,1.35,1.00
2015.02.03 16:24:54.208,7.54031,7.54318,1.35,1.00
2015.02.03 16:24:54.417,7.54031,7.54324,1.35,1.00
2015.02.03 16:24:54.921,7.54025,7.54324,1.35,1.00
2015.02.03 16:24:54.972,7.54035,7.5433,1.35,1.00
2015.02.03 16:24:55.484,7.54026,7.5433,1.35,1.00
2015.02.03 16:24:55.824,7.54026,7.54311,1.35,1.00
2015.02.03 16:24:56.297,7.54023,7.54316,1.60,1.00
2015.02.03 16:24:56.348,7.54023,7.54316,1.00,1.00
2015.02.03 16:24:56.399,7.54001,7.54316,1.30,1.00
2015.02.03 16:24:56.500,7.53981,7.54264,1.00,1.00
2015.02.03 16:24:56.803,7.53967,7.54231,1.30,1.00
2015.02.03 16:24:57.255,7.53967,7.54226,1.30,1.00
2015.02.03 16:24:57.421,7.53947,7.54226,1.30,1.00
2015.02.03 16:24:57.472,7.53936,7.54226,1.00,1.00
2015.02.03 16:24:58.574,7.53936,7.54213,1.00,1.00
2015.02.03 16:24:59.237,7.53936,7.54206,1.00,1.00
2015.02.03 16:24:59.505,7.53911,7.54206,1.67,1.00
2015.02.03 16:24:59.556,7.53891,7.54197,2.05,1.00
2015.02.03 16:24:59.607,7.53882,7.54197,1.69,1.00
2015.02.03 16:24:59.657,7.53871,7.54138,1.00,1.00
2015.02.03 16:24:59.759,7.53871,7.5416,1.00,1.00
2015.02.03 16:24:59.911,7.53871,7.54145,1.00,1.00
2015.02.03 16:25:00.013,7.53854,7.54145,1.30,1.00
2015.02.03 16:25:00.165,7.53854,7.54152,1.67,1.00
2015.02.03 16:25:00.444,7.53854,7.54167,1.67,1.00
2015.02.03 16:25:01.421,7.53868,7.54167,1.00,1.00
2015.02.03 16:25:01.724,7.53868,7.54167,1.50,1.00
2015.02.03 16:25:01.876,7.53868,7.54178,1.50,1.00
2015.02.03 16:25:03.411,7.53868,7.54178,1.75,1.00
2015.02.03 16:25:03.462,7.53884,7.54193,1.67,1.00
2015.02.03 16:25:03.512,7.53884,7.54193,2.05,1.00
2015.02.03 16:25:04.078,7.53908,7.54208,1.75,1.00
2015.02.03 16:25:04.396,7.53943,7.54232,1.35,1.07
2015.02.03 16:25:04.446,7.53943,7.54246,1.35,1.00
2015.02.03 16:25:04.735,7.53943,7.54257,1.35,1.50
2015.02.03 16:25:04.786,7.53944,7.54257,1.35,1.50
2015.02.03 16:25:05.090,7.53944,7.54268,1.35,1.00
2015.02.03 16:25:05.191,7.53968,7.54286,1.75,1.07
2015.02.03 16:25:05.292,7.53968,7.54289,1.75,1.00
2015.02.03 16:25:05.665,7.53968,7.54297,1.75,1.00
2015.02.03 16:25:06.056,7.53968,7.54272,1.75,1.00
2015.02.03 16:25:06.107,7.53968,7.54272,1.75,1.00
2015.02.03 16:25:06.208,7.53968,7.54257,1.75,1.00
2015.02.03 16:25:06.416,7.53968,7.54288,1.75,1.07
2015.02.03 16:25:06.531,7.53968,7.54276,1.75,1.00
2015.02.03 16:25:06.633,7.53968,7.54288,1.75,1.50
2015.02.03 16:25:06.734,7.53968,7.54298,1.75,1.00
2015.02.03 16:25:06.836,7.54013,7.54323,1.75,1.07
2015.02.03 16:25:06.937,7.54013,7.54328,1.75,1.07
2015.02.03 16:25:07.241,7.5406,7.5435,1.35,1.37
2015.02.03 16:25:07.495,7.5405,7.54337,1.60,1.00
2015.02.03 16:25:08.077,7.53987,7.54298,2.24,1.00
2015.02.03 16:25:08.128,7.53972,7.54298,1.00,1.00
2015.02.03 16:25:08.178,7.53971,7.54261,1.00,1.00
2015.02.03 16:25:08.485,7.53939,7.54237,1.30,1.00
2015.02.03 16:25:08.586,7.53939,7.54244,1.30,1.07
2015.02.03 16:25:08.890,7.54016,7.54267,2.10,1.37
2015.02.03 16:25:08.941,7.54016,7.54313,2.85,1.12
2015.02.03 16:25:09.042,7.54016,7.54313,2.85,1.07
2015.02.03 16:25:09.555,7.54022,7.54308,1.75,1.00
2015.02.03 16:25:09.656,7.54022,7.54318,1.75,1.07
2015.02.03 16:25:09.798,7.54022,7.54328,1.75,1.00
2015.02.03 16:25:09.849,7.54074,7.54328,2.10,1.00
2015.02.03 16:25:09.900,7.54074,7.54337,2.10,1.57
2015.02.03 16:25:10.052,7.54074,7.54348,2.10,1.00
2015.02.03 16:25:10.473,7.54074,7.54363,2.10,1.07
2015.02.03 16:25:10.728,7.54086,7.54383,1.35,1.00
2015.02.03 16:25:11.406,7.54074,7.54378,2.47,1.00
2015.02.03 16:25:11.707,7.54074,7.54369,2.10,1.00
2015.02.03 16:25:12.018,7.54074,7.5435,2.10,1.00
2015.02.03 16:25:12.069,7.54059,7.5435,1.00,1.00
2015.02.03 16:25:12.120,7.54057,7.5433,1.30,1.00
2015.02.03 16:25:12.170,7.5403,7.5433,1.75,1.00
2015.02.03 16:25:12.221,7.5403,7.5433,1.75,1.00
2015.02.03 16:25:12.617,7.54068,7.5435,1.60,1.00
2015.02.03 16:25:13.335,7.54071,7.54368,1.35,1.07
2015.02.03 16:25:13.657,7.54071,7.54376,1.35,1.00
2015.02.03 16:25:13.725,7.54101,7.54376,1.00,1.00
2015.02.03 16:25:13.776,7.54101,7.54378,1.00,1.00
2015.02.03 16:25:13.827,7.54101,7.54396,1.00,1.07
2015.02.03 16:25:13.979,7.54114,7.54408,1.30,1.07
2015.02.03 16:25:14.029,7.54143,7.54448,1.00,1.87
2015.02.03 16:25:14.131,7.54155,7.54448,1.35,1.07
2015.02.03 16:25:14.347,7.54155,7.54448,1.35,1.00
2015.02.03 16:25:14.451,7.54155,7.54458,1.35,1.00
2015.02.03 16:25:14.503,7.54173,7.54458,1.35,1.00
2015.02.03 16:25:14.553,7.54173,7.54478,1.35,1.07
2015.02.03 16:25:14.604,7.54158,7.54478,1.35,1.07
2015.02.03 16:25:14.655,7.54148,7.54468,2.17,1.00
2015.02.03 16:25:14.757,7.54148,7.54458,2.17,1.00
2015.02.03 16:25:15.306,7.54148,7.54454,2.10,1.00
2015.02.03 16:25:15.609,7.54148,7.54438,2.10,1.00
2015.02.03 16:25:15.922,7.54148,7.54429,2.10,1.00
2015.02.03 16:25:16.023,7.54126,7.54421,1.37,1.00
2015.02.03 16:25:16.074,7.54126,7.54396,1.00,1.00
2015.02.03 16:25:16.226,7.54126,7.54407,1.00,1.00
2015.02.03 16:25:16.328,7.54126,7.54408,1.60,1.37
2015.02.03 16:25:16.429,7.54126,7.54418,1.97,1.07
2015.02.03 16:25:16.480,7.5417,7.54418,2.10,1.07
2015.02.03 16:25:16.631,7.5417,7.54418,2.10,1.00
2015.02.03 16:25:16.760,7.5417,7.54418,2.10,1.07
2015.02.03 16:25:17.125,7.5417,7.54398,2.10,1.00
2015.02.03 16:25:17.227,7.5417,7.54408,2.10,1.57
2015.02.03 16:25:17.573,7.5417,7.54398,2.10,1.00
2015.02.03 16:25:18.387,7.5417,7.54388,2.10,1.00
2015.02.03 16:25:18.438,7.54126,7.54388,1.00,1.00
2015.02.03 16:25:18.489,7.54126,7.54383,1.00,1.00
2015.02.03 16:25:18.540,7.54087,7.54383,1.75,1.00
2015.02.03 16:25:18.742,7.54087,7.54388,1.75,1.07
2015.02.03 16:25:18.794,7.54087,7.54388,1.75,1.07
2015.02.03 16:25:19.100,7.54123,7.54408,1.37,1.37
2015.02.03 16:25:19.151,7.54123,7.54408,1.37,1.00
2015.02.03 16:25:19.202,7.54123,7.54428,1.75,1.00
2015.02.03 16:25:19.506,7.54195,7.54448,2.10,1.00
2015.02.03 16:25:19.620,7.54195,7.54458,2.10,1.00
2015.02.03 16:25:19.935,7.54195,7.54448,2.10,1.00
2015.02.03 16:25:20.037,7.54195,7.54457,2.10,1.00
2015.02.03 16:25:20.367,7.54195,7.54448,2.10,1.00
2015.02.03 16:25:20.765,7.54195,7.54458,2.10,1.00
2015.02.03 16:25:21.288,7.54195,7.54448,2.10,1.00
2015.02.03 16:25:21.592,7.54195,7.54438,2.10,1.00
2015.02.03 16:25:21.643,7.54134,7.54438,1.50,1.00
2015.02.03 16:25:21.795,7.54134,7.54438,1.75,1.00
2015.02.03 16:25:22.128,7.54134,7.54447,1.75,1.00
2015.02.03 16:25:22.398,7.5417,7.54447,1.00,1.00
2015.02.03 16:25:22.499,7.5417,7.54438,1.00,1.00
2015.02.03 16:25:22.948,7.5417,7.54448,1.00,1.00
2015.02.03 16:25:22.999,7.54177,7.54448,1.30,1.00
2015.02.03 16:25:23.432,7.54177,7.54458,1.30,1.00
2015.02.03 16:25:24.169,7.54177,7.54438,1.30,1.00
2015.02.03 16:25:24.473,7.54177,7.54427,1.30,1.00
2015.02.03 16:25:24.985,7.54177,7.54438,1.30,1.00
2015.02.03 16:25:25.036,7.54177,7.54438,1.90,1.00
2015.02.03 16:25:25.239,7.54177,7.54448,1.90,1.00
2015.02.03 16:25:25.341,7.54177,7.54438,1.90,1.00
2015.02.03 16:25:25.775,7.54177,7.54427,1.90,1.00
2015.02.03 16:25:26.459,7.54178,7.54438,1.35,1.00
2015.02.03 16:25:26.560,7.54178,7.54458,1.35,1.00
2015.02.03 16:25:26.661,7.54178,7.54468,1.35,1.00
2015.02.03 16:25:27.715,7.54178,7.54457,1.35,1.00
2015.02.03 16:25:28.304,7.54178,7.54467,1.35,1.00
2015.02.03 16:25:28.864,7.54178,7.54458,1.35,1.00
2015.02.03 16:25:29.244,7.54177,7.54458,2.05,1.00
2015.02.03 16:25:29.447,7.54177,7.54458,1.30,1.00
2015.02.03 16:25:29.784,7.54177,7.54448,1.30,1.00
2015.02.03 16:25:31.380,7.54177,7.54437,1.30,1.00
2015.02.03 16:25:31.817,7.54133,7.54437,1.00,1.07
2015.02.03 16:25:31.919,7.54153,7.54437,1.67,1.07
2015.02.03 16:25:32.222,7.54153,7.54427,1.30,1.00
2015.02.03 16:25:32.538,7.54133,7.54408,1.72,1.00
2015.02.03 16:25:32.807,7.54133,7.54418,1.00,1.00
2015.02.03 16:25:32.866,7.54133,7.54408,1.00,1.00
2015.02.03 16:25:33.926,7.54133,7.54407,1.00,1.00
2015.02.03 16:25:34.027,7.54146,7.54427,1.30,1.00
2015.02.03 16:25:34.128,7.54146,7.54438,2.05,1.00
2015.02.03 16:25:34.618,7.54146,7.54448,2.05,1.00
2015.02.03 16:25:34.721,7.54146,7.54438,2.05,1.00
2015.02.03 16:25:35.325,7.54146,7.54438,1.30,1.00
2015.02.03 16:25:35.376,7.54146,7.54418,1.30,1.00
2015.02.03 16:25:35.656,7.54146,7.54428,1.30,1.00
2015.02.03 16:25:35.916,7.54146,7.54428,1.67,1.00
2015.02.03 16:25:36.206,7.54146,7.54458,2.05,1.10
2015.02.03 16:25:36.257,7.54191,7.54458,1.37,1.10
2015.02.03 16:25:37.415,7.54191,7.54468,1.37,1.00
2015.02.03 16:25:38.022,7.54191,7.54458,1.37,1.00
2015.02.03 16:25:38.126,7.54191,7.54468,1.37,1.00
2015.02.03 16:25:38.638,7.54191,7.54458,1.37,1.00
2015.02.03 16:25:38.946,7.54191,7.54458,1.00,1.00
2015.02.03 16:25:39.066,7.54191,7.54448,1.00,1.00
2015.02.03 16:25:39.200,7.54191,7.54457,1.00,1.00
2015.02.03 16:25:39.302,7.54191,7.54447,1.00,1.00
2015.02.03 16:25:39.403,7.54191,7.54458,1.37,1.00
2015.02.03 16:25:40.290,7.54187,7.54468,1.75,1.00
2015.02.03 16:25:40.552,7.54187,7.54468,1.75,1.00
2015.02.03 16:25:41.303,7.54187,7.54458,1.75,1.00
2015.02.03 16:25:41.610,7.54187,7.54468,1.75,1.00
2015.02.03 16:25:42.258,7.54187,7.54468,1.75,1.00
2015.02.03 16:25:42.367,7.54215,7.54488,1.35,1.00
2015.02.03 16:25:42.468,7.54215,7.54498,1.35,1.00
2015.02.03 16:25:43.716,7.54222,7.54508,1.37,1.00
2015.02.03 16:25:43.918,7.54222,7.54518,1.37,1.00
2015.02.03 16:25:44.025,7.54222,7.54508,1.37,1.00
2015.02.03 16:25:44.329,7.54222,7.54461,1.37,1.00
2015.02.03 16:25:44.633,7.54101,7.54429,1.50,1.37
2015.02.03 16:25:44.684,7.54101,7.54409,1.50,1.12
2015.02.03 16:25:46.767,7.54097,7.54387,1.35,1.00
2015.02.03 16:25:47.205,7.54084,7.54368,1.90,1.00
2015.02.03 16:25:47.306,7.54038,7.54348,1.00,1.00
2015.02.03 16:25:47.458,7.54038,7.54341,1.00,1.37
2015.02.03 16:25:47.762,7.53999,7.54313,1.60,1.37
2015.02.03 16:25:49.168,7.53999,7.54288,1.60,1.00
2015.02.03 16:25:49.736,7.53987,7.54287,1.60,1.00
2015.02.03 16:25:49.838,7.53987,7.54278,1.00,1.00
2015.02.03 16:25:49.939,7.53987,7.54257,1.00,1.00
2015.02.03 16:25:50.041,7.53938,7.54257,1.37,1.07
2015.02.03 16:25:50.091,7.53938,7.54241,1.37,1.07
2015.02.03 16:25:50.832,7.53938,7.54228,1.00,1.00
2015.02.03 16:25:50.948,7.53938,7.54234,1.60,1.07
2015.02.03 16:25:51.049,7.53922,7.54188,1.30,1.00
2015.02.03 16:25:51.100,7.53903,7.54188,1.30,1.00
2015.02.03 16:25:51.151,7.53884,7.54188,1.37,1.00
2015.02.03 16:25:51.303,7.53884,7.54174,1.00,1.00
2015.02.03 16:25:51.505,7.53884,7.54184,1.00,1.00
2015.02.03 16:25:52.148,7.53884,7.54197,1.00,1.07
2015.02.03 16:25:52.198,7.53884,7.54197,1.75,1.07
2015.02.03 16:25:52.401,7.53902,7.54228,1.75,1.00
2015.02.03 16:25:52.452,7.53892,7.54238,1.75,1.07
2015.02.03 16:25:52.557,7.53884,7.54228,1.75,1.00
2015.02.03 16:25:52.935,7.53933,7.54228,1.00,1.00
2015.02.03 16:25:52.986,7.53933,7.54237,1.00,1.07
2015.02.03 16:25:53.037,7.53933,7.54237,1.75,1.07
2015.02.03 16:25:53.358,7.53973,7.54267,1.60,1.37
2015.02.03 16:25:53.510,7.53975,7.54258,1.35,1.10
2015.02.03 16:25:55.126,7.53973,7.54248,1.60,1.00
2015.02.03 16:25:55.236,7.53973,7.54248,1.37,1.07
2015.02.03 16:25:55.603,7.53973,7.54248,1.00,1.07
2015.02.03 16:25:57.885,7.53973,7.54234,1.00,1.00
2015.02.03 16:25:58.037,7.53943,7.54228,1.37,1.37
2015.02.03 16:25:58.139,7.53943,7.54228,1.75,1.37
2015.02.03 16:25:58.240,7.53943,7.54228,1.75,1.00
2015.02.03 16:25:59.998,7.53943,7.54234,1.75,1.00
2015.02.03 16:26:00.415,7.53943,7.54234,1.75,1.00
2015.02.03 16:26:00.631,7.53943,7.54234,1.75,1.00
2015.02.03 16:26:00.962,7.53943,7.54234,1.75,1.00
2015.02.03 16:26:01.638,7.53943,7.54227,1.75,1.00
2015.02.03 16:26:02.924,7.53943,7.54234,1.75,1.07
2015.02.03 16:26:03.229,7.54016,7.54234,1.35,1.00
2015.02.03 16:26:03.280,7.54006,7.54318,1.35,1.37
2015.02.03 16:26:03.935,7.54011,7.54287,1.60,1.00
2015.02.03 16:26:04.036,7.54011,7.54298,1.60,1.07
2015.02.03 16:26:04.410,7.54011,7.54287,1.60,1.00
2015.02.03 16:26:04.608,7.54011,7.54297,1.60,1.07
2015.02.03 16:26:04.919,7.54011,7.54288,1.60,1.00
2015.02.03 16:26:05.225,7.54011,7.54288,1.00,1.00
2015.02.03 16:26:05.276,7.54011,7.54268,1.00,1.00
2015.02.03 16:26:05.605,7.54011,7.54274,1.00,1.37
2015.02.03 16:26:06.132,7.53926,7.54238,1.19,1.00
2015.02.03 16:26:06.183,7.53926,7.54238,1.37,1.00
2015.02.03 16:26:06.234,7.53926,7.54225,1.37,1.07
2015.02.03 16:26:06.557,7.53926,7.54224,1.37,1.07
2015.02.03 16:26:06.862,7.53907,7.54209,1.00,1.12
2015.02.03 16:26:07.251,7.53907,7.54217,1.50,1.37
2015.02.03 16:26:08.105,7.53907,7.54198,1.75,1.07
2015.02.03 16:26:08.408,7.53979,7.54228,1.35,1.75
2015.02.03 16:26:08.792,7.53979,7.54247,1.35,1.75
2015.02.03 16:26:08.895,7.53979,7.54247,1.35,1.75
2015.02.03 16:26:09.276,7.53979,7.54247,1.35,1.75
2015.02.03 16:26:12.083,7.53979,7.54238,1.54,1.00
2015.02.03 16:26:12.211,7.53979,7.54228,1.54,1.00
2015.02.03 16:26:12.520,7.53967,7.54198,1.35,1.00
2015.02.03 16:26:12.834,7.53967,7.54218,1.35,1.12
2015.02.03 16:26:13.733,7.53962,7.54218,1.35,1.00
2015.02.03 16:26:13.955,7.53962,7.54228,1.35,1.00
2015.02.03 16:26:14.485,7.53975,7.54228,1.35,1.00
2015.02.03 16:26:14.875,7.53979,7.54228,1.16,1.00
2015.02.03 16:26:14.976,7.53979,7.54246,1.16,1.00
2015.02.03 16:26:15.078,7.53979,7.54228,1.16,1.00
2015.02.03 16:26:15.406,7.53979,7.54218,1.16,1.00
2015.02.03 16:26:15.726,7.53967,7.54228,1.16,1.00
2015.02.03 16:26:15.903,7.53967,7.54219,1.16,1.00
2015.02.03 16:26:16.169,7.53967,7.54223,1.16,1.00
2015.02.03 16:26:16.695,7.53979,7.54224,1.16,1.00
2015.02.03 16:26:16.894,7.53979,7.54227,1.16,1.00
2015.02.03 16:26:17.115,7.53979,7.54227,1.16,1.00
2015.02.03 16:26:17.228,7.53979,7.54227,1.54,1.00
2015.02.03 16:26:17.454,7.53979,7.54235,1.54,1.00
2015.02.03 16:26:17.703,7.53979,7.54235,1.54,1.75
2015.02.03 16:26:18.006,7.53979,7.54226,1.16,1.00
2015.02.03 16:26:18.253,7.53955,7.54217,1.31,1.00
2015.02.03 16:26:18.433,7.5395,7.54217,1.31,1.50
2015.02.03 16:26:18.721,7.5395,7.54208,1.31,1.00
2015.02.03 16:26:19.202,7.5395,7.54205,1.31,1.00
2015.02.03 16:26:19.534,7.53942,7.5419,1.94,1.00
2015.02.03 16:26:19.849,7.53937,7.54183,1.12,1.00
2015.02.03 16:26:19.900,7.53937,7.54185,1.12,1.00
2015.02.03 16:26:20.002,7.53932,7.54185,1.87,1.00
2015.02.03 16:26:20.195,7.5395,7.54187,1.12,1.00
2015.02.03 16:26:20.303,7.5395,7.54187,1.12,1.00
2015.02.03 16:26:21.544,7.53943,7.54171,1.12,1.00
2015.02.03 16:26:23.346,7.53955,7.54171,1.12,1.00
2015.02.03 16:26:23.498,7.53955,7.54205,1.12,1.00
2015.02.03 16:26:23.549,7.53963,7.54205,1.00,1.00
2015.02.03 16:26:23.854,7.53977,7.54194,1.16,1.00
2015.02.03 16:26:23.956,7.53983,7.54218,1.60,1.00
2015.02.03 16:26:24.511,7.53983,7.54218,1.97,1.00
2015.02.03 16:26:24.732,7.53991,7.54224,2.05,1.00
2015.02.03 16:26:25.034,7.53991,7.54238,2.05,1.00
2015.02.03 16:26:27.434,7.53991,7.54237,2.24,1.00
2015.02.03 16:26:27.634,7.53991,7.54228,2.24,1.00
2015.02.03 16:26:29.974,7.53991,7.54236,1.16,1.00
2015.02.03 16:26:32.184,7.53991,7.5423,1.16,1.00
2015.02.03 16:26:32.430,7.53984,7.5423,1.24,1.00
2015.02.03 16:26:34.713,7.53991,7.54235,1.61,1.00
2015.02.03 16:26:35.437,7.53991,7.54235,1.86,1.00
2015.02.03 16:26:35.488,7.53991,7.54238,1.54,1.50
2015.02.03 16:26:35.925,7.53991,7.54248,1.54,1.00
2015.02.03 16:26:36.897,7.53991,7.54249,1.54,1.00
2015.02.03 16:26:37.049,7.53991,7.54258,1.54,1.00
2015.02.03 16:26:37.363,7.53991,7.54257,1.54,1.00
2015.02.03 16:26:37.667,7.54063,7.54258,2.10,1.00
2015.02.03 16:26:38.176,7.54063,7.54277,2.10,1.00
2015.02.03 16:26:38.277,7.54063,7.54288,2.10,1.00
2015.02.03 16:26:38.455,7.54063,7.54278,2.10,1.00
2015.02.03 16:26:38.552,7.54063,7.54287,2.10,1.00
2015.02.03 16:26:39.681,7.54063,7.54278,2.10,1.00
2015.02.03 16:26:40.507,7.54063,7.54288,2.10,1.00
2015.02.03 16:26:40.609,7.54063,7.54297,2.10,1.00
2015.02.03 16:26:40.761,7.54068,7.54298,1.16,1.00
2015.02.03 16:26:40.862,7.54068,7.54318,1.16,1.00
2015.02.03 16:26:40.963,7.54072,7.54323,1.54,1.00
2015.02.03 16:26:41.014,7.54085,7.54323,2.29,1.00
2015.02.03 16:26:41.871,7.54085,7.54317,2.29,1.00
2015.02.03 16:26:42.125,7.54103,7.54323,1.35,1.00
2015.02.03 16:26:42.226,7.54103,7.54348,1.35,1.19
2015.02.03 16:26:42.328,7.54093,7.54347,1.35,1.19
2015.02.03 16:26:42.378,7.54098,7.54347,1.16,1.00
2015.02.03 16:26:42.429,7.54098,7.54349,1.16,1.00
2015.02.03 16:26:42.797,7.54098,7.54347,1.16,1.00
2015.02.03 16:26:42.926,7.54098,7.54349,1.16,1.00
2015.02.03 16:26:43.448,7.54098,7.54358,1.16,1.00
2015.02.03 16:26:44.015,7.54098,7.54348,1.16,1.00
2015.02.03 16:26:44.222,7.54098,7.54357,1.16,1.00
2015.02.03 16:26:44.454,7.54098,7.54348,1.16,1.00
2015.02.03 16:26:44.504,7.54098,7.54348,1.16,1.00
2015.02.03 16:26:44.762,7.54105,7.54337,1.54,1.50
2015.02.03 16:26:45.667,7.54105,7.54347,1.54,1.00
2015.02.03 16:26:46.056,7.54105,7.54338,1.54,1.00
2015.02.03 16:26:46.106,7.54105,7.54338,1.35,1.00
2015.02.03 16:26:46.208,7.54105,7.54347,1.35,1.00
2015.02.03 16:26:46.520,7.54091,7.54347,1.79,1.00
2015.02.03 16:26:47.692,7.54105,7.54347,1.35,1.00
2015.02.03 16:26:48.272,7.54105,7.54347,1.54,1.00
2015.02.03 16:26:50.148,7.54102,7.54348,1.16,1.00
2015.02.03 16:26:50.992,7.54102,7.54348,1.16,1.07
2015.02.03 16:26:51.353,7.54091,7.54338,1.79,1.00
2015.02.03 16:26:52.128,7.54091,7.54338,1.19,1.00
2015.02.03 16:26:52.230,7.54091,7.54308,1.00,1.00
2015.02.03 16:26:52.280,7.54058,7.54308,1.19,1.00
2015.02.03 16:26:52.331,7.54058,7.54297,1.19,1.00
2015.02.03 16:26:52.811,7.54047,7.54288,1.54,1.00
2015.02.03 16:26:53.974,7.54047,7.54298,1.54,1.00
2015.02.03 16:26:54.688,7.54047,7.54298,1.54,1.00
2015.02.03 16:26:54.924,7.54047,7.54288,1.54,1.00
2015.02.03 16:26:55.025,7.54012,7.54288,1.00,1.75
2015.02.03 16:26:55.076,7.53999,7.54257,1.19,1.00
2015.02.03 16:26:55.379,7.53999,7.54238,1.19,1.00
2015.02.03 16:26:56.536,7.53991,7.54248,1.49,1.07
2015.02.03 16:26:57.130,7.53991,7.54238,1.49,1.00
2015.02.03 16:26:57.562,7.5397,7.54228,1.19,1.00
2015.02.03 16:26:57.900,7.53991,7.54238,2.29,1.87
2015.02.03 16:26:57.951,7.53991,7.54238,2.29,1.50
2015.02.03 16:26:58.070,7.53991,7.54228,2.29,1.00
2015.02.03 16:26:59.390,7.53991,7.54237,2.29,1.00
2015.02.03 16:26:59.605,7.53991,7.54228,2.29,1.50
2015.02.03 16:27:00.195,7.53991,7.54227,2.29,1.00
2015.02.03 16:27:00.708,7.53991,7.54228,2.29,1.50
2015.02.03 16:27:01.420,7.53991,7.54228,2.10,2.25
2015.02.03 16:27:01.572,7.5397,7.54207,1.19,1.57
2015.02.03 16:27:01.623,7.5397,7.54207,1.00,1.57
2015.02.03 16:27:01.674,7.5397,7.54198,1.00,1.00
2015.02.03 16:27:01.725,7.53939,7.54198,1.60,1.00
2015.02.03 16:27:04.042,7.53928,7.54197,2.29,1.00
2015.02.03 16:27:04.734,7.53943,7.54197,1.00,1.00
2015.02.03 16:27:04.785,7.53943,7.54208,1.00,1.50
2015.02.03 16:27:04.835,7.53952,7.54208,1.00,1.50
2015.02.03 16:27:05.182,7.53977,7.54219,2.10,1.00
2015.02.03 16:27:05.673,7.53977,7.54228,2.10,1.00
2015.02.03 16:27:06.104,7.53977,7.54223,2.10,1.00
2015.02.03 16:27:06.415,7.53977,7.54221,2.10,1.00
2015.02.03 16:27:06.632,7.53977,7.54223,2.10,1.00
2015.02.03 16:27:06.756,7.53977,7.54228,2.10,1.87
2015.02.03 16:27:07.206,7.53977,7.54226,2.10,1.00
2015.02.03 16:27:07.530,7.53977,7.54224,2.10,1.00
2015.02.03 16:27:07.929,7.53977,7.5422,2.10,1.00
2015.02.03 16:27:08.191,7.53977,7.54226,2.10,1.00
2015.02.03 16:27:08.300,7.53977,7.54226,2.10,1.75
2015.02.03 16:27:09.621,7.53962,7.54226,1.00,1.00
2015.02.03 16:27:09.671,7.53933,7.54217,1.94,1.00
2015.02.03 16:27:09.773,7.53933,7.54198,1.00,1.00
2015.02.03 16:27:09.823,7.53933,7.54198,1.00,1.37
2015.02.03 16:27:09.874,7.53908,7.54198,1.37,1.37
2015.02.03 16:27:09.925,7.53908,7.54179,1.75,1.00
2015.02.03 16:27:10.026,7.53908,7.54179,1.00,1.00
2015.02.03 16:27:10.128,7.53892,7.54177,1.75,1.00
2015.02.03 16:27:10.179,7.53892,7.5417,1.75,1.00
2015.02.03 16:27:10.666,7.53892,7.5417,1.75,1.07
2015.02.03 16:27:11.146,7.53892,7.54141,1.00,1.00
2015.02.03 16:27:11.197,7.53882,7.54141,1.37,1.00
2015.02.03 16:27:11.399,7.53902,7.54141,1.00,1.00
2015.02.03 16:27:11.575,7.53902,7.54148,1.00,1.00
2015.02.03 16:27:12.127,7.53918,7.54154,1.35,1.00
2015.02.03 16:27:12.229,7.53922,7.54188,1.75,1.00
2015.02.03 16:27:12.446,7.53952,7.54188,1.00,1.00
2015.02.03 16:27:12.498,7.53952,7.54198,1.00,1.00
2015.02.03 16:27:12.608,7.53942,7.54198,1.00,1.00
2015.02.03 16:27:12.958,7.53942,7.54202,1.00,1.00
2015.02.03 16:27:13.043,7.53952,7.54202,1.00,1.00
2015.02.03 16:27:13.366,7.53962,7.54202,1.00,1.00
2015.02.03 16:27:13.417,7.53952,7.54202,1.00,1.00
2015.02.03 16:27:14.144,7.53943,7.54202,1.00,1.00
2015.02.03 16:27:14.557,7.53943,7.54196,1.00,1.00
2015.02.03 16:27:14.809,7.53923,7.54189,1.75,1.00
2015.02.03 16:27:15.232,7.53932,7.54187,1.12,1.00
2015.02.03 16:27:15.742,7.53933,7.54182,1.00,1.00
2015.02.03 16:27:15.793,7.53922,7.54182,1.00,1.00
2015.02.03 16:27:17.162,7.53942,7.54182,1.00,1.00
2015.02.03 16:27:17.213,7.53942,7.54189,1.00,1.10
2015.02.03 16:27:17.985,7.53942,7.54189,1.00,1.19
2015.02.03 16:27:18.883,7.53913,7.54189,1.00,1.19
2015.02.03 16:27:18.984,7.53913,7.54189,1.00,1.94
2015.02.03 16:27:19.136,7.53902,7.54177,1.00,1.37
2015.02.03 16:27:19.187,7.53902,7.5415,1.00,1.00
2015.02.03 16:27:19.238,7.53883,7.5415,1.19,1.00
2015.02.03 16:27:19.289,7.53883,7.5415,1.00,1.19
2015.02.03 16:27:19.340,7.53892,7.5415,1.00,1.19
2015.02.03 16:27:20.284,7.53892,7.54136,1.00,1.00
2015.02.03 16:27:21.158,7.53892,7.54128,1.00,1.00
2015.02.03 16:27:21.816,7.53893,7.54128,1.00,1.00
2015.02.03 16:27:22.122,7.53892,7.5413,1.00,1.00
2015.02.03 16:27:22.392,7.53882,7.5413,1.00,1.00
2015.02.03 16:27:22.611,7.53893,7.5413,1.00,1.00
2015.02.03 16:27:23.033,7.53893,7.54156,1.00,1.94
2015.02.03 16:27:23.084,7.53893,7.54156,1.94,1.00
2015.02.03 16:27:23.135,7.53893,7.54177,1.94,1.19
2015.02.03 16:27:23.186,7.53952,7.54182,1.00,1.19
2015.02.03 16:27:24.178,7.53943,7.54194,1.00,1.19
2015.02.03 16:27:24.776,7.53942,7.5419,1.00,1.19
2015.02.03 16:27:25.179,7.53942,7.5419,1.00,1.19
2015.02.03 16:27:25.351,7.53942,7.54171,1.00,1.00
2015.02.03 16:27:25.402,7.53912,7.54171,1.19,1.00
2015.02.03 16:27:25.453,7.53912,7.54156,1.19,1.00
2015.02.03 16:27:25.777,7.53902,7.54143,1.19,1.00
2015.02.03 16:27:25.982,7.53902,7.54137,1.00,1.00
2015.02.03 16:27:26.185,7.53893,7.54137,1.00,1.00
2015.02.03 16:27:26.287,7.53872,7.54137,1.37,1.00
2015.02.03 16:27:26.539,7.53872,7.54137,1.00,1.00
2015.02.03 16:27:26.733,7.53872,7.54137,1.00,1.75
2015.02.03 16:27:26.937,7.53832,7.54098,1.00,1.00
2015.02.03 16:27:27.038,7.53812,7.54098,1.19,2.47
2015.02.03 16:27:27.255,7.53782,7.54058,1.37,1.19
2015.02.03 16:27:27.357,7.53802,7.54063,1.37,1.26
2015.02.03 16:27:27.616,7.53802,7.54072,1.37,1.00
2015.02.03 16:27:27.718,7.53782,7.54068,1.75,1.00
2015.02.03 16:27:28.023,7.53792,7.54063,1.75,1.07
2015.02.03 16:27:28.074,7.53792,7.54036,1.00,1.00
2015.02.03 16:27:28.124,7.53785,7.53998,1.35,1.00
2015.02.03 16:27:28.226,7.53718,7.53958,1.30,1.00
2015.02.03 16:27:28.277,7.53702,7.53958,1.37,1.00
2015.02.03 16:27:28.379,7.53693,7.53958,1.37,1.00
2015.02.03 16:27:28.430,7.53693,7.53952,1.37,1.00
2015.02.03 16:27:29.045,7.53672,7.53952,1.75,1.19
2015.02.03 16:27:29.096,7.53672,7.53939,1.00,1.75
2015.02.03 16:27:29.147,7.53672,7.53939,1.00,1.94
2015.02.03 16:27:29.299,7.53622,7.53867,1.00,1.56
2015.02.03 16:27:29.350,7.53584,7.53867,1.94,2.06
2015.02.03 16:27:29.401,7.53583,7.53849,1.19,1.00
2015.02.03 16:27:29.704,7.53572,7.53821,1.37,1.19
2015.02.03 16:27:29.755,7.53572,7.53821,1.00,1.19
2015.02.03 16:27:29.806,7.53543,7.53821,1.94,1.19
2015.02.03 16:27:29.857,7.53543,7.53822,1.94,1.19
2015.02.03 16:27:29.908,7.53572,7.53822,1.00,1.19
2015.02.03 16:27:30.256,7.53552,7.5379,1.37,1.00
2015.02.03 16:27:30.359,7.53533,7.5379,1.56,1.00
2015.02.03 16:27:30.511,7.53532,7.53788,1.69,1.00
2015.02.03 16:27:30.715,7.53542,7.53795,1.19,1.00
2015.02.03 16:27:30.866,7.53552,7.53795,1.00,1.00
2015.02.03 16:27:31.216,7.53552,7.53795,1.75,1.00
2015.02.03 16:27:31.520,7.53612,7.53847,1.00,1.00
2015.02.03 16:27:31.571,7.53602,7.53847,1.75,1.00
2015.02.03 16:27:31.672,7.53662,7.53847,1.00,1.00
2015.02.03 16:27:31.875,7.53672,7.53887,1.62,1.00
2015.02.03 16:27:31.977,7.53672,7.53912,1.25,1.00
2015.02.03 16:27:32.078,7.53672,7.53912,1.62,1.00
2015.02.03 16:27:32.382,7.53703,7.5392,1.00,1.00
2015.02.03 16:27:32.686,7.53742,7.53945,1.00,1.00
2015.02.03 16:27:32.943,7.53732,7.53948,1.00,1.19
2015.02.03 16:27:32.994,7.53743,7.53948,1.00,1.19
2015.02.03 16:27:33.207,7.53732,7.53948,1.00,1.19
2015.02.03 16:27:33.410,7.53732,7.53939,1.00,1.00
2015.02.03 16:27:33.511,7.53732,7.5395,1.00,1.19
2015.02.03 16:27:33.627,7.53722,7.53937,1.00,1.00
2015.02.03 16:27:33.957,7.53732,7.53953,1.00,1.00
2015.02.03 16:27:34.082,7.53742,7.53953,1.00,1.00
2015.02.03 16:27:34.472,7.53752,7.53953,1.00,1.00
2015.02.03 16:27:34.523,7.53742,7.53953,1.00,1.00
2015.02.03 16:27:34.624,7.53732,7.53953,1.00,1.00
2015.02.03 16:27:34.726,7.53732,7.53939,1.00,1.00
2015.02.03 16:27:34.828,7.53693,7.53939,1.19,1.00
2015.02.03 16:27:34.879,7.53693,7.53939,1.00,1.75
2015.02.03 16:27:35.184,7.53692,7.53909,1.00,1.00
2015.02.03 16:27:35.285,7.53673,7.53909,1.00,1.00
2015.02.03 16:27:35.393,7.53662,7.53887,1.00,1.00
2015.02.03 16:27:35.614,7.53642,7.53875,1.19,1.00
2015.02.03 16:27:35.835,7.53642,7.53875,1.00,1.00
2015.02.03 16:27:36.038,7.53642,7.53867,1.00,1.60
2015.02.03 16:27:36.190,7.53612,7.53846,1.19,1.00
2015.02.03 16:27:36.393,7.53612,7.53861,1.56,1.00
2015.02.03 16:27:36.443,7.53642,7.53861,1.00,1.00
2015.02.03 16:27:36.747,7.53662,7.53854,1.00,1.00
2015.02.03 16:27:37.053,7.53662,7.53847,1.00,1.00
2015.02.03 16:27:37.204,7.53652,7.53847,1.00,1.00
2015.02.03 16:27:37.356,7.53652,7.53841,1.00,1.00
2015.02.03 16:27:37.493,7.53622,7.53841,1.00,1.00
2015.02.03 16:27:37.745,7.53632,7.53841,1.00,1.00
2015.02.03 16:27:38.049,7.53632,7.53833,1.00,1.00
2015.02.03 16:27:38.201,7.53603,7.53815,1.00,1.00
2015.02.03 16:27:38.323,7.53603,7.53821,1.00,1.00
2015.02.03 16:27:38.424,7.53632,7.53821,1.00,1.00
2015.02.03 16:27:38.799,7.53632,7.53841,1.00,1.37
2015.02.03 16:27:38.961,7.53623,7.53841,1.00,1.37
2015.02.03 16:27:39.174,7.53632,7.5384,1.00,1.00
2015.02.03 16:27:39.475,7.53622,7.5384,1.00,1.00
2015.02.03 16:27:39.577,7.53622,7.53834,1.00,1.00
2015.02.03 16:27:39.628,7.53612,7.53834,1.00,1.00
2015.02.03 16:27:39.694,7.53602,7.53834,1.00,1.00
2015.02.03 16:27:39.947,7.53613,7.53834,1.00,1.00
2015.02.03 16:27:40.327,7.53613,7.53822,1.00,1.00
2015.02.03 16:27:40.378,7.53603,7.53822,1.00,1.00
2015.02.03 16:27:40.531,7.53603,7.53818,1.00,1.00
2015.02.03 16:27:40.834,7.53622,7.53818,1.00,1.00
2015.02.03 16:27:40.885,7.53622,7.53826,1.00,1.00
2015.02.03 16:27:41.293,7.53623,7.53844,1.00,1.00
2015.02.03 16:27:41.445,7.53623,7.53857,1.00,1.12
2015.02.03 16:27:41.495,7.53662,7.53857,1.00,1.00
2015.02.03 16:27:41.597,7.53632,7.53857,1.00,1.00
2015.02.03 16:27:41.648,7.53632,7.5387,1.00,1.00
2015.02.03 16:27:41.699,7.53652,7.5387,1.00,1.75
2015.02.03 16:27:41.800,7.53592,7.53818,1.00,1.35
2015.02.03 16:27:41.851,7.53592,7.53808,1.00,1.00
2015.02.03 16:27:41.902,7.53573,7.53808,1.00,1.00
2015.02.03 16:27:41.954,7.53573,7.53815,1.00,1.37
2015.02.03 16:27:42.115,7.53592,7.53815,1.00,1.37
2015.02.03 16:27:42.266,7.53583,7.53834,1.00,1.87
2015.02.03 16:27:42.318,7.53583,7.53834,1.00,1.87
2015.02.03 16:27:42.368,7.53602,7.53834,1.00,1.87
2015.02.03 16:27:42.681,7.53602,7.53819,1.00,1.00
2015.02.03 16:27:42.997,7.53612,7.53819,1.00,1.00
2015.02.03 16:27:43.301,7.53612,7.53814,1.00,1.00
2015.02.03 16:27:43.352,7.53592,7.53814,1.00,1.00
2015.02.03 16:27:43.453,7.53603,7.53814,1.00,1.00
2015.02.03 16:27:43.504,7.53603,7.53826,1.00,1.37
2015.02.03 16:27:43.555,7.53622,7.53826,1.00,1.37
2015.02.03 16:27:44.193,7.53622,7.53845,1.00,1.19
2015.02.03 16:27:44.295,7.53622,7.53845,1.00,1.00
2015.02.03 16:27:44.346,7.53642,7.53845,1.00,1.00
2015.02.03 16:27:44.397,7.53642,7.53861,1.00,1.00
2015.02.03 16:27:44.642,7.53652,7.53861,1.00,1.00
2015.02.03 16:27:44.883,7.53653,7.53874,1.00,1.75
2015.02.03 16:27:44.934,7.53653,7.5388,1.00,1.00
2015.02.03 16:27:45.386,7.53652,7.53874,1.00,1.00
2015.02.03 16:27:45.723,7.53652,7.53874,1.00,1.37
2015.02.03 16:27:46.046,7.53652,7.53865,1.00,1.00
2015.02.03 16:27:46.258,7.53652,7.53871,1.00,1.00
2015.02.03 16:27:46.309,7.53662,7.53871,1.00,1.00
2015.02.03 16:27:46.622,7.53652,7.53871,1.00,1.00
2015.02.03 16:27:46.907,7.53652,7.53865,1.00,1.00
2015.02.03 16:27:47.210,7.53572,7.53801,1.00,1.75
2015.02.03 16:27:47.413,7.53562,7.53788,1.00,1.37
2015.02.03 16:27:47.464,7.53562,7.53781,1.00,1.75
2015.02.03 16:27:47.516,7.53512,7.53775,1.00,1.35
2015.02.03 16:27:47.567,7.53512,7.53742,1.00,1.00
2015.02.03 16:27:47.820,7.53503,7.53742,1.00,1.00
2015.02.03 16:27:47.871,7.53533,7.53742,1.00,1.00
2015.02.03 16:27:48.023,7.53552,7.53762,1.00,1.00
2015.02.03 16:27:48.225,7.53552,7.53775,1.00,1.19
2015.02.03 16:27:48.276,7.53562,7.53775,1.00,1.19
2015.02.03 16:27:48.580,7.53592,7.53795,1.00,1.19
2015.02.03 16:27:48.631,7.53602,7.53795,1.00,1.00
2015.02.03 16:27:48.732,7.53613,7.53795,1.00,1.00
2015.02.03 16:27:49.038,7.53613,7.53801,1.00,1.00
2015.02.03 16:27:49.089,7.53632,7.53801,1.00,1.00
2015.02.03 16:27:49.140,7.53632,7.53811,1.00,1.19
2015.02.03 16:27:49.191,7.53602,7.53811,1.00,1.19
2015.02.03 16:27:49.242,7.53602,7.53791,1.00,1.00
2015.02.03 16:27:49.702,7.53592,7.53791,1.00,1.00
2015.02.03 16:27:49.762,7.53592,7.53779,1.00,1.00
2015.02.03 16:27:49.864,7.53572,7.53779,1.00,1.00
2015.02.03 16:27:49.914,7.53572,7.53766,1.00,1.00
2015.02.03 16:27:50.117,7.53582,7.5378,1.00,1.00
2015.02.03 16:27:50.218,7.53582,7.53795,1.00,1.00
2015.02.03 16:27:50.269,7.53602,7.53795,1.00,1.00
2015.02.03 16:27:50.320,7.53602,7.53815,1.00,1.19
2015.02.03 16:27:50.370,7.53612,7.53815,1.00,1.19
2015.02.03 16:27:51.159,7.53592,7.53815,1.00,1.19
2015.02.03 16:27:51.211,7.53592,7.53815,1.00,1.00
2015.02.03 16:27:51.312,7.53592,7.53808,1.00,1.00
2015.02.03 16:27:51.363,7.53582,7.53808,1.00,1.00
2015.02.03 16:27:51.792,7.53592,7.53808,1.00,1.00
2015.02.03 16:27:52.123,7.53612,7.53808,1.00,1.00
2015.02.03 16:27:52.488,7.53643,7.53808,1.00,1.00
2015.02.03 16:27:52.894,7.53622,7.53808,1.00,1.00
2015.02.03 16:27:52.995,7.53622,7.53801,1.00,1.75
2015.02.03 16:27:53.046,7.53572,7.53801,1.00,1.94
2015.02.03 16:27:53.097,7.53572,7.53756,1.00,1.37
2015.02.03 16:27:53.148,7.53562,7.53756,1.00,1.37
2015.02.03 16:27:53.818,7.53562,7.53756,1.00,1.00
2015.02.03 16:27:53.882,7.53552,7.53756,1.00,1.00
2015.02.03 16:27:54.529,7.53552,7.53762,1.00,1.00
2015.02.03 16:27:54.580,7.53592,7.53762,1.00,1.00
2015.02.03 16:27:54.631,7.53592,7.53782,1.00,1.19
2015.02.03 16:27:55.552,7.53592,7.53782,1.00,1.00
2015.02.03 16:27:55.603,7.53592,7.53795,1.00,1.00
2015.02.03 16:27:55.713,7.53592,7.53815,1.00,2.29
2015.02.03 16:27:55.764,7.53622,7.53815,1.00,1.37
2015.02.03 16:27:55.966,7.53632,7.53828,1.00,1.00
2015.02.03 16:27:56.017,7.53642,7.53828,1.00,1.00
2015.02.03 16:27:56.068,7.53642,7.53841,1.00,1.12
2015.02.03 16:27:56.303,7.53632,7.53841,1.00,1.12
2015.02.03 16:27:56.632,7.53622,7.53847,1.00,1.75
2015.02.03 16:27:57.169,7.53752,7.53932,1.00,2.24
2015.02.03 16:27:57.220,7.53752,7.53932,1.00,1.30
2015.02.03 16:27:57.271,7.53752,7.54015,1.00,1.56
2015.02.03 16:27:57.322,7.53803,7.54015,1.00,1.19
2015.02.03 16:27:57.424,7.53803,7.54015,1.00,1.00
2015.02.03 16:27:57.477,7.53803,7.54033,1.00,1.00
2015.02.03 16:27:57.528,7.53832,7.54033,1.00,1.00
2015.02.03 16:27:57.579,7.53832,7.5406,1.00,1.19
2015.02.03 16:27:57.630,7.53852,7.5406,1.00,1.00
2015.02.03 16:27:57.732,7.53852,7.54069,1.00,1.00
2015.02.03 16:27:57.952,7.53842,7.54069,1.00,1.00
2015.02.03 16:27:58.012,7.53842,7.54065,1.00,1.00
2015.02.03 16:27:58.336,7.53731,7.53878,1.00,1.19
2015.02.03 16:27:58.640,7.53731,7.53833,1.00,1.00
2015.02.03 16:27:58.691,7.53731,7.53861,1.00,1.19
2015.02.03 16:27:58.742,7.53731,7.53861,1.00,1.00
2015.02.03 16:27:58.894,7.53731,7.53875,1.00,1.00
2015.02.03 16:27:59.047,7.53731,7.53886,1.00,1.19
2015.02.03 16:27:59.201,7.53693,7.53886,1.00,1.19
2015.02.03 16:27:59.354,7.53693,7.53886,1.00,1.00
2015.02.03 16:27:59.405,7.53702,7.53886,1.00,1.00
2015.02.03 16:27:59.607,7.53652,7.53881,1.00,1.00
2015.02.03 16:27:59.658,7.53652,7.53881,1.00,1.19
2015.02.03 16:27:59.982,7.53622,7.53809,1.00,1.00
2015.02.03 16:28:00.152,7.53632,7.53823,1.00,1.00
2015.02.03 16:28:00.253,7.53652,7.53841,1.00,1.00
2015.02.03 16:28:00.367,7.53633,7.53841,1.00,1.00
2015.02.03 16:28:00.783,7.53582,7.5381,1.00,1.00
2015.02.03 16:28:00.885,7.53592,7.5379,1.00,1.00
2015.02.03 16:28:00.986,7.53572,7.53782,1.00,1.00
2015.02.03 16:28:01.138,7.53582,7.53782,1.00,1.00
2015.02.03 16:28:01.239,7.53582,7.53795,1.00,1.00
2015.02.03 16:28:01.341,7.53593,7.53795,1.00,1.00
2015.02.03 16:28:01.544,7.53582,7.53795,1.00,1.00
2015.02.03 16:28:01.902,7.53573,7.53795,1.00,1.00
2015.02.03 16:28:02.416,7.53563,7.53795,1.00,1.37
2015.02.03 16:28:02.523,7.53553,7.53795,1.19,1.37
2015.02.03 16:28:02.681,7.53532,7.53776,1.19,1.00
2015.02.03 16:28:02.782,7.53532,7.53784,1.00,1.56
2015.02.03 16:28:03.203,7.53552,7.53794,1.00,1.31
2015.02.03 16:28:03.962,7.53563,7.53803,1.00,1.19
2015.02.03 16:28:04.265,7.53582,7.53803,1.00,1.19
2015.02.03 16:28:04.468,7.53583,7.53811,1.00,1.19
2015.02.03 16:28:04.519,7.53562,7.53824,1.37,1.19
2015.02.03 16:28:04.620,7.53582,7.53824,1.00,1.19
2015.02.03 16:28:05.510,7.53593,7.5383,1.00,1.19
2015.02.03 16:28:05.611,7.53572,7.5383,1.00,1.19
2015.02.03 16:28:05.662,7.53572,7.5383,1.94,1.19
2015.02.03 16:28:05.763,7.53602,7.5385,1.75,1.19
2015.02.03 16:28:06.067,7.53633,7.53902,1.00,1.19
2015.02.03 16:28:06.269,7.53642,7.53902,1.00,1.19
2015.02.03 16:28:06.524,7.53632,7.53896,1.00,1.19
2015.02.03 16:28:06.625,7.53622,7.53889,1.00,1.19
2015.02.03 16:28:06.726,7.53612,7.53889,1.75,1.19
2015.02.03 16:28:06.878,7.53612,7.53895,1.75,1.19
2015.02.03 16:28:07.082,7.53682,7.53935,1.00,1.19
2015.02.03 16:28:07.302,7.53663,7.53929,1.00,1.19
2015.02.03 16:28:07.564,7.53662,7.53929,1.75,1.19
2015.02.03 16:28:08.011,7.53682,7.53936,1.50,1.19
2015.02.03 16:28:08.979,7.53682,7.53936,1.50,1.19
2015.02.03 16:28:09.129,7.53692,7.53936,1.00,1.19
2015.02.03 16:28:09.473,7.53682,7.53936,1.50,1.19
2015.02.03 16:28:10.163,7.53682,7.53936,1.75,1.19
2015.02.03 16:28:10.315,7.53712,7.53961,1.50,1.19
2015.02.03 16:28:11.863,7.53692,7.53975,1.19,1.94
2015.02.03 16:28:12.751,7.53713,7.5397,1.00,1.19
2015.02.03 16:28:13.063,7.53713,7.53975,1.00,1.54
2015.02.03 16:28:13.113,7.53662,7.53948,1.94,1.69
2015.02.03 16:28:13.164,7.53662,7.53948,1.19,1.94
2015.02.03 16:28:13.316,7.53663,7.53931,1.94,1.00
2015.02.03 16:28:13.367,7.53663,7.53931,1.19,1.37
2015.02.03 16:28:13.748,7.53662,7.53922,1.19,1.00
2015.02.03 16:28:14.051,7.53672,7.53922,1.00,1.19
2015.02.03 16:28:14.102,7.53652,7.53922,1.37,1.19
2015.02.03 16:28:14.541,7.53662,7.53922,1.00,1.19
2015.02.03 16:28:14.862,7.53632,7.53888,1.00,1.56
2015.02.03 16:28:15.201,7.53642,7.53896,1.00,1.19
2015.02.03 16:28:15.614,7.53632,7.53896,1.00,1.19
2015.02.03 16:28:15.834,7.53642,7.53896,1.00,1.19
2015.02.03 16:28:16.176,7.53652,7.53909,1.00,1.19
2015.02.03 16:28:16.421,7.53642,7.53903,1.00,1.19
2015.02.03 16:28:16.522,7.53652,7.53904,1.00,1.19
2015.02.03 16:28:16.910,7.53652,7.53904,1.00,1.19
2015.02.03 16:28:17.402,7.53662,7.53916,1.00,1.66
2015.02.03 16:28:17.706,7.53692,7.53948,1.00,1.69
2015.02.03 16:28:17.858,7.53672,7.53947,1.00,1.19
2015.02.03 16:28:18.833,7.53672,7.53937,1.37,1.19
2015.02.03 16:28:18.900,7.53672,7.53937,1.75,1.19
2015.02.03 16:28:19.205,7.53692,7.53955,1.00,1.19
2015.02.03 16:28:19.256,7.53682,7.53948,1.50,1.19
2015.02.03 16:28:19.369,7.53693,7.53955,1.00,1.19
2015.02.03 16:28:19.681,7.53702,7.53961,1.00,1.19
2015.02.03 16:28:19.833,7.53692,7.5395,1.00,1.19
2015.02.03 16:28:20.011,7.53692,7.5395,1.00,1.19
2015.02.03 16:28:20.232,7.53683,7.5395,1.37,1.19
2015.02.03 16:28:21.934,7.53682,7.53882,1.50,1.25
2015.02.03 16:28:22.157,7.53628,7.5384,1.00,1.00
2015.02.03 16:28:22.262,7.53604,7.53762,1.30,1.33
2015.02.03 16:28:22.364,7.53604,7.53798,1.30,1.34
2015.02.03 16:28:22.465,7.53604,7.53841,1.30,1.00
2015.02.03 16:28:22.516,7.53562,7.53841,1.69,1.00
2015.02.03 16:28:22.567,7.53548,7.53841,1.30,1.00
2015.02.03 16:28:22.719,7.53548,7.53844,1.30,1.00
2015.02.03 16:28:22.843,7.53548,7.53838,1.30,1.00
2015.02.03 16:28:23.147,7.53548,7.53828,1.30,1.00
2015.02.03 16:28:23.349,7.53548,7.53843,1.30,1.00
2015.02.03 16:28:23.830,7.53493,7.53825,1.30,1.00
2015.02.03 16:28:23.892,7.53493,7.53808,1.30,1.00
2015.02.03 16:28:24.195,7.53493,7.53788,1.30,1.00
2015.02.03 16:28:24.346,7.53435,7.53783,1.30,1.00
2015.02.03 16:28:24.599,7.53478,7.53799,1.30,1.00
2015.02.03 16:28:24.701,7.53498,7.53837,1.30,1.00
2015.02.03 16:28:25.228,7.53498,7.53812,1.30,1.00
2015.02.03 16:28:25.430,7.53441,7.53796,1.37,1.00
2015.02.03 16:28:25.481,7.53441,7.53758,1.37,1.00
2015.02.03 16:28:25.532,7.53393,7.53758,1.07,1.00
2015.02.03 16:28:25.583,7.53372,7.53679,1.67,1.00
2015.02.03 16:28:25.634,7.53372,7.53679,1.30,1.00
2015.02.03 16:28:25.684,7.53372,7.53654,1.30,1.00
2015.02.03 16:28:25.735,7.53345,7.53654,1.00,1.00
2015.02.03 16:28:25.786,7.53345,7.53672,1.00,1.00
2015.02.03 16:28:25.988,7.53345,7.53686,1.00,1.00
2015.02.03 16:28:26.096,7.53345,7.53694,1.00,1.00
2015.02.03 16:28:26.252,7.53352,7.53694,1.00,1.00
2015.02.03 16:28:26.464,7.53345,7.53694,1.00,1.00
2015.02.03 16:28:26.822,7.53342,7.53694,1.00,1.00
2015.02.03 16:28:27.416,7.53352,7.53694,1.00,1.00
2015.02.03 16:28:27.495,7.53342,7.53694,1.00,1.00
2015.02.03 16:28:28.154,7.53362,7.53694,1.00,1.00
2015.02.03 16:28:28.293,7.53362,7.537,1.00,1.00
2015.02.03 16:28:28.847,7.53352,7.537,1.00,1.00
2015.02.03 16:28:28.951,7.53362,7.537,1.00,1.00
2015.02.03 16:28:29.479,7.53382,7.537,1.00,1.00
2015.02.03 16:28:29.529,7.53382,7.53712,1.00,1.00
2015.02.03 16:28:29.580,7.53403,7.53712,1.00,1.00
2015.02.03 16:28:29.631,7.53403,7.53727,1.00,1.00
2015.02.03 16:28:29.878,7.53403,7.53745,1.00,1.00
2015.02.03 16:28:29.929,7.53412,7.53745,1.00,1.00
2015.02.03 16:28:30.233,7.53442,7.53779,1.00,1.00
2015.02.03 16:28:30.334,7.53442,7.53788,1.00,1.00
2015.02.03 16:28:30.766,7.53434,7.53788,1.30,1.00
2015.02.03 16:28:31.376,7.53434,7.53799,1.72,1.00
2015.02.03 16:28:32.037,7.53445,7.5381,1.00,1.00
2015.02.03 16:28:32.376,7.53472,7.53818,1.00,1.00
2015.02.03 16:28:32.478,7.53473,7.53837,1.00,1.72
2015.02.03 16:28:32.629,7.53443,7.53804,1.37,1.00
2015.02.03 16:28:32.731,7.53462,7.53812,1.07,1.00
2015.02.03 16:28:32.832,7.53484,7.53837,1.00,1.30
2015.02.03 16:28:32.933,7.5349,7.5385,1.30,1.00
2015.02.03 16:28:33.035,7.5349,7.53831,1.30,1.00
2015.02.03 16:28:33.359,7.5349,7.53822,1.30,1.00
2015.02.03 16:28:33.575,7.5349,7.53829,1.30,1.00
2015.02.03 16:28:33.727,7.5349,7.53837,1.30,1.00
2015.02.03 16:28:34.152,7.5349,7.53825,1.30,1.00
2015.02.03 16:28:34.348,7.5349,7.53837,1.30,1.00
2015.02.03 16:28:34.449,7.53471,7.53828,1.07,1.00
2015.02.03 16:28:34.500,7.53424,7.53771,1.67,1.00
2015.02.03 16:28:34.551,7.53424,7.53771,1.05,1.00
2015.02.03 16:28:35.007,7.53424,7.53757,1.05,1.00
2015.02.03 16:28:35.312,7.53424,7.53731,1.30,1.00
2015.02.03 16:28:35.553,7.53424,7.5374,1.30,1.00
2015.02.03 16:28:35.998,7.53424,7.53746,1.30,1.00
2015.02.03 16:28:36.335,7.53424,7.53753,1.30,1.00
2015.02.03 16:28:36.679,7.53424,7.53757,1.30,1.00
2015.02.03 16:28:37.341,7.53424,7.53773,1.30,1.00
2015.02.03 16:28:37.553,7.53424,7.53769,1.05,1.00
2015.02.03 16:28:37.909,7.53424,7.5378,1.05,1.00
2015.02.03 16:28:39.440,7.53424,7.53756,1.05,1.00
2015.02.03 16:28:40.061,7.53424,7.53743,1.05,1.00
2015.02.03 16:28:40.395,7.53424,7.53765,1.05,1.00
2015.02.03 16:28:40.501,7.53424,7.53763,1.05,1.00
2015.02.03 16:28:41.939,7.53424,7.5377,1.05,1.00
2015.02.03 16:28:42.542,7.53424,7.53728,1.05,1.00
2015.02.03 16:28:42.845,7.53392,7.53647,2.44,1.00
2015.02.03 16:28:42.896,7.53392,7.53647,2.14,1.00
2015.02.03 16:28:43.659,7.5343,7.53698,1.00,1.00
2015.02.03 16:28:43.710,7.5343,7.53698,1.07,1.00
2015.02.03 16:28:44.090,7.5343,7.53678,1.37,1.00
2015.02.03 16:28:44.539,7.5343,7.53678,1.07,1.00
2015.02.03 16:28:44.879,7.5343,7.53668,1.07,1.00
2015.02.03 16:28:46.115,7.5343,7.53678,1.07,1.00
2015.02.03 16:28:46.216,7.5338,7.53678,1.12,1.00
2015.02.03 16:28:46.318,7.5338,7.53667,1.12,1.00
2015.02.03 16:28:46.419,7.5338,7.53698,1.12,1.00
2015.02.03 16:28:46.521,7.53379,7.53698,1.82,1.00
2015.02.03 16:28:47.183,7.53368,7.53708,2.85,1.00
2015.02.03 16:28:47.402,7.53368,7.53698,2.85,1.00
2015.02.03 16:28:47.761,7.53368,7.53698,2.85,1.00
2015.02.03 16:28:48.131,7.53368,7.53698,2.85,1.00
2015.02.03 16:28:49.131,7.53382,7.53728,1.82,1.00
2015.02.03 16:28:49.444,7.53401,7.53747,1.12,1.00
2015.02.03 16:28:49.616,7.53401,7.53737,1.12,1.00
2015.02.03 16:28:49.767,7.53401,7.53748,1.12,1.00
2015.02.03 16:28:50.431,7.53401,7.53737,1.12,1.00
2015.02.03 16:28:50.865,7.53443,7.53748,1.00,1.00
2015.02.03 16:28:51.206,7.53472,7.53748,1.00,1.00
2015.02.03 16:28:51.257,7.53472,7.53768,1.00,1.00
2015.02.03 16:28:51.409,7.53472,7.53807,1.00,1.00
2015.02.03 16:28:51.460,7.53492,7.53807,1.00,1.00
2015.02.03 16:28:51.561,7.53482,7.53807,1.10,1.00
2015.02.03 16:28:51.662,7.53493,7.53807,1.00,1.00
2015.02.03 16:28:51.814,7.53502,7.53818,1.00,1.12
2015.02.03 16:28:52.017,7.53492,7.53818,1.00,1.00
2015.02.03 16:28:52.238,7.53482,7.53818,1.47,1.00
2015.02.03 16:28:52.696,7.53482,7.53808,1.47,1.00
2015.02.03 16:28:52.805,7.53482,7.53818,1.47,1.00
2015.02.03 16:28:52.856,7.53512,7.53818,1.00,1.00
2015.02.03 16:28:52.907,7.53512,7.53828,1.00,1.00
2015.02.03 16:28:53.008,7.53512,7.53838,1.00,1.00
2015.02.03 16:28:53.059,7.53512,7.53838,1.75,1.00
2015.02.03 16:28:53.438,7.53502,7.53838,1.85,1.00
2015.02.03 16:28:53.876,7.53527,7.53848,1.75,1.00
2015.02.03 16:28:53.977,7.53527,7.53838,1.75,1.00
2015.02.03 16:28:54.040,7.53527,7.53838,1.00,1.00
2015.02.03 16:28:54.150,7.53527,7.53828,1.00,1.00
2015.02.03 16:28:54.771,7.53527,7.53828,1.75,1.00
2015.02.03 16:28:55.244,7.53527,7.53828,1.37,1.00
2015.02.03 16:28:55.295,7.53527,7.53818,1.37,1.00
2015.02.03 16:28:55.598,7.53527,7.53827,1.37,1.00
2015.02.03 16:28:56.021,7.53527,7.53817,1.37,1.00
2015.02.03 16:28:57.053,7.53527,7.53817,1.75,1.00
2015.02.03 16:28:57.104,7.53527,7.53828,1.75,1.00
2015.02.03 16:28:57.601,7.53527,7.53818,1.75,1.00
2015.02.03 16:28:57.753,7.53527,7.53817,1.00,1.00
2015.02.03 16:28:58.029,7.53492,7.53817,1.82,1.00
2015.02.03 16:28:58.556,7.53482,7.53818,2.32,1.00
2015.02.03 16:28:58.657,7.53503,7.53828,1.75,1.00
2015.02.03 16:28:58.759,7.53503,7.53838,1.75,1.00
2015.02.03 16:28:59.505,7.53522,7.53848,1.75,1.00
2015.02.03 16:28:59.723,7.53533,7.53858,1.50,1.75
2015.02.03 16:29:00.378,7.53542,7.53858,1.75,1.00
2015.02.03 16:29:00.773,7.53542,7.53868,1.00,1.75
2015.02.03 16:29:00.975,7.53542,7.53868,1.75,1.37
2015.02.03 16:29:01.077,7.53542,7.53858,1.75,1.00
2015.02.03 16:29:01.799,7.53536,7.53868,2.05,1.00
2015.02.03 16:29:01.901,7.53552,7.53878,1.37,1.00
2015.02.03 16:29:02.002,7.53552,7.53878,1.75,1.00
2015.02.03 16:29:02.053,7.53573,7.53898,1.12,1.12
2015.02.03 16:29:02.258,7.53572,7.53898,1.45,1.12
2015.02.03 16:29:02.359,7.53592,7.53928,1.75,1.00
2015.02.03 16:29:02.410,7.53622,7.53928,1.00,1.00
2015.02.03 16:29:02.461,7.53622,7.53938,1.00,1.50
2015.02.03 16:29:02.512,7.53622,7.53938,1.10,1.00
2015.02.03 16:29:02.563,7.53622,7.53948,1.10,1.00
2015.02.03 16:29:02.613,7.53623,7.53948,1.37,1.00
2015.02.03 16:29:02.917,7.53623,7.53948,1.37,1.00
2015.02.03 16:29:03.248,7.53622,7.53938,1.50,1.00
2015.02.03 16:29:03.564,7.53595,7.53918,2.05,1.75
2015.02.03 16:29:03.615,7.53595,7.53918,1.67,1.75
2015.02.03 16:29:03.716,7.53595,7.53918,1.37,1.75
2015.02.03 16:29:04.332,7.53582,7.53907,1.20,1.00
2015.02.03 16:29:04.439,7.53593,7.53918,1.07,1.75
2015.02.03 16:29:04.758,7.53562,7.53898,1.87,1.37
2015.02.03 16:29:05.088,7.53562,7.53888,1.87,1.00
2015.02.03 16:29:05.671,7.53562,7.53878,1.87,1.00
2015.02.03 16:29:05.773,7.53562,7.53888,1.87,1.00
2015.02.03 16:29:06.001,7.53562,7.53878,1.12,1.00
2015.02.03 16:29:06.408,7.53562,7.53868,1.12,1.00
2015.02.03 16:29:06.661,7.53539,7.53858,1.37,1.00
2015.02.03 16:29:07.262,7.53539,7.53848,1.37,1.50
2015.02.03 16:29:07.470,7.5351,7.53848,1.12,1.50
2015.02.03 16:29:07.524,7.5351,7.53837,1.12,1.00
2015.02.03 16:29:07.628,7.5351,7.53848,1.12,1.50
2015.02.03 16:29:07.730,7.53505,7.53848,1.37,1.75
2015.02.03 16:29:07.992,7.53505,7.53828,1.00,1.37
2015.02.03 16:29:08.156,7.53486,7.53828,1.12,1.37
2015.02.03 16:29:08.250,7.53486,7.53818,1.12,1.00
2015.02.03 16:29:09.187,7.53486,7.53808,1.12,1.00
2015.02.03 16:29:09.760,7.53486,7.53807,1.12,1.00
2015.02.03 16:29:10.064,7.53459,7.53788,1.07,1.37
2015.02.03 16:29:10.467,7.53446,7.53778,1.12,1.00
2015.02.03 16:29:10.521,7.53446,7.53788,1.12,1.37
2015.02.03 16:29:10.673,7.53462,7.53797,1.45,1.75
2015.02.03 16:29:10.841,7.53472,7.53797,1.00,1.75
2015.02.03 16:29:11.162,7.53472,7.53808,1.37,1.75
2015.02.03 16:29:11.466,7.53453,7.53797,1.37,1.75
2015.02.03 16:29:11.872,7.53442,7.53778,1.75,1.00
2015.02.03 16:29:12.040,7.53442,7.53778,1.37,1.00
2015.02.03 16:29:12.598,7.53442,7.53768,1.37,1.00
2015.02.03 16:29:13.642,7.53453,7.53758,1.07,1.00
2015.02.03 16:29:14.050,7.53472,7.53768,1.00,1.00
2015.02.03 16:29:14.151,7.53463,7.53778,1.45,1.00
2015.02.03 16:29:14.670,7.5344,7.53758,1.12,1.00
2015.02.03 16:29:15.071,7.53434,7.53738,1.67,1.37
2015.02.03 16:29:15.273,7.53393,7.53736,1.00,1.75
2015.02.03 16:29:15.444,7.53382,7.53736,1.00,1.75
2015.02.03 16:29:16.417,7.53382,7.53717,1.00,1.00
2015.02.03 16:29:17.047,7.53382,7.53718,1.00,1.00
2015.02.03 16:29:17.464,7.53382,7.53708,1.00,1.00
2015.02.03 16:29:17.991,7.53392,7.53708,1.00,1.00
2015.02.03 16:29:18.304,7.53462,7.53782,1.00,1.07
2015.02.03 16:29:18.355,7.53452,7.53788,1.82,1.00
2015.02.03 16:29:18.406,7.53452,7.53778,1.82,1.00
2015.02.03 16:29:18.507,7.53452,7.53788,1.82,1.00
2015.02.03 16:29:18.558,7.53472,7.53788,1.00,1.00
2015.02.03 16:29:18.741,7.53472,7.53798,1.00,1.00
2015.02.03 16:29:19.067,7.53472,7.53798,1.00,1.75
2015.02.03 16:29:19.118,7.53462,7.53778,1.37,1.12
2015.02.03 16:29:19.522,7.53462,7.53767,1.37,1.00
2015.02.03 16:29:21.459,7.53462,7.53758,1.37,1.00
2015.02.03 16:29:22.001,7.53462,7.53767,1.37,1.00
2015.02.03 16:29:22.869,7.53462,7.53758,1.37,1.00
2015.02.03 16:29:23.787,7.53462,7.53757,1.37,1.00
2015.02.03 16:29:24.351,7.53462,7.53758,1.37,1.00
2015.02.03 16:29:25.137,7.53462,7.53757,1.37,1.00
2015.02.03 16:29:25.851,7.53437,7.53748,1.12,1.00
2015.02.03 16:29:26.432,7.53437,7.53757,1.12,1.00
2015.02.03 16:29:26.947,7.53437,7.53747,1.12,1.00
2015.02.03 16:29:27.048,7.53448,7.53758,1.12,1.00
2015.02.03 16:29:28.597,7.53446,7.53768,1.12,1.00
2015.02.03 16:29:28.881,7.53462,7.53787,1.07,1.00
2015.02.03 16:29:29.134,7.53462,7.53798,1.37,1.75
2015.02.03 16:29:29.341,7.53463,7.53798,1.12,1.75
2015.02.03 16:29:29.595,7.53463,7.53788,1.12,1.00
2015.02.03 16:29:29.930,7.53463,7.53797,1.12,1.75
2015.02.03 16:29:30.197,7.53485,7.53797,1.30,1.75
2015.02.03 16:29:30.547,7.53485,7.53788,1.30,1.75
2015.02.03 16:29:30.851,7.53485,7.53767,1.30,1.75
2015.02.03 16:29:32.404,7.53485,7.53768,1.30,1.00
2015.02.03 16:29:32.505,7.53485,7.53758,1.30,1.00
2015.02.03 16:29:33.648,7.53485,7.53798,1.30,1.00
2015.02.03 16:29:33.749,7.53493,7.53808,1.00,1.37
2015.02.03 16:29:34.280,7.53485,7.53808,1.37,1.37
2015.02.03 16:29:35.150,7.53485,7.53808,1.75,1.00
2015.02.03 16:29:36.000,7.53485,7.53808,1.37,1.75
2015.02.03 16:29:37.656,7.53485,7.53798,1.37,1.00
2015.02.03 16:29:38.648,7.53485,7.53808,1.37,1.00
2015.02.03 16:29:38.851,7.53485,7.53798,1.37,1.00
2015.02.03 16:29:40.285,7.53485,7.53808,1.37,1.00
2015.02.03 16:29:42.109,7.53493,7.53808,1.00,1.00
2015.02.03 16:29:42.515,7.53485,7.53817,1.37,1.00
2015.02.03 16:29:42.783,7.53503,7.53818,1.12,1.00
2015.02.03 16:29:43.030,7.53512,7.53838,1.00,1.00
2015.02.03 16:29:43.539,7.53512,7.53838,1.07,1.00
2015.02.03 16:29:43.920,7.53524,7.53838,1.30,1.00
2015.02.03 16:29:44.408,7.53543,7.53858,1.30,1.00
2015.02.03 16:29:44.681,7.53543,7.53878,2.05,1.00
2015.02.03 16:29:44.833,7.53563,7.53878,1.00,1.00
2015.02.03 16:29:44.884,7.53563,7.53887,1.00,1.00
2015.02.03 16:29:44.942,7.53552,7.53887,1.45,1.00
2015.02.03 16:29:44.993,7.53552,7.53878,1.45,1.00
2015.02.03 16:29:45.330,7.53602,7.53908,1.30,1.00
2015.02.03 16:29:45.532,7.53602,7.53918,1.30,1.00
2015.02.03 16:29:45.741,7.53602,7.53908,1.30,1.00
2015.02.03 16:29:46.053,7.53602,7.53918,1.67,1.00
2015.02.03 16:29:46.154,7.53602,7.53918,2.05,1.00
2015.02.03 16:29:46.891,7.53602,7.53927,2.47,1.00
2015.02.03 16:29:47.256,7.53602,7.53917,2.05,1.00
2015.02.03 16:29:48.508,7.53602,7.53927,1.67,1.37
2015.02.03 16:29:48.630,7.53602,7.53918,1.67,1.00
2015.02.03 16:29:48.934,7.53602,7.53888,1.30,1.00
2015.02.03 16:29:48.984,7.53539,7.53886,2.05,1.00
2015.02.03 16:29:49.035,7.53539,7.53886,1.67,1.00
2015.02.03 16:29:49.137,7.53539,7.53878,1.67,1.00
2015.02.03 16:29:49.238,7.53539,7.53878,1.30,1.75
2015.02.03 16:29:49.582,7.53539,7.53878,1.30,1.00
2015.02.03 16:29:49.869,7.53542,7.53878,1.00,1.00
2015.02.03 16:29:50.330,7.53542,7.53868,1.00,1.00
2015.02.03 16:29:50.668,7.53552,7.53878,1.00,1.00
2015.02.03 16:29:51.030,7.53572,7.53878,1.00,1.00
2015.02.03 16:29:51.132,7.53572,7.53908,1.00,1.00
2015.02.03 16:29:51.372,7.53603,7.53908,1.30,1.00
2015.02.03 16:29:51.425,7.53613,7.53928,1.00,1.00
2015.02.03 16:29:52.062,7.53613,7.53927,1.00,1.00
2015.02.03 16:29:52.782,7.53612,7.53928,1.00,1.00
2015.02.03 16:29:52.936,7.53622,7.53947,1.00,1.00
2015.02.03 16:29:53.088,7.5367,7.53947,1.30,1.50
2015.02.03 16:29:53.442,7.5367,7.53937,1.30,1.00
2015.02.03 16:29:54.250,7.5367,7.53928,1.30,1.00
2015.02.03 16:29:55.107,7.53602,7.53928,1.37,1.00
2015.02.03 16:29:55.604,7.53592,7.53928,1.75,1.37
2015.02.03 16:29:56.245,7.53592,7.53918,1.75,1.00
2015.02.03 16:29:56.741,7.53582,7.53878,1.75,1.75
2015.02.03 16:29:56.945,7.53422,7.53751,1.87,1.30
2015.02.03 16:29:57.174,7.53433,7.53751,1.00,1.30
2015.02.03 16:29:57.660,7.53452,7.53751,1.00,1.30
2015.02.03 16:29:57.870,7.53442,7.53751,1.00,1.30
2015.02.03 16:29:58.072,7.53442,7.53751,1.37,1.30
2015.02.03 16:29:59.850,7.53453,7.53751,1.00,1.30
2015.02.03 16:30:00.174,7.53452,7.53751,1.00,2.05
2015.02.03 16:30:00.225,7.53388,7.53751,1.75,2.05
2015.02.03 16:30:00.326,7.53362,7.53734,1.75,1.00
2015.02.03 16:30:00.377,7.53362,7.53734,1.82,1.00
2015.02.03 16:30:00.428,7.53392,7.5373,1.00,1.00
2015.02.03 16:30:00.732,7.53423,7.53743,1.00,1.00
2015.02.03 16:30:00.950,7.53412,7.53743,1.00,1.00
2015.02.03 16:30:01.280,7.53422,7.53743,1.00,1.00
2015.02.03 16:30:01.604,7.53442,7.53751,1.00,1.30
2015.02.03 16:30:01.911,7.53443,7.53751,1.37,1.30
2015.02.03 16:30:02.214,7.53472,7.53751,1.10,1.30
2015.02.03 16:30:03.756,7.53402,7.53751,1.12,1.30
2015.02.03 16:30:03.859,7.53402,7.53747,1.12,1.00
2015.02.03 16:30:04.163,7.53402,7.53716,1.12,1.00
2015.02.03 16:30:04.467,7.53349,7.53675,2.12,1.00
2015.02.03 16:30:04.772,7.53349,7.53663,2.05,1.00
2015.02.03 16:30:04.823,7.53349,7.53667,2.05,1.00
2015.02.03 16:30:05.101,7.53349,7.53677,2.05,1.00
2015.02.03 16:30:05.203,7.53349,7.53677,1.30,1.75
2015.02.03 16:30:05.254,7.53349,7.53624,1.30,1.30
2015.02.03 16:30:05.591,7.53323,7.53604,1.37,1.30
2015.02.03 16:30:06.506,7.53342,7.53624,1.07,1.30
2015.02.03 16:30:06.557,7.53342,7.53632,1.07,1.30
2015.02.03 16:30:06.823,7.53413,7.53632,1.00,1.30
2015.02.03 16:30:07.131,7.53422,7.53623,1.00,1.00
2015.02.03 16:30:07.443,7.53433,7.53573,1.00,1.30
2015.02.03 16:30:07.549,7.53412,7.53573,1.00,1.30
2015.02.03 16:30:08.241,7.53402,7.53573,1.00,1.30
2015.02.03 16:30:08.595,7.53403,7.53625,1.00,1.30
2015.02.03 16:30:09.189,7.53402,7.53625,1.00,1.30
2015.02.03 16:30:09.310,7.53382,7.53625,1.07,1.30
2015.02.03 16:30:09.642,7.53392,7.53625,1.00,1.30
2015.02.03 16:30:10.429,7.53402,7.53625,1.00,1.30
2015.02.03 16:30:10.683,7.53373,7.53625,1.75,1.30
2015.02.03 16:30:10.785,7.53373,7.53624,1.00,1.00
2015.02.03 16:30:10.886,7.53412,7.53625,1.00,1.72
2015.02.03 16:30:11.872,7.53382,7.53625,1.07,1.30
2015.02.03 16:30:11.990,7.53382,7.53625,1.00,1.30
2015.02.03 16:30:12.609,7.53382,7.53609,1.00,1.00
2015.02.03 16:30:12.942,7.53383,7.53602,1.00,1.00
2015.02.03 16:30:13.285,7.53412,7.53616,1.00,1.00
2015.02.03 16:30:13.386,7.53432,7.53654,1.00,1.00
2015.02.03 16:30:13.538,7.53363,7.53641,1.75,1.30
2015.02.03 16:30:13.588,7.53363,7.53594,1.75,1.00
2015.02.03 16:30:13.690,7.53382,7.53594,1.00,1.00
2015.02.03 16:30:13.741,7.53382,7.53603,1.00,1.00
2015.02.03 16:30:13.842,7.53392,7.53614,1.00,1.00
2015.02.03 16:30:14.406,7.53402,7.53614,1.00,1.00
2015.02.03 16:30:14.850,7.53412,7.53614,1.00,1.00
2015.02.03 16:30:15.142,7.53412,7.53616,1.00,1.00
2015.02.03 16:30:15.341,7.53412,7.53621,1.00,1.00
2015.02.03 16:30:15.723,7.53382,7.53608,1.75,1.00
2015.02.03 16:30:16.379,7.53362,7.53604,1.75,1.00
2015.02.03 16:30:16.642,7.53352,7.53593,1.50,1.00
2015.02.03 16:30:17.093,7.53352,7.53593,1.10,1.00
2015.02.03 16:30:17.321,7.53352,7.53585,1.10,1.00
2015.02.03 16:30:17.625,7.53291,7.53567,1.12,1.00
2015.02.03 16:30:17.676,7.53291,7.5355,1.12,1.00
2015.02.03 16:30:17.827,7.53282,7.53533,1.00,1.00
2015.02.03 16:30:17.878,7.53282,7.53538,1.00,1.00
2015.02.03 16:30:17.929,7.53292,7.53538,1.00,1.00
2015.02.03 16:30:18.001,7.53282,7.53538,1.00,1.00
2015.02.03 16:30:18.258,7.53282,7.53538,1.75,1.00
2015.02.03 16:30:18.561,7.53322,7.53543,1.00,1.00
2015.02.03 16:30:18.663,7.53272,7.53543,1.75,1.00
2015.02.03 16:30:18.713,7.53272,7.53543,1.00,1.75
2015.02.03 16:30:19.199,7.53292,7.53527,1.00,1.00
2015.02.03 16:30:19.250,7.53272,7.53533,1.00,1.37
2015.02.03 16:30:19.301,7.53272,7.53514,1.00,1.00
2015.02.03 16:30:19.675,7.53272,7.53512,1.00,1.00
2015.02.03 16:30:20.069,7.53282,7.53515,1.00,1.00
2015.02.03 16:30:20.171,7.53272,7.53515,1.37,1.00
2015.02.03 16:30:20.272,7.53272,7.53515,1.75,1.00
2015.02.03 16:30:20.323,7.53272,7.53534,1.75,1.00
2015.02.03 16:30:20.611,7.53273,7.53534,1.87,1.00
2015.02.03 16:30:21.101,7.53273,7.53519,1.75,1.00
2015.02.03 16:30:21.270,7.53273,7.53501,1.37,1.00
2015.02.03 16:30:21.321,7.53273,7.53492,1.37,1.00
2015.02.03 16:30:21.482,7.53244,7.53492,1.75,1.00
2015.02.03 16:30:21.611,7.53244,7.53488,1.75,1.00
2015.02.03 16:30:22.282,7.53244,7.53494,1.75,1.00
2015.02.03 16:30:22.390,7.53244,7.5351,1.75,1.00
2015.02.03 16:30:22.441,7.53249,7.5351,1.12,1.00
2015.02.03 16:30:23.263,7.53237,7.53499,2.25,1.00
2015.02.03 16:30:23.465,7.53237,7.53499,2.25,1.75
2015.02.03 16:30:23.517,7.53237,7.53477,2.25,1.00
2015.02.03 16:30:23.866,7.53193,7.5333,1.37,1.00
2015.02.03 16:30:23.917,7.53183,7.5333,1.91,1.00
2015.02.03 16:30:23.967,7.53183,7.53317,1.91,1.00
2015.02.03 16:30:24.018,7.53032,7.53317,1.75,1.00
2015.02.03 16:30:24.171,7.53032,7.53304,1.75,1.00
2015.02.03 16:30:24.222,7.53032,7.53304,1.37,1.00
2015.02.03 16:30:24.273,7.53032,7.53306,1.37,1.00
2015.02.03 16:30:24.324,7.53032,7.53306,1.07,1.07
2015.02.03 16:30:24.478,7.53032,7.53293,1.07,1.00
2015.02.03 16:30:24.783,7.53032,7.53261,1.07,1.30
2015.02.03 16:30:25.116,7.52989,7.53258,1.12,1.00
2015.02.03 16:30:25.319,7.52992,7.53261,1.37,1.30
2015.02.03 16:30:25.653,7.53022,7.53285,1.00,1.37
2015.02.03 16:30:25.755,7.53012,7.53288,1.00,1.00
2015.02.03 16:30:25.856,7.53012,7.53288,1.00,1.37
2015.02.03 16:30:25.908,7.52992,7.53279,1.07,1.07
2015.02.03 16:30:26.009,7.52992,7.53279,1.00,1.37
2015.02.03 16:30:26.111,7.52982,7.53278,1.75,1.37
2015.02.03 16:30:26.308,7.52992,7.53278,1.00,1.37
2015.02.03 16:30:26.673,7.53012,7.53268,1.00,1.37
2015.02.03 16:30:26.774,7.52993,7.53268,1.07,1.10
2015.02.03 16:30:26.876,7.53002,7.53268,1.00,1.00
2015.02.03 16:30:27.187,7.53012,7.53278,1.00,1.00
2015.02.03 16:30:27.551,7.53022,7.53278,1.00,1.00
2015.02.03 16:30:27.879,7.53042,7.53277,1.00,1.00
2015.02.03 16:30:28.183,7.53152,7.53408,1.00,1.75
2015.02.03 16:30:28.284,7.53103,7.53407,1.94,1.00
2015.02.03 16:30:28.386,7.53103,7.53398,1.94,1.00
2015.02.03 16:30:28.539,7.53062,7.53368,1.56,1.00
2015.02.03 16:30:28.590,7.53062,7.53339,1.56,1.00
2015.02.03 16:30:28.743,7.53032,7.53298,1.12,1.00
2015.02.03 16:30:28.794,7.53032,7.53288,1.12,1.00
2015.02.03 16:30:29.100,7.53032,7.53277,1.00,1.00
2015.02.03 16:30:29.201,7.53022,7.53278,1.00,1.00
2015.02.03 16:30:29.252,7.53022,7.53268,1.00,1.00
2015.02.03 16:30:29.353,7.53022,7.53298,1.00,1.00
2015.02.03 16:30:29.404,7.53042,7.53298,1.00,1.00
2015.02.03 16:30:29.454,7.53042,7.53335,1.00,1.94
2015.02.03 16:30:29.505,7.53042,7.53335,1.00,1.56
2015.02.03 16:30:29.608,7.53042,7.53335,1.00,1.94
2015.02.03 16:30:30.268,7.53023,7.53318,1.75,1.75
2015.02.03 16:30:30.572,7.53038,7.53308,1.35,1.75
2015.02.03 16:30:30.892,7.53052,7.53308,1.75,1.94
2015.02.03 16:30:30.943,7.53052,7.53319,1.75,1.94
2015.02.03 16:30:31.045,7.53052,7.53328,1.75,1.56
2015.02.03 16:30:31.694,7.53044,7.53338,1.01,1.56
2015.02.03 16:30:31.796,7.53044,7.53318,1.01,1.19
2015.02.03 16:30:32.101,7.53043,7.53318,1.94,1.26
2015.02.03 16:30:32.203,7.53052,7.53298,1.75,1.00
2015.02.03 16:30:33.097,7.53062,7.53308,1.75,1.00
2015.02.03 16:30:33.421,7.53053,7.53298,2.00,1.00
2015.02.03 16:30:34.137,7.53072,7.53339,1.75,1.94
2015.02.03 16:30:34.383,7.53093,7.53328,1.00,1.69
2015.02.03 16:30:34.434,7.53093,7.53328,1.00,1.00
2015.02.03 16:30:34.591,7.53093,7.53339,1.00,1.00
2015.02.03 16:30:34.701,7.53102,7.53339,1.00,1.00
2015.02.03 16:30:35.501,7.53102,7.53332,1.00,1.00
2015.02.03 16:30:35.603,7.53102,7.53334,1.00,1.00
2015.02.03 16:30:35.654,7.53082,7.53334,1.00,1.00
2015.02.03 16:30:35.907,7.53082,7.53334,1.75,1.00
2015.02.03 16:30:36.250,7.53105,7.53342,1.12,1.00
2015.02.03 16:30:36.353,7.53105,7.53346,1.12,1.00
2015.02.03 16:30:36.650,7.53098,7.53331,1.12,2.10
2015.02.03 16:30:36.701,7.53089,7.53331,1.12,2.10
2015.02.03 16:30:36.802,7.53098,7.53331,1.12,2.85
2015.02.03 16:30:37.011,7.53102,7.53331,1.75,1.00
2015.02.03 16:30:37.351,7.53102,7.53327,1.75,1.00
2015.02.03 16:30:37.613,7.53102,7.53333,1.75,1.00
2015.02.03 16:30:37.892,7.53103,7.53333,1.75,1.00
2015.02.03 16:30:38.016,7.53103,7.53341,1.75,1.00
2015.02.03 16:30:38.700,7.53103,7.53355,1.75,1.00
2015.02.03 16:30:38.796,7.53103,7.53355,1.50,1.00
2015.02.03 16:30:39.551,7.53102,7.53343,1.75,2.10
2015.02.03 16:30:39.990,7.53102,7.53335,1.75,1.00
2015.02.03 16:30:40.041,7.53102,7.53335,1.00,1.00
2015.02.03 16:30:40.092,7.53102,7.53341,1.00,1.00
2015.02.03 16:30:40.850,7.53093,7.53341,1.00,1.00
2015.02.03 16:30:41.302,7.53082,7.53341,1.00,1.00
2015.02.03 16:30:41.518,7.53082,7.53341,1.37,1.00
2015.02.03 16:30:41.822,7.53093,7.53348,1.12,1.00
2015.02.03 16:30:42.142,7.53112,7.53348,1.00,1.00
2015.02.03 16:30:42.704,7.5313,7.53348,1.00,1.00
2015.02.03 16:30:42.759,7.5313,7.53352,1.00,1.00
2015.02.03 16:30:43.428,7.5313,7.53372,1.00,1.00
2015.02.03 16:30:44.005,7.5313,7.53364,1.00,1.00
2015.02.03 16:30:44.511,7.5313,7.53365,1.00,1.00
2015.02.03 16:30:44.889,7.5313,7.53354,1.00,1.00
2015.02.03 16:30:45.521,7.5313,7.5335,1.00,1.00
2015.02.03 16:30:45.623,7.53112,7.5335,1.07,1.00
2015.02.03 16:30:46.013,7.53102,7.5335,1.07,1.00
2015.02.03 16:30:46.431,7.53112,7.5335,1.00,1.00
2015.02.03 16:30:46.532,7.53112,7.53357,1.00,1.00
2015.02.03 16:30:46.583,7.53133,7.53357,1.00,1.00
2015.02.03 16:30:46.887,7.53153,7.5337,1.00,1.00
2015.02.03 16:30:46.988,7.53142,7.53394,1.00,1.00
2015.02.03 16:30:47.050,7.53142,7.53375,1.00,1.00
2015.02.03 16:30:47.239,7.53132,7.53375,1.10,1.00
2015.02.03 16:30:47.391,7.53132,7.53362,1.00,1.00
2015.02.03 16:30:48.323,7.53142,7.53362,1.00,1.00
2015.02.03 16:30:48.562,7.53132,7.53362,1.00,1.00
2015.02.03 16:30:48.770,7.53142,7.53362,1.00,1.00
2015.02.03 16:30:49.180,7.53132,7.5335,1.00,1.00
2015.02.03 16:30:49.599,7.53132,7.53344,1.00,1.00
2015.02.03 16:30:49.650,7.53106,7.53344,1.12,1.00
2015.02.03 16:30:49.701,7.53106,7.53304,1.12,1.00
2015.02.03 16:30:50.239,7.53092,7.53304,1.00,1.00
2015.02.03 16:30:50.500,7.53082,7.53304,1.10,1.00
2015.02.03 16:30:51.294,7.53092,7.53304,1.00,1.00
2015.02.03 16:30:51.710,7.53083,7.53304,1.00,1.00
2015.02.03 16:30:52.945,7.53082,7.53304,1.00,1.00
2015.02.03 16:30:53.539,7.53072,7.53294,1.07,1.00
2015.02.03 16:30:53.807,7.53051,7.53294,1.12,1.00
2015.02.03 16:30:53.858,7.53047,7.53294,1.37,1.00
2015.02.03 16:30:54.138,7.53047,7.53279,1.37,1.00
2015.02.03 16:30:54.452,7.53047,7.53286,1.37,1.00
2015.02.03 16:30:54.604,7.53047,7.53286,1.00,1.00
2015.02.03 16:30:54.794,7.53052,7.53285,1.00,1.00
2015.02.03 16:30:55.150,7.53047,7.53285,1.00,1.00
2015.02.03 16:30:55.777,7.53042,7.53274,1.37,1.00
2015.02.03 16:30:56.184,7.53042,7.53263,1.37,1.00
2015.02.03 16:30:56.387,7.53018,7.53263,1.31,1.00
2015.02.03 16:30:56.540,7.53012,7.53263,1.75,1.00
2015.02.03 16:30:56.642,7.53003,7.53256,1.75,1.00
2015.02.03 16:30:56.946,7.52973,7.53218,1.75,1.00
2015.02.03 16:30:56.997,7.52973,7.53218,1.75,1.07
2015.02.03 16:30:57.099,7.52973,7.53218,1.75,1.37
2015.02.03 16:30:57.352,7.53002,7.53217,1.00,1.00
2015.02.03 16:30:57.403,7.53002,7.53228,1.00,1.87
2015.02.03 16:30:57.454,7.52972,7.53198,1.75,1.00
2015.02.03 16:30:57.555,7.52953,7.5321,1.75,1.00
2015.02.03 16:30:57.682,7.52962,7.5321,1.75,1.07
2015.02.03 16:30:57.961,7.52962,7.5321,1.75,1.07
2015.02.03 16:30:58.377,7.52962,7.5321,1.75,1.07
2015.02.03 16:30:58.428,7.52972,7.5321,1.00,1.07
2015.02.03 16:30:58.751,7.52952,7.53202,1.75,1.10
2015.02.03 16:30:58.990,7.52952,7.53202,1.75,1.37
2015.02.03 16:30:59.300,7.52942,7.53177,1.75,1.00
2015.02.03 16:30:59.402,7.52942,7.53177,1.75,1.00
2015.02.03 16:30:59.555,7.52918,7.53177,2.05,1.07
2015.02.03 16:30:59.707,7.52932,7.53157,1.37,1.19
2015.02.03 16:30:59.808,7.52883,7.53178,1.12,1.26
2015.02.03 16:31:00.015,7.52883,7.53176,1.12,1.26
2015.02.03 16:31:00.070,7.52902,7.53138,1.75,1.00
2015.02.03 16:31:00.387,7.52912,7.53168,1.75,1.26
2015.02.03 16:31:00.489,7.52923,7.53184,1.00,1.56
2015.02.03 16:31:00.590,7.52892,7.53122,1.75,1.00
2015.02.03 16:31:00.691,7.52872,7.53104,1.37,1.00
2015.02.03 16:31:00.809,7.52872,7.5313,1.75,1.37
2015.02.03 16:31:01.112,7.52902,7.53145,1.75,1.75
2015.02.03 16:31:01.162,7.52902,7.53145,1.75,1.75
2015.02.03 16:31:01.213,7.52902,7.53145,1.75,1.75
2015.02.03 16:31:01.517,7.52912,7.53158,1.75,1.26
2015.02.03 16:31:01.574,7.52912,7.53158,1.75,1.26
2015.02.03 16:31:02.209,7.52893,7.53158,1.35,1.26
2015.02.03 16:31:02.310,7.52892,7.53148,1.75,1.00
2015.02.03 16:31:02.361,7.52892,7.5313,1.75,1.00
2015.02.03 16:31:02.662,7.52862,7.53118,1.94,1.00
2015.02.03 16:31:02.713,7.52862,7.53128,1.94,1.00
2015.02.03 16:31:03.032,7.52862,7.53118,1.94,1.00
2015.02.03 16:31:03.083,7.52862,7.53118,1.94,1.00
2015.02.03 16:31:03.179,7.52862,7.53118,1.94,1.00
2015.02.03 16:31:03.632,7.52859,7.53108,1.94,1.00
2015.02.03 16:31:03.734,7.52859,7.53118,1.94,1.00
2015.02.03 16:31:03.785,7.52859,7.53118,1.94,1.00
2015.02.03 16:31:03.835,7.52872,7.53127,1.75,1.00
2015.02.03 16:31:03.937,7.52862,7.53137,1.94,1.00
2015.02.03 16:31:04.089,7.52862,7.53137,1.94,1.00
2015.02.03 16:31:04.140,7.52882,7.53131,1.75,1.00
2015.02.03 16:31:04.587,7.52882,7.53136,1.75,1.00
2015.02.03 16:31:04.738,7.52903,7.53136,1.00,1.00
2015.02.03 16:31:05.059,7.52912,7.5315,1.75,1.00
2015.02.03 16:31:05.110,7.52912,7.53147,1.37,1.00
2015.02.03 16:31:05.212,7.52912,7.53138,1.37,1.00
2015.02.03 16:31:05.381,7.52902,7.53145,1.75,1.00
2015.02.03 16:31:05.666,7.52912,7.53148,1.37,1.00
2015.02.03 16:31:05.717,7.52922,7.53158,1.75,1.50
2015.02.03 16:31:06.021,7.52932,7.53176,1.75,1.00
2015.02.03 16:31:06.123,7.52922,7.53177,1.75,1.00
2015.02.03 16:31:06.379,7.52942,7.53176,1.00,1.00
2015.02.03 16:31:06.481,7.52933,7.53176,1.37,1.00
2015.02.03 16:31:06.779,7.52913,7.53176,1.75,1.00
2015.02.03 16:31:06.831,7.52902,7.53148,1.75,1.00
2015.02.03 16:31:07.135,7.52882,7.53127,1.75,1.00
2015.02.03 16:31:07.300,7.52882,7.53128,1.75,1.00
2015.02.03 16:31:07.612,7.52877,7.53137,1.75,1.00
2015.02.03 16:31:07.713,7.52883,7.53137,1.75,1.00
2015.02.03 16:31:08.092,7.52892,7.53148,1.75,1.00
2015.02.03 16:31:08.303,7.52892,7.53148,1.75,1.00
2015.02.03 16:31:08.598,7.52902,7.53138,1.75,1.00
2015.02.03 16:31:08.649,7.52902,7.53128,1.75,1.00
2015.02.03 16:31:09.085,7.52892,7.53138,1.75,1.00
2015.02.03 16:31:09.237,7.52882,7.53128,1.00,1.00
2015.02.03 16:31:09.288,7.52882,7.53077,1.00,1.00
2015.02.03 16:31:09.339,7.52877,7.53077,1.00,1.00
2015.02.03 16:31:09.390,7.52842,7.53078,1.12,1.00
2015.02.03 16:31:09.491,7.52833,7.53088,1.75,1.00
2015.02.03 16:31:09.593,7.52833,7.53078,1.75,1.00
2015.02.03 16:31:09.903,7.52833,7.53078,1.75,1.00
2015.02.03 16:31:10.021,7.52833,7.53068,1.75,1.00
2015.02.03 16:31:11.667,7.52836,7.53058,1.35,1.00
2015.02.03 16:31:11.878,7.52836,7.53068,1.35,1.00
2015.02.03 16:31:12.110,7.52825,7.53057,1.75,1.00
2015.02.03 16:31:12.161,7.52825,7.53057,1.00,1.00
2015.02.03 16:31:12.211,7.52825,7.53027,1.00,1.00
2015.02.03 16:31:12.531,7.52773,7.53017,1.75,1.00
2015.02.03 16:31:12.632,7.52773,7.53028,1.75,1.00
2015.02.03 16:31:12.713,7.52773,7.53028,1.75,1.00
2015.02.03 16:31:12.915,7.52773,7.53028,1.75,1.00
2015.02.03 16:31:12.966,7.52773,7.53038,1.75,1.00
2015.02.03 16:31:13.017,7.52753,7.53033,1.75,1.00
2015.02.03 16:31:13.333,7.52753,7.53018,1.75,1.00
2015.02.03 16:31:13.384,7.52753,7.53028,1.75,1.00
2015.02.03 16:31:13.517,7.52753,7.53028,1.75,1.00
2015.02.03 16:31:13.720,7.52753,7.53015,1.75,1.00
2015.02.03 16:31:14.338,7.52762,7.53017,1.75,1.00
2015.02.03 16:31:16.470,7.52791,7.53017,1.75,1.00
2015.02.03 16:31:17.264,7.52791,7.53017,1.75,1.00
2015.02.03 16:31:17.315,7.52791,7.53035,1.75,1.00
2015.02.03 16:31:17.417,7.52792,7.53052,1.75,1.37
2015.02.03 16:31:17.467,7.52792,7.53052,1.75,1.00
2015.02.03 16:31:17.779,7.52802,7.53052,2.25,1.00
2015.02.03 16:31:18.164,7.52802,7.53052,1.75,1.00
2015.02.03 16:31:18.662,7.52802,7.53061,1.75,1.00
2015.02.03 16:31:18.964,7.52812,7.53072,1.75,1.00
2015.02.03 16:31:19.242,7.52812,7.53072,1.75,1.00
2015.02.03 16:31:19.293,7.52832,7.53089,1.75,1.00
2015.02.03 16:31:19.343,7.52832,7.53089,1.75,1.00
2015.02.03 16:31:19.445,7.52813,7.53089,1.75,1.00
2015.02.03 16:31:20.267,7.52849,7.53078,1.75,1.00
2015.02.03 16:31:20.318,7.52849,7.53097,1.75,1.00
2015.02.03 16:31:20.369,7.52849,7.53097,1.75,1.00
2015.02.03 16:31:20.420,7.52849,7.53109,1.75,1.00
2015.02.03 16:31:20.572,7.52849,7.53109,1.94,1.19
2015.02.03 16:31:20.674,7.52803,7.53038,1.31,1.19
2015.02.03 16:31:21.018,7.5279,7.53027,1.94,1.00
2015.02.03 16:31:21.402,7.5279,7.53027,1.75,1.00
2015.02.03 16:31:21.453,7.5279,7.53008,1.75,1.00
2015.02.03 16:31:21.554,7.5279,7.53008,1.00,1.00
2015.02.03 16:31:21.605,7.5279,7.52963,1.00,1.00
2015.02.03 16:31:21.911,7.5279,7.52959,1.00,1.00
2015.02.03 16:31:22.063,7.5279,7.52963,1.00,1.00
2015.02.03 16:31:22.115,7.5279,7.52958,1.00,1.00
2015.02.03 16:31:22.216,7.5279,7.52963,1.00,1.00
2015.02.03 16:31:22.715,7.52763,7.52963,1.00,1.00
2015.02.03 16:31:22.841,7.52763,7.52965,1.00,1.00
2015.02.03 16:31:23.052,7.52763,7.52955,1.00,1.00
2015.02.03 16:31:23.153,7.52759,7.53003,1.75,1.00
2015.02.03 16:31:23.204,7.52778,7.53003,2.05,1.00
2015.02.03 16:31:23.254,7.52778,7.53024,2.05,1.00
2015.02.03 16:31:23.305,7.52778,7.53024,2.05,1.00
2015.02.03 16:31:23.407,7.52778,7.52997,1.30,1.00
2015.02.03 16:31:23.712,7.52804,7.52978,1.00,1.00
2015.02.03 16:31:23.915,7.52804,7.53037,1.00,1.00
2015.02.03 16:31:24.016,7.52804,7.5303,1.00,1.00
2015.02.03 16:31:24.320,7.52794,7.52993,1.00,1.00
2015.02.03 16:31:24.522,7.52859,7.53059,1.00,1.00
2015.02.03 16:31:24.573,7.52859,7.53078,1.00,1.00
2015.02.03 16:31:24.726,7.52893,7.53077,1.00,1.00
2015.02.03 16:31:24.928,7.52893,7.53094,1.00,1.00
2015.02.03 16:31:25.450,7.52893,7.53105,1.00,1.00
2015.02.03 16:31:25.703,7.52893,7.53113,1.75,1.00
2015.02.03 16:31:25.810,7.52893,7.53131,1.75,1.00
2015.02.03 16:31:26.052,7.52932,7.53193,1.75,1.00
2015.02.03 16:31:26.154,7.52935,7.53193,1.12,1.00
2015.02.03 16:31:26.498,7.52947,7.53158,1.01,1.00
2015.02.03 16:31:26.549,7.52967,7.53168,1.19,1.00
2015.02.03 16:31:26.650,7.52967,7.53157,1.19,1.00
2015.02.03 16:31:26.954,7.52922,7.53138,1.37,2.10
2015.02.03 16:31:27.005,7.52922,7.53077,1.37,1.00
2015.02.03 16:31:27.055,7.52922,7.53077,1.00,1.00
2015.02.03 16:31:27.106,7.52922,7.53068,1.19,1.00
2015.02.03 16:31:27.208,7.52922,7.53108,1.94,1.00
2015.02.03 16:31:27.431,7.52922,7.53097,1.56,1.00
2015.02.03 16:31:27.533,7.52922,7.53087,1.37,1.00
2015.02.03 16:31:27.634,7.52922,7.53108,1.37,1.19
2015.02.03 16:31:27.735,7.52882,7.53098,1.94,1.00
2015.02.03 16:31:28.150,7.52878,7.53125,1.00,1.86
2015.02.03 16:31:28.455,7.52905,7.53128,1.00,1.86
2015.02.03 16:31:29.120,7.52905,7.53121,1.75,1.60
2015.02.03 16:31:29.441,7.52905,7.53124,1.82,1.60
2015.02.03 16:31:29.744,7.52906,7.53105,1.12,1.35
2015.02.03 16:31:29.999,7.52905,7.53123,1.37,1.60
2015.02.03 16:31:30.101,7.52905,7.53111,1.37,1.00
2015.02.03 16:31:30.202,7.52905,7.53111,1.07,1.00
2015.02.03 16:31:30.304,7.52905,7.53158,1.07,1.00
2015.02.03 16:31:30.355,7.52905,7.53158,1.82,1.00
2015.02.03 16:31:30.456,7.52905,7.53188,1.82,1.00
2015.02.03 16:31:30.730,7.52905,7.5319,1.85,1.00
2015.02.03 16:31:30.781,7.52908,7.5319,1.12,1.00
2015.02.03 16:31:30.832,7.52908,7.53201,1.12,1.37
2015.02.03 16:31:30.883,7.52926,7.53201,1.45,1.00
2015.02.03 16:31:30.984,7.52949,7.53248,1.12,1.00
2015.02.03 16:31:31.370,7.52974,7.53247,1.12,1.00
2015.02.03 16:31:31.421,7.5297,7.53238,1.75,1.00
2015.02.03 16:31:31.751,7.52993,7.53238,1.75,1.00
2015.02.03 16:31:32.034,7.52993,7.53248,1.75,1.00
2015.02.03 16:31:32.135,7.52993,7.53258,1.75,1.00
2015.02.03 16:31:32.436,7.53023,7.53247,1.00,1.00
2015.02.03 16:31:32.626,7.53023,7.53257,1.00,1.00
2015.02.03 16:31:33.240,7.53023,7.53258,1.00,1.00
2015.02.03 16:31:33.401,7.53023,7.53248,1.00,1.00
2015.02.03 16:31:33.663,7.53023,7.53258,1.00,1.00
2015.02.03 16:31:33.865,7.52988,7.53258,1.75,1.00
2015.02.03 16:31:33.916,7.52988,7.53268,1.75,1.00
2015.02.03 16:31:33.972,7.52988,7.53258,1.75,1.00
2015.02.03 16:31:34.179,7.52988,7.53268,1.75,1.00
2015.02.03 16:31:34.591,7.52988,7.53278,1.75,1.00
2015.02.03 16:31:34.651,7.52988,7.53278,1.75,1.00
2015.02.03 16:31:34.702,7.52992,7.53298,1.75,1.00
2015.02.03 16:31:34.904,7.53012,7.53298,1.75,1.00
2015.02.03 16:31:35.006,7.53012,7.53298,1.00,1.00
2015.02.03 16:31:35.057,7.53012,7.5329,1.00,1.00
2015.02.03 16:31:35.380,7.52988,7.53238,1.00,1.00
2015.02.03 16:31:35.683,7.52988,7.53238,1.19,1.00
2015.02.03 16:31:36.052,7.52988,7.53248,1.94,1.00
2015.02.03 16:31:36.154,7.52988,7.53238,1.94,1.00
2015.02.03 16:31:36.458,7.52976,7.53217,1.19,1.00
2015.02.03 16:31:36.660,7.52992,7.53218,1.00,1.00
2015.02.03 16:31:36.711,7.52992,7.53228,1.00,1.00
2015.02.03 16:31:36.762,7.52976,7.53228,1.00,1.00
2015.02.03 16:31:36.915,7.52993,7.53247,1.00,1.00
2015.02.03 16:31:37.207,7.52993,7.53238,1.00,1.00
2015.02.03 16:31:37.381,7.52993,7.53248,1.00,1.00
2015.02.03 16:31:37.530,7.53002,7.53248,1.00,1.00
2015.02.03 16:31:37.633,7.53002,7.53267,1.75,1.00
2015.02.03 16:31:37.684,7.53032,7.53278,1.00,1.00
2015.02.03 16:31:37.987,7.53052,7.53297,1.00,1.00
2015.02.03 16:31:38.038,7.53052,7.53307,1.00,1.00
2015.02.03 16:31:38.140,7.53052,7.53317,1.00,1.00
2015.02.03 16:31:38.191,7.53063,7.53317,1.00,1.00
2015.02.03 16:31:38.520,7.53073,7.53318,1.00,1.00
2015.02.03 16:31:38.850,7.53062,7.53318,1.00,1.00
2015.02.03 16:31:39.019,7.53062,7.53313,1.00,1.00
2015.02.03 16:31:39.120,7.53032,7.53308,1.00,1.00
2015.02.03 16:31:39.171,7.53032,7.53308,1.00,1.75
2015.02.03 16:31:39.490,7.53013,7.53269,1.00,1.00
2015.02.03 16:31:39.541,7.53002,7.53269,1.00,1.00
2015.02.03 16:31:39.643,7.53012,7.53269,1.00,1.00
2015.02.03 16:31:39.744,7.53012,7.5328,1.00,1.00
2015.02.03 16:31:39.845,7.53022,7.5328,1.00,1.00
2015.02.03 16:31:40.101,7.53012,7.53289,1.00,1.00
2015.02.03 16:31:40.152,7.53012,7.53289,1.75,1.00
2015.02.03 16:31:40.456,7.53013,7.53238,1.00,1.00
2015.02.03 16:31:40.558,7.52982,7.53227,1.26,1.00
2015.02.03 16:31:40.660,7.52981,7.53228,1.19,1.00
2015.02.03 16:31:40.863,7.52981,7.53218,1.19,1.00
2015.02.03 16:31:41.172,7.52966,7.53192,1.00,1.19
2015.02.03 16:31:41.468,7.52924,7.53158,1.19,1.00
2015.02.03 16:31:42.229,7.52924,7.53148,1.19,1.00
2015.02.03 16:31:42.562,7.53015,7.53192,1.19,1.37
2015.02.03 16:31:42.664,7.53014,7.53207,1.79,1.00
2015.02.03 16:31:42.766,7.53042,7.53268,1.19,1.00
2015.02.03 16:31:43.356,7.53035,7.53258,1.19,1.00
2015.02.03 16:31:43.697,7.53035,7.53257,1.94,1.00
2015.02.03 16:31:43.748,7.53035,7.53257,1.94,1.00
2015.02.03 16:31:43.902,7.53035,7.53248,1.94,1.00
2015.02.03 16:31:44.199,7.53035,7.53257,1.94,1.00
2015.02.03 16:31:44.360,7.53035,7.53257,1.94,1.60
2015.02.03 16:31:44.411,7.53035,7.53248,1.94,1.19
2015.02.03 16:31:44.613,7.53005,7.53238,1.54,1.00
2015.02.03 16:31:44.664,7.53005,7.53238,1.54,1.00
2015.02.03 16:31:44.866,7.52994,7.53228,1.94,1.07
2015.02.03 16:31:45.199,7.53039,7.53208,2.85,1.07
2015.02.03 16:31:45.402,7.53032,7.53258,1.75,1.37
2015.02.03 16:31:45.503,7.53032,7.53258,1.75,1.00
2015.02.03 16:31:45.568,7.53032,7.53248,1.75,1.00
2015.02.03 16:31:45.925,7.53028,7.53237,1.75,1.00
2015.02.03 16:31:46.356,7.53028,7.53237,1.75,1.00
2015.02.03 16:31:46.660,7.53045,7.53198,1.37,1.00
2015.02.03 16:31:46.913,7.5307,7.53198,1.00,1.00
2015.02.03 16:31:46.964,7.5307,7.53208,1.00,1.00
2015.02.03 16:31:47.179,7.5307,7.53248,1.75,1.00
2015.02.03 16:31:47.409,7.5307,7.53248,1.00,1.00
2015.02.03 16:31:48.267,7.5307,7.53248,1.75,1.00
2015.02.03 16:31:48.419,7.5306,7.53278,1.75,1.00
2015.02.03 16:31:48.631,7.5306,7.53268,1.75,1.00
2015.02.03 16:31:49.277,7.5306,7.53268,1.00,1.00
2015.02.03 16:31:49.378,7.5306,7.53268,1.75,1.00
2015.02.03 16:31:49.690,7.5306,7.53267,1.00,1.00
2015.02.03 16:31:49.979,7.5306,7.53298,1.00,1.08
2015.02.03 16:31:50.029,7.5306,7.53298,1.19,1.08
2015.02.03 16:31:50.378,7.5306,7.53288,1.94,1.06
2015.02.03 16:31:51.015,7.5306,7.53288,1.94,1.00
2015.02.03 16:31:51.129,7.5306,7.53288,1.19,1.00
2015.02.03 16:31:51.180,7.5306,7.53258,1.19,1.00
2015.02.03 16:31:51.370,7.5306,7.53309,1.19,1.12
2015.02.03 16:31:51.422,7.5306,7.53317,1.94,1.75
2015.02.03 16:31:51.698,7.5306,7.53325,1.94,1.37
2015.02.03 16:31:51.799,7.5306,7.53325,1.94,1.37
2015.02.03 16:31:52.002,7.5306,7.53318,1.94,1.00
2015.02.03 16:31:52.103,7.5306,7.53328,1.94,1.07
2015.02.03 16:31:52.439,7.53126,7.53378,1.16,1.94
2015.02.03 16:31:52.540,7.53126,7.53393,1.16,1.56
2015.02.03 16:31:52.693,7.53143,7.53393,1.16,1.25
2015.02.03 16:31:53.465,7.53143,7.53412,1.94,1.19
2015.02.03 16:31:54.448,7.5316,7.53412,1.54,1.19
2015.02.03 16:31:54.697,7.5316,7.53412,1.54,1.00
2015.02.03 16:31:54.809,7.5319,7.53412,1.16,1.00
2015.02.03 16:31:54.860,7.532,7.53436,1.35,1.19
2015.02.03 16:31:54.961,7.53208,7.53452,1.35,1.26
2015.02.03 16:31:55.448,7.53208,7.53462,1.35,1.26
2015.02.03 16:31:55.549,7.53208,7.53456,1.54,1.00
2015.02.03 16:31:55.701,7.53208,7.53458,1.54,1.26
2015.02.03 16:31:55.853,7.53182,7.53443,1.19,2.22
2015.02.03 16:31:56.303,7.53164,7.5342,1.31,1.00
2015.02.03 16:31:56.607,7.53142,7.5341,1.94,1.00
2015.02.03 16:31:56.809,7.53139,7.5341,1.94,1.00
2015.02.03 16:31:56.860,7.53167,7.53428,1.94,1.79
2015.02.03 16:31:56.912,7.53167,7.53428,1.94,1.60
2015.02.03 16:31:57.164,7.53203,7.53457,1.69,1.07
2015.02.03 16:31:57.216,7.53203,7.53457,1.94,1.07
2015.02.03 16:31:57.266,7.53203,7.53476,1.94,1.00
2015.02.03 16:31:57.319,7.53203,7.53476,1.94,1.00
2015.02.03 16:31:57.370,7.53256,7.53507,1.75,1.00
2015.02.03 16:31:58.282,7.53243,7.53507,1.00,1.00
2015.02.03 16:31:58.384,7.53252,7.53512,1.00,1.00
2015.02.03 16:31:58.485,7.53252,7.53514,1.00,1.00
2015.02.03 16:31:58.536,7.53252,7.53514,1.75,1.00
2015.02.03 16:31:59.790,7.5328,7.53535,1.75,1.00
2015.02.03 16:31:59.948,7.5328,7.53501,1.75,1.00
2015.02.03 16:31:59.999,7.5328,7.53501,1.00,1.00
2015.02.03 16:32:00.051,7.53252,7.53484,1.37,1.00
2015.02.03 16:32:00.285,7.53235,7.53491,1.12,1.00
2015.02.03 16:32:00.598,7.53227,7.53486,1.75,1.00
2015.02.03 16:32:01.659,7.53221,7.53494,1.75,1.00
2015.02.03 16:32:01.879,7.53221,7.53487,1.75,1.00
2015.02.03 16:32:03.639,7.53221,7.5347,1.75,1.00
2015.02.03 16:32:03.690,7.53221,7.5347,1.75,1.00
2015.02.03 16:32:03.791,7.5319,7.5347,1.01,1.00
2015.02.03 16:32:03.892,7.53188,7.53456,1.94,1.00
2015.02.03 16:32:05.917,7.53188,7.53456,1.00,1.00
2015.02.03 16:32:05.967,7.53192,7.53456,1.00,1.00
2015.02.03 16:32:06.990,7.53202,7.53456,1.00,1.00
2015.02.03 16:32:07.411,7.53213,7.53456,1.00,1.00
2015.02.03 16:32:07.512,7.53202,7.53483,1.75,1.00
2015.02.03 16:32:08.429,7.53202,7.53483,1.00,1.75
2015.02.03 16:32:08.531,7.53188,7.53469,1.37,1.50
2015.02.03 16:32:08.917,7.53188,7.53469,1.00,1.50
2015.02.03 16:32:09.074,7.53188,7.53469,1.00,1.75
2015.02.03 16:32:09.378,7.53171,7.53441,1.37,1.00
2015.02.03 16:32:09.494,7.53171,7.53436,1.37,1.00
2015.02.03 16:32:09.809,7.53182,7.53436,1.00,1.00
2015.02.03 16:32:10.228,7.53193,7.53436,1.00,1.00
2015.02.03 16:32:10.620,7.53182,7.53436,1.00,1.00
2015.02.03 16:32:10.820,7.53173,7.53436,1.37,1.00
2015.02.03 16:32:11.888,7.53173,7.53429,1.37,1.00
2015.02.03 16:32:12.228,7.53182,7.53429,1.00,1.00
2015.02.03 16:32:12.330,7.53182,7.53437,1.00,1.00
2015.02.03 16:32:12.381,7.53192,7.53437,1.00,1.00
2015.02.03 16:32:12.671,7.53172,7.53431,1.00,1.00
2015.02.03 16:32:12.773,7.53172,7.53416,1.00,1.00
2015.02.03 16:32:13.099,7.53172,7.53419,1.00,1.00
2015.02.03 16:32:13.320,7.53173,7.53438,1.00,1.00
2015.02.03 16:32:13.371,7.53173,7.53438,1.75,1.00
2015.02.03 16:32:13.472,7.53172,7.53438,1.37,1.00
2015.02.03 16:32:13.538,7.53172,7.53414,1.37,1.00
2015.02.03 16:32:13.981,7.53171,7.53401,1.37,1.00
2015.02.03 16:32:14.082,7.53171,7.53401,1.00,1.00
2015.02.03 16:32:14.958,7.53162,7.53401,1.00,1.00
2015.02.03 16:32:15.568,7.53155,7.53401,1.75,1.00
2015.02.03 16:32:15.647,7.53155,7.53401,1.00,1.00
2015.02.03 16:32:15.983,7.53139,7.5339,1.30,1.00
2015.02.03 16:32:16.034,7.53132,7.5339,1.00,1.00
2015.02.03 16:32:16.085,7.53124,7.5339,1.19,1.00
2015.02.03 16:32:16.187,7.53124,7.5339,1.94,1.00
2015.02.03 16:32:16.948,7.53124,7.53377,1.94,1.00
2015.02.03 16:32:17.529,7.53124,7.53365,1.94,1.00
2015.02.03 16:32:17.833,7.53124,7.53377,1.94,1.00
2015.02.03 16:32:17.954,7.53124,7.53377,1.94,1.00
2015.02.03 16:32:18.048,7.53124,7.5339,1.94,1.00
2015.02.03 16:32:18.099,7.53152,7.5339,1.00,1.00
2015.02.03 16:32:18.270,7.53152,7.53397,1.00,1.60
2015.02.03 16:32:19.599,7.53153,7.53403,1.00,1.60
2015.02.03 16:32:20.162,7.53152,7.53403,1.00,1.60
2015.02.03 16:32:20.493,7.53152,7.53409,1.75,1.00
2015.02.03 16:32:20.796,7.53177,7.53408,1.00,1.00
2015.02.03 16:32:20.847,7.53177,7.53416,1.00,1.00
2015.02.03 16:32:20.899,7.53172,7.53416,1.00,1.75
2015.02.03 16:32:20.950,7.53143,7.5332,1.00,1.75
2015.02.03 16:32:21.000,7.53143,7.53283,1.00,1.00
2015.02.03 16:32:21.051,7.53132,7.53283,1.00,1.00
2015.02.03 16:32:21.102,7.53132,7.53307,1.00,1.00
2015.02.03 16:32:21.153,7.53113,7.53313,1.00,1.00
2015.02.03 16:32:21.254,7.53122,7.53315,1.00,1.00
2015.02.03 16:32:21.406,7.53122,7.53318,1.00,1.00
2015.02.03 16:32:21.508,7.53062,7.53318,1.00,1.00
2015.02.03 16:32:21.729,7.53042,7.53318,1.00,1.00
2015.02.03 16:32:21.830,7.53052,7.53318,1.00,1.00
2015.02.03 16:32:22.033,7.53043,7.53319,1.00,1.00
2015.02.03 16:32:22.171,7.53072,7.53319,1.00,1.00
2015.02.03 16:32:22.898,7.53073,7.53319,1.00,1.00
2015.02.03 16:32:23.213,7.53082,7.53317,1.12,1.00
2015.02.03 16:32:23.537,7.53028,7.53294,2.05,1.00
2015.02.03 16:32:23.840,7.53052,7.53294,1.75,1.00
2015.02.03 16:32:24.229,7.53052,7.53338,1.75,1.75
2015.02.03 16:32:24.331,7.53052,7.53325,1.75,1.00
2015.02.03 16:32:24.643,7.53028,7.53217,2.05,1.00
2015.02.03 16:32:25.699,7.53028,7.53217,1.67,1.00
2015.02.03 16:32:25.901,7.53028,7.53217,1.30,1.00
2015.02.03 16:32:26.433,7.53028,7.53218,1.30,1.00
2015.02.03 16:32:27.193,7.53028,7.53218,1.67,1.00
2015.02.03 16:32:28.805,7.53028,7.53217,1.67,1.00
2015.02.03 16:32:29.123,7.53028,7.53218,1.30,1.00
2015.02.03 16:32:29.227,7.52993,7.53218,1.37,1.00
2015.02.03 16:32:29.595,7.52982,7.53218,1.75,1.00
2015.02.03 16:32:29.941,7.52982,7.53218,1.94,1.00
2015.02.03 16:32:30.093,7.52997,7.53218,2.05,1.00
2015.02.03 16:32:30.346,7.52997,7.53218,1.30,1.00
2015.02.03 16:32:31.296,7.52997,7.53218,2.05,1.00
2015.02.03 16:32:32.246,7.53012,7.53218,1.75,1.00
2015.02.03 16:32:32.450,7.53042,7.53307,1.75,1.75
2015.02.03 16:32:34.228,7.53142,7.5334,1.00,1.75
2015.02.03 16:32:34.479,7.53142,7.5334,1.00,1.75
2015.02.03 16:32:34.530,7.53152,7.5334,1.00,1.75
2015.02.03 16:32:34.842,7.53162,7.53348,1.00,1.75
2015.02.03 16:32:35.044,7.53162,7.53348,1.00,1.37
2015.02.03 16:32:35.095,7.53153,7.53348,1.00,1.37
2015.02.03 16:32:35.278,7.53162,7.53348,1.00,1.37
2015.02.03 16:32:37.058,7.53192,7.53354,1.00,1.37
2015.02.03 16:32:37.109,7.53192,7.53374,1.00,1.37
2015.02.03 16:32:37.160,7.53213,7.53374,1.00,1.00
2015.02.03 16:32:37.477,7.53202,7.53374,1.00,1.00
2015.02.03 16:32:38.369,7.53212,7.53374,1.00,1.00
2015.02.03 16:32:38.521,7.53212,7.53394,1.00,1.00
2015.02.03 16:32:38.740,7.53222,7.53394,1.00,1.00
2015.02.03 16:32:38.909,7.53212,7.53394,1.00,1.00
2015.02.03 16:32:39.192,7.53212,7.53406,1.00,1.12
2015.02.03 16:32:39.627,7.53212,7.53402,1.00,1.00
2015.02.03 16:32:39.728,7.53212,7.53404,1.00,1.00
2015.02.03 16:32:40.193,7.53212,7.53399,1.00,1.00
2015.02.03 16:32:40.558,7.53223,7.53399,1.00,1.00
2015.02.03 16:32:41.499,7.53223,7.53413,1.00,1.75
2015.02.03 16:32:41.550,7.53242,7.53413,1.00,1.75
2015.02.03 16:32:41.651,7.53242,7.53413,1.00,1.07
2015.02.03 16:32:42.135,7.53252,7.53413,1.00,1.07
2015.02.03 16:32:42.679,7.53253,7.53419,1.00,1.37
2015.02.03 16:32:43.064,7.53253,7.53411,1.00,1.00
2015.02.03 16:32:43.249,7.53252,7.53436,1.00,1.12
2015.02.03 16:32:43.528,7.53242,7.53436,1.00,1.12
2015.02.03 16:32:43.781,7.53202,7.53436,1.00,1.12
2015.02.03 16:32:43.832,7.53202,7.53446,1.00,1.87
2015.02.03 16:32:43.883,7.53192,7.53446,1.00,1.87
2015.02.03 16:32:43.934,7.53192,7.53446,1.00,1.00
2015.02.03 16:32:43.985,7.53222,7.53446,1.00,1.00
2015.02.03 16:32:44.035,7.53222,7.53464,1.00,1.37
2015.02.03 16:32:44.086,7.53252,7.53464,1.00,1.37
2015.02.03 16:32:44.187,7.53252,7.53487,1.00,1.82
2015.02.03 16:32:44.289,7.53252,7.53487,1.00,1.82
2015.02.03 16:32:44.561,7.53242,7.53487,1.00,1.82
2015.02.03 16:32:44.665,7.53222,7.53487,1.00,1.82
2015.02.03 16:32:45.838,7.53212,7.53487,1.00,1.82
2015.02.03 16:32:46.089,7.53242,7.5349,1.00,1.12
2015.02.03 16:32:46.141,7.53242,7.535,1.00,1.00
2015.02.03 16:32:46.420,7.53253,7.535,1.00,1.00
2015.02.03 16:32:46.967,7.53242,7.535,1.00,1.00
2015.02.03 16:32:47.947,7.53252,7.535,1.37,1.00
2015.02.03 16:32:48.150,7.53262,7.53509,1.00,1.00
2015.02.03 16:32:48.302,7.53272,7.53509,1.00,1.00
2015.02.03 16:32:48.727,7.53282,7.53509,1.00,1.00
2015.02.03 16:32:48.998,7.53282,7.53537,1.00,1.12
2015.02.03 16:32:49.150,7.53292,7.53537,1.00,1.12
2015.02.03 16:32:49.617,7.53292,7.5353,1.00,1.00
2015.02.03 16:32:49.908,7.53273,7.5353,1.00,1.00
2015.02.03 16:32:50.109,7.53273,7.5353,1.00,1.75
2015.02.03 16:32:50.362,7.53253,7.53505,1.00,1.35
2015.02.03 16:32:50.413,7.53253,7.53502,1.00,1.00
2015.02.03 16:32:50.464,7.53272,7.53502,1.00,1.75
2015.02.03 16:32:50.565,7.53272,7.53502,1.00,1.07
2015.02.03 16:32:50.616,7.53293,7.53523,1.00,1.37
2015.02.03 16:32:50.667,7.53293,7.53523,1.00,1.37
2015.02.03 16:32:50.718,7.53313,7.53523,1.00,1.37
2015.02.03 16:32:50.768,7.53313,7.53541,1.00,1.45
2015.02.03 16:32:50.920,7.53332,7.53556,1.00,1.75
2015.02.03 16:32:50.971,7.53332,7.53556,1.00,1.37
2015.02.03 16:32:51.123,7.53332,7.53567,1.00,1.37
2015.02.03 16:32:51.314,7.53332,7.53567,1.00,1.00
2015.02.03 16:32:51.466,7.53343,7.53567,1.00,1.00
2015.02.03 16:32:51.669,7.53332,7.53573,1.00,1.87
2015.02.03 16:32:51.821,7.53332,7.53573,1.00,1.87
2015.02.03 16:32:52.218,7.53342,7.53573,1.00,1.87
2015.02.03 16:32:52.525,7.53342,7.53571,1.00,1.82
2015.02.03 16:32:52.577,7.53353,7.53571,1.00,1.82
2015.02.03 16:32:52.679,7.53312,7.5356,1.00,1.75
2015.02.03 16:32:52.730,7.53312,7.53555,1.00,1.12
2015.02.03 16:32:52.780,7.53302,7.53555,1.00,1.12
2015.02.03 16:32:52.882,7.53312,7.5355,1.00,1.37
2015.02.03 16:32:53.397,7.53312,7.53554,1.00,1.12
2015.02.03 16:32:53.448,7.53342,7.53553,1.00,1.00
2015.02.03 16:32:53.627,7.53342,7.53578,1.00,1.87
2015.02.03 16:32:53.678,7.53362,7.53578,1.00,1.87
2015.02.03 16:32:53.779,7.53352,7.53578,1.00,1.87
2015.02.03 16:32:54.308,7.53342,7.53571,1.00,1.07
2015.02.03 16:32:54.662,7.53342,7.53571,1.00,1.57
2015.02.03 16:32:55.740,7.53323,7.53574,1.00,1.12
2015.02.03 16:32:55.841,7.53323,7.53571,1.00,1.12
2015.02.03 16:32:55.892,7.53312,7.5357,1.00,1.75
2015.02.03 16:32:56.178,7.53333,7.5357,1.00,1.75
2015.02.03 16:32:56.381,7.53332,7.53579,1.00,1.37
2015.02.03 16:32:56.839,7.53342,7.53579,1.00,1.37
2015.02.03 16:32:57.278,7.53332,7.53579,1.00,1.37
2015.02.03 16:32:57.409,7.53342,7.53579,1.00,1.37
2015.02.03 16:32:57.738,7.53322,7.53578,1.00,1.12
2015.02.03 16:32:57.789,7.53322,7.53571,1.00,1.12
2015.02.03 16:32:58.730,7.53332,7.53571,1.00,1.12
2015.02.03 16:33:00.646,7.53332,7.53562,1.00,1.12
2015.02.03 16:33:00.697,7.53313,7.53562,1.00,1.12
2015.02.03 16:33:01.568,7.53322,7.53562,1.00,1.12
2015.02.03 16:33:02.012,7.53333,7.53565,1.00,1.12
2015.02.03 16:33:02.387,7.53352,7.53584,1.00,1.37
2015.02.03 16:33:02.438,7.53352,7.53584,1.00,1.12
2015.02.03 16:33:02.488,7.53352,7.53578,1.00,1.00
2015.02.03 16:33:02.701,7.53342,7.53577,1.00,1.12
2015.02.03 16:33:03.105,7.53342,7.53587,1.00,1.67
2015.02.03 16:33:04.810,7.53382,7.53587,1.00,1.67
2015.02.03 16:33:04.861,7.53382,7.53587,1.00,1.30
2015.02.03 16:33:04.912,7.53372,7.53587,1.00,1.30
2015.02.03 16:33:05.124,7.53362,7.53587,1.00,1.30
2015.02.03 16:33:05.226,7.53353,7.53587,1.00,1.30
2015.02.03 16:33:05.479,7.53362,7.53587,1.00,1.30
2015.02.03 16:33:06.588,7.53362,7.53584,1.00,1.00
2015.02.03 16:33:06.689,7.53342,7.53584,1.00,1.75
2015.02.03 16:33:07.198,7.53332,7.53584,1.00,1.82
2015.02.03 16:33:07.321,7.53332,7.53537,1.00,1.30
2015.02.03 16:33:07.422,7.53312,7.53537,1.00,1.30
2015.02.03 16:33:07.776,7.53293,7.53537,1.00,1.30
2015.02.03 16:33:07.989,7.53293,7.53537,1.00,2.05
2015.02.03 16:33:08.243,7.53246,7.53475,1.00,1.30
2015.02.03 16:33:08.396,7.53246,7.53475,1.00,1.37
2015.02.03 16:33:08.708,7.53204,7.53422,1.00,1.30
2015.02.03 16:33:08.868,7.53192,7.53422,1.00,1.30
2015.02.03 16:33:08.973,7.53192,7.53422,1.37,1.30
2015.02.03 16:33:09.276,7.53212,7.53422,1.00,1.30
2015.02.03 16:33:09.580,7.53242,7.53422,1.00,1.30
2015.02.03 16:33:09.630,7.53242,7.53442,1.00,1.30
2015.02.03 16:33:09.732,7.53242,7.53479,1.00,1.72
2015.02.03 16:33:09.887,7.53252,7.53479,1.00,1.30
2015.02.03 16:33:10.607,7.53262,7.53479,1.00,1.30
2015.02.03 16:33:10.871,7.53252,7.53479,1.60,1.30
2015.02.03 16:33:10.922,7.53252,7.53479,1.00,1.30
2015.02.03 16:33:10.973,7.53262,7.53479,1.00,1.30
2015.02.03 16:33:11.286,7.53282,7.53479,1.00,1.30
2015.02.03 16:33:11.488,7.53272,7.53479,1.00,1.30
2015.02.03 16:33:11.639,7.53243,7.53479,1.00,1.30
2015.02.03 16:33:12.174,7.53242,7.53479,1.00,1.30
2015.02.03 16:33:12.327,7.53242,7.53479,1.00,2.05
2015.02.03 16:33:12.377,7.53222,7.53479,1.00,2.05
2015.02.03 16:33:12.529,7.53222,7.53479,1.75,1.30
2015.02.03 16:33:12.631,7.53222,7.53479,1.00,1.30
2015.02.03 16:33:12.682,7.53222,7.53426,1.00,1.30
2015.02.03 16:33:12.732,7.53206,7.53426,1.00,1.30
2015.02.03 16:33:12.888,7.53202,7.53426,1.00,1.30
2015.02.03 16:33:12.989,7.53202,7.53426,1.75,1.30
2015.02.03 16:33:13.299,7.53232,7.53426,1.00,1.30
2015.02.03 16:33:13.639,7.53242,7.53426,1.00,1.30
2015.02.03 16:33:14.128,7.53232,7.53426,1.00,1.30
2015.02.03 16:33:14.190,7.53232,7.53426,1.75,1.30
2015.02.03 16:33:15.228,7.53243,7.53426,1.00,1.30
2015.02.03 16:33:17.249,7.53213,7.53426,1.00,1.30
2015.02.03 16:33:17.301,7.53213,7.53399,1.00,1.00
2015.02.03 16:33:17.352,7.53185,7.53399,1.00,1.00
2015.02.03 16:33:17.402,7.53162,7.53347,1.00,1.30
2015.02.03 16:33:17.453,7.53132,7.53347,1.00,1.30
2015.02.03 16:33:17.657,7.53112,7.53347,1.50,1.30
2015.02.03 16:33:17.708,7.53112,7.53347,1.75,1.30
2015.02.03 16:33:18.012,7.53122,7.53347,1.75,1.30
2015.02.03 16:33:18.747,7.53152,7.53347,1.00,1.30
2015.02.03 16:33:19.672,7.53142,7.53347,1.37,1.30
2015.02.03 16:33:19.723,7.53142,7.53347,1.75,1.30
2015.02.03 16:33:20.072,7.53162,7.53347,1.75,1.30
2015.02.03 16:33:20.383,7.53162,7.53347,1.75,1.30
2015.02.03 16:33:20.534,7.53183,7.534,1.75,1.00
2015.02.03 16:33:20.585,7.53183,7.53403,1.75,1.30
2015.02.03 16:33:20.636,7.53183,7.53403,1.75,1.30
2015.02.03 16:33:20.694,7.53183,7.53419,1.75,1.00
2015.02.03 16:33:20.745,7.53192,7.53419,1.75,1.00
2015.02.03 16:33:20.796,7.53192,7.53438,1.75,1.37
2015.02.03 16:33:20.847,7.53212,7.53438,1.75,1.37
2015.02.03 16:33:20.898,7.53212,7.53452,1.75,1.00
2015.02.03 16:33:20.999,7.53219,7.53459,1.35,1.00
2015.02.03 16:33:21.439,7.53212,7.53457,1.75,1.00
2015.02.03 16:33:22.116,7.53213,7.5345,1.75,1.00
2015.02.03 16:33:23.111,7.53213,7.53446,1.00,1.00
2015.02.03 16:33:23.263,7.53203,7.53446,1.00,1.00
2015.02.03 16:33:23.415,7.53182,7.53446,1.75,1.00
2015.02.03 16:33:23.466,7.53182,7.53433,1.00,1.00
2015.02.03 16:33:23.619,7.53152,7.53433,1.75,1.00
2015.02.03 16:33:23.669,7.53152,7.53418,1.75,1.00
2015.02.03 16:33:23.930,7.53152,7.53418,1.37,1.00
2015.02.03 16:33:24.087,7.53152,7.53433,1.37,1.12
2015.02.03 16:33:24.138,7.53152,7.53433,1.75,1.00
2015.02.03 16:33:24.448,7.5319,7.53451,1.00,1.37
2015.02.03 16:33:24.832,7.5319,7.53451,1.75,1.00
2015.02.03 16:33:25.144,7.53222,7.53465,1.35,1.67
2015.02.03 16:33:25.195,7.53222,7.53465,1.35,1.05
2015.02.03 16:33:25.246,7.53233,7.53465,1.35,1.05
2015.02.03 16:33:25.348,7.53233,7.53494,1.35,1.07
2015.02.03 16:33:25.450,7.53233,7.53494,1.35,1.07
2015.02.03 16:33:26.237,7.53266,7.53514,1.75,1.37
2015.02.03 16:33:26.288,7.53266,7.5352,1.75,1.37
2015.02.03 16:33:26.339,7.53266,7.5352,1.75,1.37
2015.02.03 16:33:26.643,7.53295,7.5354,1.00,1.00
2015.02.03 16:33:26.744,7.53295,7.5354,1.75,1.00
2015.02.03 16:33:28.064,7.53295,7.53554,1.75,1.00
2015.02.03 16:33:28.395,7.53295,7.53551,1.00,1.00
2015.02.03 16:33:28.497,7.53295,7.5353,1.00,1.00
2015.02.03 16:33:28.839,7.53282,7.53514,1.00,1.30
2015.02.03 16:33:29.324,7.53272,7.53514,1.75,1.30
2015.02.03 16:33:29.548,7.53272,7.53514,1.75,1.30
2015.02.03 16:33:29.649,7.53284,7.53514,1.00,1.30
2015.02.03 16:33:30.081,7.53262,7.53514,1.60,1.30
2015.02.03 16:33:30.729,7.53272,7.53514,1.00,1.30
2015.02.03 16:33:30.780,7.53268,7.53514,1.00,1.30
2015.02.03 16:33:31.002,7.53273,7.53514,1.00,1.37
2015.02.03 16:33:31.556,7.53273,7.53514,1.00,1.30
2015.02.03 16:33:31.997,7.53242,7.5349,1.60,1.30
2015.02.03 16:33:32.048,7.53242,7.5347,1.60,1.30
2015.02.03 16:33:33.160,7.53246,7.5347,1.35,1.30
2015.02.03 16:33:34.367,7.53246,7.53507,1.35,1.00
2015.02.03 16:33:34.798,7.53232,7.53507,1.00,1.00
2015.02.03 16:33:34.849,7.53242,7.53507,1.00,1.00
2015.02.03 16:33:35.153,7.53202,7.53481,1.75,1.07
2015.02.03 16:33:35.457,7.53222,7.53481,1.75,1.00
2015.02.03 16:33:36.065,7.53232,7.53495,1.75,1.07
2015.02.03 16:33:36.167,7.53243,7.53495,1.00,1.07
2015.02.03 16:33:36.917,7.53242,7.53494,1.00,1.07
2015.02.03 16:33:37.777,7.53242,7.53501,1.75,1.07
2015.02.03 16:33:39.679,7.53242,7.53501,1.50,1.07
2015.02.03 16:33:40.126,7.53252,7.53501,1.00,1.07
2015.02.03 16:33:40.596,7.53252,7.53489,1.00,1.00
2015.02.03 16:33:40.647,7.53232,7.53489,1.37,1.00
2015.02.03 16:33:40.698,7.53232,7.53489,1.37,1.37
2015.02.03 16:33:41.235,7.53232,7.5349,1.37,1.00
2015.02.03 16:33:41.376,7.53232,7.53497,1.37,1.00
2015.02.03 16:33:41.873,7.53262,7.53497,1.00,1.00
2015.02.03 16:33:42.176,7.53272,7.53509,1.00,1.37
2015.02.03 16:33:42.665,7.53272,7.53509,1.00,1.00
2015.02.03 16:33:43.098,7.53282,7.53509,1.00,1.00
2015.02.03 16:33:43.459,7.53282,7.53515,1.00,1.00
2015.02.03 16:33:43.659,7.53282,7.53535,1.00,1.37
2015.02.03 16:33:43.710,7.53282,7.53535,1.75,1.37
2015.02.03 16:33:43.913,7.5331,7.53554,1.35,1.00
2015.02.03 16:33:44.016,7.53332,7.53575,1.75,1.07
2015.02.03 16:33:44.219,7.53342,7.53575,1.00,1.00
2015.02.03 16:33:44.346,7.53332,7.53575,1.75,1.00
2015.02.03 16:33:44.447,7.53332,7.53582,1.75,1.00
2015.02.03 16:33:45.418,7.5332,7.53574,1.67,1.00
2015.02.03 16:33:45.638,7.53317,7.53574,1.75,1.07
2015.02.03 16:33:46.186,7.53302,7.53561,1.75,1.00
2015.02.03 16:33:46.522,7.5332,7.53561,1.35,1.00
2015.02.03 16:33:47.143,7.53322,7.53569,1.97,1.07
2015.02.03 16:33:48.537,7.53333,7.53575,1.67,1.07
2015.02.03 16:33:48.639,7.53342,7.53575,1.00,1.07
2015.02.03 16:33:48.841,7.53342,7.53608,1.75,1.37
2015.02.03 16:33:49.145,7.53362,7.53608,1.60,1.07
2015.02.03 16:33:49.329,7.53362,7.53608,1.00,1.07
2015.02.03 16:33:49.380,7.53353,7.53608,1.37,1.07
2015.02.03 16:33:51.457,7.53363,7.53621,1.00,1.37
2015.02.03 16:33:51.897,7.53353,7.53621,1.37,1.37
2015.02.03 16:33:52.631,7.53353,7.53621,1.00,1.37
2015.02.03 16:33:52.733,7.53337,7.53615,1.35,1.07
2015.02.03 16:33:52.834,7.53337,7.53602,1.35,1.37
2015.02.03 16:33:53.124,7.53332,7.53602,1.60,1.37
2015.02.03 16:33:55.088,7.53343,7.536,1.00,1.37
2015.02.03 16:33:55.416,7.53332,7.536,1.60,1.37
2015.02.03 16:33:56.177,7.53332,7.536,1.00,1.37
2015.02.03 16:33:57.416,7.53343,7.53595,1.00,1.07
2015.02.03 16:33:58.507,7.53312,7.53595,1.75,1.07
2015.02.03 16:33:58.608,7.53312,7.53595,1.00,1.07
2015.02.03 16:33:58.659,7.53312,7.53589,1.00,1.37
2015.02.03 16:33:59.060,7.53322,7.53575,1.00,1.07
2015.02.03 16:33:59.409,7.53342,7.53594,1.60,1.37
2015.02.03 16:33:59.757,7.53382,7.53626,2.10,1.37
2015.02.03 16:33:59.929,7.53363,7.53626,1.60,1.37
2015.02.03 16:34:00.589,7.53404,7.53653,2.10,1.75
2015.02.03 16:34:00.640,7.53422,7.53658,1.60,1.37
2015.02.03 16:34:00.691,7.53422,7.53674,1.00,1.37
2015.02.03 16:34:00.742,7.53422,7.53674,1.00,1.37
2015.02.03 16:34:00.945,7.53392,7.5366,1.12,1.07
2015.02.03 16:34:01.046,7.53382,7.5366,1.75,1.75
2015.02.03 16:34:01.098,7.53382,7.5366,1.00,1.75
2015.02.03 16:34:01.401,7.53352,7.53648,1.75,1.87
2015.02.03 16:34:01.742,7.53352,7.53616,1.00,1.37
2015.02.03 16:34:02.127,7.53362,7.53616,1.00,1.37
2015.02.03 16:34:02.505,7.53373,7.53623,1.00,1.37
2015.02.03 16:34:02.807,7.53382,7.5363,1.00,1.37
2015.02.03 16:34:02.908,7.53382,7.53637,1.00,1.37
2015.02.03 16:34:03.229,7.53402,7.53637,1.00,1.37
2015.02.03 16:34:03.667,7.53393,7.5364,1.00,1.37
2015.02.03 16:34:03.819,7.53393,7.5364,1.00,1.00
2015.02.03 16:34:04.607,7.53392,7.5364,1.00,1.00
2015.02.03 16:34:05.124,7.53393,7.5364,1.00,1.00
2015.02.03 16:34:05.226,7.53393,7.53646,1.00,1.37
2015.02.03 16:34:05.327,7.53352,7.53614,1.00,1.37
2015.02.03 16:34:05.580,7.53342,7.53598,1.00,1.07
2015.02.03 16:34:06.007,7.53317,7.5358,1.00,1.00
2015.02.03 16:34:06.109,7.53303,7.5358,1.00,1.07
2015.02.03 16:34:06.417,7.53312,7.53567,1.00,1.37
2015.02.03 16:34:07.406,7.53312,7.53575,1.60,1.37
2015.02.03 16:34:07.659,7.53352,7.53621,1.00,1.37
2015.02.03 16:34:07.710,7.53352,7.53621,1.60,1.37
2015.02.03 16:34:08.186,7.53362,7.53627,1.60,1.37
2015.02.03 16:34:08.507,7.53382,7.53639,1.00,1.37
2015.02.03 16:34:09.089,7.53412,7.53658,1.00,1.37
2015.02.03 16:34:09.193,7.53403,7.53658,1.00,1.37
2015.02.03 16:34:09.702,7.53405,7.53672,2.10,1.37
2015.02.03 16:34:09.753,7.53422,7.53672,1.60,1.12
2015.02.03 16:34:09.805,7.53422,7.53672,1.00,1.12
2015.02.03 16:34:10.337,7.53422,7.53672,1.60,1.12
2015.02.03 16:34:10.590,7.53423,7.53679,1.00,1.37
2015.02.03 16:34:10.641,7.53392,7.53679,1.00,1.37
2015.02.03 16:34:10.742,7.53392,7.53645,1.00,1.07
2015.02.03 16:34:11.085,7.53394,7.53645,1.00,1.07
2015.02.03 16:34:11.390,7.53467,7.53706,1.35,1.37
2015.02.03 16:34:11.694,7.53421,7.53594,1.00,1.00
2015.02.03 16:34:11.847,7.53358,7.53588,1.42,1.00
2015.02.03 16:34:11.948,7.53332,7.5359,1.60,1.00
2015.02.03 16:34:12.057,7.53332,7.53593,1.60,1.00
2015.02.03 16:34:12.158,7.53362,7.53606,1.00,1.75
2015.02.03 16:34:12.270,7.53322,7.53593,1.60,1.37
2015.02.03 16:34:12.377,7.53322,7.53588,1.60,1.12
2015.02.03 16:34:12.865,7.53322,7.53588,1.00,1.12
2015.02.03 16:34:13.025,7.53322,7.53585,1.00,1.37
2015.02.03 16:34:13.328,7.53402,7.53655,1.00,1.37
2015.02.03 16:34:13.480,7.53393,7.53655,1.00,1.37
2015.02.03 16:34:13.582,7.53378,7.53624,1.00,1.37
2015.02.03 16:34:13.733,7.53378,7.53609,1.00,1.37
2015.02.03 16:34:13.835,7.53362,7.53609,1.00,1.00
2015.02.03 16:34:13.936,7.53352,7.53609,1.00,1.00
2015.02.03 16:34:14.132,7.53352,7.53598,1.00,1.00
2015.02.03 16:34:14.227,7.53346,7.53598,1.00,1.00
2015.02.03 16:34:14.589,7.53346,7.53602,1.00,1.00
2015.02.03 16:34:14.690,7.53352,7.53622,1.00,1.75
2015.02.03 16:34:15.002,7.53362,7.53629,1.00,1.75
2015.02.03 16:34:15.154,7.53364,7.53629,1.00,1.37
2015.02.03 16:34:15.634,7.53362,7.53629,1.00,1.37
2015.02.03 16:34:15.686,7.53343,7.53595,1.00,1.37
2015.02.03 16:34:15.990,7.53402,7.53622,1.00,1.07
2015.02.03 16:34:16.041,7.53402,7.53642,1.00,1.37
2015.02.03 16:34:16.143,7.53392,7.53642,1.00,1.37
2015.02.03 16:34:16.472,7.53402,7.53656,1.00,1.37
2015.02.03 16:34:16.655,7.53422,7.53656,1.00,1.37
2015.02.03 16:34:16.757,7.53413,7.53656,1.00,1.37
2015.02.03 16:34:16.985,7.53413,7.53652,1.00,1.37
2015.02.03 16:34:17.586,7.53412,7.53657,1.00,1.37
2015.02.03 16:34:18.011,7.53363,7.53632,1.00,1.50
2015.02.03 16:34:18.113,7.53363,7.53588,1.00,1.12
2015.02.03 16:34:18.418,7.53342,7.53586,1.60,1.37
2015.02.03 16:34:18.677,7.53353,7.53586,1.00,1.07
2015.02.03 16:34:18.779,7.53373,7.53599,1.00,1.37
2015.02.03 16:34:18.880,7.53373,7.53599,1.00,1.07
2015.02.03 16:34:19.174,7.53382,7.53599,1.00,1.07
2015.02.03 16:34:19.379,7.53372,7.53599,1.00,1.07
2015.02.03 16:34:19.598,7.53363,7.53599,1.00,1.07
2015.02.03 16:34:19.816,7.53372,7.53599,1.00,1.07
2015.02.03 16:34:20.259,7.53342,7.53594,1.60,1.00
2015.02.03 16:34:20.310,7.53342,7.53594,1.60,1.37
2015.02.03 16:34:21.043,7.53362,7.536,1.00,1.37
2015.02.03 16:34:21.409,7.53372,7.53595,1.00,1.37
2015.02.03 16:34:21.950,7.53382,7.53602,1.00,1.37
2015.02.03 16:34:22.277,7.53392,7.53602,1.00,1.37
2015.02.03 16:34:22.530,7.53393,7.53613,1.00,1.37
2015.02.03 16:34:22.581,7.53413,7.53613,1.00,1.37
2015.02.03 16:34:22.827,7.53413,7.53641,1.00,1.37
2015.02.03 16:34:22.896,7.53402,7.53641,1.00,1.37
2015.02.03 16:34:23.226,7.53413,7.5364,1.00,1.37
2015.02.03 16:34:24.281,7.53413,7.53607,1.00,1.00
2015.02.03 16:34:24.332,7.53402,7.53607,1.00,1.00
2015.02.03 16:34:24.383,7.53402,7.53607,1.00,1.37
2015.02.03 16:34:24.484,7.53382,7.53607,1.00,1.37
2015.02.03 16:34:24.926,7.53372,7.53607,1.00,1.37
2015.02.03 16:34:25.126,7.53362,7.53607,1.00,1.37
2015.02.03 16:34:25.428,7.53352,7.53607,1.00,1.37
2015.02.03 16:34:25.690,7.53363,7.53607,1.00,1.37
2015.02.03 16:34:26.103,7.53372,7.53607,1.00,1.37
2015.02.03 16:34:26.885,7.53352,7.53607,1.00,1.37
2015.02.03 16:34:27.096,7.53363,7.53607,1.00,1.37
2015.02.03 16:34:27.400,7.53392,7.53614,1.00,1.37
2015.02.03 16:34:27.926,7.53393,7.53629,1.00,1.75
2015.02.03 16:34:28.290,7.53402,7.53635,1.00,1.75
2015.02.03 16:34:28.341,7.53402,7.53635,1.00,1.37
2015.02.03 16:34:28.442,7.53412,7.53635,1.00,1.37
2015.02.03 16:34:29.166,7.53403,7.53635,1.00,1.37
2015.02.03 16:34:29.404,7.53392,7.53635,1.00,1.37
2015.02.03 16:34:30.634,7.53397,7.53682,1.00,1.37
2015.02.03 16:34:30.685,7.53392,7.53682,1.75,1.37
2015.02.03 16:34:30.887,7.53353,7.53614,1.30,1.00
2015.02.03 16:34:30.989,7.53353,7.53596,1.30,1.00
2015.02.03 16:34:31.039,7.53333,7.53596,1.30,1.00
2015.02.03 16:34:31.090,7.53294,7.53532,1.30,1.00
2015.02.03 16:34:31.393,7.53161,7.53426,1.30,1.00
2015.02.03 16:34:31.444,7.53141,7.53426,1.30,1.00
2015.02.03 16:34:31.495,7.53108,7.53424,1.30,1.00
2015.02.03 16:34:31.849,7.53108,7.5342,1.30,1.00
2015.02.03 16:34:32.711,7.53108,7.53431,1.30,1.00
2015.02.03 16:34:33.178,7.53112,7.53431,1.00,1.00
2015.02.03 16:34:33.616,7.53108,7.53411,1.30,1.00
2015.02.03 16:34:34.246,7.53108,7.5341,1.30,1.00
2015.02.03 16:34:34.475,7.53108,7.53418,1.30,1.00
2015.02.03 16:34:35.764,7.53112,7.53418,1.00,1.00
2015.02.03 16:34:35.815,7.53112,7.53431,1.00,1.00
2015.02.03 16:34:35.973,7.53122,7.53431,1.00,1.00
2015.02.03 16:34:36.024,7.53133,7.5345,1.69,1.00
2015.02.03 16:34:38.656,7.53142,7.53464,1.00,1.00
2015.02.03 16:34:38.909,7.53142,7.53477,1.00,1.00
2015.02.03 16:34:38.959,7.53167,7.53477,1.30,1.00
2015.02.03 16:34:39.885,7.53167,7.53497,1.67,1.00
2015.02.03 16:34:39.986,7.53192,7.53509,1.69,1.00
2015.02.03 16:34:41.088,7.53167,7.53503,1.30,1.00
2015.02.03 16:34:41.189,7.53167,7.53463,1.30,1.00
2015.02.03 16:34:42.275,7.53167,7.53444,1.30,1.00
2015.02.03 16:34:43.293,7.53167,7.53451,1.30,1.00
2015.02.03 16:34:44.616,7.53172,7.53457,1.00,1.00
2015.02.03 16:34:44.879,7.53167,7.53457,1.30,1.00
2015.02.03 16:34:45.037,7.53167,7.53464,1.30,1.00
2015.02.03 16:34:45.088,7.53172,7.53464,1.00,1.00
2015.02.03 16:34:45.290,7.53173,7.53482,1.00,1.00
2015.02.03 16:34:45.341,7.53182,7.53482,1.00,1.00
2015.02.03 16:34:45.674,7.53182,7.53476,1.00,1.00
2015.02.03 16:34:46.130,7.53203,7.53496,1.69,1.00
2015.02.03 16:34:47.343,7.53212,7.53496,1.00,1.00
2015.02.03 16:34:48.160,7.53202,7.53496,1.00,1.00
2015.02.03 16:34:48.325,7.53202,7.53515,1.00,1.00
2015.02.03 16:34:49.381,7.53192,7.53515,1.00,1.00
2015.02.03 16:34:49.583,7.53192,7.53509,1.00,1.00
2015.02.03 16:34:50.425,7.53192,7.53507,1.00,1.00
2015.02.03 16:34:50.657,7.53167,7.53501,2.05,1.00
2015.02.03 16:34:50.859,7.53167,7.53468,2.05,1.00
2015.02.03 16:34:51.147,7.53167,7.53462,1.30,1.00
2015.02.03 16:34:51.299,7.53167,7.53455,1.30,1.00
2015.02.03 16:34:51.740,7.53167,7.53451,1.30,1.00
2015.02.03 16:34:52.206,7.53167,7.5346,1.30,1.00
2015.02.03 16:34:52.408,7.53167,7.53452,1.30,1.00
2015.02.03 16:34:52.510,7.53122,7.53454,1.00,1.00
2015.02.03 16:34:52.812,7.53132,7.53454,1.00,1.00
2015.02.03 16:34:52.977,7.53132,7.53461,1.00,1.00
2015.02.03 16:34:53.028,7.53142,7.53461,1.00,1.00
2015.02.03 16:34:53.275,7.53142,7.53472,1.00,1.00
2015.02.03 16:34:53.441,7.53152,7.53472,1.00,1.00
2015.02.03 16:34:53.542,7.53152,7.53479,1.00,1.00
2015.02.03 16:34:53.895,7.53162,7.53479,1.00,1.00
2015.02.03 16:34:54.067,7.53152,7.53479,1.00,1.00
2015.02.03 16:34:54.297,7.53162,7.53479,1.00,1.00
2015.02.03 16:34:54.696,7.53162,7.53465,1.00,1.00
2015.02.03 16:34:54.824,7.53162,7.53472,1.00,1.00
2015.02.03 16:34:54.926,7.53152,7.53472,1.00,1.00
2015.02.03 16:34:55.314,7.53162,7.53472,1.00,1.00
2015.02.03 16:34:55.416,7.53162,7.53478,1.00,1.00
2015.02.03 16:34:55.567,7.53179,7.53478,1.30,1.00
2015.02.03 16:34:55.618,7.53179,7.53482,1.30,1.00
2015.02.03 16:34:55.836,7.53179,7.53511,1.30,1.00
2015.02.03 16:34:56.342,7.53179,7.53512,1.30,1.00
2015.02.03 16:34:56.751,7.53182,7.53512,1.00,1.00
2015.02.03 16:34:56.873,7.53179,7.53512,1.30,1.00
2015.02.03 16:34:56.975,7.53183,7.53512,1.00,1.00
2015.02.03 16:34:57.062,7.53179,7.53512,1.30,1.00
2015.02.03 16:34:57.479,7.53182,7.53512,1.00,1.00
2015.02.03 16:34:57.583,7.53179,7.53512,1.30,1.00
2015.02.03 16:34:57.685,7.53179,7.5349,1.30,1.00
2015.02.03 16:34:58.345,7.53179,7.53482,1.30,1.00
2015.02.03 16:34:58.672,7.53143,7.53469,1.37,1.00
2015.02.03 16:34:58.924,7.53132,7.53469,1.07,1.00
2015.02.03 16:34:59.376,7.53152,7.5347,1.00,1.00
2015.02.03 16:34:59.477,7.53142,7.5347,1.10,1.00
2015.02.03 16:34:59.545,7.53142,7.53476,1.10,1.00
2015.02.03 16:34:59.770,7.53142,7.53488,1.10,1.00
2015.02.03 16:34:59.821,7.53152,7.53488,1.00,1.00
2015.02.03 16:35:00.124,7.53152,7.53488,1.07,1.00
2015.02.03 16:35:01.307,7.53163,7.53478,1.07,1.00
2015.02.03 16:35:01.462,7.53143,7.53463,1.00,1.00
2015.02.03 16:35:01.668,7.53133,7.53451,1.07,1.00
2015.02.03 16:35:03.506,7.53127,7.53463,1.37,1.00
2015.02.03 16:35:04.277,7.53127,7.53456,1.37,1.00
2015.02.03 16:35:04.628,7.53127,7.5345,1.37,1.00
2015.02.03 16:35:04.932,7.53127,7.53443,1.37,1.00
2015.02.03 16:35:04.983,7.53127,7.53439,1.30,1.00
2015.02.03 16:35:05.155,7.53127,7.53436,1.30,1.00
2015.02.03 16:35:07.077,7.53142,7.53444,1.00,1.00
2015.02.03 16:35:07.179,7.53142,7.53477,1.37,1.00
2015.02.03 16:35:07.280,7.53152,7.53495,1.37,1.00
2015.02.03 16:35:07.381,7.53189,7.53508,1.30,1.00
2015.02.03 16:35:07.684,7.53189,7.53508,1.37,1.00
2015.02.03 16:35:08.044,7.53189,7.53515,1.37,1.00
2015.02.03 16:35:08.566,7.53189,7.5353,1.37,1.00
2015.02.03 16:35:09.249,7.53202,7.5353,1.00,1.00
2015.02.03 16:35:09.700,7.53202,7.53528,1.00,1.00
2015.02.03 16:35:09.802,7.53142,7.53528,1.75,1.00
2015.02.03 16:35:09.903,7.53143,7.53469,1.07,1.00
2015.02.03 16:35:10.456,7.53143,7.53468,1.07,1.00
2015.02.03 16:35:10.967,7.53162,7.53468,1.00,1.00
2015.02.03 16:35:11.286,7.53185,7.53506,2.05,1.00
2015.02.03 16:35:11.783,7.53185,7.53507,2.05,1.00
2015.02.03 16:35:17.666,7.53192,7.53507,1.75,1.00
2015.02.03 16:35:19.107,7.53203,7.53515,1.75,1.00
2015.02.03 16:35:19.259,7.53212,7.53523,1.75,1.00
2015.02.03 16:35:19.361,7.53212,7.53529,1.75,1.00
2015.02.03 16:35:19.764,7.53212,7.53536,1.75,1.00
2015.02.03 16:35:19.815,7.53212,7.53554,1.75,1.00
2015.02.03 16:35:20.755,7.53238,7.53536,2.05,1.00
2015.02.03 16:35:22.340,7.53242,7.53536,1.75,1.00
2015.02.03 16:35:22.542,7.53251,7.53562,1.75,1.00
2015.02.03 16:35:22.705,7.53251,7.53562,1.75,1.00
2015.02.03 16:35:23.036,7.53251,7.5353,1.75,1.00
2015.02.03 16:35:23.137,7.53251,7.5353,1.75,1.00
2015.02.03 16:35:23.238,7.53238,7.5353,2.05,1.00
2015.02.03 16:35:23.636,7.53238,7.53542,2.05,1.00
2015.02.03 16:35:23.725,7.53238,7.53531,2.05,1.00
2015.02.03 16:35:24.193,7.53238,7.53529,2.05,1.00
2015.02.03 16:35:25.457,7.53238,7.53529,2.05,1.00
2015.02.03 16:35:25.508,7.53238,7.53531,2.05,1.00
2015.02.03 16:35:25.726,7.53238,7.53523,2.05,1.00
2015.02.03 16:35:25.777,7.53238,7.53523,1.67,1.00
2015.02.03 16:35:25.828,7.53182,7.53523,1.82,1.00
2015.02.03 16:35:25.985,7.53182,7.53508,1.82,1.00
2015.02.03 16:35:27.136,7.53182,7.53497,1.82,1.00
2015.02.03 16:35:27.795,7.53182,7.53508,1.82,1.00
2015.02.03 16:35:27.846,7.53182,7.53508,1.82,1.00
2015.02.03 16:35:28.149,7.53182,7.53511,1.75,1.00
2015.02.03 16:35:29.867,7.53182,7.53511,1.75,1.00
2015.02.03 16:35:30.192,7.53182,7.53495,1.75,1.00
2015.02.03 16:35:32.545,7.53182,7.53503,1.75,1.00
2015.02.03 16:35:32.846,7.53182,7.53503,1.75,1.00
2015.02.03 16:35:32.896,7.53182,7.53494,1.75,1.00
2015.02.03 16:35:32.947,7.53182,7.53494,1.00,1.00
2015.02.03 16:35:32.998,7.53179,7.53472,1.30,1.00
2015.02.03 16:35:33.522,7.53179,7.53469,1.30,1.00
2015.02.03 16:35:33.847,7.53179,7.53464,1.30,1.00
2015.02.03 16:35:33.897,7.53142,7.53464,1.37,1.00
2015.02.03 16:35:34.657,7.53142,7.53462,1.37,1.00
2015.02.03 16:35:34.996,7.53133,7.53455,1.37,1.00
2015.02.03 16:35:35.875,7.53132,7.53458,1.37,1.00
2015.02.03 16:35:35.977,7.53132,7.53471,1.37,1.00
2015.02.03 16:35:36.285,7.53142,7.53469,1.37,1.00
2015.02.03 16:35:36.615,7.53153,7.53467,1.37,1.00
2015.02.03 16:35:38.595,7.53142,7.53471,1.37,1.00
2015.02.03 16:35:39.744,7.53142,7.53458,1.37,1.00
2015.02.03 16:35:42.109,7.53162,7.53465,1.07,1.00
2015.02.03 16:35:42.225,7.53172,7.53471,1.07,1.00
2015.02.03 16:35:42.648,7.53182,7.53471,1.00,1.00
2015.02.03 16:35:43.256,7.53172,7.53471,1.07,1.00
2015.02.03 16:35:44.174,7.53182,7.53471,1.00,1.00
2015.02.03 16:35:45.139,7.53162,7.53471,1.07,1.00
2015.02.03 16:35:45.241,7.53143,7.53458,1.37,1.00
2015.02.03 16:35:45.342,7.53133,7.53438,1.07,1.00
2015.02.03 16:35:45.781,7.53142,7.53424,1.07,1.00
2015.02.03 16:35:46.111,7.53142,7.5343,1.07,1.00
2015.02.03 16:35:46.766,7.53142,7.53436,1.07,1.00
2015.02.03 16:35:46.941,7.53152,7.53436,1.00,1.00
2015.02.03 16:35:47.257,7.53142,7.53437,1.07,1.00
2015.02.03 16:35:47.426,7.53142,7.53426,1.07,1.00
2015.02.03 16:35:48.836,7.53142,7.5343,1.07,1.00
2015.02.03 16:35:49.955,7.53152,7.53437,1.00,1.00
2015.02.03 16:35:50.855,7.53142,7.53437,1.07,1.00
2015.02.03 16:35:51.575,7.53142,7.53426,1.07,1.00
2015.02.03 16:35:53.306,7.53152,7.53426,1.00,1.00
2015.02.03 16:35:54.694,7.53152,7.53432,1.00,1.00
2015.02.03 16:35:55.245,7.53142,7.53432,1.07,1.00
2015.02.03 16:35:57.996,7.53152,7.53432,1.00,1.00
2015.02.03 16:35:58.316,7.53182,7.53439,1.00,1.00
2015.02.03 16:35:58.444,7.53192,7.53457,1.00,1.00
2015.02.03 16:35:58.546,7.53203,7.53457,1.00,1.00
2015.02.03 16:35:59.386,7.53203,7.53449,1.00,1.00
2015.02.03 16:36:00.150,7.53202,7.53449,1.00,1.00
2015.02.03 16:36:00.715,7.53212,7.53449,1.00,1.00
2015.02.03 16:36:00.846,7.53212,7.53456,1.00,1.00
2015.02.03 16:36:01.082,7.53222,7.53456,1.00,1.00
2015.02.03 16:36:01.392,7.53212,7.53456,1.00,1.00
2015.02.03 16:36:01.508,7.53202,7.53456,1.00,1.00
2015.02.03 16:36:01.627,7.53212,7.53456,1.00,1.00
2015.02.03 16:36:02.946,7.53212,7.53462,1.00,1.00
2015.02.03 16:36:03.470,7.53212,7.53469,1.00,1.00
2015.02.03 16:36:03.572,7.53212,7.53475,1.00,1.00
2015.02.03 16:36:04.245,7.53212,7.5348,1.00,1.00
2015.02.03 16:36:05.161,7.53222,7.5348,1.00,1.00
2015.02.03 16:36:05.790,7.53212,7.53485,1.00,1.00
2015.02.03 16:36:05.993,7.53193,7.53484,1.00,1.00
2015.02.03 16:36:06.095,7.53185,7.53483,1.00,1.00
2015.02.03 16:36:06.146,7.53185,7.53466,1.00,1.00
2015.02.03 16:36:06.298,7.53192,7.53474,1.00,1.00
2015.02.03 16:36:06.349,7.53192,7.53483,1.00,1.00
2015.02.03 16:36:06.450,7.53192,7.53502,1.75,1.00
2015.02.03 16:36:06.501,7.53243,7.53502,1.30,1.00
2015.02.03 16:36:06.653,7.53263,7.53535,1.00,1.00
2015.02.03 16:36:10.824,7.53263,7.53548,1.00,1.00
2015.02.03 16:36:11.295,7.53334,7.53548,1.00,1.00
2015.02.03 16:36:12.505,7.53334,7.53542,1.00,1.00
2015.02.03 16:36:13.333,7.53334,7.53528,1.00,1.00
2015.02.03 16:36:14.447,7.53334,7.53495,1.00,1.00
2015.02.03 16:36:21.274,7.53334,7.53494,1.00,1.00
2015.02.03 16:36:23.606,7.53334,7.53495,1.00,1.00
2015.02.03 16:36:23.758,7.53302,7.53495,1.30,1.00
2015.02.03 16:36:23.809,7.53264,7.53495,1.00,1.00
2015.02.03 16:36:23.860,7.53268,7.53495,1.30,1.00
2015.02.03 16:36:24.237,7.53288,7.53495,1.30,1.00
2015.02.03 16:36:27.285,7.53299,7.53495,1.00,1.00
2015.02.03 16:36:28.066,7.53299,7.53495,1.75,1.00
2015.02.03 16:36:28.385,7.53349,7.53495,1.00,1.00
2015.02.03 16:36:28.867,7.53349,7.5351,1.00,1.00
2015.02.03 16:36:29.284,7.53349,7.53495,1.00,1.00
2015.02.03 16:36:30.186,7.53349,7.53511,1.00,1.00
2015.02.03 16:36:30.394,7.53288,7.53511,1.30,1.00
2015.02.03 16:36:30.604,7.53288,7.53494,1.30,1.00
2015.02.03 16:36:32.826,7.53288,7.53495,1.30,1.00
2015.02.03 16:36:34.046,7.53288,7.53509,1.30,1.00
2015.02.03 16:36:34.123,7.53288,7.53495,1.30,1.00
2015.02.03 16:36:34.708,7.53288,7.53495,2.05,1.00
2015.02.03 16:36:34.809,7.53288,7.53495,1.30,1.00
2015.02.03 16:36:34.910,7.53349,7.53495,1.00,1.00
2015.02.03 16:36:38.083,7.53349,7.53494,1.00,1.00
2015.02.03 16:36:46.215,7.53348,7.53494,1.00,1.00
2015.02.03 16:36:47.764,7.53348,7.53495,1.00,1.00
2015.02.03 16:36:48.230,7.53403,7.53564,1.75,1.00
2015.02.03 16:36:48.574,7.53467,7.53564,1.00,1.00
2015.02.03 16:36:48.676,7.53467,7.53585,1.00,1.00
2015.02.03 16:36:48.947,7.53526,7.53589,1.00,1.00
2015.02.03 16:36:49.664,7.53526,7.53584,1.00,1.00
2015.02.03 16:36:50.436,7.53526,7.53573,1.00,1.00
2015.02.03 16:36:52.412,7.53526,7.53576,1.00,1.00
2015.02.03 16:36:52.615,7.53526,7.53601,1.00,1.00
2015.02.03 16:36:52.716,7.53526,7.53584,1.00,1.00
2015.02.03 16:36:53.813,7.53526,7.53598,1.00,1.00
2015.02.03 16:36:54.144,7.53526,7.5359,1.00,1.00
2015.02.03 16:36:54.397,7.53526,7.53623,1.00,1.00
2015.02.03 16:36:54.448,7.53526,7.53623,1.50,1.00
2015.02.03 16:36:54.499,7.53526,7.53774,1.50,1.00
2015.02.03 16:36:54.744,7.53526,7.53765,1.50,1.00
2015.02.03 16:36:54.855,7.53526,7.53774,1.50,1.00
2015.02.03 16:36:55.354,7.53526,7.53736,1.50,1.00
2015.02.03 16:36:56.763,7.53526,7.53736,1.75,1.00
2015.02.03 16:36:56.814,7.53526,7.5378,1.75,1.00
2015.02.03 16:36:56.865,7.53526,7.53782,1.75,1.00
2015.02.03 16:36:56.916,7.53526,7.53736,1.75,1.00
2015.02.03 16:36:57.141,7.53526,7.53781,1.75,1.00
2015.02.03 16:36:57.270,7.53526,7.53736,1.75,1.00
2015.02.03 16:36:57.371,7.53526,7.5378,1.75,1.00
2015.02.03 16:36:57.600,7.53526,7.53736,1.75,1.00
2015.02.03 16:36:57.701,7.53546,7.53785,1.75,1.00
2015.02.03 16:36:57.960,7.53526,7.53785,1.75,1.00
2015.02.03 16:36:58.164,7.53526,7.53785,1.75,1.00
2015.02.03 16:36:58.468,7.53541,7.53756,2.05,1.00
2015.02.03 16:36:59.313,7.53541,7.53736,2.05,1.00
2015.02.03 16:37:00.174,7.53541,7.53736,1.67,1.00
2015.02.03 16:37:00.326,7.53541,7.5374,1.30,1.00
2015.02.03 16:37:00.427,7.53526,7.5374,1.00,1.00
2015.02.03 16:37:00.633,7.53526,7.53716,1.00,1.00
2015.02.03 16:37:01.177,7.53526,7.53716,1.37,1.00
2015.02.03 16:37:02.063,7.53526,7.53735,1.37,1.00
2015.02.03 16:37:02.970,7.53526,7.53735,1.37,1.00
2015.02.03 16:37:03.071,7.53526,7.53716,1.37,1.00
2015.02.03 16:37:03.419,7.53526,7.53735,1.75,1.00
2015.02.03 16:37:03.622,7.53526,7.53735,1.75,1.00
2015.02.03 16:37:04.585,7.53526,7.53735,1.75,1.00
2015.02.03 16:37:05.025,7.53526,7.53735,1.37,1.00
2015.02.03 16:37:06.201,7.53526,7.53735,1.75,1.00
2015.02.03 16:37:06.616,7.53526,7.53735,1.75,1.00
2015.02.03 16:37:07.654,7.53526,7.53735,1.75,1.00
2015.02.03 16:37:07.836,7.53526,7.53735,1.75,1.00
2015.02.03 16:37:08.140,7.5355,7.53736,1.67,1.00
2015.02.03 16:37:09.156,7.53526,7.53736,1.00,1.00
2015.02.03 16:37:09.549,7.53526,7.53734,1.00,1.00
2015.02.03 16:37:09.864,7.53526,7.53716,1.00,1.00
2015.02.03 16:37:11.383,7.53582,7.53716,1.00,1.00
2015.02.03 16:37:14.072,7.53582,7.53736,1.00,1.00
2015.02.03 16:37:23.184,7.53582,7.53716,1.00,1.00
2015.02.03 16:37:26.090,7.53582,7.53706,1.00,1.00
2015.02.03 16:37:26.192,7.53582,7.53736,1.00,1.00
2015.02.03 16:37:26.394,7.53583,7.53705,1.00,1.00
2015.02.03 16:37:26.611,7.53583,7.53736,1.00,1.00
2015.02.03 16:37:26.955,7.53583,7.53706,1.00,1.00
2015.02.03 16:37:27.624,7.53583,7.53736,1.00,1.00
2015.02.03 16:37:29.495,7.53583,7.53736,1.37,1.00
2015.02.03 16:37:29.597,7.53583,7.53779,1.37,1.00
2015.02.03 16:37:29.698,7.53583,7.53756,1.00,1.00
2015.02.03 16:37:30.084,7.53583,7.53736,1.37,1.00
2015.02.03 16:37:30.443,7.53583,7.53756,1.37,1.00
2015.02.03 16:37:31.009,7.53583,7.53735,1.37,1.00
2015.02.03 16:37:31.776,7.53583,7.53735,1.75,1.00
2015.02.03 16:37:31.979,7.53583,7.53735,1.37,1.00
2015.02.03 16:37:32.030,7.53583,7.53756,1.37,1.00
2015.02.03 16:37:32.203,7.53583,7.53736,1.37,1.00
2015.02.03 16:37:32.659,7.53583,7.53755,1.37,1.00
2015.02.03 16:37:32.753,7.53583,7.53736,1.37,1.00
2015.02.03 16:37:33.114,7.53583,7.53756,1.37,1.00
2015.02.03 16:37:33.624,7.53583,7.53755,1.75,1.00
2015.02.03 16:37:33.675,7.53583,7.53787,1.75,1.50
2015.02.03 16:37:33.776,7.53583,7.53736,1.75,1.00
2015.02.03 16:37:33.877,7.53583,7.53756,1.75,1.00
2015.02.03 16:37:34.104,7.53583,7.53736,1.75,1.00
2015.02.03 16:37:34.409,7.53583,7.53755,1.75,1.00
2015.02.03 16:37:34.605,7.53583,7.53755,1.75,1.00
2015.02.03 16:37:35.083,7.53583,7.53736,1.75,1.00
2015.02.03 16:37:35.602,7.53583,7.53736,1.75,1.00
2015.02.03 16:37:36.074,7.53583,7.53755,1.75,1.00
2015.02.03 16:37:36.384,7.53583,7.53735,1.75,1.00
2015.02.03 16:37:36.722,7.53583,7.53756,1.75,1.00
2015.02.03 16:37:36.822,7.53583,7.53736,1.75,1.00
2015.02.03 16:37:37.394,7.53583,7.53736,1.75,1.00
2015.02.03 16:37:37.512,7.53583,7.53756,1.75,1.00
2015.02.03 16:37:38.844,7.53583,7.53756,1.75,1.00
2015.02.03 16:37:38.946,7.53583,7.53788,1.75,1.50
2015.02.03 16:37:39.047,7.53583,7.53766,1.75,1.00
2015.02.03 16:37:39.148,7.53583,7.53788,1.75,1.50
2015.02.03 16:37:39.250,7.53583,7.53736,1.75,1.00
2015.02.03 16:37:39.367,7.53583,7.53755,1.75,1.00
2015.02.03 16:37:39.903,7.53583,7.53755,1.75,1.00
2015.02.03 16:37:41.106,7.53583,7.53755,1.75,1.00
2015.02.03 16:37:41.642,7.53583,7.53756,1.75,1.00
2015.02.03 16:37:42.014,7.53583,7.53752,1.75,1.00
2015.02.03 16:37:42.115,7.53583,7.53727,1.00,1.00
2015.02.03 16:37:42.217,7.53583,7.53746,1.00,1.00
2015.02.03 16:37:42.368,7.53583,7.53788,1.00,1.50
2015.02.03 16:37:42.470,7.53583,7.53766,1.00,1.00
2015.02.03 16:37:42.571,7.53583,7.53788,1.00,1.50
2015.02.03 16:37:42.622,7.53637,7.53788,1.00,1.50
2015.02.03 16:37:42.672,7.53637,7.53818,1.00,1.00
2015.02.03 16:37:42.723,7.53637,7.53827,1.00,1.00
2015.02.03 16:37:43.309,7.53704,7.53827,1.00,1.00
2015.02.03 16:37:43.512,7.53704,7.53896,1.00,1.00
2015.02.03 16:37:43.613,7.53704,7.53899,1.00,1.10
2015.02.03 16:37:43.913,7.53704,7.53894,1.00,1.00
2015.02.03 16:37:45.166,7.53704,7.53903,1.00,1.07
2015.02.03 16:37:45.267,7.53704,7.53903,1.00,1.00
2015.02.03 16:37:46.016,7.53704,7.53921,1.00,1.00
2015.02.03 16:37:47.342,7.53704,7.53929,1.00,1.00
2015.02.03 16:37:47.672,7.53704,7.53935,1.00,1.00
2015.02.03 16:37:47.791,7.53809,7.53935,1.00,1.00
2015.02.03 16:37:47.893,7.53809,7.53955,1.00,1.00
2015.02.03 16:37:48.244,7.53809,7.53942,1.00,1.00
2015.02.03 16:37:49.852,7.53809,7.53937,1.00,1.00
2015.02.03 16:37:52.724,7.53809,7.53957,1.00,1.00
2015.02.03 16:37:52.825,7.53809,7.53972,1.00,1.00
2015.02.03 16:37:53.046,7.53809,7.53957,1.00,1.00
2015.02.03 16:37:53.495,7.53809,7.53968,1.00,1.00
2015.02.03 16:37:53.914,7.53809,7.54017,1.00,1.07
2015.02.03 16:37:55.445,7.53809,7.54008,1.00,1.00
2015.02.03 16:37:55.747,7.53809,7.54017,1.00,1.07
2015.02.03 16:37:55.950,7.53809,7.54042,1.00,1.07
2015.02.03 16:37:56.051,7.53809,7.54034,1.00,1.00
2015.02.03 16:37:56.398,7.53809,7.54034,1.00,1.37
2015.02.03 16:37:58.073,7.53809,7.54034,1.00,1.00
2015.02.03 16:37:58.252,7.53809,7.54042,1.00,1.37
2015.02.03 16:37:58.404,7.53809,7.54047,1.00,1.00
2015.02.03 16:37:58.564,7.53809,7.54055,1.00,1.00
2015.02.03 16:37:58.785,7.53809,7.54047,1.00,1.75
2015.02.03 16:37:59.141,7.53809,7.54028,1.00,1.00
2015.02.03 16:38:00.093,7.53809,7.5404,1.00,1.45
2015.02.03 16:38:01.184,7.53809,7.54034,1.00,1.85
2015.02.03 16:38:01.285,7.53809,7.54034,1.00,1.10
2015.02.03 16:38:01.724,7.53809,7.54052,1.00,1.12
2015.02.03 16:38:03.331,7.53809,7.54035,1.00,1.07
2015.02.03 16:38:04.193,7.53809,7.54042,1.00,1.82
2015.02.03 16:38:04.513,7.53809,7.54022,1.00,1.00
2015.02.03 16:38:04.718,7.53809,7.54026,1.00,1.00
2015.02.03 16:38:08.250,7.53809,7.54035,1.00,1.07
2015.02.03 16:38:08.992,7.53809,7.54035,1.00,1.00
2015.02.03 16:38:09.652,7.53809,7.54023,1.00,1.00
2015.02.03 16:38:10.872,7.53809,7.54021,1.00,1.00
2015.02.03 16:38:11.175,7.53809,7.53958,1.00,1.00
2015.02.03 16:38:12.248,7.53809,7.53948,1.00,1.00
2015.02.03 16:38:12.667,7.53809,7.53958,1.00,1.00
2015.02.03 16:38:13.523,7.53809,7.53971,1.00,1.00
2015.02.03 16:38:14.489,7.53809,7.53956,1.00,1.00
2015.02.03 16:38:14.592,7.53809,7.53963,1.00,1.00
2015.02.03 16:38:14.744,7.53809,7.53943,1.00,1.00
2015.02.03 16:38:14.795,7.53777,7.53943,1.00,1.00
2015.02.03 16:38:14.846,7.53777,7.53905,1.00,1.00
2015.02.03 16:38:15.497,7.53777,7.53906,1.00,1.00
2015.02.03 16:38:16.021,7.53777,7.53903,1.00,1.00
2015.02.03 16:38:16.902,7.53777,7.53896,1.00,1.00
2015.02.03 16:38:18.285,7.53725,7.53896,1.00,1.00
2015.02.03 16:38:18.696,7.53682,7.53895,1.00,1.00
2015.02.03 16:38:18.747,7.53682,7.53895,1.75,1.00
2015.02.03 16:38:19.137,7.53682,7.53895,1.00,1.00
2015.02.03 16:38:19.262,7.53682,7.53883,1.00,1.00
2015.02.03 16:38:19.639,7.53731,7.53883,1.00,1.00
2015.02.03 16:38:19.762,7.53731,7.53888,1.00,1.00
2015.02.03 16:38:21.444,7.53761,7.53907,1.75,1.00
2015.02.03 16:38:21.546,7.53761,7.53979,1.75,1.00
2015.02.03 16:38:21.647,7.53761,7.53974,1.75,1.00
2015.02.03 16:38:22.046,7.53761,7.53974,1.00,1.00
2015.02.03 16:38:22.096,7.53761,7.53961,1.00,1.00
2015.02.03 16:38:23.049,7.53761,7.53961,1.75,1.00
2015.02.03 16:38:23.100,7.53761,7.53978,1.75,1.00
2015.02.03 16:38:23.201,7.53761,7.53991,1.75,1.00
2015.02.03 16:38:23.252,7.5382,7.53991,1.00,1.00
2015.02.03 16:38:29.115,7.5382,7.53981,1.00,1.00
2015.02.03 16:38:29.165,7.53808,7.53981,1.00,1.00
2015.02.03 16:38:29.267,7.53808,7.54004,1.00,1.00
2015.02.03 16:38:29.318,7.53808,7.54004,1.75,1.00
2015.02.03 16:38:29.368,7.53808,7.54095,1.75,1.00
2015.02.03 16:38:29.419,7.53808,7.54095,1.75,1.00
2015.02.03 16:38:29.732,7.53917,7.54066,1.00,1.00
2015.02.03 16:38:29.884,7.53917,7.54084,1.00,1.00
2015.02.03 16:38:30.213,7.53917,7.54066,1.00,1.00
2015.02.03 16:38:36.525,7.53917,7.54061,1.00,1.00
2015.02.03 16:38:37.581,7.53917,7.54066,1.00,1.00
2015.02.03 16:38:38.274,7.53917,7.54074,1.00,1.00
2015.02.03 16:38:38.375,7.53917,7.54076,1.00,1.00
2015.02.03 16:38:39.236,7.53917,7.54066,1.00,1.00
2015.02.03 16:38:39.712,7.53917,7.54076,1.00,1.50
2015.02.03 16:38:40.003,7.53917,7.54069,1.00,1.00
2015.02.03 16:38:40.449,7.53917,7.54073,1.00,1.00
2015.02.03 16:38:40.561,7.53917,7.54076,1.00,1.00
2015.02.03 16:38:41.062,7.5381,7.5389,2.40,1.50
2015.02.03 16:38:41.113,7.53811,7.53815,2.02,1.50
2015.02.03 16:38:41.164,7.53751,7.53815,1.57,2.10
2015.02.03 16:38:41.215,7.53653,7.53809,1.75,1.35
2015.02.03 16:38:41.321,7.53653,7.53885,1.00,1.19
2015.02.03 16:38:41.372,7.53572,7.53885,1.20,1.19
2015.02.03 16:38:41.423,7.53673,7.53921,1.12,1.30
2015.02.03 16:38:41.525,7.53645,7.53978,1.12,2.05
2015.02.03 16:38:41.575,7.53721,7.53978,1.00,2.05
2015.02.03 16:38:41.626,7.53721,7.53998,1.00,1.00
2015.02.03 16:38:41.728,7.53721,7.54007,1.00,1.00
2015.02.03 16:38:41.930,7.53721,7.54018,1.00,1.00
2015.02.03 16:38:42.082,7.53789,7.54018,1.00,1.00
2015.02.03 16:38:42.602,7.53789,7.54017,1.00,1.00
2015.02.03 16:38:43.277,7.53789,7.54018,1.00,1.00
2015.02.03 16:38:43.580,7.53789,7.54038,1.00,1.00
2015.02.03 16:38:44.647,7.53789,7.54038,1.75,1.00
2015.02.03 16:38:44.698,7.53789,7.54048,1.75,1.00
2015.02.03 16:38:44.821,7.53843,7.54048,1.00,1.00
2015.02.03 16:38:45.097,7.53843,7.54058,1.00,1.00
2015.02.03 16:38:45.176,7.53843,7.54048,1.00,1.00
2015.02.03 16:38:45.497,7.53843,7.54057,1.00,1.00
2015.02.03 16:38:46.061,7.53843,7.54058,1.00,1.00
2015.02.03 16:38:48.883,7.53843,7.54048,1.00,1.00
2015.02.03 16:38:49.873,7.53843,7.54028,1.00,1.00
2015.02.03 16:38:50.124,7.53785,7.54007,1.00,2.10
2015.02.03 16:38:50.589,7.53785,7.53908,1.00,1.00
2015.02.03 16:38:50.920,7.53785,7.53948,1.00,1.00
2015.02.03 16:38:51.630,7.53785,7.53968,1.00,1.00
2015.02.03 16:38:51.732,7.53785,7.53942,1.00,2.10
2015.02.03 16:38:52.952,7.53785,7.53897,1.00,1.00
2015.02.03 16:38:53.652,7.53785,7.53908,1.00,1.00
2015.02.03 16:38:54.312,7.53694,7.53839,1.56,2.10
2015.02.03 16:38:54.615,7.53584,7.53813,1.00,1.49
2015.02.03 16:38:54.666,7.53584,7.53787,1.00,2.29
2015.02.03 16:38:54.867,7.53584,7.53787,1.00,2.29
2015.02.03 16:38:55.352,7.53584,7.53833,1.00,1.12
2015.02.03 16:38:55.453,7.53584,7.5384,1.00,1.31
2015.02.03 16:38:55.504,7.53584,7.53847,1.00,1.94
2015.02.03 16:38:55.656,7.53584,7.53896,1.75,1.12
2015.02.03 16:38:55.757,7.53584,7.53898,1.75,1.75
2015.02.03 16:38:56.101,7.53656,7.53918,1.00,1.75
2015.02.03 16:38:56.672,7.53656,7.53927,1.00,1.94
2015.02.03 16:38:56.807,7.53708,7.53927,1.00,1.94
2015.02.03 16:38:56.959,7.53708,7.53937,1.00,1.75
2015.02.03 16:38:58.583,7.53708,7.53963,1.00,1.00
2015.02.03 16:38:58.634,7.53738,7.53968,1.00,1.37
2015.02.03 16:38:59.363,7.53738,7.53977,1.00,1.00
2015.02.03 16:38:59.465,7.53738,7.53968,1.12,1.00
2015.02.03 16:38:59.566,7.53738,7.53968,1.00,1.37
2015.02.03 16:39:00.573,7.53738,7.53872,1.00,2.10
2015.02.03 16:39:00.624,7.53696,7.53872,1.37,2.10
2015.02.03 16:39:00.775,7.53696,7.53857,1.00,1.35
2015.02.03 16:39:01.042,7.53659,7.53857,1.00,1.35
2015.02.03 16:39:02.136,7.53659,7.53838,1.00,1.00
2015.02.03 16:39:02.226,7.53659,7.53854,1.00,1.35
2015.02.03 16:39:06.121,7.53659,7.53896,1.00,1.00
2015.02.03 16:39:06.223,7.53659,7.53968,1.75,1.82
2015.02.03 16:39:06.374,7.53725,7.53968,1.00,1.75
2015.02.03 16:39:06.705,7.53725,7.53948,1.00,1.00
2015.02.03 16:39:07.161,7.53725,7.53937,1.00,1.00
2015.02.03 16:39:07.382,7.53725,7.53948,1.00,1.75
2015.02.03 16:39:07.483,7.53725,7.53948,1.00,1.00
2015.02.03 16:39:07.709,7.53725,7.53918,1.00,1.00
2015.02.03 16:39:07.861,7.53695,7.53898,1.00,1.00
2015.02.03 16:39:08.063,7.53695,7.53888,1.00,1.00
2015.02.03 16:39:08.582,7.53695,7.53898,1.00,1.00
2015.02.03 16:39:08.912,7.53695,7.53908,1.00,1.37
2015.02.03 16:39:09.133,7.53695,7.53898,1.00,1.00
2015.02.03 16:39:10.059,7.53695,7.53908,1.00,1.37
2015.02.03 16:39:10.995,7.53695,7.53908,1.00,1.00
2015.02.03 16:39:11.609,7.53695,7.53908,1.37,1.00
2015.02.03 16:39:12.102,7.53695,7.53898,1.37,1.00
2015.02.03 16:39:12.660,7.53695,7.53898,1.00,1.00
2015.02.03 16:39:13.092,7.53695,7.53888,1.00,1.00
2015.02.03 16:39:13.422,7.53695,7.53898,1.00,1.00
2015.02.03 16:39:14.632,7.53695,7.53888,1.00,1.00
2015.02.03 16:39:15.401,7.53695,7.53898,1.00,1.00
2015.02.03 16:39:15.622,7.53695,7.53908,1.00,1.00
2015.02.03 16:39:16.737,7.53695,7.53897,1.00,1.00
2015.02.03 16:39:17.052,7.53695,7.53888,1.00,1.00
2015.02.03 16:39:18.057,7.53695,7.53897,1.00,1.00
2015.02.03 16:39:18.482,7.53695,7.53888,1.00,1.00
2015.02.03 16:39:19.000,7.53695,7.53898,1.00,1.00
2015.02.03 16:39:20.511,7.53695,7.53888,1.00,1.00
2015.02.03 16:39:20.714,7.53695,7.53937,1.75,1.00
2015.02.03 16:39:20.765,7.53695,7.53937,1.75,1.00
2015.02.03 16:39:20.816,7.53695,7.53948,1.75,1.00
2015.02.03 16:39:20.918,7.53695,7.53938,1.75,1.00
2015.02.03 16:39:21.230,7.53722,7.53928,1.00,1.00
2015.02.03 16:39:23.103,7.53722,7.53938,1.00,1.60
2015.02.03 16:39:25.082,7.53722,7.53917,1.00,1.00
2015.02.03 16:39:25.741,7.53722,7.53928,1.00,1.00
2015.02.03 16:39:25.961,7.53722,7.53918,1.00,1.00
2015.02.03 16:39:26.584,7.53722,7.53928,1.00,1.00
2015.02.03 16:39:26.914,7.53722,7.53938,1.00,1.60
2015.02.03 16:39:31.725,7.53722,7.53938,1.37,1.60
2015.02.03 16:39:33.381,7.53722,7.53918,1.37,1.00
2015.02.03 16:39:33.432,7.53722,7.53918,1.00,1.50
2015.02.03 16:39:33.610,7.53722,7.53887,1.00,1.00
2015.02.03 16:39:34.137,7.53722,7.53888,1.00,1.00
2015.02.03 16:39:34.662,7.53722,7.53928,1.37,1.50
2015.02.03 16:39:34.714,7.53722,7.53918,1.37,1.00
2015.02.03 16:39:35.158,7.53722,7.53907,1.37,1.00
2015.02.03 16:39:36.351,7.53722,7.53877,1.37,1.00
2015.02.03 16:39:36.661,7.53722,7.53848,1.37,1.00
2015.02.03 16:39:37.434,7.53722,7.53847,1.37,1.00
2015.02.03 16:39:37.549,7.53722,7.53847,1.00,1.00
2015.02.03 16:39:38.110,7.53722,7.53848,1.00,1.00
2015.02.03 16:39:38.472,7.53725,7.53848,1.00,1.00
2015.02.03 16:39:38.624,7.53725,7.53858,1.00,1.00
2015.02.03 16:39:38.675,7.53725,7.53848,1.00,1.00
2015.02.03 16:39:38.726,7.53647,7.53848,1.37,1.00
2015.02.03 16:39:38.777,7.53647,7.53828,1.00,1.00
2015.02.03 16:39:39.112,7.53647,7.53808,1.00,1.00
2015.02.03 16:39:39.213,7.53647,7.53818,1.00,1.00
2015.02.03 16:39:39.264,7.5363,7.53818,1.00,1.00
2015.02.03 16:39:39.913,7.5363,7.53807,1.00,1.00
2015.02.03 16:39:40.217,7.5363,7.53798,1.00,1.00
2015.02.03 16:39:40.319,7.5363,7.53808,1.00,1.00
2015.02.03 16:39:40.609,7.5363,7.53798,1.00,1.00
2015.02.03 16:39:40.917,7.53635,7.53787,1.00,1.00
2015.02.03 16:39:41.170,7.53635,7.53798,1.00,1.00
2015.02.03 16:39:41.435,7.53635,7.53778,1.00,1.00
2015.02.03 16:39:41.753,7.53635,7.53768,1.00,1.00
2015.02.03 16:39:41.955,7.53603,7.53757,1.00,1.00
2015.02.03 16:39:42.511,7.53603,7.53758,1.00,1.00
2015.02.03 16:39:44.124,7.53603,7.53788,1.00,1.00
2015.02.03 16:39:44.893,7.53603,7.53768,1.00,1.00
2015.02.03 16:39:45.131,7.53603,7.53787,1.00,1.00
2015.02.03 16:39:45.442,7.53603,7.53758,1.00,1.00
2015.02.03 16:39:46.431,7.53603,7.53747,1.00,1.00
2015.02.03 16:39:46.652,7.53603,7.53758,1.00,1.00
2015.02.03 16:39:47.835,7.53603,7.53747,1.00,1.00
2015.02.03 16:39:48.139,7.53649,7.53758,1.00,1.00
2015.02.03 16:39:48.190,7.53649,7.53788,1.00,1.00
2015.02.03 16:39:48.291,7.53649,7.53798,1.00,1.00
2015.02.03 16:39:48.581,7.53684,7.53818,1.00,1.00
2015.02.03 16:39:48.682,7.53684,7.53828,1.00,1.00
2015.02.03 16:39:49.275,7.53684,7.53818,1.00,1.00
2015.02.03 16:39:51.137,7.53684,7.53838,1.00,1.00
2015.02.03 16:39:51.342,7.53684,7.53828,1.00,1.00
2015.02.03 16:39:51.654,7.53684,7.53838,1.00,1.00
2015.02.03 16:39:52.146,7.53684,7.53828,1.00,1.00
2015.02.03 16:39:52.931,7.5371,7.53828,1.00,1.00
2015.02.03 16:39:52.983,7.5371,7.53847,1.00,1.00
2015.02.03 16:39:59.611,7.5371,7.53837,1.00,1.00
2015.02.03 16:39:59.914,7.5371,7.53827,1.00,1.00
2015.02.03 16:40:00.392,7.5371,7.53838,1.00,1.00
2015.02.03 16:40:01.642,7.5371,7.53828,1.00,1.00
2015.02.03 16:40:02.131,7.5371,7.53838,1.00,1.00
2015.02.03 16:40:02.442,7.5371,7.53827,1.00,1.00
2015.02.03 16:40:02.695,7.5371,7.53838,1.00,1.00
2015.02.03 16:40:02.802,7.53688,7.53838,1.00,1.00
2015.02.03 16:40:03.159,7.53688,7.53827,1.00,1.00
2015.02.03 16:40:04.312,7.53688,7.53818,1.00,1.00
2015.02.03 16:40:04.919,7.53654,7.53818,1.00,1.00
2015.02.03 16:40:05.859,7.53654,7.53825,1.00,2.10
2015.02.03 16:40:05.960,7.53654,7.53818,1.00,1.00
2015.02.03 16:40:07.258,7.53654,7.53825,1.00,2.10
2015.02.03 16:40:07.679,7.53654,7.53818,1.00,1.00
2015.02.03 16:40:08.220,7.53654,7.53807,1.00,1.00
2015.02.03 16:40:09.401,7.53654,7.53818,1.00,1.00
2015.02.03 16:40:09.510,7.53654,7.53825,1.00,2.10
2015.02.03 16:40:10.016,7.53681,7.53825,1.00,2.10
2015.02.03 16:40:15.332,7.53681,7.53818,1.00,1.00
2015.02.03 16:40:16.535,7.53681,7.53808,1.00,1.00
2015.02.03 16:40:17.594,7.53681,7.53818,1.00,1.50
2015.02.03 16:40:18.042,7.53681,7.53825,1.00,2.10
2015.02.03 16:40:19.399,7.53681,7.53818,1.00,1.00
2015.02.03 16:40:19.753,7.53646,7.53817,1.00,1.00
2015.02.03 16:40:19.804,7.53646,7.53798,1.00,1.00
2015.02.03 16:40:20.061,7.53646,7.53817,1.00,1.00
2015.02.03 16:40:20.491,7.53612,7.53818,1.00,1.00
2015.02.03 16:40:21.101,7.53612,7.53817,1.00,1.00
2015.02.03 16:40:21.348,7.53612,7.53808,1.00,1.00
2015.02.03 16:40:21.481,7.53612,7.53817,1.00,1.00
2015.02.03 16:40:21.692,7.53612,7.53798,1.00,1.00
2015.02.03 16:40:21.894,7.53612,7.53808,1.00,1.50
2015.02.03 16:40:22.472,7.53612,7.53798,1.00,1.00
2015.02.03 16:40:22.802,7.53612,7.53808,1.00,1.50
2015.02.03 16:40:23.638,7.53612,7.53798,1.00,1.00
2015.02.03 16:40:23.739,7.53612,7.53808,1.00,1.50
2015.02.03 16:40:26.707,7.53612,7.53817,1.00,1.00
2015.02.03 16:40:26.808,7.53612,7.53788,1.00,1.00
2015.02.03 16:40:26.924,7.53612,7.53798,1.00,1.00
2015.02.03 16:40:27.165,7.53612,7.53808,1.00,1.50
2015.02.03 16:40:27.681,7.53612,7.53807,1.00,1.00
2015.02.03 16:40:28.313,7.53612,7.53808,1.00,1.00
2015.02.03 16:40:30.423,7.53612,7.53807,1.00,1.00
2015.02.03 16:40:31.188,7.53613,7.53807,1.00,1.00
2015.02.03 16:40:32.864,7.53613,7.53817,1.00,1.00
2015.02.03 16:40:33.016,7.53632,7.53817,1.00,1.00
2015.02.03 16:40:34.143,7.53632,7.53818,1.00,1.00
2015.02.03 16:40:34.753,7.53632,7.53807,1.00,1.00
2015.02.03 16:40:35.133,7.53632,7.53798,1.00,1.50
2015.02.03 16:40:35.692,7.53632,7.53817,1.00,1.00
2015.02.03 16:40:36.048,7.53663,7.53817,1.00,1.00
2015.02.03 16:40:36.150,7.53663,7.53828,1.00,1.00
2015.02.03 16:40:36.377,7.53663,7.53817,1.00,1.00
2015.02.03 16:40:36.478,7.53663,7.53828,1.00,1.00
2015.02.03 16:40:36.579,7.53663,7.53837,1.00,1.60
2015.02.03 16:40:36.832,7.53703,7.53842,1.00,2.10
2015.02.03 16:40:39.749,7.53703,7.53877,1.00,1.00
2015.02.03 16:40:40.488,7.53703,7.53887,1.00,1.00
2015.02.03 16:40:40.868,7.53703,7.53878,1.00,1.00
2015.02.03 16:40:41.172,7.53734,7.53878,1.00,1.00
2015.02.03 16:40:41.507,7.53734,7.53897,1.00,1.00
2015.02.03 16:40:41.558,7.53734,7.53904,1.00,2.10
2015.02.03 16:40:43.805,7.53734,7.53928,1.00,1.00
2015.02.03 16:40:43.856,7.53734,7.53938,1.19,1.50
2015.02.03 16:40:44.171,7.53791,7.53958,1.00,1.00
2015.02.03 16:40:44.508,7.53791,7.53947,1.00,1.00
2015.02.03 16:40:44.710,7.53791,7.53968,1.00,1.00
2015.02.03 16:40:44.812,7.53791,7.53978,1.00,1.50
2015.02.03 16:40:45.015,7.53791,7.53988,1.00,1.50
2015.02.03 16:40:45.167,7.53847,7.53988,1.00,1.00
2015.02.03 16:40:45.218,7.53847,7.54008,1.00,1.50
2015.02.03 16:40:45.269,7.53847,7.53998,1.00,1.00
2015.02.03 16:40:45.370,7.53847,7.54008,1.00,1.00
2015.02.03 16:40:47.358,7.53847,7.54018,1.00,1.00
2015.02.03 16:40:47.462,7.53847,7.54008,1.00,1.00
2015.02.03 16:40:47.715,7.53759,7.53948,1.37,2.10
2015.02.03 16:40:47.766,7.53759,7.53948,1.00,2.10
2015.02.03 16:40:48.120,7.53759,7.53918,1.00,1.00
2015.02.03 16:40:48.357,7.53744,7.53918,1.00,1.00
2015.02.03 16:40:48.767,7.53784,7.53918,1.00,1.00
2015.02.03 16:40:48.818,7.53784,7.53958,1.00,1.00
2015.02.03 16:40:48.868,7.53784,7.53958,1.00,1.60
2015.02.03 16:40:49.341,7.53784,7.53937,1.00,1.00
2015.02.03 16:40:50.092,7.53784,7.53947,1.00,1.00
2015.02.03 16:40:50.262,7.53784,7.53938,1.00,1.00
2015.02.03 16:40:50.971,7.53784,7.53928,1.00,1.00
2015.02.03 16:40:52.083,7.53745,7.53928,1.00,1.00
2015.02.03 16:40:53.871,7.53782,7.53958,1.00,1.00
2015.02.03 16:40:53.972,7.53782,7.53968,1.00,1.00
2015.02.03 16:40:55.079,7.53782,7.53958,1.00,1.00
2015.02.03 16:40:55.180,7.53728,7.53958,1.00,1.75
2015.02.03 16:40:55.231,7.53728,7.53948,1.00,1.75
2015.02.03 16:40:55.584,7.53728,7.53943,1.00,1.75
2015.02.03 16:40:57.727,7.53728,7.53918,1.00,1.00
2015.02.03 16:40:57.858,7.53728,7.53928,1.00,1.50
2015.02.03 16:40:57.960,7.53728,7.53938,1.00,1.50
2015.02.03 16:40:58.061,7.53728,7.53945,1.00,1.00
2015.02.03 16:40:58.112,7.53728,7.53948,1.00,1.00
2015.02.03 16:40:58.357,7.53728,7.53958,1.00,1.00
2015.02.03 16:40:58.409,7.53772,7.53958,1.00,1.00
2015.02.03 16:40:58.865,7.53772,7.53948,1.00,1.00
2015.02.03 16:41:00.390,7.53772,7.53938,1.00,1.00
2015.02.03 16:41:00.719,7.53772,7.53947,1.00,1.00
2015.02.03 16:41:01.233,7.53772,7.53938,1.00,1.00
2015.02.03 16:41:01.435,7.53731,7.53927,1.19,1.00
2015.02.03 16:41:01.541,7.53731,7.53938,1.00,1.87
2015.02.03 16:41:01.642,7.53731,7.53928,1.00,1.00
2015.02.03 16:41:02.041,7.53731,7.53928,1.00,1.37
2015.02.03 16:41:02.874,7.53731,7.53917,1.00,1.00
2015.02.03 16:41:03.919,7.53731,7.53908,1.00,1.00
2015.02.03 16:41:05.911,7.53731,7.53898,1.00,1.00
2015.02.03 16:41:06.421,7.53731,7.53898,1.00,1.37
2015.02.03 16:41:06.523,7.5371,7.53888,1.00,1.00
2015.02.03 16:41:06.675,7.5371,7.53877,1.00,1.00
2015.02.03 16:41:06.728,7.5371,7.53887,1.00,1.00
2015.02.03 16:41:07.880,7.5371,7.53888,1.00,1.00
2015.02.03 16:41:08.687,7.5371,7.53898,1.00,1.37
2015.02.03 16:41:09.900,7.5371,7.53888,1.00,1.00
2015.02.03 16:41:10.089,7.5371,7.53897,1.00,1.12
2015.02.03 16:41:10.910,7.5371,7.53887,1.00,1.00
2015.02.03 16:41:11.220,7.5371,7.53897,1.00,1.00
2015.02.03 16:41:12.338,7.5371,7.53908,1.00,1.87
2015.02.03 16:41:12.887,7.5371,7.53908,1.00,1.00
2015.02.03 16:41:14.222,7.5371,7.53927,1.00,1.50
2015.02.03 16:41:14.373,7.5371,7.53934,1.00,1.72
2015.02.03 16:41:15.472,7.5371,7.53934,1.00,1.35
2015.02.03 16:41:15.776,7.5366,7.53877,1.19,2.85
2015.02.03 16:41:16.181,7.5366,7.53876,1.00,1.60
2015.02.03 16:41:17.342,7.5366,7.53883,1.00,1.00
2015.02.03 16:41:17.443,7.5366,7.53889,1.00,1.00
2015.02.03 16:41:18.393,7.5366,7.53889,1.00,1.50
2015.02.03 16:41:19.299,7.5366,7.53889,1.00,1.00
2015.02.03 16:41:19.550,7.53705,7.53896,1.00,1.60
2015.02.03 16:41:22.555,7.53705,7.5389,1.00,1.35
2015.02.03 16:41:22.657,7.53705,7.53894,1.00,1.60
2015.02.03 16:41:23.270,7.53705,7.53887,1.00,1.00
2015.02.03 16:41:24.161,7.53705,7.53883,1.00,1.00
2015.02.03 16:41:25.821,7.53705,7.53866,1.00,1.00
2015.02.03 16:41:26.240,7.53705,7.53877,1.00,1.00
2015.02.03 16:41:26.606,7.53705,7.53886,1.00,1.00
2015.02.03 16:41:27.688,7.53705,7.53879,1.00,1.00
2015.02.03 16:41:28.152,7.53705,7.53949,1.00,1.00
2015.02.03 16:41:28.203,7.53717,7.53949,1.19,1.00
2015.02.03 16:41:28.254,7.53717,7.53977,1.19,1.00
2015.02.03 16:41:28.356,7.53717,7.53979,1.19,1.00
2015.02.03 16:41:28.406,7.53822,7.53979,1.00,1.00
2015.02.03 16:41:28.550,7.53822,7.53991,1.00,1.00
2015.02.03 16:41:29.014,7.53857,7.54,1.00,1.00
2015.02.03 16:41:29.345,7.53857,7.54006,1.00,1.00
2015.02.03 16:41:32.415,7.53857,7.5398,1.00,1.00
2015.02.03 16:41:33.872,7.53857,7.53991,1.00,1.00
2015.02.03 16:41:34.073,7.53857,7.5398,1.00,1.00
2015.02.03 16:41:34.394,7.53857,7.53982,1.00,1.00
2015.02.03 16:41:35.386,7.53857,7.53975,1.00,1.00
2015.02.03 16:41:37.379,7.53857,7.53973,1.00,1.00
2015.02.03 16:41:38.384,7.53857,7.53985,1.00,1.00
2015.02.03 16:41:38.559,7.53857,7.5397,1.00,1.00
2015.02.03 16:41:41.334,7.53857,7.53991,1.00,1.00
2015.02.03 16:41:41.435,7.53857,7.53979,1.00,1.00
2015.02.03 16:41:41.847,7.53828,7.53978,1.00,1.00
2015.02.03 16:41:41.948,7.53828,7.53968,1.00,1.00
2015.02.03 16:41:42.251,7.53828,7.53947,1.00,1.00
2015.02.03 16:41:45.304,7.53828,7.54008,1.00,1.00
2015.02.03 16:41:45.355,7.53834,7.54022,1.00,1.00
2015.02.03 16:41:45.507,7.53834,7.54048,1.00,1.50
2015.02.03 16:41:45.558,7.53834,7.54048,1.07,1.50
2015.02.03 16:41:46.000,7.53886,7.54038,1.00,1.00
2015.02.03 16:41:46.473,7.53886,7.54028,1.00,1.00
2015.02.03 16:41:47.487,7.53886,7.54018,1.00,1.00
2015.02.03 16:41:48.010,7.53886,7.54028,1.00,1.00
2015.02.03 16:41:48.112,7.53886,7.54037,1.00,1.00
2015.02.03 16:41:49.151,7.53886,7.54047,1.00,1.00
2015.02.03 16:41:50.270,7.53886,7.54067,1.00,1.00
2015.02.03 16:41:50.371,7.5394,7.54074,1.00,1.00
2015.02.03 16:41:50.439,7.5394,7.54078,1.00,1.60
2015.02.03 16:41:52.139,7.5394,7.54083,1.00,1.00
2015.02.03 16:41:52.241,7.5394,7.54089,1.00,1.00
2015.02.03 16:41:52.443,7.5394,7.54095,1.00,1.00
2015.02.03 16:41:53.189,7.5394,7.54089,1.00,1.00
2015.02.03 16:41:53.452,7.5394,7.54098,1.00,1.00
2015.02.03 16:41:53.740,7.5394,7.54107,1.00,1.00
2015.02.03 16:41:53.791,7.53965,7.54107,1.00,1.00
2015.02.03 16:41:55.848,7.53965,7.54127,1.00,1.00
2015.02.03 16:41:55.898,7.5401,7.54127,1.00,1.00
2015.02.03 16:41:55.949,7.5401,7.5414,1.00,1.00
2015.02.03 16:41:56.051,7.5401,7.54166,1.00,1.00
2015.02.03 16:41:56.119,7.5401,7.54158,1.00,1.00
2015.02.03 16:41:56.645,7.5401,7.54158,1.00,1.37
2015.02.03 16:41:56.950,7.5401,7.54122,1.00,1.00
2015.02.03 16:41:57.051,7.5401,7.54142,1.00,1.37
2015.02.03 16:41:57.200,7.5401,7.54148,1.00,1.00
2015.02.03 16:41:57.905,7.5401,7.54147,1.00,1.00
2015.02.03 16:41:59.200,7.5401,7.54138,1.00,1.00
2015.02.03 16:41:59.697,7.5401,7.54128,1.00,1.00
2015.02.03 16:42:00.028,7.5401,7.54138,1.00,1.00
2015.02.03 16:42:00.131,7.5401,7.54147,1.00,1.00
2015.02.03 16:42:00.232,7.5401,7.54157,1.00,1.00
2015.02.03 16:42:00.354,7.5401,7.54147,1.00,1.00
2015.02.03 16:42:00.460,7.5401,7.54158,1.00,1.00
2015.02.03 16:42:00.850,7.5401,7.54148,1.00,1.00
2015.02.03 16:42:00.946,7.5401,7.54157,1.00,1.00
2015.02.03 16:42:01.151,7.5401,7.54147,1.00,1.00
2015.02.03 16:42:01.601,7.54018,7.54147,1.00,1.00
2015.02.03 16:42:01.905,7.54018,7.54134,1.00,1.75
2015.02.03 16:42:02.107,7.53974,7.54127,1.00,1.00
2015.02.03 16:42:02.310,7.53974,7.54117,1.00,1.00
2015.02.03 16:42:03.324,7.53974,7.54128,1.00,1.12
2015.02.03 16:42:05.993,7.54012,7.54158,1.00,1.00
2015.02.03 16:42:06.094,7.54012,7.54178,1.00,1.00
2015.02.03 16:42:06.195,7.54012,7.54193,1.00,1.12
2015.02.03 16:42:06.397,7.54012,7.54188,1.00,1.00
2015.02.03 16:42:06.701,7.54058,7.54188,1.00,1.00
2015.02.03 16:42:07.056,7.54058,7.54177,1.00,1.00
2015.02.03 16:42:08.369,7.54058,7.54167,1.00,1.00
2015.02.03 16:42:08.577,7.54058,7.54178,1.00,1.00
2015.02.03 16:42:08.678,7.54058,7.54198,1.00,1.50
2015.02.03 16:42:08.886,7.54058,7.54188,1.00,1.00
2015.02.03 16:42:09.608,7.54058,7.54198,1.00,1.50
2015.02.03 16:42:10.129,7.54058,7.54188,1.00,1.00
2015.02.03 16:42:10.838,7.54058,7.54198,1.00,1.50
2015.02.03 16:42:10.940,7.54098,7.54207,1.00,1.00
2015.02.03 16:42:11.389,7.54098,7.54217,1.00,1.00
2015.02.03 16:42:11.699,7.54098,7.54208,1.00,1.00
2015.02.03 16:42:12.061,7.54098,7.54198,1.00,1.00
2015.02.03 16:42:13.178,7.54098,7.54208,1.00,1.00
2015.02.03 16:42:15.111,7.54098,7.54198,1.00,1.00
2015.02.03 16:42:15.217,7.54098,7.54208,1.00,1.00
2015.02.03 16:42:15.850,7.54098,7.54197,1.00,1.00
2015.02.03 16:42:16.337,7.5405,7.54188,1.00,1.00
2015.02.03 16:42:16.390,7.5405,7.54178,1.00,1.00
2015.02.03 16:42:17.260,7.5405,7.54188,1.00,1.00
2015.02.03 16:42:17.696,7.5405,7.54198,1.00,1.00
2015.02.03 16:42:18.851,7.5405,7.54187,1.00,1.00
2015.02.03 16:42:19.373,7.5405,7.54186,1.00,1.00
2015.02.03 16:42:26.216,7.54098,7.54187,1.00,1.00
2015.02.03 16:42:26.267,7.54098,7.54218,1.00,1.00
2015.02.03 16:42:26.470,7.54098,7.54232,1.00,1.00
2015.02.03 16:42:27.425,7.54098,7.54228,1.00,1.00
2015.02.03 16:42:27.527,7.54098,7.54232,1.00,1.00
2015.02.03 16:42:27.678,7.54098,7.54228,1.00,1.00
2015.02.03 16:42:27.979,7.54098,7.54232,1.00,1.00
2015.02.03 16:42:28.144,7.54132,7.54232,1.00,1.00
2015.02.03 16:42:29.319,7.54132,7.54245,1.00,1.00
2015.02.03 16:42:29.573,7.54132,7.54238,1.00,1.00
2015.02.03 16:42:29.884,7.54132,7.54228,1.00,1.00
2015.02.03 16:42:30.050,7.54082,7.54228,1.00,1.00
2015.02.03 16:42:30.473,7.54028,7.54227,1.00,1.00
2015.02.03 16:42:30.640,7.54028,7.54208,1.00,1.00
2015.02.03 16:42:30.792,7.53961,7.5415,1.00,1.00
2015.02.03 16:42:30.843,7.53961,7.54153,1.00,1.00
2015.02.03 16:42:31.096,7.53961,7.54155,1.00,1.00
2015.02.03 16:42:31.719,7.53961,7.54172,1.00,1.00
2015.02.03 16:42:31.871,7.53961,7.54193,1.00,1.00
2015.02.03 16:42:32.050,7.53961,7.54198,1.00,1.00
2015.02.03 16:42:32.202,7.53961,7.54195,1.00,1.00
2015.02.03 16:42:34.268,7.53961,7.54188,1.00,1.00
2015.02.03 16:42:34.623,7.53961,7.54182,1.00,1.00
2015.02.03 16:42:34.973,7.53961,7.54174,1.00,1.00
2015.02.03 16:42:35.307,7.53961,7.54168,1.00,1.00
2015.02.03 16:42:35.357,7.53961,7.5417,1.00,1.00
2015.02.03 16:42:35.788,7.53961,7.54163,1.00,1.00
2015.02.03 16:42:38.889,7.53961,7.54166,1.00,1.00
2015.02.03 16:42:39.257,7.53961,7.54158,1.00,1.00
2015.02.03 16:42:39.981,7.53961,7.54161,1.00,1.00
2015.02.03 16:42:40.737,7.53961,7.54157,1.00,1.00
2015.02.03 16:42:45.625,7.53961,7.54161,1.00,1.00
2015.02.03 16:42:46.050,7.53961,7.54158,1.00,1.00
2015.02.03 16:42:46.176,7.53961,7.54161,1.00,1.00
2015.02.03 16:42:49.208,7.53961,7.54167,1.00,1.00
2015.02.03 16:42:50.857,7.53961,7.54163,1.00,1.00
2015.02.03 16:42:51.199,7.53961,7.5416,1.00,1.00
2015.02.03 16:42:51.300,7.53961,7.54173,1.00,1.00
2015.02.03 16:42:51.452,7.53961,7.54178,1.00,1.00
2015.02.03 16:42:52.091,7.53961,7.54181,1.00,1.00
2015.02.03 16:42:52.762,7.53961,7.54182,1.00,1.00
2015.02.03 16:42:53.869,7.53961,7.54175,1.00,1.00
2015.02.03 16:43:01.785,7.53961,7.54178,1.00,1.00
2015.02.03 16:43:02.212,7.53961,7.54172,1.00,1.00
2015.02.03 16:43:02.565,7.53961,7.54165,1.00,1.00
2015.02.03 16:43:02.667,7.53961,7.54173,1.00,1.00
2015.02.03 16:43:06.080,7.53955,7.54173,1.00,1.00
2015.02.03 16:43:07.510,7.53955,7.54165,1.00,1.00
2015.02.03 16:43:07.814,7.53955,7.54154,1.00,1.00
2015.02.03 16:43:07.865,7.53947,7.54154,1.00,1.00
2015.02.03 16:43:07.917,7.53947,7.54127,1.00,1.00
2015.02.03 16:43:08.242,7.539,7.54108,1.00,1.00
2015.02.03 16:43:08.509,7.539,7.54101,1.00,1.00
2015.02.03 16:43:08.660,7.53872,7.54088,1.07,1.00
2015.02.03 16:43:08.812,7.53872,7.54055,1.07,1.00
2015.02.03 16:43:08.864,7.53872,7.54055,1.00,1.00
2015.02.03 16:43:08.915,7.53872,7.54068,1.00,1.00
2015.02.03 16:43:09.016,7.53872,7.54081,1.00,1.00
2015.02.03 16:43:09.229,7.53872,7.54088,1.00,1.00
2015.02.03 16:43:10.107,7.53872,7.54089,1.00,1.00
2015.02.03 16:43:10.158,7.5389,7.54089,1.00,1.00
2015.02.03 16:43:10.368,7.5389,7.54099,1.00,1.00
2015.02.03 16:43:11.089,7.5389,7.54099,1.75,1.00
2015.02.03 16:43:11.394,7.53996,7.54211,2.05,1.00
2015.02.03 16:43:11.444,7.53996,7.54253,2.05,1.00
2015.02.03 16:43:11.546,7.53996,7.54253,2.05,1.00
2015.02.03 16:43:11.739,7.53996,7.54253,2.05,1.00
2015.02.03 16:43:11.789,7.53996,7.54247,2.05,1.00
2015.02.03 16:43:11.891,7.53996,7.54251,2.05,1.00
2015.02.03 16:43:12.135,7.54041,7.54251,1.00,1.00
2015.02.03 16:43:12.968,7.54041,7.54247,1.00,1.00
2015.02.03 16:43:13.273,7.54041,7.54242,1.00,1.00
2015.02.03 16:43:15.109,7.54041,7.54247,1.00,1.00
2015.02.03 16:43:17.589,7.54041,7.5426,1.00,1.00
2015.02.03 16:43:21.438,7.54041,7.54242,1.00,1.00
2015.02.03 16:43:26.192,7.5404,7.54242,1.00,1.00
2015.02.03 16:43:28.514,7.54083,7.54242,1.00,1.00
2015.02.03 16:43:28.618,7.54083,7.5426,1.00,1.00
2015.02.03 16:43:28.719,7.54083,7.54275,1.00,1.00
2015.02.03 16:43:28.830,7.54083,7.54285,1.00,1.00
2015.02.03 16:43:29.033,7.54083,7.54292,1.00,1.00
2015.02.03 16:43:29.910,7.54083,7.54306,1.00,1.00
2015.02.03 16:43:30.788,7.54083,7.54307,1.00,1.00
2015.02.03 16:43:30.839,7.54049,7.54307,1.45,1.00
2015.02.03 16:43:30.890,7.54049,7.54307,1.07,1.75
2015.02.03 16:43:31.212,7.54049,7.54281,1.00,1.00
2015.02.03 16:43:31.614,7.54049,7.5426,1.00,1.00
2015.02.03 16:43:32.767,7.54049,7.54272,1.00,1.00
2015.02.03 16:43:33.021,7.54041,7.54286,1.00,1.00
2015.02.03 16:43:33.122,7.54041,7.54305,1.75,1.00
2015.02.03 16:43:33.223,7.54041,7.54318,1.75,1.00
2015.02.03 16:43:33.929,7.54088,7.54318,1.00,1.00
2015.02.03 16:43:34.309,7.54088,7.54324,1.00,1.00
2015.02.03 16:43:34.549,7.54088,7.54316,1.00,1.00
2015.02.03 16:43:34.802,7.54102,7.54348,1.75,1.00
2015.02.03 16:43:34.903,7.54102,7.54348,1.00,1.00
2015.02.03 16:43:35.005,7.54102,7.54344,1.00,1.00
2015.02.03 16:43:35.308,7.54102,7.54323,1.00,1.00
2015.02.03 16:43:35.359,7.54089,7.54323,1.00,1.00
2015.02.03 16:43:35.849,7.54089,7.54328,1.00,1.00
2015.02.03 16:43:35.959,7.54089,7.54336,1.00,1.00
2015.02.03 16:43:36.010,7.54089,7.54336,1.75,1.00
2015.02.03 16:43:36.111,7.54098,7.54348,1.75,1.00
2015.02.03 16:43:36.162,7.54098,7.54351,1.75,1.00
2015.02.03 16:43:36.314,7.54098,7.54341,1.00,1.00
2015.02.03 16:43:36.619,7.54053,7.54285,1.07,1.00
2015.02.03 16:43:36.670,7.54053,7.54285,1.00,1.00
2015.02.03 16:43:37.203,7.54053,7.54289,1.00,1.00
2015.02.03 16:43:37.355,7.54053,7.54289,1.75,1.00
2015.02.03 16:43:37.406,7.54053,7.54298,1.75,1.00
2015.02.03 16:43:37.457,7.54063,7.54298,1.75,1.00
2015.02.03 16:43:37.699,7.54073,7.54298,1.12,1.00
2015.02.03 16:43:37.751,7.54063,7.54298,1.12,1.00
2015.02.03 16:43:37.852,7.54051,7.54298,1.07,1.50
2015.02.03 16:43:37.903,7.54051,7.54298,1.07,1.50
2015.02.03 16:43:38.207,7.54051,7.54282,1.00,1.00
2015.02.03 16:43:38.309,7.54087,7.54364,1.30,1.07
2015.02.03 16:43:38.411,7.54087,7.54364,2.05,1.00
2015.02.03 16:43:38.513,7.54087,7.54374,2.05,1.00
2015.02.03 16:43:38.565,7.54143,7.54374,1.00,1.00
2015.02.03 16:43:38.874,7.54143,7.54361,1.00,1.00
2015.02.03 16:43:40.924,7.54143,7.54376,1.75,1.00
2015.02.03 16:43:41.025,7.54143,7.54389,1.75,1.00
2015.02.03 16:43:41.076,7.54188,7.54389,1.00,1.00
2015.02.03 16:43:41.280,7.54188,7.54401,1.00,1.00
2015.02.03 16:43:41.381,7.54188,7.54408,1.00,1.00
2015.02.03 16:43:41.492,7.54188,7.54416,1.00,1.00
2015.02.03 16:43:41.694,7.54222,7.5443,1.00,1.00
2015.02.03 16:43:41.796,7.54222,7.54443,1.00,1.00
2015.02.03 16:43:42.048,7.54222,7.54436,1.00,1.00
2015.02.03 16:43:42.756,7.5419,7.54436,1.75,1.00
2015.02.03 16:43:43.330,7.5419,7.54433,1.75,1.00
2015.02.03 16:43:44.672,7.5419,7.54425,1.00,1.00
2015.02.03 16:43:45.662,7.5419,7.54425,1.75,1.00
2015.02.03 16:43:45.839,7.5419,7.54425,1.00,1.00
2015.02.03 16:43:45.890,7.5419,7.5443,1.00,1.00
2015.02.03 16:43:47.389,7.5419,7.5443,1.75,1.00
2015.02.03 16:43:47.737,7.5419,7.54426,1.75,1.00
2015.02.03 16:43:48.065,7.5419,7.54418,1.00,1.00
2015.02.03 16:43:48.370,7.54161,7.54406,1.37,1.00
2015.02.03 16:43:48.421,7.54161,7.54399,1.00,1.00
2015.02.03 16:43:48.634,7.54161,7.54425,1.00,1.00
2015.02.03 16:43:48.685,7.54169,7.54425,1.12,1.00
2015.02.03 16:43:48.988,7.54169,7.54419,1.20,1.00
2015.02.03 16:43:49.292,7.54148,7.54405,1.37,1.00
2015.02.03 16:43:49.342,7.54148,7.54405,1.37,1.00
2015.02.03 16:43:49.487,7.54148,7.54398,1.37,1.00
2015.02.03 16:43:49.639,7.54151,7.54406,1.12,1.00
2015.02.03 16:43:50.283,7.54148,7.54398,1.37,1.00
2015.02.03 16:43:50.334,7.54148,7.54398,1.07,1.00
2015.02.03 16:43:50.436,7.54148,7.54398,1.00,1.00
2015.02.03 16:43:50.487,7.54148,7.5438,1.00,1.00
2015.02.03 16:43:50.822,7.54148,7.54385,1.00,1.00
2015.02.03 16:43:50.873,7.54148,7.54385,1.75,1.00
2015.02.03 16:43:51.075,7.54183,7.54426,1.00,1.00
2015.02.03 16:43:51.799,7.54183,7.54419,1.00,1.00
2015.02.03 16:43:52.129,7.54183,7.54421,1.00,1.00
2015.02.03 16:43:52.439,7.54183,7.54423,1.00,1.00
2015.02.03 16:43:52.681,7.54183,7.54416,1.00,1.00
2015.02.03 16:43:53.092,7.54156,7.54416,1.37,1.00
2015.02.03 16:43:53.143,7.5415,7.54401,1.37,1.00
2015.02.03 16:43:53.345,7.5415,7.54382,1.00,1.00
2015.02.03 16:43:53.447,7.5415,7.54403,1.00,1.00
2015.02.03 16:43:53.499,7.5415,7.54403,1.37,1.00
2015.02.03 16:43:53.817,7.5415,7.54403,1.75,1.00
2015.02.03 16:43:56.576,7.5415,7.54396,1.37,1.00
2015.02.03 16:43:56.779,7.5415,7.54396,1.10,1.00
2015.02.03 16:43:59.057,7.5415,7.54377,1.10,1.00
2015.02.03 16:43:59.326,7.5415,7.54389,1.10,1.00
2015.02.03 16:43:59.428,7.5415,7.54408,1.10,1.00
2015.02.03 16:44:01.094,7.5414,7.54401,1.12,1.00
2015.02.03 16:44:01.297,7.54123,7.54388,1.12,1.00
2015.02.03 16:44:01.398,7.54123,7.54388,1.12,1.00
2015.02.03 16:44:02.803,7.54118,7.54375,1.37,1.00
2015.02.03 16:44:03.126,7.54118,7.54373,1.37,1.00
2015.02.03 16:44:03.567,7.54118,7.54385,1.37,1.00
2015.02.03 16:44:03.668,7.54126,7.54385,1.12,1.00
2015.02.03 16:44:03.820,7.54126,7.54403,1.12,1.00
2015.02.03 16:44:04.162,7.54126,7.54398,1.12,1.00
2015.02.03 16:44:04.776,7.54126,7.54404,1.12,1.00
2015.02.03 16:44:04.877,7.54126,7.54404,1.12,1.00
2015.02.03 16:44:05.225,7.54142,7.54411,1.12,1.00
2015.02.03 16:44:05.609,7.54142,7.54404,1.12,1.00
2015.02.03 16:44:06.318,7.54123,7.54392,1.12,1.00
2015.02.03 16:44:06.867,7.54123,7.54398,1.12,1.00
2015.02.03 16:44:07.768,7.54135,7.54393,1.12,1.00
2015.02.03 16:44:07.870,7.54152,7.54413,2.12,1.00
2015.02.03 16:44:07.920,7.54152,7.54413,2.12,1.00
2015.02.03 16:44:08.022,7.54153,7.54413,1.12,1.00
2015.02.03 16:44:08.123,7.54152,7.54413,1.67,1.00
2015.02.03 16:44:08.627,7.54152,7.54399,1.67,1.00
2015.02.03 16:44:10.084,7.54125,7.54391,1.12,1.00
2015.02.03 16:44:10.288,7.54125,7.54398,1.12,1.00
2015.02.03 16:44:10.877,7.54137,7.54401,1.12,1.00
2015.02.03 16:44:10.978,7.54153,7.54414,1.12,1.00
2015.02.03 16:44:11.080,7.5416,7.54417,1.12,1.00
2015.02.03 16:44:11.652,7.54161,7.54417,1.12,1.00
2015.02.03 16:44:12.806,7.54152,7.54397,1.12,1.00
2015.02.03 16:44:12.959,7.54152,7.54403,1.12,1.00
2015.02.03 16:44:15.263,7.54154,7.54401,1.67,1.00
2015.02.03 16:44:15.415,7.54154,7.54401,1.67,1.00
2015.02.03 16:44:16.092,7.54154,7.54401,1.30,1.00
2015.02.03 16:44:16.143,7.54154,7.54374,1.30,1.00
2015.02.03 16:44:16.357,7.5412,7.5439,1.82,1.00
2015.02.03 16:44:16.458,7.5412,7.54383,1.20,1.00
2015.02.03 16:44:16.509,7.5412,7.54383,1.82,1.00
2015.02.03 16:44:16.610,7.5412,7.54364,1.82,1.00
2015.02.03 16:44:16.661,7.5412,7.54369,1.82,1.00
2015.02.03 16:44:16.712,7.5412,7.54369,1.82,1.00
2015.02.03 16:44:18.090,7.5412,7.54382,1.82,1.00
2015.02.03 16:44:19.507,7.5412,7.54382,1.07,1.00
2015.02.03 16:44:19.659,7.5412,7.5437,1.07,1.00
2015.02.03 16:44:20.209,7.5412,7.54355,1.07,1.00
2015.02.03 16:44:20.316,7.5412,7.54355,1.00,1.00
2015.02.03 16:44:21.276,7.541,7.54355,2.12,1.00
2015.02.03 16:44:21.327,7.541,7.54344,1.75,1.00
2015.02.03 16:44:21.429,7.541,7.54318,1.30,1.00
2015.02.03 16:44:21.682,7.54043,7.54298,2.12,1.00
2015.02.03 16:44:21.834,7.54043,7.54298,1.37,1.00
2015.02.03 16:44:21.885,7.54043,7.54278,1.37,1.00
2015.02.03 16:44:22.216,7.54043,7.54272,1.30,1.00
2015.02.03 16:44:22.317,7.54043,7.54283,1.30,1.00
2015.02.03 16:44:22.517,7.54043,7.54275,1.30,1.00
2015.02.03 16:44:22.756,7.54035,7.54275,1.00,1.00
2015.02.03 16:44:25.022,7.54035,7.54275,1.75,1.00
2015.02.03 16:44:25.279,7.54035,7.54277,1.75,1.00
2015.02.03 16:44:25.330,7.54035,7.54277,1.37,1.00
2015.02.03 16:44:25.508,7.54012,7.54269,1.12,1.00
2015.02.03 16:44:25.559,7.53992,7.54269,1.37,1.00
2015.02.03 16:44:25.610,7.53992,7.54246,1.37,1.00
2015.02.03 16:44:25.712,7.53991,7.54246,1.07,1.00
2015.02.03 16:44:25.817,7.53991,7.54231,1.07,1.00
2015.02.03 16:44:26.366,7.53986,7.54219,1.37,1.00
2015.02.03 16:44:27.547,7.53974,7.54219,1.12,1.00
2015.02.03 16:44:27.700,7.53999,7.54225,1.50,1.00
2015.02.03 16:44:27.752,7.53999,7.54225,1.75,1.00
2015.02.03 16:44:27.803,7.53999,7.5425,1.75,1.00
2015.02.03 16:44:28.138,7.53999,7.54277,1.82,1.00
2015.02.03 16:44:28.240,7.54012,7.54277,1.82,1.00
2015.02.03 16:44:28.493,7.54038,7.54296,1.82,1.00
2015.02.03 16:44:32.851,7.54038,7.54296,1.82,1.00
2015.02.03 16:44:33.155,7.54051,7.54311,1.12,1.00
2015.02.03 16:44:33.205,7.54067,7.54329,1.12,1.00
2015.02.03 16:44:36.010,7.54079,7.54329,1.82,1.00
2015.02.03 16:44:36.061,7.54079,7.54343,1.82,1.00
2015.02.03 16:44:36.112,7.54092,7.54343,1.75,1.00
2015.02.03 16:44:36.317,7.54102,7.54361,1.82,1.00
2015.02.03 16:44:36.418,7.54102,7.54361,1.82,1.00
2015.02.03 16:44:37.366,7.54109,7.54375,1.82,1.00
2015.02.03 16:44:37.417,7.54109,7.54375,1.82,1.00
2015.02.03 16:44:38.616,7.54129,7.54375,1.12,1.00
2015.02.03 16:44:40.227,7.54129,7.54368,1.12,1.00
2015.02.03 16:44:44.651,7.54129,7.54375,1.12,1.00
2015.02.03 16:44:45.734,7.54129,7.54369,1.12,1.00
2015.02.03 16:44:46.039,7.54132,7.54382,1.82,1.00
2015.02.03 16:44:47.743,7.54141,7.54384,1.82,1.00
2015.02.03 16:44:47.855,7.54157,7.54384,1.12,1.00
2015.02.03 16:44:48.277,7.54147,7.54386,1.12,1.00
2015.02.03 16:44:51.042,7.54141,7.5439,1.37,1.00
2015.02.03 16:44:51.146,7.54141,7.54393,1.37,1.00
2015.02.03 16:44:51.597,7.54141,7.5438,1.75,1.00
2015.02.03 16:44:51.699,7.54141,7.5438,1.45,1.00
2015.02.03 16:44:52.111,7.54141,7.54388,1.07,1.00
2015.02.03 16:44:52.463,7.54141,7.54373,1.07,1.00
2015.02.03 16:44:52.788,7.54141,7.54369,1.07,1.00
2015.02.03 16:44:54.635,7.54104,7.54357,1.37,1.00
2015.02.03 16:44:55.999,7.54104,7.54351,1.37,1.00
2015.02.03 16:44:56.100,7.54104,7.54351,1.07,1.00
2015.02.03 16:44:56.151,7.54112,7.54351,1.75,1.00
2015.02.03 16:44:56.696,7.54135,7.54389,1.12,1.00
2015.02.03 16:44:57.534,7.54135,7.54389,1.12,1.00
2015.02.03 16:44:58.616,7.54145,7.54401,1.12,1.00
2015.02.03 16:44:58.717,7.54167,7.54423,1.12,1.00
2015.02.03 16:44:58.819,7.54167,7.54413,1.12,1.00
2015.02.03 16:44:59.179,7.54152,7.544,1.12,1.00
2015.02.03 16:44:59.280,7.54149,7.544,1.12,1.00
2015.02.03 16:45:01.030,7.54098,7.54347,1.12,1.00
2015.02.03 16:45:02.359,7.54092,7.54347,1.12,1.00
2015.02.03 16:45:02.556,7.54092,7.54344,1.12,1.00
2015.02.03 16:45:07.311,7.54102,7.54349,1.07,1.00
2015.02.03 16:45:07.869,7.54112,7.54349,1.00,1.00
2015.02.03 16:45:08.056,7.54112,7.54342,1.00,1.00
2015.02.03 16:45:08.597,7.54102,7.54342,1.07,1.00
2015.02.03 16:45:12.237,7.54093,7.54335,1.45,1.00
2015.02.03 16:45:16.878,7.54103,7.54347,1.57,1.00
2015.02.03 16:45:16.929,7.54132,7.54347,1.00,1.00
2015.02.03 16:45:19.657,7.54122,7.54347,1.00,1.00
2015.02.03 16:45:20.041,7.54122,7.54347,1.75,1.00
2015.02.03 16:45:20.092,7.54122,7.54367,1.75,1.00
2015.02.03 16:45:20.143,7.54125,7.54367,1.75,1.00
2015.02.03 16:45:20.295,7.54133,7.54382,1.82,1.00
2015.02.03 16:45:22.852,7.54142,7.54382,1.75,1.00
2015.02.03 16:45:22.953,7.54142,7.54386,1.75,1.00
2015.02.03 16:45:23.686,7.54142,7.54385,1.75,1.00
2015.02.03 16:45:24.213,7.54142,7.54385,1.00,1.00
2015.02.03 16:45:24.263,7.54142,7.54373,1.00,1.00
2015.02.03 16:45:24.567,7.54125,7.54359,1.07,1.00
2015.02.03 16:45:25.326,7.54125,7.54352,1.07,1.00
2015.02.03 16:45:26.047,7.54143,7.54352,1.00,1.00
2015.02.03 16:45:26.098,7.54143,7.54366,1.00,1.00
2015.02.03 16:45:26.574,7.54143,7.54374,1.00,1.00
2015.02.03 16:45:27.183,7.54142,7.54374,1.00,1.00
2015.02.03 16:45:28.006,7.54142,7.54374,1.37,1.00
2015.02.03 16:45:32.430,7.54142,7.54374,1.37,1.00
2015.02.03 16:45:32.933,7.54142,7.54374,1.00,1.00
2015.02.03 16:45:33.186,7.54142,7.54367,1.00,1.00
2015.02.03 16:45:33.500,7.54142,7.54361,1.00,1.00
2015.02.03 16:45:34.457,7.54142,7.5436,1.00,1.00
2015.02.03 16:45:34.897,7.54142,7.54367,1.00,1.00
2015.02.03 16:45:35.116,7.54142,7.5436,1.00,1.00
2015.02.03 16:45:36.226,7.54142,7.54367,1.00,1.00
2015.02.03 16:45:36.277,7.54153,7.54367,1.00,1.00
2015.02.03 16:45:37.549,7.54153,7.54361,1.00,1.00
2015.02.03 16:45:37.896,7.54162,7.54361,1.00,1.00
2015.02.03 16:45:40.860,7.54162,7.54367,1.00,1.00
2015.02.03 16:45:40.911,7.54172,7.54367,1.00,1.00
2015.02.03 16:45:41.890,7.54162,7.54367,1.00,1.00
2015.02.03 16:45:43.405,7.54162,7.54361,1.00,1.00
2015.02.03 16:45:43.807,7.54162,7.54348,1.00,1.00
2015.02.03 16:45:43.858,7.54152,7.54348,1.00,1.00
2015.02.03 16:45:44.170,7.54152,7.54353,1.00,1.00
2015.02.03 16:45:45.016,7.54152,7.54366,1.00,1.00
2015.02.03 16:45:45.126,7.54152,7.54378,1.00,1.00
2015.02.03 16:45:45.177,7.54192,7.54378,1.00,1.00
2015.02.03 16:45:45.855,7.54173,7.54378,1.00,1.00
2015.02.03 16:45:46.844,7.54162,7.54378,1.45,1.00
2015.02.03 16:45:47.174,7.54173,7.54378,1.00,1.00
2015.02.03 16:45:48.366,7.54172,7.54378,1.00,1.00
2015.02.03 16:45:48.678,7.54172,7.54399,1.00,1.00
2015.02.03 16:45:50.235,7.54162,7.54399,1.45,1.00
2015.02.03 16:45:52.969,7.54152,7.54394,1.82,1.00
2015.02.03 16:45:53.390,7.54152,7.54387,1.07,1.00
2015.02.03 16:45:55.173,7.54152,7.54392,1.07,1.00
2015.02.03 16:45:55.576,7.54152,7.54387,1.07,1.00
2015.02.03 16:45:56.126,7.54152,7.54402,1.07,1.00
2015.02.03 16:45:56.280,7.54162,7.54402,1.82,1.00
2015.02.03 16:45:57.534,7.54182,7.54402,1.00,1.00
2015.02.03 16:45:58.091,7.54152,7.54402,1.82,1.00
2015.02.03 16:45:58.142,7.54152,7.54411,1.82,1.00
2015.02.03 16:45:58.193,7.54152,7.54411,1.82,1.00
2015.02.03 16:45:58.515,7.5415,7.54404,1.12,1.00
2015.02.03 16:45:58.820,7.54202,7.54431,1.75,1.00
2015.02.03 16:45:59.125,7.54252,7.54468,1.82,1.00
2015.02.03 16:45:59.266,7.54243,7.54477,1.82,1.00
2015.02.03 16:45:59.368,7.54243,7.54477,1.82,1.00
2015.02.03 16:45:59.574,7.5424,7.54488,1.12,1.00
2015.02.03 16:45:59.998,7.5424,7.54475,1.12,1.00
2015.02.03 16:46:00.415,7.54233,7.54475,1.85,1.00
2015.02.03 16:46:00.809,7.54214,7.54475,1.12,1.00
2015.02.03 16:46:00.966,7.54214,7.54462,1.12,1.00
2015.02.03 16:46:01.846,7.54214,7.54454,1.12,1.00
2015.02.03 16:46:03.288,7.54213,7.54454,1.72,1.00
2015.02.03 16:46:03.512,7.54213,7.54448,2.05,1.00
2015.02.03 16:46:03.767,7.54263,7.54514,1.75,1.00
2015.02.03 16:46:04.046,7.54263,7.54527,1.82,1.00
2015.02.03 16:46:05.549,7.54262,7.54527,1.82,1.00
2015.02.03 16:46:05.921,7.54261,7.5452,1.82,1.00
2015.02.03 16:46:06.129,7.54261,7.5452,1.82,1.00
2015.02.03 16:46:06.180,7.54261,7.54515,1.82,1.00
2015.02.03 16:46:07.444,7.54261,7.54515,1.82,1.00
2015.02.03 16:46:07.495,7.54259,7.54496,1.12,1.00
2015.02.03 16:46:09.698,7.54254,7.54482,1.12,1.00
2015.02.03 16:46:09.901,7.54246,7.54464,1.82,1.00
2015.02.03 16:46:09.986,7.54246,7.54468,1.82,1.00
2015.02.03 16:46:10.326,7.54246,7.54457,1.82,1.00
2015.02.03 16:46:11.426,7.54246,7.54457,1.45,1.00
2015.02.03 16:46:14.207,7.54246,7.54444,1.07,1.00
2015.02.03 16:46:14.327,7.54246,7.54444,1.00,1.00
2015.02.03 16:46:15.174,7.54246,7.54462,2.47,1.00
2015.02.03 16:46:15.276,7.54246,7.5449,2.55,1.00
2015.02.03 16:46:15.378,7.54246,7.54509,2.55,1.00
2015.02.03 16:46:15.832,7.54273,7.54517,1.12,1.00
2015.02.03 16:46:16.037,7.54273,7.54517,1.12,1.00
2015.02.03 16:46:16.814,7.54273,7.54525,1.12,1.00
2015.02.03 16:46:17.066,7.54282,7.54525,1.82,1.00
2015.02.03 16:46:17.246,7.54282,7.54518,1.82,1.00
2015.02.03 16:46:17.664,7.54282,7.54518,1.82,1.00
2015.02.03 16:46:18.942,7.54282,7.54513,1.82,1.00
2015.02.03 16:46:19.690,7.54273,7.54516,1.12,1.00
2015.02.03 16:46:20.048,7.54273,7.54501,1.12,1.00
2015.02.03 16:46:20.098,7.54272,7.54501,1.75,1.00
2015.02.03 16:46:20.200,7.54282,7.54501,1.82,1.00
2015.02.03 16:46:20.251,7.54292,7.54514,1.75,1.00
2015.02.03 16:46:20.453,7.54302,7.54503,1.00,1.00
2015.02.03 16:46:20.555,7.54302,7.54514,1.00,1.00
2015.02.03 16:46:20.707,7.54322,7.54514,1.00,1.00
2015.02.03 16:46:20.809,7.54312,7.54527,1.37,1.00
2015.02.03 16:46:20.910,7.54342,7.54547,1.00,1.00
2015.02.03 16:46:21.347,7.54322,7.54547,1.75,1.00
2015.02.03 16:46:21.570,7.54332,7.54554,1.75,1.00
2015.02.03 16:46:21.902,7.54342,7.54554,1.00,1.00
2015.02.03 16:46:22.355,7.54353,7.54554,1.00,1.00
2015.02.03 16:46:22.563,7.54342,7.54556,1.37,1.00
2015.02.03 16:46:22.896,7.54323,7.54556,1.82,1.00
2015.02.03 16:46:23.076,7.54323,7.54566,1.82,1.00
2015.02.03 16:46:23.266,7.54323,7.54566,1.82,1.00
2015.02.03 16:46:23.418,7.54312,7.54554,1.82,1.00
2015.02.03 16:46:24.066,7.54313,7.54552,1.82,1.00
2015.02.03 16:46:24.388,7.54313,7.54541,1.20,1.00
2015.02.03 16:46:25.056,7.54312,7.54534,1.45,1.00
2015.02.03 16:46:25.208,7.54312,7.54534,1.37,1.00
2015.02.03 16:46:25.864,7.54312,7.54541,1.37,1.00
2015.02.03 16:46:26.403,7.54302,7.5454,2.55,1.00
2015.02.03 16:46:26.926,7.54302,7.54533,2.55,1.00
2015.02.03 16:46:27.379,7.54302,7.54541,2.12,1.00
2015.02.03 16:46:27.596,7.54293,7.54541,1.07,1.00
2015.02.03 16:46:27.747,7.5428,7.54527,1.12,1.00
2015.02.03 16:46:28.077,7.54272,7.54513,1.82,1.00
2015.02.03 16:46:28.906,7.54272,7.54501,1.82,1.00
2015.02.03 16:46:29.244,7.54242,7.54475,2.47,1.00
2015.02.03 16:46:29.355,7.54242,7.54475,2.17,1.00
2015.02.03 16:46:30.389,7.54232,7.54467,1.82,1.00
2015.02.03 16:46:30.440,7.54232,7.54467,1.20,1.00
2015.02.03 16:46:30.844,7.54214,7.54447,1.12,1.00
2015.02.03 16:46:31.110,7.54223,7.54442,1.00,1.00
2015.02.03 16:46:31.283,7.54203,7.54442,1.07,1.00
2015.02.03 16:46:32.136,7.54212,7.54442,1.00,1.00
2015.02.03 16:46:32.555,7.54212,7.54444,1.00,1.00
2015.02.03 16:46:32.668,7.54212,7.54429,1.00,1.00
2015.02.03 16:46:32.972,7.54142,7.54376,1.37,1.00
2015.02.03 16:46:33.124,7.54142,7.54362,1.00,1.00
2015.02.03 16:46:33.657,7.54152,7.54362,1.00,1.00
2015.02.03 16:46:33.995,7.54163,7.54358,1.00,1.00
2015.02.03 16:46:34.216,7.54152,7.54358,1.00,1.00
2015.02.03 16:46:34.576,7.54152,7.5437,1.00,1.00
2015.02.03 16:46:34.781,7.54152,7.5437,1.07,1.00
2015.02.03 16:46:35.416,7.54152,7.54381,1.07,1.00
2015.02.03 16:46:35.768,7.54162,7.54385,1.07,1.00
2015.02.03 16:46:38.645,7.54152,7.54377,1.07,1.00
2015.02.03 16:46:40.058,7.54153,7.54377,1.00,1.00
2015.02.03 16:46:40.732,7.54153,7.5437,1.00,1.00
2015.02.03 16:46:40.833,7.54132,7.5437,1.07,1.00
2015.02.03 16:46:40.935,7.54122,7.5434,1.07,1.00
2015.02.03 16:46:41.036,7.54122,7.5434,1.00,1.00
2015.02.03 16:46:41.188,7.54162,7.5434,1.00,1.00
2015.02.03 16:46:41.290,7.54162,7.54358,1.00,1.00
2015.02.03 16:46:41.494,7.54172,7.54358,1.00,1.00
2015.02.03 16:46:41.806,7.54182,7.54358,1.00,1.00
2015.02.03 16:46:42.057,7.54192,7.54369,1.00,1.00
2015.02.03 16:46:42.159,7.54192,7.54396,1.00,1.00
2015.02.03 16:46:42.575,7.54202,7.54396,1.00,1.00
2015.02.03 16:46:43.005,7.54202,7.54394,1.00,1.00
2015.02.03 16:46:43.056,7.54182,7.54394,1.00,1.00
2015.02.03 16:46:43.115,7.54182,7.54381,1.00,1.00
2015.02.03 16:46:43.345,7.54172,7.54381,1.07,1.00
2015.02.03 16:46:43.447,7.54172,7.54373,1.00,1.00
2015.02.03 16:46:43.766,7.54182,7.54371,1.00,1.00
2015.02.03 16:46:44.096,7.54182,7.54368,1.00,1.00
2015.02.03 16:46:44.147,7.54182,7.54374,1.00,1.00
2015.02.03 16:46:44.445,7.54182,7.54381,1.00,1.00
2015.02.03 16:46:44.496,7.54232,7.54381,1.00,1.00
2015.02.03 16:46:44.546,7.54232,7.54402,1.00,1.00
2015.02.03 16:46:44.699,7.54243,7.54402,1.00,1.00
2015.02.03 16:46:45.155,7.54233,7.54402,1.00,1.00
2015.02.03 16:46:45.400,7.54243,7.54402,1.00,1.00
2015.02.03 16:46:46.403,7.54242,7.54402,1.00,1.00
2015.02.03 16:46:47.106,7.54242,7.54435,1.00,1.00
2015.02.03 16:46:47.157,7.54253,7.54435,1.00,1.00
2015.02.03 16:46:47.208,7.54253,7.5446,1.00,1.00
2015.02.03 16:46:47.259,7.54263,7.5446,1.00,1.00
2015.02.03 16:46:47.644,7.54272,7.5446,1.00,1.00
2015.02.03 16:46:47.905,7.54263,7.5446,1.00,1.00
2015.02.03 16:46:48.386,7.54283,7.5446,1.00,1.00
2015.02.03 16:46:48.437,7.54283,7.54467,1.00,1.00
2015.02.03 16:46:48.979,7.54282,7.54467,1.00,1.00
2015.02.03 16:46:49.330,7.54292,7.54467,1.00,1.00
2015.02.03 16:46:49.815,7.54272,7.54467,1.00,1.00
2015.02.03 16:46:49.866,7.54272,7.54472,1.00,1.00
2015.02.03 16:46:49.917,7.54282,7.54472,1.00,1.00
2015.02.03 16:46:50.068,7.54282,7.54479,1.00,1.00
2015.02.03 16:46:50.371,7.54292,7.54479,1.00,1.00
2015.02.03 16:46:50.660,7.54272,7.54479,1.00,1.00
2015.02.03 16:46:50.711,7.54272,7.54466,1.00,1.00
2015.02.03 16:46:50.914,7.54262,7.54466,1.00,1.00
2015.02.03 16:46:50.965,7.54262,7.54453,1.00,1.00
2015.02.03 16:46:51.311,7.54272,7.54459,1.00,1.00
2015.02.03 16:46:51.794,7.54292,7.54459,1.00,1.00
2015.02.03 16:46:51.845,7.54292,7.54466,1.00,1.00
2015.02.03 16:46:51.895,7.54302,7.54466,1.00,1.00
2015.02.03 16:46:52.196,7.54292,7.54466,1.00,1.00
2015.02.03 16:46:52.528,7.54282,7.54466,1.00,1.00
2015.02.03 16:46:53.594,7.54282,7.54481,1.00,1.00
2015.02.03 16:46:54.259,7.54282,7.5449,1.00,1.00
2015.02.03 16:46:55.166,7.54293,7.5449,1.00,1.00
2015.02.03 16:46:55.760,7.54302,7.5449,1.00,1.00
2015.02.03 16:46:56.189,7.54282,7.5449,1.00,1.00
2015.02.03 16:46:57.035,7.54292,7.5449,1.00,1.00
2015.02.03 16:46:57.306,7.54262,7.54469,1.00,1.00
2015.02.03 16:46:57.772,7.54262,7.54449,1.00,1.00
2015.02.03 16:46:57.823,7.54252,7.54449,1.00,1.00
2015.02.03 16:46:58.295,7.54252,7.54442,1.00,1.00
2015.02.03 16:46:58.645,7.54252,7.54428,1.00,1.00
2015.02.03 16:46:59.088,7.54252,7.54436,1.00,1.00
2015.02.03 16:46:59.375,7.54232,7.54436,1.00,1.00
2015.02.03 16:46:59.426,7.54232,7.54424,1.00,1.00
2015.02.03 16:46:59.477,7.54212,7.54424,1.00,1.00
2015.02.03 16:46:59.528,7.54212,7.54411,1.00,1.00
2015.02.03 16:46:59.832,7.54192,7.54396,1.00,1.00
2015.02.03 16:46:59.933,7.54203,7.54396,1.00,1.00
2015.02.03 16:46:59.984,7.54203,7.54403,1.00,1.00
2015.02.03 16:47:00.696,7.54223,7.54403,1.00,1.00
2015.02.03 16:47:00.847,7.54223,7.54409,1.00,1.00
2015.02.03 16:47:01.325,7.54232,7.54409,1.00,1.00
2015.02.03 16:47:01.545,7.54222,7.54409,1.00,1.00
2015.02.03 16:47:01.694,7.54232,7.54409,1.00,1.00
2015.02.03 16:47:01.745,7.54232,7.54418,1.00,1.00
2015.02.03 16:47:02.450,7.54223,7.54418,1.00,1.00
2015.02.03 16:47:02.585,7.54223,7.54411,1.00,1.00
2015.02.03 16:47:02.779,7.54212,7.54411,1.00,1.00
2015.02.03 16:47:03.440,7.54222,7.54411,1.00,1.00
2015.02.03 16:47:03.575,7.54222,7.54423,1.00,1.00
2015.02.03 16:47:04.138,7.54223,7.54423,1.00,1.00
2015.02.03 16:47:04.189,7.54262,7.54423,1.00,1.00
2015.02.03 16:47:04.392,7.54262,7.54437,1.00,1.00
2015.02.03 16:47:04.596,7.54262,7.5445,1.00,1.00
2015.02.03 16:47:04.647,7.54272,7.5445,1.00,1.00
2015.02.03 16:47:04.698,7.54272,7.54455,1.00,1.00
2015.02.03 16:47:05.334,7.54272,7.54457,1.00,1.00
2015.02.03 16:47:07.397,7.54262,7.54457,1.00,1.00
2015.02.03 16:47:07.447,7.54262,7.54452,1.00,1.00
2015.02.03 16:47:07.498,7.54252,7.54452,1.00,1.00
2015.02.03 16:47:08.475,7.54262,7.54452,1.00,1.00
2015.02.03 16:47:09.797,7.54272,7.54452,1.00,1.00
2015.02.03 16:47:09.848,7.54272,7.54459,1.00,1.00
2015.02.03 16:47:10.155,7.54283,7.54459,1.00,1.00
2015.02.03 16:47:10.206,7.54283,7.54465,1.00,1.00
2015.02.03 16:47:10.257,7.54292,7.54465,1.00,1.00
2015.02.03 16:47:10.765,7.54292,7.54473,1.00,1.00
2015.02.03 16:47:11.115,7.54282,7.54473,1.00,1.00
2015.02.03 16:47:11.553,7.54262,7.54473,1.00,1.00
2015.02.03 16:47:11.604,7.54262,7.5447,1.00,1.00
2015.02.03 16:47:11.925,7.54272,7.54467,1.00,1.00
2015.02.03 16:47:12.116,7.54262,7.54467,1.00,1.00
2015.02.03 16:47:12.166,7.54262,7.54458,1.00,1.00
2015.02.03 16:47:12.583,7.54252,7.54458,1.37,1.00
2015.02.03 16:47:13.574,7.54262,7.54458,1.00,1.00
2015.02.03 16:47:13.803,7.54262,7.54464,1.00,1.00
2015.02.03 16:47:15.564,7.54262,7.54476,1.00,1.00
2015.02.03 16:47:15.615,7.54262,7.54476,1.75,1.00
2015.02.03 16:47:15.966,7.54262,7.54491,1.75,1.00
2015.02.03 16:47:17.297,7.54262,7.54491,1.75,1.00
2015.02.03 16:47:18.345,7.54245,7.54479,1.85,1.00
2015.02.03 16:47:19.223,7.54252,7.54479,1.75,1.00
2015.02.03 16:47:19.324,7.54242,7.54474,1.75,1.00
2015.02.03 16:47:19.425,7.54212,7.54474,1.82,1.00
2015.02.03 16:47:19.557,7.54212,7.54452,1.75,1.00
2015.02.03 16:47:19.867,7.5421,7.54439,2.05,1.00
2015.02.03 16:47:20.254,7.54212,7.54439,1.75,1.00
2015.02.03 16:47:20.305,7.54212,7.54426,1.75,1.00
2015.02.03 16:47:20.926,7.54212,7.54426,1.37,1.00
2015.02.03 16:47:20.977,7.54212,7.54433,1.37,1.00
2015.02.03 16:47:21.028,7.54212,7.54433,1.75,1.00
2015.02.03 16:47:21.079,7.54212,7.54439,1.75,1.00
2015.02.03 16:47:21.130,7.54222,7.54439,1.75,1.00
2015.02.03 16:47:21.232,7.54222,7.54439,1.37,1.00
2015.02.03 16:47:21.333,7.54222,7.54434,1.37,1.00
2015.02.03 16:47:21.465,7.54222,7.54434,1.00,1.00
2015.02.03 16:47:21.675,7.5421,7.54434,2.05,1.00
2015.02.03 16:47:21.726,7.5421,7.54428,2.05,1.00
2015.02.03 16:47:22.085,7.54213,7.54526,1.75,1.37
2015.02.03 16:47:22.136,7.54222,7.54526,1.00,1.37
2015.02.03 16:47:22.584,7.54222,7.54526,1.75,1.00
2015.02.03 16:47:22.937,7.54222,7.54532,1.75,2.47
2015.02.03 16:47:22.988,7.54222,7.5454,1.75,1.00
2015.02.03 16:47:23.090,7.54262,7.54558,1.37,1.00
2015.02.03 16:47:23.292,7.54243,7.54573,1.75,1.00
2015.02.03 16:47:23.621,7.54242,7.54579,1.75,1.45
2015.02.03 16:47:23.672,7.54262,7.54579,1.75,1.07
2015.02.03 16:47:23.824,7.54272,7.54579,1.75,1.00
2015.02.03 16:47:24.253,7.54272,7.54579,1.75,1.00
2015.02.03 16:47:25.134,7.54262,7.54586,1.75,1.37
2015.02.03 16:47:25.594,7.54273,7.54579,1.75,1.00
2015.02.03 16:47:25.696,7.54282,7.54592,1.75,1.00
2015.02.03 16:47:25.797,7.54302,7.54592,1.75,1.00
2015.02.03 16:47:25.950,7.54302,7.5461,1.75,2.47
2015.02.03 16:47:26.284,7.54287,7.5461,1.75,2.10
2015.02.03 16:47:27.177,7.54332,7.5461,1.00,2.10
2015.02.03 16:47:27.379,7.54332,7.54633,1.75,1.00
2015.02.03 16:47:28.284,7.54342,7.54633,1.00,1.00
2015.02.03 16:47:28.335,7.54342,7.54559,1.00,1.00
2015.02.03 16:47:28.638,7.5429,7.54477,1.12,2.10
2015.02.03 16:47:28.688,7.54279,7.54492,1.12,1.00
2015.02.03 16:47:28.790,7.54273,7.54464,1.82,2.10
2015.02.03 16:47:28.891,7.54262,7.54464,1.37,2.10
2015.02.03 16:47:29.103,7.54252,7.54464,1.07,2.10
2015.02.03 16:47:29.205,7.54252,7.54464,1.00,2.10
2015.02.03 16:47:29.484,7.54262,7.54464,1.00,2.10
2015.02.03 16:47:30.845,7.54282,7.54464,1.00,2.10
2015.02.03 16:47:31.380,7.54282,7.54464,1.75,2.10
2015.02.03 16:47:32.182,7.54292,7.54464,1.75,2.10
2015.02.03 16:47:32.549,7.54302,7.54499,1.75,2.10
2015.02.03 16:47:33.612,7.54292,7.54499,1.75,2.10
2015.02.03 16:47:34.704,7.54282,7.54499,1.75,2.10
2015.02.03 16:47:35.452,7.54302,7.54499,1.75,2.10
2015.02.03 16:47:35.855,7.54312,7.54499,1.75,2.10
2015.02.03 16:47:36.433,7.54313,7.54499,1.75,2.10
2015.02.03 16:47:36.845,7.54292,7.54499,1.75,2.10
2015.02.03 16:47:37.630,7.54272,7.54499,3.00,2.10
2015.02.03 16:47:37.940,7.54302,7.54499,1.75,2.10
2015.02.03 16:47:38.041,7.54302,7.54529,1.75,1.00
2015.02.03 16:47:38.143,7.54302,7.54524,1.94,1.00
2015.02.03 16:47:38.445,7.54282,7.54491,1.94,2.10
2015.02.03 16:47:38.714,7.54282,7.54491,1.94,2.10
2015.02.03 16:47:38.978,7.54282,7.54491,1.94,2.10
2015.02.03 16:47:39.584,7.54315,7.54519,1.75,1.00
2015.02.03 16:47:39.686,7.54315,7.5458,1.75,1.00
2015.02.03 16:47:39.795,7.54341,7.54601,1.75,1.00
2015.02.03 16:47:39.914,7.54341,7.54608,1.75,1.00
2015.02.03 16:47:40.753,7.54341,7.54603,1.75,1.00
2015.02.03 16:47:40.935,7.54341,7.54603,1.00,1.00
2015.02.03 16:47:40.986,7.54312,7.54595,1.75,1.00
2015.02.03 16:47:41.037,7.54312,7.54595,1.75,1.12
2015.02.03 16:47:41.240,7.54312,7.54586,1.75,1.00
2015.02.03 16:47:41.345,7.54312,7.5459,1.75,1.00
2015.02.03 16:47:41.744,7.54283,7.54575,1.94,1.00
2015.02.03 16:47:41.845,7.54283,7.54575,1.94,1.00
2015.02.03 16:47:43.995,7.54283,7.54585,1.75,1.37
2015.02.03 16:47:44.046,7.54283,7.54585,1.75,1.00
2015.02.03 16:47:44.349,7.54319,7.5458,1.75,1.00
2015.02.03 16:47:44.920,7.54319,7.5458,1.75,1.00
2015.02.03 16:47:45.624,7.54319,7.54575,1.75,1.00
2015.02.03 16:47:46.259,7.54319,7.54582,1.75,1.00
2015.02.03 16:47:46.628,7.54319,7.54582,1.75,1.00
2015.02.03 16:47:46.943,7.54335,7.54576,1.75,1.00
2015.02.03 16:47:47.317,7.54335,7.54607,1.75,1.00
2015.02.03 16:47:47.368,7.54335,7.54607,1.75,1.00
2015.02.03 16:47:47.715,7.54335,7.54607,1.75,1.00
2015.02.03 16:47:47.943,7.54335,7.54616,1.75,1.00
2015.02.03 16:47:48.145,7.54335,7.54614,1.75,1.00
2015.02.03 16:47:48.543,7.54335,7.54602,1.75,1.00
2015.02.03 16:47:50.144,7.54335,7.54596,1.94,1.00
2015.02.03 16:47:50.544,7.54335,7.54593,1.94,1.00
2015.02.03 16:47:50.845,7.54323,7.54593,1.94,1.00
2015.02.03 16:47:50.947,7.54323,7.54589,1.94,1.00
2015.02.03 16:47:54.325,7.54332,7.546,1.75,1.00
2015.02.03 16:47:54.376,7.54332,7.546,1.75,1.00
2015.02.03 16:47:54.477,7.54332,7.546,1.75,1.00
2015.02.03 16:47:54.528,7.54332,7.54595,1.75,1.00
2015.02.03 16:47:58.575,7.54322,7.54594,1.94,1.00
2015.02.03 16:47:58.942,7.54332,7.54594,1.75,1.00
2015.02.03 16:47:59.721,7.54322,7.54594,1.94,1.00
2015.02.03 16:47:59.937,7.54322,7.54589,1.94,1.00
2015.02.03 16:48:01.213,7.54323,7.5458,1.94,1.00
2015.02.03 16:48:01.884,7.54362,7.54542,1.00,1.00
2015.02.03 16:48:01.986,7.54352,7.54542,1.00,1.00
2015.02.03 16:48:02.092,7.54352,7.54542,1.19,1.00
2015.02.03 16:48:02.573,7.54332,7.54526,1.31,1.00
2015.02.03 16:48:03.255,7.54322,7.54519,1.19,1.00
2015.02.03 16:48:03.374,7.54322,7.54519,1.94,1.00
2015.02.03 16:48:03.678,7.54342,7.5453,1.00,1.00
2015.02.03 16:48:04.073,7.54343,7.54533,1.00,1.00
2015.02.03 16:48:04.206,7.54362,7.54533,1.00,1.00
2015.02.03 16:48:04.307,7.54362,7.54536,1.00,1.00
2015.02.03 16:48:04.409,7.54372,7.54536,1.00,1.00
2015.02.03 16:48:04.645,7.54372,7.54542,1.00,1.00
2015.02.03 16:48:08.034,7.54372,7.54516,1.00,1.00
2015.02.03 16:48:08.186,7.54322,7.54516,2.44,1.00
2015.02.03 16:48:08.408,7.54322,7.54516,2.44,1.00
2015.02.03 16:48:09.343,7.54322,7.54516,2.44,1.00
2015.02.03 16:48:09.444,7.54332,7.54532,1.94,1.00
2015.02.03 16:48:09.613,7.54332,7.54542,1.94,1.00
2015.02.03 16:48:10.165,7.54322,7.54541,3.19,1.00
2015.02.03 16:48:12.343,7.54322,7.54541,1.56,1.00
2015.02.03 16:48:12.617,7.54342,7.54541,1.00,1.00
2015.02.03 16:48:14.305,7.54343,7.54541,1.00,1.00
2015.02.03 16:48:15.311,7.54352,7.54541,1.00,1.00
2015.02.03 16:48:15.833,7.54352,7.54541,1.37,1.00
2015.02.03 16:48:15.884,7.54352,7.54555,1.37,1.60
2015.02.03 16:48:15.935,7.54315,7.54555,1.00,1.60
2015.02.03 16:48:15.986,7.54315,7.54511,1.00,1.00
2015.02.03 16:48:16.289,7.54302,7.54524,1.00,1.00
2015.02.03 16:48:16.857,7.54292,7.54517,1.00,1.00
2015.02.03 16:48:16.944,7.54282,7.54517,1.87,1.00
2015.02.03 16:48:17.385,7.54292,7.54517,1.00,1.00
2015.02.03 16:48:17.604,7.54282,7.54517,1.87,1.00
2015.02.03 16:48:17.848,7.54312,7.54517,1.00,1.00
2015.02.03 16:48:17.967,7.54292,7.5452,1.00,1.00
2015.02.03 16:48:18.070,7.54312,7.5452,1.00,1.00
2015.02.03 16:48:18.380,7.54332,7.54525,1.00,1.00
2015.02.03 16:48:18.532,7.54342,7.54537,1.00,1.00
2015.02.03 16:48:18.995,7.54342,7.5454,1.00,1.00
2015.02.03 16:48:19.046,7.54352,7.5454,1.00,1.00
2015.02.03 16:48:19.305,7.54352,7.54547,1.00,1.00
2015.02.03 16:48:19.406,7.54352,7.54552,1.00,1.00
2015.02.03 16:48:19.507,7.54342,7.5454,1.00,1.00
2015.02.03 16:48:20.652,7.54342,7.54538,1.00,1.00
2015.02.03 16:48:21.484,7.54352,7.54538,1.00,1.00
2015.02.03 16:48:21.845,7.54343,7.54538,1.00,1.00
2015.02.03 16:48:22.232,7.54332,7.54538,1.50,1.00
2015.02.03 16:48:22.283,7.54343,7.54538,1.00,1.00
2015.02.03 16:48:22.582,7.54342,7.54543,1.50,1.00
2015.02.03 16:48:22.836,7.54342,7.54545,1.00,1.00
2015.02.03 16:48:24.013,7.54342,7.54546,1.00,1.00
2015.02.03 16:48:24.350,7.54342,7.54532,1.00,1.00
2015.02.03 16:48:24.400,7.54333,7.54532,1.00,1.00
2015.02.03 16:48:24.502,7.54312,7.54532,1.75,1.00
2015.02.03 16:48:24.603,7.54322,7.54517,1.00,1.00
2015.02.03 16:48:24.906,7.54352,7.54532,1.00,1.00
2015.02.03 16:48:25.014,7.54333,7.54532,1.00,1.00
2015.02.03 16:48:25.147,7.54332,7.54516,1.00,1.00
2015.02.03 16:48:25.258,7.54323,7.54517,1.37,1.00
2015.02.03 16:48:25.476,7.54322,7.54519,1.37,1.00
2015.02.03 16:48:27.424,7.54302,7.54504,2.25,1.00
2015.02.03 16:48:28.461,7.54302,7.54504,2.25,1.00
2015.02.03 16:48:28.563,7.54293,7.54507,1.75,1.00
2015.02.03 16:48:28.664,7.54293,7.54498,1.75,1.00
2015.02.03 16:48:28.765,7.54282,7.54498,1.75,1.00
2015.02.03 16:48:28.867,7.54282,7.54492,1.75,1.00
2015.02.03 16:48:29.218,7.54282,7.5448,2.25,1.00
2015.02.03 16:48:29.551,7.54302,7.54507,1.75,1.00
2015.02.03 16:48:29.878,7.54292,7.54511,2.25,1.00
2015.02.03 16:48:30.174,7.54292,7.54488,1.50,1.00
2015.02.03 16:48:30.377,7.54272,7.54473,1.00,1.00
2015.02.03 16:48:30.737,7.54282,7.54474,1.00,1.00
2015.02.03 16:48:31.040,7.54343,7.54512,1.00,1.00
2015.02.03 16:48:31.091,7.54343,7.54533,1.00,1.00
2015.02.03 16:48:31.193,7.54332,7.54545,1.00,1.00
2015.02.03 16:48:31.295,7.54332,7.54518,1.00,1.00
2015.02.03 16:48:31.396,7.54314,7.5451,1.00,1.00
2015.02.03 16:48:31.530,7.54312,7.5451,1.00,1.00
2015.02.03 16:48:31.632,7.54322,7.5451,1.00,1.00
2015.02.03 16:48:31.834,7.54322,7.54527,1.00,1.00
2015.02.03 16:48:31.957,7.54333,7.54527,1.00,1.00
2015.02.03 16:48:32.196,7.54312,7.54507,1.00,1.00
2015.02.03 16:48:32.248,7.54303,7.54507,1.00,1.00
2015.02.03 16:48:32.299,7.54303,7.5451,1.00,1.00
2015.02.03 16:48:32.400,7.54312,7.5451,1.00,1.00
2015.02.03 16:48:32.762,7.54322,7.54518,1.00,1.00
2015.02.03 16:48:33.253,7.54322,7.54512,1.50,1.00
2015.02.03 16:48:33.734,7.54323,7.54514,1.00,1.00
2015.02.03 16:48:33.785,7.54323,7.54514,1.50,1.00
2015.02.03 16:48:34.174,7.54322,7.54504,1.75,1.00
2015.02.03 16:48:34.587,7.54322,7.54508,1.75,1.00
2015.02.03 16:48:34.638,7.54322,7.54508,1.00,1.00
2015.02.03 16:48:34.840,7.54322,7.5451,1.75,1.00
2015.02.03 16:48:34.943,7.54322,7.54529,1.75,1.00
2015.02.03 16:48:35.045,7.54353,7.54511,1.75,1.00
2015.02.03 16:48:35.146,7.54353,7.54553,1.75,1.00
2015.02.03 16:48:35.247,7.54362,7.54558,1.75,1.00
2015.02.03 16:48:35.678,7.54382,7.54568,1.00,1.00
2015.02.03 16:48:35.903,7.54393,7.54568,1.00,1.00
2015.02.03 16:48:36.213,7.54393,7.54568,1.75,1.00
2015.02.03 16:48:36.940,7.54392,7.54569,1.75,1.00
2015.02.03 16:48:39.452,7.54372,7.54557,2.25,1.00
2015.02.03 16:48:39.743,7.54372,7.54553,1.75,1.00
2015.02.03 16:48:39.962,7.54372,7.54553,1.00,1.00
2015.02.03 16:48:40.013,7.54362,7.5454,1.00,1.00
2015.02.03 16:48:40.114,7.54352,7.54538,1.75,1.00
2015.02.03 16:48:40.165,7.54352,7.54538,1.00,1.00
2015.02.03 16:48:40.266,7.54342,7.54538,1.37,1.00
2015.02.03 16:48:40.317,7.54342,7.54533,1.37,1.00
2015.02.03 16:48:40.953,7.54342,7.54536,1.37,1.00
2015.02.03 16:48:41.172,7.54342,7.54533,1.37,1.00
2015.02.03 16:48:41.511,7.54342,7.54533,1.75,1.00
2015.02.03 16:48:41.765,7.54402,7.54567,1.00,1.00
2015.02.03 16:48:41.866,7.54403,7.5456,1.00,1.00
2015.02.03 16:48:42.197,7.54402,7.54566,1.00,1.00
2015.02.03 16:48:42.299,7.54382,7.54566,1.00,1.00
2015.02.03 16:48:42.613,7.54393,7.54565,1.00,1.00
2015.02.03 16:48:42.847,7.54362,7.54558,1.00,1.00
2015.02.03 16:48:42.948,7.54362,7.54546,1.50,1.00
2015.02.03 16:48:43.252,7.54353,7.54505,1.00,1.00
2015.02.03 16:48:43.303,7.54353,7.54524,1.00,1.00
2015.02.03 16:48:43.373,7.54353,7.54534,1.00,1.00
2015.02.03 16:48:43.598,7.54382,7.54534,1.00,1.00
2015.02.03 16:48:43.749,7.54382,7.54545,1.00,1.00
2015.02.03 16:48:44.053,7.54382,7.54561,1.00,1.00
2015.02.03 16:48:44.154,7.54382,7.54584,1.00,1.00
2015.02.03 16:48:44.255,7.54383,7.54555,1.00,1.00
2015.02.03 16:48:44.674,7.54385,7.54555,1.00,1.00
2015.02.03 16:48:44.966,7.54385,7.54561,1.00,1.00
2015.02.03 16:48:45.233,7.54385,7.54561,1.37,1.00
2015.02.03 16:48:45.792,7.54385,7.54566,1.37,1.00
2015.02.03 16:48:48.265,7.54392,7.54566,1.00,1.00
2015.02.03 16:48:48.707,7.54392,7.5456,1.50,1.00
2015.02.03 16:48:48.859,7.54392,7.54567,1.50,1.00
2015.02.03 16:48:49.201,7.54392,7.54564,1.00,1.00
2015.02.03 16:48:49.422,7.54392,7.54566,1.00,1.00
2015.02.03 16:48:51.643,7.54402,7.54566,1.00,1.00
2015.02.03 16:48:51.957,7.54403,7.5457,1.37,1.00
2015.02.03 16:48:52.181,7.54403,7.54585,1.87,1.00
2015.02.03 16:48:52.232,7.54418,7.54585,1.00,1.00
2015.02.03 16:48:52.561,7.54418,7.54579,1.00,1.00
2015.02.03 16:48:56.022,7.54418,7.54572,1.00,1.00
2015.02.03 16:48:56.388,7.54418,7.54561,1.00,1.00
2015.02.03 16:49:00.753,7.54418,7.54567,1.00,1.00
2015.02.03 16:49:01.913,7.54397,7.54552,1.00,1.00
2015.02.03 16:49:01.964,7.54397,7.54541,1.00,1.00
2015.02.03 16:49:02.403,7.54397,7.54552,1.00,1.00
2015.02.03 16:49:02.733,7.54397,7.54544,1.00,1.00
2015.02.03 16:49:03.986,7.54397,7.54534,1.00,1.00
2015.02.03 16:49:07.736,7.54352,7.54534,1.00,1.00
2015.02.03 16:49:07.929,7.54352,7.54538,1.00,1.00
2015.02.03 16:49:09.857,7.54343,7.54538,1.50,1.00
2015.02.03 16:49:13.450,7.54343,7.54536,1.50,1.00
2015.02.03 16:49:13.511,7.54343,7.54538,1.50,1.00
2015.02.03 16:49:14.635,7.54343,7.54538,1.00,1.00
2015.02.03 16:49:15.048,7.5434,7.54538,1.00,1.00
2015.02.03 16:49:15.099,7.5434,7.54536,1.00,1.00
2015.02.03 16:49:15.492,7.5434,7.54531,1.00,1.00
2015.02.03 16:49:16.038,7.5434,7.54531,1.75,1.00
2015.02.03 16:49:16.274,7.54342,7.54542,1.75,1.00
2015.02.03 16:49:16.375,7.5434,7.54531,1.00,1.00
2015.02.03 16:49:16.842,7.5434,7.54531,1.75,1.00
2015.02.03 16:49:17.513,7.54342,7.54544,1.75,1.00
2015.02.03 16:49:17.992,7.54352,7.54544,1.00,1.00
2015.02.03 16:49:18.193,7.54342,7.54544,1.75,1.00
2015.02.03 16:49:18.591,7.54344,7.54546,1.75,1.00
2015.02.03 16:49:20.490,7.54344,7.54557,1.75,1.00
2015.02.03 16:49:21.322,7.54352,7.54552,1.75,1.00
2015.02.03 16:49:22.490,7.54374,7.54552,1.37,1.00
2015.02.03 16:49:22.541,7.54374,7.54559,1.37,1.00
2015.02.03 16:49:22.591,7.54374,7.54559,1.75,1.00
2015.02.03 16:49:24.013,7.54374,7.54559,1.37,1.00
2015.02.03 16:49:24.497,7.54391,7.54559,1.00,1.00
2015.02.03 16:49:24.650,7.54391,7.54584,1.75,1.00
2015.02.03 16:49:24.871,7.54391,7.54584,1.00,1.00
2015.02.03 16:49:25.106,7.54391,7.54577,1.00,1.00
2015.02.03 16:49:26.428,7.54391,7.54566,1.00,1.00
2015.02.03 16:49:26.580,7.54359,7.54566,1.75,1.00
2015.02.03 16:49:26.884,7.54359,7.54566,1.37,1.00
2015.02.03 16:49:27.088,7.54359,7.54557,1.00,1.00
2015.02.03 16:49:28.032,7.54359,7.54545,1.00,1.00
2015.02.03 16:49:28.686,7.54344,7.54545,1.37,1.00
2015.02.03 16:49:29.299,7.54344,7.54545,1.75,1.00
2015.02.03 16:49:29.401,7.54344,7.54545,1.75,1.00
2015.02.03 16:49:30.342,7.54344,7.54557,1.75,1.00
2015.02.03 16:49:30.443,7.54344,7.54557,1.75,1.00
2015.02.03 16:49:31.048,7.54344,7.54551,1.75,1.00
2015.02.03 16:49:31.582,7.54352,7.54559,1.75,1.00
2015.02.03 16:49:32.035,7.54365,7.54559,1.75,1.00
2015.02.03 16:49:33.291,7.54392,7.54559,1.00,1.00
2015.02.03 16:49:33.998,7.54392,7.54557,1.00,1.00
2015.02.03 16:49:34.049,7.54372,7.54557,1.00,1.00
2015.02.03 16:49:34.201,7.54372,7.54551,1.00,1.00
2015.02.03 16:49:34.303,7.54352,7.54551,2.25,1.00
2015.02.03 16:49:36.051,7.54372,7.54551,1.00,1.00
2015.02.03 16:49:36.381,7.54372,7.54559,1.50,1.00
2015.02.03 16:49:36.533,7.54372,7.54551,1.50,1.00
2015.02.03 16:49:37.222,7.54362,7.54551,2.25,1.00
2015.02.03 16:49:37.417,7.54372,7.54551,1.00,1.00
2015.02.03 16:49:38.518,7.54372,7.54557,1.50,1.00
2015.02.03 16:49:38.569,7.54372,7.54557,2.25,1.00
2015.02.03 16:49:38.765,7.54372,7.54557,1.50,1.00
2015.02.03 16:49:38.816,7.54372,7.54546,1.50,1.00
2015.02.03 16:49:39.630,7.54362,7.54546,1.75,1.00
2015.02.03 16:49:39.768,7.54362,7.54546,1.50,1.00
2015.02.03 16:49:40.772,7.54352,7.54546,2.25,1.00
2015.02.03 16:49:40.906,7.54352,7.54539,2.25,1.00
2015.02.03 16:49:41.362,7.54352,7.54546,2.25,1.00
2015.02.03 16:49:42.174,7.54352,7.54546,2.25,1.00
2015.02.03 16:49:42.377,7.54352,7.54546,1.87,1.00
2015.02.03 16:49:43.541,7.54352,7.54539,1.87,1.00
2015.02.03 16:49:43.852,7.54362,7.54539,1.50,1.00
2015.02.03 16:49:44.712,7.54352,7.54539,1.87,1.00
2015.02.03 16:49:45.788,7.54352,7.5453,1.37,1.00
2015.02.03 16:49:46.092,7.54344,7.54526,1.75,1.00
2015.02.03 16:49:46.593,7.54344,7.54527,1.00,1.00
2015.02.03 16:49:46.843,7.54344,7.5452,1.00,1.00
2015.02.03 16:49:47.287,7.54337,7.54494,1.00,1.00
2015.02.03 16:49:47.592,7.54337,7.54489,1.00,1.00
2015.02.03 16:49:47.903,7.54337,7.54462,1.00,1.00
2015.02.03 16:49:51.032,7.54337,7.54436,1.00,1.00
2015.02.03 16:49:51.336,7.54337,7.54407,1.00,1.00
2015.02.03 16:49:51.585,7.54338,7.54419,1.00,1.00
2015.02.03 16:49:51.686,7.54338,7.54458,1.00,1.00
2015.02.03 16:49:52.232,7.54338,7.54453,1.00,1.00
2015.02.03 16:49:52.710,7.54338,7.54456,1.00,1.00
2015.02.03 16:49:54.371,7.54338,7.54454,1.00,1.00
2015.02.03 16:50:02.404,7.54337,7.54454,1.00,1.00
2015.02.03 16:50:02.707,7.54337,7.5442,1.00,1.00
2015.02.03 16:50:03.031,7.54337,7.54406,1.00,1.00
2015.02.03 16:50:03.345,7.54337,7.54384,1.00,1.00
2015.02.03 16:50:03.669,7.54337,7.54378,1.00,1.00
2015.02.03 16:50:03.828,7.54223,7.54387,1.75,1.00
2015.02.03 16:50:03.878,7.54223,7.54387,1.75,1.00
2015.02.03 16:50:03.980,7.54223,7.54384,1.00,1.00
2015.02.03 16:50:04.131,7.54222,7.54367,1.00,1.00
2015.02.03 16:50:04.191,7.54213,7.54367,1.00,1.00
2015.02.03 16:50:04.242,7.54213,7.54365,1.00,1.00
2015.02.03 16:50:04.557,7.54214,7.54352,1.00,1.00
2015.02.03 16:50:04.880,7.54243,7.54334,1.00,1.00
2015.02.03 16:50:04.930,7.54243,7.54346,1.00,1.00
2015.02.03 16:50:05.032,7.54302,7.54362,1.00,1.00
2015.02.03 16:50:05.234,7.54192,7.54336,1.94,1.00
2015.02.03 16:50:06.422,7.54192,7.54327,1.94,1.00
2015.02.03 16:50:07.271,7.54192,7.54327,1.00,1.00
2015.02.03 16:50:07.720,7.54183,7.54327,1.37,1.00
2015.02.03 16:50:09.548,7.54183,7.54327,1.00,1.00
2015.02.03 16:50:10.270,7.54173,7.54327,1.69,1.00
2015.02.03 16:50:10.320,7.54173,7.54321,1.69,1.00
2015.02.03 16:50:10.624,7.54162,7.54302,2.06,1.00
2015.02.03 16:50:10.725,7.54162,7.54321,2.06,1.00
2015.02.03 16:50:11.260,7.54172,7.54321,1.94,1.00
2015.02.03 16:50:11.373,7.54172,7.54327,1.94,1.00
2015.02.03 16:50:12.363,7.54172,7.54328,2.44,1.00
2015.02.03 16:50:13.235,7.54173,7.54328,1.69,1.00
2015.02.03 16:50:15.241,7.54173,7.54315,1.00,1.00
2015.02.03 16:50:15.292,7.54162,7.54315,1.00,1.00
2015.02.03 16:50:15.417,7.54152,7.54315,1.56,1.00
2015.02.03 16:50:15.468,7.54173,7.54296,1.00,1.00
2015.02.03 16:50:15.569,7.54172,7.54321,1.00,1.00
2015.02.03 16:50:16.356,7.54173,7.54321,1.00,1.00
2015.02.03 16:50:16.643,7.54173,7.54321,1.19,1.00
2015.02.03 16:50:16.897,7.54202,7.54382,1.94,1.00
2015.02.03 16:50:17.556,7.54215,7.54376,1.16,1.00
2015.02.03 16:50:18.227,7.54252,7.54394,1.00,1.00
2015.02.03 16:50:21.904,7.54252,7.54394,2.00,1.00
2015.02.03 16:50:22.382,7.54252,7.54399,2.00,1.00
2015.02.03 16:50:22.520,7.54252,7.54399,1.62,1.00
2015.02.03 16:50:22.925,7.54242,7.54387,1.31,1.00
2015.02.03 16:50:23.460,7.54242,7.54387,1.12,1.00
2015.02.03 16:50:25.127,7.54232,7.54387,1.50,1.00
2015.02.03 16:50:25.702,7.54243,7.54387,1.00,1.00
2015.02.03 16:50:26.811,7.54242,7.54387,1.00,1.00
2015.02.03 16:50:27.213,7.54242,7.5438,1.00,1.00
2015.02.03 16:50:27.264,7.54232,7.5438,1.25,1.00
2015.02.03 16:50:27.441,7.54232,7.5438,1.62,1.00
2015.02.03 16:50:28.103,7.54226,7.54414,1.75,1.00
2015.02.03 16:50:28.154,7.54226,7.54414,1.75,1.00
2015.02.03 16:50:28.205,7.54232,7.54425,1.75,1.00
2015.02.03 16:50:28.362,7.54232,7.54425,1.75,1.00
2015.02.03 16:50:30.096,7.54232,7.54428,1.75,1.00
2015.02.03 16:50:30.293,7.54232,7.5441,1.75,1.00
2015.02.03 16:50:30.344,7.54232,7.5441,1.75,1.00
2015.02.03 16:50:30.445,7.54252,7.5441,1.00,1.00
2015.02.03 16:50:30.653,7.54243,7.54403,1.00,1.00
2015.02.03 16:50:30.963,7.54212,7.54403,1.56,1.00
2015.02.03 16:50:31.318,7.54212,7.54403,2.44,1.00
2015.02.03 16:50:31.666,7.54242,7.54395,1.00,1.00
2015.02.03 16:50:32.024,7.54252,7.54395,1.00,1.00
2015.02.03 16:50:32.176,7.54242,7.54395,1.00,1.00
2015.02.03 16:50:32.277,7.54222,7.544,1.00,1.00
2015.02.03 16:50:32.328,7.54212,7.544,1.69,1.00
2015.02.03 16:50:32.430,7.54212,7.54382,1.69,1.00
2015.02.03 16:50:33.064,7.54202,7.54362,1.69,1.00
2015.02.03 16:50:33.404,7.54192,7.54344,1.19,1.00
2015.02.03 16:50:33.809,7.54172,7.54344,2.44,1.00
2015.02.03 16:50:34.436,7.54183,7.54344,1.00,1.00
2015.02.03 16:50:34.684,7.54173,7.54344,1.19,1.00
2015.02.03 16:50:34.930,7.54172,7.54324,1.31,1.00
2015.02.03 16:50:35.790,7.54172,7.54324,2.06,1.00
2015.02.03 16:50:36.494,7.54182,7.54324,1.00,1.00
2015.02.03 16:50:36.782,7.54182,7.5435,1.00,1.00
2015.02.03 16:50:36.884,7.54182,7.5435,2.25,1.00
2015.02.03 16:50:37.145,7.54213,7.5437,1.00,1.00
2015.02.03 16:50:37.247,7.54192,7.5437,2.44,1.00
2015.02.03 16:50:37.348,7.54202,7.5437,1.00,1.00
2015.02.03 16:50:37.692,7.54182,7.54336,1.19,1.00
2015.02.03 16:50:38.115,7.54242,7.54345,1.25,1.00
2015.02.03 16:50:38.167,7.54242,7.54353,1.25,1.00
2015.02.03 16:50:38.218,7.54252,7.54355,1.00,1.00
2015.02.03 16:50:38.269,7.54252,7.54401,1.00,1.00
2015.02.03 16:50:38.370,7.54242,7.54401,1.25,1.00
2015.02.03 16:50:39.539,7.54252,7.54401,1.00,1.00
2015.02.03 16:50:40.973,7.54252,7.54401,1.75,1.00
2015.02.03 16:50:41.024,7.54252,7.54427,1.75,1.00
2015.02.03 16:50:41.075,7.54282,7.54427,1.00,1.00
2015.02.03 16:50:41.126,7.54282,7.54443,1.00,1.00
2015.02.03 16:50:41.293,7.54273,7.54443,1.72,1.00
2015.02.03 16:50:41.403,7.54282,7.54443,1.00,1.00
2015.02.03 16:50:42.007,7.54283,7.54443,1.00,1.00
2015.02.03 16:50:43.503,7.54322,7.54443,1.00,1.00
2015.02.03 16:50:43.655,7.54323,7.54456,1.00,1.00
2015.02.03 16:50:43.758,7.54322,7.5448,1.00,1.00
2015.02.03 16:50:43.963,7.54322,7.54469,1.00,1.00
2015.02.03 16:50:44.115,7.54322,7.5448,1.00,1.00
2015.02.03 16:50:44.317,7.54322,7.54469,1.00,1.00
2015.02.03 16:50:44.813,7.54312,7.54469,1.25,1.00
2015.02.03 16:50:45.074,7.54322,7.54469,1.00,1.00
2015.02.03 16:50:45.703,7.54342,7.54469,1.00,1.00
2015.02.03 16:50:45.832,7.54342,7.5448,1.00,1.00
2015.02.03 16:50:47.349,7.54333,7.5448,1.00,1.00
2015.02.03 16:50:47.501,7.54333,7.54492,1.00,1.00
2015.02.03 16:50:47.603,7.54352,7.54492,1.00,1.00
2015.02.03 16:50:47.906,7.54362,7.54492,1.00,1.00
2015.02.03 16:50:48.058,7.54362,7.54507,1.00,1.00
2015.02.03 16:50:48.584,7.54352,7.54507,1.00,1.00
2015.02.03 16:50:50.368,7.54352,7.54495,1.00,1.00
2015.02.03 16:50:50.470,7.54352,7.54515,1.00,1.00
2015.02.03 16:50:51.440,7.54342,7.54515,1.19,1.00
2015.02.03 16:50:51.523,7.54352,7.54515,1.00,1.00
2015.02.03 16:50:51.965,7.54342,7.54515,1.69,1.00
2015.02.03 16:50:52.653,7.54332,7.54506,1.69,1.00
2015.02.03 16:50:52.759,7.54322,7.54506,1.50,1.00
2015.02.03 16:50:52.810,7.54322,7.54489,1.50,1.00
2015.02.03 16:50:52.861,7.54313,7.54489,1.12,1.00
2015.02.03 16:50:52.912,7.54313,7.54474,1.12,1.00
2015.02.03 16:50:53.298,7.54322,7.54474,1.00,1.00
2015.02.03 16:50:54.604,7.54332,7.54474,1.00,1.00
2015.02.03 16:50:55.431,7.54332,7.54467,1.00,1.00
2015.02.03 16:50:55.532,7.54272,7.54467,2.25,1.00
2015.02.03 16:50:55.633,7.54262,7.54456,2.47,1.00
2015.02.03 16:50:56.143,7.54262,7.54456,2.05,1.00
2015.02.03 16:50:57.631,7.54262,7.54465,2.05,1.00
2015.02.03 16:50:57.794,7.54262,7.54465,2.05,1.00
2015.02.03 16:50:57.845,7.54262,7.54449,2.05,1.00
2015.02.03 16:50:58.684,7.54258,7.54449,1.12,1.00
2015.02.03 16:50:58.735,7.54258,7.5444,1.12,1.00
2015.02.03 16:50:58.892,7.54251,7.5444,1.31,1.00
2015.02.03 16:50:58.943,7.54251,7.54429,1.31,1.00
2015.02.03 16:50:59.247,7.54228,7.54408,1.07,1.00
2015.02.03 16:50:59.349,7.54204,7.54388,1.01,1.00
2015.02.03 16:50:59.500,7.54199,7.5437,1.07,1.00
2015.02.03 16:50:59.551,7.54199,7.5437,1.00,1.00
2015.02.03 16:50:59.753,7.5417,7.5437,1.94,1.00
2015.02.03 16:50:59.805,7.5417,7.54363,1.94,1.00
2015.02.03 16:50:59.937,7.5417,7.54357,1.94,1.00
2015.02.03 16:51:00.240,7.5417,7.5434,1.94,1.00
2015.02.03 16:51:03.886,7.54164,7.5434,1.94,1.00
2015.02.03 16:51:04.140,7.54203,7.54396,1.01,1.00
2015.02.03 16:51:04.241,7.54203,7.54396,1.01,1.00
2015.02.03 16:51:04.358,7.54203,7.54392,1.01,1.00
2015.02.03 16:51:04.409,7.54203,7.54392,1.01,1.00
2015.02.03 16:51:04.519,7.54203,7.54392,1.01,1.00
2015.02.03 16:51:04.570,7.54203,7.54383,1.01,1.00
2015.02.03 16:51:06.387,7.5419,7.54383,1.94,1.00
2015.02.03 16:51:07.265,7.5419,7.54383,1.19,1.00
2015.02.03 16:51:07.418,7.54176,7.54356,1.37,1.00
2015.02.03 16:51:07.470,7.54176,7.54356,1.00,1.00
2015.02.03 16:51:07.521,7.54176,7.54317,1.00,1.00
2015.02.03 16:51:07.622,7.54147,7.5433,1.01,1.00
2015.02.03 16:51:08.156,7.54121,7.5433,1.94,1.00
2015.02.03 16:51:08.704,7.5411,7.5433,1.56,1.00
2015.02.03 16:51:08.755,7.5411,7.54289,1.56,1.00
2015.02.03 16:51:09.194,7.5411,7.54284,1.56,1.00
2015.02.03 16:51:09.530,7.5411,7.54277,1.94,1.00
2015.02.03 16:51:09.632,7.5411,7.54304,1.94,1.00
2015.02.03 16:51:09.684,7.5412,7.54304,1.94,1.00
2015.02.03 16:51:09.734,7.5412,7.54322,1.94,1.00
2015.02.03 16:51:10.056,7.54142,7.54329,1.01,1.00
2015.02.03 16:51:10.259,7.54142,7.54329,1.01,1.00
2015.02.03 16:51:10.410,7.54142,7.54317,1.01,1.00
2015.02.03 16:51:11.053,7.5412,7.54325,1.94,1.00
2015.02.03 16:51:11.374,7.5415,7.54325,1.01,1.00
2015.02.03 16:51:12.153,7.5415,7.54325,1.01,1.00
2015.02.03 16:51:12.813,7.54174,7.54363,1.94,1.00
2015.02.03 16:51:12.864,7.54174,7.54363,1.94,1.00
2015.02.03 16:51:13.552,7.54174,7.54369,2.04,1.00
2015.02.03 16:51:13.603,7.54201,7.54369,1.00,1.00
2015.02.03 16:51:14.096,7.54201,7.54363,1.00,1.00
2015.02.03 16:51:14.300,7.54174,7.54363,1.01,1.00
2015.02.03 16:51:14.462,7.54165,7.54352,1.94,1.00
2015.02.03 16:51:15.913,7.54165,7.54352,1.56,1.00
2015.02.03 16:51:16.656,7.54165,7.54352,1.94,1.00
2015.02.03 16:51:16.976,7.54165,7.54376,1.94,1.00
2015.02.03 16:51:17.229,7.54183,7.54382,1.01,1.00
2015.02.03 16:51:17.536,7.54182,7.5437,1.01,1.00
2015.02.03 16:51:17.588,7.54175,7.5437,1.31,1.00
2015.02.03 16:51:17.639,7.54175,7.54355,1.31,1.00
2015.02.03 16:51:18.201,7.54157,7.54355,1.94,1.00
2015.02.03 16:51:20.067,7.54138,7.54325,1.01,1.00
2015.02.03 16:51:20.371,7.54129,7.54303,1.00,1.00
2015.02.03 16:51:20.495,7.54104,7.54293,1.01,1.00
2015.02.03 16:51:21.276,7.54104,7.54271,1.01,1.00
2015.02.03 16:51:22.193,7.54087,7.54271,2.66,1.00
2015.02.03 16:51:22.244,7.54087,7.54277,2.24,1.00
2015.02.03 16:51:23.121,7.54104,7.5427,1.01,1.00
2015.02.03 16:51:23.223,7.54103,7.5427,1.01,1.00
2015.02.03 16:51:23.375,7.54103,7.54256,1.01,1.00
2015.02.03 16:51:23.678,7.54079,7.54244,1.01,1.00
2015.02.03 16:51:23.936,7.54086,7.54276,2.24,1.00
2015.02.03 16:51:23.986,7.54086,7.54276,2.24,1.00
2015.02.03 16:51:24.038,7.54094,7.54297,1.94,1.00
2015.02.03 16:51:24.089,7.54119,7.54297,1.01,1.00
2015.02.03 16:51:24.190,7.54115,7.54297,1.31,1.00
2015.02.03 16:51:24.241,7.54115,7.54311,1.31,1.00
2015.02.03 16:51:24.342,7.54115,7.5428,1.31,1.00
2015.02.03 16:51:24.393,7.54112,7.5428,1.01,1.00
2015.02.03 16:51:24.596,7.54088,7.54264,1.01,1.00
2015.02.03 16:51:24.900,7.54087,7.54271,1.01,1.00
2015.02.03 16:51:25.151,7.54086,7.54264,2.24,1.00
2015.02.03 16:51:25.252,7.54086,7.54244,2.24,1.00
2015.02.03 16:51:25.303,7.54086,7.54244,1.86,1.00
2015.02.03 16:51:25.506,7.54086,7.54244,2.24,1.00
2015.02.03 16:51:25.658,7.54086,7.54262,2.24,1.00
2015.02.03 16:51:25.709,7.54091,7.54262,1.01,1.00
2015.02.03 16:51:25.810,7.54107,7.54296,1.94,1.00
2015.02.03 16:51:25.911,7.54107,7.54323,1.94,1.00
2015.02.03 16:51:26.114,7.5412,7.54303,1.31,1.00
2015.02.03 16:51:26.216,7.54105,7.54282,1.31,1.00
2015.02.03 16:51:26.368,7.54086,7.54282,2.24,1.00
2015.02.03 16:51:26.619,7.54086,7.54282,2.24,1.00
2015.02.03 16:51:26.872,7.54092,7.54269,1.94,1.00
2015.02.03 16:51:27.177,7.54086,7.54261,2.24,1.00
2015.02.03 16:51:27.279,7.54086,7.54244,1.30,1.00
2015.02.03 16:51:27.380,7.54062,7.54244,1.01,1.00
2015.02.03 16:51:27.533,7.54047,7.54244,1.01,1.00
2015.02.03 16:51:28.432,7.54047,7.54233,1.01,1.00
2015.02.03 16:51:28.751,7.54036,7.54212,1.31,1.00
2015.02.03 16:51:28.853,7.5402,7.54225,1.31,1.00
2015.02.03 16:51:28.955,7.54032,7.54217,1.01,1.00
2015.02.03 16:51:29.289,7.54019,7.54184,1.31,1.00
2015.02.03 16:51:29.391,7.54001,7.54184,1.31,1.00
2015.02.03 16:51:29.442,7.53985,7.54184,1.31,1.00
2015.02.03 16:51:29.543,7.53986,7.54178,1.01,1.00
2015.02.03 16:51:29.746,7.53986,7.54186,1.01,1.00
2015.02.03 16:51:30.288,7.53981,7.54192,1.01,1.00
2015.02.03 16:51:30.625,7.53981,7.54199,1.01,1.00
2015.02.03 16:51:31.155,7.53981,7.54186,1.01,1.00
2015.02.03 16:51:31.570,7.53976,7.54166,2.24,1.00
2015.02.03 16:51:31.722,7.53976,7.54172,2.24,1.00
2015.02.03 16:51:31.823,7.53976,7.5417,2.24,1.00
2015.02.03 16:51:32.263,7.53976,7.54182,2.24,1.00
2015.02.03 16:51:32.370,7.53976,7.54182,2.24,1.00
2015.02.03 16:51:32.604,7.53992,7.54185,1.12,1.00
2015.02.03 16:51:32.655,7.53992,7.54185,1.12,1.00
2015.02.03 16:51:32.812,7.53982,7.54185,1.31,1.00
2015.02.03 16:51:32.914,7.53982,7.54168,1.31,1.00
2015.02.03 16:51:33.215,7.53952,7.54139,1.94,1.00
2015.02.03 16:51:33.367,7.53952,7.54142,1.94,1.00
2015.02.03 16:51:33.702,7.53935,7.54142,1.01,1.00
2015.02.03 16:51:33.803,7.53931,7.54125,1.31,1.00
2015.02.03 16:51:34.167,7.53922,7.54127,2.44,1.00
2015.02.03 16:51:34.370,7.53923,7.54133,1.94,1.00
2015.02.03 16:51:35.442,7.53922,7.5412,1.94,1.00
2015.02.03 16:51:35.771,7.5392,7.54112,2.24,1.00
2015.02.03 16:51:35.923,7.5392,7.54112,2.24,1.00
2015.02.03 16:51:37.102,7.5392,7.54098,2.24,1.00
2015.02.03 16:51:37.885,7.5392,7.54098,1.86,1.00
2015.02.03 16:51:38.654,7.53899,7.54093,1.01,1.00
2015.02.03 16:51:39.490,7.54018,7.54093,1.46,1.00
2015.02.03 16:51:39.809,7.53903,7.54093,1.94,1.00
2015.02.03 16:51:39.988,7.53899,7.54093,1.01,1.00
2015.02.03 16:51:41.086,7.53899,7.54089,1.01,1.00
2015.02.03 16:51:41.394,7.53897,7.54062,1.01,1.00
2015.02.03 16:51:41.496,7.53882,7.54043,1.01,1.00
2015.02.03 16:51:41.741,7.53866,7.54036,1.72,1.00
2015.02.03 16:51:41.842,7.53851,7.54015,1.31,1.00
2015.02.03 16:51:42.162,7.53836,7.54008,1.01,1.00
2015.02.03 16:51:43.835,7.53812,7.54008,1.94,1.00
2015.02.03 16:51:44.548,7.53812,7.54008,1.94,1.00
2015.02.03 16:51:44.712,7.53806,7.54002,1.01,1.00
2015.02.03 16:51:45.030,7.53796,7.53969,1.01,1.00
2015.02.03 16:51:45.142,7.53796,7.53969,1.01,1.00
2015.02.03 16:51:45.193,7.53794,7.53969,1.01,1.00
2015.02.03 16:51:45.244,7.53794,7.53961,1.01,1.00
2015.02.03 16:51:45.463,7.53782,7.53975,1.94,1.00
2015.02.03 16:51:45.815,7.5379,7.53982,1.01,1.00
2015.02.03 16:51:46.183,7.5379,7.53982,1.01,1.00
2015.02.03 16:51:46.234,7.5379,7.53948,1.01,1.00
2015.02.03 16:51:46.537,7.53742,7.53923,1.94,1.00
2015.02.03 16:51:46.924,7.53734,7.53921,1.01,1.00
2015.02.03 16:51:47.308,7.53734,7.53921,1.01,1.00
2015.02.03 16:51:48.642,7.53734,7.53932,1.01,1.00
2015.02.03 16:51:48.965,7.53755,7.53932,1.01,1.00
2015.02.03 16:51:49.269,7.53755,7.53924,1.01,1.00
2015.02.03 16:51:49.521,7.53742,7.53916,1.94,1.00
2015.02.03 16:51:49.673,7.53731,7.5391,1.01,1.00
2015.02.03 16:51:49.876,7.53719,7.53912,1.94,1.00
2015.02.03 16:51:50.961,7.53719,7.53912,1.94,1.00
2015.02.03 16:51:51.902,7.53719,7.53912,1.94,1.00
2015.02.03 16:51:51.952,7.53719,7.53922,1.94,1.00
2015.02.03 16:51:52.055,7.53722,7.53954,1.94,1.00
2015.02.03 16:51:54.360,7.53769,7.53951,1.01,1.00
2015.02.03 16:51:54.956,7.53788,7.5396,1.49,1.00
2015.02.03 16:51:55.058,7.53788,7.53982,1.54,1.00
2015.02.03 16:51:55.159,7.53802,7.53982,1.56,1.00
2015.02.03 16:51:55.261,7.53802,7.53988,1.56,1.00
2015.02.03 16:51:55.362,7.53803,7.53988,1.94,1.00
2015.02.03 16:51:55.681,7.53803,7.5399,1.94,1.00
2015.02.03 16:51:56.926,7.53812,7.54003,1.94,1.00
2015.02.03 16:51:57.346,7.53822,7.54003,1.37,1.00
2015.02.03 16:51:57.448,7.53822,7.53983,1.19,1.00
2015.02.03 16:51:58.761,7.53802,7.53995,2.44,1.00
2015.02.03 16:51:58.989,7.53812,7.53998,1.56,1.00
2015.02.03 16:51:59.090,7.53812,7.53996,1.56,1.00
2015.02.03 16:52:00.152,7.53803,7.53996,1.94,1.00
2015.02.03 16:52:02.444,7.53812,7.53996,1.56,1.00
2015.02.03 16:52:02.747,7.53832,7.54015,1.00,1.00
2015.02.03 16:52:02.798,7.53832,7.54015,1.75,1.00
2015.02.03 16:52:03.948,7.53843,7.54015,1.56,1.00
2015.02.03 16:52:04.251,7.53892,7.54024,1.94,1.00
2015.02.03 16:52:04.302,7.53892,7.54049,1.94,1.00
2015.02.03 16:52:04.403,7.53892,7.54068,1.94,1.00
2015.02.03 16:52:04.724,7.53912,7.54068,1.00,1.00
2015.02.03 16:52:05.187,7.5388,7.54068,1.31,1.00
2015.02.03 16:52:05.361,7.5388,7.54056,1.31,1.00
2015.02.03 16:52:07.455,7.53861,7.54056,1.94,1.00
2015.02.03 16:52:08.818,7.53861,7.54052,1.94,1.00
2015.02.03 16:52:09.458,7.53872,7.54052,1.94,1.00
2015.02.03 16:52:11.410,7.53872,7.54058,1.94,1.00
2015.02.03 16:52:11.463,7.53872,7.54058,1.94,1.00
2015.02.03 16:52:13.506,7.53872,7.54058,2.44,1.00
2015.02.03 16:52:15.515,7.5389,7.54058,1.94,1.00
2015.02.03 16:52:16.699,7.53902,7.54072,1.94,1.00
2015.02.03 16:52:16.800,7.53902,7.54072,1.94,1.00
2015.02.03 16:52:16.851,7.53913,7.54085,1.94,1.00
2015.02.03 16:52:16.902,7.53913,7.54085,1.94,1.00
2015.02.03 16:52:17.055,7.53913,7.54092,1.94,1.00
2015.02.03 16:52:17.597,7.53907,7.54079,1.94,1.00
2015.02.03 16:52:17.698,7.53907,7.54086,1.94,1.00
2015.02.03 16:52:17.800,7.53907,7.54086,1.94,1.00
2015.02.03 16:52:18.458,7.5391,7.54086,1.16,1.00
2015.02.03 16:52:18.610,7.53907,7.54085,1.00,1.00
2015.02.03 16:52:18.711,7.53907,7.5404,1.00,1.00
2015.02.03 16:52:19.020,7.53907,7.54059,1.94,1.00
2015.02.03 16:52:20.786,7.53907,7.54059,1.94,1.00
2015.02.03 16:52:22.544,7.53895,7.54051,1.01,1.00
2015.02.03 16:52:22.697,7.53895,7.54051,1.01,1.00
2015.02.03 16:52:22.821,7.53888,7.54051,1.56,1.00
2015.02.03 16:52:23.273,7.53888,7.54051,1.94,1.00
2015.02.03 16:52:23.526,7.53942,7.54126,1.94,1.00
2015.02.03 16:52:23.628,7.53942,7.54132,1.94,1.00
2015.02.03 16:52:23.678,7.53969,7.54132,1.01,1.00
2015.02.03 16:52:24.091,7.53969,7.54132,1.01,1.00
2015.02.03 16:52:24.155,7.53992,7.54164,1.01,1.00
2015.02.03 16:52:24.307,7.53996,7.54158,1.24,1.00
2015.02.03 16:52:24.409,7.53989,7.54209,1.56,1.00
2015.02.03 16:52:24.511,7.53991,7.54204,1.31,1.00
2015.02.03 16:52:25.075,7.53989,7.54196,1.26,1.00
2015.02.03 16:52:25.536,7.53989,7.54202,1.26,1.00
2015.02.03 16:52:26.000,7.5399,7.54203,1.01,1.00
2015.02.03 16:52:27.585,7.53989,7.54196,1.64,1.00
2015.02.03 16:52:28.155,7.53989,7.5419,1.26,1.00
2015.02.03 16:52:29.451,7.53989,7.54196,1.26,1.00
2015.02.03 16:52:29.702,7.53973,7.54176,1.31,1.00
2015.02.03 16:52:30.251,7.53961,7.54176,1.94,1.00
2015.02.03 16:52:31.572,7.53961,7.54169,1.26,1.00
2015.02.03 16:52:31.876,7.53961,7.54152,1.19,1.00
2015.02.03 16:52:32.731,7.53947,7.54152,1.94,1.00
2015.02.03 16:52:34.160,7.53941,7.54152,1.01,1.00
2015.02.03 16:52:34.211,7.53941,7.54139,1.01,1.00
2015.02.03 16:52:34.262,7.53917,7.54139,1.94,1.00
2015.02.03 16:52:34.313,7.53917,7.54119,1.94,1.00
2015.02.03 16:52:34.616,7.539,7.54098,1.31,1.00
2015.02.03 16:52:34.667,7.539,7.54104,1.31,1.00
2015.02.03 16:52:34.819,7.539,7.54104,1.31,1.00
2015.02.03 16:52:34.972,7.53891,7.54123,1.01,1.00
2015.02.03 16:52:35.181,7.53907,7.5413,1.01,1.00
2015.02.03 16:52:35.232,7.53913,7.5413,1.01,1.00
2015.02.03 16:52:35.400,7.53913,7.54143,1.01,1.00
2015.02.03 16:52:35.552,7.53912,7.54117,1.94,1.00
2015.02.03 16:52:36.031,7.53912,7.54117,1.94,1.00
2015.02.03 16:52:36.082,7.53908,7.54123,1.01,1.00
2015.02.03 16:52:36.133,7.53908,7.54123,1.01,1.00
2015.02.03 16:52:36.183,7.53942,7.54155,1.94,1.00
2015.02.03 16:52:36.234,7.53942,7.54155,1.94,1.00
2015.02.03 16:52:36.538,7.53955,7.54162,1.01,1.00
2015.02.03 16:52:38.336,7.53955,7.54162,1.01,1.00
2015.02.03 16:52:40.476,7.53962,7.54162,1.94,1.00
2015.02.03 16:52:42.012,7.53962,7.5416,1.94,1.00
2015.02.03 16:52:43.854,7.53955,7.5416,1.01,1.00
2015.02.03 16:52:44.158,7.54045,7.54176,1.35,1.00
2015.02.03 16:52:44.209,7.54045,7.54196,1.35,1.00
2015.02.03 16:52:44.260,7.54032,7.54196,1.37,1.00
2015.02.03 16:52:44.311,7.54032,7.54242,1.37,1.00
2015.02.03 16:52:44.463,7.54032,7.54254,1.75,1.00
2015.02.03 16:52:44.565,7.54035,7.54261,1.12,1.00
2015.02.03 16:52:44.890,7.54039,7.54261,1.12,1.00
2015.02.03 16:52:45.255,7.54039,7.54261,1.31,1.00
2015.02.03 16:52:45.601,7.54039,7.54261,1.31,1.00
2015.02.03 16:52:46.203,7.54053,7.5426,1.26,1.00
2015.02.03 16:52:47.506,7.54042,7.54255,2.44,1.00
2015.02.03 16:52:47.833,7.54062,7.54261,1.94,1.00
2015.02.03 16:52:47.941,7.54082,7.5428,1.19,1.00
2015.02.03 16:52:49.714,7.54083,7.54294,1.19,1.00
2015.02.03 16:52:50.469,7.54092,7.54294,1.19,1.00
2015.02.03 16:52:50.520,7.54094,7.54314,1.16,1.00
2015.02.03 16:52:50.621,7.54113,7.54314,1.91,1.00
2015.02.03 16:52:50.723,7.54125,7.54334,1.16,1.00
2015.02.03 16:52:52.685,7.54132,7.54334,1.19,1.00
2015.02.03 16:52:53.773,7.54132,7.5434,1.19,1.00
2015.02.03 16:52:54.679,7.54142,7.5434,1.19,1.00
2015.02.03 16:52:56.683,7.54142,7.5434,1.31,1.00
2015.02.03 16:52:57.730,7.54142,7.54338,1.31,1.00
2015.02.03 16:52:58.688,7.54132,7.54338,1.94,1.00
2015.02.03 16:52:59.187,7.54162,7.54339,1.00,1.00
2015.02.03 16:52:59.390,7.54172,7.54365,1.00,1.00
2015.02.03 16:52:59.441,7.54162,7.54365,1.50,1.00
2015.02.03 16:52:59.535,7.54172,7.54365,1.00,1.00
2015.02.03 16:52:59.639,7.54162,7.54365,2.25,1.00
2015.02.03 16:53:00.486,7.54153,7.54358,1.37,1.00
2015.02.03 16:53:00.588,7.54162,7.54358,1.00,1.00
2015.02.03 16:53:00.663,7.54152,7.54358,1.37,1.00
2015.02.03 16:53:01.070,7.54142,7.54339,1.56,1.00
2015.02.03 16:53:02.142,7.54136,7.54321,1.94,1.00
2015.02.03 16:53:02.243,7.54112,7.54321,1.69,1.00
2015.02.03 16:53:02.395,7.54112,7.54312,1.19,1.00
2015.02.03 16:53:02.711,7.54119,7.54294,1.35,1.00
2015.02.03 16:53:02.812,7.54122,7.54354,1.94,1.00
2015.02.03 16:53:02.914,7.54162,7.54354,1.94,1.00
2015.02.03 16:53:03.268,7.54162,7.54365,1.94,1.00
2015.02.03 16:53:03.374,7.54172,7.54386,2.44,1.00
2015.02.03 16:53:03.424,7.54172,7.54386,2.44,1.00
2015.02.03 16:53:03.576,7.54202,7.54424,1.37,1.19
2015.02.03 16:53:03.627,7.54202,7.54424,1.75,1.00
2015.02.03 16:53:04.407,7.54232,7.54424,1.00,1.00
2015.02.03 16:53:04.862,7.54232,7.54424,1.19,1.00
2015.02.03 16:53:05.193,7.54232,7.54419,1.19,1.00
2015.02.03 16:53:06.134,7.54226,7.54419,1.54,1.00
2015.02.03 16:53:06.235,7.54249,7.54444,1.94,1.00
2015.02.03 16:53:06.595,7.54293,7.5447,1.37,1.00
2015.02.03 16:53:06.646,7.54293,7.5449,1.56,1.00
2015.02.03 16:53:08.615,7.54287,7.5449,1.94,1.00
2015.02.03 16:53:09.318,7.54287,7.54478,1.94,1.00
2015.02.03 16:53:10.641,7.54287,7.54483,1.94,1.00
2015.02.03 16:53:11.621,7.54287,7.54483,1.19,1.00
2015.02.03 16:53:13.726,7.54287,7.54483,1.56,1.00
2015.02.03 16:53:14.380,7.54287,7.5449,1.69,1.00
2015.02.03 16:53:14.482,7.54287,7.5451,1.94,1.00
2015.02.03 16:53:14.583,7.54287,7.54504,1.94,1.00
2015.02.03 16:53:14.886,7.54287,7.54498,1.94,1.00
2015.02.03 16:53:15.273,7.54292,7.54516,1.01,1.00
2015.02.03 16:53:15.324,7.54314,7.54516,1.94,1.00
2015.02.03 16:53:15.374,7.54314,7.5453,1.94,1.00
2015.02.03 16:53:15.425,7.54314,7.5453,1.94,1.00
2015.02.03 16:53:15.659,7.54314,7.54543,1.94,1.00
2015.02.03 16:53:15.760,7.54314,7.54543,1.94,1.00
2015.02.03 16:53:18.139,7.54314,7.54543,1.94,1.00
2015.02.03 16:53:18.342,7.54383,7.54549,1.94,1.00
2015.02.03 16:53:18.444,7.54407,7.54591,1.16,1.00
2015.02.03 16:53:18.647,7.54422,7.54608,1.19,1.00
2015.02.03 16:53:19.060,7.54412,7.54608,1.94,1.00
2015.02.03 16:53:19.112,7.54412,7.54601,1.94,1.00
2015.02.03 16:53:19.315,7.54403,7.54609,1.19,1.00
2015.02.03 16:53:19.817,7.54403,7.54609,1.94,1.00
2015.02.03 16:53:19.868,7.54403,7.54617,1.94,1.00
2015.02.03 16:53:20.401,7.54408,7.54616,1.01,1.00
2015.02.03 16:53:20.522,7.54408,7.5461,1.01,1.00
2015.02.03 16:53:20.825,7.54403,7.54591,1.26,1.00
2015.02.03 16:53:21.752,7.54403,7.54591,1.19,1.00
2015.02.03 16:53:22.130,7.54403,7.54589,1.19,1.00
2015.02.03 16:53:23.042,7.54423,7.54615,1.69,1.00
2015.02.03 16:53:23.365,7.54432,7.54615,1.00,1.00
2015.02.03 16:53:23.570,7.54422,7.54615,1.94,1.00
2015.02.03 16:53:23.701,7.54422,7.54615,1.94,1.00
2015.02.03 16:53:25.257,7.54422,7.54604,1.69,1.00
2015.02.03 16:53:25.697,7.54412,7.54591,1.19,1.00
2015.02.03 16:53:26.343,7.54402,7.54575,1.56,1.00
2015.02.03 16:53:26.394,7.54402,7.54575,1.00,1.00
2015.02.03 16:53:26.445,7.5439,7.54562,1.19,1.00
2015.02.03 16:53:28.090,7.54372,7.54562,1.94,1.00
2015.02.03 16:53:28.344,7.54462,7.54621,1.94,1.00
2015.02.03 16:53:28.447,7.54422,7.54642,2.29,1.00
2015.02.03 16:53:28.700,7.54444,7.54642,1.01,1.00
2015.02.03 16:53:28.750,7.54487,7.54655,1.00,1.00
2015.02.03 16:53:28.801,7.54487,7.54655,1.94,1.00
2015.02.03 16:53:28.903,7.54507,7.54701,1.54,1.00
2015.02.03 16:53:29.629,7.54507,7.54714,1.54,1.00
2015.02.03 16:53:30.837,7.54521,7.54714,1.19,1.00
2015.02.03 16:53:30.989,7.54521,7.54709,1.94,1.00
2015.02.03 16:53:32.491,7.54521,7.54704,1.94,1.00
2015.02.03 16:53:32.694,7.54521,7.54704,1.00,1.00
2015.02.03 16:53:32.745,7.54483,7.54696,1.19,1.00
2015.02.03 16:53:32.947,7.54483,7.54663,1.19,1.00
2015.02.03 16:53:33.273,7.54458,7.54649,1.94,1.00
2015.02.03 16:53:34.158,7.54458,7.54638,1.19,1.00
2015.02.03 16:53:34.311,7.54437,7.54638,1.19,1.00
2015.02.03 16:53:34.361,7.54437,7.54618,1.19,1.00
2015.02.03 16:53:34.666,7.54412,7.54603,1.19,1.00
2015.02.03 16:53:34.717,7.54413,7.54608,1.19,1.00
2015.02.03 16:53:34.819,7.54422,7.54623,1.94,1.00
2015.02.03 16:53:35.524,7.54432,7.54623,1.00,1.00
2015.02.03 16:53:35.575,7.54412,7.54603,1.19,1.00
2015.02.03 16:53:35.626,7.54412,7.54603,1.00,1.00
2015.02.03 16:53:35.677,7.54373,7.54603,1.26,1.00
2015.02.03 16:53:35.728,7.54373,7.5455,1.19,1.00
2015.02.03 16:53:35.981,7.54329,7.5453,1.19,1.00
2015.02.03 16:53:36.032,7.54329,7.5453,1.94,1.00
2015.02.03 16:53:36.457,7.54329,7.54544,1.19,1.00
2015.02.03 16:53:36.507,7.54329,7.54544,1.19,1.00
2015.02.03 16:53:36.811,7.54442,7.54636,1.19,1.00
2015.02.03 16:53:36.912,7.54442,7.54649,1.19,1.00
2015.02.03 16:53:37.133,7.54433,7.54636,1.19,1.00
2015.02.03 16:53:37.235,7.54412,7.54636,1.86,1.00
2015.02.03 16:53:37.286,7.54488,7.54636,2.10,1.00
2015.02.03 16:53:37.538,7.54482,7.54629,1.00,1.00
2015.02.03 16:53:37.764,7.54502,7.54629,1.79,1.00
2015.02.03 16:53:37.815,7.54513,7.54709,1.79,1.00
2015.02.03 16:53:37.867,7.54518,7.54709,2.29,1.00
2015.02.03 16:53:38.120,7.54518,7.54715,2.29,1.00
2015.02.03 16:53:38.221,7.54556,7.54724,1.60,1.00
2015.02.03 16:53:38.472,7.54556,7.54735,1.60,1.00
2015.02.03 16:53:38.624,7.54556,7.54735,1.00,1.00
2015.02.03 16:53:38.876,7.54579,7.54735,1.00,1.00
2015.02.03 16:53:39.028,7.54582,7.54748,1.25,1.00
2015.02.03 16:53:39.129,7.54579,7.54762,1.56,1.00
2015.02.03 16:53:39.536,7.54579,7.5477,1.56,1.00
2015.02.03 16:53:39.810,7.54593,7.5477,1.00,1.00
2015.02.03 16:53:40.153,7.54593,7.5477,1.56,1.00
2015.02.03 16:53:40.762,7.54593,7.54761,1.19,1.00
2015.02.03 16:53:41.024,7.54593,7.5477,1.94,1.00
2015.02.03 16:53:41.227,7.54593,7.54787,1.94,1.00
2015.02.03 16:53:41.776,7.54593,7.54803,1.94,1.00
2015.02.03 16:53:41.985,7.54593,7.54809,1.94,1.00
2015.02.03 16:53:42.086,7.54593,7.54816,1.94,1.00
2015.02.03 16:53:42.137,7.54593,7.54816,1.94,1.00
2015.02.03 16:53:43.833,7.54593,7.54816,1.94,1.00
2015.02.03 16:53:45.069,7.54593,7.54816,1.94,1.00
2015.02.03 16:53:45.372,7.54677,7.54886,1.16,1.00
2015.02.03 16:53:46.018,7.54677,7.5488,1.16,1.00
2015.02.03 16:53:47.231,7.54677,7.5488,1.16,1.00
2015.02.03 16:53:47.544,7.54683,7.5488,1.54,1.00
2015.02.03 16:53:47.595,7.54683,7.54933,2.29,1.00
2015.02.03 16:53:47.696,7.54706,7.54945,1.94,1.00
2015.02.03 16:53:47.747,7.54741,7.54945,1.54,1.00
2015.02.03 16:53:48.064,7.54792,7.54965,1.35,1.00
2015.02.03 16:53:48.165,7.54782,7.54965,1.16,1.00
2015.02.03 16:53:48.216,7.54765,7.54965,1.94,1.00
2015.02.03 16:53:48.469,7.54765,7.54967,1.19,1.00
2015.02.03 16:53:48.738,7.54765,7.54967,1.00,1.00
2015.02.03 16:53:48.789,7.54765,7.54941,1.00,1.00
2015.02.03 16:53:48.840,7.54744,7.54941,1.00,1.00
2015.02.03 16:53:48.891,7.54744,7.54927,1.00,1.00
2015.02.03 16:53:49.094,7.54687,7.54908,1.94,1.00
2015.02.03 16:53:49.145,7.54687,7.54895,1.94,1.00
2015.02.03 16:53:49.195,7.54664,7.54895,1.01,1.00
2015.02.03 16:53:49.246,7.54648,7.54895,1.01,1.00
2015.02.03 16:53:49.297,7.54648,7.54895,1.01,1.00
2015.02.03 16:53:49.348,7.54648,7.54861,1.01,1.00
2015.02.03 16:53:49.399,7.54635,7.54861,1.94,1.00
2015.02.03 16:53:49.450,7.54635,7.54842,1.94,1.00
2015.02.03 16:53:50.703,7.54606,7.54842,1.56,1.00
2015.02.03 16:53:50.754,7.54606,7.54788,1.56,1.00
2015.02.03 16:53:50.856,7.54606,7.54788,1.00,1.00
2015.02.03 16:53:51.007,7.54566,7.54775,1.75,1.00
2015.02.03 16:53:51.358,7.54566,7.54775,1.75,1.00
2015.02.03 16:53:51.629,7.54566,7.5477,1.75,1.00
2015.02.03 16:53:55.603,7.54566,7.5477,1.00,1.00
2015.02.03 16:53:55.654,7.54528,7.5477,1.94,1.00
2015.02.03 16:53:55.705,7.54524,7.54756,1.94,1.00
2015.02.03 16:53:56.013,7.54524,7.5473,1.75,1.00
2015.02.03 16:53:56.316,7.54518,7.54723,1.35,1.00
2015.02.03 16:53:58.482,7.54469,7.5471,1.94,1.00
2015.02.03 16:53:58.609,7.54469,7.54704,1.94,1.00
2015.02.03 16:53:59.600,7.54469,7.54704,1.94,1.00
2015.02.03 16:53:59.659,7.54469,7.5471,1.94,1.00
2015.02.03 16:54:00.203,7.5453,7.5471,1.35,1.00
2015.02.03 16:54:00.254,7.5453,7.54717,1.35,1.00
2015.02.03 16:54:00.508,7.5453,7.54717,1.35,1.00
2015.02.03 16:54:00.559,7.5453,7.5473,1.35,1.00
2015.02.03 16:54:00.677,7.5453,7.5475,1.35,1.00
2015.02.03 16:54:00.728,7.5453,7.5475,1.35,1.00
2015.02.03 16:54:00.780,7.5453,7.54763,1.54,1.00
2015.02.03 16:54:01.315,7.5453,7.54756,1.54,1.00
2015.02.03 16:54:02.312,7.54515,7.54756,1.75,1.00
2015.02.03 16:54:02.413,7.54515,7.54735,1.75,1.00
2015.02.03 16:54:02.716,7.54473,7.54715,1.54,1.00
2015.02.03 16:54:03.391,7.54473,7.54715,1.54,1.00
2015.02.03 16:54:04.898,7.54473,7.54715,1.35,1.00
2015.02.03 16:54:06.633,7.54473,7.5471,1.54,1.00
2015.02.03 16:54:06.969,7.54473,7.54697,1.54,1.00
2015.02.03 16:54:07.121,7.54473,7.54697,1.54,1.00
2015.02.03 16:54:07.249,7.54473,7.54695,1.54,1.00
2015.02.03 16:54:07.579,7.54473,7.54704,1.54,1.00
2015.02.03 16:54:08.019,7.54473,7.54709,1.54,1.00
2015.02.03 16:54:12.117,7.54473,7.54708,1.54,1.00
2015.02.03 16:54:12.269,7.54473,7.54708,1.54,1.00
2015.02.03 16:54:12.422,7.54473,7.54688,1.54,1.00
2015.02.03 16:54:13.088,7.54473,7.5468,1.54,1.00
2015.02.03 16:54:14.400,7.54473,7.5468,1.54,1.00
2015.02.03 16:54:15.274,7.54473,7.5468,1.54,1.00
2015.02.03 16:54:15.614,7.54453,7.54674,1.01,1.00
2015.02.03 16:54:15.950,7.54451,7.54656,1.54,1.00
2015.02.03 16:54:16.215,7.54451,7.54648,1.35,1.00
2015.02.03 16:54:16.716,7.54443,7.54634,1.16,1.00
2015.02.03 16:54:17.026,7.5443,7.54614,1.16,1.00
2015.02.03 16:54:17.128,7.5441,7.54614,1.01,1.00
2015.02.03 16:54:17.814,7.5441,7.54614,1.01,1.00
2015.02.03 16:54:17.966,7.5441,7.54629,1.01,1.00
2015.02.03 16:54:18.018,7.5441,7.54629,1.01,1.00
2015.02.03 16:54:18.449,7.5441,7.54629,1.01,1.00
2015.02.03 16:54:19.019,7.5441,7.54614,1.01,1.00
2015.02.03 16:54:21.896,7.54403,7.5461,1.94,1.00
2015.02.03 16:54:22.200,7.54442,7.54609,1.35,1.00
2015.02.03 16:54:22.251,7.54453,7.54628,1.35,1.00
2015.02.03 16:54:22.431,7.54453,7.54641,1.35,1.00
2015.02.03 16:54:23.417,7.54453,7.5465,1.35,1.00
2015.02.03 16:54:24.639,7.54457,7.5465,1.35,1.00
2015.02.03 16:54:24.892,7.54457,7.54655,1.35,1.00
2015.02.03 16:54:24.958,7.54457,7.54649,1.35,1.00
2015.02.03 16:54:26.834,7.54457,7.5465,1.80,1.00
2015.02.03 16:54:27.658,7.54471,7.5465,1.35,1.00
2015.02.03 16:54:27.962,7.54492,7.54678,1.54,1.00
2015.02.03 16:54:28.684,7.54492,7.54678,1.54,1.00
2015.02.03 16:54:28.735,7.54492,7.54685,1.54,1.00
2015.02.03 16:54:29.028,7.54492,7.54692,1.54,1.00
2015.02.03 16:54:29.079,7.54492,7.54692,1.54,1.00
2015.02.03 16:54:29.282,7.54512,7.54713,1.94,1.00
2015.02.03 16:54:29.383,7.54512,7.54733,2.66,1.00
2015.02.03 16:54:29.575,7.54512,7.54733,2.66,1.00
2015.02.03 16:54:29.831,7.54542,7.54748,1.75,1.00
2015.02.03 16:54:30.583,7.54554,7.54758,1.54,1.00
2015.02.03 16:54:31.008,7.54554,7.54765,1.54,1.00
2015.02.03 16:54:31.362,7.54554,7.54772,1.54,1.00
2015.02.03 16:54:31.413,7.54554,7.54772,1.54,1.00
2015.02.03 16:54:31.889,7.54554,7.54778,1.54,1.00
2015.02.03 16:54:32.249,7.54554,7.54772,1.54,1.00
2015.02.03 16:54:32.300,7.54554,7.54772,1.54,1.00
2015.02.03 16:54:32.351,7.54554,7.54765,1.54,1.00
2015.02.03 16:54:32.588,7.54554,7.54765,1.54,1.00
2015.02.03 16:54:32.690,7.54552,7.54752,1.94,1.00
2015.02.03 16:54:33.234,7.54542,7.54758,2.24,1.00
2015.02.03 16:54:33.335,7.54563,7.54777,1.54,1.00
2015.02.03 16:54:33.963,7.54573,7.54777,1.94,1.00
2015.02.03 16:54:34.119,7.54622,7.54792,1.00,1.00
2015.02.03 16:54:34.220,7.54622,7.54792,1.75,1.00
2015.02.03 16:54:34.529,7.54643,7.54792,1.00,1.00
2015.02.03 16:54:34.898,7.54632,7.54792,1.00,1.00
2015.02.03 16:54:35.625,7.54632,7.54792,1.75,1.00
2015.02.03 16:54:35.676,7.54642,7.5482,1.75,1.00
2015.02.03 16:54:35.878,7.54632,7.54828,1.94,1.00
2015.02.03 16:54:36.438,7.54633,7.54821,2.44,1.00
2015.02.03 16:54:36.938,7.54633,7.54812,1.94,1.00
2015.02.03 16:54:37.104,7.54602,7.54812,1.94,1.00
2015.02.03 16:54:37.205,7.54592,7.54788,2.44,1.00
2015.02.03 16:54:37.927,7.54603,7.54775,1.94,1.00
2015.02.03 16:54:38.061,7.54603,7.54775,1.75,1.00
2015.02.03 16:54:38.112,7.54622,7.54775,1.00,1.00
2015.02.03 16:54:38.197,7.54613,7.54775,1.00,1.00
2015.02.03 16:54:38.349,7.54602,7.54775,1.75,1.00
2015.02.03 16:54:40.274,7.54602,7.54781,1.75,1.00
2015.02.03 16:54:40.325,7.54612,7.54781,1.00,1.00
2015.02.03 16:54:40.601,7.54623,7.54806,1.00,1.00
2015.02.03 16:54:41.137,7.54612,7.54806,1.75,1.00
2015.02.03 16:54:41.777,7.54612,7.54799,1.75,1.00
2015.02.03 16:54:42.494,7.54612,7.54799,1.94,1.00
2015.02.03 16:54:43.361,7.54602,7.54787,1.94,1.00
2015.02.03 16:54:43.758,7.54582,7.54774,1.94,1.00
2015.02.03 16:54:44.307,7.54592,7.54773,1.00,1.00
2015.02.03 16:54:44.459,7.54582,7.54756,1.56,1.00
2015.02.03 16:54:45.019,7.54582,7.54762,1.56,1.00
2015.02.03 16:54:47.388,7.54573,7.54762,1.94,1.00
2015.02.03 16:54:47.540,7.54633,7.54797,1.50,1.00
2015.02.03 16:54:47.591,7.54633,7.54797,1.37,1.00
2015.02.03 16:54:47.642,7.54642,7.54822,1.00,1.00
2015.02.03 16:54:47.693,7.54652,7.54822,1.19,1.00
2015.02.03 16:54:47.845,7.54652,7.54843,1.69,1.00
2015.02.03 16:54:47.946,7.54642,7.54828,2.44,1.00
2015.02.03 16:54:48.251,7.54633,7.54822,1.94,1.00
2015.02.03 16:54:49.500,7.54633,7.54815,1.19,1.00
2015.02.03 16:54:49.836,7.54652,7.54835,1.19,1.00
2015.02.03 16:54:49.938,7.54662,7.54855,1.94,1.00
2015.02.03 16:54:50.039,7.54662,7.54868,1.94,1.00
2015.02.03 16:54:51.279,7.5469,7.54874,1.35,1.00
2015.02.03 16:54:51.381,7.5469,7.54894,1.35,1.00
2015.02.03 16:54:51.788,7.54672,7.54887,2.44,1.00
2015.02.03 16:54:52.157,7.54682,7.54887,1.94,1.00
2015.02.03 16:54:52.449,7.54682,7.54876,2.44,1.00
2015.02.03 16:54:53.007,7.54672,7.54874,2.44,1.00
2015.02.03 16:54:53.477,7.54672,7.54874,2.44,1.00
2015.02.03 16:54:53.578,7.54682,7.54863,1.75,1.00
2015.02.03 16:54:55.199,7.54682,7.54869,1.75,1.00
2015.02.03 16:54:58.476,7.54666,7.54869,1.01,1.00
2015.02.03 16:54:58.527,7.54666,7.54876,1.01,1.00
2015.02.03 16:54:58.977,7.54687,7.54876,1.01,1.00
2015.02.03 16:54:59.157,7.54687,7.54873,1.01,1.00
2015.02.03 16:54:59.797,7.54695,7.54873,1.35,1.00
2015.02.03 16:54:59.848,7.54695,7.54882,1.35,1.00
2015.02.03 16:54:59.968,7.54695,7.54882,1.30,1.00
2015.02.03 16:55:00.170,7.54683,7.54869,1.01,1.00
2015.02.03 16:55:01.789,7.54674,7.54869,1.01,1.00
2015.02.03 16:55:01.890,7.54659,7.54869,1.01,1.00
2015.02.03 16:55:01.941,7.54655,7.54855,1.12,1.00
2015.02.03 16:55:02.093,7.5463,7.5484,1.37,1.00
2015.02.03 16:55:02.144,7.54616,7.54815,1.31,1.00
2015.02.03 16:55:02.397,7.54598,7.54788,2.05,1.00
2015.02.03 16:55:02.499,7.54598,7.54777,2.05,1.00
2015.02.03 16:55:03.235,7.54585,7.54775,1.01,1.00
2015.02.03 16:55:03.893,7.54585,7.54775,1.01,1.00
2015.02.03 16:55:04.045,7.54585,7.54762,1.01,1.00
2015.02.03 16:55:04.096,7.5456,7.54762,1.31,1.00
2015.02.03 16:55:04.148,7.5456,7.54735,1.31,1.00
2015.02.03 16:55:04.199,7.54544,7.54735,2.24,1.00
2015.02.03 16:55:05.109,7.54544,7.54735,2.24,1.00
2015.02.03 16:55:05.211,7.54544,7.54723,2.24,1.00
2015.02.03 16:55:07.503,7.54532,7.54723,1.94,1.00
2015.02.03 16:55:07.757,7.54602,7.54782,1.75,1.00
2015.02.03 16:55:08.205,7.54592,7.54782,1.87,1.00
2015.02.03 16:55:09.107,7.54608,7.54795,1.01,1.00
2015.02.03 16:55:09.498,7.5462,7.54802,1.01,1.00
2015.02.03 16:55:09.832,7.5462,7.54794,1.01,1.00
2015.02.03 16:55:10.619,7.5461,7.54802,1.01,1.00
2015.02.03 16:55:11.624,7.5461,7.54802,1.01,1.00
2015.02.03 16:55:13.163,7.54632,7.54802,1.37,1.00
2015.02.03 16:55:13.265,7.54622,7.5481,1.94,1.00
2015.02.03 16:55:13.632,7.54632,7.5481,1.56,1.00
2015.02.03 16:55:16.135,7.54623,7.5481,1.94,1.00
2015.02.03 16:55:16.437,7.54623,7.5481,1.94,1.00
2015.02.03 16:55:16.539,7.54652,7.54823,1.35,1.00
2015.02.03 16:55:16.640,7.54662,7.54823,1.94,1.00
2015.02.03 16:55:16.691,7.54662,7.54863,1.94,1.00
2015.02.03 16:55:16.742,7.54682,7.54863,1.94,1.00
2015.02.03 16:55:16.993,7.54693,7.54889,1.94,1.00
2015.02.03 16:55:17.044,7.547,7.54889,1.35,1.00
2015.02.03 16:55:18.297,7.547,7.54895,1.42,1.00
2015.02.03 16:55:19.244,7.54712,7.54895,1.94,1.00
2015.02.03 16:55:19.295,7.54712,7.54909,1.94,1.00
2015.02.03 16:55:19.648,7.54723,7.54934,1.01,1.00
2015.02.03 16:55:19.851,7.54723,7.54934,1.01,1.00
2015.02.03 16:55:19.952,7.54716,7.54914,1.01,1.00
2015.02.03 16:55:20.577,7.54701,7.54914,1.01,1.00
2015.02.03 16:55:21.182,7.54686,7.54894,1.01,1.00
2015.02.03 16:55:21.233,7.5468,7.54894,1.01,1.00
2015.02.03 16:55:21.284,7.5468,7.54881,1.01,1.00
2015.02.03 16:55:21.711,7.54674,7.54863,1.01,1.00
2015.02.03 16:55:23.854,7.54672,7.54863,1.94,1.00
2015.02.03 16:55:24.127,7.54672,7.54873,1.94,1.00
2015.02.03 16:55:24.409,7.54693,7.54874,1.16,1.00
2015.02.03 16:55:24.460,7.547,7.54883,1.35,1.00
2015.02.03 16:55:24.561,7.5471,7.54883,1.35,1.00
2015.02.03 16:55:24.768,7.54692,7.54883,2.04,1.00
2015.02.03 16:55:24.920,7.54702,7.54887,1.50,1.00
2015.02.03 16:55:25.952,7.54692,7.54887,1.94,1.00
2015.02.03 16:55:26.003,7.54692,7.54894,1.94,1.00
2015.02.03 16:55:26.342,7.54692,7.54901,1.94,1.00
2015.02.03 16:55:26.393,7.54692,7.54901,1.94,1.00
2015.02.03 16:55:26.444,7.54692,7.54888,1.94,1.00
2015.02.03 16:55:26.878,7.5469,7.54894,1.01,1.00
2015.02.03 16:55:26.979,7.54692,7.54894,1.94,1.00
2015.02.03 16:55:27.238,7.54702,7.54901,2.00,1.00
2015.02.03 16:55:27.638,7.54702,7.54916,2.07,1.00
2015.02.03 16:55:29.379,7.54711,7.54916,1.01,1.00
2015.02.03 16:55:30.093,7.54711,7.54914,1.01,1.00
2015.02.03 16:55:30.404,7.54699,7.549,1.01,1.00
2015.02.03 16:55:32.285,7.54684,7.549,1.01,1.00
2015.02.03 16:55:32.817,7.54684,7.54887,1.01,1.00
2015.02.03 16:55:34.493,7.54684,7.54867,1.01,1.00
2015.02.03 16:55:34.926,7.54684,7.54867,1.01,1.00
2015.02.03 16:55:35.278,7.5466,7.54861,1.01,1.00
2015.02.03 16:55:35.586,7.5466,7.54836,1.01,1.00
2015.02.03 16:55:37.232,7.54629,7.54836,1.31,1.00
2015.02.03 16:55:37.334,7.54629,7.5481,1.31,1.00
2015.02.03 16:55:37.385,7.5461,7.5481,1.01,1.00
2015.02.03 16:55:37.487,7.5461,7.54795,1.01,1.00
2015.02.03 16:55:38.337,7.5461,7.54814,1.01,1.00
2015.02.03 16:55:39.088,7.5461,7.54823,1.01,1.00
2015.02.03 16:55:39.392,7.54642,7.54823,1.94,1.00
2015.02.03 16:55:39.444,7.54636,7.54841,1.01,1.00
2015.02.03 16:55:41.399,7.54636,7.54841,1.01,1.00
2015.02.03 16:55:43.404,7.54643,7.54841,1.94,1.00
2015.02.03 16:55:44.104,7.54636,7.54841,1.01,1.00
2015.02.03 16:55:44.154,7.54636,7.54848,1.01,1.00
2015.02.03 16:55:44.306,7.54664,7.54864,1.01,1.00
2015.02.03 16:55:44.926,7.54636,7.54853,1.31,1.00
2015.02.03 16:55:45.202,7.54627,7.54833,1.12,1.00
2015.02.03 16:55:49.129,7.54627,7.54825,1.12,1.00
2015.02.03 16:55:50.229,7.54632,7.5484,1.82,1.00
2015.02.03 16:55:50.330,7.54643,7.54846,1.01,1.00
2015.02.03 16:55:50.381,7.54647,7.54846,1.12,1.00
2015.02.03 16:55:51.123,7.54647,7.54846,1.12,1.00
2015.02.03 16:55:51.186,7.54647,7.54866,1.12,1.00
2015.02.03 16:55:51.725,7.54652,7.54866,1.42,1.00
2015.02.03 16:55:51.776,7.54662,7.54873,1.75,1.00
2015.02.03 16:55:52.259,7.54667,7.54873,1.12,1.00
2015.02.03 16:55:53.855,7.54661,7.54873,1.01,1.00
2015.02.03 16:55:54.157,7.54661,7.5487,1.01,1.00
2015.02.03 16:55:56.637,7.54652,7.5487,1.42,1.00
2015.02.03 16:55:56.941,7.54742,7.54919,1.75,1.00
2015.02.03 16:55:57.042,7.54742,7.54945,1.75,1.00
2015.02.03 16:55:57.498,7.54725,7.5495,1.12,1.00
2015.02.03 16:55:58.258,7.54733,7.5495,1.57,1.00
2015.02.03 16:55:58.377,7.54733,7.5495,1.50,1.00
2015.02.03 16:55:58.678,7.54732,7.54942,2.25,1.00
2015.02.03 16:55:58.859,7.54722,7.54929,1.10,1.00
2015.02.03 16:55:59.011,7.54702,7.54905,1.50,1.00
2015.02.03 16:55:59.062,7.54702,7.54905,1.12,1.00
2015.02.03 16:55:59.113,7.54702,7.54898,1.12,1.00
2015.02.03 16:55:59.617,7.54692,7.54899,1.26,1.00
2015.02.03 16:55:59.819,7.54702,7.54912,1.00,1.00
2015.02.03 16:55:59.920,7.54702,7.54885,1.00,1.00
2015.02.03 16:55:59.991,7.54692,7.54885,1.26,1.00
2015.02.03 16:56:00.647,7.54682,7.54883,1.94,1.00
2015.02.03 16:56:01.164,7.54683,7.54883,1.50,1.00
2015.02.03 16:56:01.318,7.54692,7.54883,1.00,1.00
2015.02.03 16:56:01.532,7.54692,7.54891,1.00,1.00
2015.02.03 16:56:01.781,7.54702,7.54891,1.00,1.00
2015.02.03 16:56:02.031,7.54692,7.54891,1.00,1.00
2015.02.03 16:56:02.372,7.54692,7.54891,1.75,1.00
2015.02.03 16:56:02.423,7.54692,7.54897,1.75,1.00
2015.02.03 16:56:02.524,7.54692,7.54905,1.75,1.00
2015.02.03 16:56:02.626,7.54702,7.54905,1.75,1.00
2015.02.03 16:56:02.727,7.54722,7.54905,1.00,1.00
2015.02.03 16:56:02.778,7.54723,7.54923,1.00,1.00
2015.02.03 16:56:02.829,7.54723,7.54923,1.75,1.00
2015.02.03 16:56:02.980,7.54722,7.54936,1.75,1.00
2015.02.03 16:56:03.311,7.54722,7.54942,2.04,1.00
2015.02.03 16:56:03.430,7.54722,7.54962,2.04,1.00
2015.02.03 16:56:03.952,7.54727,7.54963,1.01,1.00
2015.02.03 16:56:04.841,7.54752,7.54963,1.00,1.00
2015.02.03 16:56:04.899,7.54742,7.54963,1.75,1.00
2015.02.03 16:56:05.848,7.54741,7.54958,1.01,1.00
2015.02.03 16:56:06.257,7.54741,7.54953,1.01,1.00
2015.02.03 16:56:06.728,7.54741,7.54964,1.01,1.00
2015.02.03 16:56:07.142,7.54742,7.54964,1.94,1.00
2015.02.03 16:56:08.237,7.54753,7.54958,1.75,1.00
2015.02.03 16:56:08.594,7.54741,7.54946,1.01,1.00
2015.02.03 16:56:08.645,7.54735,7.54946,1.61,1.00
2015.02.03 16:56:08.797,7.54715,7.54926,1.67,1.00
2015.02.03 16:56:08.848,7.54699,7.54926,1.37,1.00
2015.02.03 16:56:08.899,7.54699,7.54887,1.37,1.00
2015.02.03 16:56:08.949,7.54699,7.54887,1.00,1.00
2015.02.03 16:56:09.050,7.54692,7.549,1.37,1.00
2015.02.03 16:56:09.152,7.54692,7.54879,1.37,1.00
2015.02.03 16:56:09.354,7.54692,7.54885,1.37,1.00
2015.02.03 16:56:09.556,7.54692,7.54878,1.37,1.00
2015.02.03 16:56:09.666,7.54692,7.54884,1.37,1.00
2015.02.03 16:56:09.968,7.54692,7.54892,1.37,1.00
2015.02.03 16:56:10.106,7.54692,7.54879,1.37,1.00
2015.02.03 16:56:10.409,7.54702,7.54886,1.75,1.00
2015.02.03 16:56:10.560,7.54713,7.54904,1.75,1.00
2015.02.03 16:56:10.813,7.54713,7.54891,1.75,1.00
2015.02.03 16:56:10.915,7.54713,7.54896,1.75,1.00
2015.02.03 16:56:11.096,7.54702,7.54891,1.75,1.00
2015.02.03 16:56:11.315,7.54712,7.54896,1.75,1.00
2015.02.03 16:56:11.689,7.54712,7.54896,1.00,1.00
2015.02.03 16:56:11.791,7.54692,7.54889,1.07,1.00
2015.02.03 16:56:11.892,7.54692,7.54866,1.07,1.00
2015.02.03 16:56:11.993,7.54692,7.54878,1.07,1.00
2015.02.03 16:56:12.195,7.54692,7.54873,1.07,1.00
2015.02.03 16:56:12.415,7.54692,7.54878,1.07,1.00
2015.02.03 16:56:12.526,7.54692,7.54887,1.07,1.00
2015.02.03 16:56:12.791,7.54692,7.54873,1.07,1.00
2015.02.03 16:56:12.966,7.54692,7.54878,1.07,1.00
2015.02.03 16:56:13.175,7.54692,7.54878,1.82,1.00
2015.02.03 16:56:13.226,7.54692,7.54893,1.82,1.00
2015.02.03 16:56:13.378,7.54692,7.54893,1.07,1.00
2015.02.03 16:56:13.429,7.54692,7.54873,1.07,1.00
2015.02.03 16:56:13.599,7.54692,7.54873,1.00,1.00
2015.02.03 16:56:13.750,7.54692,7.54878,1.00,1.00
2015.02.03 16:56:13.801,7.54682,7.54878,1.00,1.00
2015.02.03 16:56:13.931,7.54673,7.54878,1.00,1.00
2015.02.03 16:56:13.982,7.54662,7.54857,1.26,1.00
2015.02.03 16:56:14.084,7.54653,7.54872,1.69,1.00
2015.02.03 16:56:14.225,7.54653,7.54858,1.69,1.00
2015.02.03 16:56:14.738,7.54652,7.54859,2.44,1.00
2015.02.03 16:56:15.188,7.54662,7.54859,1.00,1.00
2015.02.03 16:56:15.430,7.54662,7.54853,1.00,1.00
2015.02.03 16:56:15.632,7.54652,7.54844,1.00,1.00
2015.02.03 16:56:15.683,7.54642,7.54844,1.56,1.00
2015.02.03 16:56:15.835,7.54642,7.54841,1.19,1.00
2015.02.03 16:56:16.346,7.54642,7.5484,1.19,1.00
2015.02.03 16:56:16.904,7.54652,7.5484,1.00,1.00
2015.02.03 16:56:18.113,7.54662,7.5484,1.00,1.00
2015.02.03 16:56:18.164,7.54653,7.5484,1.00,1.00
2015.02.03 16:56:18.723,7.54653,7.54839,1.00,1.00
2015.02.03 16:56:19.474,7.54653,7.54827,1.00,1.00
2015.02.03 16:56:20.502,7.54642,7.54827,1.00,1.00
2015.02.03 16:56:21.011,7.54652,7.54827,1.00,1.00
2015.02.03 16:56:21.623,7.54642,7.54827,1.00,1.00
2015.02.03 16:56:25.855,7.54633,7.54827,1.00,1.00
2015.02.03 16:56:25.966,7.54642,7.54827,1.00,1.00
2015.02.03 16:56:26.481,7.54622,7.54827,2.44,1.00
2015.02.03 16:56:28.172,7.54622,7.54821,1.94,1.00
2015.02.03 16:56:30.354,7.54612,7.54819,1.94,1.00
2015.02.03 16:56:30.657,7.54573,7.54819,1.94,1.00
2015.02.03 16:56:30.708,7.54567,7.54802,2.24,1.00
2015.02.03 16:56:31.012,7.54582,7.54782,1.12,1.00
2015.02.03 16:56:33.274,7.54572,7.54782,1.00,1.00
2015.02.03 16:56:33.325,7.54572,7.54769,1.00,1.00
2015.02.03 16:56:34.078,7.54562,7.54769,1.75,1.00
2015.02.03 16:56:35.527,7.54563,7.54769,1.35,1.00
2015.02.03 16:56:35.831,7.54642,7.54795,1.00,1.00
2015.02.03 16:56:35.881,7.54642,7.54809,1.00,1.00
2015.02.03 16:56:36.413,7.54632,7.54809,1.00,1.00
2015.02.03 16:56:37.326,7.54622,7.54809,1.50,1.00
2015.02.03 16:56:37.624,7.54613,7.54809,1.56,1.00
2015.02.03 16:56:37.788,7.54613,7.54809,1.94,1.00
2015.02.03 16:56:37.940,7.54642,7.5485,1.60,1.00
2015.02.03 16:56:38.156,7.54642,7.54835,1.60,1.00
2015.02.03 16:56:38.208,7.54642,7.54835,1.00,1.00
2015.02.03 16:56:38.488,7.54642,7.54843,1.00,1.00
2015.02.03 16:56:38.539,7.54642,7.54843,1.60,1.00
2015.02.03 16:56:38.869,7.54642,7.54836,1.00,1.00
2015.02.03 16:56:38.926,7.54642,7.54843,1.00,1.00
2015.02.03 16:56:39.045,7.54642,7.54843,1.60,1.00
2015.02.03 16:56:40.696,7.54642,7.54843,1.00,1.00
2015.02.03 16:56:40.798,7.54632,7.54836,1.00,1.00
2015.02.03 16:56:41.931,7.54632,7.5483,1.00,1.00
2015.02.03 16:56:42.033,7.54622,7.5483,1.19,1.00
2015.02.03 16:56:42.399,7.54622,7.5483,1.00,1.00
2015.02.03 16:56:42.546,7.54622,7.54823,1.00,1.00
2015.02.03 16:56:43.946,7.54612,7.54823,1.00,1.00
2015.02.03 16:56:43.997,7.54612,7.54807,1.00,1.00
2015.02.03 16:56:44.049,7.54603,7.54807,1.00,1.00
2015.02.03 16:56:44.151,7.54593,7.54807,1.19,1.00
2015.02.03 16:56:44.657,7.54582,7.54807,1.37,1.00
2015.02.03 16:56:48.197,7.54592,7.54807,1.00,1.00
2015.02.03 16:56:48.619,7.54592,7.54797,1.00,1.00
2015.02.03 16:56:48.806,7.54582,7.54797,1.37,1.00
2015.02.03 16:56:48.958,7.54592,7.54797,1.00,1.00
2015.02.03 16:56:49.116,7.54582,7.54797,1.37,1.00
2015.02.03 16:56:49.334,7.54592,7.54797,1.00,1.00
2015.02.03 16:56:50.141,7.54602,7.54797,1.00,1.00
2015.02.03 16:56:51.916,7.54602,7.54797,1.60,1.00
2015.02.03 16:56:52.118,7.54633,7.54836,1.00,1.00
2015.02.03 16:56:52.169,7.54652,7.54836,1.00,1.00
2015.02.03 16:56:52.270,7.54632,7.54836,2.25,1.00
2015.02.03 16:56:52.372,7.54632,7.54861,2.25,1.00
2015.02.03 16:56:53.708,7.54632,7.54861,1.00,1.00
2015.02.03 16:56:53.759,7.54622,7.54861,1.62,1.00
2015.02.03 16:56:53.809,7.54622,7.54848,1.25,1.00
2015.02.03 16:56:54.147,7.54622,7.54835,1.25,1.00
2015.02.03 16:56:54.943,7.54612,7.54835,1.00,1.00
2015.02.03 16:56:55.696,7.54612,7.54835,1.19,1.00
2015.02.03 16:56:55.900,7.54656,7.54881,1.35,1.00
2015.02.03 16:56:56.405,7.54672,7.54874,1.60,1.00
2015.02.03 16:56:58.282,7.54672,7.54872,1.97,1.00
2015.02.03 16:56:59.396,7.54672,7.54872,1.37,1.00
2015.02.03 16:56:59.549,7.54652,7.5486,1.69,1.00
2015.02.03 16:56:59.600,7.54652,7.54846,1.50,1.00
2015.02.03 16:56:59.651,7.54633,7.54846,1.00,1.00
2015.02.03 16:56:59.752,7.54623,7.54828,1.45,1.00
2015.02.03 16:57:00.173,7.54622,7.54815,2.47,1.00
2015.02.03 16:57:00.421,7.54622,7.54815,1.72,1.00
2015.02.03 16:57:01.357,7.54632,7.54815,1.00,1.00
2015.02.03 16:57:01.687,7.54622,7.54815,1.00,1.00
2015.02.03 16:57:02.373,7.54612,7.54815,1.37,1.00
2015.02.03 16:57:02.871,7.54622,7.54815,1.00,1.00
2015.02.03 16:57:03.174,7.54625,7.54826,1.35,1.00
2015.02.03 16:57:03.477,7.54625,7.54847,1.35,1.00
2015.02.03 16:57:03.579,7.54625,7.54861,1.35,1.00
2015.02.03 16:57:03.680,7.54625,7.54868,1.54,1.00
2015.02.03 16:57:03.781,7.54632,7.54868,2.44,1.00
2015.02.03 16:57:05.355,7.54636,7.54855,1.01,1.00
2015.02.03 16:57:05.406,7.54632,7.54855,1.94,1.00
2015.02.03 16:57:05.536,7.54632,7.54861,1.94,1.00
2015.02.03 16:57:05.586,7.54632,7.54861,1.94,1.00
2015.02.03 16:57:05.790,7.54642,7.54881,2.25,1.00
2015.02.03 16:57:07.539,7.54672,7.54899,1.82,1.00
2015.02.03 16:57:08.285,7.54662,7.54899,2.07,1.00
2015.02.03 16:57:08.727,7.54672,7.54888,1.82,1.00
2015.02.03 16:57:08.913,7.54663,7.54888,1.82,1.00
2015.02.03 16:57:09.065,7.54662,7.54881,2.07,1.00
2015.02.03 16:57:09.116,7.54662,7.54881,2.07,1.00
2015.02.03 16:57:09.168,7.54662,7.54861,1.01,1.00
2015.02.03 16:57:10.773,7.54635,7.54861,1.12,1.00
2015.02.03 16:57:10.824,7.54635,7.54855,1.12,1.00
2015.02.03 16:57:11.077,7.54625,7.54861,2.32,1.00
2015.02.03 16:57:11.279,7.54625,7.54847,2.40,1.00
2015.02.03 16:57:11.372,7.54625,7.54847,2.40,1.00
2015.02.03 16:57:11.524,7.54625,7.54828,1.35,1.00
2015.02.03 16:57:11.974,7.54625,7.54828,1.35,1.00
2015.02.03 16:57:12.075,7.54625,7.54848,1.35,1.00
2015.02.03 16:57:12.126,7.54665,7.54848,2.10,1.00
2015.02.03 16:57:12.177,7.54665,7.54855,2.10,1.00
2015.02.03 16:57:12.278,7.54623,7.54855,1.12,1.00
2015.02.03 16:57:12.379,7.54623,7.54848,1.12,1.00
2015.02.03 16:57:12.606,7.54623,7.54854,1.12,1.00
2015.02.03 16:57:13.377,7.54623,7.54854,1.12,1.00
2015.02.03 16:57:13.565,7.54623,7.54873,1.12,1.00
2015.02.03 16:57:13.616,7.54623,7.54873,1.12,1.00
2015.02.03 16:57:13.718,7.54642,7.54893,1.75,1.00
2015.02.03 16:57:13.819,7.54642,7.54893,1.82,1.00
2015.02.03 16:57:14.021,7.54652,7.54881,1.82,1.00
2015.02.03 16:57:14.324,7.54695,7.54881,1.35,1.00
2015.02.03 16:57:18.008,7.54688,7.54881,1.35,1.00
2015.02.03 16:57:18.109,7.54662,7.54881,1.01,1.00
2015.02.03 16:57:18.211,7.54662,7.54866,1.01,1.00
2015.02.03 16:57:18.515,7.54656,7.54848,1.54,1.00
2015.02.03 16:57:20.295,7.54656,7.54848,1.35,1.00
2015.02.03 16:57:20.498,7.54665,7.54868,1.35,1.00
2015.02.03 16:57:20.651,7.54673,7.54888,1.82,1.00
2015.02.03 16:57:20.841,7.54674,7.54888,1.01,1.00
2015.02.03 16:57:20.942,7.54674,7.5488,1.01,1.00
2015.02.03 16:57:21.043,7.54674,7.5488,1.01,1.00
2015.02.03 16:57:21.505,7.54674,7.5488,1.01,1.00
2015.02.03 16:57:21.607,7.54674,7.5486,1.01,1.00
2015.02.03 16:57:23.245,7.54674,7.54874,1.01,1.00
2015.02.03 16:57:23.823,7.54674,7.54874,1.01,1.00
2015.02.03 16:57:24.076,7.54702,7.54886,1.35,1.00
2015.02.03 16:57:24.127,7.54702,7.54894,1.35,1.00
2015.02.03 16:57:24.617,7.54702,7.54886,1.35,1.00
2015.02.03 16:57:24.836,7.54693,7.54879,1.35,1.00
2015.02.03 16:57:24.937,7.54674,7.54891,1.01,1.00
2015.02.03 16:57:24.988,7.54693,7.54891,1.35,1.00
2015.02.03 16:57:25.336,7.54714,7.54891,1.35,1.00
2015.02.03 16:57:25.604,7.54715,7.54914,1.16,1.00
2015.02.03 16:57:25.706,7.54715,7.54932,1.54,1.00
2015.02.03 16:57:25.910,7.54715,7.54932,1.54,1.00
2015.02.03 16:57:27.861,7.54735,7.54932,1.01,1.00
2015.02.03 16:57:28.617,7.54735,7.54932,1.01,1.00
2015.02.03 16:57:28.921,7.54781,7.54953,1.86,1.00
2015.02.03 16:57:28.972,7.54781,7.54973,1.86,1.00
2015.02.03 16:57:30.775,7.54781,7.54984,1.54,1.00
2015.02.03 16:57:30.927,7.54784,7.54984,1.01,1.00
2015.02.03 16:57:31.079,7.54784,7.54999,1.01,1.00
2015.02.03 16:57:31.181,7.54784,7.55013,1.01,1.00
2015.02.03 16:57:31.232,7.5482,7.55013,1.35,1.00
2015.02.03 16:57:31.535,7.5482,7.55018,1.54,1.00
2015.02.03 16:57:31.853,7.54856,7.55031,1.35,1.00
2015.02.03 16:57:31.966,7.54856,7.55043,1.35,1.00
2015.02.03 16:57:32.542,7.54865,7.55043,1.35,1.00
2015.02.03 16:57:32.644,7.54865,7.55055,1.35,1.00
2015.02.03 16:57:32.947,7.5486,7.55049,1.16,1.00
2015.02.03 16:57:32.998,7.54853,7.55049,1.01,1.00
2015.02.03 16:57:33.150,7.54843,7.55037,1.01,1.00
2015.02.03 16:57:33.453,7.54827,7.5503,1.01,1.00
2015.02.03 16:57:33.504,7.54827,7.55057,1.01,1.00
2015.02.03 16:57:33.656,7.54849,7.55057,1.01,1.00
2015.02.03 16:57:33.707,7.54849,7.55031,1.01,1.00
2015.02.03 16:57:34.011,7.54806,7.55011,1.01,1.00
2015.02.03 16:57:34.213,7.54783,7.54996,1.01,1.00
2015.02.03 16:57:34.264,7.54783,7.54978,1.01,1.00
2015.02.03 16:57:34.572,7.5474,7.54957,1.31,1.00
2015.02.03 16:57:34.892,7.54774,7.54932,1.54,1.00
2015.02.03 16:57:34.943,7.54774,7.54947,1.54,1.00
2015.02.03 16:57:35.045,7.54774,7.54965,1.54,1.00
2015.02.03 16:57:35.146,7.54774,7.54986,1.54,1.00
2015.02.03 16:57:35.248,7.54772,7.54966,1.01,1.00
2015.02.03 16:57:35.553,7.5474,7.54953,1.01,1.00
2015.02.03 16:57:35.604,7.5474,7.54945,1.01,1.00
2015.02.03 16:57:35.655,7.54732,7.54945,1.31,1.00
2015.02.03 16:57:35.706,7.54732,7.54927,1.31,1.00
2015.02.03 16:57:38.504,7.54732,7.54927,1.01,1.00
2015.02.03 16:57:40.425,7.54732,7.54938,1.01,1.00
2015.02.03 16:57:41.091,7.54732,7.54931,1.01,1.00
2015.02.03 16:57:42.634,7.54732,7.54927,1.01,1.00
2015.02.03 16:57:43.099,7.54732,7.54927,1.01,1.00
2015.02.03 16:57:43.987,7.54732,7.54927,1.01,1.00
2015.02.03 16:57:44.290,7.54789,7.54958,1.16,1.00
2015.02.03 16:57:44.391,7.54789,7.54973,1.16,1.00
2015.02.03 16:57:44.921,7.54768,7.54967,1.01,1.00
2015.02.03 16:57:45.028,7.54761,7.54967,1.01,1.00
2015.02.03 16:57:45.180,7.54761,7.54955,1.01,1.00
2015.02.03 16:57:45.231,7.5475,7.54955,1.31,1.00
2015.02.03 16:57:45.281,7.5475,7.54942,1.31,1.00
2015.02.03 16:57:45.404,7.54748,7.54942,1.01,1.00
2015.02.03 16:57:46.385,7.54755,7.54988,1.24,1.00
2015.02.03 16:57:46.436,7.54787,7.54988,1.54,1.00
2015.02.03 16:57:47.005,7.54787,7.54989,1.54,1.00
2015.02.03 16:57:47.351,7.54796,7.54989,1.31,1.00
2015.02.03 16:57:50.330,7.54796,7.54989,1.31,1.00
2015.02.03 16:57:52.320,7.54796,7.54989,1.31,1.00
2015.02.03 16:57:54.353,7.54796,7.54989,1.31,1.00
2015.02.03 16:57:56.333,7.54811,7.54989,1.01,1.00
2015.02.03 16:57:59.214,7.54811,7.54996,1.01,1.00
2015.02.03 16:58:00.887,7.54797,7.54979,1.31,1.00
2015.02.03 16:58:03.065,7.54797,7.54979,1.01,1.00
2015.02.03 16:58:04.164,7.54797,7.54972,1.01,1.00
2015.02.03 16:58:05.057,7.54797,7.54972,1.01,1.00
2015.02.03 16:58:05.265,7.54783,7.54966,1.31,1.00
2015.02.03 16:58:07.163,7.54783,7.54959,1.31,1.00
2015.02.03 16:58:14.213,7.54771,7.54958,1.31,1.00
2015.02.03 16:58:14.556,7.54776,7.54958,1.31,1.00
2015.02.03 16:58:15.875,7.54776,7.54961,1.31,1.00
2015.02.03 16:58:22.282,7.54781,7.54961,1.01,1.00
2015.02.03 16:58:23.134,7.54781,7.54961,1.01,1.00
2015.02.03 16:58:25.123,7.54781,7.54961,1.01,1.00
2015.02.03 16:58:27.103,7.54781,7.54961,1.01,1.00
2015.02.03 16:58:28.517,7.5475,7.54948,1.31,1.00
2015.02.03 16:58:28.619,7.54738,7.54922,1.01,1.00
2015.02.03 16:58:28.720,7.54721,7.54882,1.31,1.00
2015.02.03 16:58:28.872,7.54683,7.54882,1.31,1.00
2015.02.03 16:58:28.923,7.54683,7.54858,1.31,1.00
2015.02.03 16:58:29.190,7.54655,7.54858,1.31,1.00
2015.02.03 16:58:29.241,7.54655,7.54844,1.31,1.00
2015.02.03 16:58:29.595,7.54655,7.54829,1.01,1.00
2015.02.03 16:58:29.646,7.54651,7.54829,1.12,1.00
2015.02.03 16:58:29.696,7.54637,7.54811,1.16,1.00
2015.02.03 16:58:29.747,7.54631,7.54811,1.16,1.00
2015.02.03 16:58:29.798,7.54631,7.54797,1.16,1.00
2015.02.03 16:58:30.154,7.54591,7.54785,1.31,1.00
2015.02.03 16:58:30.362,7.54591,7.54795,1.31,1.00
2015.02.03 16:58:30.565,7.5467,7.54812,2.10,1.00
2015.02.03 16:58:30.717,7.5467,7.54818,2.10,1.00
2015.02.03 16:58:30.768,7.54625,7.54818,1.12,1.00
2015.02.03 16:58:30.819,7.54625,7.54806,1.12,1.00
2015.02.03 16:58:30.971,7.54621,7.54806,1.12,1.00
2015.02.03 16:58:31.155,7.54621,7.54812,1.12,1.00
2015.02.03 16:58:31.713,7.54625,7.54812,1.12,1.00
2015.02.03 16:58:33.123,7.5462,7.54806,1.16,1.00
2015.02.03 16:58:33.174,7.54619,7.54806,1.16,1.00
2015.02.03 16:58:33.225,7.54629,7.54806,1.01,1.00
2015.02.03 16:58:33.326,7.54637,7.54857,1.94,1.00
2015.02.03 16:58:33.428,7.54669,7.54872,1.01,1.00
2015.02.03 16:58:34.193,7.54685,7.54878,1.05,1.00
2015.02.03 16:58:35.212,7.54685,7.54891,1.05,1.00
2015.02.03 16:58:35.430,7.54685,7.54891,1.24,1.00
2015.02.03 16:58:36.926,7.54717,7.54891,2.10,1.00
2015.02.03 16:58:37.078,7.54728,7.54898,1.35,1.00
2015.02.03 16:58:37.180,7.54728,7.5491,1.35,1.00
2015.02.03 16:58:38.088,7.54728,7.54897,1.35,1.00
2015.02.03 16:58:39.898,7.54713,7.54897,1.31,1.00
2015.02.03 16:58:40.050,7.54698,7.54876,1.31,1.00
2015.02.03 16:58:40.253,7.54698,7.54876,1.01,1.00
2015.02.03 16:58:40.809,7.54681,7.54864,1.31,1.00
2015.02.03 16:58:40.910,7.54681,7.54864,1.01,1.00
2015.02.03 16:58:42.470,7.5468,7.54855,1.01,1.00
2015.02.03 16:58:42.941,7.5468,7.54855,1.01,1.00
2015.02.03 16:58:44.944,7.5468,7.54855,1.01,1.00
2015.02.03 16:58:46.947,7.5468,7.54855,1.01,1.00
2015.02.03 16:58:48.383,7.5468,7.54851,1.01,1.00
2015.02.03 16:58:49.189,7.54718,7.54851,1.00,1.00
2015.02.03 16:58:49.240,7.54742,7.54927,1.00,1.19
2015.02.03 16:58:49.493,7.54787,7.54948,1.50,1.19
2015.02.03 16:58:49.594,7.54788,7.54964,1.50,1.00
2015.02.03 16:58:49.797,7.54788,7.54968,1.50,1.00
2015.02.03 16:58:49.898,7.54787,7.54976,1.50,1.00
2015.02.03 16:58:49.949,7.54787,7.55027,1.50,1.00
2015.02.03 16:58:50.051,7.54787,7.55027,2.25,1.00
2015.02.03 16:58:50.414,7.54787,7.55018,2.25,1.00
2015.02.03 16:58:51.083,7.54787,7.55035,2.25,1.00
2015.02.03 16:58:51.184,7.54787,7.55028,1.50,1.00
2015.02.03 16:58:51.294,7.54787,7.55035,1.50,1.00
2015.02.03 16:58:51.395,7.54783,7.55038,1.05,1.00
2015.02.03 16:58:51.921,7.54778,7.55039,3.25,1.00
2015.02.03 16:58:52.581,7.54778,7.55038,3.25,1.00
2015.02.03 16:58:53.232,7.54777,7.55039,2.67,1.00
2015.02.03 16:58:53.825,7.54777,7.55038,1.90,1.00
2015.02.03 16:58:54.312,7.54777,7.55028,2.46,1.00
2015.02.03 16:58:54.694,7.54777,7.55023,1.36,1.00
2015.02.03 16:58:55.017,7.54777,7.55008,1.36,1.00
2015.02.03 16:58:55.956,7.54777,7.55007,1.87,1.00
2015.02.03 16:58:56.272,7.54773,7.54976,1.93,1.00
2015.02.03 16:58:57.074,7.54773,7.54978,1.93,1.00
2015.02.03 16:58:57.767,7.54773,7.54978,1.72,1.00
2015.02.03 16:58:58.221,7.54773,7.54981,1.72,1.00
2015.02.03 16:58:59.162,7.54773,7.54977,1.72,1.00
2015.02.03 16:59:01.287,7.54773,7.54981,1.90,1.00
2015.02.03 16:59:02.111,7.54773,7.54977,1.90,1.00
2015.02.03 16:59:02.692,7.54777,7.54978,1.46,1.00
2015.02.03 16:59:03.048,7.54777,7.54968,1.46,1.00
2015.02.03 16:59:03.149,7.54743,7.54968,1.00,1.00
2015.02.03 16:59:03.403,7.54743,7.54947,1.75,1.00
2015.02.03 16:59:03.707,7.54862,7.54947,1.18,1.00
2015.02.03 16:59:03.757,7.54832,7.54947,1.36,1.00
2015.02.03 16:59:04.396,7.54832,7.54958,1.36,1.00
2015.02.03 16:59:04.548,7.54768,7.54958,2.11,1.00
2015.02.03 16:59:04.649,7.54768,7.54978,2.11,1.00
2015.02.03 16:59:04.838,7.54744,7.54978,1.00,1.00
2015.02.03 16:59:04.990,7.54719,7.54978,2.47,1.00
2015.02.03 16:59:05.903,7.54719,7.54968,2.10,1.00
2015.02.03 16:59:06.173,7.54692,7.54968,1.49,1.50
2015.02.03 16:59:06.224,7.54672,7.54955,2.24,1.00
2015.02.03 16:59:06.527,7.54659,7.54928,1.54,1.00
2015.02.03 16:59:06.584,7.54659,7.54937,1.54,1.00
2015.02.03 16:59:06.974,7.54659,7.54935,1.54,1.00
2015.02.03 16:59:07.395,7.54659,7.54946,1.54,1.00
2015.02.03 16:59:07.807,7.54659,7.54946,1.54,1.00
2015.02.03 16:59:07.858,7.54659,7.5494,1.54,1.00
2015.02.03 16:59:09.132,7.54659,7.5494,1.54,1.00
2015.02.03 16:59:09.183,7.54659,7.54933,1.54,1.00
2015.02.03 16:59:09.619,7.54659,7.54927,1.54,1.00
2015.02.03 16:59:14.543,7.54652,7.54927,1.35,1.00
2015.02.03 16:59:16.324,7.54652,7.54915,1.35,1.00
2015.02.03 16:59:16.434,7.54652,7.54924,1.35,1.00
2015.02.03 16:59:16.485,7.54659,7.54924,1.35,1.00
2015.02.03 16:59:16.688,7.54659,7.54973,1.54,1.00
2015.02.03 16:59:16.933,7.54659,7.54957,1.54,1.00
2015.02.03 16:59:19.793,7.54659,7.54957,1.54,1.75
2015.02.03 16:59:19.895,7.54658,7.54937,1.16,1.12
2015.02.03 16:59:19.946,7.54653,7.54937,1.35,1.12
2015.02.03 16:59:19.997,7.54653,7.54915,1.35,1.00
2015.02.03 16:59:20.098,7.54641,7.54917,1.16,1.00
2015.02.03 16:59:20.393,7.54641,7.54906,1.16,1.00
2015.02.03 16:59:21.173,7.5465,7.54916,1.35,1.00
2015.02.03 16:59:22.270,7.54655,7.54916,1.16,1.00
2015.02.03 16:59:22.603,7.54659,7.54916,1.54,1.00
2015.02.03 16:59:22.915,7.54661,7.54955,1.01,1.00
2015.02.03 16:59:23.158,7.54661,7.54962,1.01,1.00
2015.02.03 16:59:23.726,7.54661,7.54956,1.01,1.00
2015.02.03 16:59:24.186,7.54661,7.54948,1.01,1.00
2015.02.03 16:59:24.794,7.54661,7.54948,1.01,1.00
2015.02.03 16:59:24.845,7.54654,7.54948,1.31,1.75
2015.02.03 16:59:25.155,7.54635,7.54915,1.01,1.00
2015.02.03 16:59:26.991,7.54635,7.54915,1.01,1.00
2015.02.03 16:59:27.463,7.54635,7.54904,1.01,1.00
2015.02.03 16:59:28.153,7.54635,7.54898,1.01,1.00
2015.02.03 16:59:29.072,7.54609,7.54898,1.01,1.00
2015.02.03 16:59:29.364,7.54609,7.54878,1.01,1.00
2015.02.03 16:59:29.415,7.54609,7.54878,1.01,1.00
2015.02.03 16:59:29.517,7.54609,7.54878,1.01,1.00
2015.02.03 16:59:29.619,7.54609,7.54867,1.01,1.00
2015.02.03 16:59:29.693,7.54609,7.54878,1.01,1.00
2015.02.03 16:59:30.059,7.54609,7.54888,1.01,1.50
2015.02.03 16:59:30.161,7.54609,7.54896,1.01,1.00
2015.02.03 16:59:30.262,7.54651,7.54896,2.10,1.00
2015.02.03 16:59:30.364,7.54671,7.54915,1.30,1.00
2015.02.03 16:59:30.584,7.54671,7.54919,1.30,1.00
2015.02.03 16:59:30.687,7.54671,7.54917,1.30,1.00
2015.02.03 16:59:31.351,7.54674,7.54917,2.10,1.00
2015.02.03 16:59:31.555,7.54627,7.54928,1.01,1.00
2015.02.03 16:59:31.764,7.54682,7.54916,1.16,1.00
2015.02.03 16:59:31.916,7.54671,7.54916,1.35,1.00
2015.02.03 16:59:31.973,7.54671,7.54923,1.35,1.00
2015.02.03 16:59:32.024,7.54671,7.54918,1.35,1.00
2015.02.03 16:59:32.537,7.54671,7.54917,1.35,1.00
2015.02.03 16:59:32.863,7.54661,7.54877,2.10,1.00
2015.02.03 16:59:33.116,7.54613,7.54868,1.12,1.00
2015.02.03 16:59:33.218,7.54613,7.54858,1.12,1.00
2015.02.03 16:59:33.269,7.54602,7.54858,1.12,1.00
2015.02.03 16:59:35.433,7.54596,7.54862,1.12,1.00
2015.02.03 16:59:35.524,7.54596,7.54857,1.12,1.00
2015.02.03 16:59:35.763,7.54596,7.54862,1.12,1.00
2015.02.03 16:59:36.453,7.54595,7.54862,1.75,1.00
2015.02.03 16:59:36.554,7.54595,7.54858,1.75,1.00
2015.02.03 16:59:36.857,7.5459,7.54828,1.35,1.00
2015.02.03 16:59:37.003,7.5458,7.54828,1.05,1.00
2015.02.03 16:59:37.394,7.5458,7.54818,1.05,1.00
2015.02.03 16:59:38.073,7.5459,7.54818,1.35,1.00
2015.02.03 16:59:38.165,7.5459,7.54838,1.35,1.00
2015.02.03 16:59:38.419,7.5459,7.5485,1.35,1.00
2015.02.03 16:59:38.470,7.5459,7.54856,1.35,1.00
2015.02.03 16:59:38.603,7.5459,7.54848,1.35,1.00
2015.02.03 16:59:38.973,7.5459,7.54848,1.35,1.00
2015.02.03 16:59:39.277,7.5459,7.54828,1.35,1.00
2015.02.03 16:59:39.673,7.5459,7.54828,2.02,1.00
2015.02.03 16:59:39.724,7.5459,7.54838,2.02,1.00
2015.02.03 16:59:40.009,7.5459,7.54846,2.02,1.00
2015.02.03 16:59:40.332,7.54605,7.54848,1.12,1.00
2015.02.03 16:59:40.728,7.54605,7.54838,1.12,1.00
2015.02.03 16:59:42.233,7.54605,7.54848,1.12,1.50
2015.02.03 16:59:42.912,7.54605,7.54838,1.12,1.00
2015.02.03 16:59:44.952,7.5459,7.54838,1.67,1.00
2015.02.03 16:59:45.138,7.5459,7.54828,1.67,1.00
2015.02.03 16:59:48.312,7.54568,7.54807,1.95,1.00
2015.02.03 16:59:48.414,7.54568,7.54818,1.95,1.00
2015.02.03 16:59:48.465,7.54568,7.54818,1.27,1.00
2015.02.03 16:59:48.859,7.54567,7.54828,1.87,1.00
2015.02.03 16:59:48.960,7.54568,7.54838,1.87,1.00
2015.02.03 16:59:49.011,7.54573,7.54838,1.35,1.00
2015.02.03 16:59:49.353,7.54573,7.54823,1.35,1.00
2015.02.03 16:59:49.456,7.54567,7.54808,1.87,1.00
2015.02.03 16:59:49.823,7.54567,7.54818,1.87,1.00
2015.02.03 16:59:50.565,7.54567,7.54817,1.87,1.00
2015.02.03 16:59:51.363,7.54567,7.54808,1.87,1.00
2015.02.03 16:59:51.605,7.54567,7.54817,1.87,1.00
2015.02.03 16:59:52.122,7.54568,7.54818,1.27,1.00
2015.02.03 16:59:52.372,7.54568,7.54808,1.27,1.00
2015.02.03 16:59:53.783,7.54567,7.54816,1.27,1.00
2015.02.03 16:59:54.106,7.54567,7.54795,1.27,1.00
2015.02.03 16:59:54.410,7.54567,7.54767,1.20,1.00
2015.02.03 16:59:54.556,7.54567,7.54788,1.20,1.00
2015.02.03 16:59:56.312,7.54567,7.54795,1.20,1.00
2015.02.03 16:59:58.223,7.54567,7.54778,1.20,1.00
2015.02.03 16:59:58.615,7.54567,7.54754,1.20,1.00
2015.02.03 16:59:58.953,7.54567,7.54735,1.20,1.00
2015.02.03 16:59:59.267,7.54467,7.54728,1.12,1.00
2015.02.03 16:59:59.318,7.54467,7.54735,1.12,1.00
2015.02.03 16:59:59.369,7.54467,7.54738,1.12,1.00
