2011.06.02 01:00:03.660,5.43157,5.43377,1.50,1.35
2011.06.02 01:00:04.760,5.43161,5.43377,1.50,1.35
2011.06.02 01:00:05.348,5.43161,5.43377,1.50,1.35
2011.06.02 01:00:05.467,5.43179,5.43406,1.50,1.50
2011.06.02 01:00:06.960,5.43189,5.43414,1.50,1.35
2011.06.02 01:00:07.070,5.43188,5.4341,1.50,1.50
2011.06.02 01:00:07.179,5.43182,5.4341,1.50,1.50
2011.06.02 01:00:07.998,5.43181,5.43409,1.50,1.50
2011.06.02 01:00:09.320,5.43178,5.434,1.50,1.50
2011.06.02 01:00:09.429,5.43157,5.434,1.50,1.72
2011.06.02 01:00:09.760,5.43157,5.43386,1.50,1.50
2011.06.02 01:00:10.090,5.43157,5.43386,1.50,1.50
2011.06.02 01:00:11.753,5.43148,5.43386,1.50,1.50
2011.06.02 01:00:12.611,5.43148,5.43383,1.50,1.50
2011.06.02 01:00:16.520,5.43156,5.43383,1.50,1.50
2011.06.02 01:00:16.741,5.43148,5.43383,1.50,1.50
2011.06.02 01:00:19.161,5.43156,5.43383,1.50,1.50
2011.06.02 01:00:21.421,5.43147,5.43383,2.10,1.50
2011.06.02 01:00:21.640,5.43147,5.43383,2.10,1.50
2011.06.02 01:00:22.149,5.43154,5.43383,1.50,1.50
2011.06.02 01:00:25.250,5.43156,5.43401,1.50,1.50
2011.06.02 01:00:25.359,5.43155,5.43401,1.50,1.50
2011.06.02 01:00:25.470,5.43147,5.43383,2.10,1.50
2011.06.02 01:00:25.581,5.43147,5.43383,2.10,1.72
2011.06.02 01:00:28.461,5.43137,5.43367,1.50,1.50
2011.06.02 01:00:29.204,5.43127,5.43359,1.50,1.50
2011.06.02 01:00:29.532,5.43111,5.43339,1.50,1.50
2011.06.02 01:00:30.441,5.43105,5.43331,1.35,1.50
2011.06.02 01:00:30.552,5.43103,5.43331,1.50,1.50
2011.06.02 01:00:31.080,5.43098,5.4333,1.50,1.50
2011.06.02 01:00:31.190,5.43101,5.4333,1.50,1.50
2011.06.02 01:00:31.910,5.43097,5.4333,1.50,1.50
2011.06.02 01:00:32.020,5.43097,5.43331,1.50,1.50
2011.06.02 01:00:32.350,5.43097,5.43327,1.50,1.50
2011.06.02 01:00:32.860,5.43097,5.43327,1.50,1.50
2011.06.02 01:00:33.799,5.43084,5.43313,1.50,1.50
2011.06.02 01:00:34.132,5.43077,5.43303,1.50,1.35
2011.06.02 01:00:34.717,5.4307,5.43301,1.50,1.50
2011.06.02 01:00:34.835,5.43097,5.43339,1.50,1.50
2011.06.02 01:00:35.839,5.4311,5.43339,1.50,1.50
2011.06.02 01:00:35.948,5.43114,5.43343,1.50,1.72
2011.06.02 01:00:36.314,5.43107,5.43339,1.50,1.50
2011.06.02 01:00:36.430,5.43107,5.43339,1.50,1.50
2011.06.02 01:00:39.158,5.43102,5.43339,1.50,1.50
2011.06.02 01:00:39.380,5.43107,5.43339,1.50,1.50
2011.06.02 01:00:39.489,5.43111,5.43329,1.50,1.50
2011.06.02 01:00:41.419,5.43107,5.43339,1.50,1.50
2011.06.02 01:00:42.110,5.43068,5.43299,1.50,1.50
2011.06.02 01:00:43.200,5.43089,5.43308,1.50,1.35
2011.06.02 01:00:43.530,5.43088,5.43308,1.50,1.35
2011.06.02 01:00:43.861,5.43067,5.43298,1.50,1.50
2011.06.02 01:00:44.385,5.43071,5.43298,1.50,1.50
2011.06.02 01:00:44.503,5.43068,5.43298,1.50,1.50
2011.06.02 01:00:44.890,5.43071,5.43298,1.50,1.50
2011.06.02 01:00:45.972,5.43068,5.43298,1.50,1.50
2011.06.02 01:00:49.871,5.43058,5.43287,1.50,1.50
2011.06.02 01:00:50.090,5.43068,5.43298,1.50,1.50
2011.06.02 01:00:50.640,5.4307,5.43298,1.50,1.50
2011.06.02 01:00:50.859,5.43068,5.43298,1.50,1.50
2011.06.02 01:00:51.950,5.4307,5.433,1.50,1.50
2011.06.02 01:00:53.649,5.43073,5.433,1.50,1.50
2011.06.02 01:00:54.550,5.43067,5.43299,1.50,1.50
2011.06.02 01:00:54.668,5.43067,5.43299,1.50,1.50
2011.06.02 01:00:55.150,5.43071,5.43299,1.50,1.50
2011.06.02 01:00:57.089,5.43063,5.43292,1.50,1.50
2011.06.02 01:00:57.611,5.43063,5.43291,1.50,1.50
2011.06.02 01:00:58.348,5.43063,5.43291,1.50,1.50
2011.06.02 01:00:58.821,5.43063,5.43291,1.50,1.50
2011.06.02 01:00:59.989,5.43063,5.43291,1.50,1.50
2011.06.02 01:01:00.470,5.43059,5.43287,1.50,1.50
2011.06.02 01:01:03.149,5.43059,5.43287,1.50,1.50
2011.06.02 01:01:03.371,5.43058,5.43286,1.50,1.50
2011.06.02 01:01:03.721,5.43057,5.43286,1.50,1.50
2011.06.02 01:01:05.931,5.43051,5.43279,1.50,1.50
2011.06.02 01:01:06.920,5.43051,5.43279,1.50,1.50
2011.06.02 01:01:07.521,5.43051,5.43279,1.50,1.50
2011.06.02 01:01:08.321,5.43061,5.43286,1.50,1.35
2011.06.02 01:01:08.430,5.43061,5.43286,1.50,1.35
2011.06.02 01:01:09.140,5.43064,5.43286,1.50,1.35
2011.06.02 01:01:09.383,5.43064,5.43286,1.50,1.35
2011.06.02 01:01:09.884,5.43064,5.43286,1.50,1.35
2011.06.02 01:01:10.221,5.43091,5.43319,1.50,1.50
2011.06.02 01:01:10.331,5.43069,5.43319,1.50,1.72
2011.06.02 01:01:10.441,5.43063,5.43291,1.50,1.50
2011.06.02 01:01:10.769,5.43063,5.43291,1.50,1.50
2011.06.02 01:01:10.880,5.43065,5.43293,1.50,1.50
2011.06.02 01:01:13.120,5.43092,5.43296,1.50,1.50
2011.06.02 01:01:13.848,5.43131,5.43364,1.50,1.50
2011.06.02 01:01:14.520,5.43131,5.4336,1.50,1.50
2011.06.02 01:01:15.470,5.43127,5.4336,1.50,1.50
2011.06.02 01:01:16.019,5.4313,5.43357,1.50,1.50
2011.06.02 01:01:16.240,5.43145,5.43365,1.50,1.35
2011.06.02 01:01:18.011,5.43135,5.43363,1.50,1.50
2011.06.02 01:01:20.239,5.43135,5.43363,1.50,1.72
2011.06.02 01:01:20.979,5.43129,5.43357,1.50,1.50
2011.06.02 01:01:21.093,5.43129,5.43357,1.50,1.50
2011.06.02 01:01:21.581,5.43131,5.43359,1.50,1.50
2011.06.02 01:01:21.800,5.43134,5.43363,1.50,1.50
2011.06.02 01:01:24.661,5.43149,5.43365,1.50,1.35
2011.06.02 01:01:24.989,5.43149,5.43365,1.50,1.35
2011.06.02 01:01:25.112,5.43149,5.43365,1.50,1.35
2011.06.02 01:01:27.239,5.43149,5.43365,1.50,1.35
2011.06.02 01:01:27.422,5.43149,5.43365,1.50,1.35
2011.06.02 01:01:27.530,5.43149,5.43365,1.50,1.35
2011.06.02 01:01:27.870,5.43136,5.43363,1.50,1.50
2011.06.02 01:01:27.979,5.43148,5.43363,1.50,1.50
2011.06.02 01:01:28.091,5.43148,5.43365,1.50,1.35
2011.06.02 01:01:29.719,5.43148,5.43376,1.50,1.50
2011.06.02 01:01:29.829,5.43159,5.43387,1.50,1.50
2011.06.02 01:01:29.941,5.43164,5.43395,1.50,1.35
2011.06.02 01:01:31.310,5.43164,5.43395,1.50,1.35
2011.06.02 01:01:31.534,5.43155,5.43382,1.50,1.50
2011.06.02 01:01:31.756,5.43155,5.43377,1.50,1.50
2011.06.02 01:01:32.367,5.43138,5.43364,1.50,1.50
2011.06.02 01:01:32.487,5.43118,5.4336,1.50,1.50
2011.06.02 01:01:32.600,5.43108,5.43359,1.50,1.72
2011.06.02 01:01:33.969,5.43109,5.43364,1.50,1.72
2011.06.02 01:01:34.078,5.43109,5.43364,1.50,1.72
2011.06.02 01:01:34.191,5.43128,5.4336,1.50,1.50
2011.06.02 01:01:34.409,5.43128,5.4336,1.50,1.50
2011.06.02 01:01:35.323,5.43128,5.4336,1.50,1.50
2011.06.02 01:01:35.813,5.43127,5.43357,1.50,1.50
2011.06.02 01:01:36.630,5.43118,5.43347,1.50,1.50
2011.06.02 01:01:36.740,5.43118,5.43347,1.50,1.50
2011.06.02 01:01:37.558,5.43118,5.43347,1.50,1.50
2011.06.02 01:01:38.663,5.43118,5.43347,1.50,1.50
2011.06.02 01:01:38.770,5.43127,5.43363,1.50,1.72
2011.06.02 01:01:38.989,5.43128,5.4336,1.50,1.50
2011.06.02 01:01:40.536,5.43128,5.4336,1.50,1.50
2011.06.02 01:01:40.651,5.43144,5.43369,1.50,1.35
2011.06.02 01:01:40.813,5.43144,5.43369,1.50,1.35
2011.06.02 01:01:42.298,5.43145,5.43369,1.50,1.35
2011.06.02 01:01:42.408,5.43145,5.43369,1.50,1.35
2011.06.02 01:01:42.519,5.43126,5.43369,1.50,1.35
2011.06.02 01:01:42.849,5.43111,5.43339,1.50,1.50
2011.06.02 01:01:43.179,5.43109,5.43336,1.50,1.50
2011.06.02 01:01:43.968,5.4311,5.43338,1.50,1.50
2011.06.02 01:01:44.075,5.43108,5.43337,1.50,1.50
2011.06.02 01:01:46.091,5.43108,5.43337,1.50,1.50
2011.06.02 01:01:46.308,5.43108,5.43337,1.50,1.50
2011.06.02 01:01:46.750,5.43104,5.43337,1.50,1.50
2011.06.02 01:01:47.189,5.43104,5.43333,1.50,1.50
2011.06.02 01:01:47.409,5.43108,5.43337,1.50,1.50
2011.06.02 01:01:52.749,5.4307,5.43316,1.50,1.35
2011.06.02 01:01:52.858,5.4307,5.43316,1.50,1.35
2011.06.02 01:01:52.974,5.43071,5.43301,1.50,1.50
2011.06.02 01:01:53.310,5.43067,5.43295,1.50,1.50
2011.06.02 01:01:54.492,5.43019,5.43271,1.50,1.50
2011.06.02 01:01:54.711,5.43014,5.43251,1.50,1.50
2011.06.02 01:01:55.480,5.43017,5.43251,1.50,1.50
2011.06.02 01:01:55.587,5.43017,5.43251,1.50,1.50
2011.06.02 01:01:55.698,5.43029,5.43264,1.50,1.35
2011.06.02 01:01:55.807,5.43029,5.43264,1.50,1.35
2011.06.02 01:01:56.137,5.43045,5.43264,1.50,1.35
2011.06.02 01:01:56.689,5.43042,5.43264,1.50,1.35
2011.06.02 01:01:58.590,5.43044,5.43264,1.50,1.35
2011.06.02 01:01:59.078,5.43007,5.43214,1.29,1.35
2011.06.02 01:01:59.189,5.42967,5.43214,1.50,1.57
2011.06.02 01:01:59.299,5.42967,5.43214,1.50,1.57
2011.06.02 01:01:59.410,5.42958,5.43172,1.29,1.50
2011.06.02 01:01:59.518,5.42945,5.43172,1.50,1.50
2011.06.02 01:01:59.630,5.42945,5.43172,1.50,1.72
2011.06.02 01:01:59.853,5.4293,5.43157,1.50,1.50
2011.06.02 01:02:00.291,5.42929,5.43157,1.50,1.50
2011.06.02 01:02:00.399,5.42927,5.43155,1.50,1.50
2011.06.02 01:02:00.730,5.42921,5.4315,1.50,1.50
2011.06.02 01:02:01.409,5.42923,5.43151,1.50,1.50
2011.06.02 01:02:01.529,5.42958,5.43177,1.50,1.35
2011.06.02 01:02:01.751,5.42935,5.43165,1.50,1.50
2011.06.02 01:02:01.970,5.42937,5.43165,1.50,1.50
2011.06.02 01:02:02.191,5.4295,5.43165,1.50,1.50
2011.06.02 01:02:02.957,5.42953,5.43177,1.50,2.10
2011.06.02 01:02:03.073,5.42953,5.43177,1.50,2.10
2011.06.02 01:02:03.679,5.42953,5.43177,1.50,1.35
2011.06.02 01:02:04.369,5.42944,5.43177,1.50,1.57
2011.06.02 01:02:04.811,5.42928,5.43156,1.50,1.50
2011.06.02 01:02:06.780,5.42928,5.43156,1.50,1.50
2011.06.02 01:02:07.109,5.42928,5.43156,1.50,1.50
2011.06.02 01:02:07.490,5.42928,5.43156,1.50,1.50
2011.06.02 01:02:07.600,5.42938,5.43167,1.50,1.50
2011.06.02 01:02:08.649,5.42953,5.43167,1.50,1.50
2011.06.02 01:02:09.779,5.42964,5.43177,1.50,1.35
2011.06.02 01:02:10.001,5.42969,5.43196,1.50,1.50
2011.06.02 01:02:10.218,5.42956,5.43184,1.50,1.50
2011.06.02 01:02:10.441,5.42978,5.43209,1.50,1.72
2011.06.02 01:02:11.073,5.42968,5.4321,1.50,1.57
2011.06.02 01:02:11.190,5.42991,5.4321,1.50,1.35
2011.06.02 01:02:11.301,5.42991,5.4321,1.50,1.35
2011.06.02 01:02:11.612,5.42991,5.4321,1.50,1.35
2011.06.02 01:02:11.918,5.42991,5.4321,1.50,1.35
2011.06.02 01:02:12.030,5.42974,5.43202,1.50,1.50
2011.06.02 01:02:12.248,5.42981,5.4321,1.50,2.10
2011.06.02 01:02:12.469,5.42975,5.43202,1.50,1.50
2011.06.02 01:02:12.579,5.42975,5.43202,1.50,1.50
2011.06.02 01:02:12.689,5.42954,5.43193,1.50,1.50
2011.06.02 01:02:13.020,5.42945,5.43172,1.50,1.50
2011.06.02 01:02:13.349,5.42936,5.43164,1.50,1.50
2011.06.02 01:02:13.458,5.42936,5.43164,1.50,1.50
2011.06.02 01:02:13.568,5.42935,5.43163,1.50,1.50
2011.06.02 01:02:13.790,5.42935,5.43163,1.50,1.50
2011.06.02 01:02:14.681,5.42919,5.43163,1.50,1.72
2011.06.02 01:02:14.794,5.42911,5.43139,1.50,1.50
2011.06.02 01:02:14.908,5.42913,5.4314,1.50,1.50
2011.06.02 01:02:15.130,5.42919,5.43141,1.50,1.50
2011.06.02 01:02:15.352,5.42953,5.43181,1.50,1.50
2011.06.02 01:02:15.682,5.42957,5.43185,1.50,1.50
2011.06.02 01:02:16.228,5.42955,5.43184,1.50,1.50
2011.06.02 01:02:16.671,5.42953,5.43184,1.50,1.50
2011.06.02 01:02:17.049,5.42953,5.43159,1.50,1.50
2011.06.02 01:02:17.158,5.4292,5.43145,1.50,1.50
2011.06.02 01:02:17.268,5.4292,5.43148,1.50,1.50
2011.06.02 01:02:19.223,5.4292,5.43148,1.50,1.50
2011.06.02 01:02:19.342,5.4292,5.43148,1.50,1.50
2011.06.02 01:02:26.869,5.4292,5.43148,1.50,1.50
2011.06.02 01:02:26.979,5.42911,5.43148,1.50,1.50
2011.06.02 01:02:27.199,5.42911,5.43138,1.50,1.50
2011.06.02 01:02:27.421,5.42907,5.43135,1.50,1.50
2011.06.02 01:02:27.807,5.42905,5.43133,1.50,1.50
2011.06.02 01:02:27.920,5.42905,5.43133,1.50,1.50
2011.06.02 01:02:28.470,5.42914,5.43133,1.50,1.50
2011.06.02 01:02:28.908,5.42905,5.43133,1.50,1.50
2011.06.02 01:02:29.419,5.42905,5.43133,1.50,1.50
2011.06.02 01:02:29.530,5.42889,5.43115,1.35,1.50
2011.06.02 01:02:29.859,5.42889,5.43115,1.35,1.50
2011.06.02 01:02:29.970,5.42896,5.43124,1.50,1.50
2011.06.02 01:02:32.302,5.42889,5.43124,2.10,1.50
2011.06.02 01:02:32.743,5.42885,5.43109,1.50,1.35
2011.06.02 01:02:32.960,5.4288,5.43109,1.50,1.35
2011.06.02 01:02:33.401,5.42882,5.43105,1.50,1.50
2011.06.02 01:02:33.620,5.42882,5.43105,1.50,1.50
2011.06.02 01:02:33.950,5.42878,5.43105,1.50,1.50
2011.06.02 01:02:34.971,5.42878,5.43105,1.50,1.50
2011.06.02 01:02:35.441,5.42878,5.43105,1.50,1.50
2011.06.02 01:02:35.550,5.42882,5.43109,1.50,2.10
2011.06.02 01:02:37.070,5.42893,5.43109,1.50,2.10
2011.06.02 01:02:37.178,5.42885,5.43109,1.50,1.35
2011.06.02 01:02:37.619,5.42889,5.43109,1.50,2.10
2011.06.02 01:02:37.731,5.42889,5.43109,1.50,1.35
2011.06.02 01:02:37.839,5.42891,5.43109,1.50,1.35
2011.06.02 01:02:38.278,5.42891,5.43109,1.50,1.35
2011.06.02 01:02:38.388,5.42903,5.43109,1.50,1.35
2011.06.02 01:02:38.830,5.42915,5.43121,1.50,1.35
2011.06.02 01:02:39.051,5.42915,5.43121,1.50,1.35
2011.06.02 01:02:39.390,5.42918,5.43122,1.50,1.35
2011.06.02 01:02:39.609,5.42918,5.43122,1.50,1.35
2011.06.02 01:02:40.038,5.42918,5.43122,1.50,1.35
2011.06.02 01:02:41.849,5.42916,5.4312,1.50,1.35
2011.06.02 01:02:41.958,5.42916,5.4312,1.50,1.35
2011.06.02 01:02:43.032,5.42899,5.43109,1.50,1.35
2011.06.02 01:02:43.140,5.42899,5.43109,1.50,1.35
2011.06.02 01:02:43.923,5.42896,5.43109,1.50,1.35
2011.06.02 01:02:44.040,5.42879,5.43108,1.50,1.50
2011.06.02 01:02:44.371,5.42898,5.43109,1.50,1.35
2011.06.02 01:02:46.918,5.429,5.43127,1.50,1.50
2011.06.02 01:02:47.139,5.429,5.43129,1.50,1.50
2011.06.02 01:02:48.060,5.429,5.43129,1.50,1.50
2011.06.02 01:02:49.029,5.42899,5.43126,1.50,1.50
2011.06.02 01:02:49.750,5.42896,5.43125,1.50,1.50
2011.06.02 01:02:50.860,5.42899,5.43126,1.50,1.50
2011.06.02 01:02:53.550,5.42899,5.43126,1.50,1.50
2011.06.02 01:02:53.661,5.42898,5.43141,1.50,1.50
2011.06.02 01:02:53.991,5.42916,5.43144,1.50,1.50
2011.06.02 01:02:54.208,5.42918,5.43145,1.50,1.50
2011.06.02 01:02:54.429,5.4292,5.43147,1.50,2.10
2011.06.02 01:02:54.651,5.4292,5.43147,1.50,2.10
2011.06.02 01:02:54.820,5.4292,5.43147,1.50,2.10
2011.06.02 01:02:55.180,5.4292,5.43147,1.50,2.10
2011.06.02 01:02:55.834,5.42938,5.43147,1.50,1.35
2011.06.02 01:02:56.059,5.42938,5.43147,1.50,1.35
2011.06.02 01:02:56.302,5.42938,5.43147,1.50,1.35
2011.06.02 01:02:56.411,5.42938,5.43147,1.50,1.35
2011.06.02 01:02:56.821,5.42938,5.43147,1.50,1.35
2011.06.02 01:02:56.930,5.42954,5.43167,1.50,1.50
2011.06.02 01:02:58.598,5.42956,5.43183,1.50,1.50
2011.06.02 01:02:59.039,5.42956,5.43183,1.50,1.50
2011.06.02 01:02:59.259,5.42953,5.43183,1.50,1.50
2011.06.02 01:02:59.479,5.42953,5.43182,1.50,1.50
2011.06.02 01:02:59.810,5.42953,5.43182,1.50,1.50
2011.06.02 01:03:00.139,5.42942,5.43171,1.50,1.50
2011.06.02 01:03:00.778,5.42945,5.43172,1.50,1.72
2011.06.02 01:03:00.897,5.42934,5.43163,1.50,1.50
2011.06.02 01:03:01.010,5.42933,5.43163,1.50,1.50
2011.06.02 01:03:01.378,5.42935,5.43163,1.50,1.50
2011.06.02 01:03:02.879,5.42936,5.43163,1.50,1.50
2011.06.02 01:03:03.760,5.42939,5.43164,1.50,1.50
2011.06.02 01:03:03.981,5.42952,5.43179,1.50,1.50
2011.06.02 01:03:04.639,5.42953,5.43181,1.50,1.50
2011.06.02 01:03:06.369,5.42943,5.4317,1.50,1.50
2011.06.02 01:03:06.478,5.42943,5.4317,1.50,1.50
2011.06.02 01:03:06.590,5.42935,5.43162,1.50,1.50
2011.06.02 01:03:06.813,5.42933,5.43146,1.50,1.35
2011.06.02 01:03:06.920,5.42933,5.43146,1.50,1.57
2011.06.02 01:03:07.029,5.42894,5.43126,1.50,1.50
2011.06.02 01:03:07.252,5.42895,5.43122,1.50,1.72
2011.06.02 01:03:07.361,5.42881,5.43107,1.50,1.50
2011.06.02 01:03:07.694,5.4286,5.43089,1.50,1.50
2011.06.02 01:03:08.031,5.4288,5.43108,1.50,1.72
2011.06.02 01:03:08.140,5.4288,5.43108,1.50,1.72
2011.06.02 01:03:08.249,5.4288,5.43108,1.50,1.72
2011.06.02 01:03:08.799,5.42879,5.43109,1.50,1.50
2011.06.02 01:03:08.911,5.42885,5.43113,1.50,2.10
2011.06.02 01:03:09.128,5.42887,5.43113,1.50,1.35
2011.06.02 01:03:09.568,5.42887,5.43113,1.50,1.35
2011.06.02 01:03:09.789,5.42889,5.43113,1.50,1.35
2011.06.02 01:03:10.753,5.42894,5.43113,1.50,1.35
2011.06.02 01:03:11.268,5.42888,5.43113,1.50,1.35
2011.06.02 01:03:11.379,5.42881,5.43113,1.50,1.35
2011.06.02 01:03:11.489,5.42883,5.4311,1.50,1.50
2011.06.02 01:03:11.708,5.42886,5.43113,1.50,2.10
2011.06.02 01:03:12.890,5.42886,5.43113,1.50,2.10
2011.06.02 01:03:13.160,5.42889,5.43113,1.50,2.10
2011.06.02 01:03:13.707,5.42892,5.43113,1.50,1.35
2011.06.02 01:03:15.439,5.42896,5.43107,1.50,1.50
2011.06.02 01:03:15.548,5.4288,5.43107,1.50,1.50
2011.06.02 01:03:15.660,5.42859,5.43096,1.50,1.50
2011.06.02 01:03:16.275,5.42858,5.43096,1.50,1.50
2011.06.02 01:03:17.309,5.42858,5.43087,1.50,1.50
2011.06.02 01:03:18.401,5.42862,5.43083,1.50,1.50
2011.06.02 01:03:18.620,5.42855,5.43083,1.50,1.50
2011.06.02 01:03:18.953,5.42863,5.43095,1.50,1.72
2011.06.02 01:03:19.073,5.42863,5.4308,1.50,1.50
2011.06.02 01:03:19.400,5.42851,5.4308,1.50,1.50
2011.06.02 01:03:21.129,5.42862,5.43095,1.50,1.50
2011.06.02 01:03:21.816,5.42867,5.43095,1.50,1.50
2011.06.02 01:03:21.932,5.42867,5.43095,1.50,1.50
2011.06.02 01:03:22.371,5.42867,5.43095,1.50,1.50
2011.06.02 01:03:22.479,5.42867,5.43095,1.50,1.50
2011.06.02 01:03:23.482,5.42867,5.43074,1.50,1.50
2011.06.02 01:03:23.588,5.42846,5.43074,1.50,1.50
2011.06.02 01:03:23.919,5.42846,5.43088,1.50,1.50
2011.06.02 01:03:24.030,5.4286,5.43088,1.50,1.50
2011.06.02 01:03:24.471,5.42877,5.43105,1.50,2.10
2011.06.02 01:03:24.689,5.42877,5.43105,1.50,2.10
2011.06.02 01:03:25.182,5.42897,5.43096,1.35,1.50
2011.06.02 01:03:25.512,5.42906,5.43134,1.50,1.50
2011.06.02 01:03:25.841,5.42919,5.43146,1.50,2.10
2011.06.02 01:03:26.546,5.42927,5.43146,1.50,1.35
2011.06.02 01:03:26.880,5.42926,5.43146,1.50,1.35
2011.06.02 01:03:27.319,5.42926,5.43146,1.50,1.35
2011.06.02 01:03:27.870,5.42931,5.43146,1.50,1.35
2011.06.02 01:03:30.649,5.4293,5.43146,1.50,1.35
2011.06.02 01:03:30.759,5.4293,5.43146,1.50,1.35
2011.06.02 01:03:30.930,5.4293,5.43146,1.50,1.35
2011.06.02 01:03:32.579,5.42929,5.43146,1.50,1.35
2011.06.02 01:03:33.351,5.42929,5.43146,1.50,1.35
2011.06.02 01:03:33.958,5.42922,5.43146,1.50,1.35
2011.06.02 01:03:34.178,5.42922,5.43146,1.50,1.35
2011.06.02 01:03:34.288,5.42922,5.43146,1.50,1.35
2011.06.02 01:03:34.398,5.4293,5.43146,1.50,1.35
2011.06.02 01:03:41.089,5.42929,5.43146,1.50,1.35
2011.06.02 01:03:41.309,5.42929,5.43146,1.50,1.35
2011.06.02 01:03:41.419,5.42929,5.43146,1.50,1.35
2011.06.02 01:03:43.079,5.4293,5.43146,1.50,1.35
2011.06.02 01:03:43.299,5.4293,5.43146,1.50,1.35
2011.06.02 01:03:44.919,5.42931,5.43146,1.50,1.35
2011.06.02 01:03:46.664,5.42929,5.43146,1.50,1.35
2011.06.02 01:03:47.432,5.4293,5.43146,1.50,1.35
2011.06.02 01:03:49.260,5.4293,5.43146,1.50,1.35
2011.06.02 01:03:49.441,5.4293,5.43146,1.50,1.35
2011.06.02 01:03:49.620,5.4293,5.43146,1.50,1.35
2011.06.02 01:03:49.840,5.4293,5.43157,1.50,1.50
2011.06.02 01:03:49.949,5.42929,5.43157,1.50,1.50
2011.06.02 01:03:51.019,5.4293,5.43159,1.50,1.50
2011.06.02 01:03:56.019,5.42934,5.43162,1.50,1.50
2011.06.02 01:03:58.791,5.42934,5.43162,1.50,1.50
2011.06.02 01:03:58.901,5.42934,5.43162,1.50,1.50
2011.06.02 01:03:59.018,5.42936,5.43162,1.50,1.50
2011.06.02 01:03:59.668,5.42936,5.43165,1.50,1.50
2011.06.02 01:03:59.779,5.42954,5.43181,1.50,1.50
2011.06.02 01:04:00.330,5.42954,5.43181,1.50,1.50
2011.06.02 01:04:00.769,5.42954,5.43181,1.50,1.50
2011.06.02 01:04:00.993,5.42936,5.43165,1.50,1.50
2011.06.02 01:04:01.211,5.42936,5.43165,1.50,1.50
2011.06.02 01:04:01.433,5.42936,5.43165,1.50,1.50
2011.06.02 01:04:01.760,5.42946,5.43174,1.50,1.50
2011.06.02 01:04:01.873,5.42945,5.43193,1.50,1.35
2011.06.02 01:04:02.449,5.42954,5.43193,1.50,1.35
2011.06.02 01:04:02.780,5.42954,5.43193,1.50,1.35
2011.06.02 01:04:03.252,5.42954,5.43193,1.50,1.35
2011.06.02 01:04:03.571,5.42954,5.43193,1.50,1.35
2011.06.02 01:04:07.642,5.42954,5.43193,1.50,1.35
2011.06.02 01:04:07.749,5.42954,5.43193,1.50,1.35
2011.06.02 01:04:09.234,5.42953,5.43193,1.50,2.10
2011.06.02 01:04:09.569,5.42956,5.43193,1.50,1.35
2011.06.02 01:04:11.790,5.4296,5.43201,1.50,1.50
2011.06.02 01:04:12.118,5.42964,5.432,1.50,1.50
2011.06.02 01:04:12.339,5.42995,5.43222,1.50,1.50
2011.06.02 01:04:12.560,5.42995,5.43223,1.50,1.50
2011.06.02 01:04:12.780,5.42997,5.43226,1.50,1.50
2011.06.02 01:04:12.890,5.43019,5.43226,1.50,1.50
2011.06.02 01:04:13.002,5.43019,5.43247,1.50,1.50
2011.06.02 01:04:13.332,5.42997,5.43245,1.50,1.72
2011.06.02 01:04:13.440,5.42997,5.43225,1.50,1.50
2011.06.02 01:04:13.776,5.42997,5.43225,1.50,1.50
2011.06.02 01:04:13.890,5.42997,5.43225,1.50,1.50
2011.06.02 01:04:14.111,5.42997,5.43225,1.50,1.50
2011.06.02 01:04:14.500,5.42997,5.43225,1.50,1.50
2011.06.02 01:04:14.612,5.43023,5.43252,1.50,2.10
2011.06.02 01:04:15.078,5.43025,5.43252,1.50,1.35
2011.06.02 01:04:15.865,5.43034,5.43252,1.50,1.35
2011.06.02 01:04:16.204,5.43039,5.43252,1.50,1.35
2011.06.02 01:04:17.302,5.43037,5.43252,1.50,1.35
2011.06.02 01:04:17.529,5.43037,5.43252,1.50,1.35
2011.06.02 01:04:17.979,5.43034,5.43252,1.50,1.35
2011.06.02 01:04:18.309,5.43034,5.43252,1.50,1.35
2011.06.02 01:04:18.420,5.4303,5.43252,1.50,1.35
2011.06.02 01:04:19.731,5.4303,5.43252,1.50,1.35
2011.06.02 01:04:20.357,5.43018,5.43245,1.50,1.50
2011.06.02 01:04:20.472,5.43018,5.43245,1.50,1.50
2011.06.02 01:04:21.560,5.43027,5.43245,1.50,1.50
2011.06.02 01:04:21.670,5.43027,5.43245,1.50,1.50
2011.06.02 01:04:21.781,5.43029,5.43252,1.50,1.35
2011.06.02 01:04:22.219,5.43018,5.43247,1.50,1.50
2011.06.02 01:04:22.331,5.43018,5.43245,1.50,1.50
2011.06.02 01:04:22.441,5.42993,5.43222,1.50,1.50
2011.06.02 01:04:22.660,5.4299,5.43222,1.50,1.50
2011.06.02 01:04:22.988,5.42992,5.43218,1.50,1.50
2011.06.02 01:04:23.430,5.42992,5.4322,1.50,1.50
2011.06.02 01:04:23.539,5.42994,5.43221,1.50,1.50
2011.06.02 01:04:23.762,5.42989,5.43221,1.35,1.50
2011.06.02 01:04:23.869,5.42989,5.43214,1.35,1.50
2011.06.02 01:04:23.982,5.42989,5.43205,1.35,1.50
2011.06.02 01:04:24.092,5.42978,5.43205,1.50,1.50
2011.06.02 01:04:25.422,5.42978,5.43206,1.50,1.50
2011.06.02 01:04:25.860,5.42978,5.43211,1.50,1.50
2011.06.02 01:04:25.971,5.42973,5.43208,1.50,1.50
2011.06.02 01:04:26.771,5.42973,5.43201,1.50,1.50
2011.06.02 01:04:27.510,5.42973,5.43201,1.50,1.50
2011.06.02 01:04:27.618,5.42979,5.43201,1.50,1.50
2011.06.02 01:04:27.840,5.42977,5.43207,1.50,1.50
2011.06.02 01:04:28.548,5.42977,5.43213,1.50,1.50
2011.06.02 01:04:28.659,5.42986,5.43213,1.50,1.50
2011.06.02 01:04:28.774,5.42986,5.43218,1.50,1.35
2011.06.02 01:04:28.890,5.43,5.43218,1.50,1.35
2011.06.02 01:04:29.550,5.43002,5.43218,1.50,1.35
2011.06.02 01:04:30.259,5.43009,5.43218,1.50,1.35
2011.06.02 01:04:30.373,5.43018,5.43222,1.50,1.35
2011.06.02 01:04:30.480,5.43018,5.43245,1.50,1.50
2011.06.02 01:04:30.591,5.43013,5.4324,1.50,1.50
2011.06.02 01:04:30.701,5.43013,5.4324,1.50,1.50
2011.06.02 01:04:30.810,5.4302,5.43247,1.50,1.50
2011.06.02 01:04:31.032,5.43022,5.43249,1.50,1.50
2011.06.02 01:04:32.181,5.43022,5.43249,1.50,1.50
2011.06.02 01:04:34.180,5.43013,5.43249,1.50,1.50
2011.06.02 01:04:34.950,5.4301,5.43238,1.50,1.50
2011.06.02 01:04:35.670,5.4301,5.43238,1.50,1.72
2011.06.02 01:04:35.782,5.43,5.43229,1.50,1.50
2011.06.02 01:04:35.890,5.43,5.43229,1.50,1.50
2011.06.02 01:04:36.001,5.42998,5.43229,1.50,1.50
2011.06.02 01:04:36.658,5.42995,5.43216,1.35,1.72
2011.06.02 01:04:36.778,5.42978,5.43206,1.50,2.10
2011.06.02 01:04:37.109,5.42978,5.43206,1.50,2.10
2011.06.02 01:04:37.441,5.42976,5.43204,1.50,1.50
2011.06.02 01:04:37.659,5.42964,5.43192,1.50,1.50
2011.06.02 01:04:37.989,5.42961,5.43179,1.50,1.50
2011.06.02 01:04:38.101,5.42951,5.43177,1.50,1.50
2011.06.02 01:04:38.320,5.42949,5.43165,1.50,1.50
2011.06.02 01:04:38.543,5.42936,5.43165,1.50,1.50
2011.06.02 01:04:38.871,5.42923,5.43156,1.50,1.50
2011.06.02 01:04:39.202,5.42926,5.43159,1.50,1.50
2011.06.02 01:04:39.310,5.42926,5.4314,1.50,1.50
2011.06.02 01:04:39.638,5.42912,5.4314,1.50,1.50
2011.06.02 01:04:39.860,5.42913,5.43141,1.50,1.50
2011.06.02 01:04:40.080,5.42913,5.43141,1.50,1.50
2011.06.02 01:04:40.430,5.42913,5.43141,1.50,1.50
2011.06.02 01:04:40.652,5.42937,5.43155,1.50,1.35
2011.06.02 01:04:40.759,5.42937,5.43155,1.50,1.35
2011.06.02 01:04:41.524,5.42947,5.43175,1.50,1.50
2011.06.02 01:04:41.849,5.42947,5.43175,1.50,1.50
2011.06.02 01:04:41.959,5.42947,5.43175,1.50,1.50
2011.06.02 01:04:42.800,5.42947,5.43175,1.50,1.50
2011.06.02 01:04:43.021,5.42947,5.43155,1.50,1.50
2011.06.02 01:04:43.242,5.42928,5.43155,1.50,1.50
2011.06.02 01:04:43.684,5.42909,5.43136,1.50,1.50
2011.06.02 01:04:46.131,5.42909,5.43136,1.50,1.50
2011.06.02 01:04:46.239,5.42909,5.43136,1.50,1.50
2011.06.02 01:04:47.052,5.42906,5.43135,1.50,1.50
2011.06.02 01:04:47.637,5.42909,5.43137,1.50,1.50
2011.06.02 01:04:48.200,5.42908,5.43134,1.50,1.50
2011.06.02 01:04:48.420,5.42907,5.43135,1.50,1.50
2011.06.02 01:04:49.429,5.42907,5.43134,1.50,1.50
2011.06.02 01:04:49.540,5.42892,5.43119,1.50,1.50
2011.06.02 01:04:49.653,5.42878,5.43104,1.35,1.50
2011.06.02 01:04:49.879,5.42875,5.43103,1.50,1.50
2011.06.02 01:04:50.702,5.42875,5.43103,1.50,1.50
2011.06.02 01:04:50.810,5.42868,5.43096,1.50,1.50
2011.06.02 01:04:53.180,5.42868,5.43096,1.50,1.50
2011.06.02 01:04:53.931,5.42876,5.43104,1.50,1.50
2011.06.02 01:04:54.041,5.42876,5.43104,1.50,1.50
2011.06.02 01:04:54.643,5.42885,5.43113,1.50,1.50
2011.06.02 01:04:54.752,5.42885,5.43113,1.50,1.50
2011.06.02 01:04:54.860,5.42905,5.43116,1.50,1.35
2011.06.02 01:04:54.970,5.42905,5.43116,1.50,1.35
2011.06.02 01:04:55.302,5.42906,5.43116,1.50,1.35
2011.06.02 01:04:55.749,5.42906,5.43135,1.50,1.50
2011.06.02 01:04:59.139,5.42915,5.43143,1.50,2.10
2011.06.02 01:04:59.359,5.42915,5.43143,1.50,2.10
2011.06.02 01:04:59.469,5.42915,5.43143,1.50,2.10
2011.06.02 01:05:00.149,5.42915,5.43143,1.50,2.10
2011.06.02 01:05:00.701,5.42918,5.43143,1.50,1.35
2011.06.02 01:05:01.080,5.42915,5.43143,1.50,1.35
2011.06.02 01:05:01.732,5.42915,5.43143,1.50,1.35
2011.06.02 01:05:01.953,5.42915,5.43143,1.50,1.35
2011.06.02 01:05:02.708,5.42913,5.43142,1.50,1.50
2011.06.02 01:05:03.040,5.42905,5.43142,1.50,1.50
2011.06.02 01:05:03.260,5.42905,5.43133,1.50,1.50
2011.06.02 01:05:03.369,5.42896,5.43125,1.50,1.50
2011.06.02 01:05:03.699,5.42896,5.43122,1.50,1.50
2011.06.02 01:05:03.808,5.42896,5.43124,1.50,1.50
2011.06.02 01:05:04.249,5.42878,5.43126,1.35,1.50
2011.06.02 01:05:04.470,5.42878,5.43122,1.35,1.50
2011.06.02 01:05:05.799,5.42888,5.43135,1.50,1.35
2011.06.02 01:05:05.908,5.4291,5.43135,1.50,1.35
2011.06.02 01:05:06.021,5.4291,5.43135,1.50,1.35
2011.06.02 01:05:06.243,5.4291,5.43135,1.50,1.35
2011.06.02 01:05:06.351,5.4291,5.43135,1.50,1.35
2011.06.02 01:05:06.463,5.42896,5.43138,1.50,1.50
2011.06.02 01:05:06.570,5.42898,5.43126,1.50,1.50
2011.06.02 01:05:09.934,5.42915,5.43144,1.50,1.50
2011.06.02 01:05:10.161,5.42915,5.43144,1.50,1.50
2011.06.02 01:05:10.270,5.42925,5.43146,1.50,1.35
2011.06.02 01:05:11.092,5.42916,5.43143,1.50,1.50
2011.06.02 01:05:12.701,5.42918,5.43146,1.50,2.10
2011.06.02 01:05:12.920,5.42919,5.43146,1.50,2.10
2011.06.02 01:05:13.032,5.42919,5.43146,1.50,1.35
2011.06.02 01:05:13.142,5.42937,5.43146,1.50,1.35
2011.06.02 01:05:13.251,5.42933,5.43146,1.50,1.35
2011.06.02 01:05:14.001,5.42933,5.43146,1.50,1.35
2011.06.02 01:05:14.331,5.42945,5.43172,1.50,1.50
2011.06.02 01:05:14.440,5.42945,5.43172,1.50,1.72
2011.06.02 01:05:14.549,5.42926,5.43153,1.50,1.50
2011.06.02 01:05:14.879,5.42916,5.43144,1.50,1.50
2011.06.02 01:05:15.429,5.42916,5.43144,1.50,1.50
2011.06.02 01:05:19.458,5.42917,5.43144,1.50,1.50
2011.06.02 01:05:19.680,5.42917,5.43146,1.50,2.10
2011.06.02 01:05:19.991,5.42917,5.43146,1.50,2.10
2011.06.02 01:05:20.337,5.42937,5.43146,1.50,2.10
2011.06.02 01:05:20.561,5.42917,5.43146,1.50,1.35
2011.06.02 01:05:20.890,5.42935,5.43146,1.50,1.35
2011.06.02 01:05:21.112,5.42945,5.43149,1.50,1.35
2011.06.02 01:05:21.220,5.42928,5.43146,1.50,1.35
2011.06.02 01:05:21.548,5.42935,5.43146,1.50,1.35
2011.06.02 01:05:22.409,5.42935,5.43146,1.50,1.35
2011.06.02 01:05:22.630,5.42942,5.43163,1.50,1.50
2011.06.02 01:05:22.981,5.42944,5.43172,1.50,1.50
2011.06.02 01:05:23.700,5.42944,5.43172,1.50,1.50
2011.06.02 01:05:24.280,5.42943,5.43172,1.50,1.50
2011.06.02 01:05:27.051,5.42943,5.43171,1.50,1.72
2011.06.02 01:05:27.272,5.42928,5.43145,1.35,1.50
2011.06.02 01:05:27.602,5.42916,5.43144,1.50,1.50
2011.06.02 01:05:29.981,5.42916,5.43144,1.50,1.50
2011.06.02 01:05:31.080,5.42916,5.43144,1.50,1.50
2011.06.02 01:05:31.411,5.42916,5.43144,1.50,1.50
2011.06.02 01:05:34.272,5.42916,5.43144,1.50,1.50
2011.06.02 01:05:37.199,5.42903,5.43144,1.50,1.50
2011.06.02 01:05:37.311,5.42903,5.43131,1.50,1.50
2011.06.02 01:05:41.344,5.42906,5.43134,1.50,1.50
2011.06.02 01:05:41.459,5.42906,5.43134,1.50,1.50
2011.06.02 01:05:41.950,5.42906,5.43134,1.50,1.50
2011.06.02 01:05:43.053,5.42916,5.43134,1.50,1.50
2011.06.02 01:05:44.978,5.42907,5.43134,1.50,1.50
2011.06.02 01:05:46.430,5.42913,5.4314,1.50,1.50
2011.06.02 01:05:46.649,5.42915,5.4314,1.50,1.50
2011.06.02 01:05:47.219,5.42915,5.4313,1.50,1.50
2011.06.02 01:05:47.442,5.42902,5.43127,1.50,1.50
2011.06.02 01:05:48.157,5.429,5.43127,1.50,1.50
2011.06.02 01:05:48.371,5.42909,5.43137,1.50,1.50
2011.06.02 01:05:53.819,5.42911,5.4314,1.50,1.50
2011.06.02 01:05:54.378,5.42912,5.4314,1.50,1.50
2011.06.02 01:05:55.127,5.42932,5.4316,1.50,1.50
2011.06.02 01:05:55.247,5.42937,5.43188,1.50,1.35
2011.06.02 01:05:55.630,5.42936,5.43188,1.50,1.57
2011.06.02 01:05:55.849,5.42936,5.43188,1.50,1.57
2011.06.02 01:05:56.242,5.42936,5.43186,1.50,1.72
2011.06.02 01:05:56.991,5.42944,5.43186,1.50,1.72
2011.06.02 01:05:57.319,5.42943,5.43188,1.50,1.57
2011.06.02 01:05:58.970,5.42948,5.43185,1.50,1.72
2011.06.02 01:05:59.671,5.42948,5.43185,1.50,1.72
2011.06.02 01:06:00.001,5.42948,5.43185,1.50,1.72
2011.06.02 01:06:00.448,5.42948,5.43185,1.50,1.50
2011.06.02 01:06:01.546,5.42951,5.43186,1.50,1.50
2011.06.02 01:06:02.399,5.42943,5.43185,1.50,1.72
2011.06.02 01:06:03.321,5.42943,5.43185,1.50,1.72
2011.06.02 01:06:03.869,5.42943,5.43183,1.50,1.72
2011.06.02 01:06:04.231,5.42943,5.43183,1.50,1.50
2011.06.02 01:06:04.339,5.42943,5.43183,1.50,1.72
2011.06.02 01:06:05.580,5.42944,5.43171,1.50,1.35
2011.06.02 01:06:06.264,5.42948,5.43171,1.50,1.35
2011.06.02 01:06:06.489,5.42951,5.43171,1.50,1.35
2011.06.02 01:06:07.958,5.42951,5.43171,1.50,1.35
2011.06.02 01:06:09.874,5.42952,5.43171,1.50,1.35
2011.06.02 01:06:10.650,5.42937,5.43165,1.50,1.50
2011.06.02 01:06:10.979,5.42929,5.43156,1.50,1.50
2011.06.02 01:06:11.201,5.4294,5.43156,1.50,1.35
2011.06.02 01:06:11.422,5.42936,5.43156,1.50,1.35
2011.06.02 01:06:13.008,5.42936,5.43156,1.50,1.35
2011.06.02 01:06:13.120,5.4293,5.43156,1.50,1.35
2011.06.02 01:06:14.142,5.42929,5.43156,1.50,1.35
2011.06.02 01:06:14.843,5.42912,5.43156,1.50,1.35
2011.06.02 01:06:15.062,5.42929,5.43156,1.50,2.10
2011.06.02 01:06:16.099,5.42917,5.43156,1.50,2.10
2011.06.02 01:06:16.211,5.42917,5.43156,1.50,2.10
2011.06.02 01:06:16.320,5.42914,5.43149,1.50,1.50
2011.06.02 01:06:25.193,5.42935,5.43149,1.50,1.50
2011.06.02 01:06:25.529,5.42913,5.43149,1.50,1.50
2011.06.02 01:06:25.948,5.42913,5.43144,1.50,1.72
2011.06.02 01:06:27.342,5.42913,5.43149,1.50,1.50
2011.06.02 01:06:27.590,5.42913,5.43149,1.50,1.72
2011.06.02 01:06:27.810,5.42902,5.43121,1.50,1.35
2011.06.02 01:06:28.869,5.42899,5.43121,1.50,1.35
2011.06.02 01:06:29.091,5.42899,5.43121,1.50,1.35
2011.06.02 01:06:29.200,5.42868,5.43118,1.50,1.50
2011.06.02 01:06:30.145,5.42861,5.43083,1.50,1.35
2011.06.02 01:06:30.265,5.42869,5.43083,1.50,1.35
2011.06.02 01:06:30.381,5.42871,5.43083,1.50,1.35
2011.06.02 01:06:31.364,5.42871,5.43083,1.50,1.35
2011.06.02 01:06:31.581,5.42893,5.43116,1.50,1.35
2011.06.02 01:06:31.803,5.42898,5.43116,1.50,1.35
2011.06.02 01:06:32.131,5.42904,5.43116,1.50,1.35
2011.06.02 01:06:32.461,5.42917,5.43137,1.50,1.35
2011.06.02 01:06:33.121,5.42912,5.43118,1.50,1.35
2011.06.02 01:06:33.230,5.42901,5.43116,1.50,1.35
2011.06.02 01:06:33.340,5.42902,5.43116,1.50,1.35
2011.06.02 01:06:33.561,5.42905,5.43116,1.50,1.35
2011.06.02 01:06:33.781,5.42902,5.43116,1.50,1.35
2011.06.02 01:06:34.923,5.42902,5.43116,1.50,1.35
2011.06.02 01:06:35.360,5.42902,5.43116,1.50,1.35
2011.06.02 01:06:35.469,5.42887,5.43115,1.50,1.50
2011.06.02 01:06:35.690,5.42893,5.43116,1.50,1.35
2011.06.02 01:06:35.910,5.42893,5.43116,1.50,1.35
2011.06.02 01:06:37.121,5.42893,5.43116,1.50,1.35
2011.06.02 01:06:37.338,5.42893,5.43116,1.50,1.35
2011.06.02 01:06:37.990,5.42912,5.43118,1.50,1.35
2011.06.02 01:06:38.100,5.42912,5.43118,1.50,1.35
2011.06.02 01:06:38.649,5.42893,5.43116,1.50,1.35
2011.06.02 01:06:38.759,5.42902,5.43116,1.50,1.35
2011.06.02 01:06:39.880,5.42893,5.43116,1.50,1.35
2011.06.02 01:06:40.101,5.42913,5.43117,1.50,1.35
2011.06.02 01:06:41.295,5.42893,5.43116,1.50,1.35
2011.06.02 01:06:41.520,5.42893,5.43116,1.50,1.35
2011.06.02 01:06:41.630,5.4289,5.43116,1.50,1.35
2011.06.02 01:06:42.898,5.4289,5.43116,1.50,1.35
2011.06.02 01:06:43.380,5.42888,5.43116,1.50,2.10
2011.06.02 01:06:43.602,5.42875,5.43111,1.50,1.50
2011.06.02 01:06:43.932,5.42888,5.43116,1.50,2.32
2011.06.02 01:06:44.150,5.42857,5.43102,1.50,1.50
2011.06.02 01:06:44.259,5.42857,5.43099,1.50,1.50
2011.06.02 01:06:44.480,5.42871,5.43099,1.50,1.50
2011.06.02 01:06:44.699,5.42873,5.43102,1.50,1.50
2011.06.02 01:06:44.810,5.42873,5.43102,1.50,1.50
2011.06.02 01:06:45.143,5.42885,5.43113,1.50,1.50
2011.06.02 01:06:45.362,5.42894,5.43116,1.50,1.35
2011.06.02 01:06:50.979,5.42894,5.43116,1.50,1.35
2011.06.02 01:06:51.089,5.42887,5.43116,1.50,1.35
2011.06.02 01:06:56.531,5.42887,5.43114,1.50,1.50
2011.06.02 01:06:56.862,5.42892,5.43116,1.50,1.35
2011.06.02 01:06:57.079,5.42896,5.43116,1.50,1.35
2011.06.02 01:06:57.298,5.42896,5.43116,1.50,1.35
2011.06.02 01:06:57.960,5.42896,5.43116,1.50,1.35
2011.06.02 01:07:00.699,5.42899,5.43116,1.50,1.35
2011.06.02 01:07:01.220,5.42899,5.43116,1.50,1.35
2011.06.02 01:07:01.551,5.42914,5.43159,1.50,1.50
2011.06.02 01:07:01.770,5.42947,5.43162,1.50,1.35
2011.06.02 01:07:01.879,5.42933,5.43162,1.50,1.35
2011.06.02 01:07:02.318,5.42942,5.43162,1.50,1.35
2011.06.02 01:07:04.348,5.42906,5.43132,1.50,1.50
2011.06.02 01:07:05.620,5.42901,5.43129,1.50,1.50
2011.06.02 01:07:06.093,5.42901,5.43129,1.50,1.50
2011.06.02 01:07:06.642,5.42893,5.4312,1.50,1.35
2011.06.02 01:07:06.968,5.42887,5.43114,1.50,1.50
2011.06.02 01:07:07.082,5.42895,5.4312,1.50,1.35
2011.06.02 01:07:07.300,5.42899,5.4312,1.50,1.35
2011.06.02 01:07:07.411,5.42899,5.4312,1.50,1.35
2011.06.02 01:07:08.420,5.42899,5.4312,1.50,1.35
2011.06.02 01:07:10.631,5.42902,5.4312,1.50,1.35
2011.06.02 01:07:12.851,5.42902,5.4312,1.50,1.35
2011.06.02 01:07:13.070,5.42905,5.4312,1.50,1.35
2011.06.02 01:07:13.179,5.42905,5.4312,1.50,1.35
2011.06.02 01:07:14.655,5.42905,5.4312,1.50,1.35
2011.06.02 01:07:15.102,5.42905,5.4312,1.50,1.35
2011.06.02 01:07:16.094,5.42905,5.4312,1.50,1.35
2011.06.02 01:07:17.501,5.42903,5.4312,1.50,1.35
2011.06.02 01:07:17.940,5.42903,5.4312,1.50,1.35
2011.06.02 01:07:18.890,5.42903,5.4312,1.50,1.35
2011.06.02 01:07:19.759,5.42905,5.4312,1.50,1.35
2011.06.02 01:07:19.869,5.42905,5.4312,1.50,1.35
2011.06.02 01:07:22.479,5.42895,5.4312,1.50,1.35
2011.06.02 01:07:22.699,5.42895,5.4312,1.50,1.35
2011.06.02 01:07:24.943,5.42895,5.4312,1.50,1.35
2011.06.02 01:07:29.789,5.42895,5.4312,1.50,1.35
2011.06.02 01:07:30.871,5.42876,5.43105,1.50,1.72
2011.06.02 01:07:31.411,5.42881,5.43109,1.50,1.50
2011.06.02 01:07:31.960,5.42881,5.43109,1.50,1.50
2011.06.02 01:07:32.418,5.42881,5.43109,1.50,1.50
2011.06.02 01:07:32.850,5.42881,5.43109,1.50,1.50
2011.06.02 01:07:34.454,5.42881,5.43109,1.50,1.50
2011.06.02 01:07:34.723,5.42881,5.43109,1.50,1.50
2011.06.02 01:07:35.052,5.42864,5.43086,1.50,1.35
2011.06.02 01:07:35.161,5.42864,5.43068,1.50,1.50
2011.06.02 01:07:35.490,5.42829,5.43052,1.50,1.35
2011.06.02 01:07:36.481,5.42831,5.43052,1.50,1.35
2011.06.02 01:07:37.221,5.42829,5.43052,1.50,1.35
2011.06.02 01:07:38.401,5.42821,5.43048,1.50,1.50
2011.06.02 01:07:38.511,5.42821,5.43048,1.50,1.50
2011.06.02 01:07:38.621,5.42834,5.43048,1.50,1.50
2011.06.02 01:07:38.730,5.42834,5.43052,1.50,1.35
2011.06.02 01:07:38.840,5.42835,5.43052,1.50,1.35
2011.06.02 01:07:39.683,5.42837,5.43052,1.50,1.35
2011.06.02 01:07:40.451,5.42836,5.43052,1.50,1.35
2011.06.02 01:07:43.142,5.42837,5.43052,1.50,1.35
2011.06.02 01:07:46.238,5.42837,5.43052,1.50,1.35
2011.06.02 01:07:46.351,5.42837,5.43052,1.50,1.35
2011.06.02 01:07:47.560,5.42838,5.43052,1.50,1.35
2011.06.02 01:07:48.493,5.42832,5.43052,1.50,1.35
2011.06.02 01:07:48.819,5.42833,5.43052,1.50,1.35
2011.06.02 01:07:49.359,5.42834,5.43052,1.50,1.35
2011.06.02 01:07:51.373,5.42831,5.43052,1.50,1.35
2011.06.02 01:07:55.031,5.42831,5.43048,1.50,1.50
2011.06.02 01:07:55.597,5.42831,5.43048,1.50,1.50
2011.06.02 01:07:56.440,5.42834,5.43052,1.50,1.35
2011.06.02 01:07:57.163,5.42834,5.43052,1.50,1.35
2011.06.02 01:07:58.635,5.42834,5.43052,1.50,1.35
2011.06.02 01:07:58.752,5.42834,5.43052,1.50,1.35
2011.06.02 01:07:58.862,5.42829,5.43052,1.50,1.35
2011.06.02 01:07:59.189,5.42826,5.43052,1.50,1.35
2011.06.02 01:07:59.301,5.42816,5.43052,1.50,1.35
2011.06.02 01:07:59.519,5.42815,5.43045,1.50,1.50
2011.06.02 01:08:00.181,5.42817,5.43045,1.50,1.50
2011.06.02 01:08:00.559,5.42817,5.43045,1.50,1.50
2011.06.02 01:08:00.670,5.42823,5.43051,1.50,1.50
2011.06.02 01:08:02.140,5.42829,5.43052,1.50,1.35
2011.06.02 01:08:02.250,5.42829,5.43052,1.50,1.35
2011.06.02 01:08:03.982,5.42829,5.43035,1.50,1.50
2011.06.02 01:08:04.090,5.42829,5.43045,1.50,1.50
2011.06.02 01:08:04.200,5.42797,5.43045,1.35,1.50
2011.06.02 01:08:04.311,5.42797,5.43045,1.35,1.50
2011.06.02 01:08:04.532,5.42797,5.43023,1.35,1.50
2011.06.02 01:08:04.751,5.42807,5.43035,1.50,1.50
2011.06.02 01:08:08.639,5.42807,5.43035,1.50,1.50
2011.06.02 01:08:08.752,5.42817,5.43046,1.50,1.50
2011.06.02 01:08:08.971,5.42808,5.43037,1.50,1.50
2011.06.02 01:08:09.411,5.4282,5.43039,1.50,1.50
2011.06.02 01:08:10.331,5.4282,5.43049,1.50,1.50
2011.06.02 01:08:10.770,5.42837,5.43052,1.50,1.35
2011.06.02 01:08:10.881,5.42857,5.43061,1.50,1.35
2011.06.02 01:08:11.531,5.42836,5.43052,1.50,1.35
2011.06.02 01:08:14.041,5.42836,5.43052,1.50,1.35
2011.06.02 01:08:15.360,5.42836,5.43052,1.50,1.35
2011.06.02 01:08:17.121,5.42836,5.43052,1.50,1.35
2011.06.02 01:08:18.770,5.42838,5.43052,1.50,1.35
2011.06.02 01:08:20.392,5.42841,5.43052,1.50,1.35
2011.06.02 01:08:20.531,5.42841,5.43052,1.50,1.35
2011.06.02 01:08:20.860,5.42846,5.43052,1.50,1.35
2011.06.02 01:08:21.084,5.42858,5.43075,1.50,1.50
2011.06.02 01:08:21.201,5.42858,5.43087,1.50,1.50
2011.06.02 01:08:21.418,5.42858,5.43087,1.50,1.50
2011.06.02 01:08:21.859,5.42858,5.43087,1.50,1.50
2011.06.02 01:08:22.430,5.42844,5.43087,1.50,1.50
2011.06.02 01:08:22.540,5.42844,5.43087,1.50,1.50
2011.06.02 01:08:23.282,5.42837,5.43065,1.50,1.50
2011.06.02 01:08:24.165,5.42836,5.43063,1.50,1.50
2011.06.02 01:08:25.839,5.42837,5.43063,1.50,1.50
2011.06.02 01:08:27.621,5.42885,5.43089,1.50,1.72
2011.06.02 01:08:27.731,5.42885,5.43089,1.50,1.50
2011.06.02 01:08:27.843,5.42856,5.43068,1.50,1.35
2011.06.02 01:08:28.169,5.42861,5.43075,1.50,1.35
2011.06.02 01:08:28.279,5.42861,5.43071,1.50,1.35
2011.06.02 01:08:28.500,5.4286,5.43084,1.50,1.35
2011.06.02 01:08:28.609,5.4286,5.43084,1.50,1.35
2011.06.02 01:08:28.829,5.42858,5.43068,1.50,1.35
2011.06.02 01:08:29.532,5.42855,5.43068,1.50,1.35
2011.06.02 01:08:31.741,5.42858,5.43068,1.50,1.35
2011.06.02 01:08:31.959,5.42858,5.43068,1.50,1.35
2011.06.02 01:08:32.603,5.42859,5.43068,1.50,1.35
2011.06.02 01:08:34.080,5.42859,5.43068,1.50,1.35
2011.06.02 01:08:34.605,5.42859,5.43068,1.50,1.35
2011.06.02 01:08:36.567,5.42855,5.43068,1.50,1.35
2011.06.02 01:08:36.802,5.42855,5.43068,1.50,1.35
2011.06.02 01:08:37.059,5.42855,5.43083,1.50,1.50
2011.06.02 01:08:37.169,5.42873,5.43114,1.50,1.57
2011.06.02 01:08:37.390,5.4286,5.43114,1.50,1.35
2011.06.02 01:08:37.501,5.42865,5.43114,1.50,1.35
2011.06.02 01:08:37.902,5.42865,5.43114,1.50,1.35
2011.06.02 01:08:38.120,5.42865,5.43114,1.50,1.35
2011.06.02 01:08:38.341,5.42864,5.43114,1.50,1.35
2011.06.02 01:08:38.673,5.42865,5.43114,1.50,2.32
2011.06.02 01:08:40.402,5.42861,5.43101,1.50,1.35
2011.06.02 01:08:42.265,5.42864,5.43101,1.50,1.35
2011.06.02 01:08:42.491,5.42868,5.43101,1.50,1.35
2011.06.02 01:08:43.279,5.42876,5.43101,1.50,1.35
2011.06.02 01:08:43.502,5.42899,5.43105,1.50,1.35
2011.06.02 01:08:43.720,5.42904,5.43108,1.50,1.35
2011.06.02 01:08:44.051,5.42917,5.43141,1.50,1.35
2011.06.02 01:08:44.491,5.42915,5.43141,1.50,1.35
2011.06.02 01:08:44.841,5.42913,5.43141,1.50,2.10
2011.06.02 01:08:46.249,5.42914,5.43141,1.50,1.35
2011.06.02 01:08:46.580,5.42912,5.43136,1.50,1.50
2011.06.02 01:08:46.799,5.42906,5.43133,1.50,1.50
2011.06.02 01:08:47.280,5.42903,5.43131,1.50,1.50
2011.06.02 01:08:48.251,5.42903,5.43131,1.50,1.50
2011.06.02 01:08:48.600,5.42903,5.43131,1.50,1.50
2011.06.02 01:08:50.061,5.42902,5.4313,1.50,1.50
2011.06.02 01:08:50.174,5.42902,5.43106,1.50,1.35
2011.06.02 01:08:50.279,5.42902,5.43106,1.50,1.35
2011.06.02 01:08:50.500,5.42861,5.431,1.50,1.35
2011.06.02 01:08:50.616,5.42857,5.431,1.50,1.35
2011.06.02 01:08:50.732,5.42857,5.431,1.50,1.35
2011.06.02 01:08:51.431,5.4286,5.431,1.50,1.35
2011.06.02 01:08:52.630,5.4286,5.431,1.50,1.35
2011.06.02 01:08:52.740,5.4286,5.431,1.50,1.35
2011.06.02 01:08:52.849,5.42861,5.431,1.50,1.35
2011.06.02 01:08:54.403,5.42861,5.431,1.50,1.35
2011.06.02 01:08:56.699,5.42861,5.431,1.50,1.35
2011.06.02 01:08:57.542,5.42875,5.431,1.50,1.35
2011.06.02 01:08:57.871,5.42875,5.431,1.50,1.35
2011.06.02 01:08:58.791,5.42879,5.431,1.50,1.35
2011.06.02 01:08:59.532,5.42879,5.431,1.50,1.35
2011.06.02 01:09:00.092,5.42876,5.431,1.50,1.35
2011.06.02 01:09:00.541,5.42876,5.431,1.50,1.35
2011.06.02 01:09:00.869,5.42875,5.431,1.50,1.35
2011.06.02 01:09:03.315,5.42876,5.431,1.50,1.35
2011.06.02 01:09:03.798,5.42875,5.431,1.50,1.35
2011.06.02 01:09:03.910,5.42876,5.431,1.50,1.35
2011.06.02 01:09:05.320,5.42876,5.431,1.50,1.35
2011.06.02 01:09:05.541,5.42876,5.431,1.50,1.35
2011.06.02 01:09:08.658,5.42876,5.431,1.50,1.35
2011.06.02 01:09:08.768,5.42876,5.431,1.50,1.35
2011.06.02 01:09:09.651,5.42904,5.43108,1.50,1.35
2011.06.02 01:09:10.512,5.42907,5.43113,1.50,1.35
2011.06.02 01:09:12.669,5.42907,5.43113,1.50,1.35
2011.06.02 01:09:12.823,5.42907,5.43113,1.50,1.35
2011.06.02 01:09:12.941,5.42907,5.43113,1.50,1.35
2011.06.02 01:09:13.215,5.42907,5.43113,1.50,1.35
2011.06.02 01:09:13.433,5.42907,5.43113,1.50,1.35
2011.06.02 01:09:14.903,5.42906,5.4311,1.50,1.35
2011.06.02 01:09:16.772,5.42906,5.4311,1.50,1.35
2011.06.02 01:09:17.339,5.42906,5.4311,1.50,1.35
2011.06.02 01:09:17.450,5.42906,5.43133,1.50,1.50
2011.06.02 01:09:18.399,5.42906,5.43133,1.50,1.50
2011.06.02 01:09:18.514,5.42906,5.43133,1.50,1.50
2011.06.02 01:09:18.620,5.42908,5.43135,1.50,1.35
2011.06.02 01:09:19.242,5.42908,5.43135,1.50,1.35
2011.06.02 01:09:19.965,5.42908,5.43135,1.50,1.35
2011.06.02 01:09:20.191,5.42908,5.43135,1.50,1.35
2011.06.02 01:09:20.581,5.42916,5.43135,1.50,1.35
2011.06.02 01:09:21.622,5.42916,5.43135,1.50,1.35
2011.06.02 01:09:21.732,5.42933,5.43162,1.50,1.50
2011.06.02 01:09:21.841,5.4295,5.43169,1.50,1.35
2011.06.02 01:09:21.952,5.4298,5.43199,1.50,1.35
2011.06.02 01:09:22.064,5.4298,5.43199,1.50,1.35
2011.06.02 01:09:22.179,5.42987,5.43199,1.50,1.35
2011.06.02 01:09:23.504,5.43007,5.43238,1.50,2.10
2011.06.02 01:09:23.620,5.43008,5.43238,1.50,2.10
2011.06.02 01:09:25.171,5.43007,5.43238,1.50,1.35
2011.06.02 01:09:27.249,5.43007,5.43238,1.50,1.35
2011.06.02 01:09:27.361,5.43001,5.43229,1.50,1.72
2011.06.02 01:09:27.690,5.42992,5.43221,1.50,1.50
2011.06.02 01:09:27.799,5.42992,5.43221,1.50,1.50
2011.06.02 01:09:28.022,5.42993,5.43221,1.50,1.50
2011.06.02 01:09:28.131,5.42993,5.4321,1.50,1.50
2011.06.02 01:09:28.240,5.42971,5.43204,1.50,1.35
2011.06.02 01:09:28.873,5.42971,5.43201,1.50,1.50
2011.06.02 01:09:30.682,5.4297,5.43197,1.50,1.50
2011.06.02 01:09:31.232,5.42967,5.43196,1.50,1.50
2011.06.02 01:09:33.910,5.42967,5.43196,1.50,1.50
2011.06.02 01:09:34.131,5.42966,5.43194,1.50,1.50
2011.06.02 01:09:34.243,5.42954,5.43194,1.50,1.50
2011.06.02 01:09:34.352,5.42954,5.43189,1.50,1.50
2011.06.02 01:09:34.459,5.42955,5.43189,1.50,1.50
2011.06.02 01:09:35.260,5.42954,5.43194,1.50,1.50
2011.06.02 01:09:35.481,5.42954,5.43182,1.50,1.50
2011.06.02 01:09:38.273,5.42954,5.43182,1.50,1.50
2011.06.02 01:09:38.891,5.42954,5.43182,1.50,1.50
2011.06.02 01:09:39.570,5.42953,5.4318,1.50,1.50
2011.06.02 01:09:39.901,5.42953,5.4318,1.50,1.50
2011.06.02 01:09:40.230,5.42951,5.43179,1.50,1.50
2011.06.02 01:09:41.081,5.42947,5.43174,1.50,1.50
2011.06.02 01:09:41.940,5.42946,5.43174,1.50,1.50
2011.06.02 01:09:42.442,5.42943,5.43172,1.50,1.50
2011.06.02 01:09:42.770,5.42941,5.4317,1.50,1.50
2011.06.02 01:09:43.280,5.42946,5.43173,1.50,1.50
2011.06.02 01:09:44.090,5.42946,5.43173,1.50,1.50
2011.06.02 01:09:44.469,5.42933,5.43159,1.50,1.35
2011.06.02 01:09:45.111,5.42875,5.43117,1.50,1.35
2011.06.02 01:09:45.330,5.42875,5.43114,1.50,1.50
2011.06.02 01:09:49.510,5.42875,5.43114,1.50,1.50
2011.06.02 01:09:49.841,5.42898,5.43117,1.50,1.35
2011.06.02 01:09:52.549,5.42892,5.43117,1.50,1.35
2011.06.02 01:09:52.769,5.42897,5.43117,1.50,1.35
2011.06.02 01:09:53.209,5.42896,5.43117,1.50,1.35
2011.06.02 01:09:53.699,5.42898,5.43117,1.50,1.35
2011.06.02 01:09:55.219,5.42905,5.43117,1.50,1.35
2011.06.02 01:09:55.849,5.42898,5.43117,1.50,1.35
2011.06.02 01:09:56.069,5.42898,5.43117,1.50,1.35
2011.06.02 01:10:01.118,5.42899,5.43155,1.50,1.35
2011.06.02 01:10:02.234,5.42899,5.43155,1.50,1.35
2011.06.02 01:10:02.462,5.42901,5.43155,1.50,1.35
2011.06.02 01:10:02.571,5.42901,5.43155,1.50,1.35
2011.06.02 01:10:03.011,5.42913,5.43155,1.50,1.35
2011.06.02 01:10:04.328,5.42913,5.43155,1.50,1.35
2011.06.02 01:10:04.669,5.42918,5.43155,1.50,1.35
2011.06.02 01:10:05.911,5.42918,5.43155,1.50,1.35
2011.06.02 01:10:06.500,5.42918,5.43155,1.50,1.35
2011.06.02 01:10:09.723,5.42944,5.43171,1.50,1.50
2011.06.02 01:10:09.939,5.42955,5.432,1.50,2.10
2011.06.02 01:10:12.471,5.42955,5.432,1.50,2.10
2011.06.02 01:10:13.273,5.42955,5.432,1.50,2.10
2011.06.02 01:10:13.600,5.42981,5.432,1.50,1.35
2011.06.02 01:10:13.709,5.42982,5.432,1.50,1.35
2011.06.02 01:10:13.820,5.42982,5.432,1.50,1.35
2011.06.02 01:10:14.041,5.42982,5.432,1.50,1.35
2011.06.02 01:10:14.608,5.42982,5.432,1.50,1.35
2011.06.02 01:10:14.939,5.4297,5.432,1.50,1.35
2011.06.02 01:10:15.410,5.42954,5.432,1.50,1.35
2011.06.02 01:10:15.923,5.42954,5.432,1.50,1.35
2011.06.02 01:10:16.297,5.42954,5.432,1.50,1.35
2011.06.02 01:10:17.182,5.42954,5.432,1.50,1.35
2011.06.02 01:10:18.220,5.42963,5.432,1.50,1.35
2011.06.02 01:10:18.332,5.42963,5.43201,1.50,1.35
2011.06.02 01:10:18.771,5.4297,5.43213,1.50,1.35
2011.06.02 01:10:19.829,5.4297,5.43213,1.50,1.35
2011.06.02 01:10:19.941,5.42954,5.432,1.50,1.35
2011.06.02 01:10:20.162,5.42951,5.432,1.50,1.35
2011.06.02 01:10:20.381,5.42971,5.432,1.50,1.35
2011.06.02 01:10:20.711,5.42937,5.43178,1.50,1.50
2011.06.02 01:10:21.041,5.4294,5.43178,1.50,1.50
2011.06.02 01:10:21.259,5.4294,5.43182,1.50,1.72
2011.06.02 01:10:21.480,5.4294,5.43182,1.50,1.72
2011.06.02 01:10:28.378,5.42936,5.43182,1.50,1.72
2011.06.02 01:10:28.820,5.42936,5.43174,1.50,1.50
2011.06.02 01:10:29.261,5.42937,5.43183,1.50,1.72
2011.06.02 01:10:29.370,5.42937,5.43175,1.50,1.50
2011.06.02 01:10:34.313,5.42937,5.43175,1.50,1.50
2011.06.02 01:10:34.642,5.42937,5.4317,1.50,1.72
2011.06.02 01:10:34.753,5.42902,5.43141,1.50,1.50
2011.06.02 01:10:34.972,5.42876,5.43136,2.25,1.50
2011.06.02 01:10:36.759,5.42876,5.43132,1.50,1.72
2011.06.02 01:10:37.181,5.42876,5.43132,1.50,1.72
2011.06.02 01:10:38.660,5.42879,5.43136,1.50,1.50
2011.06.02 01:10:39.053,5.42879,5.43136,1.50,1.50
2011.06.02 01:10:39.491,5.42879,5.43136,1.50,1.50
2011.06.02 01:10:40.674,5.42876,5.43133,1.50,1.72
2011.06.02 01:10:42.471,5.42895,5.43129,1.50,1.72
2011.06.02 01:10:43.032,5.42898,5.43132,1.50,1.50
2011.06.02 01:10:43.249,5.42903,5.43132,1.50,1.50
2011.06.02 01:10:43.579,5.42899,5.43132,1.50,1.50
2011.06.02 01:10:44.130,5.42899,5.43129,1.50,1.50
2011.06.02 01:10:44.480,5.42899,5.43141,1.50,1.50
2011.06.02 01:10:45.380,5.42901,5.4314,1.50,1.50
2011.06.02 01:10:48.451,5.42898,5.43141,1.50,1.50
2011.06.02 01:10:49.832,5.42919,5.43141,1.50,1.50
2011.06.02 01:10:50.051,5.4292,5.43147,1.50,1.35
2011.06.02 01:10:50.382,5.42912,5.43147,1.50,1.35
2011.06.02 01:10:50.601,5.42918,5.4314,1.50,1.50
2011.06.02 01:10:51.311,5.42921,5.43147,1.50,1.35
2011.06.02 01:10:52.002,5.42928,5.43165,1.50,1.35
2011.06.02 01:10:52.110,5.42933,5.43165,1.50,1.35
2011.06.02 01:10:52.762,5.42932,5.43182,1.50,1.35
2011.06.02 01:10:52.982,5.42935,5.43204,1.35,1.50
2011.06.02 01:10:53.200,5.4297,5.43213,1.50,1.50
2011.06.02 01:10:53.751,5.42974,5.43215,1.50,1.35
2011.06.02 01:10:54.451,5.42971,5.43215,1.50,1.35
2011.06.02 01:10:54.801,5.42971,5.43215,1.50,1.35
2011.06.02 01:10:55.022,5.42971,5.43215,1.50,1.35
2011.06.02 01:10:55.351,5.43013,5.43219,1.50,1.35
2011.06.02 01:10:55.462,5.43013,5.43241,1.50,1.50
2011.06.02 01:10:56.194,5.43019,5.43247,1.50,1.50
2011.06.02 01:10:56.580,5.43019,5.43247,1.50,1.50
2011.06.02 01:10:56.804,5.43009,5.43238,1.50,1.50
2011.06.02 01:10:57.809,5.43007,5.43239,1.50,1.50
2011.06.02 01:10:57.919,5.43007,5.43239,1.50,1.50
2011.06.02 01:10:58.249,5.43007,5.43235,1.50,1.50
2011.06.02 01:10:58.359,5.43007,5.43235,1.50,1.50
2011.06.02 01:10:58.471,5.42989,5.43235,1.50,1.50
2011.06.02 01:10:58.801,5.43005,5.43231,1.50,1.50
2011.06.02 01:10:58.911,5.42971,5.43231,1.50,1.50
2011.06.02 01:10:59.129,5.42981,5.43215,1.50,1.35
2011.06.02 01:10:59.763,5.42958,5.43261,1.29,2.32
2011.06.02 01:10:59.876,5.42958,5.43261,1.29,2.32
2011.06.02 01:11:01.360,5.42958,5.43261,1.29,2.32
2011.06.02 01:11:01.801,5.42958,5.43261,2.04,2.32
2011.06.02 01:11:01.910,5.42958,5.43261,2.04,2.32
2011.06.02 01:11:02.461,5.42958,5.43261,1.29,2.32
2011.06.02 01:11:04.071,5.42965,5.43309,1.35,2.32
2011.06.02 01:11:04.180,5.42965,5.43309,1.35,2.32
2011.06.02 01:11:04.289,5.42978,5.43309,1.29,2.32
2011.06.02 01:11:05.401,5.42978,5.43309,1.29,2.32
2011.06.02 01:11:05.740,5.42988,5.43309,1.50,2.32
2011.06.02 01:11:06.290,5.42998,5.43309,1.29,2.32
2011.06.02 01:11:07.266,5.43012,5.43316,1.35,1.50
2011.06.02 01:11:07.599,5.43012,5.43316,1.35,1.50
2011.06.02 01:11:07.712,5.43012,5.43316,1.35,1.50
2011.06.02 01:11:07.930,5.43012,5.43316,1.35,1.50
2011.06.02 01:11:08.260,5.43012,5.43315,1.35,1.50
2011.06.02 01:11:08.371,5.43012,5.43315,1.35,1.50
2011.06.02 01:11:09.640,5.43012,5.43316,1.35,1.50
2011.06.02 01:11:09.751,5.43012,5.43316,1.35,1.50
2011.06.02 01:11:10.343,5.42977,5.43315,1.29,2.32
2011.06.02 01:11:10.690,5.42965,5.43315,1.35,2.32
2011.06.02 01:11:11.802,5.42965,5.43315,1.35,2.32
2011.06.02 01:11:12.022,5.42977,5.43315,1.29,2.32
2011.06.02 01:11:12.240,5.42977,5.43315,1.29,2.32
2011.06.02 01:11:12.351,5.42977,5.43315,1.29,2.32
2011.06.02 01:11:12.682,5.42978,5.43315,1.29,2.32
2011.06.02 01:11:13.951,5.42978,5.43315,1.29,2.32
2011.06.02 01:11:14.832,5.42978,5.43315,1.29,2.32
2011.06.02 01:11:14.939,5.42978,5.43315,1.29,2.32
2011.06.02 01:11:17.860,5.42978,5.43315,1.29,2.32
2011.06.02 01:11:17.969,5.42978,5.43315,1.29,2.32
2011.06.02 01:11:18.080,5.42978,5.43315,1.29,2.32
2011.06.02 01:11:21.322,5.42978,5.43315,1.29,2.32
2011.06.02 01:11:22.725,5.42978,5.43315,1.29,2.32
2011.06.02 01:11:22.846,5.42965,5.43315,1.35,2.32
2011.06.02 01:11:25.950,5.42965,5.43315,1.35,2.32
2011.06.02 01:11:26.660,5.42965,5.43315,1.35,2.32
2011.06.02 01:11:28.471,5.42965,5.43315,1.35,2.32
2011.06.02 01:11:30.890,5.42965,5.43315,1.35,2.32
2011.06.02 01:11:31.450,5.42965,5.43315,1.35,2.32
2011.06.02 01:11:31.671,5.42977,5.43315,1.29,2.32
2011.06.02 01:11:33.435,5.42965,5.43315,1.35,2.32
2011.06.02 01:11:35.391,5.43031,5.43344,1.35,2.32
2011.06.02 01:11:35.499,5.43031,5.43344,1.35,2.32
2011.06.02 01:11:35.942,5.43037,5.43344,1.29,2.32
2011.06.02 01:11:36.049,5.43037,5.43344,1.29,2.32
2011.06.02 01:11:37.221,5.43037,5.43344,1.29,2.32
2011.06.02 01:11:40.790,5.43051,5.43298,1.50,1.57
2011.06.02 01:11:41.240,5.43057,5.43288,1.50,1.50
2011.06.02 01:11:41.572,5.43069,5.43298,1.50,1.50
2011.06.02 01:11:41.684,5.43069,5.43298,1.50,1.50
2011.06.02 01:11:42.012,5.43069,5.43291,1.50,1.50
2011.06.02 01:11:42.120,5.43062,5.43288,1.50,1.50
2011.06.02 01:11:42.232,5.43059,5.43286,2.10,1.50
2011.06.02 01:11:42.474,5.43059,5.43286,1.35,1.50
2011.06.02 01:11:43.713,5.43059,5.43285,1.35,1.50
2011.06.02 01:11:44.040,5.43051,5.43278,1.50,1.50
2011.06.02 01:11:44.151,5.43051,5.43278,1.50,1.50
2011.06.02 01:11:44.260,5.43038,5.43266,1.50,1.50
2011.06.02 01:11:44.481,5.43038,5.43265,1.50,1.50
2011.06.02 01:11:44.810,5.4303,5.43261,1.35,1.50
2011.06.02 01:11:46.941,5.4303,5.43261,1.35,1.50
2011.06.02 01:11:47.272,5.4305,5.43277,1.50,1.50
2011.06.02 01:11:48.224,5.43035,5.43261,1.50,1.50
2011.06.02 01:11:48.335,5.43034,5.43261,1.50,1.50
2011.06.02 01:11:48.683,5.43034,5.43261,1.50,1.50
2011.06.02 01:11:48.790,5.4303,5.43261,1.35,1.50
2011.06.02 01:11:48.902,5.43011,5.43242,1.50,1.50
2011.06.02 01:11:49.232,5.43011,5.43242,1.50,1.50
2011.06.02 01:11:49.339,5.43003,5.43243,1.50,1.50
2011.06.02 01:11:49.673,5.43001,5.43229,1.50,1.50
2011.06.02 01:11:49.780,5.43001,5.43229,1.50,1.50
2011.06.02 01:11:49.889,5.42997,5.43226,1.50,1.50
2011.06.02 01:11:50.221,5.42994,5.43217,1.35,1.50
2011.06.02 01:11:53.581,5.42983,5.43214,1.50,1.50
2011.06.02 01:11:54.201,5.42983,5.4321,1.50,1.50
2011.06.02 01:11:54.314,5.42981,5.43209,1.50,1.50
2011.06.02 01:11:54.420,5.42981,5.43209,1.50,1.50
2011.06.02 01:11:55.042,5.42981,5.43209,1.50,1.50
2011.06.02 01:11:57.291,5.42981,5.43209,1.50,1.50
2011.06.02 01:11:57.400,5.42981,5.43209,1.50,1.50
2011.06.02 01:11:57.514,5.42989,5.43209,1.50,1.50
2011.06.02 01:11:57.950,5.42991,5.43218,1.50,1.50
2011.06.02 01:11:58.389,5.43003,5.43218,1.50,1.50
2011.06.02 01:11:58.610,5.43003,5.43226,1.50,1.35
2011.06.02 01:11:58.831,5.43009,5.43226,1.50,1.35
2011.06.02 01:12:01.901,5.42992,5.43226,1.50,1.35
2011.06.02 01:12:02.121,5.43009,5.43226,1.50,1.35
2011.06.02 01:12:03.362,5.43002,5.43247,1.50,1.72
2011.06.02 01:12:03.473,5.43002,5.4322,1.50,1.50
2011.06.02 01:12:03.581,5.42994,5.4322,1.50,1.50
2011.06.02 01:12:03.802,5.42994,5.43223,1.50,1.50
2011.06.02 01:12:05.659,5.42992,5.43219,1.35,1.50
2011.06.02 01:12:06.911,5.43008,5.43235,1.50,1.72
2011.06.02 01:12:07.019,5.43008,5.43221,1.50,1.50
2011.06.02 01:12:07.129,5.42993,5.43223,1.50,1.50
2011.06.02 01:12:07.460,5.42994,5.43223,1.50,1.50
2011.06.02 01:12:08.151,5.42995,5.43223,1.50,1.50
2011.06.02 01:12:08.264,5.42995,5.43223,1.50,1.50
2011.06.02 01:12:09.790,5.42997,5.43238,1.50,1.50
2011.06.02 01:12:10.121,5.42994,5.43223,1.50,1.50
2011.06.02 01:12:14.511,5.42992,5.43223,1.35,1.72
2011.06.02 01:12:14.621,5.42992,5.43223,1.35,1.72
2011.06.02 01:12:15.131,5.42992,5.43208,1.35,1.50
2011.06.02 01:12:17.910,5.42994,5.43223,1.50,1.50
2011.06.02 01:12:18.240,5.42994,5.43223,1.50,1.50
2011.06.02 01:12:29.689,5.42994,5.4321,1.50,1.50
2011.06.02 01:12:29.800,5.42992,5.4321,1.35,1.50
2011.06.02 01:12:30.841,5.42992,5.43212,1.35,1.50
2011.06.02 01:12:32.539,5.42992,5.43212,1.35,1.50
2011.06.02 01:12:32.650,5.42997,5.43225,1.50,1.72
2011.06.02 01:12:32.870,5.42998,5.43225,1.50,1.50
2011.06.02 01:12:33.311,5.42999,5.43227,1.50,1.50
2011.06.02 01:12:33.591,5.42999,5.43227,1.50,1.50
2011.06.02 01:12:33.912,5.42999,5.43227,1.50,1.50
2011.06.02 01:12:36.520,5.43002,5.43229,1.50,1.50
2011.06.02 01:12:37.210,5.43002,5.43229,1.50,1.50
2011.06.02 01:12:38.431,5.43002,5.43229,1.50,1.50
2011.06.02 01:12:38.540,5.43012,5.43253,1.50,1.50
2011.06.02 01:12:39.167,5.43057,5.43313,1.50,1.57
2011.06.02 01:12:39.718,5.43065,5.43313,1.50,1.57
2011.06.02 01:12:42.700,5.43064,5.43318,1.50,1.72
2011.06.02 01:12:44.599,5.43059,5.43318,1.35,1.72
2011.06.02 01:12:46.300,5.43059,5.43319,1.35,1.72
2011.06.02 01:12:46.862,5.43059,5.43318,1.35,1.72
2011.06.02 01:12:46.971,5.43026,5.43281,1.50,1.72
2011.06.02 01:12:47.083,5.43026,5.43281,1.50,1.72
2011.06.02 01:12:53.421,5.43031,5.43276,1.50,1.72
2011.06.02 01:12:54.685,5.43031,5.43276,1.50,1.72
2011.06.02 01:12:56.063,5.43031,5.43276,1.50,1.72
2011.06.02 01:12:56.450,5.43031,5.43276,1.50,1.72
2011.06.02 01:12:56.561,5.43031,5.43276,1.50,1.72
2011.06.02 01:12:56.671,5.43031,5.43276,1.50,1.72
2011.06.02 01:13:03.302,5.43031,5.43276,1.50,1.72
2011.06.02 01:13:03.531,5.43028,5.43253,1.50,1.35
2011.06.02 01:13:03.644,5.4298,5.43209,1.50,1.50
2011.06.02 01:13:03.754,5.42988,5.43276,2.10,1.72
2011.06.02 01:13:03.861,5.42988,5.43238,2.10,1.50
2011.06.02 01:13:04.411,5.42988,5.43238,2.10,1.50
2011.06.02 01:13:09.561,5.42988,5.43238,2.10,1.50
2011.06.02 01:13:10.089,5.4298,5.43208,1.50,1.50
2011.06.02 01:13:10.202,5.4298,5.43208,1.50,1.50
2011.06.02 01:13:10.310,5.42982,5.43211,1.50,1.50
2011.06.02 01:13:10.752,5.42988,5.43209,1.50,1.50
2011.06.02 01:13:16.090,5.4298,5.43209,1.50,1.50
2011.06.02 01:13:17.142,5.4298,5.43209,1.50,1.50
2011.06.02 01:13:18.032,5.4298,5.43209,1.50,1.50
2011.06.02 01:13:18.253,5.4298,5.43209,1.50,1.50
2011.06.02 01:13:18.362,5.42989,5.43216,1.50,1.50
2011.06.02 01:13:19.537,5.42989,5.43217,1.50,1.50
2011.06.02 01:13:19.891,5.42989,5.43217,1.50,1.50
2011.06.02 01:13:20.112,5.42989,5.43217,1.50,1.50
2011.06.02 01:13:20.662,5.42989,5.43217,1.50,1.50
2011.06.02 01:13:22.442,5.43005,5.43219,1.50,1.50
2011.06.02 01:13:22.551,5.43005,5.43234,1.50,1.57
2011.06.02 01:13:25.170,5.43027,5.43276,1.50,1.35
2011.06.02 01:13:25.281,5.43046,5.43276,1.50,1.35
2011.06.02 01:13:25.611,5.4305,5.43276,1.50,1.35
2011.06.02 01:13:25.943,5.4307,5.43302,1.50,1.50
2011.06.02 01:13:26.051,5.43073,5.43302,1.50,1.50
2011.06.02 01:13:27.510,5.43069,5.43302,1.50,1.50
2011.06.02 01:13:27.733,5.4305,5.43302,1.50,1.72
2011.06.02 01:13:28.060,5.43045,5.43291,1.50,1.50
2011.06.02 01:13:30.829,5.43045,5.43291,1.50,1.50
2011.06.02 01:13:31.162,5.43041,5.43276,1.50,1.35
2011.06.02 01:13:31.274,5.43041,5.43276,1.50,1.57
2011.06.02 01:13:31.379,5.43005,5.43276,1.50,1.57
2011.06.02 01:13:31.711,5.43005,5.43276,1.50,1.57
2011.06.02 01:13:31.822,5.43005,5.43276,1.50,1.57
2011.06.02 01:13:34.684,5.43005,5.43238,1.50,1.50
2011.06.02 01:13:34.909,5.43008,5.43276,1.50,1.57
2011.06.02 01:13:35.502,5.43008,5.43276,1.50,1.57
2011.06.02 01:13:35.617,5.43008,5.43276,1.50,1.57
2011.06.02 01:13:35.731,5.43008,5.43276,1.50,1.57
2011.06.02 01:13:35.945,5.43008,5.43276,1.50,1.57
2011.06.02 01:13:38.479,5.43011,5.43276,1.50,1.57
2011.06.02 01:13:39.402,5.43011,5.43276,1.50,1.57
2011.06.02 01:13:40.550,5.43008,5.43276,1.50,2.32
2011.06.02 01:13:53.171,5.43011,5.43276,1.50,1.57
2011.06.02 01:13:53.982,5.43011,5.43276,1.50,2.32
2011.06.02 01:13:54.350,5.43039,5.43276,1.50,2.32
2011.06.02 01:13:54.900,5.43041,5.43276,1.50,1.57
2011.06.02 01:13:57.380,5.43041,5.43276,1.50,1.57
2011.06.02 01:13:59.490,5.43012,5.43276,1.50,2.32
2011.06.02 01:14:02.502,5.43008,5.43276,1.50,1.57
2011.06.02 01:14:03.420,5.43007,5.43276,1.50,1.57
2011.06.02 01:14:03.990,5.43007,5.43276,1.50,1.57
2011.06.02 01:14:05.628,5.43027,5.43276,1.50,1.57
2011.06.02 01:14:05.741,5.43027,5.43276,1.50,1.57
2011.06.02 01:14:05.962,5.43008,5.43276,1.50,1.57
2011.06.02 01:14:06.352,5.43011,5.43276,1.50,2.32
2011.06.02 01:14:06.738,5.43011,5.43276,1.50,2.32
2011.06.02 01:14:07.801,5.43007,5.43276,1.50,2.32
2011.06.02 01:14:12.250,5.43007,5.43276,1.50,2.32
2011.06.02 01:14:13.852,5.43012,5.43276,1.50,1.57
2011.06.02 01:14:13.962,5.43012,5.43253,1.50,1.35
2011.06.02 01:14:14.070,5.43012,5.43277,1.50,1.72
2011.06.02 01:14:14.181,5.43012,5.43276,1.50,1.72
2011.06.02 01:14:14.290,5.43007,5.43276,1.50,1.72
2011.06.02 01:14:14.621,5.43012,5.43242,1.50,1.50
2011.06.02 01:14:14.731,5.43015,5.4325,1.50,1.50
2011.06.02 01:14:14.840,5.43015,5.43272,1.50,1.50
2011.06.02 01:14:19.520,5.43004,5.4325,1.50,1.72
2011.06.02 01:14:19.631,5.43004,5.43273,1.50,1.72
2011.06.02 01:14:19.741,5.43008,5.43239,1.50,1.50
2011.06.02 01:14:20.289,5.42992,5.43239,1.50,1.50
2011.06.02 01:14:20.400,5.42992,5.43235,1.50,1.50
2011.06.02 01:14:20.509,5.42992,5.43235,1.50,1.50
2011.06.02 01:14:20.840,5.42996,5.43235,1.50,1.50
2011.06.02 01:14:22.162,5.42996,5.43235,1.50,1.50
2011.06.02 01:14:22.491,5.42996,5.43235,1.50,1.50
2011.06.02 01:14:22.602,5.42996,5.43235,1.50,1.50
2011.06.02 01:14:24.599,5.42996,5.43235,1.50,1.50
2011.06.02 01:14:24.821,5.43004,5.43272,1.50,1.50
2011.06.02 01:14:24.930,5.43004,5.43272,1.50,1.50
2011.06.02 01:14:25.040,5.43007,5.43273,1.50,1.72
2011.06.02 01:14:25.370,5.43008,5.43239,1.50,1.50
2011.06.02 01:14:27.206,5.43007,5.43215,1.50,1.50
2011.06.02 01:14:27.326,5.42967,5.432,1.50,1.50
2011.06.02 01:14:27.899,5.42967,5.432,1.50,1.50
2011.06.02 01:14:28.011,5.42984,5.43227,1.50,1.35
2011.06.02 01:14:28.230,5.43008,5.43227,1.50,1.35
2011.06.02 01:14:28.342,5.43013,5.43227,1.50,1.35
2011.06.02 01:14:31.891,5.43007,5.43227,1.50,1.35
2011.06.02 01:14:32.109,5.43007,5.43227,1.50,1.35
2011.06.02 01:14:32.711,5.43007,5.43227,1.50,1.35
2011.06.02 01:14:36.694,5.43018,5.43227,1.50,1.35
2011.06.02 01:14:43.890,5.43018,5.43227,1.50,1.35
2011.06.02 01:14:44.442,5.43023,5.43251,1.50,1.50
2011.06.02 01:14:44.660,5.43025,5.43253,1.50,1.50
2011.06.02 01:14:44.811,5.43025,5.43253,1.50,1.50
2011.06.02 01:14:44.932,5.43025,5.43253,1.50,1.50
2011.06.02 01:14:46.462,5.43025,5.43253,1.50,1.50
2011.06.02 01:14:48.113,5.43025,5.43253,1.50,1.50
2011.06.02 01:14:52.230,5.43027,5.43254,1.50,1.50
2011.06.02 01:14:52.659,5.43022,5.43251,1.50,1.50
2011.06.02 01:14:52.769,5.43022,5.43251,1.50,1.50
2011.06.02 01:14:52.879,5.43018,5.43247,1.50,1.50
2011.06.02 01:14:54.840,5.43026,5.43254,1.50,1.50
2011.06.02 01:14:55.060,5.43026,5.43258,1.50,1.35
2011.06.02 01:14:55.171,5.43026,5.43258,1.50,1.35
2011.06.02 01:14:55.502,5.43046,5.43258,1.50,1.35
2011.06.02 01:14:56.121,5.43046,5.43287,1.50,1.50
2011.06.02 01:14:56.236,5.43053,5.43291,1.50,1.35
2011.06.02 01:15:00.331,5.43053,5.43291,1.50,1.35
2011.06.02 01:15:00.943,5.43051,5.43291,1.50,1.35
2011.06.02 01:15:01.164,5.43046,5.43287,1.50,1.50
2011.06.02 01:15:01.281,5.43046,5.43291,1.50,1.35
2011.06.02 01:15:01.390,5.43046,5.43291,1.50,1.35
2011.06.02 01:15:01.722,5.43046,5.43291,1.50,1.35
2011.06.02 01:15:02.274,5.43065,5.43291,1.50,1.35
2011.06.02 01:15:02.840,5.43065,5.43291,1.50,1.35
2011.06.02 01:15:04.132,5.43065,5.43291,1.50,1.35
2011.06.02 01:15:04.460,5.43083,5.43312,1.50,1.50
2011.06.02 01:15:04.953,5.43083,5.43312,1.50,1.50
2011.06.02 01:15:06.381,5.43065,5.43312,1.50,1.50
2011.06.02 01:15:06.601,5.43065,5.43311,1.50,1.50
2011.06.02 01:15:08.001,5.43065,5.43307,1.50,1.50
2011.06.02 01:15:08.113,5.43065,5.43307,1.50,1.50
2011.06.02 01:15:08.651,5.43065,5.43304,1.50,1.50
2011.06.02 01:15:08.972,5.43065,5.43304,1.50,1.72
2011.06.02 01:15:09.192,5.43046,5.43304,1.50,1.72
2011.06.02 01:15:10.122,5.43046,5.43304,1.50,1.72
2011.06.02 01:15:11.008,5.43027,5.43276,1.50,1.72
2011.06.02 01:15:13.810,5.43027,5.43276,1.50,1.72
2011.06.02 01:15:14.821,5.43027,5.43276,1.50,1.72
2011.06.02 01:15:14.944,5.43027,5.43276,1.50,1.72
2011.06.02 01:15:17.181,5.43027,5.43276,1.50,1.72
2011.06.02 01:15:20.164,5.43045,5.4327,1.50,1.50
2011.06.02 01:15:20.491,5.43046,5.43276,1.50,1.72
2011.06.02 01:15:23.539,5.43046,5.43274,1.50,1.50
2011.06.02 01:15:23.651,5.43046,5.43274,1.50,1.72
2011.06.02 01:15:23.760,5.43041,5.43276,1.50,1.72
2011.06.02 01:15:23.871,5.43035,5.43276,1.50,1.72
2011.06.02 01:15:24.092,5.43026,5.43273,1.50,1.72
2011.06.02 01:15:24.532,5.43026,5.43269,1.50,1.50
2011.06.02 01:15:24.639,5.43031,5.43277,1.50,1.72
2011.06.02 01:15:24.972,5.43042,5.43277,1.50,1.72
2011.06.02 01:15:25.331,5.43042,5.43277,1.50,1.72
2011.06.02 01:15:25.923,5.43042,5.43277,1.50,1.72
2011.06.02 01:15:26.560,5.43042,5.43291,1.50,1.57
2011.06.02 01:15:26.671,5.43042,5.43291,1.50,1.35
2011.06.02 01:15:28.024,5.43087,5.43311,1.50,1.50
2011.06.02 01:15:28.132,5.43053,5.43311,1.35,1.50
2011.06.02 01:15:29.273,5.43053,5.4331,1.35,1.50
2011.06.02 01:15:29.490,5.43053,5.4331,1.35,1.50
2011.06.02 01:15:29.630,5.43053,5.4331,1.35,1.50
2011.06.02 01:15:29.960,5.43053,5.4331,1.35,1.50
2011.06.02 01:15:30.992,5.43053,5.4331,1.35,1.50
2011.06.02 01:15:31.708,5.43053,5.43295,1.35,1.72
2011.06.02 01:15:32.603,5.43053,5.4331,1.35,1.50
2011.06.02 01:15:32.822,5.43053,5.4331,1.35,1.50
2011.06.02 01:15:33.714,5.43053,5.43296,1.35,1.72
2011.06.02 01:15:33.823,5.43078,5.43296,1.50,1.72
2011.06.02 01:15:34.042,5.43053,5.43296,1.35,1.72
2011.06.02 01:15:34.482,5.43034,5.43281,1.50,1.50
2011.06.02 01:15:34.702,5.43027,5.43276,1.50,1.72
2011.06.02 01:15:36.000,5.43027,5.43276,1.50,1.72
2011.06.02 01:15:36.441,5.43027,5.43272,1.50,1.72
2011.06.02 01:15:38.511,5.43032,5.43282,1.50,1.72
2011.06.02 01:15:39.242,5.43026,5.43272,1.50,1.72
2011.06.02 01:15:40.920,5.43034,5.43273,1.50,1.72
2011.06.02 01:15:41.551,5.43035,5.43273,1.50,1.72
2011.06.02 01:15:42.849,5.43035,5.43276,1.50,1.72
2011.06.02 01:15:42.959,5.43042,5.43276,1.50,1.72
2011.06.02 01:15:43.180,5.43042,5.43295,1.50,1.72
2011.06.02 01:15:44.023,5.43042,5.43295,1.50,1.72
2011.06.02 01:15:44.133,5.43042,5.43295,1.50,1.72
2011.06.02 01:15:44.894,5.43042,5.43296,1.50,1.72
2011.06.02 01:15:45.221,5.43067,5.43296,1.50,1.50
2011.06.02 01:15:45.402,5.43067,5.43296,1.50,1.50
2011.06.02 01:15:47.469,5.43067,5.43296,1.50,1.50
2011.06.02 01:15:47.800,5.43071,5.43296,1.50,1.50
2011.06.02 01:15:47.911,5.43071,5.43296,1.50,1.50
2011.06.02 01:15:48.242,5.43074,5.433,1.50,1.35
2011.06.02 01:15:48.460,5.43076,5.433,1.50,1.35
2011.06.02 01:15:50.160,5.43076,5.433,1.50,1.35
2011.06.02 01:15:50.270,5.43076,5.433,1.50,1.35
2011.06.02 01:15:51.387,5.43083,5.433,1.50,1.35
2011.06.02 01:15:51.505,5.43088,5.43316,1.50,1.50
2011.06.02 01:15:51.842,5.43088,5.43316,1.50,1.50
2011.06.02 01:15:51.952,5.4309,5.43316,1.50,1.50
2011.06.02 01:15:52.712,5.43092,5.43317,1.50,1.35
2011.06.02 01:15:53.420,5.43095,5.43317,1.50,1.35
2011.06.02 01:15:54.061,5.43096,5.43317,1.50,1.35
2011.06.02 01:15:57.191,5.43099,5.43317,1.50,1.35
2011.06.02 01:15:57.661,5.43097,5.43317,1.50,1.35
2011.06.02 01:15:59.249,5.43097,5.43317,1.50,1.35
2011.06.02 01:16:00.098,5.43121,5.43355,1.50,1.35
2011.06.02 01:16:02.423,5.43129,5.43355,1.50,1.35
2011.06.02 01:16:02.641,5.43129,5.43355,1.50,1.35
2011.06.02 01:16:02.750,5.43129,5.43355,1.50,1.35
2011.06.02 01:16:02.862,5.43128,5.43355,1.50,1.35
2011.06.02 01:16:04.044,5.43106,5.43353,1.50,1.72
2011.06.02 01:16:05.299,5.43106,5.43353,1.50,1.72
2011.06.02 01:16:10.610,5.43122,5.43363,1.50,1.35
2011.06.02 01:16:10.719,5.43122,5.43386,1.50,1.50
2011.06.02 01:16:10.941,5.43129,5.43386,1.50,1.50
2011.06.02 01:16:11.271,5.43132,5.43387,1.50,1.50
2011.06.02 01:16:13.365,5.43132,5.43391,1.50,1.72
2011.06.02 01:16:13.481,5.43132,5.43368,1.50,1.50
2011.06.02 01:16:13.812,5.43106,5.43345,1.50,1.50
2011.06.02 01:16:14.139,5.43117,5.43345,1.50,1.50
2011.06.02 01:16:15.182,5.43118,5.43359,1.50,1.50
2011.06.02 01:16:15.291,5.43118,5.43359,1.50,1.50
2011.06.02 01:16:15.404,5.43118,5.43391,1.50,1.50
2011.06.02 01:16:21.353,5.43118,5.43391,1.50,1.50
2011.06.02 01:16:21.683,5.43159,5.4339,1.50,1.50
2011.06.02 01:16:22.574,5.43159,5.4339,1.50,1.50
2011.06.02 01:16:24.163,5.43159,5.4339,1.50,1.50
2011.06.02 01:16:24.493,5.43162,5.43432,1.50,2.10
2011.06.02 01:16:24.713,5.4321,5.43432,1.50,2.10
2011.06.02 01:16:25.040,5.4317,5.43431,1.50,1.50
2011.06.02 01:16:25.591,5.43194,5.43432,1.50,2.10
2011.06.02 01:16:26.298,5.43196,5.43431,1.50,1.50
2011.06.02 01:16:27.491,5.43197,5.43429,1.50,1.50
2011.06.02 01:16:31.822,5.43197,5.43432,1.50,2.10
2011.06.02 01:16:33.844,5.43179,5.43432,1.50,2.32
2011.06.02 01:16:34.071,5.43193,5.43409,1.50,1.50
2011.06.02 01:16:34.182,5.43193,5.43409,1.50,1.50
2011.06.02 01:16:34.294,5.43193,5.43432,1.50,2.10
2011.06.02 01:16:35.221,5.43187,5.43415,1.50,1.50
2011.06.02 01:16:36.810,5.43187,5.43415,1.50,1.50
2011.06.02 01:16:37.032,5.43199,5.43427,1.50,1.50
2011.06.02 01:16:37.252,5.432,5.43428,1.50,1.50
2011.06.02 01:16:43.072,5.432,5.43428,1.50,1.50
2011.06.02 01:16:43.289,5.43188,5.43415,1.50,1.50
2011.06.02 01:16:45.383,5.43188,5.43415,1.50,1.50
2011.06.02 01:16:45.490,5.43219,5.43425,1.50,1.50
2011.06.02 01:16:45.603,5.43219,5.43432,1.50,1.50
2011.06.02 01:16:45.714,5.43198,5.43432,1.35,1.50
2011.06.02 01:16:46.041,5.43198,5.43432,1.35,1.50
2011.06.02 01:16:46.151,5.43198,5.43453,1.35,1.35
2011.06.02 01:16:48.141,5.432,5.43453,1.50,1.35
2011.06.02 01:16:49.180,5.432,5.43453,1.50,1.35
2011.06.02 01:16:49.510,5.43231,5.43453,1.50,1.35
2011.06.02 01:16:52.082,5.43236,5.43453,1.50,1.35
2011.06.02 01:16:53.842,5.43238,5.43453,1.50,1.35
2011.06.02 01:16:54.479,5.43286,5.43499,1.50,1.35
2011.06.02 01:16:54.596,5.43294,5.43522,1.50,1.50
2011.06.02 01:16:54.714,5.43299,5.43523,1.50,1.50
2011.06.02 01:16:54.823,5.43307,5.43533,1.50,1.43
2011.06.02 01:16:55.045,5.43311,5.43556,1.50,1.43
2011.06.02 01:16:55.380,5.43328,5.43556,1.50,1.43
2011.06.02 01:16:55.712,5.43369,5.43573,1.50,1.43
2011.06.02 01:16:56.043,5.43386,5.43609,1.50,1.57
2011.06.02 01:16:56.152,5.43386,5.43609,1.50,1.35
2011.06.02 01:16:56.591,5.4339,5.43609,1.50,1.35
2011.06.02 01:16:56.834,5.4339,5.43609,1.50,1.35
2011.06.02 01:16:57.504,5.43368,5.43609,1.20,1.35
2011.06.02 01:16:57.614,5.43349,5.43609,1.50,1.35
2011.06.02 01:16:57.721,5.43348,5.43609,1.95,1.35
2011.06.02 01:16:57.833,5.43351,5.43609,1.50,1.35
2011.06.02 01:16:57.941,5.43366,5.43593,1.50,1.50
2011.06.02 01:16:58.161,5.43366,5.4358,1.50,1.50
2011.06.02 01:16:58.272,5.43348,5.4358,1.50,1.50
2011.06.02 01:16:58.602,5.43348,5.4358,1.50,1.50
2011.06.02 01:16:59.241,5.43348,5.4358,1.50,1.50
2011.06.02 01:16:59.350,5.43349,5.43594,1.50,1.50
2011.06.02 01:16:59.461,5.43318,5.4366,1.35,2.32
2011.06.02 01:16:59.570,5.43328,5.4366,1.20,2.32
2011.06.02 01:16:59.903,5.43318,5.4366,1.35,2.32
2011.06.02 01:17:00.010,5.43318,5.4366,1.35,2.32
2011.06.02 01:17:00.657,5.43338,5.4366,1.29,2.32
2011.06.02 01:17:00.776,5.43338,5.4366,1.29,2.32
2011.06.02 01:17:00.892,5.43338,5.4366,1.29,2.32
2011.06.02 01:17:01.222,5.43338,5.4366,1.29,2.32
2011.06.02 01:17:01.770,5.43347,5.4366,1.20,2.32
2011.06.02 01:17:03.063,5.43347,5.4366,1.20,2.32
2011.06.02 01:17:03.280,5.43338,5.4366,1.20,2.32
2011.06.02 01:17:04.051,5.43338,5.4366,1.20,2.32
2011.06.02 01:17:06.541,5.43318,5.4366,1.35,2.32
2011.06.02 01:17:06.650,5.43327,5.4366,1.20,2.32
2011.06.02 01:17:06.872,5.43328,5.4366,1.20,2.32
2011.06.02 01:17:07.092,5.43338,5.4366,1.20,2.32
2011.06.02 01:17:09.540,5.43327,5.4366,1.20,2.32
2011.06.02 01:17:11.761,5.43327,5.4366,1.20,2.32
2011.06.02 01:17:11.870,5.43318,5.4366,1.35,2.32
2011.06.02 01:17:12.420,5.43318,5.4366,1.35,2.32
2011.06.02 01:17:12.532,5.43318,5.4366,1.35,2.32
2011.06.02 01:17:12.860,5.43304,5.43603,1.35,2.32
2011.06.02 01:17:12.970,5.43304,5.43603,1.35,2.32
2011.06.02 01:17:13.080,5.43304,5.43603,1.35,2.32
2011.06.02 01:17:13.301,5.43304,5.43603,1.35,2.32
2011.06.02 01:17:13.852,5.43304,5.43603,1.35,2.32
2011.06.02 01:17:14.625,5.43262,5.43584,1.35,2.32
2011.06.02 01:17:14.744,5.43262,5.43584,1.35,2.32
2011.06.02 01:17:15.270,5.43262,5.43584,1.35,2.32
2011.06.02 01:17:15.818,5.43262,5.43584,1.35,2.32
2011.06.02 01:17:16.260,5.43262,5.43584,1.35,2.32
2011.06.02 01:17:16.371,5.43262,5.43584,1.35,2.32
2011.06.02 01:17:19.272,5.43262,5.43584,1.35,2.32
2011.06.02 01:17:19.491,5.43262,5.43584,1.35,2.32
2011.06.02 01:17:19.824,5.43262,5.43584,1.35,2.32
2011.06.02 01:17:19.933,5.43262,5.43584,1.35,2.32
2011.06.02 01:17:20.265,5.43267,5.43584,1.50,2.32
2011.06.02 01:17:20.682,5.43267,5.43584,1.50,2.32
2011.06.02 01:17:21.915,5.43262,5.43584,1.35,2.32
2011.06.02 01:17:22.193,5.43262,5.43584,1.35,2.32
2011.06.02 01:17:22.521,5.43288,5.43584,1.50,2.32
2011.06.02 01:17:22.742,5.43308,5.43616,1.35,2.32
2011.06.02 01:17:22.851,5.43308,5.43616,2.10,2.32
2011.06.02 01:17:23.292,5.43308,5.43616,1.35,2.32
2011.06.02 01:17:23.401,5.43308,5.43616,1.35,2.32
2011.06.02 01:17:23.675,5.43308,5.43616,1.35,2.32
2011.06.02 01:17:26.131,5.43329,5.43658,1.35,2.32
2011.06.02 01:17:28.000,5.43329,5.43658,1.35,2.32
2011.06.02 01:17:28.441,5.43329,5.43658,1.35,2.32
2011.06.02 01:17:28.553,5.43329,5.43658,1.35,2.32
2011.06.02 01:17:28.770,5.43329,5.43658,1.35,2.32
2011.06.02 01:17:28.885,5.43329,5.43658,1.35,2.32
2011.06.02 01:17:28.991,5.43329,5.43658,1.35,2.32
2011.06.02 01:17:29.104,5.43329,5.43658,1.35,2.32
2011.06.02 01:17:29.210,5.43329,5.43658,1.35,2.32
2011.06.02 01:17:31.562,5.43329,5.43658,1.35,2.32
2011.06.02 01:17:34.302,5.43329,5.43637,1.35,1.57
2011.06.02 01:17:36.139,5.43329,5.43572,1.35,1.72
2011.06.02 01:17:36.799,5.43329,5.43549,1.35,1.50
2011.06.02 01:17:37.431,5.43319,5.43548,1.50,1.50
2011.06.02 01:17:39.862,5.43319,5.43548,1.50,1.50
2011.06.02 01:17:41.025,5.43319,5.43537,1.50,1.50
2011.06.02 01:17:41.144,5.43305,5.43537,1.35,1.50
2011.06.02 01:17:42.832,5.43276,5.43537,1.50,1.50
2011.06.02 01:17:44.802,5.43292,5.43537,1.50,1.50
2011.06.02 01:17:45.451,5.43291,5.43531,1.50,1.50
2011.06.02 01:17:47.248,5.43291,5.4353,1.50,1.50
2011.06.02 01:17:47.581,5.43292,5.4352,1.50,1.50
2011.06.02 01:17:49.601,5.43293,5.43522,1.50,1.50
2011.06.02 01:17:50.310,5.43293,5.43522,1.50,1.50
2011.06.02 01:17:50.420,5.43295,5.43538,1.50,1.50
2011.06.02 01:17:50.751,5.43295,5.43542,1.50,1.72
2011.06.02 01:17:52.541,5.43295,5.43538,1.50,1.50
2011.06.02 01:17:53.212,5.43295,5.43537,1.50,1.50
2011.06.02 01:17:53.322,5.43319,5.43537,1.50,1.50
2011.06.02 01:17:53.542,5.433,5.43542,1.50,1.50
2011.06.02 01:17:55.311,5.433,5.43542,1.50,1.50
2011.06.02 01:17:55.639,5.43322,5.43551,1.50,1.50
2011.06.02 01:17:56.079,5.43324,5.43551,1.50,1.50
2011.06.02 01:17:56.189,5.43326,5.43551,1.50,1.50
2011.06.02 01:17:56.521,5.43326,5.43553,1.50,1.50
2011.06.02 01:17:57.021,5.43326,5.43553,1.50,1.50
2011.06.02 01:17:57.602,5.43323,5.43553,1.50,1.50
2011.06.02 01:17:58.566,5.43323,5.43552,1.50,1.50
2011.06.02 01:17:58.792,5.43333,5.43579,1.50,1.35
2011.06.02 01:18:01.985,5.43333,5.43579,1.50,1.35
2011.06.02 01:18:02.158,5.43333,5.43579,1.50,1.35
2011.06.02 01:18:02.491,5.43337,5.4358,1.50,1.50
2011.06.02 01:18:02.940,5.4334,5.4358,1.50,1.50
2011.06.02 01:18:03.540,5.4334,5.4358,1.50,1.50
2011.06.02 01:18:06.929,5.43344,5.4358,1.50,1.50
2011.06.02 01:18:07.391,5.43334,5.43575,1.50,1.50
2011.06.02 01:18:08.160,5.43334,5.43575,1.50,1.50
2011.06.02 01:18:09.495,5.43334,5.43575,1.50,1.50
2011.06.02 01:18:10.442,5.43334,5.43575,1.50,1.50
2011.06.02 01:18:10.942,5.43334,5.43575,1.50,1.50
2011.06.02 01:18:11.272,5.43334,5.43575,1.50,1.50
2011.06.02 01:18:11.381,5.43358,5.43586,1.50,1.50
2011.06.02 01:18:11.600,5.43359,5.43587,1.50,1.50
2011.06.02 01:18:12.383,5.43362,5.43589,1.50,1.50
2011.06.02 01:18:19.363,5.43359,5.43587,1.50,1.50
2011.06.02 01:18:22.757,5.43359,5.43587,1.50,1.50
2011.06.02 01:18:22.869,5.43355,5.43587,1.50,1.50
2011.06.02 01:18:23.861,5.4336,5.43588,1.50,1.50
2011.06.02 01:18:25.151,5.43336,5.43588,1.50,1.72
2011.06.02 01:18:25.736,5.43334,5.43575,1.50,1.50
2011.06.02 01:18:26.072,5.43323,5.43552,1.50,1.50
2011.06.02 01:18:26.620,5.43323,5.4355,1.50,1.50
2011.06.02 01:18:26.730,5.43321,5.4355,1.50,1.50
2011.06.02 01:18:27.116,5.4332,5.43548,1.50,1.50
2011.06.02 01:18:29.461,5.43322,5.43551,1.50,1.50
2011.06.02 01:18:29.569,5.43322,5.43551,1.50,1.50
2011.06.02 01:18:29.679,5.43324,5.43551,1.50,1.50
2011.06.02 01:18:36.441,5.43322,5.43549,1.50,1.50
2011.06.02 01:18:36.550,5.43322,5.43549,1.50,1.50
2011.06.02 01:18:36.769,5.43322,5.43549,1.50,1.50
2011.06.02 01:18:36.939,5.43324,5.43549,1.50,1.50
2011.06.02 01:18:37.050,5.43324,5.43549,1.50,1.50
2011.06.02 01:18:37.411,5.43324,5.43551,1.50,1.50
2011.06.02 01:18:40.302,5.43324,5.43551,1.50,1.50
2011.06.02 01:18:43.193,5.43321,5.43549,1.50,1.50
2011.06.02 01:18:43.413,5.4332,5.43547,1.50,1.50
2011.06.02 01:18:52.562,5.43322,5.4355,1.50,1.50
2011.06.02 01:18:55.374,5.43322,5.4355,1.50,1.50
2011.06.02 01:18:55.651,5.43324,5.43551,1.50,1.50
2011.06.02 01:18:55.871,5.43324,5.43551,1.50,1.50
2011.06.02 01:18:57.851,5.43306,5.43533,1.35,1.50
2011.06.02 01:18:57.962,5.43306,5.43533,1.35,1.50
2011.06.02 01:18:58.293,5.43321,5.4355,1.50,1.72
2011.06.02 01:18:58.512,5.4332,5.43547,1.50,1.50
2011.06.02 01:18:58.622,5.4332,5.43547,1.50,1.50
2011.06.02 01:19:03.016,5.4332,5.43547,1.50,1.50
2011.06.02 01:19:03.234,5.433,5.43538,1.50,1.50
2011.06.02 01:19:03.563,5.4332,5.4354,1.50,1.35
2011.06.02 01:19:05.096,5.43283,5.4353,1.50,1.50
2011.06.02 01:19:05.215,5.43283,5.4353,1.50,1.72
2011.06.02 01:19:05.325,5.43285,5.43511,1.50,1.50
2011.06.02 01:19:05.546,5.43284,5.43511,1.50,1.50
2011.06.02 01:19:06.174,5.43289,5.43517,1.50,1.50
2011.06.02 01:19:10.703,5.43289,5.43517,1.50,1.50
2011.06.02 01:19:11.253,5.43289,5.43517,1.50,1.50
2011.06.02 01:19:12.962,5.43289,5.43517,1.50,1.50
2011.06.02 01:19:14.284,5.43289,5.43517,1.50,1.50
2011.06.02 01:19:14.724,5.43289,5.43517,1.50,1.50
2011.06.02 01:19:15.366,5.43282,5.43517,1.50,1.50
2011.06.02 01:19:17.980,5.43282,5.43509,1.50,1.50
2011.06.02 01:19:18.832,5.43277,5.43509,1.50,1.50
2011.06.02 01:19:19.054,5.43257,5.43495,1.50,1.35
2011.06.02 01:19:19.163,5.43257,5.43495,1.50,1.35
2011.06.02 01:19:19.272,5.43261,5.43495,1.50,1.35
2011.06.02 01:19:19.492,5.43284,5.43495,1.50,1.35
2011.06.02 01:19:19.714,5.43286,5.43495,1.50,1.35
2011.06.02 01:19:20.002,5.43286,5.43495,1.50,1.35
2011.06.02 01:19:20.233,5.43286,5.43495,1.50,1.35
2011.06.02 01:19:20.602,5.43286,5.43495,1.50,1.35
2011.06.02 01:19:20.934,5.4329,5.4352,1.50,1.50
2011.06.02 01:19:21.042,5.43299,5.4354,1.50,1.35
2011.06.02 01:19:21.372,5.43299,5.4354,1.50,1.35
2011.06.02 01:19:21.481,5.43299,5.4354,1.50,1.35
2011.06.02 01:19:21.813,5.433,5.43538,1.50,1.50
2011.06.02 01:19:32.432,5.43295,5.43538,1.50,1.50
2011.06.02 01:19:35.341,5.43295,5.43515,1.50,1.50
2011.06.02 01:19:35.452,5.43269,5.43513,1.35,1.50
2011.06.02 01:19:35.562,5.43258,5.43499,1.50,1.50
2011.06.02 01:19:39.236,5.43258,5.43499,1.50,1.50
2011.06.02 01:19:39.352,5.43258,5.43499,1.50,1.72
2011.06.02 01:19:39.682,5.43247,5.43475,1.50,1.50
2011.06.02 01:19:40.445,5.43246,5.43475,1.50,1.50
2011.06.02 01:19:43.086,5.43246,5.43474,1.50,1.50
2011.06.02 01:19:43.432,5.43247,5.43475,1.50,1.50
2011.06.02 01:19:43.811,5.43247,5.43475,1.50,1.50
2011.06.02 01:19:44.186,5.43247,5.43475,1.50,1.50
2011.06.02 01:19:45.063,5.43261,5.43499,1.50,1.50
2011.06.02 01:19:45.283,5.43261,5.43503,1.50,1.72
2011.06.02 01:19:47.732,5.43261,5.435,1.50,1.50
2011.06.02 01:19:47.842,5.43261,5.435,1.50,1.50
2011.06.02 01:19:48.783,5.43258,5.43499,1.50,1.50
2011.06.02 01:19:49.004,5.43235,5.43499,1.50,1.50
2011.06.02 01:19:49.406,5.43235,5.43499,1.50,1.50
2011.06.02 01:19:52.154,5.43235,5.43499,1.50,1.50
2011.06.02 01:19:52.262,5.43235,5.43499,1.50,1.50
2011.06.02 01:19:52.705,5.43235,5.43499,1.50,1.50
2011.06.02 01:19:53.222,5.43238,5.43499,1.50,1.50
2011.06.02 01:19:53.552,5.43238,5.43481,1.50,1.50
2011.06.02 01:19:53.662,5.43238,5.43481,1.50,1.50
2011.06.02 01:19:54.253,5.43239,5.43499,1.50,1.50
2011.06.02 01:19:54.365,5.43239,5.43499,1.50,1.50
2011.06.02 01:19:54.963,5.43254,5.435,1.50,1.50
2011.06.02 01:19:57.169,5.43254,5.435,1.50,1.50
2011.06.02 01:19:57.285,5.43254,5.43476,1.50,1.50
2011.06.02 01:19:57.611,5.43258,5.43499,1.50,1.50
2011.06.02 01:19:58.423,5.43235,5.43477,1.50,1.57
2011.06.02 01:19:58.531,5.43235,5.43474,1.50,1.57
2011.06.02 01:20:00.373,5.43216,5.43466,1.50,1.72
2011.06.02 01:20:01.443,5.43216,5.43466,1.50,1.72
2011.06.02 01:20:01.943,5.43216,5.43466,1.50,1.72
2011.06.02 01:20:02.793,5.43216,5.43466,1.50,1.72
2011.06.02 01:20:04.283,5.43215,5.43463,1.50,1.50
2011.06.02 01:20:04.612,5.43215,5.43463,1.50,1.72
2011.06.02 01:20:04.943,5.43244,5.43472,1.50,1.50
2011.06.02 01:20:06.649,5.43262,5.43472,1.50,1.50
2011.06.02 01:20:06.767,5.43249,5.43478,1.50,1.50
2011.06.02 01:20:07.102,5.43248,5.43476,1.50,1.50
2011.06.02 01:20:08.405,5.4325,5.43477,1.50,1.50
2011.06.02 01:20:27.864,5.4325,5.43477,1.50,1.50
2011.06.02 01:20:28.082,5.43248,5.43476,1.50,1.50
2011.06.02 01:20:31.306,5.43248,5.43476,1.50,1.50
2011.06.02 01:20:31.421,5.43253,5.43496,1.50,1.35
2011.06.02 01:20:33.081,5.43253,5.43496,1.50,1.35
2011.06.02 01:20:33.823,5.43232,5.43496,1.50,1.35
2011.06.02 01:20:34.041,5.43232,5.43496,1.50,1.35
2011.06.02 01:20:34.153,5.43193,5.43462,1.50,1.57
2011.06.02 01:20:34.262,5.43194,5.43462,1.50,1.57
2011.06.02 01:20:35.245,5.43194,5.43462,1.50,1.57
2011.06.02 01:20:35.847,5.43194,5.43462,1.50,1.57
2011.06.02 01:20:35.965,5.43194,5.43462,1.50,1.57
2011.06.02 01:20:37.463,5.43194,5.43462,1.50,1.57
2011.06.02 01:20:38.123,5.43223,5.43462,1.50,1.57
2011.06.02 01:20:40.483,5.43211,5.43462,1.50,1.57
2011.06.02 01:20:40.813,5.43211,5.4344,1.50,1.50
2011.06.02 01:20:41.034,5.43208,5.4344,1.50,1.50
2011.06.02 01:20:41.775,5.43208,5.43435,1.50,1.50
2011.06.02 01:20:41.956,5.43208,5.43435,1.50,1.50
2011.06.02 01:20:42.285,5.43208,5.43435,1.50,1.50
2011.06.02 01:20:42.396,5.43208,5.43435,1.50,1.50
2011.06.02 01:20:42.665,5.43208,5.43435,1.50,1.50
2011.06.02 01:20:43.782,5.43208,5.43435,1.50,1.50
2011.06.02 01:20:44.002,5.43194,5.43424,1.50,1.50
2011.06.02 01:20:44.113,5.43194,5.43424,1.50,1.50
2011.06.02 01:20:44.442,5.43175,5.43415,1.50,1.35
2011.06.02 01:20:47.542,5.43178,5.43415,1.50,1.35
2011.06.02 01:20:50.005,5.43174,5.43415,1.50,1.35
2011.06.02 01:20:52.474,5.43174,5.43415,1.50,1.35
2011.06.02 01:20:52.754,5.43174,5.43415,1.50,1.35
2011.06.02 01:20:55.943,5.43174,5.43415,1.50,1.35
2011.06.02 01:20:56.095,5.43174,5.43415,1.50,1.35
2011.06.02 01:21:07.323,5.43174,5.43415,1.50,1.35
2011.06.02 01:21:07.432,5.43174,5.43415,1.50,1.35
2011.06.02 01:21:11.811,5.43174,5.43415,1.50,1.35
2011.06.02 01:21:12.034,5.43175,5.4341,1.50,1.50
2011.06.02 01:21:13.128,5.43175,5.4341,1.50,1.50
2011.06.02 01:21:14.592,5.43178,5.4341,1.50,1.50
2011.06.02 01:21:14.701,5.43178,5.4341,1.50,1.50
2011.06.02 01:21:15.792,5.43182,5.43415,1.50,1.35
2011.06.02 01:21:17.772,5.43178,5.43415,1.50,1.35
2011.06.02 01:21:17.882,5.43178,5.43415,1.50,1.35
2011.06.02 01:21:18.383,5.43181,5.43415,1.50,1.35
2011.06.02 01:21:18.712,5.43207,5.43415,1.50,1.35
2011.06.02 01:21:18.824,5.43207,5.43415,1.50,1.35
2011.06.02 01:21:18.934,5.43182,5.43415,1.50,1.35
2011.06.02 01:21:19.436,5.43182,5.43415,1.50,1.35
2011.06.02 01:21:23.462,5.43163,5.43415,1.50,1.35
2011.06.02 01:21:23.933,5.43206,5.43415,1.50,1.35
2011.06.02 01:21:24.042,5.43197,5.43415,1.50,1.35
2011.06.02 01:21:24.151,5.43159,5.43415,1.50,1.35
2011.06.02 01:21:24.913,5.43163,5.43415,1.50,1.35
2011.06.02 01:21:26.975,5.43206,5.43415,1.50,1.35
2011.06.02 01:21:27.326,5.43167,5.43415,1.50,1.35
2011.06.02 01:21:27.443,5.43167,5.43415,1.50,1.35
2011.06.02 01:21:31.793,5.43156,5.43415,1.50,1.35
2011.06.02 01:21:31.902,5.43156,5.43415,1.50,1.35
2011.06.02 01:21:32.234,5.43194,5.43415,1.50,1.35
2011.06.02 01:21:34.213,5.43195,5.43422,1.50,1.50
2011.06.02 01:21:35.703,5.43195,5.43422,1.50,1.50
2011.06.02 01:21:35.922,5.43207,5.43432,1.50,1.50
2011.06.02 01:21:38.396,5.43207,5.43435,1.50,1.50
2011.06.02 01:21:38.841,5.43194,5.4342,1.50,1.50
2011.06.02 01:21:39.064,5.43166,5.4342,1.50,1.50
2011.06.02 01:21:40.163,5.43162,5.43421,1.50,1.50
2011.06.02 01:21:40.904,5.43162,5.43421,1.50,1.50
2011.06.02 01:21:41.234,5.43193,5.43434,1.50,1.50
2011.06.02 01:21:41.344,5.43208,5.43434,1.50,1.50
2011.06.02 01:21:42.292,5.43208,5.43435,1.50,1.50
2011.06.02 01:21:42.831,5.43207,5.43435,1.50,1.50
2011.06.02 01:21:42.942,5.43207,5.43435,1.50,1.72
2011.06.02 01:21:43.054,5.43178,5.43405,1.50,1.50
2011.06.02 01:21:43.385,5.43159,5.43412,1.50,1.35
2011.06.02 01:21:43.493,5.43162,5.43412,1.50,1.35
2011.06.02 01:21:44.052,5.43179,5.43412,1.50,1.35
2011.06.02 01:21:44.867,5.43179,5.43412,1.50,1.35
2011.06.02 01:21:51.293,5.43179,5.43412,1.50,1.35
2011.06.02 01:21:52.270,5.43178,5.43412,1.50,1.35
2011.06.02 01:21:52.391,5.43197,5.43412,1.50,1.35
2011.06.02 01:21:52.615,5.43197,5.43424,1.50,1.50
2011.06.02 01:21:53.152,5.43197,5.43424,1.50,1.50
2011.06.02 01:21:55.586,5.43193,5.43424,1.50,1.50
2011.06.02 01:21:55.695,5.43193,5.43424,1.50,1.50
2011.06.02 01:21:58.253,5.43179,5.43425,1.50,1.50
2011.06.02 01:21:58.697,5.43167,5.43425,1.35,1.50
2011.06.02 01:21:59.043,5.43167,5.43425,1.35,1.50
2011.06.02 01:22:02.954,5.43167,5.43425,1.35,1.50
2011.06.02 01:22:08.969,5.4316,5.43425,1.50,1.50
2011.06.02 01:22:12.257,5.43163,5.43424,1.50,1.50
2011.06.02 01:22:12.372,5.43163,5.43424,1.50,1.50
2011.06.02 01:22:12.486,5.43163,5.43424,1.50,1.50
2011.06.02 01:22:13.731,5.43163,5.43424,1.50,1.50
2011.06.02 01:22:15.464,5.43163,5.43424,1.50,1.50
2011.06.02 01:22:16.134,5.43178,5.43425,1.50,1.50
2011.06.02 01:22:18.365,5.43181,5.43425,1.50,1.50
2011.06.02 01:22:18.565,5.43181,5.43425,1.50,1.50
2011.06.02 01:22:18.895,5.43181,5.43425,1.50,1.50
2011.06.02 01:22:19.795,5.43181,5.43428,1.50,2.10
2011.06.02 01:22:20.123,5.43216,5.43439,1.50,1.50
2011.06.02 01:22:20.343,5.4322,5.43451,1.50,1.35
2011.06.02 01:22:20.453,5.4322,5.43451,1.50,1.35
2011.06.02 01:22:21.064,5.4322,5.43451,1.50,1.35
2011.06.02 01:22:21.584,5.4322,5.43451,1.50,1.35
2011.06.02 01:22:22.636,5.4322,5.43451,1.50,1.35
2011.06.02 01:22:23.333,5.4322,5.43451,1.50,1.35
2011.06.02 01:22:23.444,5.4322,5.43451,1.50,1.35
2011.06.02 01:22:23.552,5.43219,5.43451,1.50,1.35
2011.06.02 01:22:23.663,5.43245,5.43451,1.50,1.35
2011.06.02 01:22:24.257,5.4322,5.43451,1.50,1.35
2011.06.02 01:22:32.012,5.4322,5.43451,1.50,1.35
2011.06.02 01:22:34.503,5.4322,5.43451,1.50,1.35
2011.06.02 01:22:38.803,5.4322,5.43451,1.50,1.35
2011.06.02 01:22:39.453,5.4322,5.43451,1.50,1.35
2011.06.02 01:22:41.836,5.43228,5.43469,1.29,1.50
2011.06.02 01:22:41.943,5.4322,5.43469,2.10,1.72
2011.06.02 01:22:42.052,5.4322,5.43469,2.10,1.50
2011.06.02 01:22:42.163,5.43232,5.43466,1.50,1.50
2011.06.02 01:22:42.274,5.43239,5.43499,1.50,1.50
2011.06.02 01:22:42.382,5.43239,5.43499,1.50,1.50
2011.06.02 01:22:49.863,5.43238,5.43503,1.50,1.57
2011.06.02 01:22:50.192,5.43273,5.43538,1.50,1.50
2011.06.02 01:22:50.302,5.43273,5.43538,1.50,1.50
2011.06.02 01:22:50.413,5.43273,5.43504,1.50,1.57
2011.06.02 01:22:50.742,5.43255,5.43503,1.50,1.72
2011.06.02 01:22:50.852,5.43255,5.43484,1.50,1.72
2011.06.02 01:22:50.961,5.43255,5.43484,1.50,1.72
2011.06.02 01:22:51.073,5.43258,5.435,1.50,1.72
2011.06.02 01:22:51.182,5.43258,5.435,1.50,1.50
2011.06.02 01:22:51.404,5.43258,5.435,1.50,1.50
2011.06.02 01:22:52.234,5.43258,5.435,1.50,1.50
2011.06.02 01:22:52.634,5.43258,5.435,1.50,1.50
2011.06.02 01:22:52.853,5.43258,5.435,1.50,1.50
2011.06.02 01:22:55.453,5.43265,5.43499,1.50,1.50
2011.06.02 01:22:56.112,5.43257,5.43497,1.50,1.50
2011.06.02 01:22:56.892,5.43257,5.43497,1.50,1.50
2011.06.02 01:22:57.223,5.43238,5.43497,1.50,1.50
2011.06.02 01:22:57.552,5.4328,5.43507,1.50,1.50
2011.06.02 01:22:57.882,5.43282,5.43509,1.50,1.50
2011.06.02 01:22:58.214,5.43282,5.43496,1.50,1.50
2011.06.02 01:22:58.323,5.43254,5.43496,1.50,1.50
2011.06.02 01:22:58.544,5.43275,5.43502,1.50,1.50
2011.06.02 01:22:59.452,5.43247,5.43493,1.35,1.72
2011.06.02 01:23:01.153,5.43254,5.43493,1.50,1.50
2011.06.02 01:23:01.702,5.43254,5.43484,1.50,1.72
2011.06.02 01:23:02.116,5.43254,5.43484,1.50,1.72
2011.06.02 01:23:02.336,5.43254,5.43484,1.50,1.72
2011.06.02 01:23:03.992,5.43254,5.43484,1.50,1.72
2011.06.02 01:23:04.372,5.43254,5.43484,1.50,1.72
2011.06.02 01:23:04.485,5.43247,5.4348,1.50,1.35
2011.06.02 01:23:05.052,5.43242,5.4348,1.50,1.35
2011.06.02 01:23:05.159,5.43216,5.43465,1.50,1.72
2011.06.02 01:23:05.572,5.43216,5.43465,1.50,1.72
2011.06.02 01:23:07.714,5.43219,5.43466,1.50,1.72
2011.06.02 01:23:12.713,5.43219,5.43466,1.50,1.72
2011.06.02 01:23:13.230,5.43219,5.43466,1.50,1.72
2011.06.02 01:23:15.293,5.43216,5.43466,1.50,1.72
2011.06.02 01:23:15.434,5.43216,5.43466,1.50,1.72
2011.06.02 01:23:17.143,5.43216,5.43466,1.50,1.72
2011.06.02 01:23:17.543,5.43205,5.43465,1.35,1.72
2011.06.02 01:23:17.652,5.43207,5.43465,1.50,1.72
2011.06.02 01:23:17.763,5.43207,5.43436,1.50,1.57
2011.06.02 01:23:17.873,5.43185,5.43435,1.50,1.72
2011.06.02 01:23:17.984,5.43185,5.43435,1.50,1.72
2011.06.02 01:23:18.599,5.43174,5.43428,1.50,1.50
2011.06.02 01:23:18.719,5.43179,5.43428,1.50,1.50
2011.06.02 01:23:24.262,5.43155,5.43428,1.50,1.50
2011.06.02 01:23:24.373,5.43155,5.43401,1.50,1.35
2011.06.02 01:23:24.484,5.43117,5.43391,1.50,1.50
2011.06.02 01:23:24.593,5.43122,5.43391,1.50,1.50
2011.06.02 01:23:25.363,5.43095,5.43356,1.50,1.72
2011.06.02 01:23:25.476,5.43079,5.43352,1.50,1.72
2011.06.02 01:23:25.692,5.43052,5.43315,1.35,1.72
2011.06.02 01:23:25.912,5.43049,5.43314,1.50,1.72
2011.06.02 01:23:26.021,5.43046,5.43314,1.50,1.72
2011.06.02 01:23:31.015,5.4305,5.43315,1.50,1.72
2011.06.02 01:23:32.407,5.43045,5.43314,1.50,1.72
2011.06.02 01:23:33.704,5.43045,5.43314,1.50,1.72
2011.06.02 01:23:34.613,5.43075,5.43314,1.50,1.72
2011.06.02 01:23:34.722,5.4308,5.43315,1.50,1.72
2011.06.02 01:23:34.833,5.4308,5.43318,1.50,1.35
2011.06.02 01:23:35.054,5.43083,5.43323,1.50,1.35
2011.06.02 01:23:35.164,5.43083,5.4333,1.50,1.50
2011.06.02 01:23:35.273,5.43088,5.43353,1.50,1.72
2011.06.02 01:23:35.502,5.43088,5.43352,1.50,1.50
2011.06.02 01:23:35.725,5.43088,5.43356,1.50,1.72
2011.06.02 01:23:36.253,5.43088,5.43356,1.50,1.72
2011.06.02 01:23:36.482,5.43088,5.43352,1.50,1.50
2011.06.02 01:23:39.310,5.43079,5.43353,1.50,1.72
2011.06.02 01:23:40.284,5.43084,5.43353,1.50,1.72
2011.06.02 01:23:42.194,5.43088,5.43352,1.50,1.50
2011.06.02 01:23:43.382,5.43079,5.43353,1.50,1.72
2011.06.02 01:23:44.182,5.43102,5.43353,1.50,1.72
2011.06.02 01:23:47.392,5.43107,5.43353,1.50,1.72
2011.06.02 01:23:47.612,5.43107,5.43353,1.50,1.72
2011.06.02 01:23:47.952,5.4311,5.43357,1.50,1.72
2011.06.02 01:23:48.263,5.4311,5.43357,1.50,1.72
2011.06.02 01:23:53.752,5.4311,5.43359,1.50,1.50
2011.06.02 01:23:54.085,5.43121,5.4339,1.50,2.10
2011.06.02 01:23:55.414,5.43126,5.4339,1.50,2.10
2011.06.02 01:23:57.333,5.43126,5.4339,1.50,2.10
2011.06.02 01:23:57.443,5.4317,5.4339,1.50,2.10
2011.06.02 01:23:57.774,5.43181,5.43428,1.50,1.50
2011.06.02 01:23:57.883,5.43182,5.43428,1.50,1.50
2011.06.02 01:23:58.543,5.43182,5.43432,1.50,1.57
2011.06.02 01:23:58.763,5.43182,5.43432,1.50,2.32
2011.06.02 01:23:58.872,5.43182,5.43432,1.50,2.32
2011.06.02 01:23:59.202,5.43182,5.43432,1.50,2.32
2011.06.02 01:24:00.734,5.43179,5.43432,1.50,2.32
2011.06.02 01:24:03.424,5.43179,5.43432,1.50,2.32
2011.06.02 01:24:05.301,5.43179,5.43432,1.50,2.32
2011.06.02 01:24:05.794,5.43179,5.43429,1.50,1.50
2011.06.02 01:24:08.324,5.43179,5.43429,1.50,1.50
2011.06.02 01:24:20.003,5.43181,5.43429,1.50,1.50
2011.06.02 01:24:20.873,5.43181,5.43429,1.50,1.50
2011.06.02 01:24:21.243,5.43181,5.43429,1.50,1.50
2011.06.02 01:24:21.464,5.43208,5.43432,1.50,1.35
2011.06.02 01:24:21.688,5.43216,5.43442,1.50,1.35
2011.06.02 01:24:22.293,5.4322,5.43466,1.50,1.72
2011.06.02 01:24:22.793,5.43223,5.43465,1.50,1.72
2011.06.02 01:24:23.013,5.43223,5.4347,1.50,1.72
2011.06.02 01:24:23.323,5.4322,5.4347,1.50,1.72
2011.06.02 01:24:23.672,5.43219,5.43465,1.50,1.72
2011.06.02 01:24:23.938,5.43219,5.43465,1.50,1.72
2011.06.02 01:24:24.054,5.43219,5.43443,1.50,1.50
2011.06.02 01:24:24.164,5.432,5.43429,1.50,1.50
2011.06.02 01:24:24.273,5.43211,5.43439,1.50,1.72
2011.06.02 01:24:24.387,5.43194,5.43428,1.50,1.50
2011.06.02 01:24:24.945,5.43181,5.43428,1.50,1.50
2011.06.02 01:24:30.677,5.43178,5.43429,1.50,1.50
2011.06.02 01:24:30.932,5.43178,5.43429,1.50,1.50
2011.06.02 01:24:31.560,5.43178,5.43429,1.50,1.50
2011.06.02 01:24:46.655,5.43187,5.43428,1.50,1.50
2011.06.02 01:24:46.764,5.43197,5.43432,1.50,1.50
2011.06.02 01:24:46.875,5.43212,5.4344,1.50,1.57
2011.06.02 01:24:47.096,5.43235,5.43466,1.50,1.72
2011.06.02 01:24:47.543,5.43239,5.43465,1.50,1.50
2011.06.02 01:24:49.734,5.43215,5.43465,1.50,1.72
2011.06.02 01:24:50.550,5.43235,5.43465,1.50,1.72
2011.06.02 01:24:54.572,5.43231,5.43465,1.50,1.72
2011.06.02 01:24:55.124,5.43231,5.43459,1.50,1.50
2011.06.02 01:24:55.233,5.43235,5.43459,1.50,1.50
2011.06.02 01:24:57.346,5.43235,5.43466,1.50,1.72
2011.06.02 01:24:57.453,5.43235,5.43466,1.50,1.72
2011.06.02 01:24:57.912,5.43235,5.43466,1.50,1.72
2011.06.02 01:25:01.914,5.43235,5.43466,1.50,1.72
2011.06.02 01:25:15.004,5.43235,5.43466,1.50,1.72
2011.06.02 01:25:15.724,5.43235,5.43466,1.50,1.72
2011.06.02 01:25:16.683,5.43242,5.4348,1.50,1.35
2011.06.02 01:25:16.800,5.43246,5.4348,1.50,1.35
2011.06.02 01:25:17.533,5.43249,5.4348,1.50,1.35
2011.06.02 01:25:17.642,5.4325,5.4348,1.50,1.35
2011.06.02 01:25:18.283,5.4325,5.4348,1.50,1.35
2011.06.02 01:25:18.392,5.43269,5.4348,1.50,1.35
2011.06.02 01:25:18.941,5.43272,5.43504,1.50,1.72
2011.06.02 01:25:19.334,5.43272,5.435,1.50,1.50
2011.06.02 01:25:19.896,5.4325,5.435,1.50,1.50
2011.06.02 01:25:20.246,5.43243,5.43497,1.50,1.50
2011.06.02 01:25:21.182,5.43243,5.43497,1.50,1.50
2011.06.02 01:25:21.884,5.43238,5.43497,1.50,1.72
2011.06.02 01:25:21.993,5.43234,5.43465,2.10,1.50
2011.06.02 01:25:22.324,5.43234,5.43466,1.50,1.72
2011.06.02 01:25:33.083,5.43238,5.43467,1.50,1.50
2011.06.02 01:25:33.634,5.43235,5.43465,1.50,1.72
2011.06.02 01:25:33.953,5.43234,5.43463,1.50,1.72
2011.06.02 01:25:35.812,5.43234,5.43465,1.50,1.72
2011.06.02 01:25:36.184,5.43234,5.43465,1.50,1.72
2011.06.02 01:25:37.372,5.43239,5.43467,1.50,1.50
2011.06.02 01:25:37.482,5.43239,5.43467,1.50,1.50
2011.06.02 01:25:37.812,5.43239,5.43467,1.50,1.50
2011.06.02 01:25:38.033,5.43239,5.43467,1.50,1.50
2011.06.02 01:25:38.952,5.4324,5.43467,1.50,1.50
2011.06.02 01:25:39.254,5.4324,5.43469,1.50,1.50
2011.06.02 01:25:39.471,5.4324,5.43469,1.50,1.50
2011.06.02 01:25:39.804,5.4324,5.43469,1.50,1.50
2011.06.02 01:25:40.473,5.4324,5.43469,1.50,1.50
2011.06.02 01:25:40.693,5.43234,5.43465,1.50,1.72
2011.06.02 01:25:40.912,5.43234,5.43465,1.50,1.72
2011.06.02 01:25:42.197,5.43234,5.43465,1.50,1.72
2011.06.02 01:25:42.314,5.43234,5.43465,1.50,1.72
2011.06.02 01:25:45.223,5.43239,5.43466,1.50,1.50
2011.06.02 01:25:45.771,5.4324,5.43469,1.50,1.50
2011.06.02 01:25:45.882,5.43234,5.43466,1.50,1.50
2011.06.02 01:25:46.819,5.43238,5.43466,1.50,1.50
2011.06.02 01:25:49.984,5.43238,5.43466,1.50,1.50
2011.06.02 01:25:50.206,5.43235,5.43466,1.50,1.72
2011.06.02 01:25:50.902,5.43239,5.43466,1.50,1.50
2011.06.02 01:25:51.344,5.43239,5.43466,1.50,1.50
2011.06.02 01:25:51.452,5.43239,5.43466,1.50,1.50
2011.06.02 01:25:52.852,5.43238,5.43466,1.50,1.50
2011.06.02 01:25:53.555,5.43239,5.43471,1.50,1.50
2011.06.02 01:25:53.773,5.43243,5.43471,1.50,1.50
2011.06.02 01:25:54.183,5.43238,5.43471,1.50,1.50
2011.06.02 01:25:54.403,5.4324,5.43468,1.50,1.50
2011.06.02 01:25:54.853,5.43239,5.43468,1.50,1.50
2011.06.02 01:25:55.783,5.43239,5.43466,1.50,1.50
2011.06.02 01:25:55.893,5.43243,5.43466,1.50,1.50
2011.06.02 01:25:56.244,5.43243,5.43471,1.50,1.50
2011.06.02 01:25:57.786,5.43243,5.43471,1.50,1.50
2011.06.02 01:25:58.002,5.43243,5.43468,1.50,1.50
2011.06.02 01:25:58.222,5.4324,5.43468,1.50,1.50
2011.06.02 01:25:59.325,5.4324,5.43468,1.50,1.50
2011.06.02 01:25:59.894,5.4324,5.43468,1.50,1.72
2011.06.02 01:26:00.003,5.43235,5.43463,1.50,1.72
2011.06.02 01:26:05.519,5.43235,5.43463,1.50,1.72
2011.06.02 01:26:05.637,5.43193,5.43424,1.50,1.35
2011.06.02 01:26:05.755,5.43193,5.43424,1.50,1.35
2011.06.02 01:26:06.082,5.43193,5.43424,1.50,2.10
2011.06.02 01:26:06.199,5.43196,5.43432,1.50,1.35
2011.06.02 01:26:06.315,5.43196,5.43461,1.50,1.57
2011.06.02 01:26:12.866,5.43244,5.43461,1.50,1.35
2011.06.02 01:26:12.976,5.43244,5.43461,1.50,1.35
2011.06.02 01:26:13.084,5.43198,5.43461,1.50,1.35
2011.06.02 01:26:13.304,5.43198,5.43461,1.50,1.35
2011.06.02 01:26:16.073,5.432,5.43461,1.50,1.35
2011.06.02 01:26:17.743,5.43198,5.43461,1.50,1.35
2011.06.02 01:26:18.675,5.43201,5.43461,1.50,1.35
2011.06.02 01:26:20.024,5.43197,5.43461,1.50,1.35
2011.06.02 01:26:20.294,5.43197,5.43461,1.50,1.35
2011.06.02 01:26:23.584,5.432,5.43461,1.50,1.35
2011.06.02 01:26:24.180,5.43204,5.43461,1.50,1.35
2011.06.02 01:26:24.924,5.43204,5.43461,1.50,1.35
2011.06.02 01:26:25.255,5.43204,5.43461,1.50,1.35
2011.06.02 01:26:25.363,5.43204,5.43461,1.50,1.35
2011.06.02 01:26:26.727,5.43197,5.43461,1.50,1.35
2011.06.02 01:26:28.939,5.43197,5.43461,1.50,1.57
2011.06.02 01:26:29.059,5.43193,5.43432,1.50,1.50
2011.06.02 01:26:29.393,5.43194,5.43429,1.50,1.50
2011.06.02 01:26:29.504,5.43194,5.43429,1.50,1.50
2011.06.02 01:26:29.982,5.43194,5.43429,1.50,1.50
2011.06.02 01:26:33.393,5.43194,5.43429,1.50,1.50
2011.06.02 01:26:33.614,5.43194,5.43429,1.50,1.50
2011.06.02 01:26:34.015,5.43194,5.43429,1.50,1.50
2011.06.02 01:26:34.233,5.43201,5.43429,1.50,1.50
2011.06.02 01:26:34.453,5.432,5.43451,1.50,1.57
2011.06.02 01:26:35.074,5.43205,5.43451,1.50,1.35
2011.06.02 01:26:39.383,5.43205,5.43451,1.50,1.35
2011.06.02 01:26:39.753,5.43204,5.43451,1.50,1.35
2011.06.02 01:26:46.534,5.43204,5.43451,1.50,1.35
2011.06.02 01:26:46.650,5.43204,5.43451,1.50,1.35
2011.06.02 01:26:46.914,5.43204,5.43451,1.50,1.35
2011.06.02 01:26:47.683,5.43204,5.43451,1.50,1.35
2011.06.02 01:26:49.852,5.43204,5.4344,1.50,1.50
2011.06.02 01:26:49.963,5.43205,5.4343,1.50,1.50
2011.06.02 01:26:50.788,5.43202,5.4343,1.50,1.50
2011.06.02 01:27:03.034,5.43202,5.43435,1.50,1.50
2011.06.02 01:27:03.364,5.43208,5.43437,1.50,1.50
2011.06.02 01:27:03.478,5.43219,5.43463,1.50,1.72
2011.06.02 01:27:03.705,5.43224,5.43466,1.50,1.72
2011.06.02 01:27:03.923,5.43224,5.43463,1.50,1.72
2011.06.02 01:27:04.945,5.43216,5.43462,1.50,1.50
2011.06.02 01:27:05.273,5.43224,5.43465,1.50,1.72
2011.06.02 01:27:05.948,5.43224,5.43465,1.50,1.72
2011.06.02 01:27:06.244,5.43223,5.43463,1.50,1.72
2011.06.02 01:27:07.221,5.43216,5.43463,1.50,1.72
2011.06.02 01:27:08.696,5.43216,5.43463,1.50,1.72
2011.06.02 01:27:08.914,5.43219,5.43466,1.50,1.72
2011.06.02 01:27:15.203,5.43219,5.43466,1.50,1.72
2011.06.02 01:27:15.314,5.43215,5.43445,1.50,1.72
2011.06.02 01:27:16.078,5.43215,5.43443,1.50,1.72
2011.06.02 01:27:16.199,5.43208,5.43437,1.50,1.50
2011.06.02 01:27:16.354,5.4321,5.43437,1.50,1.50
2011.06.02 01:27:17.676,5.4321,5.43437,1.50,1.50
2011.06.02 01:27:17.894,5.43208,5.43435,1.50,1.50
2011.06.02 01:27:18.003,5.43208,5.43435,1.50,1.50
2011.06.02 01:27:18.373,5.43208,5.43435,1.50,1.50
2011.06.02 01:27:19.141,5.43208,5.43435,1.50,1.50
2011.06.02 01:27:19.254,5.43208,5.43435,1.50,1.50
2011.06.02 01:27:20.153,5.43202,5.43435,1.50,1.50
2011.06.02 01:27:20.267,5.43202,5.4343,1.50,1.35
2011.06.02 01:27:20.386,5.43185,5.4343,1.50,1.35
2011.06.02 01:27:20.715,5.43178,5.4339,1.50,1.50
2011.06.02 01:27:20.824,5.43178,5.43404,1.50,1.50
2011.06.02 01:27:21.264,5.4317,5.43396,1.50,1.35
2011.06.02 01:27:21.375,5.43153,5.43382,1.50,1.50
2011.06.02 01:27:21.703,5.43108,5.43334,1.50,1.50
2011.06.02 01:27:21.924,5.43079,5.43334,1.50,1.72
2011.06.02 01:27:22.032,5.43079,5.43336,1.50,1.35
2011.06.02 01:27:24.404,5.43079,5.43336,1.50,1.57
2011.06.02 01:27:24.512,5.4308,5.43319,1.50,1.72
2011.06.02 01:27:24.843,5.43065,5.43319,1.50,1.72
2011.06.02 01:27:24.953,5.43057,5.43319,1.35,1.72
2011.06.02 01:27:27.656,5.43046,5.43314,1.50,1.57
2011.06.02 01:27:27.767,5.43045,5.4328,1.50,1.50
2011.06.02 01:27:27.882,5.43045,5.4328,1.50,1.50
2011.06.02 01:27:29.406,5.43045,5.4328,1.50,1.50
2011.06.02 01:27:30.561,5.43045,5.4328,1.50,1.50
2011.06.02 01:27:32.654,5.43045,5.4328,1.50,1.50
2011.06.02 01:27:33.046,5.43045,5.4328,1.50,1.50
2011.06.02 01:27:34.855,5.43045,5.4328,1.50,1.50
2011.06.02 01:27:35.504,5.43045,5.4328,1.50,1.50
2011.06.02 01:27:36.673,5.43045,5.43277,1.50,1.72
2011.06.02 01:27:36.895,5.43027,5.4328,1.50,1.72
2011.06.02 01:27:37.115,5.4303,5.43277,1.50,1.72
2011.06.02 01:27:37.224,5.4303,5.43277,1.50,1.72
2011.06.02 01:27:37.334,5.4303,5.43277,1.50,1.72
2011.06.02 01:27:37.495,5.4303,5.43277,1.50,1.72
2011.06.02 01:27:41.042,5.4303,5.43277,1.50,1.72
2011.06.02 01:27:41.153,5.43024,5.43251,1.50,1.50
2011.06.02 01:27:41.372,5.4303,5.43289,1.50,1.72
2011.06.02 01:27:41.594,5.4303,5.4328,1.50,1.72
2011.06.02 01:27:41.703,5.4303,5.4328,1.50,1.50
2011.06.02 01:27:41.812,5.4303,5.43292,1.50,1.50
2011.06.02 01:27:41.924,5.4303,5.43314,1.50,2.32
2011.06.02 01:27:42.034,5.43046,5.43314,1.50,2.32
2011.06.02 01:27:47.543,5.43046,5.43314,1.50,2.32
2011.06.02 01:27:50.134,5.43077,5.43314,1.50,1.72
2011.06.02 01:27:50.354,5.43109,5.43347,1.50,1.50
2011.06.02 01:27:50.462,5.43141,5.43353,1.50,1.50
2011.06.02 01:27:50.856,5.4315,5.43354,1.50,1.50
2011.06.02 01:27:50.968,5.4316,5.43394,1.50,1.72
2011.06.02 01:27:51.082,5.4316,5.43394,1.50,1.50
2011.06.02 01:27:51.198,5.4316,5.43393,1.50,1.72
2011.06.02 01:27:51.314,5.43145,5.4339,1.50,1.50
2011.06.02 01:27:53.404,5.43117,5.4339,1.50,1.50
2011.06.02 01:27:53.514,5.43098,5.43352,1.50,1.50
2011.06.02 01:27:54.064,5.43087,5.43356,1.50,1.72
2011.06.02 01:27:54.986,5.43088,5.43356,1.50,1.72
2011.06.02 01:27:56.283,5.43094,5.43357,1.50,1.72
2011.06.02 01:27:56.892,5.43094,5.43356,1.50,1.72
2011.06.02 01:27:57.444,5.43106,5.43363,1.50,1.50
2011.06.02 01:27:59.649,5.43106,5.43357,1.50,1.72
2011.06.02 01:28:00.063,5.43107,5.43353,1.50,1.72
2011.06.02 01:28:01.944,5.43107,5.43353,1.50,1.72
2011.06.02 01:28:02.254,5.43107,5.43353,1.50,1.72
2011.06.02 01:28:02.475,5.43121,5.43353,1.50,1.50
2011.06.02 01:28:02.801,5.43126,5.43357,1.50,1.50
2011.06.02 01:28:13.093,5.43138,5.43357,1.50,1.50
2011.06.02 01:28:13.204,5.4317,5.434,1.50,1.50
2011.06.02 01:28:13.422,5.43179,5.43408,1.50,1.50
2011.06.02 01:28:13.533,5.43178,5.43408,1.50,1.50
2011.06.02 01:28:13.644,5.43181,5.43406,1.50,1.50
2011.06.02 01:28:13.753,5.43181,5.43413,1.50,1.35
2011.06.02 01:28:14.194,5.43179,5.43413,1.50,1.35
2011.06.02 01:28:14.306,5.43172,5.43413,1.50,1.57
2011.06.02 01:28:14.633,5.43172,5.434,1.50,1.50
2011.06.02 01:28:28.486,5.43191,5.43413,1.50,1.35
2011.06.02 01:28:28.704,5.43209,5.43436,1.50,1.50
2011.06.02 01:28:28.815,5.43209,5.43437,1.50,1.50
2011.06.02 01:28:28.925,5.43213,5.43443,1.50,1.35
2011.06.02 01:28:29.033,5.43213,5.43443,1.50,1.35
2011.06.02 01:28:29.144,5.43216,5.43443,1.50,1.35
2011.06.02 01:28:29.505,5.43216,5.43443,1.50,1.35
2011.06.02 01:28:29.612,5.43216,5.43443,1.50,1.35
2011.06.02 01:28:31.719,5.43197,5.43443,1.50,1.35
2011.06.02 01:28:32.367,5.432,5.43443,1.50,1.35
2011.06.02 01:28:35.027,5.4322,5.43472,1.50,1.50
2011.06.02 01:28:35.134,5.43243,5.43472,1.50,1.50
2011.06.02 01:28:35.244,5.43243,5.43472,1.50,1.50
2011.06.02 01:28:35.465,5.43243,5.43472,1.50,1.50
2011.06.02 01:28:35.573,5.43243,5.43472,1.50,1.72
2011.06.02 01:28:35.903,5.43219,5.43471,1.50,1.50
2011.06.02 01:28:36.013,5.43246,5.43474,1.50,1.50
2011.06.02 01:28:38.100,5.4324,5.43468,1.50,1.50
2011.06.02 01:28:38.218,5.4324,5.43468,1.50,1.50
2011.06.02 01:28:38.445,5.43208,5.43455,1.29,1.50
2011.06.02 01:28:38.665,5.432,5.43451,1.50,1.72
2011.06.02 01:28:38.994,5.43196,5.43431,1.50,1.50
2011.06.02 01:28:39.105,5.43205,5.43446,1.50,1.35
2011.06.02 01:28:39.215,5.43205,5.43446,1.50,1.57
2011.06.02 01:28:39.544,5.432,5.43431,1.50,1.50
2011.06.02 01:28:39.654,5.43181,5.43431,1.50,1.50
2011.06.02 01:28:39.983,5.43181,5.43431,1.50,1.50
2011.06.02 01:28:40.764,5.43181,5.43431,1.50,1.50
2011.06.02 01:28:45.225,5.43185,5.43432,1.50,1.72
2011.06.02 01:28:45.464,5.43185,5.43432,1.50,1.72
2011.06.02 01:28:46.784,5.43185,5.43432,1.50,1.72
2011.06.02 01:29:03.994,5.43185,5.43432,1.50,1.72
2011.06.02 01:29:04.602,5.43182,5.43431,1.50,1.50
2011.06.02 01:29:12.413,5.43182,5.43432,1.50,1.72
2011.06.02 01:29:15.623,5.43209,5.43437,1.50,1.50
2011.06.02 01:29:16.367,5.43209,5.43437,1.50,1.50
2011.06.02 01:29:17.555,5.43209,5.43437,1.50,1.50
2011.06.02 01:29:22.962,5.43209,5.43437,1.50,1.50
2011.06.02 01:29:23.291,5.43209,5.43437,1.50,1.50
2011.06.02 01:29:23.903,5.43212,5.4344,1.50,1.50
2011.06.02 01:29:28.124,5.43213,5.43442,1.50,1.50
2011.06.02 01:29:28.344,5.43224,5.43455,1.50,1.50
2011.06.02 01:29:31.050,5.43227,5.43454,1.50,1.50
2011.06.02 01:29:31.955,5.43227,5.43454,1.50,1.50
2011.06.02 01:29:34.164,5.43227,5.43454,1.50,1.72
2011.06.02 01:29:34.274,5.43204,5.43454,1.50,1.72
2011.06.02 01:29:34.604,5.43179,5.43431,1.50,1.50
2011.06.02 01:29:34.714,5.43197,5.43428,1.50,1.50
2011.06.02 01:29:35.813,5.43197,5.43428,1.50,1.50
2011.06.02 01:29:36.434,5.43197,5.43428,1.50,1.50
2011.06.02 01:29:36.925,5.43197,5.43428,1.50,1.50
2011.06.02 01:29:38.574,5.43197,5.43428,1.50,1.50
2011.06.02 01:29:38.904,5.43197,5.43428,1.50,1.50
2011.06.02 01:29:40.043,5.43208,5.43428,1.50,1.50
2011.06.02 01:29:40.486,5.43216,5.43435,1.50,1.50
2011.06.02 01:29:40.703,5.43215,5.43451,1.50,1.50
2011.06.02 01:29:46.703,5.43215,5.43451,1.50,1.50
2011.06.02 01:29:47.352,5.43215,5.43451,1.50,1.50
2011.06.02 01:29:47.573,5.43219,5.43454,1.50,1.50
2011.06.02 01:29:48.223,5.43219,5.43454,1.50,1.50
2011.06.02 01:29:48.434,5.43219,5.43454,1.50,1.50
2011.06.02 01:29:51.846,5.43219,5.43454,1.50,1.50
2011.06.02 01:29:53.117,5.4324,5.43455,1.50,1.50
2011.06.02 01:29:53.230,5.43254,5.43497,1.50,1.50
2011.06.02 01:29:53.455,5.43262,5.43496,1.50,1.50
2011.06.02 01:29:53.675,5.43262,5.43504,1.50,1.72
2011.06.02 01:29:53.785,5.43262,5.43508,1.50,1.72
2011.06.02 01:29:54.742,5.43253,5.43504,1.50,1.72
2011.06.02 01:29:55.193,5.43258,5.43504,1.50,1.72
2011.06.02 01:29:59.332,5.43258,5.43504,1.50,1.72
2011.06.02 01:29:59.886,5.43257,5.43508,1.50,1.72
2011.06.02 01:30:00.103,5.43257,5.43503,1.50,1.72
2011.06.02 01:30:01.989,5.43266,5.43507,1.50,1.72
2011.06.02 01:30:03.513,5.43249,5.43504,1.50,1.72
2011.06.02 01:30:03.640,5.43247,5.43471,1.50,1.50
2011.06.02 01:30:04.394,5.43247,5.43471,1.50,1.50
2011.06.02 01:30:04.504,5.43221,5.43542,1.50,1.72
2011.06.02 01:30:04.614,5.43208,5.43583,1.29,1.57
2011.06.02 01:30:04.725,5.43208,5.43583,1.29,1.57
2011.06.02 01:30:05.921,5.43107,5.43527,1.89,2.10
2011.06.02 01:30:06.145,5.43107,5.43512,1.89,3.22
2011.06.02 01:30:06.395,5.43107,5.43512,1.89,3.22
2011.06.02 01:30:06.760,5.43107,5.43512,1.89,3.22
2011.06.02 01:30:07.326,5.43107,5.43512,1.35,3.22
2011.06.02 01:30:07.656,5.43081,5.43474,1.35,2.10
2011.06.02 01:30:07.873,5.43081,5.43483,1.35,3.22
2011.06.02 01:30:07.986,5.43081,5.43473,1.35,3.22
2011.06.02 01:30:08.317,5.43081,5.43463,1.35,3.22
2011.06.02 01:30:08.962,5.43081,5.43463,1.35,3.22
2011.06.02 01:30:09.183,5.43081,5.43452,1.35,3.22
2011.06.02 01:30:09.627,5.43017,5.43399,1.29,1.35
2011.06.02 01:30:09.845,5.43017,5.43399,1.29,2.10
2011.06.02 01:30:11.112,5.43017,5.43422,1.29,3.22
2011.06.02 01:30:11.222,5.43017,5.43422,1.29,3.22
2011.06.02 01:30:12.426,5.43017,5.43401,1.29,1.35
2011.06.02 01:30:12.753,5.43038,5.43422,1.29,2.47
2011.06.02 01:30:13.084,5.43047,5.43472,1.50,3.22
2011.06.02 01:30:13.196,5.43057,5.43443,1.29,2.10
2011.06.02 01:30:13.306,5.43057,5.43453,1.29,3.22
2011.06.02 01:30:13.524,5.43038,5.43422,1.29,3.22
2011.06.02 01:30:13.637,5.4301,5.43393,1.35,3.22
2011.06.02 01:30:14.075,5.43004,5.43361,1.35,1.35
2011.06.02 01:30:14.185,5.43004,5.43382,1.35,3.22
2011.06.02 01:30:14.404,5.43004,5.43338,1.35,1.35
2011.06.02 01:30:14.622,5.43004,5.43373,1.35,3.22
2011.06.02 01:30:15.366,5.43004,5.43361,1.35,2.10
2011.06.02 01:30:15.483,5.43004,5.43353,1.35,3.22
2011.06.02 01:30:15.964,5.43004,5.43353,1.35,3.22
2011.06.02 01:30:16.073,5.43004,5.43362,1.35,3.22
2011.06.02 01:30:16.845,5.42977,5.43342,1.29,3.22
2011.06.02 01:30:17.064,5.42977,5.43382,2.04,3.07
2011.06.02 01:30:17.284,5.42997,5.43409,1.50,1.57
2011.06.02 01:30:17.505,5.43017,5.43412,2.04,3.07
2011.06.02 01:30:17.860,5.43017,5.43412,2.04,3.07
2011.06.02 01:30:17.981,5.43017,5.43418,2.04,1.95
2011.06.02 01:30:21.674,5.43027,5.43453,1.50,3.22
2011.06.02 01:30:23.626,5.43037,5.43463,1.50,3.22
2011.06.02 01:30:23.846,5.43048,5.43482,1.50,3.22
2011.06.02 01:30:23.955,5.43038,5.43436,1.50,1.35
2011.06.02 01:30:24.285,5.43027,5.43436,1.50,2.10
2011.06.02 01:30:24.394,5.43027,5.43453,1.50,3.22
2011.06.02 01:30:24.614,5.43027,5.43437,1.50,2.10
2011.06.02 01:30:25.064,5.43018,5.43437,1.35,2.10
2011.06.02 01:30:26.324,5.43028,5.43437,1.50,2.10
2011.06.02 01:30:26.434,5.43037,5.43437,1.50,2.10
2011.06.02 01:30:26.544,5.43028,5.43437,1.50,2.10
2011.06.02 01:30:27.393,5.43018,5.43412,1.29,2.47
2011.06.02 01:30:27.509,5.43018,5.43399,1.29,1.35
2011.06.02 01:30:27.624,5.43018,5.43412,1.29,3.22
2011.06.02 01:30:28.017,5.43018,5.43399,1.29,1.35
2011.06.02 01:30:28.695,5.43028,5.43442,1.50,3.22
2011.06.02 01:30:28.914,5.43038,5.43442,1.29,3.22
2011.06.02 01:30:29.244,5.43037,5.43442,1.29,3.22
2011.06.02 01:30:29.356,5.43037,5.43452,2.04,3.22
2011.06.02 01:30:29.465,5.43037,5.43423,1.50,2.47
2011.06.02 01:30:29.684,5.43038,5.43453,1.29,3.22
2011.06.02 01:30:29.905,5.43037,5.43437,1.29,2.10
2011.06.02 01:30:30.235,5.43037,5.43453,1.29,3.22
2011.06.02 01:30:30.348,5.43037,5.43399,1.29,2.10
2011.06.02 01:30:30.468,5.43037,5.43453,1.29,3.22
2011.06.02 01:30:31.130,5.4301,5.43363,1.35,1.35
2011.06.02 01:30:31.462,5.4301,5.43402,1.35,3.22
2011.06.02 01:30:32.315,5.4301,5.43363,1.35,1.35
2011.06.02 01:30:32.422,5.4301,5.43402,1.35,3.22
2011.06.02 01:30:32.813,5.4301,5.43402,1.35,3.22
2011.06.02 01:30:33.144,5.4301,5.434,1.35,2.10
2011.06.02 01:30:33.253,5.4301,5.434,1.35,2.10
2011.06.02 01:30:33.474,5.4301,5.434,1.35,2.10
2011.06.02 01:30:33.585,5.4301,5.434,1.35,2.10
2011.06.02 01:30:34.133,5.43014,5.434,1.35,2.70
2011.06.02 01:30:34.243,5.43014,5.434,1.35,2.70
2011.06.02 01:30:36.583,5.43014,5.434,1.35,2.70
2011.06.02 01:30:36.915,5.4301,5.43383,1.35,2.32
2011.06.02 01:30:37.264,5.4301,5.43383,1.35,2.32
2011.06.02 01:30:39.924,5.4301,5.43383,1.35,2.32
2011.06.02 01:30:40.611,5.43027,5.43383,1.50,2.32
2011.06.02 01:30:41.956,5.43037,5.43423,1.35,1.57
2011.06.02 01:30:44.785,5.43037,5.43403,1.35,1.57
2011.06.02 01:30:45.990,5.43037,5.43412,1.35,3.07
2011.06.02 01:30:46.105,5.43037,5.43402,1.35,1.57
2011.06.02 01:30:46.723,5.43037,5.43402,1.35,1.57
2011.06.02 01:30:47.474,5.43037,5.43392,1.35,1.57
2011.06.02 01:30:48.134,5.43037,5.43397,1.35,1.95
2011.06.02 01:30:48.352,5.43031,5.43354,1.35,2.32
2011.06.02 01:30:48.466,5.43031,5.43354,1.35,2.32
2011.06.02 01:30:48.573,5.43031,5.43354,1.35,2.32
2011.06.02 01:30:48.684,5.43076,5.43395,1.35,2.32
2011.06.02 01:30:48.792,5.43076,5.43395,1.35,2.32
2011.06.02 01:30:49.017,5.43076,5.43395,1.35,2.32
2011.06.02 01:30:50.943,5.43076,5.43395,1.35,2.32
2011.06.02 01:30:51.493,5.43076,5.43395,1.35,2.32
2011.06.02 01:30:51.605,5.43076,5.43395,1.35,2.32
2011.06.02 01:30:54.514,5.43076,5.43395,1.35,2.32
2011.06.02 01:30:57.497,5.43076,5.43395,1.35,2.32
2011.06.02 01:30:57.616,5.43076,5.43395,1.35,2.32
2011.06.02 01:31:03.866,5.43033,5.43392,1.35,2.32
2011.06.02 01:31:04.083,5.43033,5.43392,1.35,2.32
2011.06.02 01:31:05.246,5.43033,5.43392,1.35,2.32
2011.06.02 01:31:06.015,5.43033,5.43392,1.35,2.32
2011.06.02 01:31:06.125,5.43033,5.43392,1.35,2.32
2011.06.02 01:31:07.427,5.43037,5.43392,1.29,2.32
2011.06.02 01:31:08.257,5.43037,5.43392,1.29,2.32
2011.06.02 01:31:09.205,5.43037,5.43392,1.29,2.32
2011.06.02 01:31:09.314,5.43037,5.43392,1.29,2.32
2011.06.02 01:31:10.286,5.43037,5.43392,1.29,2.32
2011.06.02 01:31:12.216,5.43037,5.43392,1.29,2.32
2011.06.02 01:31:12.754,5.43037,5.43392,1.29,2.32
2011.06.02 01:31:13.446,5.43037,5.43392,1.29,2.32
2011.06.02 01:31:23.883,5.43047,5.43392,1.50,2.32
2011.06.02 01:31:23.993,5.43047,5.43392,1.50,2.32
2011.06.02 01:31:24.845,5.43048,5.43392,1.50,2.32
2011.06.02 01:31:25.754,5.43058,5.43392,1.29,2.32
2011.06.02 01:31:26.765,5.43058,5.43392,1.29,2.32
2011.06.02 01:31:26.886,5.43058,5.43392,1.29,2.32
2011.06.02 01:31:27.314,5.43058,5.43392,1.29,2.32
2011.06.02 01:31:27.768,5.43089,5.4342,1.35,2.32
2011.06.02 01:31:29.602,5.43089,5.4342,1.35,2.32
2011.06.02 01:31:29.824,5.43089,5.4342,1.35,2.32
2011.06.02 01:31:30.637,5.43089,5.4342,1.35,2.32
2011.06.02 01:31:31.733,5.43089,5.4342,1.35,2.32
2011.06.02 01:31:33.296,5.43089,5.4342,1.35,2.32
2011.06.02 01:31:33.404,5.43089,5.4342,1.35,2.32
2011.06.02 01:31:33.514,5.43089,5.4342,1.35,2.32
2011.06.02 01:31:33.626,5.43089,5.4342,1.35,2.32
2011.06.02 01:31:37.055,5.43089,5.4342,1.35,2.32
2011.06.02 01:31:37.176,5.43089,5.4342,1.35,2.32
2011.06.02 01:31:37.475,5.43089,5.4342,1.35,2.32
2011.06.02 01:31:39.017,5.43089,5.4342,1.35,2.32
2011.06.02 01:31:39.454,5.43089,5.4342,1.35,2.32
2011.06.02 01:31:39.564,5.43058,5.4337,1.29,2.32
2011.06.02 01:31:41.374,5.43046,5.4337,1.35,2.32
2011.06.02 01:31:41.485,5.43046,5.4337,1.35,2.32
2011.06.02 01:31:42.638,5.43046,5.4337,1.35,2.32
2011.06.02 01:31:42.752,5.43046,5.4337,1.35,2.32
2011.06.02 01:31:43.345,5.43046,5.4337,1.35,2.32
2011.06.02 01:31:45.165,5.43046,5.4337,1.35,2.32
2011.06.02 01:31:46.105,5.43046,5.4337,1.35,2.32
2011.06.02 01:31:46.284,5.43018,5.43337,1.29,2.32
2011.06.02 01:31:49.305,5.43018,5.43337,1.29,2.32
2011.06.02 01:31:49.524,5.43018,5.43337,1.29,2.32
2011.06.02 01:31:54.834,5.43018,5.43337,1.29,2.32
2011.06.02 01:31:56.503,5.43027,5.43337,1.50,2.32
2011.06.02 01:31:56.614,5.43069,5.43382,1.35,2.32
2011.06.02 01:31:56.723,5.43088,5.43382,1.29,2.32
2011.06.02 01:31:56.945,5.43113,5.43429,1.35,2.32
2011.06.02 01:31:57.053,5.43113,5.43429,1.35,2.32
2011.06.02 01:31:58.354,5.43113,5.43429,1.35,2.32
2011.06.02 01:31:58.467,5.43071,5.4341,1.35,2.32
2011.06.02 01:31:58.793,5.43038,5.43353,1.35,2.32
2011.06.02 01:31:59.014,5.43038,5.43353,1.35,2.32
2011.06.02 01:31:59.773,5.43038,5.43353,1.89,2.32
2011.06.02 01:32:05.434,5.43038,5.43353,1.89,2.32
2011.06.02 01:32:05.784,5.43038,5.43353,1.89,2.32
2011.06.02 01:32:06.144,5.43038,5.43353,1.89,2.32
2011.06.02 01:32:06.854,5.43038,5.43353,1.89,2.32
2011.06.02 01:32:07.932,5.43038,5.43353,1.89,2.32
2011.06.02 01:32:08.046,5.43038,5.43353,1.35,2.32
2011.06.02 01:32:08.264,5.43038,5.43353,1.35,2.32
2011.06.02 01:32:08.376,5.43038,5.43353,1.35,2.32
2011.06.02 01:32:09.103,5.43038,5.43353,1.35,2.32
2011.06.02 01:32:09.703,5.43038,5.43353,1.35,2.32
2011.06.02 01:32:09.821,5.43038,5.43353,1.35,2.32
2011.06.02 01:32:12.154,5.43038,5.43353,1.35,2.32
2011.06.02 01:32:12.265,5.43038,5.43353,1.35,2.32
2011.06.02 01:32:12.594,5.43,5.43352,1.35,2.32
2011.06.02 01:32:12.834,5.43018,5.43352,1.29,2.32
2011.06.02 01:32:14.252,5.43018,5.43352,1.29,2.32
2011.06.02 01:32:14.822,5.43018,5.43352,1.29,2.32
2011.06.02 01:32:15.153,5.43017,5.43352,2.04,2.32
2011.06.02 01:32:16.087,5.43038,5.43352,1.29,2.32
2011.06.02 01:32:16.238,5.43038,5.43352,1.29,2.32
2011.06.02 01:32:16.774,5.43038,5.43352,1.29,2.32
2011.06.02 01:32:16.884,5.43038,5.43352,1.29,2.32
2011.06.02 01:32:16.995,5.43038,5.43352,1.29,2.32
2011.06.02 01:32:17.104,5.43,5.43352,1.35,2.32
2011.06.02 01:32:17.214,5.43,5.43352,1.35,2.32
2011.06.02 01:32:17.325,5.43,5.43352,1.35,2.32
2011.06.02 01:32:18.363,5.43,5.43352,1.35,2.32
2011.06.02 01:32:18.474,5.43,5.43352,1.35,2.32
2011.06.02 01:32:18.586,5.43,5.43352,1.35,2.32
2011.06.02 01:32:18.927,5.43,5.43352,1.35,2.32
2011.06.02 01:32:20.161,5.43,5.43352,1.35,2.32
2011.06.02 01:32:20.498,5.43,5.43352,1.35,2.32
2011.06.02 01:32:20.727,5.43018,5.43352,1.29,2.32
2011.06.02 01:32:21.055,5.43018,5.43352,1.29,2.32
2011.06.02 01:32:21.494,5.43018,5.43352,1.29,2.32
2011.06.02 01:32:22.194,5.43018,5.43352,2.04,2.32
2011.06.02 01:32:23.294,5.43027,5.43352,1.50,2.32
2011.06.02 01:32:23.942,5.43057,5.43368,1.29,2.32
2011.06.02 01:32:24.061,5.43057,5.43368,1.29,2.32
2011.06.02 01:32:25.414,5.43058,5.43368,1.50,2.32
2011.06.02 01:32:25.523,5.43058,5.43368,1.50,2.32
2011.06.02 01:32:25.964,5.43088,5.43421,1.29,2.32
2011.06.02 01:32:26.185,5.43088,5.43421,1.29,2.32
2011.06.02 01:32:26.624,5.43088,5.43421,1.29,2.32
2011.06.02 01:32:27.216,5.43088,5.43421,1.29,2.32
2011.06.02 01:32:27.434,5.43086,5.43421,1.35,2.32
2011.06.02 01:32:29.441,5.43087,5.43421,1.29,2.32
2011.06.02 01:32:29.774,5.43087,5.43421,1.29,2.32
2011.06.02 01:32:33.234,5.43086,5.43421,1.35,2.32
2011.06.02 01:32:33.563,5.43086,5.43421,1.35,2.32
2011.06.02 01:32:34.163,5.43086,5.43421,1.35,2.32
2011.06.02 01:32:36.175,5.43088,5.43421,1.29,2.32
2011.06.02 01:32:38.845,5.43088,5.43421,2.04,2.32
2011.06.02 01:32:39.785,5.43088,5.43421,2.04,2.32
2011.06.02 01:32:40.114,5.43108,5.43421,1.29,2.32
2011.06.02 01:32:40.225,5.43133,5.43432,1.35,2.32
2011.06.02 01:32:41.059,5.43133,5.43432,1.35,2.32
2011.06.02 01:32:41.401,5.43133,5.43432,1.35,2.32
2011.06.02 01:32:41.844,5.43133,5.43432,1.35,2.32
2011.06.02 01:32:42.425,5.43133,5.43432,1.35,2.32
2011.06.02 01:32:42.824,5.43088,5.43413,1.29,2.32
2011.06.02 01:32:42.936,5.43083,5.43413,1.35,2.32
2011.06.02 01:32:43.263,5.43041,5.43367,1.35,2.32
2011.06.02 01:32:43.596,5.43,5.43323,1.35,2.32
2011.06.02 01:32:44.352,5.43,5.43323,1.35,2.32
2011.06.02 01:32:44.464,5.43,5.43323,1.35,2.32
2011.06.02 01:32:45.177,5.43,5.43323,1.35,2.32
2011.06.02 01:32:45.292,5.43,5.43323,1.35,2.32
2011.06.02 01:32:45.406,5.43007,5.43323,1.50,2.32
2011.06.02 01:32:45.518,5.43017,5.43323,1.29,2.32
2011.06.02 01:32:45.635,5.43049,5.43369,1.35,2.32
2011.06.02 01:32:45.744,5.43049,5.43369,1.35,2.32
2011.06.02 01:32:45.853,5.43057,5.43369,1.29,2.32
2011.06.02 01:32:45.963,5.43057,5.43369,1.29,2.32
2011.06.02 01:32:46.900,5.43057,5.43369,2.04,2.32
2011.06.02 01:32:47.685,5.43057,5.43369,1.29,2.32
2011.06.02 01:32:47.906,5.43049,5.43369,1.35,2.32
2011.06.02 01:32:48.014,5.43049,5.43369,1.35,2.32
2011.06.02 01:32:48.126,5.43049,5.43369,1.35,2.32
2011.06.02 01:32:48.235,5.43049,5.43369,1.35,2.32
2011.06.02 01:32:48.564,5.43049,5.43369,1.35,2.32
2011.06.02 01:32:49.159,5.43011,5.43351,1.35,2.32
2011.06.02 01:32:49.776,5.43011,5.43351,1.35,2.32
2011.06.02 01:32:50.023,5.43011,5.43351,1.35,2.32
2011.06.02 01:32:50.934,5.43011,5.43351,1.35,2.32
2011.06.02 01:32:51.044,5.43018,5.43351,1.29,2.32
2011.06.02 01:32:51.156,5.43011,5.43351,1.35,2.32
2011.06.02 01:32:51.484,5.43011,5.43351,1.35,2.32
2011.06.02 01:32:51.704,5.43018,5.43351,1.29,2.32
2011.06.02 01:32:51.814,5.43018,5.43351,1.29,2.32
2011.06.02 01:32:52.143,5.43038,5.43351,1.29,2.32
2011.06.02 01:32:54.229,5.43038,5.43351,1.29,2.32
2011.06.02 01:32:54.453,5.43038,5.43351,1.29,2.32
2011.06.02 01:32:55.984,5.43038,5.43351,1.29,2.32
2011.06.02 01:32:56.265,5.43038,5.43351,1.29,2.32
2011.06.02 01:32:56.934,5.43038,5.43351,1.29,2.32
2011.06.02 01:32:59.614,5.43038,5.43351,1.29,2.32
2011.06.02 01:33:00.774,5.43038,5.43351,1.29,2.32
2011.06.02 01:33:02.154,5.43017,5.43351,1.29,2.32
2011.06.02 01:33:02.802,5.43011,5.43351,1.35,2.32
2011.06.02 01:33:03.136,5.43011,5.43351,1.35,2.32
2011.06.02 01:33:05.746,5.43017,5.43351,1.29,2.32
2011.06.02 01:33:05.857,5.43011,5.43351,1.35,2.32
2011.06.02 01:33:09.273,5.43011,5.43351,1.35,2.32
2011.06.02 01:33:09.604,5.43011,5.43351,1.35,2.32
2011.06.02 01:33:10.294,5.43011,5.43351,1.35,2.32
2011.06.02 01:33:12.522,5.43011,5.43351,1.35,2.32
2011.06.02 01:33:12.633,5.43017,5.43351,1.29,2.32
2011.06.02 01:33:12.746,5.43017,5.43351,1.29,2.32
2011.06.02 01:33:13.675,5.43018,5.43351,1.50,2.32
2011.06.02 01:33:13.784,5.43037,5.43351,1.29,2.32
2011.06.02 01:33:14.443,5.43037,5.43351,1.29,2.32
2011.06.02 01:33:15.546,5.43037,5.43351,1.29,2.32
2011.06.02 01:33:15.763,5.43018,5.43351,1.50,2.32
2011.06.02 01:33:16.205,5.43017,5.43351,1.29,2.32
2011.06.02 01:33:16.312,5.43017,5.43351,1.29,2.32
2011.06.02 01:33:16.643,5.43011,5.43351,1.35,2.32
2011.06.02 01:33:17.587,5.43011,5.43351,1.35,2.32
2011.06.02 01:33:18.845,5.43037,5.43351,1.29,2.32
2011.06.02 01:33:19.173,5.43038,5.43351,1.50,2.32
2011.06.02 01:33:19.954,5.43037,5.43351,1.29,2.32
2011.06.02 01:33:21.628,5.43037,5.43351,1.29,2.32
2011.06.02 01:33:22.634,5.43027,5.43351,1.50,2.32
2011.06.02 01:33:22.744,5.43037,5.43351,1.29,2.32
2011.06.02 01:33:23.293,5.43037,5.43351,1.29,2.32
2011.06.02 01:33:23.513,5.43058,5.43377,1.29,2.32
2011.06.02 01:33:23.624,5.43058,5.43377,1.29,2.32
2011.06.02 01:33:23.736,5.43058,5.43377,1.29,2.32
2011.06.02 01:33:24.063,5.43068,5.43377,1.29,2.32
2011.06.02 01:33:24.286,5.43099,5.43418,1.35,2.32
2011.06.02 01:33:31.064,5.43099,5.43418,1.35,2.32
2011.06.02 01:33:31.394,5.43068,5.43425,1.29,2.32
2011.06.02 01:33:34.003,5.43087,5.43425,1.29,2.32
2011.06.02 01:33:34.113,5.43087,5.43425,1.29,2.32
2011.06.02 01:33:34.442,5.43102,5.43417,1.35,2.32
2011.06.02 01:33:35.121,5.43108,5.43417,1.29,2.32
2011.06.02 01:33:35.985,5.43108,5.43417,1.29,2.32
2011.06.02 01:33:37.684,5.43108,5.43417,1.29,2.32
2011.06.02 01:33:38.534,5.43144,5.43476,1.35,2.32
2011.06.02 01:33:38.647,5.43144,5.43476,1.35,2.32
2011.06.02 01:33:38.866,5.43144,5.43476,1.35,2.32
2011.06.02 01:33:39.084,5.43144,5.43476,1.35,2.32
2011.06.02 01:33:44.536,5.43144,5.43476,1.35,2.32
2011.06.02 01:33:45.415,5.43144,5.43476,1.35,2.32
2011.06.02 01:33:46.014,5.43107,5.43429,1.29,2.32
2011.06.02 01:33:46.125,5.43107,5.43429,1.29,2.32
2011.06.02 01:33:46.954,5.43107,5.43429,1.29,2.32
2011.06.02 01:33:50.146,5.43107,5.43429,2.04,2.32
2011.06.02 01:33:51.264,5.43107,5.43429,1.29,2.32
2011.06.02 01:33:51.983,5.43127,5.43429,1.29,2.32
2011.06.02 01:33:52.204,5.43139,5.43469,1.35,2.32
2011.06.02 01:33:52.315,5.43139,5.43469,1.35,2.32
2011.06.02 01:33:52.644,5.4319,5.43498,1.35,2.32
2011.06.02 01:33:52.973,5.4319,5.43498,1.35,2.32
2011.06.02 01:33:53.085,5.4323,5.43542,1.35,3.07
2011.06.02 01:33:53.196,5.4323,5.43547,1.35,2.32
2011.06.02 01:33:53.745,5.4323,5.43547,1.35,2.32
2011.06.02 01:33:55.184,5.43207,5.43546,2.04,2.32
2011.06.02 01:33:55.516,5.43188,5.43546,1.29,2.32
2011.06.02 01:33:56.235,5.43188,5.43546,1.29,2.32
2011.06.02 01:33:59.616,5.43185,5.43543,1.35,1.57
2011.06.02 01:33:59.834,5.43185,5.43543,1.35,1.57
2011.06.02 01:34:00.987,5.43185,5.43546,1.35,2.32
2011.06.02 01:34:01.264,5.43185,5.43543,1.35,1.57
2011.06.02 01:34:02.605,5.43185,5.43546,1.35,2.32
2011.06.02 01:34:02.923,5.43185,5.43543,1.35,1.57
2011.06.02 01:34:03.364,5.43154,5.43504,1.35,2.32
2011.06.02 01:34:03.475,5.43154,5.43504,1.35,2.32
2011.06.02 01:34:03.693,5.43154,5.43493,1.35,1.57
2011.06.02 01:34:03.803,5.43121,5.43454,1.35,2.32
2011.06.02 01:34:04.135,5.43121,5.43454,1.35,2.32
2011.06.02 01:34:04.780,5.43121,5.43454,1.35,2.32
2011.06.02 01:34:05.474,5.43121,5.43454,1.35,2.32
2011.06.02 01:34:07.633,5.43202,5.43454,1.50,2.32
2011.06.02 01:34:08.734,5.43121,5.43454,1.35,2.32
2011.06.02 01:34:13.182,5.43121,5.43454,1.35,2.32
2011.06.02 01:34:16.953,5.43121,5.43454,1.35,2.32
2011.06.02 01:34:24.063,5.43122,5.43404,1.50,1.35
2011.06.02 01:34:24.667,5.43159,5.43404,1.50,1.35
2011.06.02 01:34:24.894,5.43185,5.43432,1.50,1.72
2011.06.02 01:34:25.116,5.43197,5.4344,1.50,1.72
2011.06.02 01:34:25.223,5.43196,5.43447,1.50,2.32
2011.06.02 01:34:25.333,5.43196,5.43447,1.50,2.32
2011.06.02 01:34:25.663,5.432,5.43447,1.50,1.35
2011.06.02 01:34:27.136,5.432,5.43447,1.50,1.35
2011.06.02 01:34:27.384,5.432,5.43447,1.50,1.35
2011.06.02 01:34:34.275,5.432,5.43462,1.50,1.72
2011.06.02 01:34:34.713,5.43231,5.43462,1.50,1.72
2011.06.02 01:34:35.355,5.43235,5.43469,1.50,1.50
2011.06.02 01:34:36.731,5.43238,5.43469,1.50,1.50
2011.06.02 01:34:39.144,5.43236,5.43469,1.50,1.50
2011.06.02 01:34:39.363,5.43236,5.43465,1.50,1.72
2011.06.02 01:34:40.718,5.43239,5.43466,1.50,1.50
2011.06.02 01:34:46.833,5.43239,5.43466,1.50,1.50
2011.06.02 01:34:47.174,5.43239,5.43466,1.50,1.50
2011.06.02 01:34:47.584,5.4324,5.43469,1.50,1.50
2011.06.02 01:34:47.802,5.43242,5.43471,1.50,1.50
2011.06.02 01:34:47.914,5.43242,5.43472,1.50,1.50
2011.06.02 01:34:48.687,5.43243,5.43472,1.50,1.50
2011.06.02 01:34:55.870,5.4324,5.43468,1.50,1.72
2011.06.02 01:34:55.986,5.43216,5.43462,1.50,1.50
2011.06.02 01:34:58.385,5.43216,5.43462,1.50,1.50
2011.06.02 01:34:59.003,5.43216,5.43462,1.50,1.50
2011.06.02 01:34:59.484,5.43216,5.43462,1.50,1.50
2011.06.02 01:35:00.033,5.43215,5.43462,1.50,1.50
2011.06.02 01:35:00.143,5.43215,5.43462,1.50,1.50
2011.06.02 01:35:00.476,5.43215,5.43462,1.50,1.50
2011.06.02 01:35:02.145,5.43205,5.43462,1.50,1.50
2011.06.02 01:35:03.517,5.43205,5.43462,1.50,1.72
2011.06.02 01:35:05.934,5.43216,5.43463,1.50,1.72
2011.06.02 01:35:06.562,5.43219,5.43462,1.50,1.50
2011.06.02 01:35:07.289,5.43219,5.43466,1.50,1.72
2011.06.02 01:35:07.438,5.43219,5.43466,1.50,1.72
2011.06.02 01:35:07.766,5.43219,5.43466,1.50,1.72
2011.06.02 01:35:09.545,5.4322,5.43488,1.50,1.57
2011.06.02 01:35:09.765,5.43234,5.43488,1.50,1.57
2011.06.02 01:35:09.985,5.43234,5.43488,1.50,1.57
2011.06.02 01:35:10.464,5.43234,5.43488,1.50,1.57
2011.06.02 01:35:10.685,5.43234,5.43488,1.50,1.35
2011.06.02 01:35:11.235,5.43234,5.43488,1.50,1.35
2011.06.02 01:35:11.346,5.43235,5.43488,1.50,1.35
2011.06.02 01:35:11.675,5.4322,5.4347,1.50,1.72
2011.06.02 01:35:12.224,5.4322,5.43466,1.50,1.72
2011.06.02 01:35:12.444,5.4322,5.43466,1.50,1.72
2011.06.02 01:35:13.424,5.4322,5.43469,1.50,1.72
2011.06.02 01:35:13.537,5.43228,5.43469,1.29,1.50
2011.06.02 01:35:14.166,5.43253,5.43477,1.50,1.50
2011.06.02 01:35:14.279,5.43257,5.43488,1.50,1.35
2011.06.02 01:35:14.504,5.43257,5.43488,1.50,1.35
2011.06.02 01:35:17.115,5.43247,5.43475,1.50,1.50
2011.06.02 01:35:17.225,5.43247,5.43475,1.50,1.50
2011.06.02 01:35:17.485,5.43235,5.43475,1.50,1.50
2011.06.02 01:35:17.594,5.43235,5.43465,1.50,1.50
2011.06.02 01:35:18.515,5.43235,5.43465,1.50,1.72
2011.06.02 01:35:18.623,5.43235,5.4348,1.50,1.50
2011.06.02 01:35:18.732,5.43235,5.43488,1.50,1.35
2011.06.02 01:35:18.845,5.43234,5.43488,1.50,1.35
2011.06.02 01:35:19.125,5.43234,5.43488,1.50,1.35
2011.06.02 01:35:19.344,5.43234,5.43488,1.50,1.35
2011.06.02 01:35:19.936,5.43234,5.43488,1.50,1.35
2011.06.02 01:35:20.051,5.43257,5.43488,1.50,1.35
2011.06.02 01:35:21.435,5.43265,5.43515,1.50,1.50
2011.06.02 01:35:21.545,5.43287,5.43515,1.50,1.50
2011.06.02 01:35:23.735,5.43287,5.43515,1.50,1.50
2011.06.02 01:35:23.952,5.43287,5.43515,1.50,1.50
2011.06.02 01:35:24.534,5.43278,5.43506,1.50,1.50
2011.06.02 01:35:24.649,5.4328,5.43507,1.50,1.50
2011.06.02 01:35:25.844,5.43257,5.43507,2.25,1.72
2011.06.02 01:35:26.174,5.43257,5.435,1.50,1.50
2011.06.02 01:35:26.703,5.43257,5.435,1.50,1.50
2011.06.02 01:35:27.583,5.43257,5.43503,1.50,1.72
2011.06.02 01:35:28.134,5.43317,5.43526,1.50,1.57
2011.06.02 01:35:28.243,5.4332,5.43548,1.50,1.50
2011.06.02 01:35:28.576,5.43333,5.43568,1.50,1.35
2011.06.02 01:35:29.016,5.43333,5.43568,1.50,1.35
2011.06.02 01:35:29.907,5.4333,5.43568,1.50,1.35
2011.06.02 01:35:30.124,5.4333,5.43568,1.50,1.35
2011.06.02 01:35:30.553,5.4333,5.43568,1.50,1.35
2011.06.02 01:35:30.817,5.4333,5.43568,1.50,1.35
2011.06.02 01:35:30.924,5.4333,5.43568,1.50,1.35
2011.06.02 01:35:31.257,5.4333,5.43568,1.50,1.35
2011.06.02 01:35:31.654,5.4333,5.43568,1.50,1.35
2011.06.02 01:35:31.875,5.43329,5.43568,1.50,1.35
2011.06.02 01:35:31.984,5.43329,5.43568,1.50,1.35
2011.06.02 01:35:32.205,5.43329,5.43568,1.50,1.35
2011.06.02 01:35:32.424,5.43329,5.43568,1.50,1.35
2011.06.02 01:35:33.125,5.43329,5.43568,1.50,1.35
2011.06.02 01:35:33.424,5.43329,5.43564,1.50,1.50
2011.06.02 01:35:34.314,5.43329,5.43564,1.50,1.50
2011.06.02 01:35:35.105,5.43329,5.43564,1.50,1.50
2011.06.02 01:35:36.374,5.4333,5.43564,1.50,1.72
2011.06.02 01:35:37.389,5.4333,5.4356,1.50,1.72
2011.06.02 01:35:37.511,5.43283,5.43541,1.35,1.50
2011.06.02 01:35:38.313,5.43283,5.43541,1.35,1.50
2011.06.02 01:35:39.404,5.43283,5.43541,1.35,1.72
2011.06.02 01:35:39.734,5.43273,5.43504,1.50,1.72
2011.06.02 01:35:40.103,5.43273,5.43504,1.50,1.72
2011.06.02 01:35:40.964,5.43273,5.43531,1.50,1.35
2011.06.02 01:35:41.073,5.43273,5.43531,1.50,1.35
2011.06.02 01:35:41.295,5.43273,5.43531,1.50,1.35
2011.06.02 01:35:41.944,5.43273,5.43531,1.50,1.35
2011.06.02 01:35:42.674,5.43272,5.43531,1.50,1.35
2011.06.02 01:35:42.964,5.43272,5.43531,1.50,1.35
2011.06.02 01:35:48.253,5.43272,5.43531,1.50,1.35
2011.06.02 01:35:48.836,5.43296,5.43531,1.50,1.35
2011.06.02 01:35:52.823,5.43296,5.43545,1.50,1.72
2011.06.02 01:35:53.043,5.43349,5.43575,1.50,1.50
2011.06.02 01:35:53.153,5.4335,5.43578,1.50,1.50
2011.06.02 01:35:57.131,5.4335,5.43578,1.50,1.50
2011.06.02 01:36:02.405,5.43352,5.43579,1.50,1.50
2011.06.02 01:36:09.533,5.43348,5.43577,1.50,1.50
2011.06.02 01:36:10.129,5.43334,5.43577,1.50,1.50
2011.06.02 01:36:10.251,5.4328,5.43537,1.35,1.50
2011.06.02 01:36:10.364,5.4328,5.43537,1.35,1.50
2011.06.02 01:36:10.477,5.43257,5.43507,1.50,2.10
2011.06.02 01:36:10.595,5.43257,5.43504,1.50,1.72
2011.06.02 01:36:10.925,5.43219,5.43497,1.50,1.35
2011.06.02 01:36:11.034,5.43219,5.43497,1.50,1.35
2011.06.02 01:36:11.145,5.43215,5.43465,1.50,1.72
2011.06.02 01:36:11.475,5.43215,5.43462,1.50,1.72
2011.06.02 01:36:12.044,5.4322,5.43465,1.50,1.72
2011.06.02 01:36:12.264,5.4322,5.43469,1.50,1.72
2011.06.02 01:36:18.934,5.43219,5.43469,1.50,1.72
2011.06.02 01:36:19.583,5.4322,5.43465,1.50,1.72
2011.06.02 01:36:19.694,5.4322,5.43462,1.50,1.72
2011.06.02 01:36:19.913,5.4322,5.43462,1.50,1.72
2011.06.02 01:36:20.024,5.43219,5.43466,1.50,1.72
2011.06.02 01:36:21.093,5.4322,5.43469,1.50,1.72
2011.06.02 01:36:22.856,5.43219,5.43497,1.50,1.35
2011.06.02 01:36:23.183,5.43234,5.43497,1.50,1.35
2011.06.02 01:36:23.332,5.43234,5.43497,1.50,1.35
2011.06.02 01:36:23.664,5.43234,5.43497,1.50,1.35
2011.06.02 01:36:24.374,5.43234,5.43497,1.50,1.35
2011.06.02 01:36:24.594,5.43234,5.43496,1.50,1.50
2011.06.02 01:36:26.394,5.43235,5.43496,1.50,1.50
2011.06.02 01:36:26.614,5.43234,5.43497,1.50,1.57
2011.06.02 01:36:26.723,5.43234,5.43493,1.50,1.72
2011.06.02 01:36:26.835,5.43234,5.43493,1.50,1.72
2011.06.02 01:36:27.624,5.43216,5.43466,1.50,1.72
2011.06.02 01:36:29.944,5.43219,5.43466,1.50,1.72
2011.06.02 01:36:30.463,5.43219,5.43469,1.50,1.72
2011.06.02 01:36:32.045,5.43219,5.43469,1.50,1.72
2011.06.02 01:36:32.575,5.43219,5.43469,1.50,1.72
2011.06.02 01:36:33.104,5.43219,5.43465,1.50,1.72
2011.06.02 01:36:33.455,5.43219,5.43465,1.50,1.72
2011.06.02 01:36:35.717,5.43219,5.43465,1.50,1.72
2011.06.02 01:36:35.876,5.43219,5.43465,1.50,1.72
2011.06.02 01:36:36.644,5.43216,5.43465,1.50,1.72
2011.06.02 01:36:37.078,5.43216,5.43465,1.50,1.72
2011.06.02 01:36:37.294,5.43216,5.43465,1.50,1.72
2011.06.02 01:36:39.130,5.43216,5.43465,1.50,1.72
2011.06.02 01:36:39.495,5.43216,5.43454,1.50,1.35
2011.06.02 01:36:39.606,5.43198,5.43437,1.50,1.72
2011.06.02 01:36:39.716,5.43179,5.43429,1.50,1.50
2011.06.02 01:36:39.827,5.43168,5.43396,1.50,1.50
2011.06.02 01:36:40.046,5.43158,5.43395,1.50,1.50
2011.06.02 01:36:40.613,5.4316,5.43413,1.50,1.35
2011.06.02 01:36:42.286,5.43162,5.43413,1.50,1.35
2011.06.02 01:36:42.395,5.43208,5.43428,1.50,1.50
2011.06.02 01:36:42.993,5.43162,5.43406,1.50,1.35
2011.06.02 01:36:43.106,5.43162,5.43406,1.50,1.35
2011.06.02 01:36:44.844,5.43162,5.43429,1.50,1.50
2011.06.02 01:36:44.954,5.43187,5.43435,1.50,1.72
2011.06.02 01:36:45.284,5.43167,5.43428,1.29,1.50
2011.06.02 01:36:49.179,5.43162,5.43428,1.50,1.50
2011.06.02 01:36:49.744,5.43162,5.43428,1.50,1.50
2011.06.02 01:36:50.934,5.43162,5.43428,1.50,1.50
2011.06.02 01:36:52.703,5.43162,5.43424,1.50,1.50
2011.06.02 01:36:54.014,5.43162,5.43424,1.50,1.50
2011.06.02 01:36:54.483,5.43162,5.43429,1.50,1.50
2011.06.02 01:36:54.703,5.43163,5.43424,1.50,1.50
2011.06.02 01:36:56.442,5.43163,5.43424,1.50,1.50
2011.06.02 01:36:56.553,5.43162,5.43428,1.50,1.50
2011.06.02 01:36:58.615,5.43163,5.43425,1.50,1.50
2011.06.02 01:36:59.555,5.43163,5.43425,1.50,1.50
2011.06.02 01:36:59.776,5.43163,5.43401,1.50,1.50
2011.06.02 01:37:00.105,5.43121,5.43391,1.50,1.50
2011.06.02 01:37:00.908,5.43121,5.43357,1.50,1.50
2011.06.02 01:37:01.247,5.43109,5.43357,1.50,1.50
2011.06.02 01:37:06.937,5.43109,5.43357,1.50,1.72
2011.06.02 01:37:13.252,5.43109,5.43357,1.50,1.72
2011.06.02 01:37:13.475,5.43109,5.43368,1.50,1.35
2011.06.02 01:37:13.694,5.43121,5.43364,1.50,1.35
2011.06.02 01:37:14.736,5.43121,5.43364,1.50,1.35
2011.06.02 01:37:14.962,5.43121,5.43364,1.50,1.35
2011.06.02 01:37:15.699,5.43121,5.4336,1.50,1.35
2011.06.02 01:37:16.643,5.43165,5.43379,1.50,1.50
2011.06.02 01:37:19.955,5.43145,5.43379,1.50,1.50
2011.06.02 01:37:21.874,5.43145,5.43378,1.50,1.50
2011.06.02 01:37:24.382,5.43164,5.43393,1.50,1.50
2011.06.02 01:37:24.494,5.43164,5.43393,1.50,1.50
2011.06.02 01:37:24.824,5.43185,5.43398,1.50,1.50
2011.06.02 01:37:24.934,5.43185,5.4342,1.50,1.50
2011.06.02 01:37:31.075,5.43185,5.4342,1.50,1.50
2011.06.02 01:37:31.295,5.43185,5.4342,1.50,1.50
2011.06.02 01:37:39.578,5.43185,5.4342,1.50,1.50
2011.06.02 01:37:41.933,5.43185,5.4342,1.50,1.50
2011.06.02 01:37:46.036,5.4321,5.43424,1.50,1.35
2011.06.02 01:37:47.437,5.4321,5.43424,1.50,1.35
2011.06.02 01:37:47.548,5.43189,5.43424,1.50,1.35
2011.06.02 01:37:48.039,5.43185,5.43424,1.50,1.35
2011.06.02 01:37:48.263,5.43173,5.43401,1.50,1.50
2011.06.02 01:37:50.454,5.43173,5.43401,1.50,1.50
2011.06.02 01:37:52.439,5.43173,5.43401,1.50,1.50
2011.06.02 01:37:52.987,5.43173,5.43401,1.50,1.50
2011.06.02 01:37:57.813,5.43173,5.43401,1.50,1.50
2011.06.02 01:38:00.615,5.43185,5.43424,1.50,1.57
2011.06.02 01:38:00.724,5.43185,5.43424,1.50,1.35
2011.06.02 01:38:00.834,5.43189,5.43424,1.50,1.35
2011.06.02 01:38:11.013,5.43185,5.43424,1.50,1.35
2011.06.02 01:38:11.734,5.43185,5.43424,1.50,1.35
2011.06.02 01:38:14.405,5.4319,5.43424,1.50,1.35
2011.06.02 01:38:14.733,5.43189,5.43424,1.50,1.35
2011.06.02 01:38:17.659,5.43189,5.43424,1.50,1.35
2011.06.02 01:38:17.886,5.43175,5.43424,1.50,1.57
2011.06.02 01:38:17.994,5.43175,5.43404,1.50,1.50
2011.06.02 01:38:18.324,5.43173,5.43402,1.50,1.50
2011.06.02 01:38:18.433,5.43173,5.43398,1.50,1.50
2011.06.02 01:38:18.544,5.43171,5.43398,1.50,1.50
2011.06.02 01:38:20.784,5.43151,5.43389,1.50,1.35
2011.06.02 01:38:23.055,5.43151,5.43389,1.50,1.35
2011.06.02 01:38:26.445,5.43151,5.43389,1.50,1.35
2011.06.02 01:38:31.862,5.43151,5.43389,1.50,1.35
2011.06.02 01:38:31.977,5.43147,5.43386,1.50,1.50
2011.06.02 01:38:35.324,5.43147,5.43386,1.50,1.50
2011.06.02 01:38:36.022,5.43145,5.43374,1.50,1.50
2011.06.02 01:38:36.923,5.43147,5.43374,1.50,1.50
2011.06.02 01:38:37.033,5.43147,5.43387,1.50,1.50
2011.06.02 01:38:39.368,5.43147,5.43387,1.50,1.50
2011.06.02 01:38:39.592,5.43172,5.43389,1.50,1.35
2011.06.02 01:38:39.704,5.43172,5.43389,1.50,1.35
2011.06.02 01:38:39.923,5.43181,5.43428,1.50,2.32
2011.06.02 01:38:40.145,5.43181,5.43428,1.50,2.10
2011.06.02 01:38:40.365,5.43182,5.43428,1.50,1.35
2011.06.02 01:38:40.585,5.43182,5.43428,1.50,2.10
2011.06.02 01:38:40.693,5.43182,5.43428,1.50,2.10
2011.06.02 01:38:41.172,5.43182,5.43428,1.50,2.10
2011.06.02 01:38:42.574,5.43182,5.43424,1.50,1.50
2011.06.02 01:38:43.196,5.43159,5.43424,2.85,1.50
2011.06.02 01:38:44.633,5.4316,5.43428,1.50,2.10
2011.06.02 01:38:46.544,5.43159,5.43421,2.10,1.50
2011.06.02 01:38:48.524,5.4316,5.43416,1.50,1.72
2011.06.02 01:38:50.904,5.4314,5.43387,1.50,1.50
2011.06.02 01:38:51.344,5.4314,5.43387,1.50,1.50
2011.06.02 01:39:06.064,5.43122,5.43393,1.50,1.72
2011.06.02 01:39:06.394,5.43121,5.43391,1.50,1.50
2011.06.02 01:39:06.884,5.43122,5.43393,1.50,1.72
2011.06.02 01:39:12.967,5.43122,5.43393,1.50,1.72
2011.06.02 01:39:13.185,5.43121,5.43371,1.50,1.50
2011.06.02 01:39:13.906,5.43122,5.43368,1.50,1.50
2011.06.02 01:39:15.233,5.43121,5.43372,1.50,1.50
2011.06.02 01:39:17.785,5.43121,5.43372,1.50,1.50
2011.06.02 01:39:19.915,5.43145,5.43372,1.50,1.50
2011.06.02 01:39:20.377,5.4316,5.43391,1.50,1.50
2011.06.02 01:39:20.924,5.43163,5.43416,1.50,1.57
2011.06.02 01:39:21.034,5.43162,5.43416,1.50,1.35
2011.06.02 01:39:21.374,5.43162,5.43416,1.50,1.35
2011.06.02 01:39:21.594,5.43162,5.43416,1.50,1.35
2011.06.02 01:39:22.044,5.43152,5.43416,1.50,1.35
2011.06.02 01:39:22.267,5.43128,5.43416,1.50,1.57
2011.06.02 01:39:22.594,5.43122,5.43393,1.50,1.72
2011.06.02 01:39:22.705,5.43122,5.43393,1.50,1.72
2011.06.02 01:39:27.703,5.43122,5.4339,1.50,1.50
2011.06.02 01:39:29.045,5.43121,5.43393,1.50,1.72
2011.06.02 01:39:33.878,5.43121,5.43393,1.50,1.72
2011.06.02 01:39:34.093,5.43121,5.43372,1.50,1.72
2011.06.02 01:39:34.425,5.43121,5.43391,1.50,1.50
2011.06.02 01:39:34.534,5.43121,5.43391,1.50,1.50
2011.06.02 01:39:35.223,5.43117,5.43386,1.35,1.50
2011.06.02 01:39:37.276,5.43117,5.43382,1.35,1.50
2011.06.02 01:39:37.495,5.4311,5.43378,1.50,1.72
2011.06.02 01:39:40.896,5.4311,5.43378,1.50,1.72
2011.06.02 01:39:41.223,5.43109,5.43357,1.50,1.72
2011.06.02 01:39:41.554,5.43086,5.43357,1.50,1.72
2011.06.02 01:39:41.773,5.43084,5.43353,1.50,1.72
2011.06.02 01:39:41.883,5.43084,5.43353,1.50,1.72
2011.06.02 01:39:42.215,5.43064,5.43318,1.50,1.72
2011.06.02 01:39:42.326,5.43064,5.43315,1.50,1.72
2011.06.02 01:39:42.577,5.43064,5.43315,1.50,1.72
2011.06.02 01:39:43.135,5.43065,5.43311,1.50,1.50
2011.06.02 01:39:43.567,5.43065,5.43311,1.50,1.50
2011.06.02 01:39:44.734,5.43065,5.43311,1.50,1.50
2011.06.02 01:39:44.844,5.43092,5.43321,1.50,1.50
2011.06.02 01:39:45.635,5.43114,5.4336,1.50,1.35
2011.06.02 01:39:45.746,5.43136,5.4336,1.50,1.35
2011.06.02 01:39:45.857,5.43136,5.43387,1.50,1.50
2011.06.02 01:39:45.965,5.43147,5.43393,1.50,1.72
2011.06.02 01:39:49.124,5.43151,5.43401,1.50,2.10
2011.06.02 01:39:49.233,5.43177,5.43401,1.50,2.10
2011.06.02 01:39:49.454,5.43181,5.43402,1.50,1.35
2011.06.02 01:39:50.206,5.43185,5.43424,1.50,1.50
2011.06.02 01:39:52.157,5.43185,5.43424,1.50,1.50
2011.06.02 01:39:53.054,5.43185,5.43424,1.50,1.50
2011.06.02 01:39:53.826,5.43185,5.43424,1.50,1.50
2011.06.02 01:39:54.426,5.43185,5.43424,1.50,1.50
2011.06.02 01:39:54.764,5.43185,5.43424,1.50,1.50
2011.06.02 01:39:55.416,5.4319,5.43424,1.50,1.50
2011.06.02 01:39:57.593,5.4319,5.43424,1.50,1.50
2011.06.02 01:39:57.924,5.432,5.43432,1.50,1.50
2011.06.02 01:40:01.004,5.432,5.43432,1.50,1.50
2011.06.02 01:40:01.644,5.43197,5.43432,1.50,1.50
2011.06.02 01:40:04.063,5.43186,5.43432,1.50,1.72
2011.06.02 01:40:05.094,5.43186,5.43432,1.50,1.72
2011.06.02 01:40:05.835,5.43185,5.43432,1.50,1.50
2011.06.02 01:40:05.945,5.43216,5.43439,1.50,1.35
2011.06.02 01:40:06.545,5.43242,5.43462,1.50,1.57
2011.06.02 01:40:06.660,5.43243,5.43484,1.50,1.35
2011.06.02 01:40:07.365,5.43246,5.43484,1.50,1.35
2011.06.02 01:40:08.682,5.43243,5.43484,1.50,1.35
2011.06.02 01:40:08.795,5.43243,5.43484,1.50,1.35
2011.06.02 01:40:14.164,5.43242,5.43484,1.50,1.35
2011.06.02 01:40:15.715,5.43242,5.43484,1.50,1.35
2011.06.02 01:40:19.006,5.43242,5.43484,1.50,1.57
2011.06.02 01:40:19.115,5.43234,5.43482,1.50,1.50
2011.06.02 01:40:19.444,5.43237,5.43482,1.50,1.72
2011.06.02 01:40:19.557,5.43204,5.43466,1.50,1.72
2011.06.02 01:40:19.664,5.43204,5.43466,1.50,1.72
2011.06.02 01:40:20.553,5.43197,5.43443,1.35,1.50
2011.06.02 01:40:21.193,5.4316,5.43429,1.50,1.50
2011.06.02 01:40:21.307,5.4316,5.43429,1.50,1.50
2011.06.02 01:40:21.526,5.4316,5.43429,1.50,1.50
2011.06.02 01:40:24.066,5.43159,5.43431,1.50,1.50
2011.06.02 01:40:29.125,5.4316,5.43428,1.50,1.50
2011.06.02 01:40:33.207,5.43168,5.43424,1.29,1.50
2011.06.02 01:40:33.316,5.4321,5.43434,1.50,1.50
2011.06.02 01:40:33.424,5.43198,5.43438,1.50,1.50
2011.06.02 01:40:33.536,5.4321,5.43438,1.50,1.50
2011.06.02 01:40:33.914,5.4321,5.43438,1.50,1.50
2011.06.02 01:40:34.246,5.4321,5.43438,1.50,1.50
2011.06.02 01:40:35.394,5.4316,5.43425,1.50,1.50
2011.06.02 01:40:35.844,5.4316,5.43425,1.50,1.50
2011.06.02 01:40:36.444,5.4316,5.43425,1.50,1.50
2011.06.02 01:40:36.554,5.43148,5.43393,1.50,1.72
2011.06.02 01:40:37.104,5.43148,5.43393,1.50,1.72
2011.06.02 01:40:37.213,5.43125,5.43393,1.50,1.72
2011.06.02 01:40:37.545,5.43152,5.4339,1.50,1.50
2011.06.02 01:40:37.764,5.43152,5.4339,1.50,1.50
2011.06.02 01:40:37.874,5.43152,5.4339,1.50,1.50
2011.06.02 01:40:38.614,5.43152,5.43393,1.50,1.72
2011.06.02 01:40:38.725,5.43152,5.43393,1.50,1.72
2011.06.02 01:40:39.298,5.43155,5.43393,1.50,1.72
2011.06.02 01:40:41.395,5.43155,5.43393,1.50,1.72
2011.06.02 01:40:46.516,5.43155,5.43393,1.50,1.72
2011.06.02 01:40:48.464,5.43155,5.43393,1.50,1.72
2011.06.02 01:40:49.647,5.43167,5.43405,1.50,1.57
2011.06.02 01:40:49.754,5.43168,5.43405,1.50,1.35
2011.06.02 01:40:49.864,5.43206,5.43412,1.50,1.35
2011.06.02 01:40:49.974,5.43213,5.43432,1.50,1.35
2011.06.02 01:40:50.085,5.43213,5.43432,1.50,1.35
2011.06.02 01:40:50.415,5.43215,5.43465,1.50,1.72
2011.06.02 01:40:51.058,5.43215,5.43465,1.50,1.72
2011.06.02 01:40:57.245,5.43215,5.43465,1.50,1.72
2011.06.02 01:40:57.754,5.43218,5.43465,1.50,1.72
2011.06.02 01:41:01.996,5.43198,5.43437,1.50,1.50
2011.06.02 01:41:02.434,5.43198,5.43436,1.50,1.50
2011.06.02 01:41:02.655,5.43193,5.43409,1.35,1.50
2011.06.02 01:41:02.767,5.43155,5.43394,1.50,1.72
2011.06.02 01:41:02.876,5.43148,5.43391,1.50,1.50
2011.06.02 01:41:03.093,5.43138,5.43391,1.50,1.50
2011.06.02 01:41:03.314,5.43122,5.43393,1.50,1.72
2011.06.02 01:41:03.536,5.43109,5.43351,1.35,1.50
2011.06.02 01:41:03.646,5.43107,5.43353,1.35,1.72
2011.06.02 01:41:03.973,5.4311,5.4336,1.50,1.50
2011.06.02 01:41:04.087,5.43108,5.43364,1.35,1.50
2011.06.02 01:41:04.304,5.43108,5.4336,1.35,1.72
2011.06.02 01:41:04.634,5.43106,5.43357,1.35,1.50
2011.06.02 01:41:04.744,5.43107,5.43364,2.10,1.50
2011.06.02 01:41:05.448,5.43121,5.43371,1.50,1.50
2011.06.02 01:41:06.084,5.43121,5.43371,1.50,1.50
2011.06.02 01:41:06.305,5.43158,5.43394,1.50,1.35
2011.06.02 01:41:06.635,5.43173,5.43431,1.50,1.50
2011.06.02 01:41:06.744,5.43186,5.43438,1.50,1.72
2011.06.02 01:41:06.965,5.43198,5.43441,1.50,1.50
2011.06.02 01:41:07.404,5.43198,5.43441,1.50,1.50
2011.06.02 01:41:07.624,5.43207,5.43446,1.50,1.35
2011.06.02 01:41:11.965,5.43192,5.43446,1.50,1.57
2011.06.02 01:41:12.075,5.43185,5.43435,1.50,1.50
2011.06.02 01:41:12.822,5.43121,5.43391,1.50,1.50
2011.06.02 01:41:13.045,5.43122,5.43391,1.50,1.50
2011.06.02 01:41:13.570,5.43125,5.43394,1.50,1.72
2011.06.02 01:41:13.910,5.43126,5.4339,1.50,1.50
2011.06.02 01:41:14.025,5.4311,5.4339,1.35,1.50
2011.06.02 01:41:14.137,5.43107,5.43387,2.10,1.50
2011.06.02 01:41:14.253,5.43098,5.43376,1.50,1.35
2011.06.02 01:41:14.585,5.43087,5.43353,1.50,1.72
2011.06.02 01:41:14.914,5.43078,5.43353,1.50,1.72
2011.06.02 01:41:15.025,5.43067,5.43329,1.35,1.50
2011.06.02 01:41:15.354,5.43068,5.43318,1.50,1.50
2011.06.02 01:41:16.589,5.43118,5.43366,1.50,1.35
2011.06.02 01:41:16.710,5.43144,5.43426,1.35,1.35
2011.06.02 01:41:17.379,5.43057,5.43378,1.29,2.10
2011.06.02 01:41:19.543,5.43067,5.43378,1.29,2.10
2011.06.02 01:41:19.766,5.43088,5.43427,1.29,2.10
2011.06.02 01:41:32.734,5.43067,5.43374,1.29,2.10
2011.06.02 01:41:32.847,5.43058,5.43374,1.29,2.10
2011.06.02 01:41:33.638,5.43007,5.43324,1.29,2.10
2011.06.02 01:41:33.755,5.43007,5.43324,1.29,2.10
2011.06.02 01:41:35.454,5.43028,5.43324,1.29,2.10
2011.06.02 01:41:35.935,5.43018,5.43324,1.29,2.10
2011.06.02 01:41:37.265,5.42957,5.43368,1.29,1.35
2011.06.02 01:41:39.644,5.42904,5.43323,1.29,2.85
2011.06.02 01:41:39.976,5.42927,5.43362,1.29,2.85
2011.06.02 01:41:42.048,5.42947,5.43362,1.29,2.85
2011.06.02 01:41:42.755,5.42943,5.43362,1.29,2.85
2011.06.02 01:41:53.405,5.42943,5.43328,1.29,1.73
2011.06.02 01:41:53.735,5.42892,5.43282,1.29,2.25
2011.06.02 01:41:53.844,5.42892,5.43282,1.29,2.85
2011.06.02 01:41:53.955,5.42869,5.43282,1.29,2.85
2011.06.02 01:41:54.284,5.42833,5.43252,1.29,2.85
2011.06.02 01:41:54.834,5.42833,5.43252,1.29,2.85
2011.06.02 01:41:57.215,5.4281,5.43252,1.50,2.25
2011.06.02 01:41:57.324,5.4281,5.43252,1.50,2.25
2011.06.02 01:41:57.435,5.42801,5.43212,1.50,2.25
2011.06.02 01:41:58.825,5.42816,5.43213,1.50,2.25
2011.06.02 01:42:03.113,5.42816,5.43212,1.50,2.25
2011.06.02 01:42:03.334,5.42801,5.43212,1.50,2.25
2011.06.02 01:42:05.246,5.42751,5.43212,1.50,2.25
2011.06.02 01:42:05.356,5.42751,5.43153,1.50,2.25
2011.06.02 01:42:05.575,5.42765,5.43182,1.50,2.25
2011.06.02 01:42:05.795,5.42789,5.43192,1.50,2.25
2011.06.02 01:42:06.235,5.42807,5.43192,1.50,2.25
2011.06.02 01:42:06.344,5.42807,5.43212,1.50,2.25
2011.06.02 01:42:07.124,5.42826,5.43253,1.50,2.85
2011.06.02 01:42:07.574,5.42832,5.43253,1.50,2.85
2011.06.02 01:42:11.344,5.42839,5.43263,1.50,2.85
2011.06.02 01:42:15.165,5.42846,5.43262,1.50,2.85
2011.06.02 01:42:20.645,5.42846,5.43252,1.50,2.25
2011.06.02 01:42:22.514,5.42846,5.43263,1.50,2.85
2011.06.02 01:43:04.775,5.42811,5.43203,1.50,2.25
2011.06.02 01:43:04.883,5.42811,5.43203,1.50,2.25
2011.06.02 01:43:04.995,5.42811,5.43212,1.50,2.25
2011.06.02 01:43:05.106,5.42811,5.43212,1.50,2.25
2011.06.02 01:43:05.654,5.42812,5.43213,1.50,2.25
2011.06.02 01:43:05.985,5.4279,5.43212,1.50,2.25
2011.06.02 01:43:06.094,5.42775,5.43192,1.50,2.25
2011.06.02 01:43:06.205,5.42775,5.43183,1.50,2.25
2011.06.02 01:43:08.327,5.42766,5.43172,1.50,2.25
2011.06.02 01:43:10.135,5.42766,5.43182,1.50,2.25
2011.06.02 01:43:10.245,5.42773,5.43183,1.50,2.25
2011.06.02 01:43:10.854,5.42773,5.43172,1.50,2.25
2011.06.02 01:43:21.124,5.42773,5.43172,1.50,2.25
2011.06.02 01:43:21.233,5.42786,5.43212,1.50,2.25
2011.06.02 01:43:25.884,5.42786,5.43202,1.50,2.25
2011.06.02 01:43:27.793,5.42786,5.43212,1.50,2.25
2011.06.02 01:43:29.784,5.42786,5.43202,1.50,2.25
2011.06.02 01:43:31.484,5.42786,5.43213,1.50,2.25
2011.06.02 01:43:32.473,5.42786,5.43202,1.50,2.25
2011.06.02 01:43:34.364,5.42786,5.43213,1.50,2.25
2011.06.02 01:43:35.971,5.42795,5.43213,1.50,2.25
2011.06.02 01:43:39.687,5.42795,5.43202,1.50,2.25
2011.06.02 01:43:45.714,5.42795,5.43212,1.50,2.25
2011.06.02 01:43:57.585,5.42803,5.43212,1.50,2.25
2011.06.02 01:43:58.206,5.42803,5.43193,1.50,2.25
2011.06.02 01:43:58.533,5.42782,5.43202,1.50,2.25
2011.06.02 01:43:58.644,5.42782,5.43212,1.50,2.25
2011.06.02 01:43:59.194,5.42782,5.43202,1.50,2.25
2011.06.02 01:44:01.864,5.42766,5.43202,1.50,2.25
2011.06.02 01:44:03.147,5.42766,5.43193,1.50,2.25
2011.06.02 01:44:10.614,5.42766,5.43162,1.50,2.25
2011.06.02 01:44:10.833,5.42728,5.43162,1.50,2.25
2011.06.02 01:44:11.055,5.42711,5.43163,1.50,2.25
2011.06.02 01:44:11.166,5.42711,5.43132,1.50,2.25
2011.06.02 01:44:16.275,5.42717,5.43132,1.50,2.25
2011.06.02 01:44:34.859,5.42722,5.43102,1.50,2.25
2011.06.02 01:44:34.976,5.42695,5.43123,1.50,2.25
2011.06.02 01:44:35.195,5.42685,5.43123,1.50,2.25
2011.06.02 01:44:37.116,5.42684,5.43123,1.50,2.25
2011.06.02 01:44:37.806,5.42684,5.43113,1.50,2.25
2011.06.02 01:44:38.476,5.42678,5.43102,1.50,2.25
2011.06.02 01:44:45.905,5.42678,5.43113,1.50,2.25
2011.06.02 01:44:46.506,5.42678,5.43112,1.50,2.25
2011.06.02 01:44:47.045,5.42678,5.43103,1.50,2.25
2011.06.02 01:44:52.194,5.42678,5.43113,1.50,2.25
2011.06.02 01:44:52.304,5.42678,5.43102,1.50,2.25
2011.06.02 01:44:54.224,5.42678,5.43112,1.50,2.25
2011.06.02 01:44:54.334,5.42678,5.43102,1.50,2.25
2011.06.02 01:44:54.887,5.42667,5.43083,1.50,2.25
2011.06.02 01:44:57.336,5.42656,5.43083,1.50,2.25
2011.06.02 01:44:57.445,5.42656,5.43062,1.50,2.25
2011.06.02 01:45:00.946,5.42656,5.43072,1.50,2.25
2011.06.02 01:45:01.164,5.42656,5.43083,1.50,2.25
2011.06.02 01:45:01.275,5.42656,5.43072,1.50,2.25
2011.06.02 01:45:01.494,5.42656,5.43082,1.50,2.25
2011.06.02 01:45:02.215,5.42656,5.43072,1.50,2.25
2011.06.02 01:45:06.475,5.42661,5.43072,1.50,2.25
2011.06.02 01:45:06.585,5.42661,5.43083,1.50,2.25
2011.06.02 01:45:07.438,5.42662,5.43083,1.50,2.25
2011.06.02 01:45:09.425,5.42653,5.43073,1.50,2.25
2011.06.02 01:45:17.225,5.42676,5.43073,1.29,2.47
2011.06.02 01:45:20.244,5.42757,5.43153,1.29,3.22
2011.06.02 01:45:21.265,5.42757,5.43153,1.29,3.22
2011.06.02 01:45:25.104,5.42777,5.43153,1.29,3.22
2011.06.02 01:45:25.675,5.42757,5.43162,1.29,3.22
2011.06.02 01:45:26.214,5.42777,5.43162,1.29,3.97
2011.06.02 01:45:26.576,5.42758,5.43162,1.29,3.97
2011.06.02 01:45:28.943,5.42777,5.43153,1.29,3.22
2011.06.02 01:45:29.385,5.42777,5.43183,1.29,3.22
2011.06.02 01:45:29.495,5.42797,5.43203,1.29,3.22
2011.06.02 01:45:29.605,5.42778,5.43183,1.29,3.22
2011.06.02 01:45:29.714,5.42797,5.43183,1.29,3.22
2011.06.02 01:45:31.354,5.42797,5.43202,1.29,3.22
2011.06.02 01:45:31.575,5.42797,5.43202,1.29,3.22
2011.06.02 01:45:35.374,5.42797,5.43203,1.29,3.22
2011.06.02 01:45:36.264,5.42777,5.43203,1.29,3.97
2011.06.02 01:45:36.374,5.42817,5.43203,1.29,3.97
2011.06.02 01:45:36.814,5.42818,5.43202,1.29,3.22
2011.06.02 01:45:37.391,5.42817,5.43202,1.29,2.47
2011.06.02 01:45:37.836,5.42817,5.43233,1.29,3.22
2011.06.02 01:45:38.493,5.42777,5.43203,1.29,3.97
2011.06.02 01:45:38.936,5.42758,5.43162,1.29,2.47
2011.06.02 01:45:39.046,5.42758,5.43162,1.29,3.22
2011.06.02 01:45:40.563,5.42758,5.43162,1.29,3.22
2011.06.02 01:45:48.654,5.42727,5.43129,1.29,1.72
2011.06.02 01:46:28.165,5.42687,5.43133,1.29,1.72
2011.06.02 01:46:29.046,5.42678,5.43122,1.29,1.72
2011.06.02 01:46:34.683,5.42658,5.43102,1.29,1.72
2011.06.02 01:46:35.015,5.42668,5.43103,1.29,3.22
2011.06.02 01:46:39.366,5.42668,5.43113,1.29,3.22
2011.06.02 01:46:39.804,5.42728,5.43151,1.29,1.72
2011.06.02 01:46:40.676,5.42717,5.43152,1.29,3.22
2011.06.02 01:46:50.676,5.42687,5.43113,1.29,3.22
2011.06.02 01:46:51.836,5.42708,5.43113,1.29,2.47
2011.06.02 01:46:52.277,5.42718,5.43133,1.29,3.22
2011.06.02 01:46:55.282,5.42707,5.43132,1.29,2.47
2011.06.02 01:47:01.125,5.42718,5.43153,1.29,3.22
2011.06.02 01:47:03.818,5.42718,5.43153,1.29,3.22
2011.06.02 01:47:04.365,5.42758,5.43185,1.29,1.57
2011.06.02 01:47:04.807,5.42738,5.43163,1.29,3.22
2011.06.02 01:47:05.135,5.42727,5.43163,1.29,3.22
2011.06.02 01:47:10.355,5.42728,5.43163,1.29,3.22
2011.06.02 01:47:11.014,5.42728,5.43163,1.29,3.22
2011.06.02 01:47:16.685,5.42708,5.43152,1.29,1.72
2011.06.02 01:47:17.234,5.42652,5.43083,1.50,2.25
2011.06.02 01:47:18.335,5.42617,5.43082,1.50,2.25
2011.06.02 01:47:19.018,5.42626,5.43082,1.50,2.25
2011.06.02 01:47:19.125,5.42627,5.43082,1.50,2.25
2011.06.02 01:47:19.237,5.42634,5.43092,1.50,2.85
2011.06.02 01:47:21.187,5.42627,5.43092,1.50,2.85
2011.06.02 01:47:22.316,5.42634,5.43092,1.50,2.85
2011.06.02 01:47:22.535,5.42627,5.43092,1.50,2.85
2011.06.02 01:47:22.646,5.42627,5.43082,1.50,2.25
2011.06.02 01:47:24.434,5.42597,5.43072,1.50,2.25
2011.06.02 01:47:24.545,5.42608,5.43072,1.50,2.25
2011.06.02 01:47:27.357,5.42618,5.43072,1.50,2.25
2011.06.02 01:47:27.574,5.42618,5.43092,1.50,2.85
2011.06.02 01:47:28.140,5.42618,5.43092,1.50,2.85
2011.06.02 01:47:28.258,5.42608,5.43083,2.25,2.25
2011.06.02 01:47:28.366,5.42608,5.43073,1.50,2.25
2011.06.02 01:47:37.186,5.42594,5.43053,1.50,2.25
2011.06.02 01:47:42.573,5.42594,5.43052,1.50,2.25
2011.06.02 01:47:45.214,5.42594,5.43053,1.50,2.25
2011.06.02 01:47:47.124,5.42615,5.43083,1.50,2.25
2011.06.02 01:47:47.344,5.42627,5.43093,1.50,2.25
2011.06.02 01:47:47.457,5.42638,5.43093,1.50,2.25
2011.06.02 01:47:47.784,5.42641,5.43112,1.50,2.25
2011.06.02 01:47:48.115,5.42641,5.43102,1.50,2.25
2011.06.02 01:47:53.398,5.42661,5.43133,1.50,2.25
2011.06.02 01:47:53.725,5.42661,5.43112,1.50,2.25
2011.06.02 01:47:57.085,5.42617,5.43093,1.50,2.25
2011.06.02 01:47:57.304,5.4264,5.43182,1.29,3.97
2011.06.02 01:48:07.453,5.42768,5.43182,1.29,3.22
2011.06.02 01:48:07.570,5.42777,5.43182,1.29,3.22
2011.06.02 01:48:18.455,5.42778,5.43192,1.29,3.22
2011.06.02 01:48:18.895,5.42767,5.43192,1.29,3.22
2011.06.02 01:48:22.974,5.42778,5.43192,1.29,3.22
2011.06.02 01:48:23.086,5.42787,5.43192,1.29,3.22
2011.06.02 01:48:31.611,5.42787,5.43192,1.29,3.22
2011.06.02 01:48:39.285,5.42798,5.432,1.29,2.32
2011.06.02 01:48:39.395,5.42808,5.43215,1.29,1.57
2011.06.02 01:48:40.325,5.42818,5.43227,1.29,1.57
2011.06.02 01:48:40.914,5.42818,5.43227,1.29,1.57
2011.06.02 01:48:46.074,5.42828,5.43242,1.29,1.57
2011.06.02 01:48:46.297,5.42828,5.43252,1.29,3.07
2011.06.02 01:48:48.308,5.42797,5.43219,1.29,1.57
2011.06.02 01:49:05.802,5.42817,5.43205,1.29,1.57
2011.06.02 01:49:14.027,5.42847,5.43242,1.29,2.47
2011.06.02 01:49:14.353,5.42857,5.43272,1.29,3.22
2011.06.02 01:49:15.162,5.42847,5.43272,1.29,3.22
2011.06.02 01:49:16.044,5.42828,5.43272,1.29,3.97
2011.06.02 01:49:16.816,5.42828,5.43272,1.29,3.97
2011.06.02 01:49:21.026,5.42827,5.43262,1.29,3.22
2011.06.02 01:49:23.679,5.42847,5.43273,1.29,3.22
2011.06.02 01:49:30.495,5.42797,5.43253,1.29,3.22
2011.06.02 01:49:30.617,5.42788,5.432,1.29,1.72
2011.06.02 01:49:31.165,5.42757,5.43193,1.29,3.22
2011.06.02 01:49:31.275,5.42777,5.43223,1.29,1.72
2011.06.02 01:49:34.114,5.42817,5.43223,1.29,3.22
2011.06.02 01:49:34.665,5.42807,5.43223,1.29,3.22
2011.06.02 01:49:40.187,5.42768,5.43213,1.29,2.47
2011.06.02 01:49:40.407,5.42767,5.43192,1.29,3.22
2011.06.02 01:49:41.135,5.42758,5.43192,1.29,3.22
2011.06.02 01:49:45.142,5.42748,5.43182,1.29,3.22
2011.06.02 01:49:45.262,5.42747,5.43182,1.29,3.22
2011.06.02 01:49:46.887,5.42738,5.43166,1.29,1.72
2011.06.02 01:49:47.776,5.42748,5.43153,1.29,3.22
2011.06.02 01:49:50.306,5.42768,5.43163,1.29,3.22
2011.06.02 01:49:50.414,5.42777,5.43163,1.29,3.22
2011.06.02 01:49:51.017,5.42777,5.43182,1.29,1.57
2011.06.02 01:49:53.254,5.42757,5.43163,1.29,2.47
2011.06.02 01:49:53.365,5.42757,5.43163,1.29,2.47
2011.06.02 01:49:57.085,5.42697,5.43163,1.50,3.97
2011.06.02 01:49:57.195,5.42692,5.43163,1.50,3.97
2011.06.02 01:49:57.416,5.42647,5.43163,3.00,3.97
2011.06.02 01:49:57.526,5.42626,5.43092,1.50,2.25
2011.06.02 01:49:57.745,5.42626,5.43092,1.50,2.25
2011.06.02 01:50:00.786,5.42626,5.43092,1.50,2.25
2011.06.02 01:50:01.804,5.42626,5.43092,1.50,2.25
2011.06.02 01:50:02.966,5.42609,5.43093,1.50,2.25
2011.06.02 01:50:03.076,5.42609,5.43093,1.50,2.25
2011.06.02 01:50:03.185,5.42609,5.43093,1.50,2.25
2011.06.02 01:50:03.295,5.42609,5.43073,1.50,2.25
2011.06.02 01:50:03.405,5.42618,5.43083,1.50,2.25
2011.06.02 01:50:03.624,5.42618,5.43083,1.50,2.25
2011.06.02 01:50:03.735,5.42618,5.43092,1.50,2.25
2011.06.02 01:50:03.845,5.42618,5.43092,1.50,2.25
2011.06.02 01:50:03.955,5.42648,5.43123,1.50,2.25
2011.06.02 01:50:08.825,5.42648,5.43123,1.50,2.25
2011.06.02 01:50:11.586,5.42648,5.43123,1.50,2.25
2011.06.02 01:50:11.805,5.42648,5.43092,1.50,2.25
2011.06.02 01:50:11.916,5.42648,5.43123,1.50,2.25
2011.06.02 01:50:12.244,5.42648,5.43123,1.50,2.25
2011.06.02 01:50:14.594,5.42648,5.43123,1.50,2.25
2011.06.02 01:50:14.817,5.42648,5.43093,1.50,2.25
2011.06.02 01:50:17.115,5.42657,5.43167,3.00,1.72
2011.06.02 01:50:17.224,5.42687,5.43167,1.29,1.72
2011.06.02 01:50:18.447,5.42748,5.43203,1.29,3.22
2011.06.02 01:50:28.004,5.42797,5.43198,1.29,1.72
2011.06.02 01:50:29.007,5.42787,5.43202,1.29,3.22
2011.06.02 01:50:30.479,5.42797,5.43202,1.29,3.22
2011.06.02 01:50:37.765,5.42788,5.43193,1.29,3.22
2011.06.02 01:50:42.846,5.42797,5.43182,1.29,1.72
2011.06.02 01:50:43.626,5.42788,5.43173,1.29,3.22
2011.06.02 01:50:46.575,5.42797,5.43183,1.29,1.72
2011.06.02 01:50:47.747,5.42808,5.43193,1.29,3.22
2011.06.02 01:50:49.534,5.42817,5.43197,1.29,1.72
2011.06.02 01:50:52.246,5.42808,5.43183,1.29,1.72
2011.06.02 01:50:53.017,5.42797,5.43192,1.29,3.22
2011.06.02 01:51:03.016,5.42778,5.43203,1.29,3.22
2011.06.02 01:51:05.396,5.42797,5.43173,1.29,2.47
2011.06.02 01:51:06.154,5.42807,5.43203,1.29,3.22
2011.06.02 01:51:09.191,5.42797,5.43202,1.29,3.22
2011.06.02 01:51:13.065,5.42797,5.43203,1.29,3.22
2011.06.02 01:51:22.804,5.42787,5.43193,1.29,3.22
2011.06.02 01:51:23.704,5.42797,5.43193,1.29,3.22
2011.06.02 01:51:24.437,5.42808,5.43193,1.29,3.22
2011.06.02 01:51:26.125,5.42797,5.43203,1.29,3.22
2011.06.02 01:51:31.245,5.42797,5.43203,1.29,3.22
2011.06.02 01:51:32.767,5.42797,5.43203,1.29,3.22
2011.06.02 01:51:32.877,5.42797,5.43202,1.29,3.22
2011.06.02 01:51:33.027,5.42797,5.43202,1.29,3.22
2011.06.02 01:51:33.360,5.42797,5.43202,1.29,3.22
2011.06.02 01:51:33.913,5.42797,5.43202,1.29,3.22
2011.06.02 01:51:34.025,5.42797,5.43202,1.29,3.22
2011.06.02 01:51:34.627,5.42797,5.43202,1.29,3.22
2011.06.02 01:51:38.753,5.42818,5.43193,1.29,3.22
2011.06.02 01:51:41.517,5.42797,5.43202,1.29,3.22
2011.06.02 01:51:42.355,5.42788,5.43193,1.29,3.22
2011.06.02 01:51:45.744,5.42758,5.43182,1.29,1.72
2011.06.02 01:51:45.854,5.42747,5.43173,1.29,1.72
2011.06.02 01:51:46.455,5.42747,5.43162,1.29,2.47
2011.06.02 01:51:48.205,5.42728,5.43121,1.29,1.72
2011.06.02 01:51:51.216,5.42717,5.43126,1.29,1.72
2011.06.02 01:51:52.546,5.42737,5.43126,1.29,1.72
2011.06.02 01:51:52.656,5.42748,5.43153,1.29,3.22
2011.06.02 01:51:52.985,5.42758,5.43162,1.29,3.22
2011.06.02 01:51:53.094,5.42768,5.43162,1.29,3.22
2011.06.02 01:52:00.336,5.42757,5.43162,1.29,3.22
2011.06.02 01:52:05.266,5.42737,5.43153,1.29,3.22
2011.06.02 01:52:11.097,5.42737,5.43162,1.29,3.22
2011.06.02 01:52:17.116,5.42687,5.43122,1.50,1.35
2011.06.02 01:52:17.225,5.42682,5.43062,1.50,2.25
2011.06.02 01:52:17.334,5.42599,5.43062,1.50,2.25
2011.06.02 01:52:18.315,5.42599,5.43062,1.50,2.25
2011.06.02 01:52:18.926,5.42599,5.43062,1.50,2.25
2011.06.02 01:52:21.726,5.42599,5.43072,1.50,2.85
2011.06.02 01:52:24.866,5.42599,5.43072,1.50,2.85
2011.06.02 01:52:24.976,5.42608,5.43072,1.29,2.47
2011.06.02 01:52:26.046,5.42628,5.43093,1.29,2.47
2011.06.02 01:52:26.797,5.42617,5.43083,1.29,2.47
2011.06.02 01:52:30.846,5.42611,5.43083,1.29,2.47
2011.06.02 01:52:31.176,5.42617,5.43083,1.29,2.47
2011.06.02 01:52:36.644,5.42627,5.43093,1.29,2.47
2011.06.02 01:52:37.744,5.42668,5.43164,2.79,1.72
2011.06.02 01:52:38.186,5.42637,5.43142,2.79,1.72
2011.06.02 01:52:38.516,5.42678,5.43152,2.04,1.72
2011.06.02 01:52:38.846,5.42678,5.43156,1.29,1.72
2011.06.02 01:52:39.435,5.42708,5.43155,1.50,1.72
2011.06.02 01:52:39.745,5.42708,5.43155,1.50,1.72
2011.06.02 01:52:39.966,5.42708,5.43155,1.50,1.72
2011.06.02 01:52:40.186,5.42708,5.43155,1.50,1.72
2011.06.02 01:52:41.013,5.42717,5.43156,1.50,1.72
2011.06.02 01:52:41.398,5.42717,5.43155,1.50,1.72
2011.06.02 01:52:41.504,5.42707,5.43155,1.50,1.72
2011.06.02 01:52:42.198,5.42728,5.43155,1.50,1.72
2011.06.02 01:52:44.485,5.42728,5.43163,1.50,3.22
2011.06.02 01:52:44.595,5.42728,5.43164,1.50,1.72
2011.06.02 01:52:45.409,5.42728,5.43162,1.50,1.72
2011.06.02 01:52:45.626,5.42717,5.43164,1.50,1.72
2011.06.02 01:52:46.355,5.42717,5.43144,1.50,1.72
2011.06.02 01:52:47.167,5.42697,5.43145,1.50,1.72
2011.06.02 01:52:47.275,5.42688,5.43145,1.50,1.72
2011.06.02 01:52:47.494,5.42688,5.43142,1.50,3.97
2011.06.02 01:52:48.155,5.42687,5.43121,1.50,1.72
2011.06.02 01:52:48.714,5.42687,5.43117,1.50,1.72
2011.06.02 01:52:48.824,5.42669,5.43115,1.50,1.72
2011.06.02 01:52:51.126,5.42667,5.43113,1.50,1.72
2011.06.02 01:52:51.235,5.42667,5.4311,1.50,1.72
2011.06.02 01:52:53.166,5.42658,5.43087,1.50,1.72
2011.06.02 01:52:53.277,5.42678,5.43112,1.50,1.57
2011.06.02 01:52:56.334,5.42697,5.43112,1.50,1.57
2011.06.02 01:52:56.955,5.42708,5.43112,1.50,1.57
2011.06.02 01:52:57.177,5.42748,5.43112,1.29,1.57
2011.06.02 01:52:58.195,5.42807,5.4313,1.29,1.72
2011.06.02 01:52:59.294,5.42807,5.4313,1.29,1.72
2011.06.02 01:53:00.173,5.42807,5.4313,1.29,1.72
2011.06.02 01:53:00.613,5.42807,5.43121,1.29,1.72
2011.06.02 01:53:01.195,5.42807,5.43121,1.29,1.72
2011.06.02 01:53:02.246,5.42807,5.43121,1.29,1.72
2011.06.02 01:53:07.194,5.42807,5.4311,1.29,1.72
2011.06.02 01:53:07.305,5.42807,5.4311,1.29,1.72
2011.06.02 01:53:07.415,5.42787,5.4311,1.29,1.72
2011.06.02 01:53:07.746,5.42787,5.4311,1.29,1.72
2011.06.02 01:53:09.666,5.42787,5.4311,1.29,1.72
2011.06.02 01:53:11.935,5.42787,5.4311,1.29,1.72
2011.06.02 01:53:12.043,5.42807,5.4311,1.29,1.72
2011.06.02 01:53:12.153,5.42807,5.4311,1.29,1.72
2011.06.02 01:53:14.433,5.42807,5.43111,1.29,1.72
2011.06.02 01:53:14.657,5.42794,5.43111,1.50,1.72
2011.06.02 01:53:15.681,5.42794,5.43098,1.50,1.72
2011.06.02 01:53:15.799,5.42808,5.43117,1.29,1.72
2011.06.02 01:53:15.915,5.42808,5.43117,1.29,1.72
2011.06.02 01:53:16.025,5.42808,5.43117,1.29,1.72
2011.06.02 01:53:16.267,5.42808,5.43117,1.29,1.72
2011.06.02 01:53:17.092,5.42808,5.43079,1.29,2.10
2011.06.02 01:53:17.205,5.42794,5.43079,1.29,2.10
2011.06.02 01:53:19.017,5.42708,5.43075,1.29,1.35
2011.06.02 01:53:23.476,5.42698,5.43079,1.29,2.32
2011.06.02 01:53:23.695,5.42687,5.43079,1.29,2.10
2011.06.02 01:53:35.095,5.42697,5.43079,1.29,2.32
2011.06.02 01:53:37.204,5.42628,5.43091,1.50,1.57
2011.06.02 01:53:37.315,5.42609,5.43023,1.50,2.25
2011.06.02 01:53:37.536,5.42597,5.43023,1.50,2.25
2011.06.02 01:53:44.384,5.42591,5.43023,1.50,2.25
2011.06.02 01:53:57.174,5.42613,5.4311,1.29,1.72
2011.06.02 01:54:01.045,5.42717,5.43111,1.29,1.72
2011.06.02 01:54:01.265,5.42728,5.43111,1.29,1.72
2011.06.02 01:54:02.214,5.42728,5.43112,1.29,1.57
2011.06.02 01:54:02.324,5.42728,5.43112,1.29,1.57
2011.06.02 01:54:03.006,5.42728,5.43112,1.29,1.57
2011.06.02 01:54:03.845,5.42728,5.43133,1.29,3.07
2011.06.02 01:54:04.397,5.42748,5.43129,1.29,1.57
2011.06.02 01:54:04.614,5.42757,5.43129,1.29,1.57
2011.06.02 01:54:04.726,5.42748,5.43129,1.29,1.57
2011.06.02 01:54:05.385,5.42768,5.4314,1.29,1.57
2011.06.02 01:54:05.494,5.42748,5.4314,1.29,1.57
2011.06.02 01:54:10.935,5.42748,5.43137,1.29,1.57
2011.06.02 01:54:13.364,5.42767,5.43137,1.29,1.57
2011.06.02 01:54:14.805,5.42747,5.4314,1.29,1.57
2011.06.02 01:54:16.965,5.42747,5.43137,1.29,1.57
2011.06.02 01:54:17.724,5.42747,5.43137,1.29,1.57
2011.06.02 01:54:19.435,5.42747,5.43137,1.29,1.57
2011.06.02 01:54:28.294,5.42747,5.43132,1.29,1.57
2011.06.02 01:54:28.873,5.42738,5.43125,1.29,1.57
2011.06.02 01:54:34.727,5.42747,5.43121,1.29,1.57
2011.06.02 01:54:35.167,5.42747,5.43121,1.29,1.57
2011.06.02 01:54:37.080,5.42697,5.43121,1.50,1.35
2011.06.02 01:54:37.194,5.42697,5.43063,1.50,2.25
2011.06.02 01:54:37.524,5.42625,5.43063,1.50,2.25
2011.06.02 01:54:38.247,5.42625,5.43063,1.50,2.25
2011.06.02 01:54:39.735,5.42625,5.43072,1.50,2.25
2011.06.02 01:54:39.846,5.42625,5.43072,1.50,2.25
2011.06.02 01:54:40.644,5.42625,5.43072,1.50,2.25
2011.06.02 01:54:40.866,5.42625,5.43083,1.50,2.25
2011.06.02 01:54:42.216,5.42638,5.43083,1.50,2.25
2011.06.02 01:54:42.434,5.42632,5.43073,1.50,2.25
2011.06.02 01:54:43.980,5.42632,5.43072,1.50,2.25
2011.06.02 01:54:45.295,5.42632,5.43063,1.50,2.25
2011.06.02 01:54:45.916,5.42628,5.43063,1.50,2.25
2011.06.02 01:54:47.465,5.42632,5.43063,1.50,2.25
2011.06.02 01:54:48.898,5.42632,5.43062,1.50,2.25
2011.06.02 01:54:49.405,5.42632,5.43063,1.50,2.25
2011.06.02 01:54:49.927,5.42628,5.43063,1.50,2.25
2011.06.02 01:54:50.725,5.42618,5.43063,1.50,2.25
2011.06.02 01:54:50.834,5.42624,5.43063,1.50,2.25
2011.06.02 01:54:51.642,5.42618,5.43063,1.50,2.25
2011.06.02 01:54:52.085,5.42618,5.43052,1.50,2.25
2011.06.02 01:54:52.415,5.42618,5.43052,1.50,2.85
2011.06.02 01:54:53.037,5.42618,5.43063,1.50,2.85
2011.06.02 01:54:54.765,5.42618,5.43063,1.50,2.85
2011.06.02 01:54:55.094,5.42632,5.43082,1.50,2.85
2011.06.02 01:54:55.424,5.42631,5.43082,1.50,2.85
2011.06.02 01:54:57.315,5.42618,5.43062,1.50,2.85
2011.06.02 01:54:59.626,5.42618,5.43063,1.50,2.25
2011.06.02 01:55:02.695,5.42618,5.43073,1.50,2.25
2011.06.02 01:55:17.296,5.4266,5.43093,1.29,2.47
2011.06.02 01:55:17.627,5.42688,5.43193,1.66,3.22
2011.06.02 01:55:17.955,5.42687,5.43193,2.79,3.22
2011.06.02 01:55:20.446,5.42778,5.43212,1.29,3.22
2011.06.02 01:55:20.775,5.42778,5.43213,1.29,3.22
2011.06.02 01:55:21.104,5.42768,5.43193,1.29,2.47
2011.06.02 01:55:23.535,5.42758,5.43183,1.29,3.22
2011.06.02 01:55:26.964,5.42778,5.43182,1.29,3.22
2011.06.02 01:55:30.374,5.42788,5.43193,1.29,3.22
2011.06.02 01:55:33.906,5.42747,5.43193,1.29,1.72
2011.06.02 01:55:34.126,5.42768,5.43172,1.29,3.22
2011.06.02 01:55:35.116,5.42768,5.43192,1.29,3.22
2011.06.02 01:55:36.245,5.42768,5.432,1.29,1.72
2011.06.02 01:55:36.463,5.42768,5.43202,1.29,3.22
2011.06.02 01:55:37.045,5.42747,5.43194,1.29,1.72
2011.06.02 01:55:38.126,5.42757,5.43155,1.29,1.72
2011.06.02 01:55:43.526,5.42778,5.43203,1.29,3.22
2011.06.02 01:55:43.637,5.42807,5.43203,1.29,2.47
2011.06.02 01:55:43.746,5.42818,5.43233,1.29,3.22
2011.06.02 01:55:44.566,5.42788,5.43232,1.29,2.47
2011.06.02 01:55:44.784,5.42788,5.43223,1.29,3.22
2011.06.02 01:55:46.165,5.42807,5.43228,1.29,1.72
2011.06.02 01:55:48.134,5.42837,5.43263,1.29,3.22
2011.06.02 01:55:51.485,5.42857,5.43263,1.29,3.22
2011.06.02 01:55:51.815,5.42847,5.4327,1.29,1.57
2011.06.02 01:55:59.955,5.42837,5.4327,1.29,1.57
2011.06.02 01:56:03.434,5.42837,5.4327,1.29,1.57
2011.06.02 01:56:08.077,5.42837,5.4327,1.29,1.57
2011.06.02 01:56:17.812,5.42848,5.43263,1.29,3.22
2011.06.02 01:56:19.995,5.42857,5.43291,1.29,1.72
2011.06.02 01:56:20.105,5.42868,5.43302,1.29,3.22
2011.06.02 01:56:20.544,5.42858,5.43293,1.29,3.22
2011.06.02 01:56:20.654,5.42858,5.43292,1.29,3.22
2011.06.02 01:56:20.766,5.42838,5.43282,1.29,1.72
2011.06.02 01:56:22.205,5.42838,5.43263,1.29,3.22
2011.06.02 01:56:23.116,5.42808,5.43242,1.29,1.72
2011.06.02 01:56:23.556,5.42798,5.43242,1.29,4.72
2011.06.02 01:56:24.326,5.42798,5.43232,1.29,3.22
2011.06.02 01:56:28.324,5.42797,5.43209,1.29,1.72
2011.06.02 01:56:29.011,5.42807,5.43209,1.29,1.72
2011.06.02 01:56:59.065,5.42818,5.43243,1.29,1.72
2011.06.02 01:57:12.655,5.42837,5.43263,1.29,3.22
2011.06.02 01:57:17.255,5.42777,5.43203,1.29,2.47
2011.06.02 01:57:25.748,5.42757,5.43203,1.29,2.47
2011.06.02 01:57:27.125,5.42737,5.43173,1.29,2.47
2011.06.02 01:57:32.085,5.42747,5.43173,1.29,2.47
2011.06.02 01:57:37.195,5.42708,5.43172,1.50,2.25
2011.06.02 01:57:37.524,5.42699,5.43162,1.50,2.25
2011.06.02 01:57:39.661,5.42699,5.43162,1.50,2.25
2011.06.02 01:57:39.944,5.42699,5.43162,1.50,2.25
2011.06.02 01:57:40.163,5.42699,5.43162,1.50,2.25
2011.06.02 01:57:42.455,5.42699,5.43162,1.50,2.25
2011.06.02 01:57:42.873,5.42699,5.43162,1.50,2.25
2011.06.02 01:57:43.475,5.42699,5.43162,1.50,2.25
2011.06.02 01:57:43.916,5.42699,5.43162,1.50,2.25
2011.06.02 01:57:44.025,5.42699,5.43153,1.50,2.25
2011.06.02 01:57:44.575,5.42697,5.43153,1.50,2.25
2011.06.02 01:57:44.794,5.4268,5.43153,1.50,2.25
2011.06.02 01:57:45.444,5.42664,5.43152,1.50,2.25
2011.06.02 01:57:45.561,5.42664,5.43123,1.50,2.25
2011.06.02 01:57:50.876,5.42664,5.43123,1.50,2.25
2011.06.02 01:57:51.206,5.42664,5.43123,1.50,2.25
2011.06.02 01:57:51.315,5.42664,5.43153,1.50,2.25
2011.06.02 01:57:52.373,5.42678,5.43153,1.50,2.25
2011.06.02 01:57:57.157,5.42688,5.43153,1.29,2.47
2011.06.02 01:57:58.794,5.42758,5.43232,1.29,1.72
2011.06.02 01:57:59.126,5.42777,5.432,1.29,1.72
2011.06.02 01:57:59.784,5.42817,5.43232,1.29,3.22
2011.06.02 01:58:06.216,5.42847,5.43232,1.29,3.22
2011.06.02 01:58:07.157,5.42827,5.43232,1.29,3.22
2011.06.02 01:58:23.745,5.42858,5.43232,1.29,3.22
2011.06.02 01:58:24.080,5.42878,5.43277,1.29,1.72
2011.06.02 01:58:31.544,5.42878,5.43302,1.29,3.97
2011.06.02 01:58:34.935,5.42878,5.43302,1.29,3.97
2011.06.02 01:58:35.155,5.42847,5.43272,1.29,3.97
2011.06.02 01:58:35.264,5.42848,5.43272,1.29,3.97
2011.06.02 01:58:35.706,5.42827,5.43233,1.29,3.22
2011.06.02 01:58:58.275,5.42848,5.43242,1.29,3.22
2011.06.02 01:59:57.102,5.42858,5.43272,1.29,3.22
2011.06.02 01:59:57.327,5.42727,5.4325,3.00,1.57
2011.06.02 01:59:57.655,5.42698,5.43153,1.50,2.25
2011.06.02 01:59:57.875,5.42708,5.43153,1.50,2.25
2011.06.02 01:59:57.986,5.42713,5.43182,1.50,2.85
2011.06.02 01:59:58.315,5.42708,5.43182,1.50,2.85
2011.06.02 01:59:58.867,5.42708,5.43183,1.50,2.85
