2011.06.10 11:00:00.085,5.42967,5.43093,2.25,1.50
2011.06.10 11:00:00.196,5.42967,5.43093,2.25,1.50
2011.06.10 11:00:00.305,5.42957,5.43083,2.25,1.50
2011.06.10 11:00:00.529,5.42957,5.43082,2.25,1.50
2011.06.10 11:00:00.648,5.42908,5.43082,1.13,1.50
2011.06.10 11:00:00.755,5.42894,5.43062,1.50,1.50
2011.06.10 11:00:01.305,5.42882,5.43043,1.50,1.50
2011.06.10 11:00:02.536,5.42874,5.43043,1.50,1.35
2011.06.10 11:00:02.866,5.42907,5.43043,2.25,1.72
2011.06.10 11:00:02.976,5.42907,5.43041,3.00,1.35
2011.06.10 11:00:03.086,5.42938,5.43022,2.25,1.13
2011.06.10 11:00:03.195,5.42855,5.4303,1.50,1.20
2011.06.10 11:00:03.415,5.42854,5.43042,1.50,1.20
2011.06.10 11:00:03.636,5.42873,5.43048,1.50,1.20
2011.06.10 11:00:03.746,5.42908,5.43048,2.25,1.20
2011.06.10 11:00:04.294,5.42907,5.43057,2.25,1.20
2011.06.10 11:00:04.878,5.42907,5.43049,2.25,1.20
2011.06.10 11:00:05.280,5.42898,5.43043,2.25,1.72
2011.06.10 11:00:05.786,5.42898,5.43049,2.25,1.20
2011.06.10 11:00:06.115,5.42863,5.4305,1.50,1.20
2011.06.10 11:00:06.895,5.4287,5.4305,1.13,1.20
2011.06.10 11:00:07.007,5.42874,5.43049,1.50,1.20
2011.06.10 11:00:07.335,5.42874,5.43042,1.50,1.72
2011.06.10 11:00:07.556,5.42871,5.43012,1.13,1.13
2011.06.10 11:00:07.667,5.42857,5.43025,1.50,1.35
2011.06.10 11:00:07.777,5.42897,5.43042,2.25,1.72
2011.06.10 11:00:07.884,5.42897,5.43042,2.25,1.72
2011.06.10 11:00:08.621,5.42897,5.43025,2.25,1.13
2011.06.10 11:00:09.066,5.42897,5.42983,2.25,1.50
2011.06.10 11:00:09.288,5.42845,5.42973,1.13,1.13
2011.06.10 11:00:09.395,5.42831,5.42973,1.50,1.13
2011.06.10 11:00:09.507,5.42831,5.43006,1.50,1.20
2011.06.10 11:00:09.617,5.42831,5.43023,1.50,1.20
2011.06.10 11:00:09.724,5.4287,5.43033,1.50,1.72
2011.06.10 11:00:09.838,5.4287,5.43033,1.50,1.72
2011.06.10 11:00:11.447,5.4287,5.43033,1.50,1.72
2011.06.10 11:00:11.936,5.42898,5.43047,2.25,1.20
2011.06.10 11:00:12.334,5.42908,5.43047,2.25,1.20
2011.06.10 11:00:12.447,5.42908,5.43047,2.25,1.20
2011.06.10 11:00:12.556,5.42908,5.43061,3.00,1.20
2011.06.10 11:00:12.668,5.42899,5.43072,1.50,1.72
2011.06.10 11:00:13.775,5.42899,5.43056,1.50,1.35
2011.06.10 11:00:14.912,5.42889,5.43062,1.50,1.72
2011.06.10 11:00:15.028,5.42889,5.43062,1.50,1.72
2011.06.10 11:00:16.725,5.42908,5.43066,2.25,1.20
2011.06.10 11:00:16.945,5.42908,5.43049,2.25,1.13
2011.06.10 11:00:17.274,5.42871,5.43033,1.50,1.72
2011.06.10 11:00:18.263,5.42861,5.43022,1.50,1.50
2011.06.10 11:00:19.561,5.42861,5.43003,1.50,1.50
2011.06.10 11:00:20.194,5.42838,5.42993,1.50,1.50
2011.06.10 11:00:20.416,5.42857,5.43002,2.25,1.72
2011.06.10 11:00:22.106,5.42857,5.43004,3.00,1.20
2011.06.10 11:00:22.327,5.42868,5.43004,2.25,1.20
2011.06.10 11:00:22.655,5.42877,5.43002,2.25,1.72
2011.06.10 11:00:22.765,5.42868,5.42992,2.25,1.13
2011.06.10 11:00:23.248,5.42867,5.43003,2.25,1.72
2011.06.10 11:00:23.367,5.42878,5.43012,2.25,1.72
2011.06.10 11:00:24.156,5.42878,5.43002,2.25,1.72
2011.06.10 11:00:24.266,5.42868,5.43002,2.25,1.72
2011.06.10 11:00:24.925,5.42867,5.43002,2.25,1.72
2011.06.10 11:00:25.145,5.42858,5.42992,2.25,1.50
2011.06.10 11:00:25.755,5.42858,5.42992,2.25,1.50
2011.06.10 11:00:26.775,5.42847,5.42973,2.25,1.50
2011.06.10 11:00:26.886,5.42847,5.42973,2.25,1.72
2011.06.10 11:00:26.996,5.42828,5.42973,2.25,1.72
2011.06.10 11:00:27.477,5.42838,5.42966,2.25,1.20
2011.06.10 11:00:27.585,5.42828,5.42966,2.25,1.20
2011.06.10 11:00:28.204,5.42828,5.42966,2.25,1.20
2011.06.10 11:00:28.314,5.42817,5.42966,2.25,1.20
2011.06.10 11:00:28.866,5.42817,5.42966,3.00,1.20
2011.06.10 11:00:28.974,5.42828,5.42966,2.25,1.20
2011.06.10 11:00:30.005,5.42828,5.42975,2.25,1.20
2011.06.10 11:00:30.666,5.42827,5.42933,2.25,2.25
2011.06.10 11:00:30.776,5.42827,5.42943,2.25,2.25
2011.06.10 11:00:32.865,5.42827,5.42943,3.00,2.25
2011.06.10 11:00:33.254,5.42847,5.42943,2.25,2.25
2011.06.10 11:00:33.966,5.42828,5.42932,2.25,2.25
2011.06.10 11:00:34.514,5.42827,5.42933,2.25,2.25
2011.06.10 11:00:35.775,5.42828,5.42922,2.25,2.25
2011.06.10 11:00:35.995,5.42817,5.42923,2.25,2.25
2011.06.10 11:00:36.214,5.42818,5.42912,2.25,2.25
2011.06.10 11:00:36.435,5.42807,5.42913,2.25,2.25
2011.06.10 11:00:36.766,5.42808,5.42902,2.25,3.00
2011.06.10 11:00:36.875,5.42768,5.42943,1.13,1.72
2011.06.10 11:00:37.297,5.42751,5.42926,1.50,1.20
2011.06.10 11:00:37.409,5.42766,5.42943,1.50,1.20
2011.06.10 11:00:37.747,5.42766,5.42947,2.25,1.20
2011.06.10 11:00:37.856,5.42788,5.42962,1.50,1.72
2011.06.10 11:00:38.076,5.42788,5.42965,2.25,1.20
2011.06.10 11:00:38.407,5.42814,5.42983,1.50,1.20
2011.06.10 11:00:38.735,5.42838,5.42992,1.50,1.50
2011.06.10 11:00:39.805,5.4283,5.42992,1.50,1.50
2011.06.10 11:00:40.024,5.42857,5.42973,2.25,2.25
2011.06.10 11:00:40.426,5.42857,5.42963,2.25,2.25
2011.06.10 11:00:42.104,5.42858,5.42952,2.25,2.25
2011.06.10 11:00:42.215,5.42857,5.42963,2.25,2.25
2011.06.10 11:00:42.327,5.42857,5.42953,2.25,2.25
2011.06.10 11:00:42.904,5.42847,5.42953,2.25,2.25
2011.06.10 11:00:43.234,5.42857,5.42953,2.25,2.25
2011.06.10 11:00:46.507,5.42867,5.42983,2.25,2.25
2011.06.10 11:00:46.619,5.42858,5.42982,2.63,2.25
2011.06.10 11:00:47.066,5.42857,5.42973,2.63,2.25
2011.06.10 11:00:47.507,5.42858,5.42962,2.25,2.25
2011.06.10 11:00:50.314,5.42858,5.42962,2.25,3.00
2011.06.10 11:00:50.864,5.42857,5.42953,2.25,2.63
2011.06.10 11:00:56.977,5.42857,5.42963,2.25,3.00
2011.06.10 11:00:57.767,5.42857,5.42963,2.25,2.63
2011.06.10 11:00:57.986,5.42857,5.42953,2.25,2.25
2011.06.10 11:00:58.094,5.42848,5.42952,2.25,2.25
2011.06.10 11:00:58.205,5.42848,5.42952,2.25,3.00
2011.06.10 11:00:58.854,5.42847,5.42943,2.25,2.25
2011.06.10 11:00:59.405,5.42857,5.42953,2.25,3.00
2011.06.10 11:01:00.085,5.42857,5.42953,2.25,2.25
2011.06.10 11:01:00.309,5.42868,5.42972,2.25,2.63
2011.06.10 11:01:00.757,5.42857,5.42973,2.25,3.00
2011.06.10 11:01:01.147,5.42857,5.42973,2.25,3.00
2011.06.10 11:01:02.178,5.42857,5.42963,2.25,2.25
2011.06.10 11:01:02.817,5.42857,5.42953,2.25,2.25
2011.06.10 11:01:03.428,5.42857,5.42953,2.25,2.63
2011.06.10 11:01:07.357,5.42857,5.42953,2.25,3.00
2011.06.10 11:01:07.464,5.42847,5.42953,2.25,3.00
2011.06.10 11:01:07.576,5.42848,5.42942,2.25,3.00
2011.06.10 11:01:07.685,5.42828,5.42942,2.25,3.00
2011.06.10 11:01:10.679,5.42828,5.42942,2.25,3.00
2011.06.10 11:01:12.225,5.42828,5.42942,3.00,2.25
2011.06.10 11:01:12.449,5.42828,5.42942,3.00,2.25
2011.06.10 11:01:12.565,5.42824,5.43013,1.50,1.95
2011.06.10 11:01:13.554,5.42824,5.43012,1.50,1.72
2011.06.10 11:01:14.928,5.42824,5.43003,1.50,1.72
2011.06.10 11:01:15.155,5.42857,5.42973,2.25,2.63
2011.06.10 11:01:15.484,5.42868,5.42972,2.25,2.63
2011.06.10 11:01:15.814,5.42857,5.42973,2.25,2.63
2011.06.10 11:01:16.685,5.42867,5.42973,2.25,2.63
2011.06.10 11:01:16.904,5.42857,5.42963,2.25,2.25
2011.06.10 11:01:17.295,5.42857,5.42963,2.25,3.00
2011.06.10 11:01:17.736,5.42858,5.42952,2.25,3.00
2011.06.10 11:01:17.955,5.42828,5.42942,2.25,3.00
2011.06.10 11:01:18.505,5.42828,5.42942,2.25,3.00
2011.06.10 11:01:18.726,5.42807,5.42913,2.25,3.00
2011.06.10 11:01:19.095,5.42798,5.42902,2.25,3.00
2011.06.10 11:01:20.145,5.42798,5.42902,2.25,2.63
2011.06.10 11:01:20.255,5.42808,5.42922,2.25,3.00
2011.06.10 11:01:21.354,5.42808,5.42922,2.25,3.00
2011.06.10 11:01:23.477,5.42798,5.42912,2.25,3.00
2011.06.10 11:01:24.087,5.42798,5.42902,2.25,3.00
2011.06.10 11:01:25.575,5.42798,5.42902,2.25,3.00
2011.06.10 11:01:25.686,5.42788,5.42902,2.25,3.00
2011.06.10 11:01:25.796,5.42797,5.42903,2.25,3.00
2011.06.10 11:01:26.016,5.42787,5.42903,2.25,3.00
2011.06.10 11:01:26.127,5.42797,5.42903,2.25,3.00
2011.06.10 11:01:26.901,5.42797,5.42903,2.25,3.00
2011.06.10 11:01:27.459,5.42807,5.42903,2.25,3.00
2011.06.10 11:01:28.016,5.42808,5.42912,2.25,3.00
2011.06.10 11:01:28.546,5.42807,5.42903,2.25,3.00
2011.06.10 11:01:29.980,5.42807,5.42903,2.25,3.00
2011.06.10 11:01:30.098,5.42798,5.42902,2.25,3.00
2011.06.10 11:01:32.769,5.42798,5.42902,2.25,3.00
2011.06.10 11:01:32.890,5.42788,5.42892,2.25,3.00
2011.06.10 11:01:33.228,5.42788,5.42882,2.25,3.00
2011.06.10 11:01:33.455,5.42778,5.42872,2.25,3.00
2011.06.10 11:01:33.566,5.42758,5.42882,2.25,3.00
2011.06.10 11:01:34.115,5.42757,5.42873,2.25,3.00
2011.06.10 11:01:35.027,5.42757,5.42863,2.25,3.00
2011.06.10 11:01:35.356,5.42757,5.42863,2.25,3.00
2011.06.10 11:01:35.465,5.42747,5.42853,2.25,3.00
2011.06.10 11:01:35.801,5.42747,5.42853,2.25,2.63
2011.06.10 11:01:35.916,5.42758,5.42852,2.25,2.63
2011.06.10 11:01:36.135,5.42748,5.42852,2.25,2.63
2011.06.10 11:01:36.467,5.42738,5.42842,2.63,2.25
2011.06.10 11:01:36.797,5.42767,5.42873,2.25,3.00
2011.06.10 11:01:37.125,5.42738,5.42862,2.63,3.00
2011.06.10 11:01:37.674,5.42747,5.42863,2.25,3.00
2011.06.10 11:01:38.005,5.42747,5.42863,2.63,3.00
2011.06.10 11:01:38.225,5.42767,5.42873,2.25,3.00
2011.06.10 11:01:38.446,5.42738,5.42862,2.25,3.00
2011.06.10 11:01:39.020,5.42768,5.42862,2.25,3.00
2011.06.10 11:01:39.665,5.42768,5.42862,2.25,3.00
2011.06.10 11:01:39.775,5.42747,5.42853,2.25,3.00
2011.06.10 11:01:40.358,5.42747,5.42853,2.25,3.00
2011.06.10 11:01:40.697,5.42727,5.42853,2.25,3.00
2011.06.10 11:01:41.927,5.42727,5.42843,2.25,3.00
2011.06.10 11:01:43.125,5.42727,5.42843,2.25,3.00
2011.06.10 11:01:43.622,5.42737,5.42843,2.25,3.00
2011.06.10 11:01:44.115,5.42737,5.42843,2.25,3.00
2011.06.10 11:01:44.226,5.42737,5.42843,2.25,3.00
2011.06.10 11:01:44.335,5.42727,5.42823,2.25,2.25
2011.06.10 11:01:44.445,5.42737,5.42843,2.25,3.00
2011.06.10 11:01:45.726,5.42737,5.42843,2.25,2.25
2011.06.10 11:01:46.535,5.42737,5.42843,2.25,3.00
2011.06.10 11:01:46.756,5.42728,5.42822,2.25,2.25
2011.06.10 11:01:46.975,5.42727,5.42833,3.00,2.25
2011.06.10 11:01:47.084,5.42738,5.42852,2.25,3.00
2011.06.10 11:01:47.524,5.42738,5.42842,2.25,2.25
2011.06.10 11:01:57.107,5.42738,5.42842,2.25,3.00
2011.06.10 11:01:57.924,5.42738,5.42842,2.25,3.00
2011.06.10 11:01:58.034,5.42727,5.42823,2.25,3.00
2011.06.10 11:01:58.254,5.42718,5.42822,2.25,3.00
2011.06.10 11:01:59.496,5.42718,5.42822,2.25,3.00
2011.06.10 11:02:00.244,5.42718,5.42812,2.25,3.00
2011.06.10 11:02:00.464,5.42697,5.42793,2.25,3.00
2011.06.10 11:02:01.886,5.42688,5.42812,2.63,3.75
2011.06.10 11:02:03.380,5.42688,5.42812,2.25,3.75
2011.06.10 11:02:03.606,5.42677,5.42783,2.25,2.25
2011.06.10 11:02:05.175,5.42678,5.42772,2.25,2.25
2011.06.10 11:02:05.675,5.42678,5.42772,2.25,3.00
2011.06.10 11:02:06.005,5.42657,5.42763,3.00,2.25
2011.06.10 11:02:06.117,5.42652,5.42823,1.50,1.50
2011.06.10 11:02:07.075,5.42663,5.42793,1.50,1.50
2011.06.10 11:02:07.192,5.42677,5.42773,2.25,2.25
2011.06.10 11:02:07.307,5.42677,5.42802,2.25,1.50
2011.06.10 11:02:07.965,5.42677,5.42802,3.00,1.13
2011.06.10 11:02:09.274,5.42688,5.42802,2.25,1.50
2011.06.10 11:02:10.189,5.42667,5.42783,2.25,1.50
2011.06.10 11:02:10.307,5.42656,5.42773,1.13,1.50
2011.06.10 11:02:10.525,5.42677,5.42773,2.25,1.50
2011.06.10 11:02:10.637,5.42647,5.42773,2.25,3.75
2011.06.10 11:02:10.747,5.42667,5.42773,2.25,3.75
2011.06.10 11:02:11.075,5.42647,5.42773,2.25,3.00
2011.06.10 11:02:11.546,5.42648,5.42762,2.63,2.63
2011.06.10 11:02:12.206,5.42657,5.42806,3.00,1.35
2011.06.10 11:02:13.762,5.42581,5.42742,1.50,1.72
2011.06.10 11:02:13.878,5.42581,5.42742,1.50,1.72
2011.06.10 11:02:14.806,5.42581,5.42742,1.50,1.50
2011.06.10 11:02:15.158,5.42603,5.42756,1.35,1.20
2011.06.10 11:02:17.586,5.42623,5.42782,1.50,1.50
2011.06.10 11:02:18.911,5.42623,5.42782,1.13,1.50
2011.06.10 11:02:19.247,5.42647,5.42743,2.25,3.00
2011.06.10 11:02:19.855,5.42647,5.42743,2.25,2.25
2011.06.10 11:02:20.184,5.42648,5.42772,2.25,3.00
2011.06.10 11:02:21.064,5.42648,5.42762,2.25,3.00
2011.06.10 11:02:21.645,5.42647,5.42743,2.25,3.00
2011.06.10 11:02:24.564,5.42647,5.42743,2.25,2.25
2011.06.10 11:02:24.785,5.42657,5.42763,2.25,3.00
2011.06.10 11:02:25.449,5.42657,5.42763,2.25,3.00
2011.06.10 11:02:26.597,5.42657,5.42763,2.63,2.25
2011.06.10 11:02:26.926,5.42668,5.42772,2.25,2.63
2011.06.10 11:02:27.286,5.42668,5.42772,2.25,3.00
2011.06.10 11:02:27.396,5.42658,5.42762,2.25,2.63
2011.06.10 11:02:30.678,5.42648,5.42762,2.25,3.00
2011.06.10 11:02:31.007,5.42618,5.42752,3.00,3.00
2011.06.10 11:02:31.336,5.42607,5.42752,3.00,1.50
2011.06.10 11:02:32.499,5.42618,5.42752,2.63,1.50
2011.06.10 11:02:32.865,5.42618,5.42762,2.25,3.75
2011.06.10 11:02:33.086,5.42617,5.42743,3.00,2.63
2011.06.10 11:02:33.744,5.42617,5.42763,3.00,3.00
2011.06.10 11:02:34.211,5.42617,5.42763,3.00,2.25
2011.06.10 11:02:34.435,5.42617,5.42763,3.00,3.00
2011.06.10 11:02:34.766,5.42592,5.42773,1.50,1.73
2011.06.10 11:02:35.805,5.42592,5.42763,1.50,1.72
2011.06.10 11:02:35.916,5.42592,5.42763,1.50,1.72
2011.06.10 11:02:37.140,5.42595,5.42772,1.50,1.95
2011.06.10 11:02:37.720,5.42595,5.42763,1.50,1.72
2011.06.10 11:02:39.257,5.42609,5.42783,1.50,1.72
2011.06.10 11:02:39.369,5.42609,5.42772,1.50,1.72
2011.06.10 11:02:40.965,5.42591,5.42763,1.50,1.72
2011.06.10 11:02:41.077,5.42592,5.42767,1.50,1.20
2011.06.10 11:02:41.295,5.42592,5.42752,1.13,1.50
2011.06.10 11:02:41.624,5.42577,5.42753,1.35,1.20
2011.06.10 11:02:42.418,5.42598,5.42778,2.25,1.20
2011.06.10 11:02:42.527,5.42613,5.42803,1.35,1.73
2011.06.10 11:02:44.255,5.42638,5.42803,1.13,1.50
2011.06.10 11:02:44.585,5.42647,5.42753,2.25,2.63
2011.06.10 11:02:44.914,5.42618,5.42752,2.63,3.00
2011.06.10 11:02:47.206,5.42617,5.42743,3.00,3.00
2011.06.10 11:02:48.284,5.42628,5.42762,2.25,3.00
2011.06.10 11:02:49.098,5.42628,5.42762,2.63,3.00
2011.06.10 11:02:49.325,5.42617,5.42782,1.35,1.72
2011.06.10 11:02:50.094,5.42648,5.42762,2.25,3.00
2011.06.10 11:02:50.645,5.42648,5.42752,2.25,2.25
2011.06.10 11:02:51.085,5.42658,5.42762,2.25,3.00
2011.06.10 11:02:51.307,5.42657,5.42773,3.00,2.25
2011.06.10 11:02:51.524,5.42677,5.42783,2.25,3.00
2011.06.10 11:02:51.855,5.42677,5.42783,2.25,3.00
2011.06.10 11:02:52.373,5.42657,5.42783,2.25,3.00
2011.06.10 11:02:53.126,5.42657,5.42783,3.00,2.63
2011.06.10 11:02:54.264,5.4265,5.42823,1.50,1.50
2011.06.10 11:02:55.335,5.42629,5.42792,1.50,1.50
2011.06.10 11:02:56.497,5.42658,5.42772,2.25,2.63
2011.06.10 11:02:57.916,5.42658,5.42772,2.25,3.23
2011.06.10 11:02:58.244,5.42586,5.42743,1.50,1.50
2011.06.10 11:02:59.535,5.42596,5.42752,1.50,1.72
2011.06.10 11:03:01.056,5.42617,5.42733,3.00,2.25
2011.06.10 11:03:01.167,5.42627,5.42772,3.00,1.72
2011.06.10 11:03:02.355,5.42627,5.42733,2.25,1.50
2011.06.10 11:03:02.576,5.42585,5.42733,1.50,1.50
2011.06.10 11:03:03.996,5.42575,5.42742,1.50,1.72
2011.06.10 11:03:04.214,5.42628,5.42732,3.00,2.25
2011.06.10 11:03:04.326,5.42638,5.42752,2.25,3.23
2011.06.10 11:03:06.468,5.42648,5.42752,2.25,2.63
2011.06.10 11:03:07.125,5.42647,5.42743,2.25,2.25
2011.06.10 11:03:07.348,5.42637,5.42743,2.25,2.25
2011.06.10 11:03:07.456,5.42648,5.42742,2.25,2.25
2011.06.10 11:03:07.675,5.42638,5.42772,3.00,3.00
2011.06.10 11:03:08.005,5.42648,5.42762,2.25,3.00
2011.06.10 11:03:08.226,5.42638,5.42742,2.25,2.25
2011.06.10 11:03:10.257,5.42638,5.42742,3.00,2.25
2011.06.10 11:03:10.476,5.42638,5.42742,2.25,2.63
2011.06.10 11:03:10.826,5.42637,5.42743,2.25,3.00
2011.06.10 11:03:11.269,5.42608,5.42712,2.63,2.25
2011.06.10 11:03:11.389,5.42617,5.42733,2.25,3.00
2011.06.10 11:03:11.726,5.42607,5.42713,2.63,2.25
2011.06.10 11:03:11.835,5.42617,5.42733,2.25,3.75
2011.06.10 11:03:12.056,5.42617,5.42733,3.00,2.25
2011.06.10 11:03:12.165,5.42627,5.42743,2.25,3.00
2011.06.10 11:03:12.515,5.42628,5.42732,2.25,2.25
2011.06.10 11:03:12.816,5.42628,5.42742,2.25,3.00
2011.06.10 11:03:13.145,5.42627,5.42733,2.25,2.63
2011.06.10 11:03:13.509,5.42617,5.42733,3.00,2.25
2011.06.10 11:03:13.735,5.42638,5.42742,2.25,2.25
2011.06.10 11:03:16.936,5.42638,5.42742,3.00,2.25
2011.06.10 11:03:17.157,5.42658,5.42772,2.25,3.00
2011.06.10 11:03:17.704,5.42657,5.42773,2.25,3.00
2011.06.10 11:03:17.926,5.42657,5.42773,2.25,3.75
2011.06.10 11:03:18.037,5.42647,5.42753,2.25,2.63
2011.06.10 11:03:18.145,5.42647,5.42743,2.25,2.25
2011.06.10 11:03:18.585,5.42638,5.42742,2.63,2.25
2011.06.10 11:03:19.255,5.42638,5.42742,2.25,2.25
2011.06.10 11:03:19.366,5.42638,5.42742,3.00,2.25
2011.06.10 11:03:19.587,5.42638,5.42772,3.00,3.00
2011.06.10 11:03:21.165,5.42638,5.42772,3.00,3.00
2011.06.10 11:03:21.495,5.42658,5.42772,2.25,3.00
2011.06.10 11:03:22.116,5.42658,5.42762,2.25,1.50
2011.06.10 11:03:22.335,5.42605,5.42762,1.50,1.50
2011.06.10 11:03:26.894,5.42605,5.42773,1.50,1.50
2011.06.10 11:03:28.266,5.42605,5.42783,1.50,1.73
2011.06.10 11:03:29.234,5.42648,5.42752,2.25,2.63
2011.06.10 11:03:29.896,5.42605,5.42753,1.50,1.72
2011.06.10 11:03:30.675,5.42627,5.42743,2.25,3.00
2011.06.10 11:03:31.856,5.42627,5.42743,2.25,3.00
2011.06.10 11:03:32.905,5.42627,5.42743,2.25,3.00
2011.06.10 11:03:33.455,5.42628,5.42732,2.25,3.00
2011.06.10 11:03:33.566,5.42607,5.42713,2.63,2.25
2011.06.10 11:03:34.916,5.42607,5.42713,3.00,2.25
2011.06.10 11:03:35.136,5.42618,5.42743,2.63,1.50
2011.06.10 11:03:35.247,5.42618,5.42762,3.00,3.45
2011.06.10 11:03:37.314,5.42638,5.42762,3.00,2.25
2011.06.10 11:03:37.754,5.42658,5.42762,2.25,2.25
2011.06.10 11:03:38.555,5.42647,5.42763,3.00,2.25
2011.06.10 11:03:39.192,5.42648,5.42762,3.00,2.25
2011.06.10 11:03:39.305,5.42648,5.42762,2.25,3.00
2011.06.10 11:03:40.444,5.42647,5.42763,2.25,3.00
2011.06.10 11:03:41.168,5.42647,5.42763,2.25,3.00
2011.06.10 11:03:42.205,5.42647,5.42763,2.63,2.63
2011.06.10 11:03:42.536,5.42647,5.42763,2.25,3.00
2011.06.10 11:03:43.256,5.42648,5.42772,2.25,3.00
2011.06.10 11:03:43.805,5.42648,5.42772,2.25,3.00
2011.06.10 11:03:44.325,5.42648,5.42772,2.25,3.00
2011.06.10 11:03:44.917,5.42647,5.42743,2.25,3.00
2011.06.10 11:03:45.025,5.42638,5.42742,2.25,3.00
2011.06.10 11:03:46.289,5.42638,5.42742,2.25,3.00
2011.06.10 11:03:48.335,5.42638,5.42742,2.25,3.00
2011.06.10 11:03:48.446,5.42617,5.42733,2.25,3.00
2011.06.10 11:03:50.184,5.42617,5.42733,2.25,3.00
2011.06.10 11:03:52.646,5.42628,5.42732,2.25,3.00
2011.06.10 11:03:52.865,5.42618,5.42732,2.25,3.00
2011.06.10 11:03:53.828,5.42618,5.42732,2.25,3.00
2011.06.10 11:03:55.044,5.42618,5.42732,2.25,3.00
2011.06.10 11:03:55.775,5.42617,5.42723,2.25,2.63
2011.06.10 11:03:56.215,5.42617,5.42723,2.25,3.00
2011.06.10 11:03:56.794,5.42618,5.42722,2.25,3.00
2011.06.10 11:03:57.906,5.42617,5.42733,2.25,3.00
2011.06.10 11:03:59.596,5.42617,5.42733,2.25,3.00
2011.06.10 11:04:00.545,5.42618,5.42732,2.25,3.00
2011.06.10 11:04:01.332,5.42618,5.42732,2.25,3.00
2011.06.10 11:04:03.616,5.42618,5.42732,2.25,3.00
2011.06.10 11:04:06.578,5.42618,5.42732,2.25,3.00
2011.06.10 11:04:07.636,5.42627,5.42733,2.25,3.00
2011.06.10 11:04:08.022,5.42627,5.42733,2.25,2.25
2011.06.10 11:04:08.138,5.42617,5.42743,3.00,3.00
2011.06.10 11:04:08.806,5.42617,5.42743,2.25,3.00
2011.06.10 11:04:09.355,5.42608,5.42712,2.25,2.25
2011.06.10 11:04:10.671,5.42608,5.42712,2.25,3.00
2011.06.10 11:04:11.196,5.42608,5.42707,2.25,1.13
2011.06.10 11:04:11.527,5.42568,5.42672,2.25,3.00
2011.06.10 11:04:12.486,5.42558,5.42672,2.25,3.00
2011.06.10 11:04:13.545,5.42528,5.42712,1.13,1.73
2011.06.10 11:04:13.877,5.42451,5.42632,1.50,1.50
2011.06.10 11:04:14.709,5.42442,5.42623,1.50,1.50
2011.06.10 11:04:15.068,5.42442,5.42613,1.50,1.50
2011.06.10 11:04:15.949,5.42477,5.42583,2.63,2.25
2011.06.10 11:04:16.686,5.42477,5.42583,2.63,2.25
2011.06.10 11:04:17.786,5.42477,5.42583,2.63,2.25
2011.06.10 11:04:18.234,5.42477,5.42583,3.00,2.25
2011.06.10 11:04:18.455,5.42487,5.42603,3.00,2.25
2011.06.10 11:04:18.674,5.42507,5.42603,2.25,2.25
2011.06.10 11:04:21.716,5.42507,5.42603,2.25,3.00
2011.06.10 11:04:21.937,5.42446,5.42593,1.50,1.50
2011.06.10 11:04:22.048,5.42446,5.42593,1.50,1.50
2011.06.10 11:04:22.995,5.42448,5.42572,2.63,3.00
2011.06.10 11:04:23.326,5.42448,5.42552,3.00,2.25
2011.06.10 11:04:23.438,5.42467,5.42563,2.25,2.25
2011.06.10 11:04:23.545,5.42467,5.42563,2.25,2.63
2011.06.10 11:04:23.655,5.42448,5.42552,2.63,2.25
2011.06.10 11:04:23.765,5.42447,5.42563,2.63,2.63
2011.06.10 11:04:24.989,5.42447,5.42563,2.25,3.00
2011.06.10 11:04:25.107,5.42447,5.42563,2.63,2.63
2011.06.10 11:04:25.545,5.42424,5.42573,1.50,1.50
2011.06.10 11:04:26.015,5.42427,5.42533,3.00,2.25
2011.06.10 11:04:26.685,5.42437,5.42533,2.25,2.25
2011.06.10 11:04:27.084,5.42437,5.42533,3.00,2.25
2011.06.10 11:04:27.196,5.42437,5.42563,3.00,2.25
2011.06.10 11:04:27.525,5.42437,5.42563,3.00,2.63
2011.06.10 11:04:27.856,5.42457,5.42563,2.63,2.25
2011.06.10 11:04:28.426,5.42458,5.42562,2.63,2.25
2011.06.10 11:04:28.765,5.42468,5.42572,2.25,2.63
2011.06.10 11:04:31.236,5.42468,5.42572,2.25,3.00
2011.06.10 11:04:31.345,5.42458,5.42552,2.25,2.25
2011.06.10 11:04:32.016,5.42458,5.42552,2.25,3.00
2011.06.10 11:04:32.237,5.42428,5.42542,2.63,2.63
2011.06.10 11:04:32.794,5.42428,5.42532,2.63,2.25
2011.06.10 11:04:33.436,5.42428,5.42532,2.25,3.00
2011.06.10 11:04:33.820,5.42408,5.42512,3.00,2.25
2011.06.10 11:04:34.178,5.42417,5.42513,2.25,2.25
2011.06.10 11:04:36.257,5.42418,5.42544,3.00,1.13
2011.06.10 11:04:36.585,5.42438,5.42552,2.25,3.00
2011.06.10 11:04:37.244,5.42438,5.42542,2.25,2.25
2011.06.10 11:04:38.430,5.42438,5.42542,2.25,3.00
2011.06.10 11:04:38.542,5.42438,5.42552,2.25,2.63
2011.06.10 11:04:38.770,5.42427,5.42533,2.25,2.25
2011.06.10 11:04:38.999,5.42426,5.42588,1.50,1.57
2011.06.10 11:04:39.886,5.42405,5.42582,1.50,1.20
2011.06.10 11:04:40.435,5.42438,5.42552,3.00,2.25
2011.06.10 11:04:40.765,5.42458,5.42562,3.00,2.25
2011.06.10 11:04:40.988,5.42468,5.42572,2.25,2.25
2011.06.10 11:04:42.275,5.42478,5.42572,2.25,2.25
2011.06.10 11:04:42.386,5.42487,5.42593,2.25,2.63
2011.06.10 11:04:43.584,5.42498,5.42592,2.25,2.63
2011.06.10 11:04:48.467,5.42498,5.42602,2.25,2.63
2011.06.10 11:04:48.965,5.42498,5.42592,2.25,2.25
2011.06.10 11:04:49.206,5.42497,5.42603,2.25,2.63
2011.06.10 11:04:49.427,5.42497,5.42603,3.00,2.25
2011.06.10 11:04:49.536,5.42508,5.42622,2.63,2.47
2011.06.10 11:04:49.646,5.42508,5.42622,2.63,2.25
2011.06.10 11:04:50.594,5.42497,5.42623,3.00,3.38
2011.06.10 11:04:50.706,5.42498,5.42612,2.63,3.38
2011.06.10 11:04:50.925,5.42498,5.42602,2.63,2.25
2011.06.10 11:04:51.775,5.42497,5.42623,2.63,3.00
2011.06.10 11:04:51.887,5.42498,5.42602,2.25,2.25
2011.06.10 11:04:52.215,5.42498,5.42592,2.25,2.25
2011.06.10 11:04:56.226,5.42497,5.42603,2.25,2.63
2011.06.10 11:04:56.793,5.42497,5.42603,2.25,3.23
2011.06.10 11:04:57.126,5.42437,5.42533,3.00,2.25
2011.06.10 11:04:57.650,5.42437,5.42533,2.25,2.25
2011.06.10 11:04:57.990,5.42437,5.42543,2.25,2.25
2011.06.10 11:04:58.106,5.42447,5.42553,2.25,2.25
2011.06.10 11:04:58.436,5.42437,5.42553,3.00,2.25
2011.06.10 11:04:58.546,5.42414,5.42543,1.50,2.25
2011.06.10 11:04:58.655,5.42414,5.42543,1.50,2.25
2011.06.10 11:05:01.206,5.42414,5.42533,1.50,2.25
2011.06.10 11:05:01.316,5.42397,5.42533,1.50,2.25
2011.06.10 11:05:01.428,5.42397,5.42523,1.50,2.25
2011.06.10 11:05:01.535,5.42397,5.42523,1.50,2.25
2011.06.10 11:05:01.647,5.42397,5.42512,1.50,2.25
2011.06.10 11:05:02.072,5.4239,5.42512,1.50,2.25
2011.06.10 11:05:02.310,5.42398,5.42502,3.00,2.25
2011.06.10 11:05:02.537,5.42387,5.42493,3.00,2.25
2011.06.10 11:05:02.645,5.42387,5.42493,2.25,2.25
2011.06.10 11:05:02.866,5.42398,5.42492,2.25,2.25
2011.06.10 11:05:02.976,5.42397,5.42503,2.25,2.25
2011.06.10 11:05:03.417,5.42388,5.42492,2.25,2.25
2011.06.10 11:05:03.859,5.42397,5.42493,2.25,2.25
2011.06.10 11:05:04.086,5.42398,5.42502,2.25,2.25
2011.06.10 11:05:04.197,5.42407,5.42513,2.25,2.25
2011.06.10 11:05:04.306,5.42418,5.42532,2.25,2.25
2011.06.10 11:05:05.875,5.42418,5.42532,2.25,3.00
2011.06.10 11:05:06.095,5.42398,5.42512,2.25,2.63
2011.06.10 11:05:06.315,5.42388,5.42502,2.63,2.25
2011.06.10 11:05:06.646,5.42353,5.42543,1.50,1.20
2011.06.10 11:05:06.866,5.42373,5.4255,1.50,1.20
2011.06.10 11:05:07.655,5.42408,5.42512,2.25,2.63
2011.06.10 11:05:08.537,5.42418,5.42512,2.25,2.25
2011.06.10 11:05:08.645,5.42437,5.42533,2.25,2.25
2011.06.10 11:05:08.866,5.42418,5.42522,2.25,2.25
2011.06.10 11:05:09.295,5.42428,5.42522,2.25,2.25
2011.06.10 11:05:09.412,5.42428,5.42532,2.25,2.63
2011.06.10 11:05:09.529,5.42428,5.42532,2.63,2.25
2011.06.10 11:05:09.756,5.42437,5.42553,2.25,2.25
2011.06.10 11:05:10.087,5.42447,5.42553,2.25,2.25
2011.06.10 11:05:10.305,5.42437,5.42553,2.25,2.25
2011.06.10 11:05:12.205,5.42437,5.42553,2.63,2.25
2011.06.10 11:05:12.536,5.42457,5.42563,2.25,2.25
2011.06.10 11:05:12.977,5.42467,5.42563,2.25,2.25
2011.06.10 11:05:13.086,5.42467,5.42573,2.25,3.00
2011.06.10 11:05:13.649,5.42467,5.42563,2.25,2.25
2011.06.10 11:05:14.768,5.42468,5.42572,2.25,2.25
2011.06.10 11:05:14.988,5.42477,5.42593,2.25,2.63
2011.06.10 11:05:16.018,5.42477,5.42593,2.25,2.25
2011.06.10 11:05:16.246,5.42477,5.42603,2.25,3.00
2011.06.10 11:05:16.356,5.42478,5.42592,2.25,2.25
2011.06.10 11:05:17.255,5.42468,5.42582,2.63,2.25
2011.06.10 11:05:17.968,5.42477,5.42593,2.25,2.25
2011.06.10 11:05:18.695,5.42478,5.42592,2.25,2.25
2011.06.10 11:05:19.705,5.42467,5.42573,2.25,2.25
2011.06.10 11:05:20.038,5.42467,5.42573,3.00,2.25
2011.06.10 11:05:20.145,5.42477,5.42603,2.25,3.00
2011.06.10 11:05:20.366,5.42467,5.42593,3.00,2.25
2011.06.10 11:05:20.697,5.42478,5.42592,2.25,2.25
2011.06.10 11:05:21.025,5.42498,5.42592,2.25,2.25
2011.06.10 11:05:21.246,5.42498,5.42602,2.25,2.25
2011.06.10 11:05:21.357,5.42507,5.42603,2.25,2.25
2011.06.10 11:05:22.005,5.42497,5.42603,2.25,2.25
2011.06.10 11:05:22.554,5.42497,5.42593,2.25,2.25
2011.06.10 11:05:22.965,5.42497,5.42603,2.25,2.63
2011.06.10 11:05:24.615,5.42497,5.42603,2.25,2.25
2011.06.10 11:05:25.685,5.42488,5.42592,2.25,2.25
2011.06.10 11:05:27.365,5.42497,5.42593,2.25,2.25
2011.06.10 11:05:27.775,5.42488,5.42592,2.25,2.25
2011.06.10 11:05:28.196,5.42488,5.42592,2.25,3.00
2011.06.10 11:05:28.415,5.42467,5.42573,2.25,2.25
2011.06.10 11:05:28.965,5.42468,5.42582,2.25,2.63
2011.06.10 11:05:29.925,5.42468,5.42582,2.25,2.25
2011.06.10 11:05:30.477,5.42467,5.42593,2.25,3.00
2011.06.10 11:05:31.590,5.42467,5.42593,2.25,2.63
2011.06.10 11:05:31.817,5.42477,5.42593,2.25,2.63
2011.06.10 11:05:32.365,5.42477,5.42593,2.63,2.25
2011.06.10 11:05:32.696,5.42498,5.42592,2.25,2.25
2011.06.10 11:05:34.258,5.42498,5.42592,2.25,2.63
2011.06.10 11:05:34.585,5.42468,5.42582,2.25,2.25
2011.06.10 11:05:34.696,5.42478,5.42582,2.25,2.25
2011.06.10 11:05:35.397,5.42478,5.42582,2.25,3.00
2011.06.10 11:05:35.505,5.42467,5.42573,2.25,2.25
2011.06.10 11:05:35.945,5.42478,5.42582,2.25,2.25
2011.06.10 11:05:36.608,5.42477,5.42603,2.25,2.63
2011.06.10 11:05:36.835,5.42487,5.42603,2.25,2.63
2011.06.10 11:05:37.961,5.42487,5.42593,2.25,2.25
2011.06.10 11:05:38.077,5.42477,5.42593,2.25,2.25
2011.06.10 11:05:38.585,5.42468,5.42592,2.25,3.00
2011.06.10 11:05:38.805,5.42467,5.42583,2.25,2.25
2011.06.10 11:05:50.716,5.42478,5.42582,2.25,2.25
2011.06.10 11:05:54.375,5.42498,5.42592,2.25,2.25
2011.06.10 11:05:54.485,5.42498,5.42602,2.25,2.63
2011.06.10 11:05:54.972,5.42478,5.42582,2.25,2.25
2011.06.10 11:05:56.607,5.42477,5.42593,2.25,2.63
2011.06.10 11:05:57.437,5.42477,5.42593,3.00,2.25
2011.06.10 11:05:57.766,5.42478,5.42644,1.50,1.20
2011.06.10 11:05:58.575,5.42507,5.42633,2.63,2.25
2011.06.10 11:05:59.166,5.42518,5.42632,2.25,2.25
2011.06.10 11:05:59.966,5.42518,5.42632,2.25,2.63
2011.06.10 11:06:00.296,5.42508,5.42612,2.25,2.25
2011.06.10 11:06:00.950,5.42518,5.42632,2.25,2.25
2011.06.10 11:06:01.175,5.42528,5.42632,2.25,2.25
2011.06.10 11:06:01.607,5.42528,5.42632,2.25,2.63
2011.06.10 11:06:01.716,5.42507,5.42633,2.25,2.63
2011.06.10 11:06:01.935,5.42518,5.42632,2.25,2.63
2011.06.10 11:06:02.697,5.42518,5.42632,2.25,2.63
2011.06.10 11:06:03.875,5.42508,5.42632,2.25,2.63
2011.06.10 11:06:03.985,5.42517,5.42633,2.25,2.63
2011.06.10 11:06:05.465,5.42517,5.42633,2.25,3.00
2011.06.10 11:06:05.686,5.42507,5.42613,2.25,2.25
2011.06.10 11:06:06.016,5.42518,5.42632,2.25,2.25
2011.06.10 11:06:06.564,5.42517,5.42633,2.25,2.63
2011.06.10 11:06:07.202,5.42517,5.42633,2.25,3.00
2011.06.10 11:06:07.317,5.42518,5.42632,2.25,2.25
2011.06.10 11:06:07.537,5.42538,5.42642,2.25,2.63
2011.06.10 11:06:08.415,5.42538,5.42632,2.25,2.25
2011.06.10 11:06:08.745,5.42517,5.42633,2.25,2.25
2011.06.10 11:06:11.222,5.42537,5.42633,2.25,2.25
2011.06.10 11:06:12.536,5.42537,5.42643,2.25,2.25
2011.06.10 11:06:13.736,5.42569,5.42643,1.50,2.25
2011.06.10 11:06:13.845,5.42627,5.42709,2.25,1.50
2011.06.10 11:06:13.956,5.42627,5.42723,2.25,2.25
2011.06.10 11:06:14.615,5.42627,5.42733,2.25,2.85
2011.06.10 11:06:15.906,5.42627,5.42733,2.25,2.85
2011.06.10 11:06:16.127,5.42627,5.42733,3.00,2.47
2011.06.10 11:06:16.237,5.42638,5.42752,2.25,3.00
2011.06.10 11:06:16.351,5.42628,5.42732,3.00,2.25
2011.06.10 11:06:16.468,5.42658,5.42752,2.25,2.25
2011.06.10 11:06:16.580,5.42658,5.42762,3.00,2.25
2011.06.10 11:06:16.806,5.42637,5.42813,2.10,1.20
2011.06.10 11:06:17.854,5.42657,5.42817,1.50,1.20
2011.06.10 11:06:18.875,5.42647,5.42817,1.50,1.20
2011.06.10 11:06:18.986,5.42642,5.42833,1.50,1.20
2011.06.10 11:06:19.205,5.42658,5.42831,1.50,1.50
2011.06.10 11:06:20.140,5.42658,5.42813,1.50,1.35
2011.06.10 11:06:20.837,5.42637,5.42813,1.50,1.35
2011.06.10 11:06:21.165,5.42648,5.42752,3.00,2.25
2011.06.10 11:06:21.495,5.42658,5.42752,2.25,2.25
2011.06.10 11:06:21.607,5.42658,5.42762,2.25,2.25
2011.06.10 11:06:21.717,5.42657,5.42773,2.25,3.00
2011.06.10 11:06:22.314,5.42658,5.42772,2.25,3.00
2011.06.10 11:06:22.548,5.42658,5.42772,3.00,2.25
2011.06.10 11:06:23.747,5.42658,5.42772,2.63,2.25
2011.06.10 11:06:25.557,5.42658,5.42782,2.63,3.00
2011.06.10 11:06:26.105,5.42658,5.42773,1.13,2.25
2011.06.10 11:06:26.486,5.42658,5.42773,1.13,2.63
2011.06.10 11:06:27.186,5.42694,5.42773,1.35,2.25
2011.06.10 11:06:27.406,5.42748,5.42842,2.25,1.20
2011.06.10 11:06:27.517,5.42748,5.42862,3.00,2.47
2011.06.10 11:06:27.626,5.42768,5.42882,2.63,2.63
2011.06.10 11:06:28.335,5.42778,5.42882,2.25,2.63
2011.06.10 11:06:29.136,5.42777,5.42893,2.63,2.63
2011.06.10 11:06:30.905,5.42817,5.42923,2.25,2.70
2011.06.10 11:06:31.235,5.42817,5.42923,2.25,2.47
2011.06.10 11:06:31.645,5.42817,5.42923,2.25,2.47
2011.06.10 11:06:31.866,5.42827,5.42923,2.25,2.47
2011.06.10 11:06:33.866,5.42817,5.42923,2.25,2.47
2011.06.10 11:06:33.978,5.42827,5.42933,2.25,3.22
2011.06.10 11:06:34.197,5.42808,5.42922,2.63,2.47
2011.06.10 11:06:34.306,5.42838,5.42932,2.25,2.47
2011.06.10 11:06:34.637,5.42838,5.42932,2.85,2.47
2011.06.10 11:06:34.966,5.42868,5.42974,2.25,1.20
2011.06.10 11:06:37.592,5.42838,5.42974,2.85,1.20
2011.06.10 11:06:38.066,5.42838,5.42974,2.85,1.20
2011.06.10 11:06:39.765,5.42847,5.42974,2.25,1.20
2011.06.10 11:06:39.985,5.42837,5.42984,2.25,1.20
2011.06.10 11:06:40.096,5.42847,5.42984,2.25,1.20
2011.06.10 11:06:40.425,5.42858,5.42984,2.25,1.20
2011.06.10 11:06:42.437,5.42837,5.42984,2.25,1.20
2011.06.10 11:06:43.429,5.42904,5.42984,4.50,1.20
2011.06.10 11:06:43.911,5.42979,5.43173,3.75,1.50
2011.06.10 11:06:44.135,5.42974,5.43173,1.13,1.73
2011.06.10 11:06:44.246,5.42969,5.43168,1.50,1.73
2011.06.10 11:06:44.576,5.42969,5.43174,1.50,1.73
2011.06.10 11:06:44.905,5.43017,5.43143,2.25,2.25
2011.06.10 11:06:45.676,5.42998,5.43112,2.25,2.25
2011.06.10 11:06:46.466,5.43007,5.43113,2.25,2.25
2011.06.10 11:06:47.808,5.43007,5.43113,3.00,2.25
2011.06.10 11:06:47.920,5.42998,5.43172,1.50,1.72
2011.06.10 11:06:48.598,5.42998,5.43175,1.50,1.20
2011.06.10 11:06:48.706,5.42998,5.43175,1.50,1.20
2011.06.10 11:06:48.928,5.42988,5.43165,1.50,1.20
2011.06.10 11:06:49.035,5.42988,5.43165,1.50,1.20
2011.06.10 11:06:49.366,5.43038,5.43132,2.25,3.00
2011.06.10 11:06:49.587,5.43027,5.43133,2.25,3.00
2011.06.10 11:06:49.695,5.43027,5.43133,2.25,2.25
2011.06.10 11:06:49.808,5.43027,5.43133,2.25,3.00
2011.06.10 11:06:50.136,5.43038,5.43132,2.25,2.25
2011.06.10 11:06:50.465,5.43058,5.43162,2.25,3.22
2011.06.10 11:06:51.033,5.43038,5.43142,2.25,2.25
2011.06.10 11:06:51.150,5.43038,5.43142,2.25,3.00
2011.06.10 11:06:51.596,5.43037,5.43133,2.25,3.00
2011.06.10 11:06:53.634,5.43037,5.43133,2.25,2.25
2011.06.10 11:06:54.076,5.43027,5.43223,1.50,1.95
2011.06.10 11:06:54.515,5.43038,5.43223,1.50,1.20
2011.06.10 11:06:54.916,5.43038,5.43223,1.50,1.20
2011.06.10 11:06:56.436,5.43038,5.43223,1.50,1.20
2011.06.10 11:06:56.545,5.43034,5.43223,1.13,1.20
2011.06.10 11:06:56.656,5.43022,5.43203,1.50,1.20
2011.06.10 11:06:56.765,5.43078,5.43182,2.25,3.00
2011.06.10 11:06:57.406,5.43077,5.43183,2.25,3.00
2011.06.10 11:06:58.416,5.43077,5.43183,2.25,3.00
2011.06.10 11:06:58.525,5.43067,5.43173,2.25,3.00
2011.06.10 11:06:59.505,5.43067,5.43173,2.25,2.25
2011.06.10 11:06:59.619,5.43077,5.43183,2.25,3.00
2011.06.10 11:07:00.265,5.43088,5.43192,2.25,3.00
2011.06.10 11:07:00.607,5.43098,5.43192,2.25,3.00
2011.06.10 11:07:01.687,5.43098,5.43192,2.25,3.00
2011.06.10 11:07:01.808,5.43078,5.43182,2.25,2.25
2011.06.10 11:07:02.246,5.43078,5.43182,2.25,3.00
2011.06.10 11:07:02.578,5.43067,5.43163,2.25,3.00
2011.06.10 11:07:02.700,5.43048,5.43152,2.25,3.00
2011.06.10 11:07:02.817,5.43028,5.43132,2.25,3.00
2011.06.10 11:07:02.927,5.43038,5.43142,2.25,3.00
2011.06.10 11:07:03.148,5.42997,5.43143,2.25,3.00
2011.06.10 11:07:03.258,5.43007,5.43103,2.25,3.00
2011.06.10 11:07:03.367,5.43007,5.43103,2.25,3.00
2011.06.10 11:07:03.698,5.43008,5.43122,2.25,3.00
2011.06.10 11:07:04.245,5.43007,5.43133,2.25,3.00
2011.06.10 11:07:04.356,5.43007,5.43133,2.25,3.00
2011.06.10 11:07:04.615,5.43018,5.43132,2.25,3.00
2011.06.10 11:07:05.456,5.43018,5.43132,2.25,3.00
2011.06.10 11:07:05.676,5.43018,5.43132,2.25,3.00
2011.06.10 11:07:06.208,5.43018,5.43132,2.25,3.00
2011.06.10 11:07:06.576,5.42997,5.43133,2.25,3.23
2011.06.10 11:07:06.795,5.42997,5.43123,2.25,3.00
2011.06.10 11:07:07.536,5.43008,5.43122,2.25,3.00
2011.06.10 11:07:07.647,5.43007,5.43133,2.25,3.45
2011.06.10 11:07:07.758,5.43007,5.43133,2.25,3.22
2011.06.10 11:07:07.868,5.43027,5.43133,2.25,3.22
2011.06.10 11:07:08.199,5.43058,5.43162,2.25,3.00
2011.06.10 11:07:08.316,5.43038,5.43152,2.25,3.00
2011.06.10 11:07:08.816,5.43038,5.43143,2.25,1.50
2011.06.10 11:07:09.036,5.43007,5.43123,2.63,2.25
2011.06.10 11:07:10.161,5.42959,5.43093,1.50,2.47
2011.06.10 11:07:10.388,5.42947,5.43063,2.25,2.25
2011.06.10 11:07:11.365,5.42948,5.43072,2.25,2.25
2011.06.10 11:07:11.476,5.42957,5.43073,2.25,2.25
2011.06.10 11:07:12.138,5.42968,5.43072,2.25,2.25
2011.06.10 11:07:12.465,5.42978,5.43082,2.25,2.25
2011.06.10 11:07:14.035,5.42977,5.43083,2.25,2.25
2011.06.10 11:07:16.050,5.42958,5.43082,2.25,2.25
2011.06.10 11:07:16.166,5.42957,5.43073,2.25,2.25
2011.06.10 11:07:16.496,5.42948,5.43062,2.25,2.25
2011.06.10 11:07:16.936,5.42899,5.43095,1.13,1.35
2011.06.10 11:07:17.047,5.42899,5.43095,1.13,1.35
2011.06.10 11:07:17.266,5.42892,5.43073,1.50,1.13
2011.06.10 11:07:17.486,5.42882,5.43052,1.50,1.35
2011.06.10 11:07:17.707,5.42895,5.43064,1.35,1.20
2011.06.10 11:07:17.817,5.42908,5.43096,1.50,1.35
2011.06.10 11:07:17.927,5.42909,5.43104,1.13,1.35
2011.06.10 11:07:18.475,5.42909,5.43104,1.13,1.35
2011.06.10 11:07:18.837,5.42909,5.43104,1.13,1.35
2011.06.10 11:07:19.206,5.42947,5.43073,2.25,2.25
2011.06.10 11:07:20.264,5.42957,5.43073,2.25,2.25
2011.06.10 11:07:20.596,5.42947,5.43073,2.25,3.00
2011.06.10 11:07:20.705,5.42947,5.43063,2.25,2.25
2011.06.10 11:07:21.035,5.42938,5.43052,2.25,2.25
2011.06.10 11:07:21.365,5.42918,5.43042,2.25,2.25
2011.06.10 11:07:21.696,5.42918,5.43032,2.25,2.25
2011.06.10 11:07:22.246,5.42919,5.43032,1.13,2.25
2011.06.10 11:07:22.466,5.42924,5.43113,1.50,1.35
2011.06.10 11:07:23.317,5.42924,5.43113,1.50,1.35
2011.06.10 11:07:23.675,5.42925,5.43118,1.13,1.57
2011.06.10 11:07:23.916,5.42925,5.43118,1.13,1.57
2011.06.10 11:07:24.418,5.42925,5.43118,1.13,1.57
2011.06.10 11:07:24.756,5.42911,5.43103,1.50,1.35
2011.06.10 11:07:25.085,5.42948,5.43052,2.25,2.25
2011.06.10 11:07:25.524,5.42938,5.43052,2.25,2.25
2011.06.10 11:07:25.749,5.42938,5.43042,2.25,3.00
2011.06.10 11:07:25.977,5.42817,5.4301,1.29,1.13
2011.06.10 11:07:26.087,5.42806,5.42993,1.29,1.13
2011.06.10 11:07:26.196,5.42803,5.42993,4.50,1.35
2011.06.10 11:07:26.783,5.42848,5.42992,2.25,2.25
2011.06.10 11:07:27.120,5.42907,5.43033,2.25,2.25
2011.06.10 11:07:27.457,5.42918,5.43032,2.25,2.25
2011.06.10 11:07:27.896,5.42918,5.43042,2.25,2.47
2011.06.10 11:07:28.666,5.42908,5.43032,2.25,2.25
2011.06.10 11:07:28.775,5.42917,5.43043,2.25,2.47
2011.06.10 11:07:29.435,5.42927,5.43043,2.25,2.47
2011.06.10 11:07:31.481,5.42908,5.43022,2.25,2.25
2011.06.10 11:07:31.707,5.42888,5.43012,2.25,2.25
2011.06.10 11:07:31.927,5.42888,5.43012,2.25,2.47
2011.06.10 11:07:32.147,5.42868,5.42992,2.25,2.25
2011.06.10 11:07:32.586,5.42877,5.42993,2.25,2.25
2011.06.10 11:07:33.135,5.42868,5.42992,2.25,2.25
2011.06.10 11:07:33.807,5.42867,5.42983,2.25,2.25
2011.06.10 11:07:34.247,5.42878,5.42992,2.25,2.25
2011.06.10 11:07:34.577,5.42888,5.43012,2.25,2.47
2011.06.10 11:07:34.688,5.42897,5.43013,3.00,2.25
2011.06.10 11:07:34.797,5.42908,5.43022,2.25,2.25
2011.06.10 11:07:35.281,5.42917,5.43033,2.25,2.25
2011.06.10 11:07:35.401,5.42917,5.43033,2.25,2.63
2011.06.10 11:07:35.517,5.42907,5.43023,2.25,2.25
2011.06.10 11:07:35.629,5.42887,5.42972,2.25,2.10
2011.06.10 11:07:35.856,5.42748,5.42953,3.00,5.32
2011.06.10 11:07:35.966,5.4272,5.42852,1.50,2.25
2011.06.10 11:07:36.296,5.42698,5.42852,2.25,2.25
2011.06.10 11:07:37.735,5.42728,5.42832,2.25,2.25
2011.06.10 11:07:38.050,5.42727,5.42843,2.25,2.25
2011.06.10 11:07:39.175,5.42737,5.42843,2.25,2.25
2011.06.10 11:07:39.506,5.42737,5.42843,3.00,2.25
2011.06.10 11:07:39.618,5.42758,5.42872,2.25,2.25
2011.06.10 11:07:39.837,5.42767,5.42873,2.63,2.25
2011.06.10 11:07:39.948,5.42777,5.42883,2.25,2.25
2011.06.10 11:07:41.246,5.42786,5.42883,4.35,2.25
2011.06.10 11:07:41.356,5.42838,5.43012,2.25,2.70
2011.06.10 11:07:41.465,5.42838,5.43012,2.25,2.70
2011.06.10 11:07:42.014,5.42838,5.42972,2.25,2.25
2011.06.10 11:07:47.755,5.42847,5.42963,2.25,2.25
2011.06.10 11:07:48.306,5.42858,5.42962,2.25,2.25
2011.06.10 11:07:49.425,5.42847,5.42963,2.25,2.25
2011.06.10 11:07:49.666,5.42847,5.42948,2.25,2.10
2011.06.10 11:07:50.001,5.42748,5.42899,1.29,1.73
2011.06.10 11:07:50.118,5.42679,5.42898,1.29,4.73
2011.06.10 11:07:50.337,5.42658,5.42853,1.35,1.20
2011.06.10 11:07:51.232,5.42669,5.42861,3.75,1.20
2011.06.10 11:07:51.568,5.42669,5.42861,4.35,1.20
2011.06.10 11:07:51.789,5.42695,5.42894,1.35,1.20
2011.06.10 11:07:52.127,5.42722,5.42833,1.73,2.25
2011.06.10 11:07:52.236,5.42722,5.42927,1.35,1.20
2011.06.10 11:07:52.565,5.42722,5.42914,1.35,1.20
2011.06.10 11:07:52.896,5.42778,5.42892,2.25,2.25
2011.06.10 11:07:53.006,5.42747,5.42893,2.25,2.25
2011.06.10 11:07:53.114,5.42757,5.42893,2.25,2.25
2011.06.10 11:07:53.689,5.42768,5.42892,2.25,2.25
2011.06.10 11:07:54.706,5.42748,5.42862,2.25,2.25
2011.06.10 11:07:55.255,5.42758,5.42872,2.25,2.25
2011.06.10 11:07:55.695,5.42737,5.42873,2.25,2.25
2011.06.10 11:07:58.086,5.42747,5.42873,2.25,2.25
2011.06.10 11:07:58.525,5.42757,5.42873,2.25,2.25
2011.06.10 11:07:58.857,5.42757,5.42873,2.25,2.48
2011.06.10 11:07:59.078,5.42757,5.42873,2.25,2.25
2011.06.10 11:07:59.467,5.42692,5.42909,1.13,1.20
2011.06.10 11:07:59.795,5.42692,5.42896,1.13,1.20
2011.06.10 11:08:01.946,5.42686,5.42896,1.35,1.20
2011.06.10 11:08:02.055,5.42728,5.42852,2.25,2.25
2011.06.10 11:08:02.386,5.42727,5.42843,2.25,2.25
2011.06.10 11:08:03.497,5.42727,5.42853,2.25,2.25
2011.06.10 11:08:04.045,5.42717,5.42833,2.25,2.25
2011.06.10 11:08:04.736,5.42727,5.42863,2.25,2.25
2011.06.10 11:08:04.847,5.42737,5.42863,2.25,2.25
2011.06.10 11:08:05.396,5.42727,5.42863,2.25,2.25
2011.06.10 11:08:05.876,5.42727,5.42853,2.25,2.25
2011.06.10 11:08:07.585,5.42737,5.42863,2.25,2.25
2011.06.10 11:08:08.138,5.42738,5.42862,2.25,2.25
2011.06.10 11:08:09.296,5.42738,5.42872,2.25,2.25
2011.06.10 11:08:09.516,5.42738,5.42862,2.25,2.25
2011.06.10 11:08:10.817,5.42747,5.42863,2.25,2.25
2011.06.10 11:08:11.475,5.42738,5.42852,2.25,2.25
2011.06.10 11:08:11.807,5.42748,5.42872,2.25,2.25
2011.06.10 11:08:13.444,5.42748,5.42852,2.25,2.25
2011.06.10 11:08:13.969,5.42737,5.42843,2.25,2.25
2011.06.10 11:08:14.926,5.42748,5.42872,2.25,2.48
2011.06.10 11:08:15.037,5.42748,5.42852,2.25,2.25
2011.06.10 11:08:15.147,5.42727,5.42843,2.25,2.25
2011.06.10 11:08:15.256,5.42717,5.42833,2.25,2.25
2011.06.10 11:08:15.696,5.42697,5.42823,2.25,2.25
2011.06.10 11:08:16.135,5.42698,5.42812,2.25,2.25
2011.06.10 11:08:20.339,5.42678,5.42792,2.25,2.25
2011.06.10 11:08:20.569,5.42657,5.42783,2.25,2.25
2011.06.10 11:08:22.688,5.42667,5.42783,2.25,2.25
2011.06.10 11:08:23.225,5.42658,5.42782,2.25,2.25
2011.06.10 11:08:24.576,5.42657,5.42773,2.25,2.25
2011.06.10 11:08:25.127,5.42668,5.42772,2.25,2.25
2011.06.10 11:08:25.238,5.42667,5.42783,2.25,2.25
2011.06.10 11:08:25.918,5.42687,5.42793,2.25,2.25
2011.06.10 11:08:26.030,5.42657,5.42783,2.25,2.25
2011.06.10 11:08:27.778,5.42657,5.42773,2.25,2.25
2011.06.10 11:08:29.026,5.42658,5.42782,2.25,2.25
2011.06.10 11:08:29.610,5.42657,5.42783,2.25,2.25
2011.06.10 11:08:37.262,5.42658,5.42772,2.25,2.25
2011.06.10 11:08:37.382,5.42658,5.42782,2.25,2.25
2011.06.10 11:08:37.498,5.42658,5.42792,2.25,2.25
2011.06.10 11:08:37.606,5.42658,5.42782,2.25,2.25
2011.06.10 11:08:40.147,5.42658,5.42782,3.00,2.25
2011.06.10 11:08:40.369,5.42648,5.42854,1.35,1.72
2011.06.10 11:08:40.475,5.42648,5.42856,1.35,1.20
2011.06.10 11:08:40.807,5.42708,5.42812,2.25,2.25
2011.06.10 11:08:40.918,5.42697,5.42803,2.25,2.25
2011.06.10 11:08:41.029,5.42667,5.42783,2.25,2.25
2011.06.10 11:08:41.148,5.42657,5.42783,2.25,2.25
2011.06.10 11:08:41.257,5.42658,5.42772,2.25,2.25
2011.06.10 11:08:42.706,5.42668,5.42792,2.25,2.25
2011.06.10 11:08:42.925,5.42668,5.42802,2.25,2.47
2011.06.10 11:08:43.255,5.42667,5.42793,2.25,2.25
2011.06.10 11:08:44.877,5.42668,5.42802,2.25,2.47
2011.06.10 11:08:44.987,5.42658,5.42772,2.25,2.25
2011.06.10 11:08:45.756,5.42667,5.42793,2.25,2.25
2011.06.10 11:08:45.976,5.42667,5.42783,2.25,2.25
2011.06.10 11:08:46.935,5.42657,5.42783,2.25,2.25
2011.06.10 11:08:47.045,5.42657,5.42773,2.25,2.25
2011.06.10 11:08:49.888,5.42678,5.42782,2.25,2.25
2011.06.10 11:08:49.997,5.42657,5.42793,2.25,2.25
2011.06.10 11:08:50.467,5.42658,5.42782,2.25,2.25
2011.06.10 11:08:51.745,5.42657,5.42773,2.25,2.25
2011.06.10 11:08:54.446,5.42647,5.42763,2.25,2.25
2011.06.10 11:08:56.955,5.42668,5.42772,2.25,2.25
2011.06.10 11:08:57.286,5.42677,5.42783,2.25,2.25
2011.06.10 11:08:57.395,5.42658,5.42772,2.25,2.25
2011.06.10 11:08:57.835,5.42678,5.42772,2.25,2.25
2011.06.10 11:08:58.055,5.42657,5.42773,2.25,2.25
2011.06.10 11:08:59.635,5.42657,5.42783,2.25,2.25
2011.06.10 11:08:59.855,5.42647,5.42773,2.25,2.25
2011.06.10 11:09:00.656,5.42658,5.42772,2.25,2.25
2011.06.10 11:09:01.427,5.42678,5.42782,2.25,2.25
2011.06.10 11:09:01.755,5.42688,5.42782,2.25,2.25
2011.06.10 11:09:03.847,5.42687,5.42793,2.25,2.25
2011.06.10 11:09:03.957,5.42697,5.42823,2.25,3.00
2011.06.10 11:09:04.508,5.42698,5.42802,2.25,2.25
2011.06.10 11:09:05.581,5.42698,5.42822,2.25,2.25
2011.06.10 11:09:05.806,5.42698,5.42812,2.25,2.25
2011.06.10 11:09:06.515,5.42698,5.42822,2.25,2.25
2011.06.10 11:09:10.245,5.42698,5.42812,2.25,2.25
2011.06.10 11:09:10.675,5.42697,5.42823,2.25,2.25
2011.06.10 11:09:10.896,5.42718,5.42822,2.25,2.25
2011.06.10 11:09:17.067,5.42717,5.42813,2.25,2.25
2011.06.10 11:09:17.285,5.42707,5.42813,2.25,2.25
2011.06.10 11:09:17.505,5.42698,5.42802,2.25,2.25
2011.06.10 11:09:21.675,5.42697,5.42823,2.25,2.25
2011.06.10 11:09:21.896,5.42708,5.42822,2.25,2.25
2011.06.10 11:09:25.237,5.42698,5.42812,2.25,2.25
2011.06.10 11:09:25.676,5.42698,5.42802,2.25,2.25
2011.06.10 11:09:26.006,5.42728,5.42832,2.25,2.25
2011.06.10 11:09:26.635,5.42737,5.42843,2.25,2.47
2011.06.10 11:09:27.077,5.42718,5.42822,2.25,2.25
2011.06.10 11:09:28.339,5.42727,5.42843,2.25,2.47
2011.06.10 11:09:28.456,5.42738,5.42842,2.25,2.25
2011.06.10 11:09:35.946,5.42738,5.42852,2.25,2.47
2011.06.10 11:09:36.385,5.42747,5.42853,2.25,2.47
2011.06.10 11:09:37.760,5.42768,5.42872,2.25,2.25
2011.06.10 11:09:37.987,5.42757,5.42883,2.25,3.22
2011.06.10 11:09:38.206,5.42758,5.42862,2.25,2.25
2011.06.10 11:09:38.535,5.42768,5.42862,2.25,2.25
2011.06.10 11:09:39.557,5.42758,5.42862,2.25,2.25
2011.06.10 11:09:40.175,5.42747,5.42853,2.25,2.25
2011.06.10 11:09:42.195,5.42757,5.42863,2.25,2.25
2011.06.10 11:09:44.156,5.42777,5.42883,2.25,2.47
2011.06.10 11:09:44.485,5.42758,5.42862,2.25,2.25
2011.06.10 11:09:47.227,5.42758,5.42882,2.25,2.25
2011.06.10 11:09:47.668,5.42757,5.42873,2.25,2.25
2011.06.10 11:09:49.266,5.42747,5.42863,2.25,2.25
2011.06.10 11:09:49.634,5.42758,5.42872,2.25,2.25
2011.06.10 11:09:50.077,5.42777,5.42883,2.25,2.85
2011.06.10 11:09:50.186,5.42715,5.4289,1.50,1.20
2011.06.10 11:09:50.736,5.42708,5.4289,1.13,1.20
2011.06.10 11:09:50.846,5.42699,5.42876,1.50,1.20
2011.06.10 11:09:51.726,5.42699,5.42866,1.50,1.35
2011.06.10 11:09:51.837,5.42728,5.42842,2.25,2.25
2011.06.10 11:09:52.877,5.42728,5.42832,2.25,2.25
2011.06.10 11:09:58.286,5.42747,5.42853,2.25,2.47
2011.06.10 11:09:58.615,5.42757,5.42853,2.25,2.25
2011.06.10 11:09:58.726,5.42758,5.42872,2.25,2.47
2011.06.10 11:09:59.096,5.42757,5.42863,3.00,2.47
2011.06.10 11:09:59.425,5.42768,5.42882,2.63,2.25
2011.06.10 11:09:59.645,5.42777,5.42883,2.25,2.25
2011.06.10 11:10:00.946,5.42777,5.42883,3.00,2.25
2011.06.10 11:10:01.312,5.42777,5.42893,3.00,2.25
2011.06.10 11:10:02.142,5.42777,5.42893,2.63,2.25
2011.06.10 11:10:03.611,5.42777,5.42893,3.00,2.25
2011.06.10 11:10:03.945,5.42788,5.42892,2.25,2.25
2011.06.10 11:10:04.166,5.42788,5.42902,3.00,2.25
2011.06.10 11:10:04.389,5.42808,5.42912,3.00,2.25
2011.06.10 11:10:04.496,5.42808,5.42912,2.63,2.25
2011.06.10 11:10:04.606,5.42818,5.42942,2.25,3.98
2011.06.10 11:10:04.829,5.42817,5.42923,2.25,2.25
2011.06.10 11:10:05.166,5.42808,5.42912,2.63,2.25
2011.06.10 11:10:06.586,5.42798,5.42902,2.25,2.25
2011.06.10 11:10:13.447,5.42777,5.42893,2.25,2.25
2011.06.10 11:10:13.775,5.42777,5.42883,2.25,2.25
2011.06.10 11:10:14.265,5.42777,5.42893,2.25,2.25
2011.06.10 11:10:15.228,5.42777,5.42893,3.00,2.25
2011.06.10 11:10:15.555,5.42788,5.42892,2.25,2.25
2011.06.10 11:10:22.626,5.42778,5.42892,2.25,2.25
2011.06.10 11:10:24.575,5.42768,5.42892,2.63,2.25
2011.06.10 11:10:26.138,5.42768,5.42892,2.25,3.00
2011.06.10 11:10:26.465,5.42767,5.42863,2.25,2.25
2011.06.10 11:10:26.725,5.42767,5.42873,2.25,2.25
2011.06.10 11:10:26.837,5.42777,5.42893,2.25,2.25
2011.06.10 11:10:27.495,5.42788,5.42892,2.25,2.25
2011.06.10 11:10:28.265,5.42778,5.42892,2.63,2.25
2011.06.10 11:10:29.006,5.42778,5.42892,2.25,2.25
2011.06.10 11:10:29.667,5.42778,5.42892,2.25,3.00
2011.06.10 11:10:30.231,5.42714,5.42863,1.50,1.13
2011.06.10 11:10:31.648,5.42703,5.42863,1.50,1.50
2011.06.10 11:10:31.975,5.42727,5.42843,2.25,2.25
2011.06.10 11:10:32.306,5.42738,5.42842,2.25,2.25
2011.06.10 11:10:33.086,5.42747,5.42843,2.25,2.25
2011.06.10 11:10:33.615,5.42727,5.42843,2.63,2.25
2011.06.10 11:10:34.474,5.42727,5.42843,3.00,2.25
2011.06.10 11:10:34.593,5.42738,5.42862,2.63,2.25
2011.06.10 11:10:34.708,5.42748,5.42862,2.25,2.25
2011.06.10 11:10:35.445,5.42748,5.42862,2.63,2.25
2011.06.10 11:10:35.778,5.42767,5.42893,2.25,3.22
2011.06.10 11:10:36.105,5.42737,5.42883,3.00,2.25
2011.06.10 11:10:36.766,5.42748,5.42882,2.63,2.25
2011.06.10 11:10:37.345,5.42748,5.42872,2.63,2.25
2011.06.10 11:10:37.676,5.42758,5.42872,2.63,2.25
2011.06.10 11:10:38.005,5.42758,5.42862,2.63,2.25
2011.06.10 11:10:38.767,5.42758,5.42862,2.25,2.63
2011.06.10 11:10:39.407,5.42758,5.42862,2.25,2.25
2011.06.10 11:10:40.095,5.42757,5.42853,2.25,2.25
2011.06.10 11:10:40.428,5.42737,5.42843,2.25,2.25
2011.06.10 11:10:42.130,5.42737,5.42843,3.00,2.25
2011.06.10 11:10:42.466,5.42747,5.42863,2.25,2.25
2011.06.10 11:10:43.377,5.42737,5.42863,2.63,3.00
2011.06.10 11:10:43.925,5.42738,5.42852,2.63,2.25
2011.06.10 11:10:45.057,5.42738,5.42852,2.25,2.25
2011.06.10 11:10:45.857,5.42748,5.42852,2.25,2.25
2011.06.10 11:10:49.626,5.42757,5.42853,2.25,2.25
2011.06.10 11:10:49.848,5.42758,5.42862,2.25,2.25
2011.06.10 11:10:50.068,5.42768,5.42862,2.63,2.25
2011.06.10 11:10:50.177,5.42768,5.42892,2.63,3.00
2011.06.10 11:10:50.933,5.42767,5.42883,2.63,3.00
2011.06.10 11:10:51.509,5.42767,5.42873,2.25,3.00
2011.06.10 11:10:52.104,5.42768,5.42862,2.25,2.25
2011.06.10 11:10:55.306,5.42758,5.42862,2.63,2.25
2011.06.10 11:10:55.750,5.42758,5.42852,2.25,2.63
2011.06.10 11:10:58.365,5.42703,5.42873,1.50,1.50
2011.06.10 11:11:00.927,5.42727,5.42833,2.63,2.25
2011.06.10 11:11:01.375,5.42728,5.42842,2.25,2.25
2011.06.10 11:11:03.450,5.42728,5.42842,2.25,3.38
2011.06.10 11:11:03.788,5.42677,5.42793,3.00,2.25
2011.06.10 11:11:04.336,5.42677,5.42803,2.25,2.47
2011.06.10 11:11:04.446,5.42698,5.42822,3.00,2.85
2011.06.10 11:11:04.666,5.42698,5.42822,3.00,2.63
2011.06.10 11:11:08.345,5.42698,5.42822,3.00,2.25
2011.06.10 11:11:08.456,5.42718,5.42832,2.63,2.63
2011.06.10 11:11:08.895,5.42727,5.42843,2.25,3.00
2011.06.10 11:11:09.227,5.42747,5.42843,3.00,2.25
2011.06.10 11:11:09.336,5.42747,5.42853,3.00,2.25
2011.06.10 11:11:09.445,5.42758,5.42872,2.25,3.00
2011.06.10 11:11:09.965,5.42758,5.42862,2.25,2.25
2011.06.10 11:11:10.796,5.42798,5.42902,2.63,2.47
2011.06.10 11:11:10.906,5.42798,5.42902,2.63,2.25
2011.06.10 11:11:11.915,5.42768,5.42882,3.00,2.25
2011.06.10 11:11:13.496,5.42768,5.42882,3.00,2.25
2011.06.10 11:11:13.716,5.42788,5.42892,2.25,2.25
2011.06.10 11:11:16.145,5.42788,5.42892,2.63,2.25
2011.06.10 11:11:16.257,5.42788,5.42902,2.63,2.63
2011.06.10 11:11:18.876,5.42787,5.42893,2.63,2.25
2011.06.10 11:11:19.235,5.42787,5.42893,2.25,3.00
2011.06.10 11:11:19.345,5.42767,5.42873,3.00,2.25
2011.06.10 11:11:19.565,5.42767,5.42883,3.00,2.25
2011.06.10 11:11:20.303,5.42767,5.42883,3.00,2.25
2011.06.10 11:11:20.525,5.42797,5.42903,2.63,2.25
2011.06.10 11:11:21.896,5.42807,5.42913,2.25,2.63
2011.06.10 11:11:23.026,5.42807,5.42913,2.63,2.25
2011.06.10 11:11:24.507,5.42834,5.42913,1.35,2.25
2011.06.10 11:11:24.617,5.42888,5.43072,2.25,3.23
2011.06.10 11:11:24.946,5.42898,5.43032,2.25,3.45
2011.06.10 11:11:25.056,5.42898,5.43032,2.25,3.23
2011.06.10 11:11:25.166,5.42898,5.43032,2.25,2.48
2011.06.10 11:11:26.404,5.42898,5.43012,2.25,2.70
2011.06.10 11:11:26.521,5.42816,5.43012,1.35,1.20
2011.06.10 11:11:27.077,5.42868,5.42982,2.25,2.48
2011.06.10 11:11:27.767,5.42867,5.42963,2.25,2.48
2011.06.10 11:11:27.986,5.42848,5.42952,2.25,2.25
2011.06.10 11:11:28.096,5.42848,5.42952,2.25,2.47
2011.06.10 11:11:28.427,5.42857,5.42973,2.25,2.70
2011.06.10 11:11:28.996,5.42858,5.42962,2.25,2.70
2011.06.10 11:11:30.335,5.42857,5.42973,2.25,2.70
2011.06.10 11:11:33.575,5.42858,5.42972,2.25,2.70
2011.06.10 11:11:37.106,5.42857,5.42963,2.25,2.70
2011.06.10 11:11:39.709,5.42858,5.42972,2.25,2.70
2011.06.10 11:11:40.256,5.42857,5.42963,2.25,2.70
2011.06.10 11:11:43.475,5.42858,5.42972,2.25,2.70
2011.06.10 11:11:45.585,5.42858,5.42952,2.25,2.25
2011.06.10 11:11:45.916,5.42878,5.42982,2.25,2.25
2011.06.10 11:11:46.027,5.42877,5.42973,2.25,2.25
2011.06.10 11:11:46.386,5.42877,5.42983,2.25,2.25
2011.06.10 11:11:49.604,5.42877,5.42983,2.25,3.00
2011.06.10 11:11:50.377,5.42877,5.42974,2.25,1.13
2011.06.10 11:11:50.488,5.42848,5.42952,2.25,3.00
2011.06.10 11:11:50.598,5.42848,5.42952,2.25,3.00
2011.06.10 11:11:50.926,5.42817,5.42923,2.25,3.00
2011.06.10 11:11:51.146,5.42817,5.42923,2.25,3.00
2011.06.10 11:11:51.815,5.42817,5.42933,2.25,3.00
2011.06.10 11:11:51.926,5.42817,5.42933,2.25,3.00
2011.06.10 11:11:52.586,5.42818,5.42932,2.25,2.25
2011.06.10 11:11:56.516,5.42818,5.42932,2.25,3.00
2011.06.10 11:11:56.738,5.42788,5.42902,2.25,3.00
2011.06.10 11:11:56.957,5.42778,5.42892,2.25,3.00
2011.06.10 11:11:57.405,5.42777,5.42903,2.25,3.22
2011.06.10 11:11:57.985,5.42797,5.42903,2.25,3.22
2011.06.10 11:11:58.316,5.42807,5.42913,2.25,3.22
2011.06.10 11:11:58.666,5.42798,5.42892,2.25,2.25
2011.06.10 11:11:58.886,5.42797,5.42903,2.25,3.22
2011.06.10 11:11:59.215,5.42797,5.42903,2.25,3.22
2011.06.10 11:11:59.498,5.42797,5.42903,2.25,3.22
2011.06.10 11:12:00.206,5.42797,5.42903,2.25,3.22
2011.06.10 11:12:00.315,5.42797,5.42903,2.25,3.22
2011.06.10 11:12:01.676,5.42797,5.42903,2.25,3.22
2011.06.10 11:12:01.785,5.42777,5.42893,2.25,3.00
2011.06.10 11:12:07.628,5.42798,5.42902,2.25,2.25
2011.06.10 11:12:07.737,5.42777,5.42893,2.25,3.00
2011.06.10 11:12:07.848,5.42798,5.42902,2.25,3.00
2011.06.10 11:12:07.957,5.42777,5.42883,2.25,2.25
2011.06.10 11:12:14.678,5.42777,5.42893,2.25,2.25
2011.06.10 11:12:14.897,5.42778,5.42882,2.25,2.25
2011.06.10 11:12:16.276,5.42777,5.42893,2.25,3.00
2011.06.10 11:12:16.665,5.42788,5.42892,2.25,3.00
2011.06.10 11:12:17.325,5.42777,5.42893,2.25,3.00
2011.06.10 11:12:18.268,5.42777,5.42893,2.25,2.25
2011.06.10 11:12:18.375,5.42798,5.42902,2.25,3.00
2011.06.10 11:12:21.028,5.42787,5.42893,2.25,2.25
2011.06.10 11:12:26.356,5.42787,5.42893,3.00,2.25
2011.06.10 11:12:26.699,5.42847,5.42943,2.25,2.47
2011.06.10 11:12:26.926,5.42848,5.42962,2.25,2.25
2011.06.10 11:12:27.366,5.42848,5.42952,2.25,2.25
2011.06.10 11:12:28.163,5.42848,5.42952,2.25,3.00
2011.06.10 11:12:28.496,5.42773,5.42941,1.50,1.35
2011.06.10 11:12:28.716,5.42793,5.4297,1.50,1.20
2011.06.10 11:12:28.827,5.42777,5.42958,1.35,1.13
2011.06.10 11:12:29.047,5.4277,5.42958,1.50,1.13
2011.06.10 11:12:29.265,5.4277,5.42961,1.50,1.13
2011.06.10 11:12:29.376,5.4277,5.42961,1.50,1.50
2011.06.10 11:12:29.596,5.42755,5.42954,1.50,1.20
2011.06.10 11:12:30.111,5.42797,5.42913,2.25,2.25
2011.06.10 11:12:31.466,5.42788,5.42902,2.25,2.25
2011.06.10 11:12:36.029,5.42797,5.42913,2.25,2.25
2011.06.10 11:12:36.248,5.42827,5.42923,2.25,2.25
2011.06.10 11:12:36.581,5.42758,5.42862,3.00,2.25
2011.06.10 11:12:36.698,5.42758,5.42862,2.85,2.25
2011.06.10 11:12:36.808,5.42827,5.42923,2.25,1.20
2011.06.10 11:12:36.918,5.42827,5.42931,2.25,4.20
2011.06.10 11:12:37.517,5.42827,5.42933,2.25,2.70
2011.06.10 11:12:38.529,5.42837,5.42943,2.25,2.70
2011.06.10 11:12:38.645,5.42828,5.42922,2.25,2.25
2011.06.10 11:12:41.637,5.42828,5.42919,2.25,1.20
2011.06.10 11:12:41.747,5.42761,5.42919,1.35,1.20
2011.06.10 11:12:41.857,5.42784,5.42962,1.13,1.20
2011.06.10 11:12:41.966,5.42784,5.42962,1.50,1.20
2011.06.10 11:12:42.077,5.42781,5.42973,1.50,1.20
2011.06.10 11:12:42.297,5.42806,5.4298,1.50,1.35
2011.06.10 11:12:42.966,5.42806,5.4298,1.50,1.35
2011.06.10 11:12:43.187,5.42806,5.42993,1.50,1.20
2011.06.10 11:12:43.408,5.42814,5.42989,1.50,1.20
2011.06.10 11:12:44.006,5.42814,5.42992,1.50,1.73
2011.06.10 11:12:44.447,5.42814,5.42991,1.50,1.36
2011.06.10 11:12:45.061,5.42858,5.42962,2.25,2.25
2011.06.10 11:12:45.886,5.42858,5.42972,2.25,2.25
2011.06.10 11:12:45.997,5.42857,5.42963,2.25,2.25
2011.06.10 11:12:46.106,5.42848,5.42962,2.25,2.25
2011.06.10 11:12:48.188,5.42867,5.42963,2.25,2.25
2011.06.10 11:12:48.627,5.42867,5.42973,2.25,2.25
2011.06.10 11:12:48.737,5.42877,5.42993,2.25,2.25
2011.06.10 11:12:49.527,5.42887,5.42993,2.25,2.25
2011.06.10 11:12:50.076,5.42878,5.42992,2.25,2.25
2011.06.10 11:12:50.186,5.42878,5.42982,2.25,2.25
2011.06.10 11:12:50.837,5.42858,5.42962,2.25,2.25
2011.06.10 11:12:50.947,5.42857,5.42973,2.25,2.25
2011.06.10 11:12:51.055,5.42858,5.42999,2.25,1.20
2011.06.10 11:12:51.167,5.42878,5.42992,2.25,2.25
2011.06.10 11:12:51.495,5.42888,5.42992,2.25,2.25
2011.06.10 11:12:51.935,5.42878,5.42992,2.25,2.25
2011.06.10 11:12:52.970,5.42897,5.43003,2.25,2.25
2011.06.10 11:12:53.310,5.42907,5.43003,2.25,2.25
2011.06.10 11:12:53.428,5.42847,5.42993,2.25,2.25
2011.06.10 11:12:53.647,5.42857,5.43003,2.25,2.25
2011.06.10 11:12:54.435,5.42868,5.43002,2.25,2.25
2011.06.10 11:12:54.767,5.42878,5.43002,2.25,2.25
2011.06.10 11:13:00.228,5.42877,5.43003,2.63,2.25
2011.06.10 11:13:00.338,5.42877,5.43003,3.00,2.25
2011.06.10 11:13:00.668,5.42927,5.43033,2.25,2.25
2011.06.10 11:13:00.888,5.42927,5.43043,2.25,2.25
2011.06.10 11:13:01.858,5.42918,5.43022,2.25,2.25
2011.06.10 11:13:04.097,5.42937,5.43043,2.25,2.25
2011.06.10 11:13:04.428,5.42947,5.43043,2.25,2.25
2011.06.10 11:13:11.098,5.42918,5.43042,2.25,3.00
2011.06.10 11:13:11.207,5.42917,5.43033,2.25,2.25
2011.06.10 11:13:11.756,5.42928,5.43032,2.25,2.25
2011.06.10 11:13:13.789,5.42917,5.43033,2.25,2.25
2011.06.10 11:13:16.267,5.42918,5.43042,2.25,2.25
2011.06.10 11:13:17.655,5.42917,5.43033,2.25,2.25
2011.06.10 11:13:19.636,5.42917,5.43043,2.25,2.25
2011.06.10 11:13:20.750,5.42917,5.43033,2.25,2.25
2011.06.10 11:13:21.093,5.42908,5.43002,2.25,3.00
2011.06.10 11:13:21.319,5.42822,5.42993,1.50,1.35
2011.06.10 11:13:22.375,5.42815,5.42987,1.50,1.13
2011.06.10 11:13:23.451,5.42815,5.42982,1.50,1.13
2011.06.10 11:13:23.568,5.42815,5.42981,1.50,1.13
2011.06.10 11:13:23.896,5.42828,5.42932,2.25,2.25
2011.06.10 11:13:26.047,5.42828,5.42932,3.00,2.25
2011.06.10 11:13:26.156,5.4281,5.43002,1.13,1.95
2011.06.10 11:13:26.267,5.42803,5.42992,1.50,1.20
2011.06.10 11:13:26.375,5.42803,5.42993,1.50,1.20
2011.06.10 11:13:26.486,5.42799,5.42992,1.50,1.20
2011.06.10 11:13:26.597,5.42799,5.42992,1.50,1.20
2011.06.10 11:13:26.707,5.428,5.42992,1.50,1.20
2011.06.10 11:13:28.087,5.42825,5.43002,1.50,1.20
2011.06.10 11:13:28.308,5.42802,5.42972,1.50,1.13
2011.06.10 11:13:28.416,5.42801,5.42985,1.50,1.36
2011.06.10 11:13:28.529,5.42817,5.42992,1.50,1.95
2011.06.10 11:13:29.104,5.42817,5.42985,1.50,1.13
2011.06.10 11:13:29.815,5.42817,5.42988,1.50,1.36
2011.06.10 11:13:30.145,5.42838,5.42962,2.25,2.25
2011.06.10 11:13:31.446,5.42837,5.42953,2.25,2.25
2011.06.10 11:13:32.165,5.42837,5.42953,2.63,2.25
2011.06.10 11:13:32.278,5.42837,5.42953,2.25,2.25
2011.06.10 11:13:32.496,5.42857,5.42963,2.25,3.00
2011.06.10 11:13:32.826,5.42837,5.42943,2.25,2.25
2011.06.10 11:13:42.007,5.42827,5.42933,2.25,2.25
2011.06.10 11:13:43.393,5.42808,5.42912,2.25,2.25
2011.06.10 11:13:49.661,5.42777,5.42913,2.25,2.25
2011.06.10 11:13:50.888,5.42777,5.42913,3.00,2.25
2011.06.10 11:13:51.108,5.42768,5.42952,1.50,1.20
2011.06.10 11:13:51.216,5.42768,5.42942,1.50,1.13
2011.06.10 11:13:51.331,5.42757,5.42922,1.13,1.13
2011.06.10 11:13:51.447,5.42748,5.42923,1.50,1.20
2011.06.10 11:13:51.666,5.42777,5.42913,2.25,2.25
2011.06.10 11:13:51.995,5.42778,5.42902,2.25,2.25
2011.06.10 11:13:52.826,5.42777,5.42893,2.25,2.25
2011.06.10 11:13:54.656,5.42787,5.42893,2.25,2.25
2011.06.10 11:13:56.573,5.42807,5.42913,2.25,2.25
2011.06.10 11:13:56.687,5.42787,5.42913,2.25,2.25
2011.06.10 11:13:56.796,5.42798,5.42912,2.25,2.25
2011.06.10 11:13:57.126,5.42797,5.42903,2.25,2.25
2011.06.10 11:13:59.818,5.42818,5.42922,2.25,2.25
2011.06.10 11:14:01.467,5.42797,5.42913,2.25,2.25
2011.06.10 11:14:05.465,5.42788,5.42912,2.25,2.25
2011.06.10 11:14:07.386,5.42798,5.42912,2.25,2.25
2011.06.10 11:14:12.655,5.42798,5.42912,2.25,3.00
2011.06.10 11:14:12.765,5.42769,5.42872,1.13,2.25
2011.06.10 11:14:12.876,5.42768,5.42872,2.63,2.25
2011.06.10 11:14:13.486,5.42767,5.42863,2.63,2.25
2011.06.10 11:14:14.335,5.42758,5.42862,3.00,2.25
2011.06.10 11:14:14.592,5.42758,5.42862,3.00,2.25
2011.06.10 11:14:14.815,5.42767,5.42863,2.25,2.25
2011.06.10 11:14:21.136,5.42757,5.42863,3.00,2.25
2011.06.10 11:14:23.161,5.42747,5.42853,2.25,3.00
2011.06.10 11:14:23.279,5.42711,5.42872,1.50,1.72
2011.06.10 11:14:23.956,5.42691,5.42842,1.50,1.50
2011.06.10 11:14:24.286,5.42698,5.42802,2.63,2.25
2011.06.10 11:14:24.960,5.42698,5.42802,3.00,2.25
2011.06.10 11:14:25.296,5.42707,5.42803,2.25,2.25
2011.06.10 11:14:27.156,5.42707,5.42803,3.00,2.25
2011.06.10 11:14:27.596,5.42707,5.42813,3.00,2.25
2011.06.10 11:14:27.706,5.42717,5.42813,2.25,2.25
2011.06.10 11:14:28.078,5.42688,5.42792,2.25,2.25
2011.06.10 11:14:30.047,5.42688,5.42792,2.63,2.25
2011.06.10 11:14:30.377,5.42687,5.42793,2.25,2.25
2011.06.10 11:14:30.486,5.42668,5.42762,2.63,2.25
2011.06.10 11:14:30.598,5.42677,5.42783,2.25,2.25
2011.06.10 11:14:31.037,5.42677,5.42783,2.25,3.00
2011.06.10 11:14:31.258,5.42667,5.42783,2.63,2.25
2011.06.10 11:14:31.366,5.42647,5.42773,2.63,2.63
2011.06.10 11:14:31.477,5.42647,5.42763,2.63,2.25
2011.06.10 11:14:32.246,5.42647,5.42763,3.00,2.25
2011.06.10 11:14:32.865,5.42678,5.42782,2.25,2.25
2011.06.10 11:14:32.983,5.42677,5.42793,2.63,2.25
2011.06.10 11:14:33.810,5.42677,5.42793,2.63,2.25
2011.06.10 11:14:34.903,5.42677,5.42793,2.63,2.25
2011.06.10 11:14:35.237,5.42688,5.42822,2.63,2.25
2011.06.10 11:14:35.347,5.42708,5.42822,2.25,2.25
2011.06.10 11:14:35.568,5.42707,5.42833,3.00,2.25
2011.06.10 11:14:35.900,5.42707,5.42833,3.75,2.25
2011.06.10 11:14:36.017,5.42747,5.42853,2.25,2.25
2011.06.10 11:14:36.127,5.42748,5.42872,3.00,2.25
2011.06.10 11:14:36.240,5.42758,5.42872,2.25,2.25
2011.06.10 11:14:36.759,5.42757,5.42863,2.25,2.25
2011.06.10 11:14:37.135,5.42757,5.42863,2.63,2.25
2011.06.10 11:14:37.356,5.42768,5.42872,2.25,2.25
2011.06.10 11:14:42.169,5.42747,5.42863,2.25,2.25
2011.06.10 11:14:42.387,5.42748,5.42852,2.25,2.25
2011.06.10 11:14:42.715,5.42738,5.42842,2.63,2.25
2011.06.10 11:14:43.779,5.42738,5.42842,2.25,2.25
2011.06.10 11:14:45.930,5.42748,5.42872,3.00,2.25
2011.06.10 11:14:46.046,5.42747,5.42863,3.00,2.25
2011.06.10 11:14:47.615,5.42747,5.42863,3.00,2.25
2011.06.10 11:14:47.947,5.42768,5.42872,2.25,2.25
2011.06.10 11:14:49.977,5.42748,5.42872,3.00,2.25
2011.06.10 11:14:50.086,5.42758,5.42872,2.25,2.25
2011.06.10 11:14:55.135,5.42767,5.42873,2.25,2.25
2011.06.10 11:14:58.048,5.42758,5.42862,2.25,2.25
2011.06.10 11:14:59.135,5.42748,5.42862,2.25,2.25
2011.06.10 11:14:59.737,5.42748,5.42862,3.00,2.25
2011.06.10 11:15:00.065,5.42767,5.42873,2.25,2.25
2011.06.10 11:15:00.295,5.42778,5.42882,2.25,2.25
2011.06.10 11:15:01.911,5.42778,5.42882,3.00,2.25
2011.06.10 11:15:02.137,5.42798,5.42912,2.25,2.25
2011.06.10 11:15:05.606,5.42808,5.42912,2.25,2.25
2011.06.10 11:15:06.156,5.42798,5.42912,2.25,2.25
2011.06.10 11:15:09.985,5.42788,5.42912,2.63,2.25
2011.06.10 11:15:10.687,5.42787,5.42903,2.63,2.25
2011.06.10 11:15:12.178,5.42787,5.42903,2.25,2.25
2011.06.10 11:15:13.366,5.42787,5.42913,2.25,2.63
2011.06.10 11:15:13.586,5.42788,5.42902,2.25,2.25
2011.06.10 11:15:15.586,5.42778,5.42902,2.63,2.25
2011.06.10 11:15:16.137,5.42787,5.42903,2.25,2.25
2011.06.10 11:15:16.466,5.42788,5.42882,2.25,2.25
2011.06.10 11:15:17.356,5.42767,5.42873,3.00,2.25
2011.06.10 11:15:17.466,5.42787,5.42883,2.25,2.25
2011.06.10 11:15:17.685,5.42777,5.42883,2.25,2.25
2011.06.10 11:15:21.297,5.42777,5.42883,3.00,2.25
2011.06.10 11:15:21.517,5.42798,5.42912,2.25,2.25
2011.06.10 11:15:21.847,5.42808,5.42912,2.25,2.25
2011.06.10 11:15:22.538,5.42797,5.42913,2.25,2.25
2011.06.10 11:15:22.647,5.42788,5.42912,2.25,2.63
2011.06.10 11:15:24.317,5.42788,5.42912,2.25,2.63
2011.06.10 11:15:24.645,5.42787,5.42903,2.25,2.25
2011.06.10 11:15:25.316,5.42787,5.42903,2.25,2.63
2011.06.10 11:15:25.646,5.42788,5.42882,2.25,2.25
2011.06.10 11:15:27.567,5.42797,5.42923,2.25,3.00
2011.06.10 11:15:27.788,5.42797,5.42923,3.00,2.25
2011.06.10 11:15:27.895,5.42798,5.42952,3.00,3.00
2011.06.10 11:15:28.116,5.42798,5.42942,3.00,2.25
2011.06.10 11:15:29.266,5.42798,5.42942,2.63,2.63
2011.06.10 11:15:29.486,5.42797,5.42933,2.63,2.25
2011.06.10 11:15:29.815,5.42808,5.42922,2.25,2.25
2011.06.10 11:15:31.586,5.42787,5.42923,3.00,2.25
2011.06.10 11:15:32.136,5.42798,5.42922,2.63,2.25
2011.06.10 11:15:32.686,5.42808,5.42922,2.25,2.25
2011.06.10 11:15:33.295,5.42798,5.42922,2.63,2.25
2011.06.10 11:15:33.406,5.42807,5.42923,2.25,2.25
2011.06.10 11:15:35.507,5.42797,5.42923,2.63,2.25
2011.06.10 11:15:35.726,5.42817,5.42923,2.25,2.25
2011.06.10 11:15:43.166,5.42818,5.42912,2.25,2.25
2011.06.10 11:15:43.276,5.42818,5.42922,2.25,2.25
2011.06.10 11:15:44.596,5.42818,5.42922,2.25,2.63
2011.06.10 11:15:44.818,5.42797,5.42913,2.25,2.25
2011.06.10 11:15:45.449,5.42798,5.42912,2.25,2.25
2011.06.10 11:15:46.437,5.42787,5.42913,2.25,2.63
2011.06.10 11:15:46.546,5.42788,5.42902,2.25,2.25
2011.06.10 11:15:46.876,5.42788,5.42902,2.25,2.63
2011.06.10 11:15:47.207,5.42787,5.42883,2.25,2.25
2011.06.10 11:15:47.667,5.42787,5.42903,2.25,2.25
2011.06.10 11:15:49.107,5.42787,5.42903,3.00,2.25
2011.06.10 11:15:49.437,5.42797,5.42913,2.25,2.25
2011.06.10 11:15:49.656,5.42797,5.42923,2.25,3.00
2011.06.10 11:15:49.876,5.42808,5.42922,2.25,2.63
2011.06.10 11:15:50.967,5.42808,5.42922,2.25,2.25
2011.06.10 11:15:51.916,5.42808,5.42912,2.25,2.25
2011.06.10 11:15:52.246,5.42817,5.42923,2.25,2.25
2011.06.10 11:15:57.397,5.42817,5.42913,2.25,2.25
2011.06.10 11:15:58.166,5.42818,5.42922,2.25,2.25
2011.06.10 11:15:59.477,5.42818,5.42922,3.00,2.25
2011.06.10 11:15:59.589,5.42838,5.42952,2.25,2.25
2011.06.10 11:16:00.487,5.42847,5.42953,2.25,2.25
2011.06.10 11:16:00.937,5.42847,5.42953,2.63,2.25
2011.06.10 11:16:01.270,5.42868,5.42972,3.00,2.25
2011.06.10 11:16:01.611,5.42878,5.42992,2.25,2.25
2011.06.10 11:16:02.273,5.42878,5.42982,2.25,2.25
2011.06.10 11:16:03.555,5.42868,5.42982,2.25,2.25
2011.06.10 11:16:03.995,5.42868,5.42982,2.25,2.63
2011.06.10 11:16:04.324,5.42867,5.42973,2.25,2.25
2011.06.10 11:16:04.654,5.42857,5.42953,2.25,2.25
2011.06.10 11:16:05.238,5.42837,5.42953,2.25,2.25
2011.06.10 11:16:05.896,5.42827,5.42999,2.04,1.58
2011.06.10 11:16:06.488,5.42838,5.42952,2.25,2.25
2011.06.10 11:16:07.819,5.42838,5.42952,2.25,2.63
2011.06.10 11:16:07.935,5.42827,5.42943,2.25,2.25
2011.06.10 11:16:08.375,5.42828,5.42932,2.25,2.25
2011.06.10 11:16:08.705,5.42799,5.42902,1.50,2.25
2011.06.10 11:16:09.707,5.42798,5.42902,2.63,2.25
2011.06.10 11:16:10.302,5.42808,5.42902,2.10,2.25
2011.06.10 11:16:10.636,5.42867,5.42961,2.25,1.58
2011.06.10 11:16:10.746,5.42817,5.42902,3.75,2.25
2011.06.10 11:16:10.855,5.42808,5.42902,2.25,2.25
2011.06.10 11:16:11.075,5.42808,5.42922,2.63,2.63
2011.06.10 11:16:11.295,5.42808,5.42912,2.63,2.25
2011.06.10 11:16:13.089,5.42808,5.4291,2.25,1.35
2011.06.10 11:16:13.316,5.4274,5.4291,1.50,1.57
2011.06.10 11:16:13.430,5.42731,5.42906,1.50,1.20
2011.06.10 11:16:13.657,5.42728,5.42832,2.25,2.63
2011.06.10 11:16:13.987,5.42718,5.42822,2.25,3.00
2011.06.10 11:16:14.096,5.42697,5.42813,2.63,2.63
2011.06.10 11:16:14.536,5.42697,5.42803,2.63,2.25
2011.06.10 11:16:14.975,5.42698,5.42812,2.63,2.63
2011.06.10 11:16:15.416,5.42698,5.42812,2.25,3.00
2011.06.10 11:16:15.998,5.42688,5.42802,3.00,2.25
2011.06.10 11:16:16.716,5.42688,5.42802,3.00,2.25
2011.06.10 11:16:17.155,5.42708,5.42812,2.25,3.00
2011.06.10 11:16:17.484,5.42656,5.42832,1.50,1.20
2011.06.10 11:16:18.265,5.42658,5.42832,1.50,1.20
2011.06.10 11:16:24.832,5.42656,5.42832,1.50,1.20
2011.06.10 11:16:25.278,5.42648,5.42762,3.00,2.25
2011.06.10 11:16:25.607,5.42638,5.42742,3.00,2.25
2011.06.10 11:16:26.049,5.42618,5.42732,3.00,2.25
2011.06.10 11:16:26.275,5.42617,5.42743,3.00,2.63
2011.06.10 11:16:27.412,5.42627,5.42743,2.63,2.63
2011.06.10 11:16:28.328,5.42627,5.42743,2.25,3.00
2011.06.10 11:16:28.657,5.42602,5.42777,1.50,1.57
2011.06.10 11:16:29.318,5.42591,5.42764,1.50,1.20
2011.06.10 11:16:29.428,5.42637,5.42733,2.25,3.00
2011.06.10 11:16:29.536,5.42608,5.42712,2.63,2.25
2011.06.10 11:16:29.757,5.42618,5.42722,2.25,2.25
2011.06.10 11:16:29.977,5.42597,5.42703,2.63,2.25
2011.06.10 11:16:30.086,5.42617,5.42723,2.25,3.00
2011.06.10 11:16:30.308,5.42587,5.42737,1.13,1.57
2011.06.10 11:16:30.538,5.42545,5.42722,1.50,1.20
2011.06.10 11:16:30.646,5.42545,5.42703,1.13,1.50
2011.06.10 11:16:31.320,5.42548,5.42642,3.00,2.25
2011.06.10 11:16:31.438,5.42537,5.42663,3.00,3.00
2011.06.10 11:16:31.666,5.42548,5.42662,2.25,3.00
2011.06.10 11:16:31.998,5.42548,5.42662,3.00,2.25
2011.06.10 11:16:32.107,5.42538,5.42722,1.50,1.20
2011.06.10 11:16:32.435,5.42553,5.42722,1.13,1.72
2011.06.10 11:16:34.155,5.42567,5.42713,1.50,1.20
2011.06.10 11:16:34.266,5.42567,5.42728,1.50,1.73
2011.06.10 11:16:34.376,5.42567,5.42737,1.50,1.58
2011.06.10 11:16:36.375,5.42577,5.42693,3.00,2.25
2011.06.10 11:16:37.036,5.42577,5.42683,2.25,2.25
2011.06.10 11:16:37.366,5.42578,5.42672,2.25,2.25
2011.06.10 11:16:37.585,5.42567,5.42673,3.00,2.25
2011.06.10 11:16:37.806,5.42577,5.42673,2.25,2.25
2011.06.10 11:16:38.716,5.42608,5.42703,1.50,2.25
2011.06.10 11:16:38.939,5.42608,5.42763,1.50,1.20
2011.06.10 11:16:39.496,5.42608,5.42763,1.50,1.20
2011.06.10 11:16:41.277,5.42608,5.42763,1.50,1.20
2011.06.10 11:16:41.607,5.42638,5.42803,1.50,1.20
2011.06.10 11:16:41.718,5.42637,5.42803,1.50,1.20
2011.06.10 11:16:41.836,5.42638,5.42803,1.50,1.20
2011.06.10 11:16:42.495,5.42647,5.42763,3.00,2.25
2011.06.10 11:16:43.206,5.42647,5.42763,3.00,2.25
2011.06.10 11:16:43.951,5.42647,5.42763,2.25,3.00
2011.06.10 11:16:44.057,5.42607,5.42733,3.00,2.63
2011.06.10 11:16:44.168,5.42608,5.42722,3.00,2.25
2011.06.10 11:16:44.389,5.42607,5.42713,3.00,2.25
2011.06.10 11:16:44.728,5.42619,5.42713,1.35,2.25
2011.06.10 11:16:44.958,5.42677,5.42803,2.25,2.70
2011.06.10 11:16:45.987,5.42687,5.42803,2.25,2.70
2011.06.10 11:16:49.888,5.42677,5.42793,2.25,2.47
2011.06.10 11:16:50.109,5.42667,5.42783,2.25,2.25
2011.06.10 11:16:50.226,5.42583,5.42779,4.35,1.20
2011.06.10 11:16:52.495,5.42588,5.42779,1.35,1.20
2011.06.10 11:16:52.605,5.42588,5.42779,1.35,1.20
2011.06.10 11:16:52.826,5.42588,5.42787,1.35,1.20
2011.06.10 11:16:52.936,5.42648,5.42772,2.25,2.70
2011.06.10 11:16:53.601,5.42647,5.42763,2.25,2.47
2011.06.10 11:16:53.719,5.42637,5.42753,2.25,2.25
2011.06.10 11:16:53.948,5.42617,5.42733,2.25,2.25
2011.06.10 11:16:54.755,5.42618,5.42742,2.25,2.25
2011.06.10 11:16:54.865,5.42627,5.42743,2.25,2.25
2011.06.10 11:16:55.195,5.42608,5.42712,2.25,2.25
2011.06.10 11:16:56.225,5.42608,5.42722,2.25,2.63
2011.06.10 11:16:57.085,5.42608,5.42722,2.25,2.25
2011.06.10 11:16:57.306,5.42608,5.42722,2.25,3.00
2011.06.10 11:16:57.416,5.42597,5.42703,2.25,3.00
2011.06.10 11:16:57.527,5.42578,5.42692,2.25,2.25
2011.06.10 11:16:57.635,5.42578,5.42682,2.25,2.25
2011.06.10 11:16:57.855,5.42568,5.42682,2.63,2.25
2011.06.10 11:16:58.987,5.42568,5.42682,2.25,2.25
2011.06.10 11:17:00.776,5.42588,5.42682,2.25,2.25
2011.06.10 11:17:01.106,5.42588,5.42682,3.00,2.25
2011.06.10 11:17:01.325,5.42598,5.42712,2.25,2.25
2011.06.10 11:17:01.435,5.42597,5.42723,2.25,3.00
2011.06.10 11:17:01.945,5.42598,5.42722,2.25,2.63
2011.06.10 11:17:02.557,5.42598,5.42722,2.25,2.25
2011.06.10 11:17:05.236,5.42598,5.42722,3.00,2.25
2011.06.10 11:17:06.230,5.42668,5.42762,2.63,2.25
2011.06.10 11:17:06.351,5.42667,5.42793,2.63,2.25
2011.06.10 11:17:06.468,5.42678,5.42792,2.25,2.25
2011.06.10 11:17:08.075,5.42678,5.42792,3.00,2.25
2011.06.10 11:17:08.297,5.42666,5.42842,1.50,1.72
2011.06.10 11:17:08.625,5.42666,5.42843,1.50,1.20
2011.06.10 11:17:08.955,5.42677,5.42803,2.25,2.25
2011.06.10 11:17:09.294,5.42678,5.42792,2.25,2.25
2011.06.10 11:17:09.514,5.42667,5.42793,2.63,2.25
2011.06.10 11:17:09.626,5.42668,5.42782,2.25,2.63
2011.06.10 11:17:10.090,5.42657,5.42763,2.25,2.25
2011.06.10 11:17:10.536,5.42637,5.42763,2.25,2.63
2011.06.10 11:17:10.646,5.42638,5.42752,2.25,2.25
2011.06.10 11:17:10.978,5.42657,5.42763,2.25,2.25
2011.06.10 11:17:11.307,5.42667,5.42763,2.25,2.25
2011.06.10 11:17:11.636,5.42678,5.42792,2.25,2.25
2011.06.10 11:17:11.745,5.42677,5.42803,2.25,3.00
2011.06.10 11:17:11.967,5.42677,5.42803,3.00,2.25
2011.06.10 11:17:12.298,5.42708,5.42802,2.63,2.25
2011.06.10 11:17:12.407,5.42717,5.42833,3.00,2.25
2011.06.10 11:17:12.910,5.42737,5.42843,2.25,2.25
2011.06.10 11:17:13.140,5.42717,5.42833,3.00,2.25
2011.06.10 11:17:13.256,5.42717,5.42823,2.25,2.25
2011.06.10 11:17:13.807,5.42717,5.42823,2.25,3.00
2011.06.10 11:17:13.916,5.42653,5.42841,1.50,1.58
2011.06.10 11:17:14.466,5.42657,5.42829,1.50,1.20
2011.06.10 11:17:14.685,5.42657,5.42832,1.50,1.20
2011.06.10 11:17:15.014,5.42688,5.42812,2.25,2.25
2011.06.10 11:17:15.344,5.42687,5.42833,2.25,3.22
2011.06.10 11:17:15.894,5.42687,5.42823,2.63,2.25
2011.06.10 11:17:16.004,5.42688,5.42812,2.25,2.25
2011.06.10 11:17:16.561,5.42697,5.42803,2.25,3.00
2011.06.10 11:17:17.768,5.42707,5.42803,2.63,2.25
2011.06.10 11:17:17.987,5.42695,5.42862,1.50,1.72
2011.06.10 11:17:18.774,5.42684,5.42853,1.50,1.72
2011.06.10 11:17:18.885,5.42697,5.42803,2.25,2.25
2011.06.10 11:17:21.015,5.42697,5.42803,3.00,2.25
2011.06.10 11:17:21.345,5.42708,5.42822,2.25,2.25
2011.06.10 11:17:21.456,5.42707,5.42813,2.63,2.25
2011.06.10 11:17:22.396,5.42707,5.42813,3.00,2.25
2011.06.10 11:17:22.507,5.42707,5.42813,2.25,2.25
2011.06.10 11:17:22.618,5.42717,5.42823,2.25,2.25
2011.06.10 11:17:22.946,5.42708,5.42822,2.63,2.25
2011.06.10 11:17:23.057,5.42707,5.42833,2.25,3.00
2011.06.10 11:17:23.167,5.42718,5.42832,2.25,3.00
2011.06.10 11:17:23.499,5.42718,5.42842,3.00,2.63
2011.06.10 11:17:23.728,5.42738,5.42842,2.25,2.63
2011.06.10 11:17:24.277,5.42718,5.42832,3.00,2.25
2011.06.10 11:17:24.605,5.42717,5.42823,3.00,2.25
2011.06.10 11:17:24.717,5.42717,5.42823,2.63,2.25
2011.06.10 11:17:25.045,5.42697,5.42813,3.00,2.25
2011.06.10 11:17:25.375,5.42697,5.42803,3.00,2.25
2011.06.10 11:17:27.856,5.42697,5.42803,2.63,2.25
2011.06.10 11:17:28.316,5.42707,5.42803,2.25,2.25
2011.06.10 11:17:28.987,5.42707,5.42803,2.25,3.00
2011.06.10 11:17:29.098,5.42697,5.42803,2.25,3.00
2011.06.10 11:17:29.217,5.42678,5.42792,3.00,2.25
2011.06.10 11:17:29.766,5.42677,5.42803,3.00,3.00
2011.06.10 11:17:30.426,5.42688,5.42802,2.25,3.00
2011.06.10 11:17:30.996,5.42688,5.42802,2.25,3.00
2011.06.10 11:17:31.545,5.42678,5.42802,3.00,3.00
2011.06.10 11:17:32.055,5.42677,5.42793,3.00,2.25
2011.06.10 11:17:32.606,5.42678,5.42782,3.00,2.25
2011.06.10 11:17:33.168,5.42678,5.42792,2.63,2.63
2011.06.10 11:17:36.165,5.42688,5.42792,2.63,2.25
2011.06.10 11:17:36.386,5.42687,5.42803,2.63,2.63
2011.06.10 11:17:36.606,5.42698,5.42802,2.25,2.63
2011.06.10 11:17:37.077,5.42698,5.42802,3.00,2.25
2011.06.10 11:17:37.295,5.427,5.42875,1.50,1.20
2011.06.10 11:17:37.517,5.427,5.42892,1.50,1.20
2011.06.10 11:17:37.626,5.42753,5.42906,2.10,1.20
2011.06.10 11:17:37.736,5.42753,5.42929,2.10,1.20
2011.06.10 11:17:40.598,5.42798,5.42932,2.25,2.70
2011.06.10 11:17:40.925,5.42768,5.42872,2.25,2.25
2011.06.10 11:17:42.666,5.42778,5.42882,2.25,2.25
2011.06.10 11:17:42.997,5.42778,5.42882,3.00,2.25
2011.06.10 11:17:43.214,5.42797,5.42893,2.25,2.25
2011.06.10 11:17:44.008,5.42797,5.42893,2.25,3.00
2011.06.10 11:17:44.346,5.42767,5.42893,2.25,3.45
2011.06.10 11:17:44.801,5.42737,5.42853,2.63,2.63
2011.06.10 11:17:45.136,5.42747,5.42853,2.25,2.63
2011.06.10 11:17:45.246,5.42747,5.42853,2.63,2.25
2011.06.10 11:17:45.355,5.42747,5.42853,3.00,2.25
2011.06.10 11:17:45.466,5.42748,5.42881,3.00,1.20
2011.06.10 11:17:45.985,5.42748,5.42892,3.00,3.23
2011.06.10 11:17:47.405,5.42748,5.42892,3.00,3.23
2011.06.10 11:17:47.816,5.42748,5.42892,2.63,3.00
2011.06.10 11:17:49.718,5.42748,5.42862,2.25,3.00
2011.06.10 11:17:49.937,5.42737,5.42863,3.00,3.00
2011.06.10 11:17:50.307,5.42747,5.42863,2.25,3.00
2011.06.10 11:17:50.838,5.42747,5.42863,2.25,3.00
2011.06.10 11:17:52.443,5.42747,5.42863,2.63,3.00
2011.06.10 11:17:53.506,5.42747,5.42863,2.25,3.00
2011.06.10 11:17:53.725,5.42738,5.42862,3.00,3.00
2011.06.10 11:17:53.947,5.42748,5.42862,3.00,2.25
2011.06.10 11:17:54.167,5.42747,5.42893,3.00,3.22
2011.06.10 11:17:55.615,5.42747,5.42893,3.00,3.22
2011.06.10 11:17:55.725,5.42747,5.42893,3.00,3.22
2011.06.10 11:17:56.276,5.42778,5.42902,2.25,3.00
2011.06.10 11:17:57.246,5.42778,5.42902,3.00,3.00
2011.06.10 11:17:58.486,5.42777,5.42893,3.00,2.25
2011.06.10 11:17:59.594,5.42768,5.42892,3.00,2.25
2011.06.10 11:18:00.256,5.42768,5.42892,2.63,3.00
2011.06.10 11:18:01.585,5.42758,5.42892,3.00,3.00
2011.06.10 11:18:03.264,5.42768,5.42892,3.00,3.00
2011.06.10 11:18:05.178,5.42768,5.42892,2.63,3.00
2011.06.10 11:18:14.295,5.42777,5.42883,2.25,2.63
2011.06.10 11:18:14.624,5.42787,5.42883,2.25,2.63
2011.06.10 11:18:14.846,5.42787,5.42903,3.00,2.25
2011.06.10 11:18:14.956,5.42787,5.42903,2.63,2.63
2011.06.10 11:18:16.054,5.42787,5.42903,2.63,2.63
2011.06.10 11:18:16.384,5.42797,5.42903,2.25,2.63
2011.06.10 11:18:18.266,5.42797,5.42903,2.25,2.25
2011.06.10 11:18:19.376,5.42797,5.42903,2.25,3.00
2011.06.10 11:18:19.891,5.42778,5.42892,2.25,2.63
2011.06.10 11:18:21.459,5.42778,5.42892,2.63,2.63
2011.06.10 11:18:22.515,5.42777,5.42903,3.00,3.00
2011.06.10 11:18:24.814,5.42778,5.42892,3.00,2.25
2011.06.10 11:18:25.034,5.42778,5.42902,3.00,3.00
2011.06.10 11:18:28.254,5.42778,5.42892,3.00,2.25
2011.06.10 11:18:28.365,5.42778,5.42892,3.00,2.25
2011.06.10 11:18:29.935,5.42778,5.42892,2.25,3.00
2011.06.10 11:18:30.265,5.42752,5.42927,1.50,1.20
2011.06.10 11:18:36.153,5.4274,5.42917,1.50,1.20
2011.06.10 11:18:36.267,5.42758,5.42882,2.63,2.25
2011.06.10 11:18:38.097,5.42758,5.42882,2.25,3.00
2011.06.10 11:18:38.425,5.42748,5.42852,2.25,2.25
2011.06.10 11:18:38.755,5.42757,5.42853,3.00,2.25
2011.06.10 11:18:38.865,5.42768,5.42882,2.25,2.25
2011.06.10 11:18:39.478,5.42768,5.42882,3.00,2.25
2011.06.10 11:18:39.698,5.42768,5.42882,3.75,2.25
2011.06.10 11:18:39.808,5.42771,5.42882,1.50,2.25
2011.06.10 11:18:40.268,5.42771,5.42944,1.50,1.35
2011.06.10 11:18:41.856,5.42771,5.42944,1.50,1.58
2011.06.10 11:18:42.075,5.4277,5.42954,1.50,1.20
2011.06.10 11:18:42.186,5.4277,5.42954,1.50,1.20
2011.06.10 11:18:42.515,5.42798,5.42912,3.00,2.25
2011.06.10 11:18:43.308,5.42798,5.42912,2.63,2.63
2011.06.10 11:18:44.404,5.42848,5.42962,2.25,2.70
2011.06.10 11:18:44.626,5.42848,5.42962,2.25,2.47
2011.06.10 11:18:46.355,5.42857,5.42973,3.00,2.25
2011.06.10 11:18:46.465,5.42878,5.42992,2.25,2.25
2011.06.10 11:18:46.686,5.42908,5.43012,2.25,2.47
2011.06.10 11:18:47.015,5.42898,5.43012,2.25,2.47
2011.06.10 11:18:48.410,5.42928,5.43042,2.25,3.00
2011.06.10 11:18:48.527,5.42928,5.43042,2.25,2.25
2011.06.10 11:18:50.496,5.42937,5.43053,2.25,2.25
2011.06.10 11:18:50.825,5.42948,5.43052,2.25,2.25
2011.06.10 11:18:52.998,5.42948,5.43052,3.00,2.25
2011.06.10 11:18:53.107,5.42967,5.43073,2.63,2.47
2011.06.10 11:18:53.218,5.42967,5.43073,2.63,2.25
2011.06.10 11:18:53.327,5.42967,5.43073,3.00,2.25
2011.06.10 11:18:53.435,5.42987,5.43103,2.25,3.00
2011.06.10 11:18:55.206,5.42987,5.43103,2.25,3.00
2011.06.10 11:18:55.536,5.42978,5.43082,2.25,3.00
2011.06.10 11:18:55.758,5.42958,5.43082,3.00,3.00
2011.06.10 11:18:55.865,5.42957,5.43073,2.25,3.00
2011.06.10 11:18:56.349,5.42938,5.43052,3.75,2.25
2011.06.10 11:18:56.685,5.42938,5.43062,3.75,3.22
2011.06.10 11:18:57.298,5.42938,5.43062,3.00,3.22
2011.06.10 11:18:57.404,5.42924,5.43033,4.50,2.25
2011.06.10 11:18:57.516,5.42907,5.43033,2.25,2.25
2011.06.10 11:18:57.625,5.42908,5.43022,2.25,2.25
2011.06.10 11:18:57.958,5.42926,5.43022,1.13,2.25
2011.06.10 11:18:58.066,5.42908,5.43022,3.00,2.25
2011.06.10 11:18:58.177,5.42899,5.43078,1.50,1.35
2011.06.10 11:18:58.808,5.429,5.43078,1.50,1.58
2011.06.10 11:18:58.915,5.42898,5.43066,1.50,1.50
2011.06.10 11:18:59.024,5.42895,5.43044,1.13,1.20
2011.06.10 11:18:59.136,5.42895,5.43009,1.13,1.35
2011.06.10 11:18:59.246,5.42845,5.43018,1.50,4.73
2011.06.10 11:18:59.467,5.42838,5.42999,1.66,1.35
2011.06.10 11:18:59.685,5.42823,5.42999,1.50,1.57
2011.06.10 11:19:01.007,5.42838,5.42999,1.50,1.57
2011.06.10 11:19:01.505,5.42848,5.42972,2.25,2.63
2011.06.10 11:19:01.966,5.42848,5.42972,3.38,2.25
2011.06.10 11:19:02.185,5.42848,5.42992,3.38,2.63
2011.06.10 11:19:02.404,5.42848,5.42982,3.38,2.25
2011.06.10 11:19:03.206,5.42848,5.42982,3.38,2.25
2011.06.10 11:19:05.435,5.4284,5.42972,1.13,2.25
2011.06.10 11:19:05.766,5.42847,5.42983,3.38,3.00
2011.06.10 11:19:06.126,5.42828,5.42952,2.25,2.25
2011.06.10 11:19:06.348,5.42837,5.42963,2.25,2.25
2011.06.10 11:19:06.565,5.42848,5.42962,2.25,2.25
2011.06.10 11:19:12.345,5.42848,5.42972,3.00,2.25
2011.06.10 11:19:12.786,5.42867,5.42973,2.25,2.25
2011.06.10 11:19:16.185,5.42877,5.42973,2.63,2.25
2011.06.10 11:19:16.515,5.42877,5.43003,2.63,2.25
2011.06.10 11:19:18.946,5.42878,5.42972,2.25,2.25
2011.06.10 11:19:19.276,5.42877,5.43003,3.00,2.25
2011.06.10 11:19:19.386,5.42887,5.43013,3.00,2.25
2011.06.10 11:19:19.714,5.42888,5.43002,3.00,2.25
2011.06.10 11:19:21.131,5.42888,5.43002,2.25,2.25
2011.06.10 11:19:21.356,5.42907,5.43013,2.25,3.22
2011.06.10 11:19:21.466,5.42907,5.43013,2.25,2.47
2011.06.10 11:19:21.575,5.42887,5.42993,3.00,2.25
2011.06.10 11:19:22.996,5.42887,5.42993,3.00,2.25
2011.06.10 11:19:24.531,5.42867,5.42983,3.00,2.25
2011.06.10 11:19:24.864,5.42867,5.42973,3.00,2.25
2011.06.10 11:19:25.817,5.42867,5.42973,3.00,2.25
2011.06.10 11:19:25.925,5.42867,5.42973,3.00,2.25
2011.06.10 11:19:27.415,5.42867,5.42973,3.00,2.25
2011.06.10 11:19:27.525,5.42908,5.43012,2.25,2.47
2011.06.10 11:19:27.745,5.42863,5.42962,1.50,2.25
2011.06.10 11:19:28.076,5.42858,5.42962,3.00,2.25
2011.06.10 11:19:28.406,5.42847,5.42953,3.00,2.25
2011.06.10 11:19:28.945,5.42847,5.42953,3.00,2.25
2011.06.10 11:19:29.276,5.42867,5.42973,3.00,2.25
2011.06.10 11:19:30.407,5.42867,5.42973,3.00,2.25
2011.06.10 11:19:31.598,5.42867,5.42973,3.00,2.25
2011.06.10 11:19:32.614,5.42868,5.42962,3.00,2.25
2011.06.10 11:19:38.945,5.42868,5.42962,3.00,2.25
2011.06.10 11:19:39.055,5.42868,5.42962,2.25,2.25
2011.06.10 11:19:39.386,5.42848,5.42962,3.00,2.25
2011.06.10 11:19:39.496,5.42838,5.42942,3.00,2.25
2011.06.10 11:19:39.606,5.42847,5.42953,3.00,2.25
2011.06.10 11:19:40.056,5.42847,5.42973,3.00,2.25
2011.06.10 11:19:40.588,5.42848,5.42952,3.00,2.25
2011.06.10 11:19:40.918,5.42827,5.42933,2.25,3.00
2011.06.10 11:19:41.030,5.42808,5.42912,2.63,2.25
2011.06.10 11:19:41.147,5.42808,5.42912,3.00,2.25
2011.06.10 11:19:41.256,5.42817,5.42923,2.63,2.25
2011.06.10 11:19:41.694,5.42817,5.42933,2.63,2.63
2011.06.10 11:19:42.144,5.42817,5.42933,3.00,2.25
2011.06.10 11:19:46.407,5.42838,5.42932,3.00,2.25
2011.06.10 11:19:46.517,5.42848,5.42972,3.00,2.25
2011.06.10 11:19:47.060,5.42877,5.42973,2.25,2.25
2011.06.10 11:19:47.286,5.42868,5.42972,2.63,2.25
2011.06.10 11:19:47.615,5.42868,5.42972,2.63,2.25
2011.06.10 11:19:47.944,5.42878,5.42972,2.25,2.25
2011.06.10 11:19:54.946,5.42878,5.42972,3.00,2.25
2011.06.10 11:19:55.167,5.42878,5.43002,3.00,2.63
2011.06.10 11:19:55.885,5.42892,5.43002,1.13,2.63
2011.06.10 11:19:56.356,5.42897,5.43012,1.13,2.63
2011.06.10 11:19:57.507,5.42897,5.43013,3.00,2.25
2011.06.10 11:19:57.946,5.42927,5.43093,1.50,1.20
2011.06.10 11:19:58.547,5.42927,5.43103,1.50,1.42
2011.06.10 11:19:58.659,5.42942,5.43116,1.50,4.72
2011.06.10 11:19:58.776,5.42948,5.43117,1.50,1.20
2011.06.10 11:19:59.517,5.42957,5.43063,3.00,2.25
2011.06.10 11:20:00.116,5.42957,5.43063,3.00,2.25
2011.06.10 11:20:00.224,5.42957,5.43073,3.00,2.25
2011.06.10 11:20:01.015,5.42958,5.43082,3.00,2.63
2011.06.10 11:20:01.126,5.42957,5.43073,3.00,2.25
2011.06.10 11:20:01.455,5.42957,5.43073,2.25,3.00
2011.06.10 11:20:01.566,5.42928,5.43062,2.63,3.00
2011.06.10 11:20:01.677,5.42928,5.43022,2.63,2.25
2011.06.10 11:20:01.785,5.42928,5.43022,2.25,2.25
2011.06.10 11:20:01.896,5.42917,5.43013,3.00,2.25
2011.06.10 11:20:02.006,5.42917,5.43013,2.25,2.63
2011.06.10 11:20:02.115,5.42903,5.43012,1.13,2.63
2011.06.10 11:20:04.005,5.42888,5.43012,3.00,2.25
2011.06.10 11:20:04.831,5.42896,5.43072,1.50,1.35
2011.06.10 11:20:06.417,5.42909,5.43072,1.50,1.57
2011.06.10 11:20:06.965,5.42909,5.43072,1.50,1.57
2011.06.10 11:20:07.525,5.42908,5.43072,1.50,1.57
2011.06.10 11:20:08.929,5.42904,5.43072,1.50,1.57
2011.06.10 11:20:09.365,5.42904,5.43072,1.50,1.57
2011.06.10 11:20:09.475,5.42904,5.43072,1.50,1.57
2011.06.10 11:20:09.696,5.42903,5.43072,1.50,2.32
2011.06.10 11:20:10.025,5.42917,5.43023,3.00,2.25
2011.06.10 11:20:10.543,5.42888,5.43012,3.00,3.00
2011.06.10 11:20:10.877,5.42888,5.43022,3.00,2.63
2011.06.10 11:20:11.756,5.42907,5.43013,2.63,2.25
2011.06.10 11:20:12.725,5.42907,5.43013,3.00,2.25
2011.06.10 11:20:12.835,5.42907,5.43023,3.00,2.25
2011.06.10 11:20:13.166,5.42918,5.43032,2.63,2.63
2011.06.10 11:20:13.386,5.42917,5.43043,3.00,2.63
2011.06.10 11:20:14.398,5.42927,5.43043,3.00,2.25
2011.06.10 11:20:14.508,5.42948,5.43052,2.63,2.25
2011.06.10 11:20:15.736,5.42948,5.43052,3.00,2.25
2011.06.10 11:20:16.067,5.42987,5.43062,1.50,2.25
2011.06.10 11:20:16.176,5.43037,5.43143,2.25,2.47
2011.06.10 11:20:16.505,5.43027,5.43123,2.25,2.25
2011.06.10 11:20:17.055,5.43027,5.43123,2.25,2.25
2011.06.10 11:20:18.725,5.43027,5.43123,2.25,2.63
2011.06.10 11:20:19.056,5.42998,5.43122,3.00,2.63
2011.06.10 11:20:20.155,5.43008,5.43122,2.63,2.63
2011.06.10 11:20:20.377,5.43008,5.43112,2.63,2.25
2011.06.10 11:20:20.972,5.42998,5.43122,3.00,2.63
2011.06.10 11:20:21.778,5.42998,5.43122,3.00,3.00
2011.06.10 11:20:22.487,5.42998,5.43112,3.00,2.25
2011.06.10 11:20:22.815,5.42987,5.43103,3.00,2.25
2011.06.10 11:20:23.425,5.42987,5.43113,3.00,2.25
2011.06.10 11:20:23.534,5.42987,5.43113,2.25,3.00
2011.06.10 11:20:24.085,5.42967,5.43113,3.00,3.22
2011.06.10 11:20:26.385,5.42967,5.43103,3.00,3.00
2011.06.10 11:20:27.836,5.42967,5.43103,3.00,2.25
2011.06.10 11:20:27.946,5.42967,5.43103,3.00,3.00
2011.06.10 11:20:28.055,5.42962,5.43132,1.50,1.72
2011.06.10 11:20:28.277,5.42953,5.43139,1.50,1.20
2011.06.10 11:20:29.307,5.43007,5.43123,2.63,2.63
2011.06.10 11:20:29.769,5.43018,5.43122,2.25,2.63
2011.06.10 11:20:30.878,5.43018,5.43122,3.00,2.25
2011.06.10 11:20:31.215,5.43027,5.43123,2.25,2.25
2011.06.10 11:20:33.796,5.43028,5.43132,2.25,2.25
2011.06.10 11:20:34.015,5.43027,5.43123,2.25,2.25
2011.06.10 11:20:34.235,5.43018,5.43122,3.00,2.25
2011.06.10 11:20:34.945,5.43018,5.43122,3.00,2.25
2011.06.10 11:20:35.166,5.43017,5.43153,3.00,3.22
2011.06.10 11:20:35.865,5.43018,5.43132,3.00,2.25
2011.06.10 11:20:36.724,5.43018,5.43132,3.00,2.25
2011.06.10 11:20:38.141,5.43028,5.43132,2.25,2.25
2011.06.10 11:20:39.038,5.43028,5.43132,2.63,2.25
2011.06.10 11:20:39.366,5.43038,5.43132,2.25,2.25
2011.06.10 11:20:39.696,5.43037,5.43163,3.00,2.63
2011.06.10 11:20:40.586,5.43038,5.43152,3.00,2.25
2011.06.10 11:20:41.987,5.43038,5.43152,3.00,2.25
2011.06.10 11:20:43.525,5.43038,5.43152,3.00,2.25
2011.06.10 11:20:43.746,5.43058,5.43162,2.63,2.25
2011.06.10 11:20:44.253,5.43058,5.43227,1.35,1.20
2011.06.10 11:20:44.367,5.43058,5.43242,1.35,1.20
2011.06.10 11:20:44.477,5.43094,5.43262,1.35,1.57
2011.06.10 11:20:44.588,5.43094,5.43262,1.35,1.36
2011.06.10 11:20:44.698,5.43148,5.43262,2.25,2.86
2011.06.10 11:20:44.807,5.43148,5.43262,2.25,2.63
2011.06.10 11:20:45.246,5.43137,5.43263,2.63,2.63
2011.06.10 11:20:45.357,5.43138,5.43252,2.63,2.25
2011.06.10 11:20:45.889,5.43138,5.43252,2.25,3.00
2011.06.10 11:20:46.007,5.43128,5.43252,2.25,3.00
2011.06.10 11:20:46.337,5.43098,5.43242,2.63,3.38
2011.06.10 11:20:46.999,5.43097,5.43223,2.63,2.25
2011.06.10 11:20:47.336,5.43097,5.43223,2.25,2.63
2011.06.10 11:20:48.230,5.43097,5.43223,2.25,3.75
2011.06.10 11:20:48.564,5.43098,5.43212,2.25,2.25
2011.06.10 11:20:49.696,5.43098,5.43212,2.25,3.00
2011.06.10 11:20:49.809,5.43098,5.43212,2.25,2.25
2011.06.10 11:20:49.926,5.43088,5.43192,3.00,2.25
2011.06.10 11:20:50.035,5.43097,5.43213,2.25,2.25
2011.06.10 11:20:50.576,5.43097,5.43223,2.25,2.63
2011.06.10 11:20:51.016,5.43097,5.43223,3.00,2.25
2011.06.10 11:20:51.347,5.43118,5.43222,2.25,2.25
2011.06.10 11:20:55.385,5.43127,5.43223,2.25,2.25
2011.06.10 11:20:55.826,5.43137,5.43253,2.25,2.25
2011.06.10 11:20:56.625,5.43148,5.43252,2.25,2.25
2011.06.10 11:20:57.285,5.43157,5.43253,2.25,2.25
2011.06.10 11:20:57.836,5.43158,5.43262,2.25,2.25
2011.06.10 11:20:58.385,5.43148,5.43262,2.25,2.25
2011.06.10 11:20:58.496,5.43148,5.43262,2.25,3.75
2011.06.10 11:20:58.606,5.43148,5.43262,2.25,2.25
2011.06.10 11:20:58.717,5.43138,5.43232,2.63,2.25
2011.06.10 11:20:58.826,5.43148,5.43262,2.25,2.25
2011.06.10 11:21:01.480,5.43136,5.43312,1.50,1.50
2011.06.10 11:21:02.846,5.43144,5.43312,1.50,1.50
2011.06.10 11:21:04.185,5.43144,5.43303,1.50,1.13
2011.06.10 11:21:04.405,5.43178,5.43292,2.25,2.25
2011.06.10 11:21:04.625,5.43167,5.43293,3.00,3.00
2011.06.10 11:21:05.146,5.43167,5.43293,3.00,2.25
2011.06.10 11:21:05.255,5.43178,5.43292,2.25,2.25
2011.06.10 11:21:06.127,5.43178,5.43302,2.25,3.38
2011.06.10 11:21:06.235,5.43177,5.43293,2.25,2.25
2011.06.10 11:21:07.768,5.43177,5.43293,2.25,2.63
2011.06.10 11:21:08.342,5.43167,5.43263,2.25,2.25
2011.06.10 11:21:08.473,5.43138,5.43252,2.63,2.25
2011.06.10 11:21:08.587,5.43127,5.43243,2.25,2.25
2011.06.10 11:21:08.805,5.43137,5.43243,2.25,2.25
2011.06.10 11:21:09.365,5.43137,5.43263,2.25,3.75
2011.06.10 11:21:10.266,5.43137,5.43263,2.63,2.25
2011.06.10 11:21:10.376,5.43147,5.43263,2.25,2.25
2011.06.10 11:21:12.045,5.43157,5.43263,2.25,2.25
2011.06.10 11:21:14.388,5.43157,5.43293,2.25,2.85
2011.06.10 11:21:16.466,5.43157,5.43293,2.25,3.22
2011.06.10 11:21:16.686,5.43101,5.43282,1.50,1.73
2011.06.10 11:21:16.906,5.43101,5.43276,1.50,1.20
2011.06.10 11:21:17.235,5.43128,5.43242,2.63,2.25
2011.06.10 11:21:18.227,5.43128,5.43242,2.25,2.25
2011.06.10 11:21:20.556,5.43197,5.43303,2.63,2.25
2011.06.10 11:21:20.776,5.43138,5.43252,2.25,2.25
2011.06.10 11:21:21.545,5.43137,5.43233,2.25,2.25
2011.06.10 11:21:21.986,5.43137,5.43253,2.25,2.25
2011.06.10 11:21:22.595,5.43138,5.43232,2.25,2.25
2011.06.10 11:21:22.927,5.43147,5.43253,2.25,2.25
2011.06.10 11:21:23.147,5.43164,5.43253,1.13,2.25
2011.06.10 11:21:23.368,5.43164,5.43324,1.13,4.72
2011.06.10 11:21:23.478,5.43168,5.43324,1.50,4.72
2011.06.10 11:21:23.586,5.43181,5.43349,1.13,1.58
2011.06.10 11:21:23.695,5.43177,5.43349,1.13,1.58
2011.06.10 11:21:23.805,5.43181,5.43349,1.13,1.58
2011.06.10 11:21:28.967,5.43187,5.43349,1.13,1.58
2011.06.10 11:21:29.275,5.43188,5.43302,2.63,2.25
2011.06.10 11:21:30.238,5.43188,5.43302,2.25,2.25
2011.06.10 11:21:32.495,5.43198,5.43302,2.25,2.25
2011.06.10 11:21:33.276,5.43188,5.43302,2.25,2.25
2011.06.10 11:21:33.937,5.43178,5.43302,3.00,2.25
2011.06.10 11:21:34.048,5.43177,5.43293,3.75,2.25
2011.06.10 11:21:35.358,5.43177,5.43293,3.38,2.25
2011.06.10 11:21:36.968,5.43177,5.43293,3.38,2.25
2011.06.10 11:21:37.755,5.43188,5.43292,2.25,2.25
2011.06.10 11:21:37.974,5.43187,5.43303,2.25,2.25
2011.06.10 11:21:39.645,5.43187,5.43303,3.38,2.25
2011.06.10 11:21:41.636,5.43177,5.43303,2.25,3.00
2011.06.10 11:21:41.965,5.43178,5.43272,2.25,2.25
2011.06.10 11:21:47.246,5.43178,5.43272,3.38,2.25
2011.06.10 11:21:47.358,5.43177,5.43283,3.38,2.25
2011.06.10 11:21:47.466,5.43177,5.43303,3.38,2.25
2011.06.10 11:21:47.576,5.43187,5.43303,2.25,2.25
2011.06.10 11:21:49.825,5.43187,5.43303,3.00,2.25
2011.06.10 11:21:50.265,5.43188,5.43292,3.00,2.25
2011.06.10 11:21:55.816,5.43188,5.43282,3.00,2.25
2011.06.10 11:21:56.145,5.43188,5.43282,3.00,2.25
2011.06.10 11:22:00.315,5.43178,5.43272,3.00,2.25
2011.06.10 11:22:00.924,5.43178,5.43282,3.00,2.25
2011.06.10 11:22:01.256,5.43187,5.43283,3.00,2.25
2011.06.10 11:22:01.366,5.43187,5.43293,3.00,2.25
2011.06.10 11:22:05.407,5.43187,5.43293,3.00,2.25
2011.06.10 11:22:05.625,5.43187,5.43293,3.00,2.25
2011.06.10 11:22:05.954,5.43188,5.43292,3.00,2.25
2011.06.10 11:22:07.447,5.43188,5.43292,3.00,2.25
2011.06.10 11:22:07.666,5.43181,5.43282,1.13,2.25
2011.06.10 11:22:08.427,5.43187,5.43283,3.00,2.25
2011.06.10 11:22:08.865,5.43187,5.43293,3.00,2.25
2011.06.10 11:22:14.586,5.43177,5.43283,3.38,2.25
2011.06.10 11:22:16.357,5.43177,5.43283,3.00,2.25
2011.06.10 11:22:16.926,5.43177,5.43283,3.00,2.25
2011.06.10 11:22:18.335,5.43177,5.43283,3.00,2.25
2011.06.10 11:22:18.445,5.43178,5.43272,3.00,2.25
2011.06.10 11:22:20.035,5.43178,5.43272,3.00,2.25
2011.06.10 11:22:20.736,5.43178,5.43272,3.00,2.25
2011.06.10 11:22:21.066,5.43187,5.43283,3.00,2.25
2011.06.10 11:22:21.175,5.43187,5.43293,3.00,2.25
2011.06.10 11:22:21.416,5.43187,5.43293,3.00,2.25
2011.06.10 11:22:21.525,5.43188,5.43282,3.00,2.25
2011.06.10 11:22:21.747,5.4318,5.43282,1.13,2.25
2011.06.10 11:22:21.965,5.4318,5.43282,1.13,2.25
2011.06.10 11:22:22.257,5.4318,5.43282,1.13,2.25
2011.06.10 11:22:23.595,5.43178,5.43282,3.00,2.25
2011.06.10 11:22:24.256,5.43188,5.43282,3.00,2.25
2011.06.10 11:22:24.825,5.43188,5.43282,3.00,2.25
2011.06.10 11:22:25.155,5.43188,5.43292,3.00,2.25
2011.06.10 11:22:25.578,5.43187,5.43283,3.00,2.25
2011.06.10 11:22:26.135,5.43187,5.43283,3.00,2.25
2011.06.10 11:22:26.685,5.43177,5.43273,3.00,2.25
2011.06.10 11:22:27.427,5.43177,5.43273,3.00,2.25
2011.06.10 11:22:30.525,5.43177,5.43283,3.00,2.25
2011.06.10 11:22:31.166,5.43177,5.43283,3.00,2.25
2011.06.10 11:22:31.435,5.43177,5.43273,3.00,2.25
2011.06.10 11:22:32.025,5.43178,5.43282,3.00,2.25
2011.06.10 11:22:32.505,5.43178,5.43272,3.00,2.25
2011.06.10 11:22:36.225,5.43178,5.43272,3.00,2.25
2011.06.10 11:22:36.697,5.43178,5.43272,3.00,2.25
2011.06.10 11:22:38.016,5.43178,5.43272,2.25,2.25
2011.06.10 11:22:38.285,5.43178,5.43272,3.00,2.25
2011.06.10 11:22:39.266,5.43178,5.43272,2.25,2.25
2011.06.10 11:22:46.665,5.43178,5.43282,2.25,2.25
2011.06.10 11:22:47.345,5.43178,5.43272,2.25,2.25
2011.06.10 11:22:47.455,5.43177,5.43283,2.25,2.25
2011.06.10 11:22:48.010,5.43177,5.43283,3.00,2.25
2011.06.10 11:22:48.566,5.43178,5.43282,3.00,2.25
2011.06.10 11:22:49.965,5.43188,5.43282,3.00,2.25
2011.06.10 11:22:50.075,5.43188,5.43292,3.00,2.25
2011.06.10 11:22:50.514,5.43188,5.43292,3.00,2.25
2011.06.10 11:22:51.435,5.43178,5.43282,2.25,2.25
2011.06.10 11:22:51.995,5.43187,5.43283,2.25,2.25
2011.06.10 11:22:52.584,5.43187,5.43283,3.00,2.25
2011.06.10 11:22:53.884,5.43187,5.43283,3.00,2.25
2011.06.10 11:22:54.214,5.43188,5.43292,3.00,2.25
2011.06.10 11:22:54.324,5.43188,5.43292,3.00,2.25
2011.06.10 11:22:59.996,5.43188,5.43292,3.00,2.25
2011.06.10 11:23:00.106,5.43178,5.43282,3.00,2.25
2011.06.10 11:23:01.197,5.43178,5.43282,3.00,2.25
2011.06.10 11:23:01.416,5.43188,5.43292,3.00,2.25
2011.06.10 11:23:02.515,5.43188,5.43292,3.00,2.25
2011.06.10 11:23:03.245,5.43198,5.43292,3.00,2.25
2011.06.10 11:23:04.735,5.43198,5.43292,3.00,2.25
2011.06.10 11:23:04.956,5.43178,5.43282,3.00,2.25
2011.06.10 11:23:05.286,5.43188,5.43292,3.00,2.25
2011.06.10 11:23:05.505,5.43188,5.43282,3.00,2.25
2011.06.10 11:23:06.634,5.43188,5.43292,3.00,2.25
2011.06.10 11:23:06.744,5.43188,5.43282,3.00,2.25
2011.06.10 11:23:07.045,5.43188,5.43292,3.00,2.25
2011.06.10 11:23:07.607,5.43188,5.43292,3.00,2.25
2011.06.10 11:23:08.363,5.43188,5.43292,3.00,2.25
2011.06.10 11:23:08.694,5.43188,5.43292,3.00,2.25
2011.06.10 11:23:09.337,5.43188,5.43292,3.00,2.25
2011.06.10 11:23:10.076,5.43187,5.43293,3.00,2.25
2011.06.10 11:23:13.984,5.43187,5.43293,2.25,2.25
2011.06.10 11:23:14.427,5.43188,5.43282,2.25,2.25
2011.06.10 11:23:14.867,5.43148,5.43262,2.25,2.25
2011.06.10 11:23:14.976,5.43138,5.43262,3.00,2.25
2011.06.10 11:23:15.197,5.43138,5.43252,2.25,3.00
2011.06.10 11:23:15.592,5.43107,5.4327,1.13,1.35
2011.06.10 11:23:15.713,5.4308,5.4327,1.50,1.58
2011.06.10 11:23:16.046,5.43108,5.43212,2.25,2.25
2011.06.10 11:23:16.716,5.43108,5.43222,2.25,2.25
2011.06.10 11:23:16.937,5.43107,5.43233,2.63,2.25
2011.06.10 11:23:17.265,5.43118,5.43232,2.25,2.25
2011.06.10 11:23:18.675,5.43118,5.43232,3.00,2.25
2011.06.10 11:23:19.339,5.43147,5.43253,2.25,2.25
2011.06.10 11:23:20.979,5.43147,5.43273,2.63,2.25
2011.06.10 11:23:21.096,5.43148,5.43282,2.63,3.00
2011.06.10 11:23:21.316,5.43157,5.43273,2.25,2.25
2011.06.10 11:23:22.696,5.43147,5.43273,3.00,2.25
2011.06.10 11:23:23.575,5.43148,5.43262,3.00,2.25
2011.06.10 11:23:24.229,5.43148,5.43262,2.25,2.25
2011.06.10 11:23:24.676,5.43148,5.43262,3.00,2.25
2011.06.10 11:23:25.006,5.43168,5.43272,2.25,2.25
2011.06.10 11:23:25.337,5.43178,5.43282,2.25,2.25
2011.06.10 11:23:25.447,5.43178,5.43292,2.25,2.25
2011.06.10 11:23:25.556,5.43188,5.43292,2.25,2.25
2011.06.10 11:23:28.838,5.43197,5.43303,2.25,2.25
2011.06.10 11:23:31.577,5.43177,5.43293,2.63,2.25
2011.06.10 11:23:31.685,5.43187,5.43283,2.25,2.25
2011.06.10 11:23:33.626,5.43177,5.43293,2.25,2.25
2011.06.10 11:23:35.966,5.43177,5.43293,2.25,3.00
2011.06.10 11:23:36.296,5.43178,5.43282,2.25,2.63
2011.06.10 11:23:36.627,5.43157,5.43253,2.25,2.25
2011.06.10 11:23:37.159,5.43147,5.43253,2.25,2.25
2011.06.10 11:23:37.827,5.43148,5.43252,2.25,2.25
2011.06.10 11:23:38.827,5.43148,5.43252,2.63,2.25
2011.06.10 11:23:39.159,5.43158,5.43262,2.25,2.25
2011.06.10 11:23:39.276,5.43148,5.43252,2.25,2.25
2011.06.10 11:23:39.604,5.43157,5.43253,2.25,2.25
2011.06.10 11:23:40.027,5.43138,5.43252,3.00,2.25
2011.06.10 11:23:40.136,5.43148,5.43252,2.25,2.25
2011.06.10 11:23:40.466,5.43128,5.43232,2.63,2.25
2011.06.10 11:23:40.906,5.43128,5.43232,2.25,2.25
2011.06.10 11:23:41.797,5.43128,5.43232,2.63,2.25
2011.06.10 11:23:42.128,5.43148,5.43242,2.25,2.25
2011.06.10 11:23:42.347,5.43138,5.43242,2.25,2.25
2011.06.10 11:23:42.898,5.43138,5.43242,3.00,2.25
2011.06.10 11:23:43.010,5.43148,5.43262,3.00,2.25
2011.06.10 11:23:43.129,5.43168,5.43272,2.25,2.25
2011.06.10 11:23:43.707,5.43177,5.43273,2.25,2.25
2011.06.10 11:23:43.818,5.43168,5.43272,2.25,2.25
2011.06.10 11:23:44.146,5.43168,5.43272,2.25,3.00
2011.06.10 11:23:44.366,5.43127,5.43292,1.50,1.20
2011.06.10 11:23:44.807,5.43138,5.43263,1.13,2.63
2011.06.10 11:23:45.135,5.43158,5.43272,2.25,3.00
2011.06.10 11:23:45.537,5.43158,5.43272,3.00,2.25
2011.06.10 11:23:45.760,5.43178,5.43282,2.25,2.25
2011.06.10 11:23:45.878,5.43187,5.43293,2.25,2.25
2011.06.10 11:23:45.988,5.43187,5.43293,3.00,2.25
2011.06.10 11:23:46.117,5.43187,5.43303,3.00,3.00
2011.06.10 11:23:46.226,5.43191,5.43303,1.13,2.25
2011.06.10 11:23:46.446,5.43207,5.43313,3.00,2.25
2011.06.10 11:23:46.557,5.43197,5.43313,3.00,2.25
2011.06.10 11:23:47.196,5.43197,5.43313,2.25,2.25
2011.06.10 11:23:47.314,5.43188,5.43302,2.25,2.25
2011.06.10 11:23:47.648,5.43168,5.43282,2.25,2.25
2011.06.10 11:23:49.187,5.43177,5.43283,2.25,2.25
2011.06.10 11:23:50.526,5.43188,5.43292,2.25,2.25
2011.06.10 11:23:50.857,5.43197,5.43292,1.50,2.25
2011.06.10 11:23:50.967,5.43188,5.4334,1.13,1.20
2011.06.10 11:23:51.077,5.43188,5.4334,1.13,1.20
2011.06.10 11:23:51.742,5.43165,5.4334,1.50,1.20
2011.06.10 11:23:52.075,5.43167,5.43283,2.25,2.25
2011.06.10 11:23:54.546,5.43168,5.43272,2.25,2.25
2011.06.10 11:23:57.448,5.43168,5.43282,3.00,2.25
2011.06.10 11:23:57.776,5.43169,5.43332,1.13,1.20
2011.06.10 11:23:58.218,5.43178,5.43332,1.13,1.20
2011.06.10 11:23:58.329,5.43187,5.43303,2.25,2.25
2011.06.10 11:23:58.815,5.43177,5.43303,2.63,2.25
2011.06.10 11:23:59.375,5.43177,5.43303,2.63,2.25
2011.06.10 11:24:00.355,5.43168,5.43302,3.00,2.25
2011.06.10 11:24:00.576,5.43187,5.43302,1.50,2.25
2011.06.10 11:24:00.688,5.43178,5.43302,1.13,2.25
2011.06.10 11:24:00.907,5.43177,5.4334,1.13,1.20
2011.06.10 11:24:01.127,5.4317,5.4334,1.13,1.20
2011.06.10 11:24:01.457,5.43196,5.43313,1.13,2.25
2011.06.10 11:24:01.565,5.43198,5.43332,3.00,3.45
2011.06.10 11:24:01.678,5.43208,5.43332,2.25,3.45
2011.06.10 11:24:01.787,5.43208,5.43332,2.63,2.47
2011.06.10 11:24:01.896,5.43218,5.43332,2.25,2.47
2011.06.10 11:24:02.116,5.43208,5.43332,2.63,2.47
2011.06.10 11:24:02.226,5.4321,5.43379,1.50,1.57
2011.06.10 11:24:02.688,5.43249,5.43387,1.13,1.20
2011.06.10 11:24:02.916,5.43263,5.43402,1.13,1.20
2011.06.10 11:24:03.988,5.43263,5.43402,1.13,1.20
2011.06.10 11:24:05.375,5.43267,5.43373,3.00,2.25
2011.06.10 11:24:05.988,5.43268,5.43372,3.00,2.25
2011.06.10 11:24:09.477,5.43268,5.43372,2.25,2.25
2011.06.10 11:24:10.039,5.43268,5.43372,3.00,2.25
2011.06.10 11:24:10.154,5.43268,5.43372,3.00,2.25
2011.06.10 11:24:12.740,5.43268,5.43372,3.00,2.25
2011.06.10 11:24:12.968,5.43277,5.43383,3.00,2.47
2011.06.10 11:24:13.186,5.43277,5.43383,3.00,2.47
2011.06.10 11:24:14.571,5.43288,5.43382,3.00,2.47
2011.06.10 11:24:15.256,5.43287,5.43393,3.00,2.47
2011.06.10 11:24:18.806,5.43287,5.43393,2.25,3.22
2011.06.10 11:24:19.026,5.4325,5.43407,1.13,1.20
2011.06.10 11:24:19.137,5.43263,5.43407,1.13,1.20
2011.06.10 11:24:19.246,5.43263,5.43407,1.13,1.20
2011.06.10 11:24:19.835,5.43278,5.43382,2.25,2.47
2011.06.10 11:24:21.147,5.43288,5.43382,2.25,2.47
2011.06.10 11:24:21.366,5.43278,5.43382,2.25,2.47
2011.06.10 11:24:21.805,5.43278,5.43372,2.25,2.25
2011.06.10 11:24:21.915,5.43268,5.43372,2.63,2.25
2011.06.10 11:24:22.027,5.43258,5.43362,3.00,2.25
2011.06.10 11:24:22.137,5.43257,5.43373,2.25,2.25
2011.06.10 11:24:22.467,5.43257,5.43373,3.00,2.25
2011.06.10 11:24:22.576,5.43267,5.43383,2.25,2.47
2011.06.10 11:24:22.797,5.43267,5.43383,3.00,2.47
2011.06.10 11:24:23.125,5.43288,5.43382,2.25,2.47
2011.06.10 11:24:26.878,5.43288,5.43382,3.00,2.47
2011.06.10 11:24:26.990,5.43298,5.43402,3.00,2.25
2011.06.10 11:24:27.108,5.43287,5.43393,3.00,2.25
2011.06.10 11:24:27.436,5.43307,5.43413,2.25,2.63
2011.06.10 11:24:27.545,5.43297,5.43403,3.00,2.25
2011.06.10 11:24:29.116,5.43288,5.43402,3.00,2.25
2011.06.10 11:24:29.576,5.43288,5.43402,2.63,2.25
2011.06.10 11:24:30.048,5.43298,5.43423,1.13,2.85
2011.06.10 11:24:30.159,5.43298,5.43392,1.13,2.25
2011.06.10 11:24:30.276,5.43298,5.43423,1.13,2.85
2011.06.10 11:24:30.816,5.43298,5.43423,1.13,2.85
2011.06.10 11:24:30.925,5.43298,5.43423,1.13,2.85
2011.06.10 11:24:31.415,5.43298,5.43423,1.13,2.85
2011.06.10 11:24:31.926,5.43298,5.43423,1.13,2.85
2011.06.10 11:24:33.228,5.43299,5.43423,1.13,2.47
2011.06.10 11:24:33.335,5.43299,5.43423,1.13,2.47
2011.06.10 11:24:33.666,5.43307,5.43423,3.00,2.47
2011.06.10 11:24:34.583,5.43307,5.43423,3.00,2.47
2011.06.10 11:24:34.695,5.43318,5.43432,2.25,2.47
2011.06.10 11:24:35.025,5.43317,5.43423,3.00,2.47
2011.06.10 11:24:35.136,5.43317,5.43423,3.00,2.47
2011.06.10 11:24:35.702,5.43317,5.43423,2.25,2.47
2011.06.10 11:24:36.283,5.43317,5.43423,3.00,2.47
2011.06.10 11:24:37.005,5.43317,5.43423,3.00,2.47
2011.06.10 11:24:37.826,5.43317,5.43423,3.00,2.47
2011.06.10 11:24:39.147,5.43317,5.43423,2.25,2.47
2011.06.10 11:24:39.367,5.43307,5.43403,2.25,2.25
2011.06.10 11:24:39.698,5.43268,5.43382,2.25,2.25
2011.06.10 11:24:40.230,5.43268,5.43377,2.25,1.20
2011.06.10 11:24:40.348,5.43207,5.43377,1.73,1.20
2011.06.10 11:24:40.569,5.43197,5.43372,1.50,1.20
2011.06.10 11:24:40.908,5.43218,5.43322,2.25,2.47
2011.06.10 11:24:41.017,5.43188,5.43312,2.25,2.47
2011.06.10 11:24:41.586,5.43188,5.43322,2.25,2.25
2011.06.10 11:24:42.445,5.43198,5.43322,2.25,2.25
2011.06.10 11:24:43.687,5.43208,5.43322,2.25,2.25
2011.06.10 11:24:45.965,5.43217,5.43323,2.25,2.25
2011.06.10 11:24:46.296,5.43218,5.43312,2.25,2.25
2011.06.10 11:24:46.406,5.43208,5.43312,2.25,2.25
2011.06.10 11:24:46.626,5.43218,5.43322,2.25,2.25
2011.06.10 11:24:47.587,5.43218,5.43312,2.25,2.25
2011.06.10 11:24:47.697,5.43207,5.43303,2.25,2.25
2011.06.10 11:24:48.247,5.43178,5.43292,2.25,2.25
2011.06.10 11:24:48.686,5.43177,5.43303,2.25,2.25
2011.06.10 11:24:49.629,5.43177,5.43293,2.25,2.25
2011.06.10 11:24:50.082,5.43178,5.43272,2.25,2.25
2011.06.10 11:24:50.311,5.43167,5.43273,2.25,2.63
2011.06.10 11:24:50.431,5.43167,5.43273,2.25,3.22
2011.06.10 11:24:50.658,5.43118,5.43283,1.13,1.20
2011.06.10 11:24:50.767,5.43108,5.43283,1.50,1.20
2011.06.10 11:24:50.876,5.43108,5.43283,1.50,1.20
2011.06.10 11:24:51.205,5.43138,5.43252,2.25,2.25
2011.06.10 11:24:51.655,5.43138,5.43242,2.25,2.25
2011.06.10 11:24:51.988,5.43097,5.43203,3.00,2.25
2011.06.10 11:24:52.624,5.43067,5.43173,2.25,2.25
2011.06.10 11:24:54.888,5.43068,5.43192,2.25,2.25
2011.06.10 11:24:54.997,5.43078,5.43192,2.25,2.25
2011.06.10 11:24:55.795,5.43098,5.43192,2.25,2.25
2011.06.10 11:24:57.436,5.43098,5.43202,2.25,2.25
2011.06.10 11:24:58.428,5.43108,5.43232,2.25,2.25
2011.06.10 11:24:58.867,5.43107,5.43223,2.25,2.25
2011.06.10 11:25:00.626,5.43097,5.43203,2.25,2.25
2011.06.10 11:25:01.286,5.43108,5.43222,2.25,2.25
2011.06.10 11:25:01.397,5.43127,5.43233,2.25,2.47
2011.06.10 11:25:01.508,5.43108,5.43232,2.25,2.25
2011.06.10 11:25:01.836,5.43108,5.43222,2.25,2.25
2011.06.10 11:25:03.378,5.43128,5.43232,2.25,2.25
2011.06.10 11:25:03.487,5.43107,5.43223,2.25,2.25
2011.06.10 11:25:03.818,5.43107,5.43233,2.25,2.47
2011.06.10 11:25:03.929,5.43118,5.43233,1.35,2.47
2011.06.10 11:25:04.153,5.43146,5.43326,1.13,1.80
2011.06.10 11:25:04.271,5.43151,5.43326,1.50,1.80
2011.06.10 11:25:04.608,5.43168,5.43292,2.25,2.25
2011.06.10 11:25:04.938,5.43168,5.43272,2.25,2.25
2011.06.10 11:25:05.045,5.43148,5.43262,3.00,2.25
2011.06.10 11:25:05.266,5.43147,5.43273,3.00,2.47
2011.06.10 11:25:05.596,5.43148,5.43282,2.25,2.25
2011.06.10 11:25:06.976,5.43158,5.43282,2.25,2.25
2011.06.10 11:25:07.911,5.43158,5.43292,2.25,2.25
2011.06.10 11:25:08.140,5.43167,5.43293,2.25,2.47
2011.06.10 11:25:08.587,5.43178,5.43302,2.25,2.25
2011.06.10 11:25:08.924,5.43188,5.43302,2.25,2.25
2011.06.10 11:25:09.808,5.43178,5.43302,2.25,2.25
2011.06.10 11:25:10.027,5.43178,5.43292,2.25,2.25
2011.06.10 11:25:10.356,5.43187,5.43293,2.25,2.25
2011.06.10 11:25:12.243,5.43197,5.43303,2.25,2.25
2011.06.10 11:25:12.364,5.43194,5.43366,1.50,1.57
2011.06.10 11:25:12.480,5.43227,5.43333,2.25,2.25
2011.06.10 11:25:14.496,5.43227,5.43343,2.25,2.25
2011.06.10 11:25:14.606,5.43217,5.43323,2.25,2.25
2011.06.10 11:25:14.716,5.43228,5.43342,2.25,2.25
2011.06.10 11:25:15.667,5.43217,5.43323,2.25,2.25
2011.06.10 11:25:16.216,5.43217,5.43333,2.25,2.25
2011.06.10 11:25:17.472,5.43227,5.43333,2.25,2.25
2011.06.10 11:25:18.126,5.43218,5.43332,2.25,2.25
2011.06.10 11:25:18.348,5.43218,5.43322,2.25,2.25
2011.06.10 11:25:18.457,5.43198,5.43322,2.25,2.25
2011.06.10 11:25:18.676,5.43198,5.43322,2.25,2.47
2011.06.10 11:25:18.786,5.43187,5.43313,2.25,2.47
2011.06.10 11:25:19.336,5.43187,5.43323,2.25,2.25
2011.06.10 11:25:19.449,5.43217,5.43323,2.25,2.25
2011.06.10 11:25:19.788,5.43227,5.43333,2.25,2.25
2011.06.10 11:25:20.635,5.43238,5.43342,2.25,2.25
2011.06.10 11:25:24.046,5.43258,5.43362,2.25,2.47
2011.06.10 11:25:24.267,5.43278,5.43382,2.25,2.25
2011.06.10 11:25:24.927,5.43288,5.43392,2.25,2.25
2011.06.10 11:25:28.128,5.43288,5.43392,2.25,2.47
2011.06.10 11:25:28.238,5.43257,5.43393,2.25,2.47
2011.06.10 11:25:28.347,5.43267,5.43393,2.25,2.47
2011.06.10 11:25:28.679,5.43267,5.43345,2.25,1.20
2011.06.10 11:25:28.799,5.43146,5.43345,1.35,1.20
2011.06.10 11:25:29.238,5.43138,5.43345,1.50,1.20
2011.06.10 11:25:30.079,5.43158,5.43335,1.50,1.20
2011.06.10 11:25:31.143,5.43158,5.43335,1.50,1.20
2011.06.10 11:25:31.710,5.43178,5.43302,2.25,2.25
2011.06.10 11:25:32.039,5.43138,5.43262,2.25,2.25
2011.06.10 11:25:32.707,5.43137,5.43253,2.25,2.25
2011.06.10 11:25:33.465,5.43137,5.43263,2.25,2.25
2011.06.10 11:25:33.795,5.43138,5.43252,2.25,2.25
2011.06.10 11:25:34.127,5.43148,5.43252,2.25,2.25
2011.06.10 11:25:34.238,5.43157,5.43263,2.25,2.25
2011.06.10 11:25:34.457,5.43138,5.43242,2.25,2.25
2011.06.10 11:25:36.709,5.43148,5.43262,2.25,2.25
2011.06.10 11:25:36.827,5.43157,5.43273,2.25,2.47
2011.06.10 11:25:37.269,5.43167,5.43293,2.25,2.47
2011.06.10 11:25:37.817,5.43187,5.43293,2.25,2.25
2011.06.10 11:25:39.728,5.43188,5.43302,2.25,2.25
2011.06.10 11:25:40.737,5.43178,5.43272,2.25,2.25
2011.06.10 11:25:40.846,5.43187,5.43303,2.25,2.25
2011.06.10 11:25:42.827,5.43207,5.43303,2.25,2.25
2011.06.10 11:25:43.156,5.43218,5.43342,2.25,2.85
2011.06.10 11:25:43.266,5.43218,5.43342,2.25,2.63
2011.06.10 11:25:43.815,5.43218,5.43342,2.25,2.25
2011.06.10 11:25:44.145,5.43217,5.43333,2.25,2.25
2011.06.10 11:25:46.716,5.43208,5.43302,2.25,2.25
2011.06.10 11:25:47.048,5.43217,5.43333,2.25,2.25
2011.06.10 11:25:47.376,5.43207,5.43333,2.25,2.25
2011.06.10 11:25:47.706,5.43217,5.43333,2.25,2.25
2011.06.10 11:25:48.995,5.43217,5.43353,2.25,2.47
2011.06.10 11:25:49.217,5.43218,5.43342,2.25,2.25
2011.06.10 11:25:50.557,5.43217,5.43333,2.25,2.25
2011.06.10 11:25:52.300,5.43218,5.43342,2.25,2.25
2011.06.10 11:25:52.418,5.43228,5.43342,2.25,2.25
2011.06.10 11:25:52.529,5.43227,5.43353,2.25,2.47
2011.06.10 11:25:52.652,5.43237,5.43353,1.50,2.25
2011.06.10 11:25:52.767,5.43237,5.43383,3.75,2.47
2011.06.10 11:25:55.936,5.43268,5.43382,2.25,2.25
2011.06.10 11:25:56.269,5.43287,5.43393,3.00,2.47
2011.06.10 11:25:56.377,5.43298,5.43422,2.25,2.48
2011.06.10 11:25:56.486,5.43298,5.43422,2.25,2.25
2011.06.10 11:25:58.117,5.43298,5.43412,2.25,2.25
2011.06.10 11:25:58.877,5.43298,5.43412,3.00,2.25
2011.06.10 11:25:59.097,5.43318,5.43432,2.25,2.25
2011.06.10 11:26:03.086,5.43337,5.43443,2.25,2.25
2011.06.10 11:26:03.195,5.43274,5.43466,1.50,1.05
2011.06.10 11:26:03.526,5.43274,5.43466,1.50,1.05
2011.06.10 11:26:04.005,5.43288,5.43462,1.50,1.20
2011.06.10 11:26:05.704,5.43288,5.43462,1.50,1.20
2011.06.10 11:26:10.695,5.43297,5.43462,1.50,1.20
2011.06.10 11:26:13.576,5.43298,5.43462,1.50,1.20
2011.06.10 11:26:13.798,5.43317,5.43433,3.00,2.25
2011.06.10 11:26:14.765,5.43327,5.43433,2.25,2.25
2011.06.10 11:26:14.875,5.43317,5.43433,3.00,2.25
2011.06.10 11:26:16.436,5.43317,5.43433,2.25,2.25
2011.06.10 11:26:17.617,5.43318,5.43422,2.25,2.25
2011.06.10 11:26:18.057,5.43308,5.43412,2.63,2.25
2011.06.10 11:26:19.187,5.43308,5.43412,2.25,2.25
2011.06.10 11:26:19.527,5.43317,5.43423,2.25,2.25
2011.06.10 11:26:21.356,5.43307,5.43413,2.25,2.25
2011.06.10 11:26:23.378,5.43307,5.43413,2.25,3.00
2011.06.10 11:26:23.494,5.43277,5.43383,2.25,2.25
2011.06.10 11:26:24.267,5.43278,5.43372,2.25,2.25
2011.06.10 11:26:26.915,5.43267,5.43373,2.25,2.25
2011.06.10 11:26:27.195,5.43277,5.43373,2.25,2.25
2011.06.10 11:26:29.556,5.43267,5.43373,2.25,2.63
2011.06.10 11:26:30.169,5.43258,5.43352,2.25,2.25
2011.06.10 11:26:30.287,5.43267,5.43373,2.25,2.63
2011.06.10 11:26:31.591,5.43267,5.43373,2.25,2.25
2011.06.10 11:26:31.710,5.43257,5.43353,3.00,2.25
2011.06.10 11:26:32.156,5.43258,5.43362,2.25,2.25
2011.06.10 11:26:46.013,5.43258,5.43362,2.63,2.25
2011.06.10 11:26:46.346,5.43278,5.43372,2.63,2.25
2011.06.10 11:26:46.568,5.43277,5.43383,2.63,2.25
2011.06.10 11:26:46.677,5.43298,5.43392,2.25,2.25
2011.06.10 11:26:47.007,5.43288,5.43382,2.25,2.25
2011.06.10 11:26:50.347,5.43277,5.43383,2.25,2.63
2011.06.10 11:26:50.458,5.43267,5.43383,2.25,2.63
2011.06.10 11:26:50.566,5.43268,5.43372,2.25,2.25
2011.06.10 11:26:51.276,5.43267,5.43383,3.00,2.25
2011.06.10 11:26:53.345,5.43267,5.43383,2.25,2.25
2011.06.10 11:26:53.708,5.43257,5.43383,3.38,2.63
2011.06.10 11:26:53.926,5.43267,5.43383,2.25,2.63
2011.06.10 11:26:55.715,5.43267,5.43383,2.25,2.25
2011.06.10 11:27:00.434,5.43267,5.43383,3.00,2.25
2011.06.10 11:27:00.770,5.43277,5.43383,2.25,3.00
2011.06.10 11:27:00.887,5.43248,5.43422,1.50,1.95
2011.06.10 11:27:02.585,5.43248,5.43422,1.50,1.20
2011.06.10 11:27:03.866,5.43253,5.43422,1.13,1.20
2011.06.10 11:27:04.196,5.43267,5.43363,2.25,2.25
2011.06.10 11:27:04.886,5.43318,5.4343,3.75,1.57
2011.06.10 11:27:05.001,5.43343,5.43493,1.35,2.25
2011.06.10 11:27:05.118,5.43397,5.43503,2.25,2.25
2011.06.10 11:27:05.817,5.43387,5.43503,2.25,3.00
2011.06.10 11:27:06.145,5.43388,5.43482,2.25,2.25
2011.06.10 11:27:06.366,5.43387,5.43493,2.25,2.63
2011.06.10 11:27:06.477,5.43388,5.43482,2.25,2.25
2011.06.10 11:27:06.935,5.43388,5.43482,2.25,2.85
2011.06.10 11:27:07.157,5.43297,5.43413,2.25,2.25
2011.06.10 11:27:13.077,5.43297,5.43413,2.25,2.52
2011.06.10 11:27:13.189,5.43297,5.43413,2.25,2.25
2011.06.10 11:27:15.318,5.43297,5.43413,2.63,2.25
2011.06.10 11:27:15.646,5.43348,5.43452,2.25,2.25
2011.06.10 11:27:16.195,5.43348,5.43442,2.25,2.25
2011.06.10 11:27:16.636,5.43347,5.43453,2.25,2.25
2011.06.10 11:27:25.364,5.43347,5.43453,2.25,2.52
2011.06.10 11:27:25.494,5.43347,5.43453,2.25,2.25
2011.06.10 11:27:25.718,5.43347,5.43453,2.25,2.52
2011.06.10 11:27:26.583,5.43347,5.43453,2.25,2.52
2011.06.10 11:27:27.526,5.43347,5.43453,2.25,2.73
2011.06.10 11:27:27.637,5.43328,5.43422,2.25,2.25
2011.06.10 11:27:28.077,5.43328,5.43422,2.25,2.89
2011.06.10 11:27:28.409,5.43278,5.43382,2.25,2.47
2011.06.10 11:27:28.519,5.43257,5.43373,2.25,2.47
2011.06.10 11:27:29.040,5.43218,5.43342,3.00,2.25
2011.06.10 11:27:29.388,5.43227,5.43353,3.00,2.47
2011.06.10 11:27:29.498,5.43227,5.43353,3.00,3.36
2011.06.10 11:27:29.837,5.43227,5.43353,3.00,3.87
2011.06.10 11:27:30.495,5.43227,5.43353,3.00,2.47
2011.06.10 11:27:32.156,5.43218,5.43352,3.00,2.25
2011.06.10 11:27:32.266,5.43217,5.43343,3.00,2.25
2011.06.10 11:27:33.529,5.43267,5.43383,2.25,2.25
2011.06.10 11:27:35.535,5.43267,5.43393,2.25,2.63
2011.06.10 11:27:37.776,5.43267,5.43383,2.25,2.25
2011.06.10 11:27:38.326,5.43267,5.43383,3.00,2.25
2011.06.10 11:27:38.547,5.43277,5.43393,2.25,2.25
2011.06.10 11:27:38.986,5.43277,5.43403,2.25,2.63
2011.06.10 11:27:39.355,5.43278,5.43392,2.25,2.25
2011.06.10 11:27:45.680,5.43278,5.43392,2.25,2.47
2011.06.10 11:27:45.800,5.43228,5.43352,2.25,2.47
2011.06.10 11:27:46.916,5.43237,5.43353,2.25,2.47
2011.06.10 11:27:48.295,5.43238,5.43362,2.25,2.47
2011.06.10 11:27:48.809,5.43238,5.43362,3.00,2.47
2011.06.10 11:27:49.026,5.43287,5.43403,2.25,2.25
2011.06.10 11:27:50.107,5.43278,5.43392,3.00,2.25
2011.06.10 11:27:50.436,5.43278,5.43372,2.25,2.25
2011.06.10 11:27:52.436,5.43268,5.43372,2.25,2.25
2011.06.10 11:27:53.296,5.43267,5.43363,2.25,2.25
2011.06.10 11:27:53.736,5.43267,5.43373,2.25,2.85
2011.06.10 11:27:53.847,5.43217,5.43333,2.25,2.25
2011.06.10 11:27:54.426,5.43217,5.43333,3.00,2.25
2011.06.10 11:27:54.755,5.43257,5.43353,2.25,2.47
2011.06.10 11:28:00.465,5.43247,5.43353,2.25,2.47
2011.06.10 11:28:03.545,5.43257,5.43353,2.25,2.47
2011.06.10 11:28:07.566,5.43258,5.43362,2.25,2.47
2011.06.10 11:28:07.898,5.43267,5.43383,3.75,2.47
2011.06.10 11:28:08.117,5.43297,5.43393,2.25,2.47
2011.06.10 11:28:08.228,5.43327,5.43423,2.25,2.47
2011.06.10 11:28:09.108,5.43307,5.43413,2.25,2.47
2011.06.10 11:28:09.436,5.43328,5.43432,2.25,2.47
2011.06.10 11:28:09.656,5.43318,5.43422,2.25,2.47
2011.06.10 11:28:11.738,5.43298,5.43412,2.25,2.47
2011.06.10 11:28:13.306,5.43308,5.43412,2.25,2.47
2011.06.10 11:28:14.188,5.43318,5.43422,2.25,2.47
2011.06.10 11:28:14.516,5.43327,5.43423,2.25,2.47
2011.06.10 11:28:19.006,5.43317,5.43453,2.25,2.47
2011.06.10 11:28:19.116,5.43328,5.43452,2.25,2.47
2011.06.10 11:28:20.423,5.43338,5.43452,2.25,2.47
2011.06.10 11:28:21.165,5.43337,5.43443,2.25,2.47
2011.06.10 11:28:21.497,5.43337,5.43443,2.25,2.47
2011.06.10 11:28:21.826,5.43317,5.43413,2.25,2.47
2011.06.10 11:28:22.046,5.43297,5.43413,2.25,2.47
2011.06.10 11:28:22.266,5.43308,5.43412,2.25,2.47
2011.06.10 11:28:22.705,5.43308,5.43452,2.25,2.47
2011.06.10 11:28:27.706,5.43308,5.43442,3.00,2.25
2011.06.10 11:28:28.099,5.43337,5.43453,2.25,2.25
2011.06.10 11:28:29.057,5.43337,5.43443,2.25,2.25
2011.06.10 11:28:33.407,5.43337,5.43443,2.25,3.00
2011.06.10 11:28:33.738,5.43308,5.43422,2.63,2.25
2011.06.10 11:28:33.956,5.43318,5.43422,2.25,2.63
2011.06.10 11:28:34.069,5.43277,5.43423,2.63,3.00
2011.06.10 11:28:34.178,5.43287,5.43413,2.25,2.25
2011.06.10 11:28:34.507,5.43287,5.43403,2.25,2.25
2011.06.10 11:28:35.748,5.43298,5.43402,2.25,2.25
2011.06.10 11:28:37.346,5.43297,5.43433,2.25,2.70
2011.06.10 11:28:37.457,5.43307,5.43433,2.25,2.47
2011.06.10 11:28:39.278,5.43307,5.43433,2.25,2.85
2011.06.10 11:28:39.607,5.43308,5.43422,2.25,2.63
2011.06.10 11:28:39.717,5.43287,5.43423,2.25,2.63
2011.06.10 11:28:40.926,5.43297,5.43423,2.25,2.63
2011.06.10 11:28:41.579,5.43297,5.43413,2.25,2.25
2011.06.10 11:28:41.907,5.43287,5.43403,2.25,2.25
2011.06.10 11:28:48.377,5.43287,5.43393,2.25,2.25
2011.06.10 11:28:49.007,5.43287,5.43393,2.25,3.00
2011.06.10 11:28:49.228,5.43278,5.43382,2.25,2.25
2011.06.10 11:28:51.787,5.43278,5.43402,2.25,3.00
2011.06.10 11:28:51.896,5.43288,5.43392,2.25,2.63
2011.06.10 11:28:52.125,5.43277,5.43393,2.25,2.63
2011.06.10 11:28:52.456,5.43257,5.43383,3.00,3.00
2011.06.10 11:28:52.786,5.43267,5.43383,2.25,3.00
2011.06.10 11:28:53.227,5.43268,5.43362,2.25,2.25
2011.06.10 11:28:53.775,5.43268,5.43362,2.63,2.25
2011.06.10 11:28:53.996,5.43268,5.43382,2.63,2.63
2011.06.10 11:28:54.106,5.43267,5.43373,2.63,2.25
2011.06.10 11:28:54.936,5.43268,5.43362,2.25,2.25
2011.06.10 11:28:55.269,5.43268,5.43362,2.25,3.00
2011.06.10 11:28:55.379,5.43199,5.43353,1.50,1.50
2011.06.10 11:28:56.527,5.43199,5.4338,1.50,1.58
2011.06.10 11:28:57.188,5.43247,5.43363,3.00,2.25
2011.06.10 11:28:57.406,5.43243,5.43414,1.50,1.35
2011.06.10 11:28:57.956,5.43239,5.43392,1.13,1.50
2011.06.10 11:28:58.287,5.43215,5.43382,1.50,1.72
2011.06.10 11:28:58.728,5.43208,5.43373,1.50,1.50
2011.06.10 11:28:59.389,5.43247,5.43363,2.25,3.00
2011.06.10 11:29:00.256,5.43247,5.43363,2.25,3.00
2011.06.10 11:29:00.536,5.43247,5.43353,2.25,2.25
2011.06.10 11:29:01.318,5.43247,5.43353,2.25,3.00
2011.06.10 11:29:01.647,5.43227,5.43323,2.25,2.25
2011.06.10 11:29:01.757,5.43217,5.43323,2.25,2.25
2011.06.10 11:29:02.088,5.43217,5.43323,2.25,3.00
2011.06.10 11:29:02.200,5.43217,5.4338,1.50,1.72
2011.06.10 11:29:02.319,5.43225,5.43392,1.50,4.13
2011.06.10 11:29:02.867,5.43288,5.43402,2.25,3.00
2011.06.10 11:29:03.087,5.43297,5.43403,2.25,2.25
2011.06.10 11:29:03.537,5.43297,5.43423,2.25,2.25
2011.06.10 11:29:03.653,5.43298,5.43412,2.25,2.25
2011.06.10 11:29:04.317,5.43297,5.43403,2.25,2.25
2011.06.10 11:29:05.046,5.43297,5.43413,2.25,2.25
2011.06.10 11:29:05.540,5.43297,5.43413,2.25,3.00
2011.06.10 11:29:05.651,5.43297,5.43413,2.25,3.97
2011.06.10 11:29:05.877,5.43243,5.43413,1.50,1.72
2011.06.10 11:29:06.658,5.43243,5.4342,1.50,1.20
2011.06.10 11:29:06.876,5.43259,5.43433,1.50,1.72
2011.06.10 11:29:06.987,5.43278,5.43382,2.25,2.25
2011.06.10 11:29:07.317,5.43278,5.43382,3.00,2.25
2011.06.10 11:29:07.428,5.43278,5.43412,3.00,3.00
2011.06.10 11:29:08.707,5.43288,5.43412,2.63,3.00
2011.06.10 11:29:08.816,5.43288,5.43412,2.25,3.00
2011.06.10 11:29:09.366,5.43287,5.43393,2.25,3.00
2011.06.10 11:29:09.590,5.43268,5.43362,2.25,2.25
2011.06.10 11:29:09.709,5.43257,5.43363,2.25,2.63
2011.06.10 11:29:09.828,5.43257,5.43363,2.25,3.00
2011.06.10 11:29:10.047,5.43237,5.43353,2.63,2.63
2011.06.10 11:29:10.726,5.43248,5.43362,2.25,3.00
2011.06.10 11:29:11.457,5.43248,5.43362,2.25,2.63
2011.06.10 11:29:11.676,5.43248,5.43352,2.25,2.25
2011.06.10 11:29:13.350,5.43248,5.43352,2.25,3.00
2011.06.10 11:29:13.582,5.43248,5.43352,2.25,3.97
2011.06.10 11:29:13.809,5.43177,5.43342,1.50,1.72
2011.06.10 11:29:14.136,5.43198,5.43292,2.25,2.63
2011.06.10 11:29:14.686,5.43187,5.43293,2.25,2.63
2011.06.10 11:29:14.796,5.43187,5.43293,2.63,2.25
2011.06.10 11:29:15.237,5.43217,5.43353,3.00,3.00
2011.06.10 11:29:15.351,5.43238,5.43362,2.25,3.00
2011.06.10 11:29:16.236,5.43237,5.43353,2.25,3.00
2011.06.10 11:29:16.456,5.43237,5.43353,2.25,3.00
2011.06.10 11:29:18.478,5.43237,5.43353,2.25,3.00
2011.06.10 11:29:18.589,5.43237,5.43353,2.63,2.63
2011.06.10 11:29:18.708,5.43227,5.43333,3.00,2.25
2011.06.10 11:29:19.037,5.43258,5.43352,2.25,2.25
2011.06.10 11:29:21.839,5.43258,5.43362,2.25,2.63
2011.06.10 11:29:21.948,5.43258,5.43362,3.00,2.25
2011.06.10 11:29:22.059,5.43268,5.43392,2.63,3.23
2011.06.10 11:29:22.876,5.43268,5.43392,2.25,3.00
2011.06.10 11:29:23.423,5.43267,5.43363,2.25,2.47
2011.06.10 11:29:23.543,5.43237,5.43353,2.25,3.00
2011.06.10 11:29:25.055,5.43237,5.43353,2.63,2.63
2011.06.10 11:29:25.609,5.43227,5.43352,2.25,1.50
2011.06.10 11:29:25.717,5.43187,5.43323,3.00,3.00
2011.06.10 11:29:25.829,5.43187,5.43323,2.25,3.97
2011.06.10 11:29:25.949,5.43187,5.43323,3.00,3.22
2011.06.10 11:29:27.457,5.43167,5.43344,1.50,1.20
2011.06.10 11:29:27.901,5.43217,5.43323,2.25,3.22
2011.06.10 11:29:28.998,5.43217,5.43323,2.25,2.85
2011.06.10 11:29:30.799,5.43217,5.43323,2.25,2.47
2011.06.10 11:29:31.856,5.43217,5.43283,2.25,2.10
2011.06.10 11:29:32.077,5.43118,5.43274,1.29,4.35
2011.06.10 11:29:32.186,5.43098,5.43274,2.25,4.57
2011.06.10 11:29:32.297,5.43098,5.43192,2.25,2.25
2011.06.10 11:29:32.928,5.43098,5.43192,2.25,3.00
2011.06.10 11:29:33.258,5.43067,5.43163,2.63,2.25
2011.06.10 11:29:33.476,5.43067,5.43163,2.25,2.25
2011.06.10 11:29:34.641,5.43057,5.43163,2.25,2.25
2011.06.10 11:29:35.638,5.43067,5.43193,2.63,3.00
2011.06.10 11:29:35.967,5.43048,5.43172,2.25,2.25
2011.06.10 11:29:36.187,5.43048,5.43172,2.25,3.00
2011.06.10 11:29:36.406,5.43038,5.43162,2.63,3.00
2011.06.10 11:29:37.627,5.43027,5.43133,3.00,2.25
2011.06.10 11:29:37.737,5.43027,5.43133,2.63,2.25
2011.06.10 11:29:38.630,5.43027,5.43133,2.25,2.25
2011.06.10 11:29:39.047,5.43028,5.43133,1.50,2.25
2011.06.10 11:29:39.376,5.43038,5.43133,1.50,2.25
2011.06.10 11:29:39.724,5.43038,5.4321,1.50,1.57
2011.06.10 11:29:39.961,5.43038,5.4321,1.50,1.57
2011.06.10 11:29:40.406,5.43047,5.43163,2.25,3.00
2011.06.10 11:29:40.738,5.43047,5.43163,3.00,2.25
2011.06.10 11:29:41.066,5.43067,5.43163,2.25,2.25
2011.06.10 11:29:41.289,5.43017,5.4321,2.25,1.57
2011.06.10 11:29:43.187,5.43018,5.4321,1.50,1.57
2011.06.10 11:29:43.406,5.43058,5.43172,2.25,2.25
2011.06.10 11:29:51.335,5.43068,5.43172,2.25,2.25
2011.06.10 11:29:51.947,5.43058,5.43172,2.25,2.25
2011.06.10 11:29:52.496,5.43067,5.43173,2.25,2.25
2011.06.10 11:29:53.156,5.43058,5.43172,2.25,2.25
2011.06.10 11:29:58.757,5.43077,5.43183,2.25,2.25
2011.06.10 11:29:59.240,5.43098,5.43222,2.25,3.00
2011.06.10 11:30:01.046,5.43098,5.43222,2.25,2.63
2011.06.10 11:30:01.812,5.43088,5.43222,3.00,2.63
2011.06.10 11:30:02.039,5.43088,5.43212,3.00,2.25
2011.06.10 11:30:02.686,5.43088,5.43212,2.25,2.25
2011.06.10 11:30:03.407,5.43138,5.43259,2.25,1.20
2011.06.10 11:30:03.737,5.43157,5.43293,2.25,2.70
2011.06.10 11:30:06.907,5.43157,5.43227,2.25,1.35
2011.06.10 11:30:07.235,5.43019,5.43162,1.13,2.25
2011.06.10 11:30:08.686,5.43083,5.43162,1.35,2.25
2011.06.10 11:30:08.797,5.43128,5.43291,2.25,1.20
2011.06.10 11:30:10.825,5.43128,5.43283,2.25,1.73
2011.06.10 11:30:10.937,5.43137,5.43271,2.25,1.20
2011.06.10 11:30:11.352,5.43147,5.43271,2.25,1.20
2011.06.10 11:30:12.506,5.43137,5.43293,2.25,3.23
2011.06.10 11:30:12.617,5.43147,5.43283,2.25,3.23
2011.06.10 11:30:12.945,5.43178,5.43292,2.25,2.47
2011.06.10 11:30:13.506,5.43177,5.43283,2.25,2.47
2011.06.10 11:30:14.577,5.43198,5.43302,2.25,2.47
2011.06.10 11:30:14.686,5.43178,5.43292,2.25,2.47
2011.06.10 11:30:16.436,5.43178,5.43292,2.25,2.25
2011.06.10 11:30:16.546,5.43187,5.43293,2.25,2.25
2011.06.10 11:30:17.247,5.43187,5.43293,2.25,3.00
2011.06.10 11:30:17.466,5.43158,5.43262,2.63,2.25
2011.06.10 11:30:17.966,5.43157,5.43273,3.00,2.63
2011.06.10 11:30:18.885,5.43157,5.43273,3.00,2.25
2011.06.10 11:30:21.297,5.43157,5.43273,3.00,2.25
2011.06.10 11:30:21.406,5.43168,5.43282,3.00,2.25
2011.06.10 11:30:24.707,5.43168,5.43272,3.00,2.25
2011.06.10 11:30:24.925,5.43177,5.43283,2.63,2.25
2011.06.10 11:30:27.627,5.43177,5.43283,2.25,3.00
2011.06.10 11:30:27.851,5.43088,5.43189,1.29,1.35
2011.06.10 11:30:27.971,5.43028,5.43189,1.50,1.35
2011.06.10 11:30:28.089,5.4301,5.43172,1.29,1.50
2011.06.10 11:30:28.516,5.42992,5.43142,1.50,1.72
2011.06.10 11:30:28.643,5.42948,5.43112,1.35,1.72
2011.06.10 11:30:29.198,5.42954,5.43144,1.50,1.20
2011.06.10 11:30:29.416,5.42967,5.43142,1.50,1.35
2011.06.10 11:30:29.527,5.42967,5.43142,1.50,1.35
2011.06.10 11:30:29.859,5.43007,5.43113,2.25,2.25
2011.06.10 11:30:29.968,5.43008,5.43122,2.25,2.25
2011.06.10 11:30:30.078,5.43018,5.43122,2.63,2.25
2011.06.10 11:30:30.186,5.43018,5.43132,2.63,2.63
2011.06.10 11:30:30.627,5.43017,5.43123,2.63,2.25
2011.06.10 11:30:31.137,5.43027,5.43133,2.25,2.63
2011.06.10 11:30:31.988,5.43027,5.43133,2.63,2.25
2011.06.10 11:30:32.833,5.43027,5.43133,2.25,3.00
2011.06.10 11:30:33.166,5.43007,5.43123,2.63,2.63
2011.06.10 11:30:33.748,5.43007,5.43123,2.25,3.00
2011.06.10 11:30:33.968,5.42997,5.43103,2.63,2.25
2011.06.10 11:30:34.079,5.42987,5.43103,2.25,3.00
2011.06.10 11:30:34.187,5.42978,5.43082,2.25,2.25
2011.06.10 11:30:36.873,5.42978,5.43082,3.75,2.25
2011.06.10 11:30:37.101,5.43007,5.43172,1.50,1.20
2011.06.10 11:30:37.221,5.43007,5.43175,1.50,1.73
2011.06.10 11:30:37.340,5.43018,5.43183,1.50,1.20
2011.06.10 11:30:37.669,5.43058,5.43162,2.25,2.25
2011.06.10 11:30:37.996,5.43067,5.43173,3.00,2.25
2011.06.10 11:30:38.217,5.43088,5.43192,2.25,2.25
2011.06.10 11:30:38.856,5.43087,5.43203,2.63,3.00
2011.06.10 11:30:38.968,5.43087,5.43203,3.00,2.25
2011.06.10 11:30:39.077,5.43098,5.43202,2.25,2.25
2011.06.10 11:30:39.188,5.43077,5.43193,3.00,2.25
2011.06.10 11:30:39.667,5.43097,5.43213,3.00,2.25
2011.06.10 11:30:40.017,5.43098,5.43202,2.25,2.25
2011.06.10 11:30:40.351,5.43077,5.43183,2.63,2.25
2011.06.10 11:30:40.580,5.43048,5.43162,3.00,2.25
2011.06.10 11:30:40.687,5.43058,5.43162,2.25,2.25
2011.06.10 11:30:44.967,5.43048,5.43162,3.00,2.25
2011.06.10 11:30:45.500,5.43047,5.43153,3.00,2.25
2011.06.10 11:30:46.056,5.43067,5.43173,2.25,2.25
2011.06.10 11:30:47.286,5.43067,5.43173,2.25,3.00
2011.06.10 11:30:47.506,5.43048,5.43162,2.63,2.63
2011.06.10 11:30:48.786,5.43048,5.43162,3.00,2.25
2011.06.10 11:30:49.116,5.43048,5.43152,3.00,2.25
2011.06.10 11:30:50.027,5.43048,5.43152,2.25,2.25
2011.06.10 11:30:50.202,5.43048,5.43152,2.25,3.00
2011.06.10 11:30:50.537,5.43027,5.43143,3.00,2.63
2011.06.10 11:30:54.817,5.43027,5.43143,3.00,2.25
2011.06.10 11:30:55.148,5.43038,5.43142,3.00,2.25
2011.06.10 11:30:55.256,5.43057,5.43163,3.00,2.25
2011.06.10 11:30:55.590,5.43057,5.43163,3.00,2.25
2011.06.10 11:30:55.697,5.43077,5.43193,2.25,3.00
2011.06.10 11:30:55.806,5.43068,5.43182,2.25,3.00
2011.06.10 11:30:56.031,5.43078,5.43182,2.25,2.25
2011.06.10 11:30:57.947,5.43058,5.43162,2.25,2.25
2011.06.10 11:31:00.018,5.43027,5.43133,2.25,3.00
2011.06.10 11:31:00.236,5.43017,5.43123,2.25,2.63
2011.06.10 11:31:01.066,5.43017,5.43123,2.63,2.25
2011.06.10 11:31:01.398,5.43041,5.43219,1.50,1.58
2011.06.10 11:31:01.727,5.43041,5.43219,1.50,1.58
2011.06.10 11:31:02.599,5.43088,5.43192,2.25,3.00
2011.06.10 11:31:02.707,5.43088,5.43192,2.63,2.25
2011.06.10 11:31:04.605,5.43078,5.43192,3.00,2.25
2011.06.10 11:31:04.937,5.43078,5.43182,3.00,2.25
2011.06.10 11:31:05.961,5.43078,5.43182,2.25,2.25
2011.06.10 11:31:06.296,5.43068,5.43172,2.63,2.25
2011.06.10 11:31:07.467,5.43068,5.43172,2.63,2.25
2011.06.10 11:31:09.247,5.43068,5.43182,2.63,2.63
2011.06.10 11:31:09.357,5.43068,5.43182,3.00,2.25
2011.06.10 11:31:09.577,5.43054,5.43229,1.50,1.20
2011.06.10 11:31:10.235,5.43054,5.43229,1.50,1.20
2011.06.10 11:31:10.566,5.43078,5.43182,3.00,2.25
2011.06.10 11:31:12.707,5.43078,5.43182,2.63,2.25
2011.06.10 11:31:15.357,5.43058,5.43172,3.00,2.25
2011.06.10 11:31:15.467,5.43058,5.43172,3.00,2.25
2011.06.10 11:31:21.138,5.43058,5.43172,3.00,2.25
2011.06.10 11:31:23.078,5.43077,5.43183,3.00,2.25
2011.06.10 11:31:23.299,5.43077,5.43193,3.00,2.63
2011.06.10 11:31:24.026,5.43077,5.43183,3.00,2.25
2011.06.10 11:31:24.138,5.43077,5.43183,2.25,2.25
2011.06.10 11:31:24.563,5.43088,5.43192,2.25,3.00
2011.06.10 11:31:24.680,5.43067,5.43173,3.00,2.25
2011.06.10 11:31:27.669,5.43067,5.43173,2.63,2.25
2011.06.10 11:31:28.936,5.43067,5.43173,3.00,2.25
2011.06.10 11:31:29.047,5.43067,5.43183,3.00,2.25
2011.06.10 11:31:29.267,5.43077,5.43183,2.25,2.25
2011.06.10 11:31:30.846,5.43077,5.43183,2.63,2.25
2011.06.10 11:31:31.686,5.43068,5.43172,3.00,2.25
2011.06.10 11:31:32.115,5.43068,5.43182,3.00,2.25
2011.06.10 11:31:32.232,5.43068,5.43182,3.75,2.25
2011.06.10 11:31:32.347,5.43088,5.43192,3.00,2.25
2011.06.10 11:31:32.569,5.43108,5.43222,2.63,2.63
2011.06.10 11:31:32.790,5.43118,5.43222,2.25,2.63
2011.06.10 11:31:33.129,5.43107,5.43223,3.00,2.25
2011.06.10 11:31:33.459,5.43128,5.43232,3.00,2.25
2011.06.10 11:31:33.569,5.43148,5.43252,3.00,2.25
2011.06.10 11:31:33.681,5.43158,5.43262,2.25,3.00
2011.06.10 11:31:33.797,5.43147,5.43253,2.25,2.25
2011.06.10 11:31:34.126,5.43137,5.43253,3.00,2.25
2011.06.10 11:31:34.237,5.43157,5.43263,2.63,2.25
2011.06.10 11:31:35.439,5.43157,5.43263,2.63,2.25
2011.06.10 11:31:38.308,5.43157,5.43263,2.63,2.25
2011.06.10 11:31:39.808,5.43157,5.43263,2.63,2.25
2011.06.10 11:31:40.026,5.43157,5.43263,2.25,3.00
2011.06.10 11:31:40.247,5.43137,5.43253,3.00,2.63
2011.06.10 11:31:40.686,5.43148,5.43262,2.25,3.00
2011.06.10 11:31:40.906,5.43148,5.43262,3.00,2.63
2011.06.10 11:31:41.347,5.43128,5.43252,3.00,2.25
2011.06.10 11:31:41.458,5.43128,5.43252,3.00,2.63
2011.06.10 11:31:41.568,5.43127,5.43233,2.25,3.00
2011.06.10 11:31:41.898,5.43058,5.43243,1.50,1.73
2011.06.10 11:31:43.026,5.43058,5.43233,1.50,1.72
2011.06.10 11:31:44.778,5.43058,5.43235,1.50,1.20
2011.06.10 11:31:45.216,5.43097,5.43203,3.00,2.25
2011.06.10 11:31:49.817,5.43097,5.43203,3.00,2.25
2011.06.10 11:31:49.925,5.43097,5.43203,2.25,3.00
2011.06.10 11:31:50.476,5.43032,5.43192,1.50,1.50
2011.06.10 11:31:51.034,5.43017,5.43192,1.50,1.72
2011.06.10 11:31:51.146,5.43048,5.43152,2.63,2.25
2011.06.10 11:31:53.127,5.43048,5.43152,2.63,2.25
2011.06.10 11:31:56.917,5.43048,5.43152,3.00,2.25
2011.06.10 11:31:57.666,5.43047,5.43163,3.00,2.25
2011.06.10 11:32:02.870,5.43048,5.43152,3.00,2.25
2011.06.10 11:32:05.116,5.43047,5.43153,3.00,2.25
2011.06.10 11:32:07.738,5.43047,5.43153,2.63,2.25
2011.06.10 11:32:10.837,5.43047,5.43153,2.63,2.25
2011.06.10 11:32:11.058,5.43037,5.43143,3.00,2.25
2011.06.10 11:32:12.228,5.43037,5.43143,2.63,2.25
2011.06.10 11:32:15.307,5.43027,5.43133,3.00,2.25
2011.06.10 11:32:15.670,5.43018,5.43132,2.25,3.00
2011.06.10 11:32:15.889,5.43008,5.43112,3.00,2.25
2011.06.10 11:32:16.346,5.43008,5.43112,2.25,3.00
2011.06.10 11:32:16.457,5.42977,5.43083,3.00,2.25
2011.06.10 11:32:18.667,5.42977,5.43083,2.63,2.25
2011.06.10 11:32:20.570,5.42977,5.43083,2.25,2.25
2011.06.10 11:32:20.906,5.42977,5.43083,3.00,2.25
2011.06.10 11:32:21.016,5.43007,5.43113,2.25,2.25
2011.06.10 11:32:21.811,5.43007,5.43113,2.25,3.00
2011.06.10 11:32:22.037,5.42978,5.43092,2.63,2.25
2011.06.10 11:32:23.686,5.42978,5.43092,2.25,2.25
2011.06.10 11:32:25.486,5.42968,5.43072,2.25,2.25
2011.06.10 11:32:28.003,5.42947,5.43053,2.25,2.25
2011.06.10 11:32:28.228,5.42948,5.431,2.25,1.20
2011.06.10 11:32:28.337,5.42967,5.431,2.25,1.20
2011.06.10 11:32:29.238,5.42967,5.43092,2.25,1.20
2011.06.10 11:32:34.508,5.42967,5.43092,2.25,1.20
2011.06.10 11:32:34.837,5.42988,5.43099,2.25,1.20
2011.06.10 11:32:35.166,5.42988,5.43099,2.25,1.20
2011.06.10 11:32:35.277,5.42968,5.43092,2.25,1.20
2011.06.10 11:32:35.497,5.42978,5.43092,2.25,1.20
2011.06.10 11:32:36.557,5.42978,5.43092,2.25,1.20
2011.06.10 11:32:36.666,5.42967,5.43092,2.25,1.20
2011.06.10 11:32:37.498,5.42967,5.43082,2.25,1.72
2011.06.10 11:32:39.746,5.42967,5.43082,2.25,1.50
2011.06.10 11:32:41.590,5.42967,5.43092,2.25,1.20
2011.06.10 11:32:42.628,5.42967,5.43092,2.25,1.20
2011.06.10 11:32:45.189,5.42957,5.43083,2.25,1.72
2011.06.10 11:32:46.366,5.42957,5.43083,2.25,1.72
2011.06.10 11:32:53.417,5.42957,5.43085,2.25,1.20
2011.06.10 11:32:53.955,5.42958,5.43083,2.25,1.72
2011.06.10 11:32:54.667,5.42958,5.43085,2.25,1.20
2011.06.10 11:32:55.667,5.42958,5.43082,2.25,1.72
2011.06.10 11:32:55.997,5.42948,5.43082,2.25,1.72
2011.06.10 11:32:56.790,5.42948,5.43071,2.25,1.20
2011.06.10 11:32:58.090,5.42957,5.43075,2.63,1.20
2011.06.10 11:32:58.208,5.42988,5.431,2.25,1.42
2011.06.10 11:32:58.428,5.42988,5.43121,2.25,1.73
2011.06.10 11:32:58.540,5.42947,5.43123,1.50,1.20
2011.06.10 11:32:59.179,5.42938,5.43122,1.35,1.72
2011.06.10 11:32:59.304,5.42988,5.43113,2.25,1.20
2011.06.10 11:32:59.530,5.42988,5.43124,2.63,1.20
2011.06.10 11:32:59.647,5.42998,5.43124,2.25,1.20
2011.06.10 11:33:00.087,5.42988,5.43125,2.25,1.20
2011.06.10 11:33:00.197,5.42988,5.43123,2.25,1.72
2011.06.10 11:33:00.528,5.42988,5.43116,2.25,1.20
2011.06.10 11:33:00.637,5.42997,5.43112,2.25,1.57
2011.06.10 11:33:00.747,5.42968,5.43112,2.25,1.57
2011.06.10 11:33:01.689,5.42957,5.43088,2.25,1.20
2011.06.10 11:33:02.192,5.42957,5.43088,2.25,1.20
2011.06.10 11:33:02.527,5.42958,5.43088,2.25,1.20
2011.06.10 11:33:02.638,5.42967,5.43088,2.25,1.20
2011.06.10 11:33:03.297,5.42967,5.43088,2.25,1.20
2011.06.10 11:33:03.407,5.42967,5.43088,2.25,1.20
2011.06.10 11:33:03.517,5.42957,5.43084,2.25,1.20
2011.06.10 11:33:03.627,5.42967,5.43084,2.25,1.20
2011.06.10 11:33:04.277,5.42957,5.43083,2.25,1.20
2011.06.10 11:33:04.500,5.42957,5.43083,2.25,1.95
2011.06.10 11:33:04.727,5.42948,5.43075,2.25,1.20
2011.06.10 11:33:05.357,5.42948,5.43075,2.25,1.20
2011.06.10 11:33:05.467,5.42957,5.43083,2.25,1.20
2011.06.10 11:33:05.577,5.42958,5.43083,2.25,1.20
2011.06.10 11:33:05.687,5.42978,5.43083,2.25,1.20
2011.06.10 11:33:06.017,5.42978,5.43095,2.25,1.20
2011.06.10 11:33:06.929,5.42978,5.43095,2.25,1.20
2011.06.10 11:33:07.046,5.42967,5.43095,2.25,1.20
2011.06.10 11:33:07.157,5.42977,5.43095,2.25,1.20
2011.06.10 11:33:07.377,5.42977,5.43103,2.25,1.20
2011.06.10 11:33:07.816,5.42997,5.43112,2.25,1.35
2011.06.10 11:33:08.257,5.43007,5.43122,2.25,1.20
2011.06.10 11:33:08.588,5.43007,5.43112,2.25,1.50
2011.06.10 11:33:08.698,5.42968,5.43102,2.25,1.20
2011.06.10 11:33:08.918,5.42948,5.43092,2.25,1.73
2011.06.10 11:33:09.562,5.42967,5.43093,2.25,1.20
2011.06.10 11:33:09.678,5.42967,5.43093,2.25,1.20
2011.06.10 11:33:09.899,5.42967,5.43104,3.00,1.20
2011.06.10 11:33:10.008,5.42967,5.43114,3.00,1.35
2011.06.10 11:33:10.117,5.43008,5.43114,2.25,1.35
2011.06.10 11:33:11.345,5.42997,5.43114,2.25,1.35
2011.06.10 11:33:11.456,5.42997,5.43112,2.25,1.50
2011.06.10 11:33:11.787,5.42997,5.43132,2.25,1.20
2011.06.10 11:33:12.222,5.43017,5.43132,2.25,1.20
2011.06.10 11:33:12.341,5.42977,5.43114,3.00,1.20
2011.06.10 11:33:12.570,5.43007,5.43131,2.25,1.20
2011.06.10 11:33:12.676,5.43007,5.43131,2.25,1.20
2011.06.10 11:33:13.117,5.43007,5.43131,2.25,1.20
2011.06.10 11:33:13.337,5.42977,5.43106,2.25,1.20
2011.06.10 11:33:13.777,5.42968,5.43106,2.25,1.20
2011.06.10 11:33:14.612,5.42967,5.43092,2.25,1.20
2011.06.10 11:33:14.877,5.42967,5.43092,3.00,1.20
2011.06.10 11:33:15.405,5.42987,5.43113,2.25,2.33
2011.06.10 11:33:15.957,5.42987,5.43113,2.25,1.58
2011.06.10 11:33:16.178,5.42998,5.43123,2.25,1.95
2011.06.10 11:33:17.266,5.42998,5.43123,2.25,1.20
2011.06.10 11:33:17.486,5.42987,5.43122,2.25,1.73
2011.06.10 11:33:19.006,5.42997,5.43122,2.25,1.73
2011.06.10 11:33:19.226,5.42978,5.43118,2.25,1.20
2011.06.10 11:33:19.666,5.42978,5.43101,2.25,1.20
2011.06.10 11:33:19.997,5.42998,5.4311,2.25,1.20
2011.06.10 11:33:21.352,5.42977,5.43103,2.25,1.20
2011.06.10 11:33:22.127,5.42958,5.43092,2.25,1.73
2011.06.10 11:33:22.458,5.42958,5.43063,2.25,1.73
2011.06.10 11:33:22.567,5.42937,5.43072,2.25,1.73
2011.06.10 11:33:22.677,5.42937,5.43067,3.00,1.20
2011.06.10 11:33:22.789,5.42927,5.43082,3.00,1.35
2011.06.10 11:33:23.007,5.42919,5.43087,1.35,1.20
2011.06.10 11:33:24.207,5.42919,5.43092,1.35,1.20
2011.06.10 11:33:24.538,5.42957,5.43093,2.25,1.20
2011.06.10 11:33:25.927,5.42948,5.43084,2.25,1.20
2011.06.10 11:33:26.767,5.42957,5.43081,2.25,1.20
2011.06.10 11:33:27.537,5.42957,5.43081,2.25,1.20
2011.06.10 11:33:27.646,5.42947,5.43081,2.25,1.20
2011.06.10 11:33:33.646,5.42947,5.4307,2.25,1.20
2011.06.10 11:33:33.977,5.42947,5.4307,2.25,1.20
2011.06.10 11:33:34.087,5.42957,5.4308,2.25,1.20
2011.06.10 11:33:35.090,5.42968,5.4308,2.25,1.20
2011.06.10 11:33:35.627,5.42968,5.43088,2.25,1.20
2011.06.10 11:33:35.846,5.42977,5.43088,2.25,1.20
2011.06.10 11:33:36.629,5.42977,5.43088,2.25,1.20
2011.06.10 11:33:39.485,5.42977,5.43088,2.25,1.20
2011.06.10 11:33:39.707,5.42977,5.43103,3.00,1.20
2011.06.10 11:33:39.819,5.42977,5.43113,2.25,1.20
2011.06.10 11:33:39.928,5.42988,5.43126,2.25,1.20
2011.06.10 11:33:40.476,5.42987,5.43113,2.25,1.20
2011.06.10 11:33:41.586,5.42987,5.43113,2.25,1.20
2011.06.10 11:33:42.323,5.42988,5.43113,2.25,1.20
2011.06.10 11:33:42.877,5.42987,5.43113,2.25,1.20
2011.06.10 11:33:50.088,5.42987,5.43113,2.25,1.20
2011.06.10 11:33:50.197,5.42987,5.43125,2.25,1.20
2011.06.10 11:33:50.526,5.42998,5.43125,2.25,1.20
2011.06.10 11:33:51.263,5.42997,5.43113,2.25,1.20
2011.06.10 11:33:52.368,5.42997,5.43119,2.25,1.20
2011.06.10 11:33:53.270,5.42997,5.43119,2.25,1.20
2011.06.10 11:33:53.616,5.42987,5.43113,2.25,1.20
2011.06.10 11:33:53.726,5.42987,5.43113,2.25,1.20
2011.06.10 11:33:54.166,5.42998,5.4312,2.25,1.20
2011.06.10 11:33:57.427,5.42998,5.43121,2.25,1.20
2011.06.10 11:33:57.971,5.43007,5.43127,2.25,1.20
2011.06.10 11:33:58.200,5.43007,5.43127,2.25,1.20
2011.06.10 11:33:58.426,5.43018,5.43127,2.25,1.20
2011.06.10 11:33:58.757,5.43018,5.43127,2.25,1.20
2011.06.10 11:33:58.977,5.42998,5.43127,2.25,1.20
2011.06.10 11:34:01.098,5.42998,5.43127,2.25,1.20
2011.06.10 11:34:02.538,5.42998,5.43116,2.25,1.20
2011.06.10 11:34:02.758,5.42987,5.43129,2.63,1.20
2011.06.10 11:34:03.118,5.42952,5.43129,1.50,1.20
2011.06.10 11:34:07.579,5.42948,5.43122,1.50,1.20
2011.06.10 11:34:10.008,5.42948,5.43122,1.50,1.20
2011.06.10 11:34:10.666,5.42998,5.43122,2.25,1.20
2011.06.10 11:34:11.310,5.42998,5.43122,2.25,1.20
2011.06.10 11:34:12.098,5.42997,5.43122,2.25,1.20
2011.06.10 11:34:12.960,5.43007,5.43122,2.25,1.20
2011.06.10 11:34:13.376,5.43007,5.43122,2.25,1.20
2011.06.10 11:34:13.486,5.43007,5.43122,2.25,1.20
2011.06.10 11:34:16.856,5.43007,5.4313,2.25,1.20
2011.06.10 11:34:17.187,5.43037,5.43139,2.25,1.20
2011.06.10 11:34:17.297,5.43037,5.43143,2.25,1.20
2011.06.10 11:34:17.407,5.43037,5.4315,2.25,1.20
2011.06.10 11:34:17.517,5.43047,5.4315,2.25,1.20
2011.06.10 11:34:21.059,5.43047,5.4316,2.25,1.20
2011.06.10 11:34:21.336,5.43047,5.4316,2.25,1.20
2011.06.10 11:34:22.112,5.43038,5.4316,2.25,1.20
2011.06.10 11:34:22.339,5.43027,5.4316,2.25,1.20
2011.06.10 11:34:22.560,5.43018,5.43149,2.25,1.20
2011.06.10 11:34:22.778,5.43018,5.43149,2.25,1.20
2011.06.10 11:34:22.888,5.43028,5.43149,2.25,1.20
2011.06.10 11:34:23.217,5.43018,5.43149,2.25,1.20
2011.06.10 11:34:23.440,5.43007,5.43142,2.25,1.20
2011.06.10 11:34:23.777,5.43017,5.43142,2.25,1.20
2011.06.10 11:34:24.108,5.43028,5.43149,2.25,1.20
2011.06.10 11:34:24.684,5.43027,5.43149,2.25,1.20
2011.06.10 11:34:24.906,5.42977,5.43112,2.25,1.35
2011.06.10 11:34:25.237,5.42968,5.43112,2.25,1.57
2011.06.10 11:34:26.256,5.42958,5.43102,2.25,1.20
2011.06.10 11:34:26.518,5.42958,5.43127,3.00,1.20
2011.06.10 11:34:26.737,5.43008,5.43134,2.25,1.20
2011.06.10 11:34:27.176,5.43008,5.43134,2.63,1.20
2011.06.10 11:34:27.286,5.43028,5.43134,2.25,1.20
2011.06.10 11:34:27.617,5.43028,5.43147,2.25,1.57
2011.06.10 11:34:28.056,5.43028,5.43147,2.25,1.35
2011.06.10 11:34:28.386,5.43018,5.43147,2.25,1.35
2011.06.10 11:34:30.187,5.43018,5.43147,2.25,1.35
2011.06.10 11:34:32.030,5.43018,5.43147,2.25,1.57
2011.06.10 11:34:32.369,5.42977,5.43114,2.25,1.35
2011.06.10 11:34:33.316,5.42977,5.43114,2.25,1.58
2011.06.10 11:34:35.406,5.42977,5.43128,3.00,1.20
2011.06.10 11:34:35.517,5.43028,5.43145,2.25,4.50
2011.06.10 11:34:36.307,5.43028,5.43164,2.25,1.58
2011.06.10 11:34:36.527,5.43007,5.43143,2.25,1.20
2011.06.10 11:34:36.967,5.43017,5.43143,2.25,1.20
2011.06.10 11:34:37.586,5.43017,5.43143,2.25,1.20
2011.06.10 11:34:37.697,5.42988,5.4312,2.25,1.35
2011.06.10 11:34:37.919,5.42978,5.4312,2.25,1.35
2011.06.10 11:34:39.296,5.42978,5.4312,2.25,1.35
2011.06.10 11:34:40.977,5.42978,5.43136,3.00,1.73
2011.06.10 11:34:41.089,5.43018,5.43121,2.25,1.35
2011.06.10 11:34:41.197,5.42978,5.43121,2.25,1.35
2011.06.10 11:34:42.077,5.42978,5.43121,2.63,1.58
2011.06.10 11:34:42.297,5.42998,5.43121,2.25,1.35
2011.06.10 11:34:42.626,5.43008,5.43121,2.25,1.35
2011.06.10 11:34:43.686,5.43008,5.43121,2.25,1.35
2011.06.10 11:34:44.437,5.43018,5.43121,2.25,1.35
2011.06.10 11:34:45.087,5.43008,5.4316,3.00,1.20
2011.06.10 11:34:45.306,5.43047,5.43167,2.25,1.20
2011.06.10 11:34:45.417,5.43047,5.43167,2.25,1.20
2011.06.10 11:34:45.637,5.43047,5.43167,2.25,1.20
2011.06.10 11:34:48.585,5.43047,5.43167,2.63,1.20
2011.06.10 11:34:49.313,5.43047,5.43167,2.25,1.20
2011.06.10 11:34:49.647,5.43028,5.43155,2.63,1.20
2011.06.10 11:34:49.757,5.43028,5.43152,2.25,1.57
2011.06.10 11:34:49.866,5.43017,5.43152,2.25,1.57
2011.06.10 11:34:50.086,5.43008,5.43138,3.00,1.20
2011.06.10 11:34:51.005,5.43017,5.43138,2.25,1.20
2011.06.10 11:34:52.686,5.43017,5.43138,2.25,1.20
2011.06.10 11:34:52.797,5.42998,5.43132,2.25,1.20
2011.06.10 11:34:52.909,5.43007,5.43132,2.25,1.20
2011.06.10 11:34:55.328,5.43007,5.43124,2.25,1.20
2011.06.10 11:34:55.439,5.43007,5.43124,2.25,1.20
2011.06.10 11:34:55.657,5.42987,5.43124,2.63,1.20
2011.06.10 11:34:57.537,5.42987,5.43117,2.25,1.58
2011.06.10 11:34:57.650,5.42978,5.43117,3.00,1.58
2011.06.10 11:34:58.657,5.42978,5.43108,2.25,1.20
2011.06.10 11:34:58.985,5.42968,5.43108,2.25,1.20
2011.06.10 11:35:01.047,5.42968,5.43106,3.00,1.20
2011.06.10 11:35:02.318,5.42978,5.43115,3.00,1.20
2011.06.10 11:35:04.450,5.42978,5.43115,3.00,1.20
2011.06.10 11:35:05.007,5.42988,5.43115,2.25,1.20
2011.06.10 11:35:06.276,5.42988,5.43115,2.63,1.20
2011.06.10 11:35:09.133,5.42987,5.43115,2.25,1.20
2011.06.10 11:35:11.529,5.42987,5.43115,2.25,1.20
2011.06.10 11:35:11.965,5.42997,5.43117,2.25,1.35
2011.06.10 11:35:12.608,5.42998,5.43117,2.25,1.35
2011.06.10 11:35:12.827,5.43007,5.43132,2.25,1.20
2011.06.10 11:35:13.959,5.43007,5.43133,2.25,1.20
2011.06.10 11:35:14.397,5.43007,5.43139,2.25,1.20
2011.06.10 11:35:14.509,5.43017,5.43139,2.25,1.20
2011.06.10 11:35:15.406,5.43017,5.43139,2.25,1.20
2011.06.10 11:35:19.556,5.43017,5.43139,2.25,1.20
2011.06.10 11:35:19.888,5.43027,5.43139,2.25,1.20
2011.06.10 11:35:20.432,5.43038,5.43151,2.25,1.57
2011.06.10 11:35:21.098,5.43027,5.43151,2.25,1.57
2011.06.10 11:35:22.037,5.43027,5.43156,2.25,1.05
2011.06.10 11:35:22.149,5.43027,5.43156,2.25,1.20
2011.06.10 11:35:22.257,5.43018,5.43163,2.25,1.57
2011.06.10 11:35:22.367,5.43018,5.43148,2.25,1.20
2011.06.10 11:35:22.696,5.43028,5.43148,2.25,1.20
2011.06.10 11:35:23.278,5.43038,5.43154,2.25,1.20
2011.06.10 11:35:23.388,5.43028,5.43154,2.25,1.20
2011.06.10 11:35:23.609,5.43028,5.43167,2.63,1.35
2011.06.10 11:35:23.727,5.43048,5.43167,2.25,1.35
2011.06.10 11:35:24.882,5.43048,5.43132,2.25,4.50
2011.06.10 11:35:25.001,5.42996,5.43139,1.50,4.72
2011.06.10 11:35:26.186,5.4297,5.43143,1.50,4.72
2011.06.10 11:35:26.407,5.43038,5.43147,2.25,1.20
2011.06.10 11:35:26.517,5.43038,5.43147,2.25,1.20
2011.06.10 11:35:26.627,5.43038,5.4315,2.25,1.20
2011.06.10 11:35:26.848,5.43057,5.43166,2.25,1.20
2011.06.10 11:35:28.365,5.43057,5.43166,2.25,1.20
2011.06.10 11:35:30.206,5.43057,5.43166,2.25,1.20
2011.06.10 11:35:31.727,5.43057,5.43166,2.25,1.20
2011.06.10 11:35:33.466,5.43068,5.43175,2.25,1.20
2011.06.10 11:35:35.447,5.43068,5.43187,2.25,1.20
2011.06.10 11:35:35.556,5.43067,5.43187,2.25,1.20
2011.06.10 11:35:35.778,5.43067,5.4321,3.00,1.20
2011.06.10 11:35:35.997,5.43098,5.43243,3.00,1.20
2011.06.10 11:35:39.173,5.43067,5.43243,1.50,1.20
2011.06.10 11:35:39.506,5.43108,5.43243,2.25,1.20
2011.06.10 11:35:40.427,5.43108,5.43243,2.25,1.20
2011.06.10 11:35:40.536,5.43118,5.43243,2.25,1.20
2011.06.10 11:35:41.248,5.43117,5.43243,2.25,1.20
2011.06.10 11:35:41.356,5.43107,5.43243,2.25,1.20
2011.06.10 11:35:43.117,5.43107,5.43243,2.25,1.20
2011.06.10 11:35:43.337,5.43107,5.43254,3.00,1.20
2011.06.10 11:35:43.557,5.43117,5.43254,2.25,1.20
2011.06.10 11:35:44.297,5.43117,5.43254,2.25,1.20
2011.06.10 11:35:44.626,5.43138,5.43255,2.25,1.20
2011.06.10 11:35:44.736,5.43117,5.43255,2.25,1.20
2011.06.10 11:35:46.002,5.43117,5.43255,2.25,1.20
2011.06.10 11:35:47.516,5.43108,5.43255,2.25,1.20
2011.06.10 11:35:49.248,5.43108,5.43255,2.25,1.20
2011.06.10 11:35:50.549,5.43108,5.43255,2.25,1.20
2011.06.10 11:35:50.878,5.43108,5.43211,2.25,1.58
2011.06.10 11:35:50.990,5.43035,5.43202,1.50,1.72
2011.06.10 11:35:51.110,5.43016,5.43193,1.50,1.95
2011.06.10 11:35:51.465,5.43048,5.43192,2.25,1.20
2011.06.10 11:35:51.798,5.43058,5.43192,2.25,1.20
2011.06.10 11:35:52.311,5.43058,5.43192,2.25,1.20
2011.06.10 11:35:52.537,5.43067,5.43192,2.25,1.20
2011.06.10 11:35:53.978,5.43067,5.43192,2.25,1.20
2011.06.10 11:35:54.527,5.43057,5.43192,2.25,1.95
2011.06.10 11:35:55.146,5.43057,5.43192,2.25,1.95
2011.06.10 11:35:55.477,5.43048,5.43179,2.25,1.20
2011.06.10 11:35:57.096,5.43048,5.43179,2.25,1.20
2011.06.10 11:35:57.477,5.43058,5.43179,2.25,1.20
2011.06.10 11:35:58.279,5.43058,5.43188,2.25,1.20
2011.06.10 11:35:59.488,5.43058,5.43188,2.25,1.20
2011.06.10 11:36:00.509,5.43057,5.43188,2.25,1.20
2011.06.10 11:36:00.767,5.43057,5.43188,2.63,1.20
2011.06.10 11:36:00.878,5.43067,5.43188,2.25,1.20
2011.06.10 11:36:01.097,5.43077,5.43232,3.00,1.20
2011.06.10 11:36:01.318,5.43058,5.43232,1.50,1.20
2011.06.10 11:36:01.538,5.4307,5.43251,1.50,1.35
2011.06.10 11:36:01.973,5.43118,5.43251,2.25,1.57
2011.06.10 11:36:02.897,5.43127,5.43251,2.25,1.57
2011.06.10 11:36:03.225,5.43127,5.43271,2.25,1.20
2011.06.10 11:36:03.558,5.43127,5.43271,3.00,1.20
2011.06.10 11:36:03.887,5.43148,5.43285,2.25,1.20
2011.06.10 11:36:04.547,5.43168,5.4329,2.25,1.35
2011.06.10 11:36:05.567,5.43158,5.4329,2.25,1.35
2011.06.10 11:36:07.301,5.43158,5.4329,2.25,1.35
2011.06.10 11:36:07.936,5.43168,5.4329,2.25,1.35
2011.06.10 11:36:08.267,5.43168,5.4329,2.25,1.35
2011.06.10 11:36:09.043,5.43158,5.4329,2.25,1.35
2011.06.10 11:36:09.377,5.43158,5.4329,2.25,1.35
2011.06.10 11:36:09.487,5.43167,5.4329,2.25,1.35
2011.06.10 11:36:10.736,5.43167,5.4329,2.25,1.35
2011.06.10 11:36:10.957,5.43158,5.4329,2.25,1.58
2011.06.10 11:36:11.067,5.43147,5.4329,2.25,1.58
2011.06.10 11:36:11.548,5.43147,5.4329,3.00,1.58
2011.06.10 11:36:11.656,5.43168,5.4329,2.25,1.58
2011.06.10 11:36:12.899,5.43168,5.4332,2.25,1.73
2011.06.10 11:36:14.322,5.43168,5.4332,2.25,1.73
2011.06.10 11:36:14.436,5.43137,5.43312,2.25,1.73
2011.06.10 11:36:14.767,5.43137,5.43287,2.25,2.33
2011.06.10 11:36:15.097,5.43108,5.43252,2.25,1.57
2011.06.10 11:36:16.456,5.43108,5.43252,2.25,1.80
2011.06.10 11:36:17.387,5.43108,5.43252,2.25,1.80
2011.06.10 11:36:17.727,5.43127,5.43252,2.25,1.80
2011.06.10 11:36:19.156,5.43127,5.43252,2.25,1.57
2011.06.10 11:36:19.378,5.43117,5.43252,2.25,1.57
2011.06.10 11:36:20.309,5.43117,5.43242,2.25,1.20
2011.06.10 11:36:20.747,5.43058,5.43232,1.50,1.20
2011.06.10 11:36:22.637,5.43087,5.43241,1.50,1.20
2011.06.10 11:36:22.966,5.43128,5.43252,2.25,1.35
2011.06.10 11:36:23.408,5.43128,5.43252,2.25,1.35
2011.06.10 11:36:24.568,5.43128,5.43262,2.63,1.20
2011.06.10 11:36:24.680,5.43128,5.43264,2.25,1.20
2011.06.10 11:36:24.792,5.43117,5.43262,2.63,1.20
2011.06.10 11:36:25.017,5.43128,5.43262,2.25,1.20
2011.06.10 11:36:26.334,5.43128,5.43266,2.25,1.20
2011.06.10 11:36:26.667,5.43137,5.43266,2.25,1.20
2011.06.10 11:36:26.887,5.43097,5.43234,2.25,1.20
2011.06.10 11:36:29.946,5.43097,5.43234,2.25,1.20
2011.06.10 11:36:33.517,5.43088,5.43234,2.25,1.20
2011.06.10 11:36:34.055,5.43087,5.43223,2.63,1.20
2011.06.10 11:36:34.749,5.43088,5.43223,2.25,1.20
2011.06.10 11:36:35.897,5.43087,5.43223,2.25,1.20
2011.06.10 11:36:36.977,5.43098,5.43222,2.25,1.20
2011.06.10 11:36:39.536,5.43098,5.43222,2.25,1.20
2011.06.10 11:36:40.226,5.43098,5.43222,2.25,1.20
2011.06.10 11:36:40.559,5.43077,5.43222,2.25,1.95
2011.06.10 11:36:41.353,5.43077,5.43222,3.00,1.20
2011.06.10 11:36:41.473,5.43097,5.43222,2.25,1.20
2011.06.10 11:36:41.946,5.43087,5.43222,2.25,1.20
2011.06.10 11:36:42.168,5.43087,5.43222,2.25,1.20
2011.06.10 11:36:42.279,5.43067,5.4321,2.25,1.57
2011.06.10 11:36:42.496,5.43057,5.43202,2.63,1.20
2011.06.10 11:36:42.608,5.43068,5.43202,2.25,1.20
2011.06.10 11:36:42.938,5.43068,5.4321,2.63,1.57
2011.06.10 11:36:43.157,5.43088,5.4321,2.25,1.57
2011.06.10 11:36:44.283,5.43088,5.4321,2.25,1.57
2011.06.10 11:36:45.066,5.43087,5.4321,2.25,1.35
2011.06.10 11:36:45.287,5.43087,5.4321,2.25,1.35
2011.06.10 11:36:45.619,5.43077,5.4321,2.25,1.80
2011.06.10 11:36:45.727,5.43068,5.4321,2.25,1.80
2011.06.10 11:36:45.948,5.43057,5.4321,2.25,1.80
2011.06.10 11:36:46.501,5.43058,5.43192,2.25,1.20
2011.06.10 11:36:46.728,5.43057,5.43194,3.00,1.20
2011.06.10 11:36:46.951,5.43058,5.4321,1.50,1.57
2011.06.10 11:36:47.399,5.43058,5.43222,1.50,1.20
2011.06.10 11:36:49.556,5.43058,5.43222,1.50,1.20
2011.06.10 11:36:49.777,5.43067,5.43231,1.50,1.20
2011.06.10 11:36:50.107,5.43098,5.43231,2.25,1.20
2011.06.10 11:36:50.327,5.43098,5.43231,2.25,1.20
2011.06.10 11:36:50.439,5.43098,5.43228,2.25,1.20
2011.06.10 11:36:50.766,5.43038,5.43196,1.50,1.20
2011.06.10 11:36:51.318,5.43047,5.43196,1.50,1.20
2011.06.10 11:36:51.430,5.43088,5.43212,2.25,1.20
2011.06.10 11:36:51.868,5.43077,5.43212,2.63,1.20
2011.06.10 11:36:52.089,5.43077,5.43228,2.25,1.20
2011.06.10 11:36:52.307,5.43051,5.43228,1.50,1.20
2011.06.10 11:36:53.076,5.43067,5.43223,1.50,1.20
2011.06.10 11:36:53.407,5.43088,5.43231,2.25,1.20
2011.06.10 11:36:53.736,5.43098,5.43231,2.25,1.20
2011.06.10 11:36:54.353,5.43097,5.43231,2.25,1.20
2011.06.10 11:36:54.577,5.43097,5.43231,2.63,1.20
2011.06.10 11:36:54.797,5.43108,5.4323,2.25,1.20
2011.06.10 11:36:55.469,5.43097,5.4323,2.25,1.20
2011.06.10 11:36:55.996,5.43107,5.4323,2.25,1.20
2011.06.10 11:36:56.107,5.43107,5.4323,2.25,1.20
2011.06.10 11:36:56.998,5.43097,5.4323,2.25,1.20
2011.06.10 11:36:57.437,5.43107,5.4323,2.25,1.20
2011.06.10 11:36:58.837,5.43107,5.4323,2.25,1.20
2011.06.10 11:36:58.947,5.43098,5.4323,2.25,1.20
2011.06.10 11:36:59.510,5.43097,5.43231,2.25,1.20
2011.06.10 11:36:59.617,5.43097,5.43231,3.00,1.20
2011.06.10 11:36:59.947,5.43107,5.43264,3.00,1.20
2011.06.10 11:37:00.057,5.43138,5.43264,2.25,1.20
2011.06.10 11:37:00.607,5.43147,5.4327,2.25,1.20
2011.06.10 11:37:01.308,5.43138,5.4327,2.25,1.20
2011.06.10 11:37:01.747,5.43147,5.4327,2.25,1.20
2011.06.10 11:37:02.531,5.43147,5.4327,2.25,1.20
2011.06.10 11:37:03.218,5.43148,5.43279,2.25,1.20
2011.06.10 11:37:03.439,5.43148,5.43279,2.25,1.20
2011.06.10 11:37:03.883,5.43147,5.43243,2.25,1.58
2011.06.10 11:37:04.001,5.43107,5.43233,2.25,1.73
2011.06.10 11:37:04.231,5.4305,5.43205,1.29,1.58
2011.06.10 11:37:04.347,5.43017,5.43202,1.50,1.20
2011.06.10 11:37:04.678,5.43057,5.43234,1.50,1.20
2011.06.10 11:37:04.787,5.43057,5.43242,1.50,1.20
2011.06.10 11:37:05.448,5.43083,5.4326,1.50,1.20
2011.06.10 11:37:06.022,5.43127,5.43262,2.25,1.20
2011.06.10 11:37:06.677,5.43137,5.43262,2.25,1.20
2011.06.10 11:37:06.787,5.43137,5.43262,2.25,1.20
2011.06.10 11:37:07.010,5.43137,5.43262,2.25,1.20
2011.06.10 11:37:07.239,5.43068,5.43229,1.13,1.58
2011.06.10 11:37:07.459,5.43042,5.43217,1.50,1.20
2011.06.10 11:37:07.787,5.43019,5.43211,1.35,1.20
2011.06.10 11:37:07.898,5.43019,5.43196,1.35,1.20
2011.06.10 11:37:09.168,5.43052,5.43227,1.50,1.20
2011.06.10 11:37:09.608,5.43118,5.43229,2.25,1.57
2011.06.10 11:37:10.418,5.43118,5.43229,2.25,1.57
2011.06.10 11:37:10.527,5.43097,5.43229,2.25,1.57
2011.06.10 11:37:10.637,5.43088,5.43229,2.25,1.57
2011.06.10 11:37:10.859,5.43067,5.43222,2.25,1.72
2011.06.10 11:37:11.187,5.43078,5.43203,2.25,1.20
2011.06.10 11:37:11.408,5.43087,5.4321,2.25,1.20
2011.06.10 11:37:12.770,5.43087,5.43212,3.00,1.20
2011.06.10 11:37:12.891,5.43107,5.43208,2.25,1.20
2011.06.10 11:37:13.010,5.43055,5.43229,1.50,1.57
2011.06.10 11:37:13.127,5.43057,5.43229,1.50,1.57
2011.06.10 11:37:14.257,5.43077,5.43229,1.50,1.57
2011.06.10 11:37:15.456,5.43067,5.43229,1.50,1.57
2011.06.10 11:37:15.936,5.43066,5.43231,1.50,1.20
2011.06.10 11:37:16.157,5.43117,5.43262,3.00,1.20
2011.06.10 11:37:16.267,5.43127,5.43262,2.25,1.20
2011.06.10 11:37:16.716,5.43137,5.43262,2.25,1.20
2011.06.10 11:37:17.696,5.43137,5.43262,2.25,1.20
2011.06.10 11:37:18.245,5.43138,5.43262,2.25,1.20
2011.06.10 11:37:19.189,5.43138,5.43262,2.25,1.20
2011.06.10 11:37:19.517,5.43148,5.43272,2.25,1.20
2011.06.10 11:37:20.283,5.43148,5.43273,3.00,1.20
2011.06.10 11:37:20.403,5.43148,5.43295,3.00,1.73
2011.06.10 11:37:20.519,5.43167,5.43303,2.25,1.20
2011.06.10 11:37:20.848,5.43177,5.43303,2.25,1.20
2011.06.10 11:37:20.960,5.43168,5.43303,2.25,1.20
2011.06.10 11:37:21.189,5.43177,5.43305,2.25,1.20
2011.06.10 11:37:21.519,5.43188,5.43305,2.25,1.20
2011.06.10 11:37:22.627,5.43188,5.43313,2.25,1.20
2011.06.10 11:37:23.398,5.43178,5.43313,2.25,1.20
2011.06.10 11:37:24.428,5.43178,5.43313,2.25,1.20
2011.06.10 11:37:26.679,5.43188,5.43313,2.25,1.20
2011.06.10 11:37:27.450,5.43188,5.43313,2.25,1.20
2011.06.10 11:37:27.787,5.43177,5.43313,2.25,1.20
2011.06.10 11:37:31.448,5.43177,5.43313,2.25,1.20
2011.06.10 11:37:31.889,5.43177,5.43313,2.25,1.20
2011.06.10 11:37:31.998,5.43157,5.43303,2.25,1.20
2011.06.10 11:37:32.108,5.43148,5.43303,2.25,1.20
2011.06.10 11:37:32.656,5.43148,5.43283,2.25,1.20
2011.06.10 11:37:32.987,5.43138,5.43269,2.25,1.20
2011.06.10 11:37:33.426,5.43148,5.43269,2.25,1.20
2011.06.10 11:37:33.647,5.43148,5.4327,3.00,1.20
2011.06.10 11:37:33.756,5.43167,5.43277,2.25,1.57
2011.06.10 11:37:33.868,5.43167,5.43277,2.25,1.35
2011.06.10 11:37:34.747,5.43178,5.43303,2.25,1.20
2011.06.10 11:37:35.557,5.43178,5.43303,2.25,1.20
2011.06.10 11:37:36.130,5.43187,5.43309,2.25,1.57
2011.06.10 11:37:36.556,5.43187,5.43308,2.25,1.20
2011.06.10 11:37:36.777,5.43178,5.43307,2.25,1.20
2011.06.10 11:37:36.886,5.43167,5.43307,2.25,1.20
2011.06.10 11:37:36.996,5.43158,5.43307,3.00,1.20
2011.06.10 11:37:37.457,5.43158,5.43307,2.25,1.20
2011.06.10 11:37:37.787,5.43167,5.43298,2.25,1.20
2011.06.10 11:37:37.898,5.43167,5.43298,2.25,1.20
2011.06.10 11:37:38.338,5.43178,5.43305,2.25,1.20
2011.06.10 11:37:38.839,5.43177,5.43305,2.25,1.20
2011.06.10 11:37:39.480,5.43177,5.43305,2.25,1.20
2011.06.10 11:37:39.817,5.43168,5.43305,2.63,1.20
2011.06.10 11:37:40.502,5.43177,5.43305,2.25,1.20
2011.06.10 11:37:41.609,5.43177,5.43305,2.63,1.20
2011.06.10 11:37:42.907,5.43168,5.43305,2.63,1.20
2011.06.10 11:37:43.017,5.43178,5.43305,2.25,1.20
2011.06.10 11:37:43.640,5.43178,5.43305,3.00,1.20
2011.06.10 11:37:43.757,5.43187,5.43305,2.25,1.20
2011.06.10 11:37:44.086,5.43198,5.43323,2.25,1.20
2011.06.10 11:37:44.528,5.43187,5.43323,2.25,1.95
2011.06.10 11:37:44.747,5.43177,5.43322,2.25,1.20
2011.06.10 11:37:46.528,5.43177,5.43322,2.25,1.20
2011.06.10 11:37:47.082,5.43198,5.43328,2.25,1.20
2011.06.10 11:37:47.458,5.43187,5.43322,2.25,1.72
2011.06.10 11:37:48.037,5.43178,5.43322,2.25,1.95
2011.06.10 11:37:48.449,5.43178,5.43322,2.25,1.95
2011.06.10 11:37:48.781,5.43178,5.43322,3.00,1.20
2011.06.10 11:37:49.008,5.43198,5.43327,2.25,1.20
2011.06.10 11:37:49.557,5.43197,5.43327,2.25,1.20
2011.06.10 11:37:50.447,5.43197,5.43327,2.25,1.20
2011.06.10 11:37:50.796,5.43187,5.43327,2.25,1.20
2011.06.10 11:37:50.906,5.43197,5.43327,2.25,1.20
2011.06.10 11:37:51.787,5.43197,5.43334,3.00,1.20
2011.06.10 11:37:52.117,5.43197,5.43333,2.63,1.72
2011.06.10 11:37:56.259,5.43197,5.43326,2.25,1.20
2011.06.10 11:37:56.366,5.43188,5.43326,2.63,1.20
2011.06.10 11:37:57.468,5.43188,5.43332,3.00,1.72
2011.06.10 11:37:57.579,5.43208,5.43332,2.25,1.72
2011.06.10 11:37:57.689,5.43187,5.43332,3.00,1.72
2011.06.10 11:38:00.849,5.43198,5.43325,2.63,1.20
2011.06.10 11:38:02.538,5.43187,5.43325,3.00,1.20
2011.06.10 11:38:02.868,5.43207,5.43343,2.63,1.20
2011.06.10 11:38:03.199,5.43218,5.43343,2.63,1.20
2011.06.10 11:38:06.369,5.43218,5.43344,2.25,1.57
2011.06.10 11:38:06.916,5.43208,5.43343,3.00,1.72
2011.06.10 11:38:07.416,5.43208,5.43343,2.25,1.72
2011.06.10 11:38:07.533,5.43187,5.43333,3.00,1.50
2011.06.10 11:38:08.308,5.43187,5.43306,3.00,1.13
2011.06.10 11:38:08.422,5.43149,5.43303,1.50,1.72
2011.06.10 11:38:08.867,5.43109,5.43293,1.50,1.73
2011.06.10 11:38:09.199,5.43147,5.43293,2.25,1.73
2011.06.10 11:38:10.977,5.43147,5.43302,3.00,1.20
2011.06.10 11:38:11.200,5.43168,5.43306,3.00,1.20
2011.06.10 11:38:11.428,5.43187,5.43309,2.63,1.57
2011.06.10 11:38:12.859,5.43187,5.43309,3.00,1.20
2011.06.10 11:38:13.698,5.43187,5.43335,3.00,1.73
2011.06.10 11:38:13.807,5.43208,5.43342,2.25,1.95
2011.06.10 11:38:14.136,5.43217,5.43342,2.25,1.20
2011.06.10 11:38:14.356,5.43207,5.43342,2.25,1.20
2011.06.10 11:38:15.407,5.43207,5.43342,2.25,1.20
2011.06.10 11:38:15.737,5.43197,5.43342,2.25,1.20
2011.06.10 11:38:18.741,5.43197,5.43333,2.25,1.50
2011.06.10 11:38:20.518,5.43197,5.43342,2.63,1.95
2011.06.10 11:38:20.627,5.43197,5.43322,2.25,1.50
2011.06.10 11:38:20.847,5.4315,5.43322,1.50,1.50
2011.06.10 11:38:22.997,5.4315,5.43323,1.50,1.50
2011.06.10 11:38:23.842,5.4315,5.43323,1.50,1.50
2011.06.10 11:38:24.208,5.43135,5.43293,1.35,1.73
2011.06.10 11:38:24.322,5.43116,5.43291,1.50,1.20
2011.06.10 11:38:24.547,5.43137,5.43293,1.50,1.50
2011.06.10 11:38:25.628,5.43137,5.43312,1.50,1.50
2011.06.10 11:38:26.496,5.43137,5.43322,1.50,1.20
2011.06.10 11:38:29.456,5.43137,5.43293,1.50,1.50
2011.06.10 11:38:29.678,5.43115,5.43299,1.50,1.57
2011.06.10 11:38:30.786,5.43115,5.43293,1.50,1.50
2011.06.10 11:38:31.926,5.43115,5.43283,1.50,1.50
2011.06.10 11:38:32.257,5.43126,5.43299,1.50,1.35
2011.06.10 11:38:32.822,5.43178,5.43299,2.25,1.35
2011.06.10 11:38:33.149,5.43187,5.43299,2.25,1.35
2011.06.10 11:38:34.197,5.43187,5.43299,2.25,1.35
2011.06.10 11:38:36.397,5.43187,5.43323,2.25,1.72
2011.06.10 11:38:36.507,5.43187,5.43323,3.00,1.72
2011.06.10 11:38:36.728,5.43207,5.43336,2.25,1.35
2011.06.10 11:38:37.277,5.43217,5.43336,2.25,1.35
2011.06.10 11:38:37.391,5.43217,5.43343,2.25,1.72
2011.06.10 11:38:37.921,5.43227,5.43351,2.25,1.20
2011.06.10 11:38:38.510,5.43228,5.43343,2.25,1.72
2011.06.10 11:38:38.838,5.43208,5.43342,2.25,1.72
2011.06.10 11:38:39.652,5.43208,5.43343,2.25,1.95
2011.06.10 11:38:39.988,5.43217,5.43356,2.63,1.20
2011.06.10 11:38:40.098,5.43227,5.43356,2.25,1.20
2011.06.10 11:38:40.210,5.43227,5.4338,3.00,1.72
2011.06.10 11:38:40.329,5.43212,5.4338,1.50,1.50
2011.06.10 11:38:41.097,5.43257,5.43389,2.25,1.20
2011.06.10 11:38:41.538,5.43258,5.43377,2.25,1.20
2011.06.10 11:38:42.045,5.43238,5.43372,2.25,1.95
2011.06.10 11:38:43.388,5.43237,5.43372,2.25,1.95
2011.06.10 11:38:43.498,5.43237,5.43372,3.00,1.20
2011.06.10 11:38:43.608,5.43247,5.43373,2.25,1.72
2011.06.10 11:38:44.050,5.43248,5.43352,2.25,1.50
2011.06.10 11:38:44.158,5.43238,5.43352,2.25,1.50
2011.06.10 11:38:44.267,5.43238,5.43336,2.25,1.13
2011.06.10 11:38:44.377,5.43238,5.43352,2.25,1.73
2011.06.10 11:38:44.488,5.43238,5.43352,2.25,1.73
2011.06.10 11:38:44.598,5.4317,5.43332,1.50,1.50
2011.06.10 11:38:45.528,5.4317,5.43345,1.50,1.20
2011.06.10 11:38:46.640,5.4317,5.43345,1.50,1.20
2011.06.10 11:38:47.954,5.4317,5.43322,1.50,1.50
2011.06.10 11:38:48.401,5.43187,5.43322,2.25,1.50
2011.06.10 11:38:48.986,5.43188,5.43323,2.25,1.50
2011.06.10 11:38:50.207,5.43188,5.43336,2.25,1.58
2011.06.10 11:38:50.430,5.43188,5.43336,2.63,1.58
2011.06.10 11:38:50.538,5.43197,5.43336,3.00,1.58
2011.06.10 11:38:50.867,5.43207,5.43336,2.25,1.35
2011.06.10 11:38:56.677,5.43208,5.43336,2.25,1.35
2011.06.10 11:38:56.898,5.43197,5.43333,2.25,1.50
2011.06.10 11:38:57.008,5.43188,5.43322,2.25,1.50
2011.06.10 11:38:57.227,5.43177,5.43322,2.25,1.50
2011.06.10 11:38:57.340,5.43168,5.43304,2.25,1.35
2011.06.10 11:38:59.750,5.43168,5.43302,2.25,1.20
2011.06.10 11:39:01.057,5.43158,5.43302,2.63,1.95
2011.06.10 11:39:01.168,5.43158,5.43256,2.25,1.35
2011.06.10 11:39:01.389,5.43077,5.43233,1.50,1.50
2011.06.10 11:39:01.718,5.43057,5.43238,1.50,1.20
2011.06.10 11:39:01.828,5.43058,5.43256,1.29,1.58
2011.06.10 11:39:03.885,5.43118,5.43252,2.25,1.50
2011.06.10 11:39:04.997,5.43127,5.43256,2.25,1.35
2011.06.10 11:39:05.424,5.43127,5.43256,2.25,1.35
2011.06.10 11:39:06.207,5.43118,5.43256,2.25,1.35
2011.06.10 11:39:09.262,5.43118,5.43262,3.00,1.20
2011.06.10 11:39:09.598,5.43117,5.4329,1.50,1.57
2011.06.10 11:39:11.118,5.43115,5.4329,1.50,1.57
2011.06.10 11:39:12.328,5.43177,5.43312,2.25,1.20
2011.06.10 11:39:13.589,5.43177,5.43312,2.25,1.20
2011.06.10 11:39:18.788,5.43177,5.43312,2.25,1.20
2011.06.10 11:39:20.147,5.43187,5.43319,2.25,1.20
2011.06.10 11:39:21.061,5.43187,5.43319,2.25,1.20
2011.06.10 11:39:24.718,5.43187,5.43319,2.25,1.20
2011.06.10 11:39:24.936,5.43178,5.43319,2.25,1.20
2011.06.10 11:39:25.047,5.43167,5.43313,2.25,1.72
2011.06.10 11:39:26.208,5.43167,5.43309,2.25,1.20
2011.06.10 11:39:26.728,5.43168,5.43292,2.25,1.50
2011.06.10 11:39:26.841,5.43168,5.43292,2.25,1.50
2011.06.10 11:39:27.281,5.43147,5.43278,2.25,1.35
2011.06.10 11:39:27.392,5.43127,5.43268,2.25,1.20
2011.06.10 11:39:32.601,5.43127,5.43268,2.25,1.20
2011.06.10 11:39:34.211,5.43138,5.43268,2.25,1.20
2011.06.10 11:39:35.108,5.43138,5.43268,2.25,1.20
2011.06.10 11:39:35.657,5.43148,5.43277,2.25,1.20
2011.06.10 11:39:36.498,5.43148,5.43277,2.25,1.20
2011.06.10 11:39:42.088,5.43147,5.43277,2.25,1.20
2011.06.10 11:39:42.889,5.43147,5.43277,2.25,1.20
2011.06.10 11:39:45.177,5.43148,5.43277,2.25,1.20
2011.06.10 11:39:49.336,5.43148,5.43277,2.25,1.20
2011.06.10 11:39:49.558,5.43127,5.43268,2.25,1.20
2011.06.10 11:39:50.455,5.43118,5.43262,2.63,1.20
2011.06.10 11:39:51.217,5.43118,5.43262,2.25,1.20
2011.06.10 11:39:51.658,5.43082,5.43225,1.50,1.20
2011.06.10 11:39:51.878,5.43041,5.43225,1.50,1.57
2011.06.10 11:39:51.988,5.43041,5.43225,1.50,1.57
2011.06.10 11:39:52.098,5.43049,5.43223,1.50,1.72
2011.06.10 11:39:52.537,5.43078,5.43213,2.25,1.20
2011.06.10 11:39:53.498,5.43087,5.43222,2.25,1.20
2011.06.10 11:39:54.287,5.43087,5.43222,2.25,1.20
2011.06.10 11:39:55.271,5.43087,5.43222,2.25,1.20
2011.06.10 11:39:55.608,5.43087,5.43195,2.25,1.57
2011.06.10 11:39:55.716,5.43011,5.43195,1.50,1.57
2011.06.10 11:39:57.199,5.43012,5.43193,1.50,1.20
2011.06.10 11:39:59.276,5.43027,5.43193,1.50,1.20
2011.06.10 11:39:59.607,5.43057,5.43195,2.25,1.57
2011.06.10 11:39:59.718,5.43057,5.43202,3.00,1.20
2011.06.10 11:40:00.136,5.43088,5.43224,2.25,1.20
2011.06.10 11:40:00.468,5.43098,5.43231,2.25,1.20
2011.06.10 11:40:00.887,5.43088,5.43231,2.25,1.20
2011.06.10 11:40:01.178,5.43088,5.43231,2.25,1.20
2011.06.10 11:40:01.507,5.43037,5.43223,1.50,1.20
2011.06.10 11:40:02.496,5.4304,5.43223,1.50,1.20
2011.06.10 11:40:03.306,5.43078,5.43223,2.25,1.20
2011.06.10 11:40:03.857,5.43088,5.43223,2.25,1.20
2011.06.10 11:40:04.189,5.43068,5.43202,2.25,1.50
2011.06.10 11:40:04.298,5.43057,5.43202,2.63,1.50
2011.06.10 11:40:04.903,5.4306,5.43211,1.13,1.57
2011.06.10 11:40:05.139,5.43109,5.43297,1.50,1.20
2011.06.10 11:40:05.907,5.43136,5.43312,1.50,1.20
2011.06.10 11:40:06.886,5.43136,5.43312,1.13,1.20
2011.06.10 11:40:07.217,5.43112,5.43294,1.13,1.20
2011.06.10 11:40:07.548,5.43086,5.43263,1.50,1.20
2011.06.10 11:40:09.119,5.43068,5.43243,1.50,1.20
2011.06.10 11:40:10.458,5.43117,5.43243,2.25,1.20
2011.06.10 11:40:11.579,5.43117,5.43251,2.25,1.20
2011.06.10 11:40:11.796,5.43127,5.43251,2.25,1.20
2011.06.10 11:40:13.527,5.43127,5.43251,2.25,1.20
2011.06.10 11:40:13.638,5.43118,5.43251,2.25,1.20
2011.06.10 11:40:16.679,5.43118,5.43232,2.25,1.95
2011.06.10 11:40:16.789,5.43098,5.43232,2.25,1.95
2011.06.10 11:40:16.898,5.43087,5.43232,2.25,1.95
2011.06.10 11:40:18.104,5.43087,5.43231,2.25,1.58
2011.06.10 11:40:18.477,5.43097,5.43231,2.25,1.58
2011.06.10 11:40:18.959,5.43097,5.43231,2.25,1.58
2011.06.10 11:40:19.339,5.43097,5.43231,2.63,1.58
2011.06.10 11:40:19.558,5.43107,5.43231,2.25,1.35
2011.06.10 11:40:19.668,5.43098,5.43231,2.25,1.35
2011.06.10 11:40:20.217,5.43097,5.43231,2.25,1.58
2011.06.10 11:40:20.767,5.43098,5.43231,2.25,1.58
2011.06.10 11:40:23.699,5.43098,5.43231,2.25,1.58
2011.06.10 11:40:25.740,5.43098,5.43231,2.25,1.58
2011.06.10 11:40:30.387,5.43098,5.43231,2.63,1.58
2011.06.10 11:40:30.607,5.43118,5.43231,2.25,1.35
2011.06.10 11:40:30.936,5.43108,5.43231,2.25,1.35
2011.06.10 11:40:31.269,5.43108,5.43231,2.25,1.58
2011.06.10 11:40:31.599,5.43097,5.43231,2.25,1.58
2011.06.10 11:40:32.360,5.43097,5.43231,2.63,1.35
2011.06.10 11:40:32.807,5.43107,5.43231,2.25,1.35
2011.06.10 11:40:33.317,5.43117,5.43231,2.25,1.35
2011.06.10 11:40:35.427,5.43117,5.43243,2.25,1.20
2011.06.10 11:40:35.649,5.43117,5.43234,2.25,1.20
2011.06.10 11:40:35.868,5.43098,5.43234,2.25,1.20
2011.06.10 11:40:37.228,5.43098,5.43234,2.25,1.20
2011.06.10 11:40:38.711,5.43098,5.43234,2.25,1.20
2011.06.10 11:40:39.268,5.43108,5.43234,2.25,1.20
2011.06.10 11:40:39.846,5.43108,5.43234,2.25,1.20
2011.06.10 11:40:40.108,5.43117,5.43242,2.25,1.20
2011.06.10 11:40:40.978,5.43117,5.43242,2.25,1.20
2011.06.10 11:40:42.628,5.43117,5.43242,2.25,1.20
2011.06.10 11:40:44.224,5.43117,5.43232,2.25,1.95
2011.06.10 11:40:44.339,5.43098,5.43232,2.63,1.95
2011.06.10 11:40:44.449,5.43107,5.4324,2.25,1.20
2011.06.10 11:40:44.776,5.43117,5.4324,2.25,1.20
2011.06.10 11:40:45.108,5.43117,5.43232,2.25,1.20
2011.06.10 11:40:45.217,5.43117,5.43232,2.25,1.20
2011.06.10 11:40:45.327,5.43097,5.43241,2.63,1.20
2011.06.10 11:40:45.437,5.43117,5.43241,2.25,1.20
2011.06.10 11:40:46.006,5.43107,5.43241,2.25,1.20
2011.06.10 11:40:46.226,5.43107,5.43241,2.25,1.20
2011.06.10 11:40:46.557,5.43097,5.43232,2.25,1.95
2011.06.10 11:40:46.777,5.43087,5.43232,2.25,1.20
2011.06.10 11:40:46.888,5.43097,5.43232,2.25,1.20
2011.06.10 11:40:47.489,5.43108,5.43232,2.63,1.20
2011.06.10 11:40:47.709,5.43118,5.43247,2.25,1.20
2011.06.10 11:40:48.037,5.43118,5.43247,2.25,1.20
2011.06.10 11:40:48.260,5.43098,5.43236,2.25,1.20
2011.06.10 11:40:49.233,5.43098,5.43236,2.25,1.20
2011.06.10 11:40:49.518,5.43107,5.43236,2.25,1.20
2011.06.10 11:40:50.647,5.43108,5.43202,2.25,2.25
2011.06.10 11:40:51.595,5.43107,5.43203,2.25,2.25
2011.06.10 11:40:53.538,5.43108,5.43212,2.25,2.63
2011.06.10 11:40:54.508,5.43108,5.43212,2.25,2.25
2011.06.10 11:40:55.057,5.43117,5.43213,2.25,2.63
2011.06.10 11:40:56.112,5.43108,5.43212,2.25,2.63
2011.06.10 11:40:56.857,5.43108,5.43212,2.25,2.25
2011.06.10 11:41:01.049,5.43108,5.43212,2.25,2.63
2011.06.10 11:41:07.729,5.43108,5.43212,2.25,3.00
2011.06.10 11:41:07.968,5.43108,5.43212,2.25,2.63
2011.06.10 11:41:08.079,5.43087,5.43193,3.00,2.25
2011.06.10 11:41:08.189,5.43107,5.43213,2.25,2.63
2011.06.10 11:41:09.007,5.43107,5.43213,2.25,2.63
2011.06.10 11:41:11.146,5.43117,5.43213,2.25,2.25
2011.06.10 11:41:13.258,5.43117,5.43213,3.00,2.25
2011.06.10 11:41:13.367,5.43128,5.43222,2.63,2.25
2011.06.10 11:41:13.480,5.43138,5.43242,2.25,2.63
2011.06.10 11:41:13.699,5.43148,5.43242,2.25,2.63
2011.06.10 11:41:15.137,5.43148,5.43242,2.25,2.25
2011.06.10 11:41:17.699,5.43138,5.43242,2.25,2.25
2011.06.10 11:41:18.149,5.43148,5.43242,2.25,2.25
2011.06.10 11:41:18.937,5.43138,5.43242,2.25,2.25
2011.06.10 11:41:19.157,5.43138,5.43242,2.25,3.00
2011.06.10 11:41:19.269,5.43138,5.43242,2.25,2.25
2011.06.10 11:41:21.799,5.43147,5.43253,2.25,3.00
2011.06.10 11:41:22.352,5.43147,5.43253,2.25,3.00
2011.06.10 11:41:22.470,5.43138,5.43242,2.25,2.63
2011.06.10 11:41:25.166,5.43137,5.43233,2.25,2.25
2011.06.10 11:41:25.828,5.43138,5.43242,2.25,2.25
2011.06.10 11:41:28.618,5.43138,5.43242,2.25,3.00
2011.06.10 11:41:28.837,5.43117,5.43213,2.25,2.25
2011.06.10 11:41:28.948,5.43117,5.43223,2.25,2.25
2011.06.10 11:41:30.678,5.43108,5.43212,2.25,2.25
2011.06.10 11:41:30.788,5.43097,5.43203,2.25,2.25
2011.06.10 11:41:33.963,5.43097,5.43203,2.25,3.00
2011.06.10 11:41:34.078,5.43058,5.43226,1.50,1.58
2011.06.10 11:41:34.299,5.43097,5.43248,1.13,1.20
2011.06.10 11:41:34.521,5.43097,5.43265,1.13,1.20
2011.06.10 11:41:34.637,5.43127,5.43233,2.25,2.25
2011.06.10 11:41:34.968,5.43137,5.43233,2.25,2.25
2011.06.10 11:41:35.299,5.43098,5.43202,2.25,2.63
2011.06.10 11:41:35.948,5.43097,5.43193,2.25,2.25
2011.06.10 11:41:36.278,5.43097,5.43193,3.00,2.25
2011.06.10 11:41:36.389,5.43128,5.43232,2.25,2.25
2011.06.10 11:41:36.718,5.43127,5.43223,2.25,2.25
2011.06.10 11:41:37.048,5.43118,5.43222,2.25,2.25
2011.06.10 11:41:37.278,5.43117,5.43213,2.25,2.25
2011.06.10 11:41:37.498,5.43107,5.43213,2.25,2.25
2011.06.10 11:41:39.388,5.43107,5.43213,2.25,2.63
2011.06.10 11:41:39.498,5.43097,5.43193,2.25,2.25
2011.06.10 11:41:39.607,5.43098,5.43202,2.25,2.25
2011.06.10 11:41:42.546,5.43108,5.43212,2.25,2.25
2011.06.10 11:41:47.305,5.43128,5.43222,2.25,2.25
2011.06.10 11:41:48.076,5.43117,5.43223,2.25,2.25
2011.06.10 11:41:49.057,5.43117,5.43213,2.25,2.25
2011.06.10 11:41:49.517,5.43107,5.43213,2.63,2.25
2011.06.10 11:41:49.963,5.43107,5.43213,2.25,2.25
2011.06.10 11:41:50.187,5.43097,5.43203,2.25,2.25
2011.06.10 11:41:51.418,5.43108,5.43202,2.25,2.25
2011.06.10 11:41:51.528,5.43107,5.43213,2.25,2.25
2011.06.10 11:41:54.266,5.43097,5.43203,2.25,2.25
2011.06.10 11:41:58.178,5.43097,5.43203,2.25,3.00
2011.06.10 11:41:58.288,5.43077,5.43173,2.25,2.25
2011.06.10 11:41:58.509,5.43058,5.43162,2.25,2.25
2011.06.10 11:42:05.639,5.43058,5.43162,3.00,2.25
2011.06.10 11:42:05.858,5.43097,5.43193,2.25,2.25
2011.06.10 11:42:06.078,5.43087,5.43193,2.25,2.25
2011.06.10 11:42:06.518,5.43097,5.43203,2.25,2.25
2011.06.10 11:42:06.958,5.43108,5.43202,2.25,2.25
2011.06.10 11:42:08.868,5.43088,5.43192,2.25,2.25
2011.06.10 11:42:13.927,5.43078,5.43182,2.25,2.25
2011.06.10 11:42:14.258,5.43088,5.43182,2.25,2.25
2011.06.10 11:42:15.227,5.43077,5.43183,2.25,2.25
2011.06.10 11:42:16.209,5.43097,5.43203,2.25,2.63
2011.06.10 11:42:18.739,5.43097,5.43203,2.25,2.63
2011.06.10 11:42:20.571,5.43097,5.43203,2.25,2.63
2011.06.10 11:42:22.457,5.43098,5.43192,2.25,2.25
2011.06.10 11:42:28.077,5.43098,5.43192,2.25,2.63
2011.06.10 11:42:28.408,5.43088,5.43192,2.25,3.75
2011.06.10 11:42:28.518,5.43028,5.43192,1.50,1.50
2011.06.10 11:42:29.466,5.43021,5.43192,1.50,1.72
2011.06.10 11:42:31.537,5.43021,5.43196,1.50,1.20
2011.06.10 11:42:31.868,5.43067,5.43173,2.25,3.00
2011.06.10 11:42:31.980,5.43058,5.43162,2.25,2.25
2011.06.10 11:42:32.748,5.43058,5.43162,2.25,3.00
2011.06.10 11:42:32.860,5.43058,5.43162,2.25,2.25
2011.06.10 11:42:32.970,5.43038,5.43142,3.00,2.25
2011.06.10 11:42:33.079,5.43058,5.43162,2.25,2.25
2011.06.10 11:42:38.057,5.43058,5.43162,2.25,3.00
2011.06.10 11:42:38.277,5.43047,5.43143,2.25,2.25
2011.06.10 11:42:38.717,5.43048,5.43152,2.25,3.00
2011.06.10 11:42:38.827,5.43048,5.43152,2.63,2.25
2011.06.10 11:42:38.936,5.43057,5.43153,2.25,2.25
2011.06.10 11:42:40.426,5.43057,5.43153,2.25,3.00
2011.06.10 11:42:40.649,5.43001,5.43186,1.13,1.20
2011.06.10 11:42:40.868,5.4298,5.4315,1.50,1.35
2011.06.10 11:42:40.979,5.4298,5.43152,1.50,1.35
2011.06.10 11:42:43.039,5.43009,5.43186,1.50,1.80
2011.06.10 11:42:43.978,5.43009,5.43186,1.50,1.58
2011.06.10 11:42:46.157,5.43019,5.43186,1.50,1.35
2011.06.10 11:42:47.860,5.4303,5.43186,1.50,1.35
2011.06.10 11:42:48.868,5.4303,5.43186,1.50,1.35
2011.06.10 11:42:49.197,5.43058,5.43162,2.25,2.25
2011.06.10 11:42:51.376,5.43068,5.43172,2.25,3.00
2011.06.10 11:42:51.846,5.43068,5.43172,2.25,2.63
2011.06.10 11:42:52.757,5.43068,5.43162,2.25,2.25
2011.06.10 11:42:52.867,5.43067,5.43173,2.25,2.63
2011.06.10 11:42:53.086,5.43067,5.43173,2.63,2.25
2011.06.10 11:42:53.307,5.43077,5.43183,2.25,2.63
2011.06.10 11:42:53.677,5.43078,5.43172,2.25,2.25
2011.06.10 11:43:00.038,5.43078,5.43172,2.25,3.00
2011.06.10 11:43:00.260,5.43058,5.43162,2.25,2.63
2011.06.10 11:43:00.369,5.43057,5.43153,2.25,3.00
2011.06.10 11:43:00.478,5.43047,5.43153,2.25,3.75
2011.06.10 11:43:00.587,5.43027,5.43123,2.25,2.25
2011.06.10 11:43:02.749,5.43027,5.43123,3.00,2.25
2011.06.10 11:43:02.968,5.43048,5.43142,2.25,2.25
2011.06.10 11:43:03.188,5.43027,5.43143,3.00,2.25
2011.06.10 11:43:03.297,5.43027,5.43143,2.25,3.00
2011.06.10 11:43:03.844,5.43017,5.43113,2.25,2.25
2011.06.10 11:43:03.962,5.43007,5.43113,2.63,2.25
2011.06.10 11:43:04.080,5.42997,5.43103,2.25,2.63
2011.06.10 11:43:04.407,5.42997,5.43093,2.25,2.25
2011.06.10 11:43:04.629,5.42988,5.43092,2.25,2.63
2011.06.10 11:43:04.743,5.42988,5.43091,2.25,1.58
2011.06.10 11:43:04.972,5.42864,5.43022,1.29,1.73
2011.06.10 11:43:05.091,5.42846,5.43022,1.50,1.73
2011.06.10 11:43:05.979,5.42907,5.43003,3.00,2.25
2011.06.10 11:43:06.088,5.42888,5.43058,1.50,1.35
2011.06.10 11:43:06.982,5.42938,5.43032,2.25,2.25
2011.06.10 11:43:08.519,5.42928,5.43032,2.25,2.25
2011.06.10 11:43:09.507,5.42928,5.43022,2.25,2.25
2011.06.10 11:43:10.239,5.42928,5.43022,2.25,3.00
2011.06.10 11:43:10.460,5.42918,5.43012,2.25,2.25
2011.06.10 11:43:10.567,5.42908,5.43012,2.25,2.25
2011.06.10 11:43:11.248,5.42918,5.43012,2.25,2.25
2011.06.10 11:43:12.687,5.42918,5.43012,2.25,3.00
2011.06.10 11:43:12.797,5.42897,5.43003,2.25,2.63
2011.06.10 11:43:12.907,5.42888,5.42992,2.63,2.25
2011.06.10 11:43:13.127,5.42897,5.43003,2.25,2.63
2011.06.10 11:43:14.066,5.42897,5.43003,3.00,2.25
2011.06.10 11:43:14.289,5.42897,5.43003,3.00,2.25
2011.06.10 11:43:14.398,5.42897,5.43003,2.63,2.25
2011.06.10 11:43:14.508,5.42877,5.43043,1.50,1.50
2011.06.10 11:43:14.618,5.4287,5.43043,1.50,1.50
2011.06.10 11:43:15.377,5.4287,5.43043,1.50,1.50
2011.06.10 11:43:15.707,5.42897,5.43003,3.00,2.25
2011.06.10 11:43:16.037,5.42917,5.43013,2.25,2.25
2011.06.10 11:43:20.197,5.42917,5.43013,2.63,2.25
2011.06.10 11:43:20.309,5.42917,5.43023,2.63,2.25
2011.06.10 11:43:20.417,5.42927,5.43033,2.25,2.63
2011.06.10 11:43:21.038,5.42927,5.43033,2.25,3.00
2011.06.10 11:43:21.258,5.42917,5.43023,2.25,2.63
2011.06.10 11:43:21.477,5.42917,5.43023,3.00,2.25
2011.06.10 11:43:21.697,5.42928,5.43032,2.63,2.25
2011.06.10 11:43:23.420,5.42938,5.43032,2.25,2.25
2011.06.10 11:43:23.957,5.42928,5.43032,2.25,2.25
2011.06.10 11:43:26.011,5.42938,5.43032,2.25,3.00
2011.06.10 11:43:26.240,5.42918,5.43022,2.25,2.25
2011.06.10 11:43:26.567,5.42927,5.43023,2.25,2.63
2011.06.10 11:43:26.897,5.42917,5.43023,2.25,2.63
2011.06.10 11:43:31.048,5.42917,5.43023,3.00,2.25
2011.06.10 11:43:31.159,5.42917,5.43023,2.25,2.25
2011.06.10 11:43:31.269,5.4289,5.43057,1.50,1.35
2011.06.10 11:43:35.035,5.42883,5.43024,1.50,1.35
2011.06.10 11:43:35.367,5.42898,5.42992,2.25,2.25
2011.06.10 11:43:36.028,5.42887,5.42993,2.63,2.25
2011.06.10 11:43:36.137,5.42887,5.42993,2.25,2.25
2011.06.10 11:43:38.997,5.42897,5.42993,2.25,2.25
2011.06.10 11:43:39.217,5.42878,5.42982,2.63,2.25
2011.06.10 11:43:39.548,5.42898,5.43002,2.25,3.00
2011.06.10 11:43:40.837,5.42898,5.43002,2.25,2.25
2011.06.10 11:43:41.387,5.42907,5.43003,2.25,2.25
2011.06.10 11:43:43.868,5.42907,5.43003,2.25,2.63
2011.06.10 11:43:44.087,5.42898,5.43002,2.25,2.63
2011.06.10 11:43:44.678,5.42897,5.42993,2.25,2.25
2011.06.10 11:43:45.008,5.42888,5.42992,3.00,2.25
2011.06.10 11:43:45.228,5.42908,5.43012,2.25,2.63
2011.06.10 11:43:46.038,5.42908,5.43012,2.25,2.25
2011.06.10 11:43:49.558,5.42908,5.43012,2.25,3.00
2011.06.10 11:43:50.108,5.42835,5.42983,1.50,1.50
2011.06.10 11:43:50.548,5.42867,5.42963,2.25,2.63
2011.06.10 11:43:50.878,5.42877,5.42973,3.00,2.25
2011.06.10 11:43:50.988,5.42897,5.42993,2.25,2.25
2011.06.10 11:43:51.427,5.42888,5.42992,2.63,2.25
2011.06.10 11:43:51.977,5.42868,5.42992,3.00,3.00
2011.06.10 11:43:52.087,5.42868,5.42982,3.00,2.25
2011.06.10 11:43:52.420,5.42857,5.42973,2.25,3.75
2011.06.10 11:43:52.528,5.42838,5.42952,2.25,3.00
2011.06.10 11:43:52.895,5.42828,5.42942,3.00,2.25
2011.06.10 11:43:53.229,5.42828,5.42942,3.00,2.25
2011.06.10 11:43:53.888,5.42837,5.42953,3.00,2.25
2011.06.10 11:43:54.909,5.42827,5.43013,1.50,1.95
2011.06.10 11:43:55.918,5.42837,5.43013,1.50,1.20
2011.06.10 11:43:56.629,5.42837,5.43003,1.50,1.72
2011.06.10 11:43:57.355,5.42798,5.42933,1.50,1.50
2011.06.10 11:43:57.690,5.42787,5.42903,3.00,2.25
2011.06.10 11:43:57.910,5.42807,5.42923,3.00,2.25
2011.06.10 11:43:58.019,5.42818,5.42932,3.00,2.25
2011.06.10 11:43:58.239,5.42817,5.42933,2.25,3.00
2011.06.10 11:43:58.347,5.42792,5.42943,1.50,1.72
2011.06.10 11:43:58.569,5.42772,5.42947,1.50,1.80
2011.06.10 11:43:59.009,5.42792,5.42979,1.50,1.20
2011.06.10 11:43:59.227,5.42792,5.42981,1.50,1.58
2011.06.10 11:43:59.338,5.42792,5.42981,1.50,1.58
2011.06.10 11:43:59.668,5.42804,5.42972,1.50,1.50
2011.06.10 11:44:00.687,5.42797,5.42972,1.50,1.50
2011.06.10 11:44:01.018,5.42789,5.42942,1.50,1.50
2011.06.10 11:44:01.347,5.42788,5.42902,3.00,2.25
2011.06.10 11:44:02.548,5.42788,5.42902,3.00,2.25
2011.06.10 11:44:03.371,5.42788,5.42902,2.25,3.00
2011.06.10 11:44:03.701,5.42768,5.42882,2.25,3.45
2011.06.10 11:44:04.493,5.42748,5.42862,2.25,3.00
2011.06.10 11:44:04.603,5.42728,5.42842,3.00,2.25
2011.06.10 11:44:04.719,5.42738,5.42852,2.63,2.63
2011.06.10 11:44:05.267,5.42738,5.42852,2.63,2.63
2011.06.10 11:44:05.598,5.42717,5.42833,3.00,2.25
2011.06.10 11:44:06.627,5.42717,5.42833,3.00,2.25
2011.06.10 11:44:06.848,5.42728,5.42842,3.00,2.25
2011.06.10 11:44:07.398,5.42717,5.42833,3.00,2.25
2011.06.10 11:44:08.687,5.42717,5.42833,3.00,2.25
2011.06.10 11:44:08.799,5.42738,5.42852,2.63,2.63
2011.06.10 11:44:09.569,5.42718,5.42842,3.00,2.25
2011.06.10 11:44:09.677,5.42738,5.42852,2.63,2.63
2011.06.10 11:44:10.267,5.42738,5.42852,3.00,2.25
2011.06.10 11:44:10.378,5.42748,5.42862,3.00,2.25
2011.06.10 11:44:10.976,5.42758,5.42862,2.25,2.25
2011.06.10 11:44:13.967,5.42747,5.42863,2.63,2.63
2011.06.10 11:44:14.078,5.42747,5.42853,2.63,2.25
2011.06.10 11:44:15.109,5.42737,5.42853,3.00,2.25
2011.06.10 11:44:17.219,5.42748,5.42852,2.25,2.25
2011.06.10 11:44:18.916,5.42738,5.42852,3.00,2.25
2011.06.10 11:44:19.378,5.42738,5.42852,2.63,2.63
2011.06.10 11:44:19.489,5.42737,5.42843,2.63,2.25
2011.06.10 11:44:19.707,5.42687,5.42853,1.50,1.50
2011.06.10 11:44:19.928,5.42687,5.42853,1.50,1.50
2011.06.10 11:44:20.259,5.42738,5.42842,2.25,2.25
2011.06.10 11:44:20.697,5.42738,5.42852,2.25,3.00
2011.06.10 11:44:21.026,5.42737,5.42843,2.25,2.25
2011.06.10 11:44:22.128,5.42737,5.42843,3.00,2.25
2011.06.10 11:44:22.349,5.42738,5.42852,3.00,2.25
2011.06.10 11:44:23.206,5.42737,5.42843,3.00,2.25
2011.06.10 11:44:24.728,5.42728,5.42842,3.00,2.25
2011.06.10 11:44:26.179,5.42728,5.42842,3.00,2.25
2011.06.10 11:44:26.290,5.42738,5.42852,2.63,2.63
2011.06.10 11:44:26.397,5.42728,5.42842,3.00,2.25
2011.06.10 11:44:26.508,5.42767,5.42883,3.00,2.47
2011.06.10 11:44:26.618,5.42737,5.42853,3.00,2.25
2011.06.10 11:44:27.167,5.42737,5.42853,3.75,2.25
2011.06.10 11:44:27.500,5.42757,5.42873,3.00,2.25
2011.06.10 11:44:27.609,5.4276,5.42942,1.50,1.20
2011.06.10 11:44:27.829,5.42798,5.42944,1.50,1.20
2011.06.10 11:44:28.330,5.42807,5.42923,3.00,2.25
2011.06.10 11:44:28.927,5.42818,5.42932,3.00,2.25
2011.06.10 11:44:29.998,5.42818,5.42932,3.00,2.25
2011.06.10 11:44:31.357,5.42818,5.42932,3.00,2.25
2011.06.10 11:44:31.577,5.42808,5.42922,3.00,2.25
2011.06.10 11:44:32.017,5.42807,5.42913,3.00,2.25
2011.06.10 11:44:32.349,5.42838,5.42952,3.00,2.25
2011.06.10 11:44:32.567,5.4288,5.42952,2.10,2.25
2011.06.10 11:44:32.790,5.42957,5.43088,2.25,1.20
2011.06.10 11:44:32.898,5.42937,5.43073,2.63,2.25
2011.06.10 11:44:33.008,5.42928,5.43062,3.00,2.25
2011.06.10 11:44:33.478,5.42928,5.43062,2.25,3.00
2011.06.10 11:44:33.592,5.42928,5.43062,2.63,2.47
2011.06.10 11:44:34.042,5.42881,5.43053,1.50,1.50
2011.06.10 11:44:34.809,5.42881,5.43062,1.50,1.95
2011.06.10 11:44:36.449,5.42881,5.43053,1.50,1.13
2011.06.10 11:44:36.777,5.42927,5.43033,2.63,2.25
2011.06.10 11:44:36.887,5.42928,5.43042,2.63,2.25
2011.06.10 11:44:36.997,5.42927,5.43033,2.63,2.25
2011.06.10 11:44:38.656,5.42927,5.43043,2.63,2.25
2011.06.10 11:44:39.117,5.42927,5.43043,3.00,2.25
2011.06.10 11:44:39.337,5.42937,5.43053,3.00,2.25
2011.06.10 11:44:40.886,5.42937,5.43053,3.00,2.25
2011.06.10 11:44:41.573,5.42948,5.43062,2.25,2.25
2011.06.10 11:44:41.797,5.42938,5.43052,3.00,2.25
2011.06.10 11:44:41.908,5.42948,5.43062,2.25,2.25
2011.06.10 11:44:43.360,5.42948,5.43062,2.63,2.25
2011.06.10 11:44:44.770,5.42948,5.43062,2.63,2.25
2011.06.10 11:44:45.438,5.42937,5.43053,3.00,2.25
2011.06.10 11:44:45.548,5.42937,5.43053,2.63,2.25
2011.06.10 11:44:46.036,5.42927,5.43043,3.00,2.25
2011.06.10 11:44:46.809,5.42927,5.43043,3.00,2.25
2011.06.10 11:44:47.488,5.42937,5.43053,3.00,2.25
2011.06.10 11:44:47.599,5.42937,5.43063,3.00,2.25
2011.06.10 11:44:48.148,5.42948,5.43062,2.63,2.25
2011.06.10 11:44:48.478,5.42957,5.43066,2.25,1.13
2011.06.10 11:44:48.589,5.42937,5.43053,3.00,2.25
2011.06.10 11:44:49.657,5.42947,5.43063,2.25,2.25
2011.06.10 11:44:50.722,5.42937,5.43053,3.00,2.25
2011.06.10 11:44:51.645,5.42937,5.43053,2.63,2.25
2011.06.10 11:44:52.277,5.42927,5.43043,3.00,2.25
2011.06.10 11:44:53.137,5.42927,5.43043,2.25,2.25
2011.06.10 11:44:53.357,5.42927,5.43043,3.00,2.25
2011.06.10 11:44:53.687,5.42938,5.43052,2.63,2.25
2011.06.10 11:44:54.017,5.42927,5.43043,3.00,2.25
2011.06.10 11:44:54.946,5.42927,5.43043,3.00,2.25
2011.06.10 11:44:55.743,5.42927,5.43043,2.63,2.25
2011.06.10 11:44:56.189,5.42938,5.43052,2.25,3.00
2011.06.10 11:44:56.517,5.42928,5.43042,2.25,2.25
2011.06.10 11:44:56.846,5.42918,5.43032,3.00,2.25
2011.06.10 11:44:57.217,5.42918,5.43032,2.25,3.00
2011.06.10 11:44:57.330,5.4279,5.42942,1.13,2.25
2011.06.10 11:44:57.439,5.4279,5.42942,1.50,2.25
2011.06.10 11:44:57.659,5.42868,5.43022,2.25,2.70
2011.06.10 11:44:57.767,5.42848,5.43012,2.25,2.47
2011.06.10 11:44:57.878,5.42848,5.43012,2.25,2.47
2011.06.10 11:44:58.098,5.42858,5.43012,2.25,2.25
2011.06.10 11:45:01.128,5.42887,5.42993,2.25,2.48
2011.06.10 11:45:03.270,5.42878,5.42992,2.25,2.25
2011.06.10 11:45:03.918,5.42878,5.42982,2.25,2.47
2011.06.10 11:45:04.358,5.42878,5.42992,2.25,2.47
2011.06.10 11:45:04.467,5.42908,5.43012,2.25,2.47
2011.06.10 11:45:04.688,5.42908,5.43022,2.25,2.47
2011.06.10 11:45:05.324,5.42897,5.43013,2.25,2.47
2011.06.10 11:45:07.099,5.42897,5.42992,2.25,1.20
2011.06.10 11:45:07.319,5.42726,5.42929,1.73,1.20
2011.06.10 11:45:07.538,5.42714,5.42923,3.75,1.20
2011.06.10 11:45:07.869,5.42709,5.42911,4.50,1.20
2011.06.10 11:45:08.089,5.42689,5.42902,1.35,1.20
2011.06.10 11:45:08.199,5.42693,5.42898,1.35,1.20
2011.06.10 11:45:08.640,5.42797,5.42913,2.25,2.70
2011.06.10 11:45:08.748,5.42797,5.42913,2.25,2.70
2011.06.10 11:45:08.857,5.42797,5.42913,2.25,2.48
2011.06.10 11:45:09.188,5.42788,5.42892,2.25,2.25
2011.06.10 11:45:09.302,5.42778,5.42892,2.25,2.48
2011.06.10 11:45:09.418,5.42788,5.42892,2.25,2.48
2011.06.10 11:45:09.529,5.42778,5.42892,2.25,2.48
2011.06.10 11:45:10.004,5.42767,5.42873,2.25,2.25
2011.06.10 11:45:10.338,5.42777,5.42883,2.25,2.25
2011.06.10 11:45:10.958,5.42757,5.42863,2.25,2.25
2011.06.10 11:45:11.619,5.42768,5.42872,2.25,2.25
2011.06.10 11:45:11.728,5.42767,5.42883,2.25,2.25
2011.06.10 11:45:12.439,5.42757,5.42873,2.25,2.25
2011.06.10 11:45:12.768,5.42777,5.42883,2.25,2.70
2011.06.10 11:45:13.139,5.42688,5.42887,1.13,1.20
2011.06.10 11:45:13.250,5.42697,5.42889,1.50,1.05
2011.06.10 11:45:13.468,5.42708,5.42912,1.29,1.36
2011.06.10 11:45:13.579,5.42747,5.42853,2.25,2.25
2011.06.10 11:45:13.907,5.42757,5.42863,2.25,2.25
2011.06.10 11:45:14.237,5.42747,5.42863,2.25,2.25
2011.06.10 11:45:15.388,5.42747,5.42863,2.63,2.25
2011.06.10 11:45:15.610,5.42741,5.42922,1.35,1.20
2011.06.10 11:45:17.140,5.42741,5.42934,1.35,1.20
2011.06.10 11:45:17.359,5.42777,5.42893,2.25,2.25
2011.06.10 11:45:17.691,5.42787,5.42893,2.25,2.25
2011.06.10 11:45:17.799,5.42798,5.42912,2.25,2.25
2011.06.10 11:45:17.911,5.42807,5.42913,2.25,2.25
2011.06.10 11:45:18.349,5.42797,5.42913,2.25,2.25
2011.06.10 11:45:18.828,5.42798,5.42902,2.25,2.25
2011.06.10 11:45:18.940,5.42808,5.42922,2.25,2.25
2011.06.10 11:45:19.048,5.42807,5.42913,2.25,2.25
2011.06.10 11:45:19.268,5.42808,5.42922,2.25,2.25
2011.06.10 11:45:19.377,5.42797,5.42913,2.25,2.25
2011.06.10 11:45:19.598,5.42807,5.42913,2.25,2.25
2011.06.10 11:45:19.708,5.42797,5.42913,2.25,2.25
2011.06.10 11:45:20.040,5.42807,5.42923,2.25,3.23
2011.06.10 11:45:20.623,5.42717,5.42922,1.50,1.20
2011.06.10 11:45:20.743,5.4273,5.42922,1.13,1.20
2011.06.10 11:45:21.079,5.42768,5.42872,2.25,2.25
2011.06.10 11:45:21.959,5.42758,5.42862,2.25,2.25
2011.06.10 11:45:22.068,5.42767,5.42883,2.25,2.25
2011.06.10 11:45:22.291,5.42757,5.42863,2.25,2.25
2011.06.10 11:45:22.738,5.42738,5.42842,2.25,2.25
2011.06.10 11:45:23.068,5.42767,5.42873,2.25,2.48
2011.06.10 11:45:23.181,5.42767,5.42873,2.25,2.25
2011.06.10 11:45:23.398,5.42737,5.42853,2.25,2.47
2011.06.10 11:45:23.730,5.42748,5.42852,2.25,2.47
2011.06.10 11:45:24.194,5.42718,5.42904,1.50,1.20
2011.06.10 11:45:24.419,5.42726,5.42926,1.13,1.20
2011.06.10 11:45:24.641,5.42767,5.42883,2.25,2.47
2011.06.10 11:45:25.308,5.42788,5.42892,2.25,2.47
2011.06.10 11:45:26.428,5.42788,5.42892,2.25,3.22
2011.06.10 11:45:26.649,5.42718,5.42822,3.38,2.25
2011.06.10 11:45:26.758,5.42708,5.42812,3.00,2.25
2011.06.10 11:45:27.457,5.42708,5.42812,3.00,2.25
2011.06.10 11:45:28.079,5.42727,5.42813,1.13,2.25
2011.06.10 11:45:28.195,5.42738,5.42842,3.00,2.25
2011.06.10 11:45:28.310,5.42738,5.42842,3.00,2.25
2011.06.10 11:45:28.528,5.42757,5.42863,3.00,2.25
2011.06.10 11:45:29.238,5.42768,5.42872,3.00,2.25
2011.06.10 11:45:29.459,5.42768,5.42882,3.75,2.25
2011.06.10 11:45:30.007,5.42768,5.42872,3.75,2.25
2011.06.10 11:45:30.118,5.42768,5.42872,2.25,2.25
2011.06.10 11:45:30.231,5.42768,5.42872,3.00,2.25
2011.06.10 11:45:30.457,5.42764,5.42873,1.13,2.25
2011.06.10 11:45:30.567,5.42757,5.42873,3.00,2.25
2011.06.10 11:45:30.677,5.42757,5.42863,3.00,2.25
2011.06.10 11:45:30.897,5.42758,5.42872,3.00,2.25
2011.06.10 11:45:31.119,5.42768,5.42882,3.00,2.25
2011.06.10 11:45:31.339,5.42788,5.42892,2.25,2.25
2011.06.10 11:45:31.447,5.42777,5.42883,3.00,2.25
2011.06.10 11:45:32.495,5.42777,5.42883,2.63,2.25
2011.06.10 11:45:32.808,5.42778,5.42892,2.25,3.00
2011.06.10 11:45:33.357,5.42778,5.42892,3.00,2.25
2011.06.10 11:45:33.578,5.42787,5.42903,3.00,2.47
2011.06.10 11:45:33.688,5.42797,5.42903,2.25,2.47
2011.06.10 11:45:34.487,5.42797,5.42903,2.25,2.85
2011.06.10 11:45:34.707,5.42788,5.42892,2.63,2.25
2011.06.10 11:45:36.811,5.42788,5.42892,2.25,2.25
2011.06.10 11:45:37.918,5.42788,5.42892,3.00,2.25
2011.06.10 11:45:38.393,5.42823,5.42932,1.13,2.25
2011.06.10 11:45:38.510,5.42838,5.42923,1.50,2.25
2011.06.10 11:45:38.620,5.42838,5.4299,1.50,1.20
2011.06.10 11:45:41.866,5.42817,5.4299,1.50,1.20
2011.06.10 11:45:42.198,5.42848,5.42962,2.25,3.00
2011.06.10 11:45:42.311,5.42837,5.42943,2.63,2.25
2011.06.10 11:45:42.830,5.42827,5.42943,2.25,3.22
2011.06.10 11:45:42.948,5.42818,5.42922,2.25,2.25
2011.06.10 11:45:44.197,5.42827,5.42933,3.00,2.25
2011.06.10 11:45:44.530,5.42837,5.42943,3.00,2.25
2011.06.10 11:45:44.636,5.42848,5.42962,2.63,2.63
2011.06.10 11:45:46.188,5.42857,5.42963,2.25,2.25
2011.06.10 11:45:46.517,5.42857,5.42963,3.00,2.25
2011.06.10 11:45:47.764,5.42848,5.42962,3.00,2.25
2011.06.10 11:45:48.126,5.42858,5.42952,2.63,2.25
2011.06.10 11:45:48.236,5.42858,5.42952,2.25,2.25
2011.06.10 11:45:48.346,5.42857,5.42963,2.25,2.63
2011.06.10 11:45:49.117,5.42868,5.42962,2.25,2.63
2011.06.10 11:45:49.446,5.42868,5.42962,2.25,2.25
2011.06.10 11:45:50.257,5.42868,5.42962,2.25,3.00
2011.06.10 11:45:50.368,5.42858,5.42952,2.25,2.25
2011.06.10 11:45:50.477,5.42847,5.42953,2.25,2.63
2011.06.10 11:45:50.807,5.42858,5.42952,2.25,2.25
2011.06.10 11:45:51.356,5.42847,5.42953,2.25,2.63
2011.06.10 11:46:01.107,5.42857,5.42953,2.25,2.25
2011.06.10 11:46:01.438,5.42857,5.42963,2.25,3.00
2011.06.10 11:46:01.549,5.42867,5.42963,2.25,3.00
2011.06.10 11:46:01.659,5.42867,5.42973,2.25,2.63
2011.06.10 11:46:02.759,5.42878,5.42982,2.25,3.22
2011.06.10 11:46:03.087,5.42877,5.42983,2.25,2.47
2011.06.10 11:46:03.197,5.42868,5.42982,3.00,2.47
2011.06.10 11:46:03.307,5.42868,5.42982,2.25,3.22
2011.06.10 11:46:03.638,5.42847,5.42953,2.63,2.25
2011.06.10 11:46:03.858,5.42847,5.42963,2.63,2.63
2011.06.10 11:46:04.567,5.42847,5.42963,2.63,2.63
2011.06.10 11:46:04.946,5.42857,5.42963,2.25,2.63
2011.06.10 11:46:05.287,5.42848,5.42953,1.13,2.25
2011.06.10 11:46:06.397,5.42858,5.42962,2.25,2.25
2011.06.10 11:46:06.727,5.42858,5.42972,2.25,3.00
2011.06.10 11:46:07.467,5.42857,5.42963,2.25,2.25
2011.06.10 11:46:07.877,5.42857,5.42963,2.25,3.00
2011.06.10 11:46:08.361,5.42818,5.42922,2.25,2.25
2011.06.10 11:46:11.727,5.42818,5.42922,3.00,2.25
2011.06.10 11:46:11.836,5.42828,5.42932,2.25,2.25
2011.06.10 11:46:12.627,5.42837,5.42943,2.25,3.00
2011.06.10 11:46:12.737,5.42827,5.42943,2.25,3.00
2011.06.10 11:46:13.258,5.42827,5.42943,2.63,2.63
2011.06.10 11:46:13.587,5.42807,5.42991,1.50,1.20
2011.06.10 11:46:16.456,5.42848,5.42952,2.25,2.25
2011.06.10 11:46:17.007,5.42838,5.42942,3.00,2.25
2011.06.10 11:46:17.557,5.42837,5.42953,3.00,2.25
2011.06.10 11:46:18.146,5.42837,5.42953,3.00,2.25
2011.06.10 11:46:20.117,5.42837,5.42953,2.63,2.63
2011.06.10 11:46:20.337,5.42847,5.42953,2.25,2.63
2011.06.10 11:46:20.669,5.42848,5.42962,2.63,2.63
2011.06.10 11:46:20.887,5.42847,5.42953,3.00,2.25
2011.06.10 11:46:21.236,5.42848,5.42962,2.63,2.63
2011.06.10 11:46:24.128,5.42848,5.42962,3.00,2.25
2011.06.10 11:46:24.241,5.42858,5.42962,2.25,2.25
2011.06.10 11:46:25.167,5.42858,5.42962,3.00,2.25
2011.06.10 11:46:25.497,5.42858,5.42972,3.00,2.25
2011.06.10 11:46:25.768,5.42858,5.42972,3.00,2.25
2011.06.10 11:46:25.989,5.42858,5.42972,3.00,2.25
2011.06.10 11:46:28.829,5.42857,5.42963,3.00,2.25
2011.06.10 11:46:29.518,5.42848,5.42962,3.00,2.25
2011.06.10 11:46:30.177,5.42857,5.42963,3.00,2.25
2011.06.10 11:46:30.637,5.42857,5.42963,3.00,2.25
2011.06.10 11:46:31.078,5.42868,5.42982,3.00,2.25
2011.06.10 11:46:31.188,5.42858,5.42962,2.25,2.25
2011.06.10 11:46:37.762,5.42858,5.42962,2.63,2.25
2011.06.10 11:46:37.987,5.42857,5.42973,2.63,2.63
2011.06.10 11:46:39.810,5.42857,5.42973,3.00,2.25
2011.06.10 11:46:44.617,5.42897,5.43013,2.63,3.07
2011.06.10 11:46:44.733,5.42897,5.43013,2.63,2.63
2011.06.10 11:46:47.527,5.42897,5.43013,2.63,2.63
2011.06.10 11:46:51.161,5.42897,5.43013,2.25,3.00
2011.06.10 11:46:51.487,5.42887,5.42993,2.25,2.25
2011.06.10 11:46:52.338,5.42887,5.42993,2.63,2.25
2011.06.10 11:46:54.491,5.42887,5.42993,2.25,2.63
2011.06.10 11:46:54.707,5.42878,5.42982,2.25,2.25
2011.06.10 11:46:55.387,5.42868,5.42972,3.00,2.25
2011.06.10 11:46:55.607,5.42868,5.42972,2.25,2.25
2011.06.10 11:46:57.427,5.42858,5.42962,3.00,2.25
2011.06.10 11:46:58.016,5.42858,5.42962,3.00,2.25
2011.06.10 11:46:58.667,5.42868,5.42982,2.25,3.00
2011.06.10 11:47:00.080,5.42868,5.42982,2.25,3.00
2011.06.10 11:47:00.739,5.42848,5.42952,3.00,2.25
2011.06.10 11:47:01.159,5.42848,5.42952,2.25,2.25
2011.06.10 11:47:01.618,5.42837,5.42953,2.25,3.00
2011.06.10 11:47:01.950,5.42808,5.42912,2.25,2.25
2011.06.10 11:47:03.237,5.42808,5.42912,2.63,2.25
2011.06.10 11:47:03.557,5.42808,5.42912,3.00,2.25
2011.06.10 11:47:03.779,5.42817,5.42933,3.00,2.25
2011.06.10 11:47:04.327,5.42807,5.42923,3.00,2.25
2011.06.10 11:47:06.317,5.42807,5.42923,3.00,2.25
2011.06.10 11:47:08.659,5.42807,5.42923,3.00,2.25
2011.06.10 11:47:08.877,5.42828,5.42942,2.63,2.63
2011.06.10 11:47:08.989,5.42828,5.42942,3.00,2.25
2011.06.10 11:47:09.097,5.42847,5.42953,2.63,2.25
2011.06.10 11:47:09.758,5.42837,5.42953,2.25,3.00
2011.06.10 11:47:09.868,5.42817,5.42933,3.00,2.25
2011.06.10 11:47:10.348,5.42818,5.42942,3.00,3.00
2011.06.10 11:47:10.458,5.42827,5.42943,2.25,3.00
2011.06.10 11:47:11.248,5.42827,5.42943,3.00,2.25
2011.06.10 11:47:11.988,5.42828,5.42932,3.00,2.25
2011.06.10 11:47:12.318,5.42828,5.42932,2.63,2.25
2011.06.10 11:47:14.397,5.42828,5.42932,3.00,2.25
2011.06.10 11:47:14.618,5.42837,5.42943,2.25,2.25
2011.06.10 11:47:15.597,5.42837,5.42943,3.00,2.25
2011.06.10 11:47:15.817,5.42838,5.42952,3.00,2.25
2011.06.10 11:47:16.812,5.42838,5.42952,2.63,2.25
2011.06.10 11:47:17.447,5.42848,5.42952,2.25,2.25
2011.06.10 11:47:17.780,5.42848,5.42952,3.00,2.25
2011.06.10 11:47:19.112,5.42867,5.43031,1.50,1.20
2011.06.10 11:47:20.417,5.42856,5.43031,1.50,1.20
2011.06.10 11:47:21.651,5.42847,5.43023,2.25,1.20
2011.06.10 11:47:22.327,5.42888,5.42992,2.25,2.63
2011.06.10 11:47:23.979,5.42878,5.42992,3.00,2.25
2011.06.10 11:47:25.999,5.42878,5.42992,3.00,2.25
2011.06.10 11:47:26.798,5.42887,5.42993,2.63,2.25
2011.06.10 11:47:28.127,5.42897,5.43003,2.25,3.00
2011.06.10 11:47:28.670,5.42898,5.43012,2.25,3.00
2011.06.10 11:47:29.210,5.42898,5.43012,2.63,2.63
2011.06.10 11:47:30.218,5.42898,5.43012,3.00,2.25
2011.06.10 11:47:30.458,5.42898,5.43012,3.00,2.25
2011.06.10 11:47:30.680,5.42908,5.43022,3.00,2.25
2011.06.10 11:47:30.789,5.42928,5.43032,2.25,2.25
2011.06.10 11:47:31.009,5.42938,5.43042,2.25,2.63
2011.06.10 11:47:31.897,5.42938,5.43042,2.25,2.25
2011.06.10 11:47:33.608,5.42938,5.43042,2.25,3.00
2011.06.10 11:47:33.939,5.42918,5.43022,2.63,2.25
2011.06.10 11:47:35.212,5.42918,5.43022,2.25,2.25
2011.06.10 11:47:35.547,5.42908,5.43022,3.00,2.25
2011.06.10 11:47:35.877,5.42917,5.43023,2.25,2.25
2011.06.10 11:47:37.971,5.42917,5.43023,2.63,2.25
2011.06.10 11:47:40.044,5.42917,5.43023,2.25,2.25
2011.06.10 11:47:40.930,5.42917,5.43023,2.25,3.00
2011.06.10 11:47:41.260,5.42897,5.43003,3.00,2.25
2011.06.10 11:47:41.369,5.42908,5.43012,2.25,2.25
2011.06.10 11:47:52.927,5.42908,5.43022,2.25,2.63
2011.06.10 11:47:54.179,5.42908,5.43022,2.25,2.63
2011.06.10 11:47:54.398,5.42907,5.43013,2.25,2.25
2011.06.10 11:47:54.727,5.42888,5.43002,3.00,2.25
2011.06.10 11:47:54.837,5.42907,5.43013,2.63,2.25
2011.06.10 11:47:55.821,5.42907,5.43013,2.25,2.25
2011.06.10 11:47:55.928,5.42898,5.43012,3.00,2.25
2011.06.10 11:48:01.787,5.42907,5.43013,2.25,2.25
2011.06.10 11:48:02.008,5.42898,5.43012,3.00,2.25
2011.06.10 11:48:02.117,5.42897,5.43003,3.00,2.25
2011.06.10 11:48:02.447,5.42877,5.42993,3.00,2.25
2011.06.10 11:48:03.067,5.42888,5.42992,2.25,2.25
2011.06.10 11:48:04.607,5.42888,5.42992,2.63,2.25
2011.06.10 11:48:04.716,5.42887,5.43003,2.63,2.63
2011.06.10 11:48:06.507,5.42887,5.43003,3.00,2.63
2011.06.10 11:48:06.838,5.42898,5.43002,2.25,2.25
2011.06.10 11:48:07.169,5.42878,5.42982,2.63,2.25
2011.06.10 11:48:07.500,5.42878,5.42992,3.00,2.25
2011.06.10 11:48:07.607,5.42897,5.43003,2.25,2.25
2011.06.10 11:48:08.338,5.42887,5.43003,3.00,2.25
2011.06.10 11:48:08.447,5.42887,5.43003,2.25,3.00
2011.06.10 11:48:08.667,5.42887,5.42993,2.25,2.25
2011.06.10 11:48:10.074,5.42857,5.42973,2.63,3.00
2011.06.10 11:48:10.190,5.42847,5.42963,3.00,2.25
2011.06.10 11:48:10.519,5.42847,5.42953,3.00,2.25
2011.06.10 11:48:11.069,5.42847,5.42953,3.00,2.25
2011.06.10 11:48:11.178,5.42857,5.42963,2.63,2.25
2011.06.10 11:48:12.437,5.42857,5.42963,2.25,2.25
2011.06.10 11:48:13.519,5.42868,5.42972,2.25,3.00
2011.06.10 11:48:13.918,5.42868,5.42972,2.25,2.63
2011.06.10 11:48:14.028,5.42858,5.42972,2.63,2.63
2011.06.10 11:48:14.249,5.42858,5.42962,2.63,2.25
2011.06.10 11:48:14.358,5.42802,5.42993,1.50,2.33
2011.06.10 11:48:15.337,5.42837,5.42943,2.25,2.63
2011.06.10 11:48:16.426,5.42837,5.42943,2.25,2.25
2011.06.10 11:48:17.119,5.42837,5.42943,3.00,2.25
2011.06.10 11:48:17.557,5.42857,5.42973,2.25,3.00
2011.06.10 11:48:17.668,5.42857,5.42963,2.25,2.25
2011.06.10 11:48:18.487,5.42857,5.42973,3.00,2.25
2011.06.10 11:48:18.707,5.42868,5.42972,2.25,2.25
2011.06.10 11:48:20.124,5.42858,5.42962,2.25,3.00
2011.06.10 11:48:20.238,5.42847,5.42953,2.25,2.25
2011.06.10 11:48:21.117,5.42848,5.42962,2.25,3.00
2011.06.10 11:48:21.601,5.42848,5.42962,2.63,2.25
2011.06.10 11:48:21.937,5.42848,5.42962,3.00,2.25
2011.06.10 11:48:22.268,5.42868,5.42982,3.00,2.25
2011.06.10 11:48:23.318,5.42878,5.42982,2.25,3.00
2011.06.10 11:48:23.427,5.42857,5.42973,3.00,2.63
2011.06.10 11:48:23.537,5.42867,5.42973,2.25,2.63
2011.06.10 11:48:24.902,5.42878,5.42982,2.25,3.00
2011.06.10 11:48:25.247,5.42878,5.42982,2.25,2.25
2011.06.10 11:48:25.467,5.42878,5.42982,3.00,2.25
2011.06.10 11:48:25.581,5.42864,5.43027,1.50,1.57
2011.06.10 11:48:25.691,5.42867,5.43039,1.50,1.20
2011.06.10 11:48:27.047,5.4287,5.43047,1.50,1.20
2011.06.10 11:48:27.817,5.42868,5.43035,1.50,1.20
2011.06.10 11:48:28.040,5.42918,5.43022,2.25,2.63
2011.06.10 11:48:28.368,5.42938,5.43032,2.25,2.25
2011.06.10 11:48:28.770,5.42937,5.43043,2.25,2.63
2011.06.10 11:48:29.779,5.42937,5.43043,2.25,3.00
2011.06.10 11:48:29.999,5.42927,5.43033,2.25,2.25
2011.06.10 11:48:30.107,5.42928,5.43022,2.25,2.25
2011.06.10 11:48:30.219,5.42918,5.43022,3.00,2.25
2011.06.10 11:48:31.037,5.42918,5.43022,2.63,2.25
2011.06.10 11:48:31.257,5.42928,5.43022,2.25,2.25
2011.06.10 11:48:31.588,5.42998,5.43102,2.25,3.23
2011.06.10 11:48:32.029,5.42998,5.43102,2.25,2.25
2011.06.10 11:48:32.138,5.43027,5.43123,2.25,2.47
2011.06.10 11:48:32.357,5.43037,5.43143,2.25,2.48
2011.06.10 11:48:32.468,5.43037,5.43143,2.25,2.25
2011.06.10 11:48:32.689,5.43068,5.43162,2.25,2.47
2011.06.10 11:48:32.798,5.43058,5.43162,2.25,2.47
2011.06.10 11:48:40.128,5.43068,5.43162,2.25,2.47
2011.06.10 11:48:40.458,5.43078,5.43202,2.25,1.20
2011.06.10 11:48:41.219,5.43077,5.43209,2.25,1.20
2011.06.10 11:48:47.316,5.43078,5.43209,2.25,1.20
2011.06.10 11:48:48.576,5.43077,5.43209,2.25,1.20
2011.06.10 11:48:53.898,5.43037,5.43187,2.25,1.20
2011.06.10 11:48:55.438,5.43037,5.43187,2.25,1.20
2011.06.10 11:48:55.768,5.43037,5.43172,2.25,1.72
2011.06.10 11:48:55.879,5.43018,5.43162,2.25,1.72
2011.06.10 11:48:56.361,5.43028,5.43164,2.25,1.20
2011.06.10 11:48:57.677,5.43017,5.43157,2.25,1.20
2011.06.10 11:48:58.319,5.43017,5.43157,2.25,1.20
2011.06.10 11:48:58.650,5.43027,5.43168,2.25,1.20
2011.06.10 11:48:59.088,5.43027,5.43168,2.25,1.20
2011.06.10 11:48:59.309,5.43038,5.43176,2.25,1.20
2011.06.10 11:48:59.859,5.43027,5.43176,2.25,1.20
2011.06.10 11:49:00.527,5.43027,5.43176,2.25,1.20
2011.06.10 11:49:02.659,5.43018,5.43168,3.00,1.20
2011.06.10 11:49:02.770,5.43028,5.43168,2.25,1.20
2011.06.10 11:49:03.823,5.43027,5.43168,2.63,1.20
2011.06.10 11:49:04.158,5.43038,5.43175,2.25,1.20
2011.06.10 11:49:04.698,5.43028,5.43175,2.25,1.20
2011.06.10 11:49:05.124,5.43028,5.43175,2.25,1.20
2011.06.10 11:49:22.222,5.43028,5.43172,2.25,1.72
2011.06.10 11:49:23.029,5.43017,5.43163,3.00,1.72
2011.06.10 11:49:26.029,5.43017,5.43163,2.25,1.72
2011.06.10 11:49:26.249,5.43007,5.43161,2.63,1.20
2011.06.10 11:49:28.775,5.43007,5.43154,2.25,1.20
2011.06.10 11:49:32.330,5.43007,5.43153,2.25,1.72
2011.06.10 11:49:32.987,5.43017,5.43154,2.25,1.20
2011.06.10 11:49:33.837,5.43017,5.43154,2.25,1.20
2011.06.10 11:49:34.281,5.43028,5.43154,2.25,1.20
2011.06.10 11:49:35.410,5.43028,5.43161,2.25,1.20
2011.06.10 11:49:39.487,5.43037,5.43174,2.25,1.20
2011.06.10 11:49:50.358,5.43048,5.43182,2.25,1.20
2011.06.10 11:49:51.529,5.43038,5.43182,2.25,1.20
2011.06.10 11:49:53.237,5.43047,5.43182,2.25,1.20
2011.06.10 11:49:53.567,5.43058,5.43182,2.25,1.20
2011.06.10 11:49:53.788,5.43058,5.43182,2.25,1.20
2011.06.10 11:49:54.770,5.43058,5.43182,2.25,1.20
2011.06.10 11:49:54.989,5.43037,5.43182,2.25,1.20
2011.06.10 11:49:55.395,5.43041,5.43216,1.50,1.20
2011.06.10 11:49:55.513,5.43041,5.43216,1.50,1.20
2011.06.10 11:49:56.359,5.43087,5.43216,2.25,1.20
2011.06.10 11:49:56.958,5.43087,5.43216,2.25,1.20
2011.06.10 11:49:57.398,5.43077,5.43216,2.25,1.20
2011.06.10 11:49:57.511,5.43087,5.43216,2.25,1.20
2011.06.10 11:50:00.167,5.43078,5.43216,2.25,1.20
2011.06.10 11:50:00.717,5.43077,5.43216,2.25,1.20
2011.06.10 11:50:02.387,5.43077,5.43216,2.25,1.20
2011.06.10 11:50:04.298,5.43077,5.43216,2.25,1.20
2011.06.10 11:50:05.069,5.43077,5.43216,2.25,1.20
2011.06.10 11:50:07.519,5.43078,5.43172,2.25,2.25
2011.06.10 11:50:08.317,5.43077,5.43183,2.25,2.25
2011.06.10 11:50:08.538,5.43067,5.43173,2.25,2.25
2011.06.10 11:50:08.984,5.43078,5.43182,2.25,2.25
2011.06.10 11:50:09.897,5.43077,5.43173,2.25,2.25
2011.06.10 11:50:10.878,5.43077,5.43183,2.25,2.25
2011.06.10 11:50:11.527,5.43077,5.43173,2.25,2.25
2011.06.10 11:50:12.387,5.43078,5.43182,2.25,2.25
2011.06.10 11:50:12.717,5.43087,5.43183,2.25,2.25
2011.06.10 11:50:13.007,5.43087,5.43193,2.25,2.85
2011.06.10 11:50:13.668,5.43087,5.43193,2.25,2.47
2011.06.10 11:50:13.887,5.43078,5.43182,2.25,2.25
2011.06.10 11:50:16.936,5.43077,5.43173,2.25,2.25
2011.06.10 11:50:17.377,5.43068,5.43172,2.25,2.25
2011.06.10 11:50:21.467,5.43077,5.43206,2.25,1.20
2011.06.10 11:50:22.310,5.43077,5.43206,2.25,1.20
2011.06.10 11:50:25.389,5.43068,5.43206,2.25,1.20
2011.06.10 11:50:25.498,5.43068,5.43206,2.25,1.20
2011.06.10 11:50:25.608,5.43057,5.43202,2.25,1.72
2011.06.10 11:50:25.718,5.43058,5.43189,2.25,1.20
2011.06.10 11:50:25.937,5.43048,5.43189,2.25,1.20
2011.06.10 11:50:29.607,5.43048,5.43189,2.25,1.20
2011.06.10 11:50:29.718,5.43058,5.43189,2.25,1.20
2011.06.10 11:50:30.638,5.43058,5.43189,2.25,1.20
2011.06.10 11:50:31.678,5.43058,5.43189,2.25,1.20
2011.06.10 11:50:33.518,5.42971,5.43147,1.50,1.57
2011.06.10 11:50:34.320,5.42971,5.43147,1.50,1.57
2011.06.10 11:50:36.757,5.42971,5.43147,1.50,1.57
2011.06.10 11:50:37.779,5.42971,5.43147,1.50,1.57
2011.06.10 11:50:38.937,5.42955,5.43133,1.50,1.73
2011.06.10 11:50:39.957,5.42996,5.43182,1.50,1.20
2011.06.10 11:50:40.177,5.42996,5.43182,1.50,1.20
2011.06.10 11:50:41.267,5.42986,5.43163,1.50,1.20
2011.06.10 11:50:42.293,5.42986,5.43168,1.50,1.20
2011.06.10 11:50:42.848,5.43013,5.43192,1.35,1.20
2011.06.10 11:50:43.727,5.43016,5.43192,1.50,1.20
2011.06.10 11:50:44.059,5.43077,5.43213,2.63,1.20
2011.06.10 11:50:44.387,5.43087,5.43213,2.25,1.20
2011.06.10 11:50:44.828,5.43078,5.43213,2.63,1.20
2011.06.10 11:50:44.937,5.43078,5.43213,2.25,1.20
2011.06.10 11:50:45.876,5.43077,5.43213,2.25,1.20
2011.06.10 11:50:49.517,5.43077,5.43213,2.25,1.20
2011.06.10 11:50:51.276,5.43077,5.43213,2.25,1.20
2011.06.10 11:50:54.228,5.43077,5.43213,2.25,1.20
2011.06.10 11:50:54.786,5.43087,5.43213,2.25,1.20
2011.06.10 11:50:55.011,5.43107,5.43227,2.25,1.20
2011.06.10 11:50:55.241,5.43117,5.43238,2.25,1.20
2011.06.10 11:50:55.361,5.43107,5.43238,2.25,1.20
2011.06.10 11:50:55.697,5.43098,5.43238,2.25,1.20
2011.06.10 11:50:55.808,5.43088,5.43233,2.63,1.20
2011.06.10 11:50:56.248,5.43098,5.43233,2.25,1.20
2011.06.10 11:50:58.377,5.43087,5.43233,2.25,1.20
2011.06.10 11:50:58.928,5.43087,5.43233,2.25,1.20
2011.06.10 11:50:59.039,5.43078,5.43221,2.25,1.20
2011.06.10 11:50:59.527,5.43087,5.43213,2.25,1.20
2011.06.10 11:51:00.748,5.43087,5.43213,2.25,1.20
2011.06.10 11:51:03.487,5.43088,5.43218,2.25,1.20
2011.06.10 11:51:04.867,5.43088,5.43218,2.25,1.20
2011.06.10 11:51:04.977,5.43078,5.43213,2.25,1.20
2011.06.10 11:51:10.632,5.43078,5.43213,3.00,1.20
2011.06.10 11:51:10.857,5.43078,5.43217,2.25,1.20
2011.06.10 11:51:12.996,5.43078,5.43217,2.25,1.20
2011.06.10 11:51:14.047,5.43088,5.43213,2.25,1.20
2011.06.10 11:51:14.249,5.43088,5.43213,2.25,1.20
2011.06.10 11:51:18.033,5.42991,5.43163,1.50,1.72
2011.06.10 11:51:18.153,5.43007,5.43143,2.25,1.20
2011.06.10 11:51:19.047,5.43007,5.43143,2.25,1.20
2011.06.10 11:51:20.218,5.43007,5.43143,2.25,1.20
2011.06.10 11:51:25.148,5.43007,5.43142,2.63,1.20
2011.06.10 11:51:25.369,5.43017,5.43142,2.25,1.20
2011.06.10 11:51:25.808,5.43028,5.43152,2.25,1.20
2011.06.10 11:51:27.032,5.43028,5.43152,2.25,1.20
2011.06.10 11:51:27.367,5.43017,5.43152,2.25,1.20
2011.06.10 11:51:27.697,5.43008,5.43143,2.25,1.20
2011.06.10 11:51:28.257,5.43008,5.43143,2.25,1.20
2011.06.10 11:51:28.697,5.42998,5.43142,2.25,1.80
2011.06.10 11:51:29.578,5.43017,5.43142,2.25,1.57
2011.06.10 11:51:29.689,5.43008,5.43142,2.25,1.57
2011.06.10 11:51:31.279,5.43008,5.43142,2.25,1.57
2011.06.10 11:51:36.517,5.43008,5.43142,2.25,1.57
2011.06.10 11:51:36.629,5.42997,5.43142,2.25,1.57
2011.06.10 11:51:37.178,5.42997,5.43142,3.00,1.80
2011.06.10 11:51:37.508,5.43047,5.43153,2.25,1.73
2011.06.10 11:51:37.728,5.43047,5.43193,2.25,1.20
2011.06.10 11:51:38.429,5.43028,5.43193,3.75,1.20
2011.06.10 11:51:38.539,5.43028,5.43177,3.00,1.20
2011.06.10 11:51:38.867,5.43028,5.43173,2.25,1.20
2011.06.10 11:51:39.198,5.43037,5.43174,2.25,1.20
2011.06.10 11:51:40.749,5.43037,5.43174,2.25,1.20
2011.06.10 11:51:42.999,5.43037,5.43174,3.00,1.20
2011.06.10 11:51:44.047,5.43037,5.43174,2.25,1.20
2011.06.10 11:51:46.164,5.43037,5.43168,2.25,1.20
2011.06.10 11:51:46.844,5.43028,5.43156,2.25,1.20
2011.06.10 11:51:46.958,5.43018,5.43156,2.25,1.20
2011.06.10 11:51:47.178,5.43028,5.43156,2.25,1.20
2011.06.10 11:51:47.779,5.43028,5.43156,2.25,1.20
2011.06.10 11:51:48.629,5.43038,5.43167,2.25,1.20
2011.06.10 11:51:48.847,5.43028,5.43167,2.25,1.20
2011.06.10 11:51:48.957,5.43037,5.43167,2.25,1.20
2011.06.10 11:51:50.459,5.43037,5.43167,2.25,1.20
2011.06.10 11:51:52.667,5.43037,5.43167,2.25,1.20
2011.06.10 11:51:53.417,5.43047,5.43178,2.25,1.20
2011.06.10 11:51:53.908,5.43038,5.43178,2.25,1.20
2011.06.10 11:51:54.018,5.43038,5.43178,2.25,1.20
2011.06.10 11:51:56.268,5.43038,5.43178,2.25,1.20
2011.06.10 11:51:57.279,5.43047,5.4318,2.25,1.20
2011.06.10 11:51:58.088,5.43047,5.4318,2.25,1.20
2011.06.10 11:51:58.871,5.43047,5.4318,2.25,1.20
2011.06.10 11:51:59.099,5.43028,5.43153,2.25,1.20
2011.06.10 11:51:59.207,5.43018,5.43153,2.25,1.20
2011.06.10 11:52:00.007,5.43018,5.43153,2.25,1.20
2011.06.10 11:52:01.538,5.43018,5.43153,2.25,1.20
2011.06.10 11:52:01.868,5.43007,5.43153,2.25,1.20
2011.06.10 11:52:01.977,5.42998,5.43141,2.63,1.20
2011.06.10 11:52:04.458,5.43008,5.43132,2.25,1.20
2011.06.10 11:52:04.568,5.42988,5.43133,2.63,1.20
2011.06.10 11:52:05.008,5.42988,5.43126,2.25,1.20
2011.06.10 11:52:05.229,5.42978,5.43126,2.25,1.20
2011.06.10 11:52:05.557,5.42978,5.43113,2.25,1.20
2011.06.10 11:52:05.778,5.42958,5.43096,2.25,1.20
2011.06.10 11:52:06.452,5.42957,5.43096,2.25,1.20
2011.06.10 11:52:06.574,5.42978,5.43112,1.50,1.20
2011.06.10 11:52:06.692,5.42988,5.43112,2.25,1.20
2011.06.10 11:52:07.030,5.42988,5.43142,1.50,1.20
2011.06.10 11:52:07.142,5.42988,5.43142,1.13,1.20
2011.06.10 11:52:07.367,5.42988,5.43142,1.50,1.20
2011.06.10 11:52:07.698,5.42967,5.43119,2.25,1.20
2011.06.10 11:52:08.479,5.42977,5.43103,2.25,1.20
2011.06.10 11:52:08.698,5.42988,5.43113,2.25,1.20
2011.06.10 11:52:08.918,5.42977,5.43113,2.25,1.20
2011.06.10 11:52:09.247,5.42987,5.43113,2.25,1.20
2011.06.10 11:52:10.238,5.42987,5.43113,2.25,1.20
2011.06.10 11:52:10.460,5.42938,5.43093,1.13,1.20
2011.06.10 11:52:11.716,5.42917,5.43079,1.50,1.20
2011.06.10 11:52:16.509,5.42927,5.43079,2.63,1.20
2011.06.10 11:52:17.280,5.42927,5.43079,2.25,1.20
2011.06.10 11:52:17.647,5.42918,5.43066,2.63,1.20
2011.06.10 11:52:17.979,5.42908,5.43002,3.00,2.10
2011.06.10 11:52:18.090,5.42908,5.42981,2.25,4.35
2011.06.10 11:52:18.198,5.42854,5.43005,1.50,3.75
2011.06.10 11:52:18.309,5.42854,5.43025,1.50,1.35
2011.06.10 11:52:18.857,5.42854,5.43025,1.50,1.35
2011.06.10 11:52:19.421,5.42857,5.43025,3.00,1.35
2011.06.10 11:52:20.108,5.42853,5.43017,1.50,1.35
2011.06.10 11:52:20.438,5.42853,5.4303,1.50,1.35
2011.06.10 11:52:21.921,5.42848,5.43019,3.00,1.35
2011.06.10 11:52:26.449,5.42843,5.43032,1.50,4.13
2011.06.10 11:52:26.780,5.42857,5.43037,3.00,4.50
2011.06.10 11:52:27.550,5.42857,5.43036,3.00,4.13
2011.06.10 11:52:29.538,5.42857,5.43041,3.00,4.50
2011.06.10 11:52:30.868,5.42857,5.43044,3.00,4.72
2011.06.10 11:52:31.197,5.42848,5.43026,3.00,4.50
2011.06.10 11:52:31.418,5.42848,5.43026,3.00,4.50
2011.06.10 11:52:31.968,5.42848,5.43026,3.00,4.50
2011.06.10 11:52:32.409,5.42848,5.43026,3.00,4.50
2011.06.10 11:52:32.859,5.42837,5.43026,3.00,4.73
2011.06.10 11:52:32.975,5.42817,5.43006,3.00,1.57
2011.06.10 11:52:34.288,5.42827,5.43006,3.00,5.32
2011.06.10 11:52:35.768,5.42837,5.43006,1.50,1.57
2011.06.10 11:52:35.878,5.42837,5.43006,1.50,1.57
2011.06.10 11:52:37.020,5.42847,5.43006,3.00,1.57
2011.06.10 11:52:37.348,5.42847,5.43006,2.25,1.57
2011.06.10 11:52:37.677,5.42818,5.43006,1.50,1.57
2011.06.10 11:52:37.788,5.42818,5.43006,1.50,1.57
2011.06.10 11:52:39.878,5.42827,5.43006,1.50,1.57
2011.06.10 11:52:40.930,5.42821,5.43006,1.50,1.57
2011.06.10 11:52:42.007,5.42821,5.43006,1.50,1.57
2011.06.10 11:52:42.670,5.42821,5.43003,1.50,4.72
2011.06.10 11:52:42.780,5.4281,5.42988,1.50,4.50
2011.06.10 11:52:42.997,5.42808,5.42999,1.50,4.50
2011.06.10 11:52:43.219,5.42823,5.42999,1.50,4.50
2011.06.10 11:52:43.329,5.42818,5.42999,1.50,4.50
2011.06.10 11:52:43.548,5.42818,5.42999,1.50,4.50
2011.06.10 11:52:45.369,5.42818,5.43006,1.50,1.57
2011.06.10 11:52:45.697,5.42827,5.43006,3.75,1.57
2011.06.10 11:52:45.807,5.42827,5.43006,3.00,1.57
2011.06.10 11:52:46.908,5.42817,5.43006,3.75,1.57
2011.06.10 11:52:48.189,5.42818,5.43002,1.50,4.72
2011.06.10 11:52:48.407,5.42817,5.42992,3.00,4.50
2011.06.10 11:52:49.017,5.42802,5.42992,1.50,4.50
2011.06.10 11:52:49.741,5.42808,5.43002,3.00,1.20
2011.06.10 11:52:50.391,5.42808,5.43006,1.50,1.57
2011.06.10 11:52:50.607,5.42817,5.42996,3.00,4.50
2011.06.10 11:52:51.047,5.42828,5.43006,1.50,1.57
2011.06.10 11:52:51.620,5.42828,5.43006,1.50,1.57
2011.06.10 11:52:53.819,5.42828,5.43006,1.50,1.57
2011.06.10 11:52:54.048,5.42827,5.43006,3.00,1.57
2011.06.10 11:52:54.929,5.42817,5.42996,3.00,4.50
2011.06.10 11:52:55.392,5.42808,5.42996,2.25,4.50
2011.06.10 11:52:55.620,5.42808,5.42988,1.50,4.50
2011.06.10 11:52:55.841,5.42798,5.42972,1.29,4.50
2011.06.10 11:52:55.950,5.42798,5.42972,1.29,4.50
2011.06.10 11:52:56.281,5.42798,5.4296,1.29,1.35
2011.06.10 11:52:56.400,5.42798,5.4296,2.25,1.57
2011.06.10 11:52:56.511,5.42787,5.4296,3.00,1.57
2011.06.10 11:52:57.408,5.42796,5.4296,1.50,1.57
2011.06.10 11:52:57.967,5.42807,5.4296,1.50,1.35
2011.06.10 11:52:58.947,5.42807,5.4296,1.50,1.35
2011.06.10 11:53:00.493,5.42807,5.4296,1.50,1.35
2011.06.10 11:53:02.049,5.42787,5.4296,3.00,1.35
2011.06.10 11:53:02.379,5.42776,5.4296,1.50,1.35
2011.06.10 11:53:02.999,5.42776,5.4296,1.50,1.35
2011.06.10 11:53:03.988,5.42782,5.4296,1.50,1.35
2011.06.10 11:53:04.442,5.42782,5.4296,1.50,1.35
2011.06.10 11:53:04.670,5.42807,5.42988,2.25,4.57
2011.06.10 11:53:04.888,5.42827,5.42991,2.25,4.73
2011.06.10 11:53:05.219,5.42838,5.42989,2.25,1.20
2011.06.10 11:53:05.328,5.42838,5.42989,2.25,1.20
2011.06.10 11:53:05.439,5.42848,5.42995,2.25,1.58
2011.06.10 11:53:05.769,5.42857,5.42995,2.25,1.58
2011.06.10 11:53:05.878,5.42848,5.42995,2.25,1.58
2011.06.10 11:53:05.987,5.42848,5.42974,2.25,1.20
2011.06.10 11:53:07.318,5.42847,5.42983,2.25,1.20
2011.06.10 11:53:08.969,5.42847,5.42971,2.25,1.20
2011.06.10 11:53:09.189,5.42837,5.42971,2.25,1.20
2011.06.10 11:53:09.847,5.42837,5.42971,3.00,1.20
2011.06.10 11:53:10.067,5.42848,5.42971,2.25,1.20
2011.06.10 11:53:11.258,5.42848,5.42971,2.25,1.20
2011.06.10 11:53:12.303,5.42848,5.42971,2.25,1.20
2011.06.10 11:53:12.638,5.42817,5.42971,3.00,1.20
2011.06.10 11:53:13.458,5.42827,5.42963,3.38,1.20
2011.06.10 11:53:13.567,5.42837,5.42963,2.25,1.20
2011.06.10 11:53:14.427,5.42837,5.42963,3.00,1.20
2011.06.10 11:53:15.048,5.42837,5.42963,2.25,1.20
2011.06.10 11:53:15.970,5.42837,5.42963,2.25,1.20
2011.06.10 11:53:16.079,5.42828,5.42963,3.00,1.20
2011.06.10 11:53:16.187,5.42828,5.42963,3.00,1.20
2011.06.10 11:53:16.297,5.42828,5.42963,2.25,1.20
2011.06.10 11:53:17.089,5.42828,5.42963,2.25,1.20
2011.06.10 11:53:17.637,5.42827,5.42963,2.25,1.20
2011.06.10 11:53:18.533,5.42827,5.42963,3.00,1.20
2011.06.10 11:53:18.655,5.42817,5.42963,3.38,1.20
2011.06.10 11:53:18.771,5.42817,5.42963,3.00,1.20
2011.06.10 11:53:19.098,5.42808,5.42963,1.13,1.20
2011.06.10 11:53:19.558,5.42818,5.42963,3.00,1.20
2011.06.10 11:53:19.960,5.42818,5.42963,3.00,1.20
2011.06.10 11:53:20.178,5.42818,5.42963,3.00,1.20
2011.06.10 11:53:20.398,5.42827,5.42965,3.38,1.20
2011.06.10 11:53:20.507,5.4283,5.42965,1.13,1.20
2011.06.10 11:53:22.319,5.4283,5.42965,1.13,1.20
2011.06.10 11:53:22.588,5.42828,5.42965,1.13,1.20
2011.06.10 11:53:25.899,5.42837,5.42977,1.50,1.20
2011.06.10 11:53:26.227,5.42848,5.42981,2.25,1.20
2011.06.10 11:53:26.808,5.42848,5.42995,3.00,1.20
2011.06.10 11:53:27.031,5.42848,5.43003,3.00,1.20
2011.06.10 11:53:27.151,5.42859,5.43034,1.50,1.20
2011.06.10 11:53:27.369,5.42868,5.43034,1.50,1.20
2011.06.10 11:53:27.478,5.42899,5.43034,1.13,1.20
2011.06.10 11:53:27.810,5.42884,5.4305,1.13,1.20
2011.06.10 11:53:28.968,5.4289,5.43056,1.13,1.20
2011.06.10 11:53:29.299,5.4289,5.43056,1.13,1.20
2011.06.10 11:53:29.408,5.42888,5.43056,1.13,1.20
2011.06.10 11:53:29.518,5.42898,5.43056,2.25,1.20
2011.06.10 11:53:30.148,5.42898,5.43035,2.25,1.20
2011.06.10 11:53:30.369,5.42877,5.4303,2.25,1.20
2011.06.10 11:53:30.808,5.42887,5.4303,2.25,1.20
2011.06.10 11:53:32.558,5.42887,5.43015,2.25,1.20
2011.06.10 11:53:33.106,5.42837,5.43003,1.13,1.20
2011.06.10 11:53:33.439,5.42837,5.43003,1.13,1.20
2011.06.10 11:53:33.661,5.42861,5.43017,1.13,1.20
2011.06.10 11:53:33.781,5.42861,5.43034,1.13,4.20
2011.06.10 11:53:34.909,5.42867,5.43034,1.13,1.20
2011.06.10 11:53:35.979,5.42897,5.43042,2.25,1.57
2011.06.10 11:53:36.310,5.42897,5.43053,3.00,1.20
2011.06.10 11:53:36.420,5.42928,5.43053,2.25,1.20
2011.06.10 11:53:36.533,5.42928,5.4306,2.25,1.20
2011.06.10 11:53:36.649,5.42928,5.4306,3.00,1.20
2011.06.10 11:53:37.950,5.42937,5.43072,2.25,1.20
2011.06.10 11:53:38.940,5.42927,5.43072,2.25,1.20
2011.06.10 11:53:39.159,5.42917,5.43058,2.25,1.20
2011.06.10 11:53:39.378,5.42907,5.43058,3.00,1.20
2011.06.10 11:53:39.799,5.42908,5.43076,1.50,1.20
2011.06.10 11:53:40.129,5.42909,5.43102,2.10,1.20
2011.06.10 11:53:40.244,5.42909,5.43092,2.10,1.20
2011.06.10 11:53:40.580,5.42923,5.43087,1.13,1.20
2011.06.10 11:53:43.593,5.42928,5.43093,3.00,1.20
2011.06.10 11:53:43.708,5.42947,5.43093,2.25,1.20
2011.06.10 11:53:44.037,5.42938,5.43093,2.25,1.20
2011.06.10 11:53:45.029,5.42928,5.43078,2.25,1.20
2011.06.10 11:53:45.142,5.42928,5.43078,2.25,1.20
2011.06.10 11:53:45.258,5.42918,5.43078,2.25,1.20
2011.06.10 11:53:46.468,5.42917,5.43078,3.00,1.20
2011.06.10 11:53:46.689,5.42917,5.43074,3.00,1.20
2011.06.10 11:53:47.388,5.42923,5.43079,1.13,1.20
2011.06.10 11:53:47.607,5.42923,5.43087,1.13,1.20
2011.06.10 11:53:49.156,5.42937,5.43079,2.25,1.20
2011.06.10 11:53:49.271,5.42915,5.43079,1.13,1.20
2011.06.10 11:53:49.379,5.42937,5.43079,2.25,1.20
2011.06.10 11:53:50.109,5.42937,5.43072,2.25,1.20
2011.06.10 11:53:50.440,5.42918,5.43072,2.25,1.20
2011.06.10 11:53:50.987,5.42908,5.43072,3.00,1.20
2011.06.10 11:53:51.318,5.42908,5.43066,3.00,1.73
2011.06.10 11:53:52.537,5.42908,5.43066,3.00,1.73
2011.06.10 11:53:53.398,5.42908,5.43066,3.00,1.73
2011.06.10 11:53:56.700,5.42908,5.43066,3.00,1.73
2011.06.10 11:53:57.028,5.42908,5.43066,3.00,1.73
2011.06.10 11:53:57.789,5.42898,5.43058,3.00,1.73
2011.06.10 11:53:58.129,5.42898,5.43058,3.00,1.73
2011.06.10 11:53:59.549,5.42908,5.43066,3.00,1.73
2011.06.10 11:54:00.779,5.42908,5.43066,3.00,1.73
2011.06.10 11:54:01.001,5.42917,5.43072,3.00,1.20
2011.06.10 11:54:01.375,5.42917,5.43072,3.00,1.20
2011.06.10 11:54:02.507,5.42917,5.43072,3.00,1.20
2011.06.10 11:54:02.770,5.42917,5.43072,3.00,1.20
2011.06.10 11:54:02.998,5.42917,5.43072,3.00,1.20
2011.06.10 11:54:03.751,5.42908,5.43072,3.00,1.20
2011.06.10 11:54:03.968,5.42908,5.43072,3.00,1.20
2011.06.10 11:54:04.738,5.42908,5.43072,3.00,1.95
2011.06.10 11:54:05.719,5.42908,5.43072,3.00,1.95
2011.06.10 11:54:06.598,5.42918,5.43072,3.00,1.95
2011.06.10 11:54:06.709,5.42918,5.43072,3.00,1.95
2011.06.10 11:54:06.818,5.42918,5.43072,3.00,1.95
2011.06.10 11:54:07.039,5.42908,5.43072,3.00,1.95
2011.06.10 11:54:07.588,5.42908,5.43072,3.00,1.95
2011.06.10 11:54:08.350,5.42908,5.43072,3.00,1.95
2011.06.10 11:54:09.171,5.42918,5.43072,3.00,1.20
2011.06.10 11:54:09.498,5.42918,5.43072,3.00,1.20
2011.06.10 11:54:10.031,5.42918,5.43072,3.00,1.20
2011.06.10 11:54:10.247,5.42918,5.43072,3.00,1.20
2011.06.10 11:54:11.168,5.42928,5.43076,3.00,1.20
2011.06.10 11:54:11.390,5.42938,5.43113,3.00,1.20
2011.06.10 11:54:11.832,5.42948,5.43113,3.00,1.20
2011.06.10 11:54:12.168,5.42947,5.43114,3.00,1.73
2011.06.10 11:54:12.738,5.42958,5.4312,3.00,1.73
2011.06.10 11:54:13.887,5.42958,5.4312,3.00,1.73
2011.06.10 11:54:13.998,5.42947,5.43112,3.00,1.20
2011.06.10 11:54:18.167,5.42947,5.43113,3.00,1.73
2011.06.10 11:54:18.499,5.42947,5.4312,3.00,1.73
2011.06.10 11:54:19.087,5.42958,5.4312,3.00,1.73
2011.06.10 11:54:19.320,5.42958,5.4312,3.00,1.73
2011.06.10 11:54:19.460,5.42958,5.4312,3.00,1.73
2011.06.10 11:54:19.568,5.42958,5.4312,3.00,1.73
2011.06.10 11:54:20.839,5.42967,5.43121,3.00,2.33
2011.06.10 11:54:21.947,5.42958,5.43121,3.00,2.33
2011.06.10 11:54:22.058,5.42958,5.43112,3.00,1.20
2011.06.10 11:54:22.480,5.42937,5.43106,3.00,1.73
2011.06.10 11:54:24.849,5.42937,5.43106,3.00,1.73
2011.06.10 11:54:24.958,5.42937,5.43106,3.00,1.73
2011.06.10 11:54:25.290,5.42928,5.43098,1.13,1.73
2011.06.10 11:54:25.398,5.42947,5.43106,3.00,1.73
2011.06.10 11:54:25.948,5.42947,5.43105,3.00,1.73
2011.06.10 11:54:27.683,5.42958,5.43112,3.00,1.20
2011.06.10 11:54:28.452,5.42958,5.43112,3.00,1.20
2011.06.10 11:54:28.568,5.42958,5.43112,2.25,1.20
2011.06.10 11:54:28.901,5.42948,5.43112,3.00,1.20
2011.06.10 11:54:29.010,5.42937,5.43104,3.00,1.73
2011.06.10 11:54:29.450,5.42948,5.43112,2.25,1.20
2011.06.10 11:54:29.889,5.42938,5.43104,3.00,1.73
2011.06.10 11:54:30.937,5.42938,5.43104,3.00,1.73
2011.06.10 11:54:32.738,5.42938,5.43104,3.00,1.73
2011.06.10 11:54:33.506,5.42938,5.43104,3.00,1.73
2011.06.10 11:54:33.689,5.42938,5.43104,3.00,1.73
2011.06.10 11:54:34.029,5.42928,5.43095,3.00,1.73
2011.06.10 11:54:34.138,5.42938,5.43102,3.00,1.73
2011.06.10 11:54:34.249,5.42948,5.43102,3.00,1.73
2011.06.10 11:54:34.467,5.42948,5.43102,3.00,1.73
2011.06.10 11:54:34.798,5.42948,5.43112,3.00,1.95
2011.06.10 11:54:34.907,5.42948,5.43112,3.00,1.95
2011.06.10 11:54:35.190,5.42948,5.43112,3.00,1.95
2011.06.10 11:54:35.297,5.42948,5.43112,3.00,1.95
2011.06.10 11:54:37.989,5.42938,5.43112,3.00,1.95
2011.06.10 11:54:38.209,5.42957,5.43112,3.00,1.95
2011.06.10 11:54:38.757,5.42957,5.43112,3.00,1.95
2011.06.10 11:54:39.107,5.42957,5.43112,3.00,1.95
2011.06.10 11:54:41.688,5.42957,5.43112,3.00,1.95
2011.06.10 11:54:42.068,5.42957,5.43112,3.00,1.95
2011.06.10 11:54:42.400,5.42978,5.43119,3.00,1.20
2011.06.10 11:54:42.510,5.42988,5.43127,3.00,1.20
2011.06.10 11:54:42.728,5.42988,5.43144,3.00,1.73
2011.06.10 11:54:43.418,5.42977,5.43144,3.00,1.73
2011.06.10 11:54:45.827,5.42977,5.43144,3.00,1.73
2011.06.10 11:54:45.938,5.42977,5.43144,3.00,1.73
2011.06.10 11:54:46.268,5.42978,5.43144,1.13,1.36
2011.06.10 11:54:46.379,5.42981,5.43144,1.13,1.36
2011.06.10 11:54:46.488,5.42981,5.43152,1.13,1.20
2011.06.10 11:54:46.598,5.42964,5.43152,1.13,1.20
2011.06.10 11:54:46.708,5.42964,5.43152,1.13,1.20
2011.06.10 11:54:46.928,5.42964,5.43139,1.13,1.73
2011.06.10 11:54:47.258,5.42948,5.43139,1.50,1.73
2011.06.10 11:54:48.029,5.42958,5.43139,1.13,1.73
2011.06.10 11:54:51.359,5.42946,5.4313,1.73,1.73
2011.06.10 11:54:51.577,5.42947,5.43135,1.50,1.36
2011.06.10 11:54:51.797,5.42948,5.43146,1.50,1.73
2011.06.10 11:54:51.910,5.42948,5.43146,1.13,5.48
2011.06.10 11:54:52.347,5.42948,5.43132,1.13,1.73
2011.06.10 11:54:52.678,5.42947,5.43132,1.13,1.73
2011.06.10 11:54:53.728,5.42958,5.43132,2.25,1.73
2011.06.10 11:54:54.108,5.42958,5.43132,2.25,1.73
2011.06.10 11:54:56.568,5.42958,5.43132,3.00,1.73
2011.06.10 11:54:56.679,5.42958,5.43132,3.00,1.73
2011.06.10 11:54:56.788,5.42967,5.43132,2.25,1.73
2011.06.10 11:55:02.718,5.42967,5.43148,2.63,1.73
2011.06.10 11:55:02.828,5.42967,5.43148,2.25,1.73
2011.06.10 11:55:03.268,5.42957,5.43132,2.25,1.73
2011.06.10 11:55:03.811,5.42967,5.43132,2.25,1.73
2011.06.10 11:55:03.919,5.42967,5.43132,2.25,1.73
2011.06.10 11:55:04.139,5.42977,5.43132,2.25,1.73
2011.06.10 11:55:04.358,5.42967,5.43132,2.25,1.73
2011.06.10 11:55:04.927,5.42978,5.43132,2.25,1.73
2011.06.10 11:55:06.634,5.42967,5.43132,3.00,1.73
2011.06.10 11:55:07.187,5.42967,5.43117,2.25,1.58
2011.06.10 11:55:07.517,5.42957,5.43117,2.25,1.58
2011.06.10 11:55:08.132,5.42957,5.43117,2.25,1.58
2011.06.10 11:55:08.689,5.42957,5.43117,2.25,1.58
2011.06.10 11:55:09.269,5.42957,5.43117,2.25,1.58
2011.06.10 11:55:09.488,5.42947,5.43113,2.25,1.73
2011.06.10 11:55:09.598,5.42958,5.43113,2.25,1.73
2011.06.10 11:55:10.257,5.42958,5.43117,3.00,1.58
2011.06.10 11:55:11.329,5.42958,5.43086,2.25,1.58
2011.06.10 11:55:11.451,5.42911,5.43086,1.13,1.58
2011.06.10 11:55:11.670,5.42911,5.43086,1.13,1.58
2011.06.10 11:55:11.889,5.42907,5.43086,1.13,2.33
2011.06.10 11:55:12.248,5.42911,5.43086,1.13,2.33
2011.06.10 11:55:13.159,5.42905,5.43086,1.13,2.33
2011.06.10 11:55:14.048,5.42948,5.43093,3.00,1.20
2011.06.10 11:55:16.177,5.42948,5.43093,3.00,1.20
2011.06.10 11:55:16.450,5.42948,5.43093,2.25,1.20
2011.06.10 11:55:17.005,5.42928,5.43073,3.00,1.20
2011.06.10 11:55:17.909,5.42928,5.43073,3.00,1.20
2011.06.10 11:55:19.230,5.42918,5.43073,2.63,1.20
2011.06.10 11:55:20.741,5.42908,5.43073,3.00,1.20
2011.06.10 11:55:21.658,5.42918,5.43073,1.50,1.20
2011.06.10 11:55:21.989,5.42937,5.43076,3.00,1.20
2011.06.10 11:55:22.320,5.42948,5.43082,3.00,1.57
2011.06.10 11:55:23.400,5.42948,5.43085,3.00,1.20
2011.06.10 11:55:23.622,5.42927,5.43071,2.25,1.58
2011.06.10 11:55:23.744,5.42907,5.43071,3.75,1.58
2011.06.10 11:55:24.519,5.42938,5.43073,3.00,1.20
2011.06.10 11:55:26.701,5.42937,5.43081,3.00,1.20
2011.06.10 11:55:27.908,5.42937,5.43081,3.00,1.20
2011.06.10 11:55:29.088,5.42938,5.43081,3.00,1.20
2011.06.10 11:55:31.299,5.42938,5.43081,3.00,1.20
2011.06.10 11:55:32.878,5.42937,5.43078,2.25,1.57
2011.06.10 11:55:33.100,5.42918,5.43073,3.00,1.20
2011.06.10 11:55:38.328,5.42918,5.43073,2.63,1.20
2011.06.10 11:55:39.761,5.42907,5.43073,3.00,1.20
2011.06.10 11:55:40.988,5.42907,5.43073,3.00,1.20
2011.06.10 11:55:41.869,5.42917,5.43073,3.00,1.20
2011.06.10 11:55:42.868,5.42928,5.43073,3.00,1.20
2011.06.10 11:55:45.288,5.42938,5.43073,2.25,1.20
2011.06.10 11:55:45.618,5.42958,5.43091,3.00,1.73
2011.06.10 11:55:46.042,5.42958,5.43092,3.00,1.20
2011.06.10 11:55:47.659,5.42967,5.43092,2.25,1.20
2011.06.10 11:55:47.909,5.42967,5.43092,2.63,1.20
2011.06.10 11:55:48.687,5.42967,5.43092,2.63,1.20
2011.06.10 11:55:49.018,5.42978,5.43092,2.25,1.20
2011.06.10 11:55:49.621,5.42978,5.43092,2.25,1.20
2011.06.10 11:55:50.659,5.42978,5.43092,2.25,1.20
2011.06.10 11:55:54.168,5.42968,5.43092,2.63,1.20
2011.06.10 11:55:55.766,5.42968,5.43092,2.63,1.20
2011.06.10 11:55:56.817,5.42977,5.43092,2.25,1.20
2011.06.10 11:55:56.927,5.42977,5.43092,2.25,1.20
2011.06.10 11:55:57.877,5.42968,5.43092,3.00,1.20
2011.06.10 11:56:00.668,5.42968,5.43092,2.25,1.20
2011.06.10 11:56:01.290,5.42967,5.43092,2.25,1.20
2011.06.10 11:56:01.635,5.42967,5.43092,2.63,1.20
2011.06.10 11:56:03.559,5.42967,5.43109,3.00,1.20
2011.06.10 11:56:03.779,5.43008,5.43132,2.25,1.20
2011.06.10 11:56:05.849,5.43008,5.43132,2.25,1.20
2011.06.10 11:56:05.959,5.43017,5.43137,2.25,1.20
2011.06.10 11:56:06.179,5.42987,5.43132,2.25,1.20
2011.06.10 11:56:07.219,5.42997,5.43134,2.25,1.20
2011.06.10 11:56:08.588,5.42997,5.43132,2.25,1.20
2011.06.10 11:56:08.807,5.42987,5.43132,2.25,1.20
2011.06.10 11:56:09.748,5.42978,5.43113,2.25,1.36
2011.06.10 11:56:09.859,5.42968,5.43113,2.25,1.36
2011.06.10 11:56:10.388,5.42968,5.43113,2.25,1.36
2011.06.10 11:56:12.217,5.42967,5.43103,2.25,1.36
2011.06.10 11:56:13.039,5.42967,5.43102,2.25,1.73
2011.06.10 11:56:13.148,5.42958,5.43102,2.25,1.73
2011.06.10 11:56:13.260,5.42958,5.43092,2.25,1.73
2011.06.10 11:56:13.481,5.42927,5.43072,2.25,1.13
2011.06.10 11:56:14.718,5.42937,5.43072,2.25,1.36
2011.06.10 11:56:15.300,5.42937,5.43072,2.25,1.73
2011.06.10 11:56:15.737,5.42918,5.43063,2.25,1.73
2011.06.10 11:56:17.018,5.42918,5.43063,2.25,1.73
2011.06.10 11:56:18.251,5.42918,5.43063,2.25,1.73
2011.06.10 11:56:18.580,5.42918,5.43071,2.25,1.36
2011.06.10 11:56:18.799,5.42938,5.43071,2.25,1.36
2011.06.10 11:56:18.907,5.42927,5.43071,2.25,1.36
2011.06.10 11:56:19.238,5.42948,5.43082,2.25,1.73
2011.06.10 11:56:20.997,5.42948,5.43086,2.25,1.58
2011.06.10 11:56:23.857,5.42948,5.43082,2.25,1.36
2011.06.10 11:56:27.320,5.42948,5.43072,2.25,1.13
2011.06.10 11:56:28.768,5.42948,5.43055,2.25,1.13
2011.06.10 11:56:28.881,5.42928,5.43055,2.25,1.13
2011.06.10 11:56:29.488,5.42927,5.43055,2.25,1.13
2011.06.10 11:56:30.605,5.42927,5.43053,2.25,1.13
2011.06.10 11:56:31.899,5.42927,5.43063,2.25,1.13
2011.06.10 11:56:32.248,5.42937,5.43062,2.25,1.13
2011.06.10 11:56:32.580,5.42938,5.43052,2.25,1.50
2011.06.10 11:56:32.799,5.42917,5.43052,2.25,1.50
2011.06.10 11:56:33.130,5.42937,5.43072,2.25,1.73
2011.06.10 11:56:33.486,5.42948,5.43086,2.25,1.58
2011.06.10 11:56:33.605,5.42957,5.43086,2.25,1.58
2011.06.10 11:56:34.397,5.42957,5.43086,2.25,1.58
2011.06.10 11:56:44.722,5.42957,5.43112,2.25,1.73
2011.06.10 11:56:44.843,5.42957,5.43124,3.00,1.36
2011.06.10 11:56:44.961,5.42988,5.43124,2.25,1.36
2011.06.10 11:56:45.189,5.42988,5.43124,2.25,1.36
2011.06.10 11:56:45.408,5.42997,5.43132,2.25,1.80
2011.06.10 11:56:46.868,5.42997,5.43129,2.25,1.36
2011.06.10 11:56:47.198,5.42967,5.43104,2.25,1.13
2011.06.10 11:56:47.309,5.42967,5.43104,2.25,1.13
2011.06.10 11:56:48.758,5.42967,5.43097,2.25,1.13
2011.06.10 11:56:49.241,5.42967,5.43097,2.25,1.36
2011.06.10 11:56:49.355,5.42957,5.43097,2.25,1.36
2011.06.10 11:56:49.799,5.42957,5.43097,2.25,1.36
2011.06.10 11:56:50.239,5.42957,5.43087,2.25,1.36
2011.06.10 11:56:50.808,5.42957,5.43087,2.25,1.36
2011.06.10 11:56:51.030,5.42957,5.43104,2.25,1.36
2011.06.10 11:56:51.143,5.42987,5.43118,2.63,1.36
2011.06.10 11:56:51.369,5.42998,5.43132,2.25,1.80
2011.06.10 11:56:52.059,5.42998,5.43132,2.25,1.80
2011.06.10 11:56:52.519,5.42987,5.43113,2.25,1.73
2011.06.10 11:56:52.628,5.42978,5.43113,2.25,1.73
2011.06.10 11:56:52.958,5.42967,5.43113,2.63,1.73
2011.06.10 11:56:53.898,5.42967,5.43123,3.00,1.73
2011.06.10 11:56:54.227,5.42987,5.43123,2.25,1.73
2011.06.10 11:56:54.788,5.42987,5.43105,2.25,1.13
2011.06.10 11:56:54.898,5.42987,5.4313,2.25,1.73
2011.06.10 11:56:55.392,5.42987,5.43123,2.25,1.73
2011.06.10 11:56:55.516,5.42948,5.43103,2.25,1.73
2011.06.10 11:56:56.289,5.42948,5.43074,2.25,1.13
2011.06.10 11:56:56.402,5.42938,5.43055,2.25,1.13
2011.06.10 11:56:56.522,5.42928,5.43055,2.63,1.13
2011.06.10 11:56:57.848,5.42928,5.43055,2.63,1.13
2011.06.10 11:56:57.959,5.42928,5.43055,2.63,1.13
2011.06.10 11:56:58.070,5.42928,5.43042,2.25,1.13
2011.06.10 11:56:58.290,5.42898,5.43033,2.25,1.50
2011.06.10 11:56:58.750,5.42907,5.43033,2.25,1.50
2011.06.10 11:56:59.184,5.42907,5.43053,3.00,1.20
2011.06.10 11:56:59.304,5.42896,5.43058,1.35,1.36
2011.06.10 11:56:59.531,5.42896,5.43073,2.10,1.50
2011.06.10 11:56:59.869,5.42903,5.43082,1.50,1.73
2011.06.10 11:57:00.421,5.42903,5.43067,1.50,1.13
2011.06.10 11:57:01.218,5.42938,5.43062,2.25,1.13
2011.06.10 11:57:02.077,5.42937,5.43062,2.25,1.13
2011.06.10 11:57:02.333,5.42937,5.43066,2.63,1.13
2011.06.10 11:57:02.738,5.42937,5.43073,2.63,1.50
2011.06.10 11:57:02.847,5.42947,5.43073,2.25,1.50
2011.06.10 11:57:03.581,5.42947,5.43073,2.25,1.50
2011.06.10 11:57:03.799,5.42938,5.43062,2.25,1.13
2011.06.10 11:57:05.780,5.42927,5.43083,3.00,1.73
2011.06.10 11:57:05.998,5.42937,5.43083,2.25,1.73
2011.06.10 11:57:10.487,5.42937,5.43068,3.00,1.13
2011.06.10 11:57:10.709,5.42947,5.43073,2.25,1.50
2011.06.10 11:57:11.829,5.42947,5.43068,2.25,1.13
2011.06.10 11:57:12.050,5.42947,5.43072,2.25,1.13
2011.06.10 11:57:12.209,5.42947,5.43072,2.25,1.50
2011.06.10 11:57:12.428,5.42947,5.43073,2.25,1.50
2011.06.10 11:57:13.038,5.42948,5.43073,2.25,1.50
2011.06.10 11:57:14.141,5.42948,5.43082,2.25,1.73
2011.06.10 11:57:14.468,5.42927,5.43073,3.00,1.50
2011.06.10 11:57:14.688,5.42947,5.43083,2.25,1.73
2011.06.10 11:57:15.099,5.42947,5.43083,2.25,1.73
2011.06.10 11:57:15.319,5.42947,5.43083,2.25,1.73
2011.06.10 11:57:15.539,5.42927,5.43083,3.00,1.73
2011.06.10 11:57:15.648,5.42948,5.43083,2.25,1.73
2011.06.10 11:57:16.938,5.42947,5.43083,2.25,1.73
2011.06.10 11:57:17.740,5.42947,5.43083,2.25,1.73
2011.06.10 11:57:18.622,5.42947,5.43023,2.25,1.50
2011.06.10 11:57:19.070,5.42826,5.43004,1.50,1.13
2011.06.10 11:57:19.180,5.42819,5.43004,1.35,1.36
2011.06.10 11:57:19.289,5.42819,5.42983,1.35,1.13
2011.06.10 11:57:20.049,5.42819,5.42993,1.35,1.13
2011.06.10 11:57:20.679,5.42868,5.43003,2.25,1.73
2011.06.10 11:57:21.010,5.42857,5.43022,3.00,1.20
2011.06.10 11:57:21.120,5.42877,5.43022,2.25,1.20
2011.06.10 11:57:21.449,5.42877,5.43043,3.00,1.73
2011.06.10 11:57:22.640,5.42898,5.43042,2.25,1.73
2011.06.10 11:57:22.969,5.42907,5.43033,2.25,1.50
2011.06.10 11:57:23.299,5.42878,5.43033,2.25,1.73
2011.06.10 11:57:24.058,5.42878,5.43033,2.63,1.73
2011.06.10 11:57:24.978,5.42878,5.43022,2.25,1.73
2011.06.10 11:57:25.199,5.42868,5.43035,3.00,1.20
2011.06.10 11:57:25.309,5.42868,5.43025,3.54,1.73
2011.06.10 11:57:25.749,5.42848,5.43049,1.50,1.58
2011.06.10 11:57:26.549,5.42855,5.43042,1.50,1.73
2011.06.10 11:57:27.199,5.42888,5.43042,2.25,1.73
2011.06.10 11:57:27.777,5.42877,5.43022,2.63,1.73
2011.06.10 11:57:28.312,5.42877,5.43022,2.63,1.73
2011.06.10 11:57:28.648,5.42888,5.43033,2.25,1.73
2011.06.10 11:57:29.268,5.42888,5.43037,2.63,1.73
2011.06.10 11:57:30.236,5.42888,5.43043,2.63,1.73
2011.06.10 11:57:30.459,5.42888,5.43032,2.25,1.73
2011.06.10 11:57:31.497,5.42888,5.43042,2.25,1.73
2011.06.10 11:57:32.048,5.42887,5.43032,2.25,1.73
2011.06.10 11:57:32.379,5.42877,5.43032,3.00,1.73
2011.06.10 11:57:34.430,5.42877,5.43032,2.25,1.73
2011.06.10 11:57:38.070,5.42877,5.43022,2.25,1.73
2011.06.10 11:57:38.401,5.42857,5.43022,2.25,1.73
2011.06.10 11:57:39.908,5.42857,5.43022,2.63,1.73
2011.06.10 11:57:40.349,5.42878,5.43023,2.25,1.20
2011.06.10 11:57:40.787,5.42888,5.43023,2.25,1.20
2011.06.10 11:57:41.119,5.42888,5.43023,2.25,1.20
2011.06.10 11:57:41.230,5.42897,5.43048,2.25,1.73
2011.06.10 11:57:43.969,5.42887,5.43049,2.63,2.33
2011.06.10 11:57:44.750,5.42897,5.43049,2.25,2.33
2011.06.10 11:57:45.567,5.42897,5.43049,2.25,2.33
2011.06.10 11:57:46.118,5.42898,5.43049,2.25,2.33
2011.06.10 11:57:47.981,5.42907,5.43049,2.25,1.58
2011.06.10 11:57:48.091,5.42907,5.43061,2.25,1.20
2011.06.10 11:57:48.211,5.42917,5.43057,2.63,1.20
2011.06.10 11:57:48.538,5.42927,5.43057,2.25,1.20
2011.06.10 11:57:48.649,5.42927,5.43071,2.25,1.20
2011.06.10 11:57:49.204,5.42927,5.43057,2.25,1.20
2011.06.10 11:57:50.319,5.42928,5.43057,2.25,1.20
2011.06.10 11:57:51.408,5.42928,5.43057,2.25,1.20
2011.06.10 11:57:53.569,5.42928,5.43049,2.25,1.58
2011.06.10 11:57:53.679,5.42848,5.43049,1.29,1.58
2011.06.10 11:57:54.228,5.42908,5.43049,2.25,1.58
2011.06.10 11:57:54.448,5.42908,5.43032,2.25,1.73
2011.06.10 11:57:54.998,5.42897,5.43043,2.25,1.73
2011.06.10 11:57:55.765,5.42908,5.43049,2.25,1.58
2011.06.10 11:57:56.539,5.42908,5.43052,3.00,1.05
2011.06.10 11:57:56.650,5.42918,5.43065,2.25,1.20
2011.06.10 11:57:56.761,5.42918,5.43083,2.25,1.73
2011.06.10 11:57:56.870,5.42927,5.43083,2.25,1.73
2011.06.10 11:57:59.200,5.42927,5.43087,2.25,1.73
2011.06.10 11:57:59.528,5.42937,5.43087,2.25,1.73
2011.06.10 11:58:01.119,5.42937,5.43087,2.25,1.73
2011.06.10 11:58:01.339,5.42928,5.43087,2.25,1.73
2011.06.10 11:58:01.449,5.42937,5.43087,2.25,1.73
2011.06.10 11:58:02.543,5.42937,5.43087,2.25,1.73
2011.06.10 11:58:03.458,5.42928,5.43082,2.25,1.73
2011.06.10 11:58:04.559,5.42928,5.43082,2.25,1.73
2011.06.10 11:58:04.889,5.42917,5.43078,2.25,1.73
2011.06.10 11:58:08.819,5.42917,5.43078,3.00,1.73
2011.06.10 11:58:09.268,5.42907,5.43078,1.50,1.73
2011.06.10 11:58:09.819,5.42897,5.43092,1.50,1.20
2011.06.10 11:58:10.150,5.42928,5.43092,2.25,1.95
2011.06.10 11:58:10.587,5.42937,5.43092,2.25,1.95
2011.06.10 11:58:11.138,5.42937,5.43083,2.25,1.73
2011.06.10 11:58:11.508,5.42937,5.43092,2.63,2.70
2011.06.10 11:58:11.619,5.42937,5.43092,2.25,2.70
2011.06.10 11:58:12.389,5.42937,5.43092,3.00,1.20
2011.06.10 11:58:12.721,5.42947,5.43092,3.00,1.20
2011.06.10 11:58:13.779,5.42927,5.43123,1.50,1.73
2011.06.10 11:58:14.219,5.42978,5.43124,2.25,2.33
2011.06.10 11:58:16.177,5.42978,5.43124,2.25,2.33
2011.06.10 11:58:16.287,5.42978,5.43124,2.25,2.33
2011.06.10 11:58:16.399,5.42968,5.43124,2.25,2.33
2011.06.10 11:58:16.511,5.42934,5.43093,1.13,1.20
2011.06.10 11:58:16.619,5.42907,5.43093,1.13,1.20
2011.06.10 11:58:16.732,5.42892,5.4306,1.13,1.35
2011.06.10 11:58:16.849,5.42887,5.4306,1.29,1.58
2011.06.10 11:58:18.359,5.42877,5.43052,1.50,1.20
2011.06.10 11:58:19.379,5.42868,5.43052,1.50,1.20
2011.06.10 11:58:20.157,5.42818,5.42992,1.50,1.73
2011.06.10 11:58:20.599,5.42827,5.42963,3.00,1.36
2011.06.10 11:58:20.820,5.42808,5.42963,2.25,1.73
2011.06.10 11:58:20.930,5.42817,5.42963,2.25,1.73
2011.06.10 11:58:21.039,5.42808,5.42969,2.25,1.73
2011.06.10 11:58:21.259,5.42818,5.42982,2.25,1.95
2011.06.10 11:58:21.368,5.42828,5.42982,2.25,1.95
2011.06.10 11:58:21.700,5.42837,5.42982,2.25,1.20
2011.06.10 11:58:22.626,5.42837,5.42982,2.25,1.20
2011.06.10 11:58:23.372,5.42817,5.42982,2.25,1.95
2011.06.10 11:58:25.951,5.42817,5.42943,2.25,1.50
2011.06.10 11:58:26.279,5.42755,5.42932,1.50,1.73
2011.06.10 11:58:27.281,5.42798,5.42942,2.25,1.20
2011.06.10 11:58:28.402,5.42798,5.42942,2.25,1.20
2011.06.10 11:58:29.280,5.42798,5.42942,2.25,1.20
2011.06.10 11:58:30.328,5.42798,5.42942,2.25,1.20
2011.06.10 11:58:30.901,5.42797,5.42942,2.25,1.20
2011.06.10 11:58:31.282,5.42797,5.42942,2.25,1.20
2011.06.10 11:58:31.842,5.42807,5.42942,2.25,1.20
2011.06.10 11:58:32.594,5.42808,5.42942,2.25,1.20
2011.06.10 11:58:33.089,5.42808,5.42942,2.25,1.20
2011.06.10 11:58:33.638,5.42807,5.42948,2.63,1.58
2011.06.10 11:58:33.969,5.42817,5.42962,2.25,1.73
2011.06.10 11:58:34.573,5.42807,5.42962,2.25,1.73
2011.06.10 11:58:35.130,5.42808,5.42953,2.25,1.73
2011.06.10 11:58:35.241,5.42798,5.42953,2.25,1.73
2011.06.10 11:58:35.351,5.42798,5.42943,2.25,1.73
2011.06.10 11:58:35.680,5.42778,5.42922,2.25,1.73
2011.06.10 11:58:35.791,5.42778,5.42934,3.00,1.58
2011.06.10 11:58:35.900,5.42787,5.42934,2.25,1.58
2011.06.10 11:58:36.448,5.42788,5.42934,2.25,1.58
2011.06.10 11:58:36.560,5.42788,5.42934,3.00,1.35
2011.06.10 11:58:36.889,5.42808,5.4296,2.25,1.73
2011.06.10 11:58:37.111,5.42798,5.42943,2.25,1.20
2011.06.10 11:58:37.549,5.42788,5.42943,2.25,1.20
2011.06.10 11:58:37.768,5.42797,5.42943,2.25,1.20
2011.06.10 11:58:39.016,5.42747,5.42925,1.50,1.58
2011.06.10 11:58:40.230,5.42757,5.42921,2.25,1.73
2011.06.10 11:58:40.562,5.42758,5.42913,2.25,1.73
2011.06.10 11:58:40.670,5.42758,5.42902,2.25,1.73
2011.06.10 11:58:40.781,5.42758,5.42902,2.25,1.73
2011.06.10 11:58:40.893,5.42747,5.42893,2.25,1.73
2011.06.10 11:58:41.231,5.42758,5.4289,2.25,1.73
2011.06.10 11:58:41.453,5.42727,5.42894,2.63,1.58
2011.06.10 11:58:41.573,5.42738,5.42894,2.25,1.58
2011.06.10 11:58:42.146,5.42757,5.42894,2.25,1.58
2011.06.10 11:58:42.588,5.42757,5.42894,2.25,1.58
2011.06.10 11:58:42.810,5.42747,5.42894,2.63,1.58
2011.06.10 11:58:43.248,5.42757,5.42894,2.25,1.58
2011.06.10 11:58:43.689,5.42768,5.42903,2.25,1.20
2011.06.10 11:58:44.447,5.42768,5.42903,2.25,1.20
2011.06.10 11:58:46.919,5.42768,5.42906,3.00,1.20
2011.06.10 11:58:47.029,5.42768,5.42917,3.00,1.20
2011.06.10 11:58:47.580,5.42777,5.42933,3.00,1.58
2011.06.10 11:58:48.011,5.42798,5.4294,2.25,1.73
2011.06.10 11:58:48.340,5.42807,5.42942,2.25,1.20
2011.06.10 11:58:48.560,5.42807,5.42958,3.00,1.73
2011.06.10 11:58:48.891,5.42807,5.42982,1.50,4.95
2011.06.10 11:58:49.218,5.42819,5.43014,1.50,1.58
2011.06.10 11:58:49.868,5.42819,5.43014,1.50,1.58
2011.06.10 11:58:50.090,5.42857,5.43009,2.25,1.73
2011.06.10 11:58:51.140,5.42857,5.43009,2.25,1.73
2011.06.10 11:58:51.713,5.42857,5.4297,2.25,1.58
2011.06.10 11:58:51.833,5.42777,5.4297,1.50,1.58
2011.06.10 11:58:52.790,5.42768,5.42964,1.50,1.73
2011.06.10 11:58:53.009,5.42818,5.4297,3.00,1.58
2011.06.10 11:58:53.228,5.42838,5.4297,2.25,1.58
2011.06.10 11:58:54.819,5.42838,5.4297,2.25,1.35
2011.06.10 11:58:55.039,5.42838,5.4297,2.25,1.35
2011.06.10 11:58:55.148,5.42818,5.4297,2.25,1.35
2011.06.10 11:58:55.259,5.42807,5.4297,2.63,1.58
2011.06.10 11:58:56.462,5.42817,5.4297,2.25,1.58
2011.06.10 11:58:57.271,5.42818,5.4297,2.25,1.58
2011.06.10 11:58:58.181,5.42818,5.4297,2.25,1.58
2011.06.10 11:58:59.268,5.42828,5.4297,2.25,1.58
2011.06.10 11:58:59.378,5.42828,5.4297,2.25,1.58
2011.06.10 11:58:59.491,5.42829,5.42983,1.35,1.20
2011.06.10 11:58:59.711,5.42864,5.43022,1.35,2.25
2011.06.10 11:59:00.040,5.42878,5.43065,1.50,1.36
2011.06.10 11:59:00.150,5.42892,5.43072,1.50,1.58
2011.06.10 11:59:00.259,5.429,5.43072,1.13,1.58
2011.06.10 11:59:01.201,5.429,5.43072,1.13,1.21
2011.06.10 11:59:01.662,5.42892,5.43072,1.50,1.21
2011.06.10 11:59:01.769,5.429,5.43072,1.13,1.21
2011.06.10 11:59:02.332,5.42898,5.43072,1.13,1.21
2011.06.10 11:59:02.670,5.42888,5.43072,1.29,1.58
2011.06.10 11:59:02.998,5.42917,5.43072,2.25,1.58
2011.06.10 11:59:04.638,5.42917,5.43072,2.25,1.58
2011.06.10 11:59:05.961,5.42917,5.43072,2.25,1.58
2011.06.10 11:59:07.358,5.42928,5.43072,2.25,1.58
2011.06.10 11:59:10.780,5.42917,5.43072,2.63,1.58
2011.06.10 11:59:12.109,5.42917,5.43072,2.25,1.58
2011.06.10 11:59:12.658,5.42918,5.43072,2.25,1.58
2011.06.10 11:59:13.429,5.42918,5.43072,2.25,1.58
2011.06.10 11:59:15.117,5.42928,5.43072,2.25,1.58
2011.06.10 11:59:15.788,5.42918,5.43072,2.25,1.58
2011.06.10 11:59:19.439,5.42907,5.43072,3.00,2.33
2011.06.10 11:59:20.089,5.42907,5.43072,2.25,2.33
2011.06.10 11:59:21.530,5.42907,5.43052,2.25,1.20
2011.06.10 11:59:21.969,5.42898,5.43063,2.25,1.20
2011.06.10 11:59:22.409,5.42898,5.43048,2.25,1.58
2011.06.10 11:59:22.958,5.42908,5.43048,2.25,1.58
2011.06.10 11:59:23.179,5.42918,5.43048,2.25,1.58
2011.06.10 11:59:24.099,5.42918,5.43048,2.25,1.58
2011.06.10 11:59:24.209,5.42907,5.43048,2.63,1.58
2011.06.10 11:59:26.498,5.42918,5.43048,2.25,1.58
2011.06.10 11:59:26.828,5.42908,5.43048,2.63,1.58
2011.06.10 11:59:27.609,5.42908,5.43048,2.25,1.58
2011.06.10 11:59:28.288,5.42917,5.43048,2.25,1.58
2011.06.10 11:59:28.620,5.42928,5.4305,2.25,1.35
2011.06.10 11:59:29.329,5.42917,5.4305,2.63,1.35
2011.06.10 11:59:29.660,5.42917,5.43052,3.00,1.05
2011.06.10 11:59:29.769,5.42917,5.43074,3.75,1.95
2011.06.10 11:59:29.879,5.42917,5.43074,3.75,1.73
2011.06.10 11:59:36.159,5.42937,5.43112,1.50,1.95
2011.06.10 11:59:36.270,5.42947,5.43112,1.50,1.73
2011.06.10 11:59:36.709,5.42988,5.43132,2.25,1.20
2011.06.10 11:59:36.929,5.42968,5.43132,2.25,5.70
2011.06.10 11:59:38.100,5.42968,5.43132,2.25,1.95
2011.06.10 11:59:39.329,5.42968,5.43123,3.00,1.73
2011.06.10 11:59:39.440,5.42968,5.43121,2.25,1.73
2011.06.10 11:59:39.551,5.42988,5.43121,2.25,1.73
2011.06.10 11:59:40.075,5.42928,5.43122,2.25,1.73
2011.06.10 11:59:44.221,5.42928,5.4312,1.50,1.73
2011.06.10 11:59:48.283,5.42958,5.4312,2.25,1.73
2011.06.10 11:59:53.603,5.42958,5.4312,3.00,1.73
2011.06.10 11:59:54.907,5.42968,5.4312,2.25,1.73
2011.06.10 11:59:55.810,5.42958,5.4312,3.00,1.73
2011.06.10 11:59:55.920,5.42957,5.43092,2.25,1.35
2011.06.10 11:59:56.284,5.42937,5.43092,3.00,1.58
2011.06.10 11:59:56.920,5.42937,5.43092,3.00,1.21
2011.06.10 11:59:57.250,5.42978,5.43115,2.63,1.73
2011.06.10 11:59:57.360,5.42967,5.43126,3.00,1.73
2011.06.10 11:59:58.309,5.42978,5.43131,2.25,1.58
2011.06.10 11:59:58.529,5.42967,5.43123,2.63,1.73
