2013.03.12 18:00:00.123,5.71007,5.71167,1.06,2.78
2013.03.12 18:00:00.322,5.70968,5.71134,1.26,2.63
2013.03.12 18:00:00.941,5.70968,5.7115,1.26,1.58
2013.03.12 18:00:01.611,5.70968,5.71137,1.26,1.80
2013.03.12 18:00:01.913,5.70928,5.71125,1.22,1.58
2013.03.12 18:00:02.171,5.70928,5.71112,1.22,2.18
2013.03.12 18:00:02.532,5.70928,5.71101,1.22,1.50
2013.03.12 18:00:02.852,5.70928,5.71092,1.22,1.50
2013.03.12 18:00:03.524,5.70867,5.71087,1.95,1.50
2013.03.12 18:00:03.593,5.70837,5.71057,1.95,1.95
2013.03.12 18:00:04.361,5.70837,5.71034,1.95,1.50
2013.03.12 18:00:04.681,5.70818,5.71027,2.03,2.85
2013.03.12 18:00:05.005,5.70818,5.70999,2.78,2.78
2013.03.12 18:00:06.435,5.70817,5.70999,2.55,2.78
2013.03.12 18:00:07.101,5.70818,5.70999,2.25,2.78
2013.03.12 18:00:07.392,5.70758,5.70999,1.11,2.78
2013.03.12 18:00:07.942,5.70798,5.70999,1.15,2.78
2013.03.12 18:00:08.491,5.70798,5.70992,1.15,1.50
2013.03.12 18:00:08.812,5.70798,5.7098,1.15,1.80
2013.03.12 18:00:10.473,5.70798,5.70962,1.15,2.63
2013.03.12 18:00:11.091,5.70798,5.70952,1.15,1.50
2013.03.12 18:00:12.919,5.70738,5.70952,1.95,1.50
2013.03.12 18:00:12.985,5.70687,5.70925,1.95,2.63
2013.03.12 18:00:14.272,5.70687,5.70936,2.70,2.70
2013.03.12 18:00:14.392,5.70687,5.70946,2.70,2.48
2013.03.12 18:00:15.689,5.70687,5.70946,2.70,2.48
2013.03.12 18:00:15.766,5.70687,5.70932,2.70,2.18
2013.03.12 18:00:16.071,5.70687,5.7092,2.70,2.78
2013.03.12 18:00:16.491,5.70687,5.7088,2.70,2.93
2013.03.12 18:00:16.831,5.70707,5.7088,1.50,2.93
2013.03.12 18:00:16.953,5.70707,5.70893,1.50,2.93
2013.03.12 18:00:17.083,5.70707,5.70893,1.50,2.93
2013.03.12 18:00:17.152,5.70707,5.70908,1.50,2.03
2013.03.12 18:00:17.391,5.70687,5.70908,2.70,2.03
2013.03.12 18:00:19.190,5.70687,5.70908,2.70,2.03
2013.03.12 18:00:21.180,5.70708,5.70908,2.48,2.03
2013.03.12 18:00:21.793,5.70708,5.70883,1.73,2.93
2013.03.12 18:00:22.106,5.70682,5.70865,1.73,2.33
2013.03.12 18:00:22.232,5.70682,5.70851,1.73,2.25
2013.03.12 18:00:23.181,5.70662,5.70841,1.95,1.95
2013.03.12 18:00:23.513,5.70658,5.70809,1.95,1.95
2013.03.12 18:00:23.581,5.70638,5.70809,1.73,1.95
2013.03.12 18:00:24.093,5.70653,5.70809,1.73,1.95
2013.03.12 18:00:24.222,5.70657,5.70809,1.95,1.95
2013.03.12 18:00:24.353,5.7063,5.70809,1.95,1.95
2013.03.12 18:00:24.544,5.70614,5.70809,2.93,1.95
2013.03.12 18:00:24.683,5.70614,5.70858,2.93,1.95
2013.03.12 18:00:24.991,5.70598,5.70827,1.73,2.33
2013.03.12 18:00:25.451,5.70598,5.70858,1.73,1.95
2013.03.12 18:00:25.692,5.70598,5.70818,1.73,1.50
2013.03.12 18:00:26.326,5.70588,5.70818,2.03,1.50
2013.03.12 18:00:26.465,5.7058,5.70818,1.73,1.50
2013.03.12 18:00:26.931,5.7056,5.7081,1.73,1.50
2013.03.12 18:00:27.943,5.70574,5.7084,1.58,2.78
2013.03.12 18:00:28.469,5.70597,5.70851,2.93,3.68
2013.03.12 18:00:29.262,5.70614,5.70851,1.73,3.68
2013.03.12 18:00:29.392,5.70628,5.70872,2.70,2.03
2013.03.12 18:00:29.451,5.70637,5.70872,1.73,2.03
2013.03.12 18:00:29.762,5.70678,5.70872,1.15,2.03
2013.03.12 18:00:29.893,5.70678,5.70894,1.15,2.38
2013.03.12 18:00:30.461,5.70678,5.7088,1.15,2.70
2013.03.12 18:00:31.270,5.70678,5.70867,1.15,2.18
2013.03.12 18:00:37.042,5.70678,5.70878,1.15,2.03
2013.03.12 18:00:38.621,5.70678,5.70864,1.15,1.58
2013.03.12 18:00:39.315,5.70647,5.70863,1.61,1.06
2013.03.12 18:00:39.920,5.70647,5.70863,1.61,1.06
2013.03.12 18:00:46.441,5.70668,5.70902,1.44,2.15
2013.03.12 18:00:52.751,5.70689,5.70902,2.48,1.40
2013.03.12 18:00:55.881,5.70698,5.70902,1.73,1.40
2013.03.12 18:00:57.995,5.70717,5.70923,1.31,2.93
2013.03.12 18:01:08.534,5.70717,5.70898,1.31,2.33
2013.03.12 18:01:10.334,5.70687,5.70893,1.44,1.27
2013.03.12 18:01:10.702,5.70687,5.70874,1.44,1.80
2013.03.12 18:01:12.422,5.70648,5.70847,1.22,1.95
2013.03.12 18:01:15.598,5.70652,5.70862,1.36,1.45
2013.03.12 18:01:15.722,5.70652,5.70845,1.36,2.25
2013.03.12 18:01:23.703,5.70648,5.70862,1.97,1.45
2013.03.12 18:01:27.711,5.70698,5.70871,1.04,2.63
2013.03.12 18:01:27.846,5.70698,5.70897,1.04,1.88
2013.03.12 18:01:45.003,5.70698,5.70871,1.04,2.55
2013.03.12 18:01:45.192,5.70667,5.70871,1.26,2.78
2013.03.12 18:01:47.851,5.70649,5.70852,1.43,1.29
2013.03.12 18:01:50.281,5.70667,5.70868,1.04,1.73
2013.03.12 18:02:17.662,5.70689,5.70871,2.93,2.78
2013.03.12 18:02:18.687,5.70692,5.70883,1.50,1.06
2013.03.12 18:02:19.633,5.707,5.70897,1.36,2.78
2013.03.12 18:02:20.213,5.70708,5.70913,1.36,1.74
2013.03.12 18:02:20.522,5.70709,5.70913,1.73,1.74
2013.03.12 18:02:20.794,5.70709,5.70913,1.73,1.74
2013.03.12 18:02:21.173,5.70717,5.70913,1.73,1.74
2013.03.12 18:02:21.512,5.70708,5.70913,1.36,1.74
2013.03.12 18:02:21.573,5.70708,5.70913,1.36,1.74
2013.03.12 18:02:21.882,5.70779,5.70986,1.32,2.33
2013.03.12 18:02:25.641,5.70788,5.70996,1.32,1.32
2013.03.12 18:02:27.453,5.70768,5.70985,1.20,2.85
2013.03.12 18:02:29.961,5.70775,5.7096,1.61,2.85
2013.03.12 18:02:30.719,5.70762,5.7095,2.10,1.72
2013.03.12 18:02:30.795,5.70741,5.7095,1.73,1.72
2013.03.12 18:02:32.918,5.70768,5.7095,1.06,1.50
2013.03.12 18:02:32.993,5.70768,5.7096,1.06,2.85
2013.03.12 18:02:38.022,5.70778,5.70972,1.50,1.20
2013.03.12 18:02:43.542,5.70768,5.70971,1.06,1.88
2013.03.12 18:02:44.177,5.70746,5.70952,1.36,2.02
2013.03.12 18:02:49.472,5.70777,5.70952,1.02,1.50
2013.03.12 18:02:49.943,5.70777,5.70973,1.02,1.20
2013.03.12 18:02:52.011,5.70787,5.70983,1.43,1.32
2013.03.12 18:02:53.552,5.70797,5.71003,1.02,1.58
2013.03.12 18:02:54.682,5.70807,5.71003,1.20,1.58
2013.03.12 18:02:55.002,5.70827,5.71037,1.04,2.70
2013.03.12 18:03:01.022,5.70837,5.71048,1.38,1.27
2013.03.12 18:03:09.742,5.70827,5.71003,2.10,1.33
2013.03.12 18:03:09.862,5.70811,5.71003,1.73,1.33
2013.03.12 18:03:11.244,5.70811,5.71026,1.63,1.58
2013.03.12 18:03:12.103,5.70798,5.7101,1.23,1.26
2013.03.12 18:03:23.523,5.70778,5.70993,3.15,2.63
2013.03.12 18:03:23.592,5.70778,5.70982,2.18,1.24
2013.03.12 18:03:26.343,5.70776,5.70982,1.73,1.24
2013.03.12 18:03:26.413,5.70788,5.70995,1.20,1.47
2013.03.12 18:03:26.663,5.70789,5.70972,2.55,1.26
2013.03.12 18:03:26.731,5.70775,5.70972,1.73,1.26
2013.03.12 18:03:48.601,5.70775,5.70972,1.73,1.26
2013.03.12 18:03:48.953,5.70783,5.70972,1.50,1.26
2013.03.12 18:03:49.241,5.70778,5.70972,1.73,1.26
2013.03.12 18:03:49.990,5.70783,5.70972,1.50,1.26
2013.03.12 18:03:53.182,5.70779,5.70972,1.50,1.26
2013.03.12 18:03:58.896,5.70787,5.70972,1.50,1.26
2013.03.12 18:03:58.968,5.70789,5.71003,1.27,1.59
2013.03.12 18:04:34.262,5.70806,5.71013,2.48,1.15
2013.03.12 18:04:45.588,5.70806,5.71013,2.48,1.15
2013.03.12 18:04:52.742,5.70818,5.71032,1.11,1.47
2013.03.12 18:05:36.704,5.70833,5.71042,1.73,1.31
2013.03.12 18:05:37.012,5.70858,5.71062,1.61,1.11
2013.03.12 18:05:46.956,5.70861,5.71062,2.85,1.11
2013.03.12 18:05:47.263,5.70875,5.71062,2.33,1.11
2013.03.12 18:05:48.677,5.70888,5.71086,1.13,1.50
2013.03.12 18:05:48.803,5.70895,5.71102,1.61,1.59
2013.03.12 18:05:49.057,5.70909,5.71111,1.50,1.59
2013.03.12 18:05:49.365,5.70934,5.71129,1.59,3.08
2013.03.12 18:05:49.892,5.70938,5.71134,1.59,1.20
2013.03.12 18:06:02.433,5.70934,5.71122,1.59,2.18
2013.03.12 18:06:03.872,5.70928,5.71112,1.38,1.35
2013.03.12 18:06:04.068,5.70886,5.71103,1.73,1.26
2013.03.12 18:06:06.611,5.70886,5.71063,1.50,1.11
2013.03.12 18:06:28.872,5.70886,5.71082,1.73,1.50
2013.03.12 18:06:33.135,5.70896,5.71089,1.50,1.50
2013.03.12 18:06:40.872,5.70915,5.71092,1.50,1.02
2013.03.12 18:06:41.055,5.70916,5.71112,1.73,2.93
2013.03.12 18:06:46.932,5.70923,5.71112,1.95,2.93
2013.03.12 18:06:47.113,5.70951,5.71143,1.50,3.40
2013.03.12 18:06:47.942,5.70943,5.71143,1.73,3.40
2013.03.12 18:06:53.580,5.70937,5.71136,2.43,2.33
2013.03.12 18:06:54.612,5.7094,5.71143,1.95,1.45
2013.03.12 18:06:56.164,5.70947,5.71147,1.73,1.45
2013.03.12 18:06:56.771,5.70951,5.71147,1.50,1.45
2013.03.12 18:06:57.482,5.70947,5.71153,1.73,1.29
2013.03.12 18:06:57.541,5.70946,5.71153,1.73,1.29
2013.03.12 18:07:31.983,5.70942,5.71147,1.73,1.45
2013.03.12 18:07:32.322,5.70955,5.71153,1.50,1.29
2013.03.12 18:07:32.804,5.70951,5.71153,1.50,1.29
2013.03.12 18:07:37.093,5.70951,5.71153,1.50,1.29
2013.03.12 18:07:39.173,5.7096,5.71153,1.50,1.29
2013.03.12 18:07:39.532,5.7097,5.71192,1.72,1.31
2013.03.12 18:07:41.992,5.70957,5.71163,1.56,1.24
2013.03.12 18:08:01.662,5.70948,5.71112,1.50,1.26
2013.03.12 18:08:01.721,5.70927,5.71112,2.93,1.26
2013.03.12 18:08:01.931,5.70901,5.71112,1.73,1.26
2013.03.12 18:08:03.792,5.709,5.71073,2.85,1.26
2013.03.12 18:08:06.048,5.70876,5.71073,2.33,3.21
2013.03.12 18:08:14.803,5.70862,5.71072,1.73,1.56
2013.03.12 18:08:41.043,5.70865,5.71073,2.03,3.21
2013.03.12 18:08:41.363,5.70877,5.71073,2.40,3.21
2013.03.12 18:08:44.022,5.70861,5.71073,1.73,3.21
2013.03.12 18:08:56.733,5.70857,5.71042,1.63,1.95
2013.03.12 18:08:58.174,5.70852,5.71042,2.18,2.97
2013.03.12 18:09:10.666,5.70858,5.71062,1.32,1.08
2013.03.12 18:09:21.405,5.70866,5.71062,1.73,1.08
2013.03.12 18:09:21.593,5.70899,5.71093,1.50,1.17
2013.03.12 18:09:21.725,5.709,5.71112,1.38,2.40
2013.03.12 18:09:21.794,5.7092,5.71112,2.63,2.40
2013.03.12 18:09:22.124,5.709,5.71112,1.38,2.40
2013.03.12 18:10:00.700,5.70917,5.7113,1.73,1.56
2013.03.12 18:10:01.301,5.7092,5.7113,1.50,1.56
2013.03.12 18:10:01.555,5.70916,5.7113,1.73,1.56
2013.03.12 18:10:03.363,5.70924,5.7113,1.50,1.56
2013.03.12 18:10:03.542,5.70928,5.71144,1.02,1.54
2013.03.12 18:10:05.813,5.70941,5.71144,2.85,1.54
2013.03.12 18:10:06.123,5.70968,5.71173,1.15,1.36
2013.03.12 18:10:20.782,5.70985,5.71182,2.10,1.74
2013.03.12 18:10:20.963,5.71008,5.71212,1.04,1.38
2013.03.12 18:11:29.384,5.70967,5.71195,1.53,1.65
2013.03.12 18:11:34.808,5.71008,5.71212,1.44,1.61
2013.03.12 18:11:39.874,5.71038,5.71233,1.29,2.18
2013.03.12 18:11:57.236,5.71057,5.71262,1.06,1.95
2013.03.12 18:12:17.392,5.71057,5.71262,1.06,3.90
2013.03.12 18:12:17.453,5.71019,5.71233,2.55,1.17
2013.03.12 18:12:17.704,5.71007,5.71233,1.13,1.17
2013.03.12 18:12:22.861,5.70967,5.71203,1.17,1.15
2013.03.12 18:12:51.513,5.70998,5.71227,1.15,1.41
2013.03.12 18:13:39.318,5.71003,5.71211,1.61,2.03
2013.03.12 18:13:39.512,5.70978,5.71182,1.59,1.13
2013.03.12 18:13:59.725,5.70948,5.71152,1.36,1.38
2013.03.12 18:14:07.402,5.70909,5.71083,1.73,1.40
2013.03.12 18:14:07.462,5.70897,5.71083,1.95,1.40
2013.03.12 18:14:07.522,5.70877,5.71083,1.95,1.40
2013.03.12 18:14:22.966,5.70867,5.71052,1.56,1.95
2013.03.12 18:14:23.034,5.70858,5.71013,1.80,1.04
2013.03.12 18:14:23.102,5.7082,5.71013,1.65,1.04
2013.03.12 18:14:23.283,5.70807,5.71013,1.43,1.04
2013.03.12 18:14:24.053,5.70813,5.71013,1.88,1.04
2013.03.12 18:14:24.543,5.70802,5.71013,1.43,1.04
2013.03.12 18:14:49.852,5.70719,5.70944,2.67,1.61
2013.03.12 18:14:49.982,5.70757,5.70953,1.95,1.38
2013.03.12 18:14:50.312,5.70798,5.70977,1.20,1.65
2013.03.12 18:14:50.373,5.70798,5.70992,1.20,1.80
2013.03.12 18:14:53.912,5.70757,5.70953,2.70,1.06
2013.03.12 18:14:53.973,5.70754,5.70953,1.73,1.06
2013.03.12 18:14:54.033,5.70727,5.70949,1.42,1.54
2013.03.12 18:15:28.242,5.70767,5.70971,1.29,1.95
2013.03.12 18:15:28.368,5.70767,5.70983,1.29,1.27
2013.03.12 18:15:41.725,5.70797,5.7102,1.31,3.00
2013.03.12 18:15:41.853,5.70797,5.71031,1.31,1.50
2013.03.12 18:17:00.372,5.70819,5.71043,2.55,1.60
2013.03.12 18:17:10.625,5.70832,5.71043,1.35,1.60
2013.03.12 18:17:10.754,5.70868,5.71082,1.52,1.63
2013.03.12 18:17:10.943,5.70875,5.71092,1.88,1.42
2013.03.12 18:17:11.645,5.70868,5.71091,1.52,1.63
2013.03.12 18:17:13.412,5.70918,5.71101,1.40,1.88
2013.03.12 18:17:13.472,5.70918,5.71122,1.40,1.73
2013.03.12 18:17:13.592,5.70927,5.71132,1.74,2.33
2013.03.12 18:17:13.652,5.70927,5.71142,1.74,1.23
2013.03.12 18:17:14.653,5.70978,5.71151,1.02,2.93
2013.03.12 18:17:15.663,5.70978,5.71139,1.02,1.73
2013.03.12 18:17:16.554,5.70957,5.71139,2.81,1.73
2013.03.12 18:17:17.239,5.70967,5.71145,1.31,2.63
2013.03.12 18:17:18.004,5.70967,5.71144,1.31,1.95
2013.03.12 18:17:33.253,5.70967,5.71158,1.31,1.50
2013.03.12 18:17:48.142,5.70967,5.71176,1.31,2.63
2013.03.12 18:17:49.444,5.70968,5.71192,1.65,1.80
2013.03.12 18:17:49.825,5.70968,5.71178,1.65,2.78
2013.03.12 18:17:54.063,5.70967,5.71177,1.31,2.25
2013.03.12 18:17:55.690,5.70967,5.71176,1.31,2.03
2013.03.12 18:18:43.803,5.70948,5.71166,1.24,1.68
2013.03.12 18:18:43.925,5.70948,5.71149,1.24,2.33
2013.03.12 18:18:44.053,5.70927,5.71139,2.47,1.65
2013.03.12 18:18:57.925,5.70948,5.71149,1.11,2.33
2013.03.12 18:18:58.634,5.70948,5.71162,1.11,1.06
2013.03.12 18:19:08.797,5.70958,5.71162,1.41,1.06
2013.03.12 18:19:08.983,5.7101,5.71223,1.54,1.06
2013.03.12 18:19:09.163,5.71038,5.71242,1.40,1.43
2013.03.12 18:19:09.755,5.71038,5.71222,1.40,2.70
2013.03.12 18:19:09.829,5.70985,5.71203,1.32,1.29
2013.03.12 18:19:10.863,5.70996,5.71203,1.73,1.29
2013.03.12 18:20:00.514,5.71028,5.71203,1.50,1.29
2013.03.12 18:20:00.704,5.7103,5.71213,1.73,1.20
2013.03.12 18:20:00.833,5.71064,5.71213,1.50,1.20
2013.03.12 18:20:01.134,5.71067,5.71241,1.50,1.47
2013.03.12 18:20:02.432,5.71067,5.71241,1.50,1.47
2013.03.12 18:20:02.983,5.71069,5.71246,1.50,1.97
2013.03.12 18:20:03.653,5.71069,5.7126,1.73,1.73
2013.03.12 18:20:03.713,5.7108,5.71273,1.58,1.54
2013.03.12 18:20:03.893,5.71063,5.71232,2.93,1.29
2013.03.12 18:20:03.953,5.71051,5.71232,1.50,1.29
2013.03.12 18:20:04.253,5.71056,5.71232,1.50,1.29
2013.03.12 18:20:30.705,5.71056,5.71232,1.50,1.29
2013.03.12 18:20:32.784,5.71052,5.71232,1.50,1.29
2013.03.12 18:20:46.306,5.71054,5.71232,1.50,1.29
2013.03.12 18:20:47.466,5.71057,5.71232,1.50,1.29
2013.03.12 18:20:47.601,5.71052,5.71232,1.50,1.29
2013.03.12 18:20:47.665,5.71051,5.71232,1.50,1.29
2013.03.12 18:20:47.735,5.71052,5.71232,1.50,1.29
2013.03.12 18:20:48.265,5.71055,5.71232,1.50,1.29
2013.03.12 18:20:53.833,5.71051,5.71232,1.50,1.29
2013.03.12 18:20:54.214,5.71045,5.71232,1.50,1.29
2013.03.12 18:20:59.165,5.7104,5.71232,1.50,1.29
2013.03.12 18:20:59.393,5.71035,5.71232,1.73,1.29
2013.03.12 18:21:06.203,5.70997,5.71173,1.50,1.35
2013.03.12 18:21:06.383,5.70987,5.71173,2.18,1.35
2013.03.12 18:22:05.346,5.70977,5.71173,2.18,1.35
2013.03.12 18:22:59.115,5.70963,5.71162,2.18,1.31
2013.03.12 18:23:06.165,5.70973,5.71162,1.50,1.31
2013.03.12 18:23:06.296,5.70976,5.71182,1.73,1.29
2013.03.12 18:23:07.123,5.71013,5.71182,2.33,1.29
2013.03.12 18:23:07.183,5.71023,5.71192,1.73,1.88
2013.03.12 18:23:07.484,5.70999,5.71173,2.85,1.31
2013.03.12 18:23:07.724,5.7098,5.71173,1.50,1.31
2013.03.12 18:23:28.943,5.70973,5.71132,1.95,1.15
2013.03.12 18:23:29.123,5.7094,5.71132,1.50,1.15
2013.03.12 18:23:34.374,5.7094,5.71132,2.25,1.15
2013.03.12 18:23:34.659,5.7094,5.71132,1.50,1.15
2013.03.12 18:23:41.829,5.7094,5.71132,2.25,1.15
2013.03.12 18:23:42.135,5.70988,5.71172,1.26,2.48
2013.03.12 18:23:42.205,5.70988,5.71207,1.26,1.29
2013.03.12 18:23:42.765,5.70988,5.71194,1.26,1.95
2013.03.12 18:23:42.897,5.70937,5.71155,3.18,1.59
2013.03.12 18:23:43.204,5.70968,5.71165,1.53,2.78
2013.03.12 18:23:43.446,5.70977,5.71192,2.83,1.36
2013.03.12 18:23:45.066,5.70968,5.7118,1.53,1.58
2013.03.12 18:23:48.476,5.70968,5.7119,1.53,2.03
2013.03.12 18:23:52.464,5.70968,5.71181,1.53,2.93
2013.03.12 18:23:52.585,5.70968,5.7119,1.53,2.55
2013.03.12 18:23:53.164,5.70968,5.71189,1.53,1.80
2013.03.12 18:23:57.945,5.70968,5.71194,2.28,1.59
2013.03.12 18:24:48.760,5.70922,5.71151,1.56,1.52
2013.03.12 18:25:11.244,5.70918,5.71132,1.40,1.73
2013.03.12 18:25:11.740,5.70907,5.71112,2.49,1.17
2013.03.12 18:25:25.514,5.70927,5.71129,1.11,1.73
2013.03.12 18:25:26.664,5.70938,5.71143,2.85,1.13
2013.03.12 18:25:26.725,5.70958,5.71178,1.20,1.20
2013.03.12 18:27:18.491,5.70947,5.71153,1.50,1.08
2013.03.12 18:27:18.883,5.70949,5.71179,1.54,1.45
2013.03.12 18:27:52.864,5.70983,5.71187,1.50,1.59
2013.03.12 18:27:52.984,5.70997,5.71213,1.38,2.43
2013.03.12 18:27:55.343,5.70997,5.71209,1.38,3.15
2013.03.12 18:27:55.963,5.70997,5.71201,1.38,1.95
2013.03.12 18:27:58.305,5.70997,5.71209,1.38,1.73
2013.03.12 18:27:58.424,5.70967,5.71191,1.13,1.32
2013.03.12 18:28:31.679,5.71017,5.71215,1.04,1.47
2013.03.12 18:28:34.944,5.71047,5.7124,1.38,1.73
2013.03.12 18:28:35.273,5.71017,5.71212,2.49,1.06
2013.03.12 18:28:41.210,5.71017,5.71172,1.95,1.35
2013.03.12 18:28:41.274,5.70983,5.71172,1.73,1.35
2013.03.12 18:28:41.343,5.70949,5.71172,1.59,1.35
2013.03.12 18:29:54.787,5.70973,5.71172,2.33,1.35
2013.03.12 18:29:54.973,5.71027,5.71223,2.93,1.26
2013.03.12 18:29:55.034,5.7103,5.71223,1.50,1.26
2013.03.12 18:29:55.403,5.71008,5.71223,1.08,1.26
2013.03.12 18:30:03.154,5.71001,5.71202,1.47,1.95
2013.03.12 18:30:03.214,5.70991,5.71183,2.78,1.11
2013.03.12 18:30:03.334,5.70967,5.71183,1.08,1.11
2013.03.12 18:30:35.862,5.71,5.71183,2.70,1.11
2013.03.12 18:30:36.194,5.71097,5.71183,1.89,1.11
2013.03.12 18:30:36.255,5.70947,5.71183,1.08,1.11
2013.03.12 18:30:40.495,5.70967,5.71097,1.08,1.81
2013.03.12 18:30:40.564,5.70933,5.71097,1.73,2.04
2013.03.12 18:30:40.804,5.70888,5.71083,1.04,1.95
2013.03.12 18:30:41.044,5.70888,5.71097,1.04,1.58
2013.03.12 18:30:41.894,5.70894,5.71092,1.54,1.71
2013.03.12 18:30:42.015,5.70894,5.71097,1.54,1.58
2013.03.12 18:30:43.334,5.70894,5.71097,1.54,2.60
2013.03.12 18:30:43.515,5.70894,5.71097,1.54,1.58
2013.03.12 18:30:54.544,5.70848,5.71082,3.12,1.98
2013.03.12 18:30:54.904,5.70888,5.711,1.22,1.35
2013.03.12 18:30:56.062,5.70888,5.71097,1.22,1.35
2013.03.12 18:30:56.574,5.70888,5.71097,1.22,1.35
2013.03.12 18:30:56.765,5.70888,5.71097,1.22,1.35
2013.03.12 18:30:57.814,5.70888,5.71097,1.22,1.35
2013.03.12 18:30:57.945,5.70888,5.71098,1.22,1.35
2013.03.12 18:30:59.314,5.70888,5.71097,1.22,1.35
2013.03.12 18:30:59.535,5.70888,5.71097,1.22,1.35
2013.03.12 18:31:01.003,5.70888,5.71102,1.97,2.33
2013.03.12 18:31:01.073,5.70888,5.71107,1.22,1.73
2013.03.12 18:31:01.945,5.70888,5.71103,1.22,2.39
2013.03.12 18:31:02.484,5.70888,5.71108,1.22,1.49
2013.03.12 18:31:03.714,5.70888,5.71102,1.22,1.49
2013.03.12 18:31:03.774,5.70888,5.71109,1.22,1.20
2013.03.12 18:31:12.600,5.70877,5.71092,1.63,1.27
2013.03.12 18:31:56.796,5.70918,5.71093,1.31,1.70
2013.03.12 18:31:57.104,5.70948,5.71103,2.70,1.60
2013.03.12 18:32:05.848,5.70948,5.71115,2.70,1.43
2013.03.12 18:32:15.166,5.70948,5.71103,2.70,1.42
2013.03.12 18:32:57.171,5.70917,5.71103,2.48,1.42
2013.03.12 18:32:57.704,5.70918,5.71103,2.03,1.42
2013.03.12 18:32:58.284,5.70917,5.71103,1.65,2.17
2013.03.12 18:33:03.014,5.70918,5.71103,1.95,2.17
2013.03.12 18:33:43.223,5.70917,5.71091,2.33,1.32
2013.03.12 18:33:44.223,5.70918,5.71091,2.33,1.32
2013.03.12 18:34:25.071,5.70917,5.71091,1.50,1.32
2013.03.12 18:35:06.353,5.70877,5.71083,1.45,1.32
2013.03.12 18:35:06.474,5.70862,5.71053,2.70,1.33
2013.03.12 18:35:28.186,5.70862,5.71022,2.70,1.11
2013.03.12 18:35:50.795,5.70837,5.71022,2.33,1.11
2013.03.12 18:35:50.867,5.70837,5.70982,2.33,1.04
2013.03.12 18:36:03.136,5.70817,5.70953,1.50,1.95
2013.03.12 18:36:03.268,5.70817,5.70953,1.50,3.17
2013.03.12 18:36:03.776,5.70817,5.70953,1.50,3.17
2013.03.12 18:36:16.966,5.70817,5.70953,1.50,3.17
2013.03.12 18:36:17.109,5.70817,5.70953,1.50,2.18
2013.03.12 18:36:17.703,5.70817,5.70973,1.50,1.08
2013.03.12 18:36:18.955,5.70817,5.70973,1.50,1.08
2013.03.12 18:36:19.466,5.70817,5.70973,1.50,1.08
2013.03.12 18:36:19.537,5.70833,5.70973,2.70,1.08
2013.03.12 18:36:35.276,5.70833,5.70995,2.70,1.38
2013.03.12 18:36:50.837,5.70833,5.70973,2.70,1.04
2013.03.12 18:36:57.213,5.70833,5.70963,2.70,1.35
2013.03.12 18:37:04.876,5.70833,5.70974,2.70,1.38
2013.03.12 18:37:07.596,5.70833,5.70962,2.70,1.15
2013.03.12 18:37:15.005,5.70833,5.71,2.70,1.47
2013.03.12 18:37:16.586,5.70833,5.70989,2.70,3.00
2013.03.12 18:37:16.897,5.70833,5.70963,2.70,1.02
2013.03.12 18:37:19.936,5.70808,5.70963,2.78,1.02
2013.03.12 18:37:24.673,5.70807,5.70963,2.85,1.02
2013.03.12 18:37:25.496,5.70807,5.70983,2.93,1.56
2013.03.12 18:37:26.664,5.70808,5.70993,2.10,1.20
2013.03.12 18:37:38.727,5.70807,5.70972,2.85,1.38
2013.03.12 18:37:39.241,5.70818,5.70965,1.50,1.74
2013.03.12 18:37:44.455,5.70808,5.70922,1.11,1.08
2013.03.12 18:37:47.827,5.70807,5.70922,1.34,1.08
2013.03.12 18:37:49.455,5.70798,5.70922,1.49,1.08
2013.03.12 18:37:53.225,5.70766,5.70922,1.02,1.08
2013.03.12 18:37:53.285,5.70756,5.70922,1.58,1.08
2013.03.12 18:37:53.404,5.70708,5.70922,1.45,1.08
2013.03.12 18:38:14.647,5.70706,5.70892,2.93,1.38
2013.03.12 18:38:14.775,5.70681,5.70892,1.59,1.38
2013.03.12 18:38:16.038,5.70671,5.70862,2.78,1.02
2013.03.12 18:38:16.766,5.70681,5.70893,1.41,1.61
2013.03.12 18:38:27.235,5.70695,5.70902,2.18,1.42
2013.03.12 18:39:07.856,5.70707,5.70923,1.47,1.04
2013.03.12 18:39:23.964,5.70738,5.70923,1.65,1.04
2013.03.12 18:39:30.586,5.70738,5.70912,1.65,1.56
2013.03.12 18:40:24.075,5.70687,5.70892,1.36,1.29
2013.03.12 18:40:44.875,5.70707,5.70923,1.15,1.34
2013.03.12 18:40:58.747,5.70725,5.70943,1.73,1.38
2013.03.12 18:40:58.994,5.70741,5.70962,1.27,1.15
2013.03.12 18:41:01.297,5.70731,5.70923,1.58,1.26
2013.03.12 18:41:01.365,5.70715,5.70923,1.50,1.26
2013.03.12 18:41:35.143,5.70697,5.70913,1.88,1.44
2013.03.12 18:41:35.496,5.70678,5.70909,4.80,1.54
2013.03.12 18:41:37.106,5.70678,5.70909,3.90,1.54
2013.03.12 18:41:40.645,5.70678,5.70909,5.33,1.54
2013.03.12 18:41:42.746,5.70677,5.709,3.13,1.20
2013.03.12 18:41:47.288,5.70678,5.709,1.88,1.20
2013.03.12 18:42:08.624,5.70677,5.70912,2.61,1.54
2013.03.12 18:42:15.307,5.70678,5.70893,3.08,1.20
2013.03.12 18:42:16.516,5.70677,5.70905,3.43,1.54
2013.03.12 18:42:18.185,5.70678,5.70913,2.33,2.19
2013.03.12 18:42:19.935,5.70677,5.70909,2.98,1.54
2013.03.12 18:42:19.994,5.70707,5.70909,1.15,1.32
2013.03.12 18:42:21.538,5.70687,5.70883,1.54,1.06
2013.03.12 18:43:29.098,5.70707,5.70922,1.38,2.93
2013.03.12 18:44:31.797,5.70697,5.70893,1.20,1.15
2013.03.12 18:45:57.143,5.70712,5.70883,1.50,1.29
2013.03.12 18:45:57.806,5.70712,5.70912,1.73,2.18
2013.03.12 18:45:58.304,5.70712,5.70895,1.73,1.80
2013.03.12 18:46:03.376,5.70712,5.70905,1.73,2.70
2013.03.12 18:46:20.055,5.70712,5.70913,1.73,1.43
2013.03.12 18:46:22.768,5.7074,5.70913,2.63,1.43
2013.03.12 18:47:22.999,5.70702,5.70923,1.29,1.15
2013.03.12 18:47:31.655,5.70709,5.70923,2.93,1.15
2013.03.12 18:47:31.977,5.70728,5.70942,1.26,1.36
2013.03.12 18:48:06.816,5.70768,5.70952,2.03,1.24
2013.03.12 18:48:06.880,5.70768,5.70974,2.48,1.32
2013.03.12 18:48:30.198,5.70768,5.70953,2.03,1.06
2013.03.12 18:49:07.131,5.7073,5.70953,1.50,1.06
2013.03.12 18:49:13.970,5.70748,5.70982,1.29,1.17
2013.03.12 18:49:40.526,5.70731,5.70942,1.95,1.22
2013.03.12 18:49:53.245,5.70733,5.70942,1.80,1.22
2013.03.12 18:49:53.605,5.70738,5.70952,1.17,1.22
2013.03.12 18:50:00.496,5.70748,5.70936,1.52,2.40
2013.03.12 18:50:00.947,5.70742,5.70923,1.58,1.33
2013.03.12 18:50:23.824,5.7077,5.70936,2.25,2.18
2013.03.12 18:50:23.970,5.7077,5.70963,2.25,1.49
2013.03.12 18:50:28.667,5.7077,5.70943,2.03,1.33
2013.03.12 18:50:37.326,5.70798,5.70943,2.93,1.33
2013.03.12 18:50:40.147,5.70798,5.70982,2.93,1.11
2013.03.12 18:50:40.339,5.70826,5.70982,2.10,1.11
2013.03.12 18:50:43.059,5.70826,5.70994,2.33,2.63
2013.03.12 18:50:43.127,5.70852,5.71012,2.33,1.49
2013.03.12 18:50:44.433,5.70852,5.70992,2.33,1.04
2013.03.12 18:50:50.258,5.70852,5.71012,2.33,1.20
2013.03.12 18:50:57.243,5.70852,5.70983,2.33,1.17
2013.03.12 18:50:57.368,5.7082,5.70983,1.73,1.17
2013.03.12 18:51:07.536,5.70795,5.70973,2.70,3.12
2013.03.12 18:51:07.657,5.70795,5.70952,2.70,1.20
2013.03.12 18:51:19.035,5.70771,5.70952,2.48,1.20
2013.03.12 18:51:19.157,5.70771,5.70923,2.48,1.29
2013.03.12 18:51:28.132,5.70801,5.70923,2.18,1.29
2013.03.12 18:52:23.997,5.70786,5.70913,1.50,1.41
2013.03.12 18:52:24.593,5.70786,5.70923,1.50,1.29
2013.03.12 18:52:25.327,5.70786,5.70892,1.50,1.22
2013.03.12 18:52:25.627,5.70703,5.70892,1.50,1.22
2013.03.12 18:52:25.698,5.70693,5.70892,2.10,1.22
2013.03.12 18:52:27.096,5.70693,5.70872,2.10,1.56
2013.03.12 18:52:30.676,5.70693,5.70883,2.10,1.47
2013.03.12 18:52:30.797,5.70719,5.70883,2.25,1.47
2013.03.12 18:52:41.727,5.70729,5.70946,1.43,1.73
2013.03.12 18:52:41.797,5.70752,5.70946,2.55,1.73
2013.03.12 18:52:59.538,5.7078,5.70946,1.65,1.73
2013.03.12 18:52:59.669,5.7078,5.70958,1.88,1.58
2013.03.12 18:52:59.742,5.7078,5.70972,1.88,1.27
2013.03.12 18:53:00.107,5.7078,5.70953,1.65,1.44
2013.03.12 18:53:03.992,5.7078,5.7097,1.65,2.25
2013.03.12 18:53:04.059,5.7078,5.70974,1.65,1.52
2013.03.12 18:53:15.377,5.7078,5.70964,1.65,2.25
2013.03.12 18:53:29.348,5.7078,5.70956,1.65,2.25
2013.03.12 18:53:31.098,5.7078,5.70968,1.65,2.03
2013.03.12 18:53:34.067,5.70758,5.70968,1.27,2.03
2013.03.12 18:53:34.126,5.70755,5.70958,2.78,1.65
2013.03.12 18:53:56.597,5.70738,5.70942,1.50,1.34
2013.03.12 18:54:03.820,5.70732,5.70922,2.78,1.02
2013.03.12 18:54:04.768,5.70711,5.70913,1.95,1.50
2013.03.12 18:55:04.746,5.70708,5.70908,1.54,1.88
2013.03.12 18:55:22.986,5.70689,5.70893,1.73,1.02
2013.03.12 18:55:37.307,5.70679,5.70888,2.18,1.34
2013.03.12 18:55:44.996,5.70649,5.70853,1.95,1.61
2013.03.12 18:56:01.299,5.70637,5.70847,1.31,3.08
2013.03.12 18:56:02.809,5.70637,5.70853,1.31,1.61
2013.03.12 18:56:17.257,5.70637,5.70847,1.31,2.48
2013.03.12 18:56:26.667,5.7062,5.70832,2.85,1.40
2013.03.12 18:57:00.636,5.70598,5.70832,1.95,1.40
2013.03.12 18:57:29.307,5.70606,5.70832,1.73,1.40
2013.03.12 18:57:38.007,5.70628,5.70842,1.29,1.45
2013.03.12 18:57:38.246,5.7062,5.70842,1.73,1.02
2013.03.12 18:57:42.581,5.7061,5.70842,2.03,1.02
2013.03.12 18:58:26.816,5.70651,5.70842,1.65,1.02
2013.03.12 18:58:52.087,5.70625,5.70842,1.73,1.02
2013.03.12 18:58:54.406,5.70652,5.70842,2.03,1.02
2013.03.12 18:58:58.758,5.70652,5.70863,2.25,1.04
2013.03.12 18:58:59.819,5.70678,5.70863,2.63,1.04
2013.03.12 18:59:00.008,5.70678,5.70898,2.85,1.88
2013.03.12 18:59:00.138,5.70678,5.70907,2.85,1.23
2013.03.12 18:59:00.328,5.70678,5.70872,2.63,1.33
2013.03.12 18:59:03.057,5.70678,5.70904,2.85,1.23
2013.03.12 18:59:03.117,5.70688,5.70922,1.50,1.38
2013.03.12 18:59:03.177,5.70682,5.70922,1.50,1.38
2013.03.12 18:59:15.737,5.70705,5.70922,1.88,1.38
2013.03.12 18:59:28.437,5.70683,5.70922,1.73,1.38
2013.03.12 18:59:42.728,5.70701,5.70922,2.48,1.38
2013.03.12 18:59:45.188,5.70684,5.70922,1.73,1.38
2013.03.12 18:59:59.408,5.70692,5.70922,2.93,1.38
2013.03.12 18:59:59.838,5.70684,5.70922,1.50,1.38
