2010.05.11 06:00:00.066,6.1637,6.1679,1.00,1.00
2010.05.11 06:00:00.427,6.1637,6.167,1.00,1.00
2010.05.11 06:00:00.777,6.1634,6.167,1.00,1.00
2010.05.11 06:00:01.871,6.1632,6.1652,1.00,1.00
2010.05.11 06:00:02.928,6.1637,6.1648,1.00,1.00
2010.05.11 06:00:03.472,6.1637,6.1683,1.00,1.00
2010.05.11 06:00:04.665,6.16455,6.1683,1.60,1.60
2010.05.11 06:00:05.459,6.164,6.1683,1.00,1.60
2010.05.11 06:00:05.749,6.1637,6.1683,1.00,1.60
2010.05.11 06:00:06.736,6.1642,6.1683,1.00,1.60
2010.05.11 06:00:07.047,6.1644,6.1687,1.00,1.00
2010.05.11 06:00:07.353,6.1642,6.1684,1.00,1.00
2010.05.11 06:00:08.682,6.1644,6.1687,1.00,1.00
2010.05.11 06:00:09.036,6.1651,6.1693,1.00,1.70
2010.05.11 06:00:09.144,6.1651,6.1693,1.00,2.50
2010.05.11 06:00:09.681,6.1646,6.1688,1.00,1.00
2010.05.11 06:00:10.850,6.1644,6.1687,1.00,1.00
2010.05.11 06:00:11.215,6.1651,6.1693,1.00,1.70
2010.05.11 06:00:11.481,6.16505,6.1691,1.60,1.00
2010.05.11 06:00:12.009,6.16495,6.1691,1.60,1.00
2010.05.11 06:00:12.148,6.1646,6.1688,1.00,1.00
2010.05.11 06:00:12.912,6.1648,6.1691,1.00,1.00
2010.05.11 06:00:13.268,6.1649,6.1691,1.00,1.00
2010.05.11 06:00:13.702,6.1651,6.1693,1.00,1.70
2010.05.11 06:00:14.373,6.1649,6.1691,1.00,1.00
2010.05.11 06:00:18.105,6.1644,6.1686,1.00,2.40
2010.05.11 06:00:18.382,6.1635,6.1686,1.00,2.40
2010.05.11 06:00:24.330,6.16315,6.1685,1.00,1.00
2010.05.11 06:00:24.509,6.16315,6.1683,1.00,1.00
2010.05.11 06:00:24.689,6.16315,6.1685,1.00,1.00
2010.05.11 06:00:26.095,6.16315,6.1683,1.00,1.00
2010.05.11 06:00:26.938,6.16315,6.1685,1.00,1.00
2010.05.11 06:00:27.140,6.16315,6.1686,1.00,2.50
2010.05.11 06:00:27.337,6.16315,6.1685,1.00,1.00
2010.05.11 06:00:29.002,6.16315,6.1683,1.00,1.00
2010.05.11 06:00:29.688,6.16285,6.16815,1.00,4.00
2010.05.11 06:00:30.036,6.16265,6.168,1.00,1.00
2010.05.11 06:00:31.620,6.16285,6.168,1.00,1.00
2010.05.11 06:00:31.866,6.16265,6.168,1.00,1.00
2010.05.11 06:00:32.556,6.16265,6.16815,1.00,4.00
2010.05.11 06:00:33.474,6.16265,6.168,1.00,1.00
2010.05.11 06:00:34.617,6.16265,6.16815,1.00,4.00
2010.05.11 06:00:34.875,6.16265,6.168,1.00,1.00
2010.05.11 06:00:36.720,6.16285,6.168,1.00,1.00
2010.05.11 06:00:36.889,6.16265,6.168,1.00,1.00
2010.05.11 06:00:37.064,6.16285,6.16815,1.00,4.00
2010.05.11 06:00:37.698,6.16285,6.1683,1.00,1.00
2010.05.11 06:00:39.084,6.16265,6.168,1.00,1.00
2010.05.11 06:00:42.618,6.16265,6.168,1.00,1.00
2010.05.11 06:00:46.050,6.16265,6.16795,1.00,1.00
2010.05.11 06:00:46.269,6.16265,6.168,1.00,1.00
2010.05.11 06:00:47.062,6.1625,6.168,1.00,1.00
2010.05.11 06:00:47.324,6.1627,6.16715,1.00,1.00
2010.05.11 06:00:47.582,6.16115,6.1659,1.60,1.10
2010.05.11 06:00:48.246,6.16115,6.1655,1.60,2.40
2010.05.11 06:00:48.581,6.16105,6.1653,1.60,2.40
2010.05.11 06:00:50.001,6.16145,6.1653,1.60,2.40
2010.05.11 06:00:50.326,6.16155,6.1653,1.60,2.40
2010.05.11 06:00:50.656,6.16145,6.1652,1.60,1.00
2010.05.11 06:00:51.433,6.16125,6.1652,1.60,1.00
2010.05.11 06:00:52.992,6.16125,6.1653,1.60,2.50
2010.05.11 06:00:53.252,6.16135,6.1653,1.60,2.40
2010.05.11 06:00:53.513,6.16155,6.1653,1.60,2.40
2010.05.11 06:00:54.271,6.16165,6.1653,1.60,2.40
2010.05.11 06:00:55.382,6.16145,6.1653,1.60,2.40
2010.05.11 06:00:55.731,6.16165,6.1653,1.60,2.40
2010.05.11 06:00:56.511,6.16145,6.1653,1.60,2.40
2010.05.11 06:00:56.863,6.16135,6.1653,1.60,2.40
2010.05.11 06:00:57.798,6.16125,6.1653,1.60,2.40
2010.05.11 06:00:58.456,6.16155,6.1653,1.60,2.40
2010.05.11 06:00:58.616,6.16135,6.1653,1.60,2.40
2010.05.11 06:00:58.770,6.16125,6.1653,1.60,2.40
2010.05.11 06:00:59.851,6.16115,6.1653,1.60,2.40
2010.05.11 06:01:01.168,6.16105,6.1653,1.60,2.40
2010.05.11 06:01:04.524,6.16095,6.1652,1.60,1.00
2010.05.11 06:01:05.299,6.16055,6.1648,1.60,1.00
2010.05.11 06:01:05.985,6.16025,6.1645,1.60,1.00
2010.05.11 06:01:06.437,6.15975,6.1643,1.60,1.60
2010.05.11 06:01:06.787,6.15975,6.1636,1.60,2.40
2010.05.11 06:01:07.832,6.15995,6.1636,1.60,2.40
2010.05.11 06:01:08.939,6.16015,6.1636,1.60,2.40
2010.05.11 06:01:09.505,6.16035,6.1636,1.60,2.40
2010.05.11 06:01:10.177,6.16015,6.1636,1.60,2.40
2010.05.11 06:01:12.863,6.16035,6.1636,1.60,2.40
2010.05.11 06:01:14.707,6.1612,6.1636,1.00,2.40
2010.05.11 06:01:14.915,6.16175,6.1636,1.60,2.40
2010.05.11 06:01:15.608,6.16185,6.1662,1.60,1.40
2010.05.11 06:01:15.955,6.16225,6.1665,1.60,1.40
2010.05.11 06:01:17.848,6.16235,6.1661,1.60,1.40
2010.05.11 06:01:20.063,6.16225,6.1661,1.60,1.40
2010.05.11 06:01:20.709,6.16205,6.1661,1.60,1.40
2010.05.11 06:01:22.372,6.163,6.1661,1.00,1.40
2010.05.11 06:01:30.063,6.1632,6.1663,1.00,1.40
2010.05.11 06:01:30.311,6.1632,6.16595,1.00,1.40
2010.05.11 06:01:30.785,6.1632,6.1661,1.00,1.40
2010.05.11 06:01:31.461,6.1648,6.1661,1.00,1.40
2010.05.11 06:01:32.299,6.1648,6.1663,1.00,1.40
2010.05.11 06:01:33.028,6.1652,6.16645,1.00,1.40
2010.05.11 06:01:33.285,6.1652,6.1666,1.00,1.40
2010.05.11 06:01:34.264,6.1652,6.1668,1.00,1.40
2010.05.11 06:01:36.735,6.16515,6.16795,1.30,1.40
2010.05.11 06:01:38.250,6.16315,6.1668,1.60,1.40
2010.05.11 06:01:39.028,6.1668,6.1671,1.00,1.40
2010.05.11 06:01:40.601,6.16545,6.16865,1.00,3.00
2010.05.11 06:01:40.817,6.16467,6.16983,1.00,3.00
2010.05.11 06:01:43.993,6.16528,6.16918,1.00,1.40
2010.05.11 06:01:46.376,6.16365,6.16725,1.60,1.40
2010.05.11 06:01:47.548,6.1668,6.16775,1.00,1.40
2010.05.11 06:01:48.996,6.1672,6.168,1.00,1.60
2010.05.11 06:01:49.337,6.1672,6.16805,1.00,1.40
2010.05.11 06:01:53.434,6.1672,6.16825,1.00,1.40
2010.05.11 06:01:53.786,6.1672,6.1714,1.00,2.40
2010.05.11 06:01:55.237,6.1672,6.171,1.00,3.80
2010.05.11 06:01:55.507,6.1672,6.171,1.00,2.40
2010.05.11 06:01:56.195,6.1672,6.171,1.00,3.80
2010.05.11 06:01:56.546,6.1672,6.17085,1.00,1.40
2010.05.11 06:01:58.052,6.1672,6.171,1.00,3.80
2010.05.11 06:02:00.891,6.1672,6.16935,1.00,1.00
2010.05.11 06:02:01.511,6.16587,6.16873,1.00,3.50
2010.05.11 06:02:01.710,6.1649,6.1697,1.00,2.40
2010.05.11 06:02:01.972,6.1644,6.1712,2.40,2.40
2010.05.11 06:02:02.652,6.1668,6.1712,1.00,2.40
2010.05.11 06:02:04.639,6.1672,6.1699,1.00,2.40
2010.05.11 06:02:17.529,6.168,6.1699,1.00,2.40
2010.05.11 06:02:25.142,6.1682,6.1698,1.00,1.00
2010.05.11 06:02:25.305,6.1682,6.1699,1.00,2.40
2010.05.11 06:02:31.408,6.1682,6.1698,1.00,1.00
2010.05.11 06:02:36.676,6.1682,6.1694,1.00,1.00
2010.05.11 06:02:38.132,6.1682,6.1696,1.00,1.00
2010.05.11 06:02:38.634,6.1682,6.1694,1.00,1.00
2010.05.11 06:02:39.116,6.1682,6.16945,1.00,1.40
2010.05.11 06:02:39.461,6.1682,6.1696,1.00,1.00
2010.05.11 06:02:41.634,6.1682,6.16915,1.00,1.40
2010.05.11 06:02:42.696,6.1682,6.16935,1.00,1.40
2010.05.11 06:02:43.864,6.1682,6.1689,1.00,1.00
2010.05.11 06:02:44.082,6.1681,6.1685,1.00,2.40
2010.05.11 06:02:44.636,6.162,6.1685,2.40,2.40
2010.05.11 06:02:50.043,6.1631,6.1685,1.00,2.40
2010.05.11 06:02:50.393,6.163,6.1685,2.40,2.40
2010.05.11 06:02:51.544,6.1631,6.1685,1.00,2.40
2010.05.11 06:02:52.290,6.163,6.1685,2.40,2.40
2010.05.11 06:02:53.121,6.1631,6.1685,1.00,2.40
2010.05.11 06:02:53.428,6.163,6.1685,2.40,2.40
2010.05.11 06:02:55.540,6.1634,6.1685,1.00,2.40
2010.05.11 06:02:55.741,6.1632,6.1685,1.00,2.40
2010.05.11 06:02:56.426,6.1634,6.1685,1.00,2.40
2010.05.11 06:02:56.752,6.1632,6.1685,1.00,2.40
2010.05.11 06:02:57.071,6.1634,6.1685,1.00,2.40
2010.05.11 06:02:57.390,6.1632,6.1685,1.00,2.40
2010.05.11 06:03:00.469,6.163,6.1685,2.50,2.40
2010.05.11 06:03:06.148,6.1632,6.1685,1.00,2.40
2010.05.11 06:03:07.600,6.1635,6.1685,1.00,2.40
2010.05.11 06:03:08.130,6.1638,6.1689,2.40,1.10
2010.05.11 06:03:08.442,6.1638,6.1693,2.40,2.40
2010.05.11 06:03:18.079,6.1639,6.1693,1.00,2.40
2010.05.11 06:03:18.179,6.1638,6.1693,2.40,2.40
2010.05.11 06:03:19.098,6.1641,6.1693,1.00,2.40
2010.05.11 06:03:19.447,6.1641,6.1693,1.00,2.40
2010.05.11 06:03:20.560,6.1639,6.1693,1.00,2.40
2010.05.11 06:03:20.908,6.1654,6.1698,2.40,2.40
2010.05.11 06:03:25.531,6.1649,6.1683,1.00,2.40
2010.05.11 06:03:27.760,6.1649,6.168,1.00,1.00
2010.05.11 06:03:28.537,6.1649,6.1679,1.00,1.00
2010.05.11 06:03:30.929,6.16525,6.1679,1.60,1.00
2010.05.11 06:03:31.799,6.16525,6.1681,1.60,2.50
2010.05.11 06:03:33.896,6.1645,6.1669,2.40,1.10
2010.05.11 06:03:34.069,6.16375,6.1668,1.60,2.40
2010.05.11 06:03:35.039,6.1642,6.1667,2.40,1.10
2010.05.11 06:03:35.934,6.1642,6.1703,2.40,2.40
2010.05.11 06:03:39.438,6.1642,6.1699,2.50,2.40
2010.05.11 06:03:40.246,6.1658,6.17,2.40,2.40
2010.05.11 06:03:45.395,6.166,6.1699,2.40,1.00
2010.05.11 06:03:45.731,6.1657,6.1682,1.10,2.40
2010.05.11 06:03:46.068,6.16485,6.1682,1.60,2.40
2010.05.11 06:03:47.488,6.16485,6.1676,1.60,1.00
2010.05.11 06:03:48.185,6.1658,6.1704,2.40,2.40
2010.05.11 06:03:49.761,6.166,6.1705,2.40,1.10
2010.05.11 06:03:50.089,6.166,6.1718,2.40,2.40
2010.05.11 06:03:59.359,6.1661,6.1716,1.00,2.40
2010.05.11 06:04:00.007,6.1664,6.1716,1.00,2.40
2010.05.11 06:04:00.183,6.1664,6.1716,1.00,2.40
2010.05.11 06:04:00.355,6.1666,6.1729,2.40,2.40
2010.05.11 06:04:01.293,6.1666,6.1729,2.50,2.40
2010.05.11 06:04:01.647,6.1669,6.1727,1.00,2.40
2010.05.11 06:04:04.482,6.1671,6.1727,1.00,2.40
2010.05.11 06:04:04.621,6.1674,6.1727,1.00,2.40
2010.05.11 06:04:05.187,6.1676,6.1739,2.40,2.40
2010.05.11 06:04:05.508,6.1676,6.1738,2.40,1.00
2010.05.11 06:04:06.237,6.16795,6.1739,1.60,2.40
2010.05.11 06:04:06.950,6.1677,6.1737,1.00,2.40
2010.05.11 06:04:07.294,6.1679,6.1736,1.00,1.00
2010.05.11 06:04:08.598,6.1681,6.1736,1.00,1.00
2010.05.11 06:04:10.130,6.168,6.172,1.00,2.40
2010.05.11 06:04:11.049,6.1679,6.1717,3.50,1.10
2010.05.11 06:04:11.779,6.1682,6.1715,2.40,1.10
2010.05.11 06:04:12.071,6.1682,6.1731,2.40,2.40
2010.05.11 06:04:14.339,6.16825,6.1729,1.60,2.40
2010.05.11 06:04:15.845,6.1682,6.1729,2.40,2.50
2010.05.11 06:04:16.464,6.1682,6.1729,2.40,2.40
2010.05.11 06:04:16.765,6.1682,6.1729,2.40,2.50
2010.05.11 06:04:17.042,6.1684,6.1729,1.00,2.40
2010.05.11 06:04:17.297,6.1682,6.1729,2.50,2.50
2010.05.11 06:04:18.969,6.1684,6.1729,1.00,2.40
2010.05.11 06:04:19.207,6.1682,6.1729,2.50,2.50
2010.05.11 06:04:21.452,6.1687,6.1746,2.40,2.40
2010.05.11 06:04:35.812,6.1687,6.1742,2.40,1.40
2010.05.11 06:04:36.665,6.1687,6.1744,2.40,2.40
2010.05.11 06:04:38.485,6.1687,6.1742,2.40,1.40
2010.05.11 06:04:40.453,6.1687,6.1744,2.40,2.40
2010.05.11 06:04:41.179,6.1687,6.17425,2.40,1.40
2010.05.11 06:04:41.516,6.1687,6.17435,2.40,1.40
2010.05.11 06:04:41.849,6.1687,6.1744,2.40,2.40
2010.05.11 06:04:55.328,6.1696,6.1747,2.40,1.40
2010.05.11 06:04:55.854,6.1696,6.17515,2.40,1.40
2010.05.11 06:05:01.587,6.1696,6.175,2.40,3.20
2010.05.11 06:05:02.534,6.1688,6.1744,2.40,2.40
2010.05.11 06:05:05.040,6.1688,6.1744,2.40,2.50
2010.05.11 06:05:05.149,6.1688,6.17425,2.40,3.20
2010.05.11 06:05:06.368,6.1688,6.1744,2.40,2.40
2010.05.11 06:05:11.357,6.16895,6.1744,1.60,2.40
2010.05.11 06:05:12.607,6.16885,6.1744,1.60,2.40
2010.05.11 06:05:14.374,6.1689,6.1744,1.00,2.40
2010.05.11 06:05:14.590,6.16905,6.1744,1.60,2.40
2010.05.11 06:05:17.080,6.1689,6.1744,1.00,2.40
2010.05.11 06:05:17.729,6.1688,6.1744,2.40,2.40
2010.05.11 06:05:18.111,6.1689,6.1744,1.00,2.40
2010.05.11 06:05:18.300,6.1688,6.1744,2.40,2.40
2010.05.11 06:05:18.936,6.1689,6.1744,1.00,2.40
2010.05.11 06:05:22.558,6.1691,6.1744,1.00,2.40
2010.05.11 06:05:24.134,6.1689,6.1744,1.00,2.40
2010.05.11 06:05:25.538,6.1698,6.1748,2.40,1.10
2010.05.11 06:05:25.853,6.1698,6.1749,2.40,2.40
2010.05.11 06:05:26.861,6.17,6.1749,2.40,2.50
2010.05.11 06:05:27.036,6.17,6.1749,2.40,2.40
2010.05.11 06:05:27.909,6.17,6.1749,2.40,2.50
2010.05.11 06:05:31.091,6.17,6.1746,2.40,1.00
2010.05.11 06:05:31.256,6.1693,6.174,2.40,2.40
2010.05.11 06:05:32.820,6.16955,6.174,1.60,2.40
2010.05.11 06:05:34.631,6.1694,6.174,1.00,2.40
2010.05.11 06:05:35.811,6.1694,6.174,1.00,2.40
2010.05.11 06:05:36.580,6.1693,6.174,2.40,2.40
2010.05.11 06:05:44.081,6.17015,6.174,1.60,2.40
2010.05.11 06:05:44.971,6.17025,6.174,1.60,2.40
2010.05.11 06:05:45.195,6.17025,6.174,1.60,2.40
2010.05.11 06:05:47.049,6.17015,6.174,1.60,2.40
2010.05.11 06:05:47.829,6.17045,6.174,1.60,2.40
2010.05.11 06:05:48.069,6.17015,6.174,1.60,2.40
2010.05.11 06:05:49.990,6.17005,6.174,1.60,2.40
2010.05.11 06:05:50.995,6.17045,6.174,1.60,2.40
2010.05.11 06:05:51.684,6.17035,6.174,1.60,2.40
2010.05.11 06:05:53.682,6.17015,6.174,1.60,2.40
2010.05.11 06:05:56.720,6.16995,6.174,1.60,2.40
2010.05.11 06:05:57.219,6.16975,6.174,1.60,2.40
2010.05.11 06:05:57.381,6.1693,6.174,2.40,2.40
2010.05.11 06:06:01.942,6.1693,6.1738,2.40,1.10
2010.05.11 06:06:03.952,6.16885,6.1732,1.60,2.40
2010.05.11 06:06:05.129,6.16895,6.1732,1.60,2.40
2010.05.11 06:06:07.830,6.16905,6.1732,1.60,2.40
2010.05.11 06:06:09.389,6.1693,6.1738,2.40,1.10
2010.05.11 06:06:14.831,6.1693,6.1737,2.40,1.00
2010.05.11 06:06:15.001,6.16865,6.1733,1.60,2.40
2010.05.11 06:06:20.280,6.16855,6.1733,1.60,2.40
2010.05.11 06:06:20.591,6.1685,6.1733,2.40,2.40
2010.05.11 06:06:23.098,6.16805,6.1724,1.60,2.40
2010.05.11 06:06:23.684,6.1678,6.1724,2.40,2.40
2010.05.11 06:06:24.641,6.16785,6.1724,1.60,2.40
2010.05.11 06:06:24.941,6.168,6.1724,1.00,2.40
2010.05.11 06:06:26.105,6.1684,6.1731,2.40,1.10
2010.05.11 06:06:27.892,6.1685,6.1731,1.00,1.10
2010.05.11 06:06:28.166,6.1685,6.1732,1.00,2.40
2010.05.11 06:06:29.560,6.1684,6.1732,3.50,2.40
2010.05.11 06:06:29.899,6.1685,6.1732,1.00,2.40
2010.05.11 06:06:31.480,6.1684,6.1732,3.50,2.40
2010.05.11 06:06:32.214,6.1685,6.1732,1.00,2.40
2010.05.11 06:06:33.030,6.1684,6.1732,3.50,2.40
2010.05.11 06:06:33.983,6.1685,6.1732,1.00,2.40
2010.05.11 06:06:37.648,6.16885,6.1732,1.60,2.40
2010.05.11 06:06:40.008,6.1695,6.1732,1.00,2.40
2010.05.11 06:06:40.274,6.1692,6.1732,1.00,2.40
2010.05.11 06:06:40.952,6.1695,6.1732,1.00,2.40
2010.05.11 06:06:41.900,6.1692,6.1732,1.00,2.40
2010.05.11 06:06:42.242,6.169,6.1732,1.00,2.40
2010.05.11 06:06:44.708,6.1692,6.1732,1.00,2.40
2010.05.11 06:06:49.202,6.1695,6.1737,1.00,2.40
2010.05.11 06:06:49.761,6.1695,6.1731,1.00,1.60
2010.05.11 06:06:50.066,6.1697,6.1729,1.00,2.40
2010.05.11 06:06:50.370,6.1695,6.1729,1.00,2.40
2010.05.11 06:06:51.396,6.16935,6.1721,1.60,1.10
2010.05.11 06:06:51.749,6.1695,6.1721,1.00,1.10
2010.05.11 06:06:52.674,6.1694,6.1739,2.50,2.40
2010.05.11 06:06:53.563,6.1696,6.1739,1.00,2.40
2010.05.11 06:06:54.476,6.1697,6.1737,1.00,2.40
2010.05.11 06:06:55.190,6.1695,6.1737,1.00,2.40
2010.05.11 06:06:57.015,6.1697,6.1737,1.00,2.40
2010.05.11 06:06:57.367,6.17,6.1737,1.00,2.40
2010.05.11 06:06:57.564,6.1697,6.1737,1.00,2.40
2010.05.11 06:06:59.022,6.17,6.1737,1.00,2.40
2010.05.11 06:06:59.738,6.1702,6.1737,1.00,2.40
2010.05.11 06:07:01.157,6.17,6.1737,1.00,2.40
2010.05.11 06:07:05.210,6.1702,6.1737,1.00,2.40
2010.05.11 06:07:11.237,6.1705,6.1737,1.00,2.40
2010.05.11 06:07:11.408,6.1707,6.1744,1.00,2.40
2010.05.11 06:07:11.573,6.1705,6.1744,1.00,2.40
2010.05.11 06:07:16.441,6.1707,6.1744,1.00,2.40
2010.05.11 06:07:20.393,6.1705,6.1744,1.00,2.40
2010.05.11 06:07:20.897,6.1707,6.1744,1.00,2.40
2010.05.11 06:07:21.124,6.1709,6.1744,1.00,2.40
2010.05.11 06:07:22.331,6.1712,6.1752,1.00,1.10
2010.05.11 06:07:22.515,6.1709,6.1752,2.50,1.10
2010.05.11 06:07:28.558,6.1712,6.1752,1.00,1.10
2010.05.11 06:07:29.421,6.1714,6.1752,1.00,1.10
2010.05.11 06:07:30.386,6.1714,6.1753,1.00,2.40
2010.05.11 06:07:31.320,6.1716,6.1753,1.00,2.40
2010.05.11 06:07:33.299,6.1716,6.1759,1.00,1.10
2010.05.11 06:07:33.588,6.1721,6.1759,1.00,1.10
2010.05.11 06:07:35.080,6.1724,6.1766,1.00,2.40
2010.05.11 06:07:36.835,6.1726,6.1766,1.00,2.40
2010.05.11 06:07:40.033,6.1723,6.1766,2.40,2.40
2010.05.11 06:07:46.494,6.1723,6.1766,2.40,2.50
2010.05.11 06:07:47.123,6.1722,6.1761,1.10,2.40
2010.05.11 06:07:47.298,6.1719,6.1761,1.00,2.40
2010.05.11 06:07:47.620,6.1722,6.1761,1.00,2.40
2010.05.11 06:07:47.781,6.1719,6.1761,1.00,2.40
2010.05.11 06:07:52.179,6.1722,6.1761,1.00,2.40
2010.05.11 06:07:53.112,6.1726,6.1761,1.00,2.40
2010.05.11 06:07:53.777,6.1724,6.1761,1.00,2.40
2010.05.11 06:07:54.048,6.1721,6.176,1.00,2.40
2010.05.11 06:07:54.736,6.1724,6.176,1.00,2.40
2010.05.11 06:07:57.322,6.1724,6.1766,1.00,2.40
2010.05.11 06:07:57.381,6.1723,6.1766,2.40,2.40
2010.05.11 06:07:58.019,6.1719,6.176,1.00,2.40
2010.05.11 06:07:58.367,6.1722,6.176,1.00,2.40
2010.05.11 06:07:58.714,6.1719,6.176,1.00,2.40
2010.05.11 06:08:00.034,6.1724,6.176,1.00,2.40
2010.05.11 06:08:09.150,6.1724,6.1766,1.00,2.40
2010.05.11 06:08:11.572,6.1723,6.1766,2.40,2.40
2010.05.11 06:08:20.649,6.1723,6.1762,2.40,1.10
2010.05.11 06:08:20.780,6.172,6.176,1.00,2.40
2010.05.11 06:08:20.910,6.1717,6.176,1.00,2.40
2010.05.11 06:08:22.658,6.1718,6.176,1.00,2.40
2010.05.11 06:08:24.459,6.172,6.176,1.00,2.40
2010.05.11 06:08:26.319,6.1719,6.176,1.00,2.40
2010.05.11 06:08:27.868,6.1717,6.176,1.00,2.40
2010.05.11 06:08:28.219,6.171,6.1752,1.00,2.40
2010.05.11 06:08:32.259,6.1709,6.1748,2.40,1.10
2010.05.11 06:08:32.390,6.1704,6.1746,1.00,2.40
2010.05.11 06:08:32.992,6.1702,6.1746,1.00,2.40
2010.05.11 06:08:33.121,6.1705,6.1746,1.00,2.40
2010.05.11 06:08:33.254,6.1702,6.1746,1.00,2.40
2010.05.11 06:08:33.600,6.1705,6.1746,1.00,2.40
2010.05.11 06:08:36.940,6.1714,6.1748,2.40,1.10
2010.05.11 06:08:37.218,6.1718,6.17555,1.10,1.60
2010.05.11 06:08:38.559,6.1723,6.17555,1.00,1.60
2010.05.11 06:08:39.261,6.172,6.1753,1.00,1.00
2010.05.11 06:08:39.616,6.1725,6.17515,1.00,1.60
2010.05.11 06:08:39.967,6.1725,6.1748,1.00,1.10
2010.05.11 06:08:40.675,6.172,6.1748,1.00,1.10
2010.05.11 06:08:40.964,6.1721,6.17465,1.00,1.60
2010.05.11 06:08:42.975,6.1723,6.1748,1.00,1.10
2010.05.11 06:08:43.622,6.1725,6.1748,1.00,1.10
2010.05.11 06:08:44.342,6.1733,6.176,1.00,1.10
2010.05.11 06:08:44.634,6.1733,6.17655,1.00,1.60
2010.05.11 06:08:45.521,6.1734,6.1763,1.00,1.00
2010.05.11 06:08:46.515,6.1735,6.1763,1.00,1.00
2010.05.11 06:08:46.865,6.17335,6.1759,1.60,1.60
2010.05.11 06:08:47.550,6.17385,6.176,1.60,1.10
2010.05.11 06:08:48.487,6.17335,6.1758,1.60,1.00
2010.05.11 06:08:48.837,6.17335,6.1759,1.60,1.60
2010.05.11 06:08:49.728,6.1735,6.1759,1.00,1.60
2010.05.11 06:08:49.968,6.17335,6.1759,1.60,1.60
2010.05.11 06:08:50.841,6.1728,6.17565,1.00,1.60
2010.05.11 06:08:51.775,6.1731,6.17565,1.00,1.60
2010.05.11 06:08:52.075,6.17305,6.17565,1.60,1.60
2010.05.11 06:08:52.293,6.1731,6.17565,1.00,1.60
2010.05.11 06:08:54.325,6.1731,6.1755,1.00,1.10
2010.05.11 06:08:55.533,6.17305,6.1755,1.60,1.10
2010.05.11 06:08:55.777,6.1731,6.1755,1.00,1.10
2010.05.11 06:08:56.023,6.17305,6.1755,1.60,1.10
2010.05.11 06:08:56.682,6.1728,6.1755,1.00,1.10
2010.05.11 06:08:57.380,6.1731,6.1755,1.00,1.10
2010.05.11 06:08:58.141,6.1728,6.1755,1.00,1.10
2010.05.11 06:08:59.040,6.1726,6.1754,1.60,1.00
2010.05.11 06:08:59.250,6.1726,6.1754,1.70,1.00
2010.05.11 06:08:59.974,6.1733,6.1755,1.00,1.10
2010.05.11 06:09:00.325,6.1733,6.176,1.00,2.40
2010.05.11 06:09:00.940,6.1731,6.1759,1.00,1.00
2010.05.11 06:09:01.287,6.1731,6.17565,1.00,1.60
2010.05.11 06:09:01.973,6.1733,6.17565,1.00,1.60
2010.05.11 06:09:02.951,6.1726,6.17515,1.70,1.60
2010.05.11 06:09:04.021,6.1734,6.176,1.00,2.40
2010.05.11 06:09:04.358,6.17385,6.1766,1.60,5.10
2010.05.11 06:09:04.859,6.1741,6.1766,1.00,4.00
2010.05.11 06:09:05.197,6.1738,6.1766,1.00,2.80
2010.05.11 06:09:05.521,6.174,6.1766,1.00,2.70
2010.05.11 06:09:06.210,6.1738,6.1766,1.00,2.80
2010.05.11 06:09:08.143,6.17455,6.1766,1.60,1.10
2010.05.11 06:09:08.440,6.17455,6.177,1.60,1.10
2010.05.11 06:09:08.705,6.1743,6.177,1.00,1.10
2010.05.11 06:09:09.485,6.1743,6.17655,1.00,1.60
2010.05.11 06:09:10.028,6.1743,6.177,1.00,1.10
2010.05.11 06:09:10.999,6.17405,6.1766,1.60,1.60
2010.05.11 06:09:11.293,6.1743,6.177,1.00,1.10
2010.05.11 06:09:12.746,6.17455,6.177,1.60,1.10
2010.05.11 06:09:12.924,6.1743,6.177,1.00,1.10
2010.05.11 06:09:13.107,6.1745,6.177,1.00,1.10
2010.05.11 06:09:13.583,6.17455,6.177,1.60,1.10
2010.05.11 06:09:13.772,6.1743,6.177,1.00,1.10
2010.05.11 06:09:14.125,6.17455,6.177,1.60,1.10
2010.05.11 06:09:14.888,6.175,6.177,1.00,1.10
2010.05.11 06:09:15.135,6.175,6.1776,1.70,1.60
2010.05.11 06:09:16.473,6.1755,6.1777,1.60,1.10
2010.05.11 06:09:16.832,6.176,6.17855,1.70,1.60
2010.05.11 06:09:17.617,6.1765,6.17855,1.00,1.60
2010.05.11 06:09:17.870,6.176,6.17855,1.70,1.60
2010.05.11 06:09:18.549,6.1762,6.17855,1.00,1.60
2010.05.11 06:09:18.897,6.1767,6.1791,1.00,1.10
2010.05.11 06:09:19.242,6.17645,6.1795,1.60,1.60
2010.05.11 06:09:19.754,6.1758,6.1795,1.10,1.60
2010.05.11 06:09:20.109,6.1744,6.1778,1.00,1.10
2010.05.11 06:09:21.805,6.1744,6.1774,1.00,1.10
2010.05.11 06:09:22.146,6.1746,6.1774,1.00,1.10
2010.05.11 06:09:23.433,6.1748,6.1774,1.00,1.10
2010.05.11 06:09:24.216,6.1746,6.1777,1.00,2.40
2010.05.11 06:09:26.286,6.1744,6.1774,1.00,1.10
2010.05.11 06:09:27.312,6.1746,6.1779,1.00,1.00
2010.05.11 06:09:28.925,6.1744,6.1774,1.00,1.10
2010.05.11 06:09:29.893,6.1742,6.1774,1.60,1.20
2010.05.11 06:09:30.250,6.1739,6.1769,1.00,1.10
2010.05.11 06:09:31.726,6.1736,6.1769,1.00,1.20
2010.05.11 06:09:32.511,6.1734,6.1765,1.00,1.10
2010.05.11 06:09:32.851,6.1736,6.1765,1.00,1.10
2010.05.11 06:09:35.626,6.1736,6.1769,1.00,1.00
2010.05.11 06:09:35.874,6.1721,6.1758,1.00,2.40
2010.05.11 06:09:36.119,6.1721,6.1758,1.00,2.40
2010.05.11 06:09:37.590,6.1718,6.1747,1.00,2.40
2010.05.11 06:09:37.935,6.1716,6.1745,1.00,1.00
2010.05.11 06:09:38.596,6.1718,6.1747,1.00,2.40
2010.05.11 06:09:38.837,6.1718,6.1747,1.00,2.50
2010.05.11 06:09:39.880,6.1718,6.1746,1.00,1.00
2010.05.11 06:09:41.888,6.17165,6.1744,1.60,1.00
2010.05.11 06:09:44.083,6.16785,6.1728,1.60,2.40
2010.05.11 06:09:44.318,6.16805,6.1728,1.60,2.40
2010.05.11 06:09:47.360,6.16825,6.1726,1.60,2.40
2010.05.11 06:09:47.402,6.16785,6.1726,1.60,2.40
2010.05.11 06:09:47.491,6.16755,6.1726,1.60,2.40
2010.05.11 06:09:49.073,6.16765,6.1726,1.60,2.40
2010.05.11 06:09:49.427,6.1673,6.1717,1.00,2.40
2010.05.11 06:09:50.118,6.16725,6.1717,1.60,2.40
2010.05.11 06:09:50.392,6.1678,6.1725,1.00,2.40
2010.05.11 06:09:51.383,6.16795,6.1725,1.60,2.40
2010.05.11 06:09:52.219,6.16805,6.1725,1.60,2.40
2010.05.11 06:09:53.831,6.16785,6.1725,1.60,2.40
2010.05.11 06:09:54.208,6.1675,6.1725,1.00,2.40
2010.05.11 06:09:55.132,6.1677,6.1725,1.00,2.40
2010.05.11 06:09:57.300,6.1674,6.1709,1.00,2.40
2010.05.11 06:09:58.581,6.1679,6.1705,1.00,2.40
2010.05.11 06:09:59.787,6.1676,6.1705,1.00,2.40
2010.05.11 06:10:01.117,6.1676,6.1705,1.00,2.50
2010.05.11 06:10:01.387,6.1684,6.1712,1.00,2.40
2010.05.11 06:10:02.681,6.1681,6.171,1.00,1.00
2010.05.11 06:10:03.439,6.1682,6.1712,1.00,2.40
2010.05.11 06:10:03.785,6.1685,6.1712,1.00,2.40
2010.05.11 06:10:04.471,6.1687,6.1712,1.00,2.40
2010.05.11 06:10:05.226,6.1689,6.1718,1.00,1.00
2010.05.11 06:10:05.578,6.1689,6.1717,1.00,1.00
2010.05.11 06:10:06.843,6.168,6.17075,1.00,1.60
2010.05.11 06:10:07.192,6.1685,6.17075,1.00,1.60
2010.05.11 06:10:07.972,6.1685,6.1708,1.00,1.60
2010.05.11 06:10:08.663,6.1685,6.17065,1.00,1.60
2010.05.11 06:10:10.109,6.1685,6.1708,1.00,1.60
2010.05.11 06:10:10.608,6.1685,6.1699,1.00,8.00
2010.05.11 06:10:10.720,6.16825,6.1691,1.60,2.40
2010.05.11 06:10:11.571,6.16375,6.1691,1.60,2.40
2010.05.11 06:10:11.911,6.16365,6.1689,1.60,2.40
2010.05.11 06:10:12.254,6.16375,6.1689,1.60,2.40
2010.05.11 06:10:12.575,6.16425,6.1689,1.60,2.40
2010.05.11 06:10:13.334,6.16435,6.1705,1.60,2.40
2010.05.11 06:10:13.808,6.16435,6.1704,1.60,1.00
2010.05.11 06:10:13.959,6.16425,6.1704,1.60,1.00
2010.05.11 06:10:14.940,6.16405,6.16995,1.60,1.00
2010.05.11 06:10:16.362,6.16415,6.1702,1.60,1.00
2010.05.11 06:10:16.712,6.16415,6.16995,1.60,1.00
2010.05.11 06:10:16.899,6.16355,6.1689,1.60,8.00
2010.05.11 06:10:17.088,6.16315,6.1689,1.60,8.00
2010.05.11 06:10:17.278,6.1623,6.1681,2.60,2.40
2010.05.11 06:10:18.112,6.16375,6.168,1.00,2.40
2010.05.11 06:10:20.099,6.1639,6.168,1.00,2.40
2010.05.11 06:10:20.365,6.1636,6.168,2.40,2.40
2010.05.11 06:10:21.557,6.1644,6.1685,1.00,1.00
2010.05.11 06:10:22.839,6.1646,6.1682,1.00,1.00
2010.05.11 06:10:23.859,6.1646,6.168,1.00,1.00
2010.05.11 06:10:24.425,6.1645,6.1677,2.40,1.00
2010.05.11 06:10:24.716,6.1647,6.168,1.00,1.00
2010.05.11 06:10:25.761,6.1668,6.1682,1.10,2.50
2010.05.11 06:10:26.439,6.1645,6.1682,1.00,2.50
2010.05.11 06:10:27.275,6.165,6.1686,1.00,1.60
2010.05.11 06:10:27.662,6.1652,6.1685,1.00,1.00
2010.05.11 06:10:30.309,6.1654,6.1686,1.00,1.60
2010.05.11 06:10:30.608,6.1661,6.1686,2.40,1.60
2010.05.11 06:10:30.859,6.16695,6.16945,1.60,1.60
2010.05.11 06:10:32.424,6.1674,6.1699,1.60,1.60
2010.05.11 06:10:32.698,6.16745,6.16995,1.60,1.60
2010.05.11 06:10:32.952,6.1674,6.1699,1.60,1.60
2010.05.11 06:10:33.577,6.1674,6.1699,1.60,1.70
2010.05.11 06:10:33.749,6.1674,6.1699,1.60,1.60
2010.05.11 06:10:34.442,6.16745,6.16995,1.60,1.60
2010.05.11 06:10:34.601,6.16745,6.1699,1.60,1.00
2010.05.11 06:10:34.753,6.16745,6.1701,1.60,1.00
2010.05.11 06:10:34.989,6.1682,6.1707,2.40,1.40
2010.05.11 06:10:35.228,6.1682,6.1728,2.40,2.50
2010.05.11 06:10:35.700,6.1682,6.1725,2.40,1.00
2010.05.11 06:10:36.375,6.1682,6.1723,2.40,1.00
2010.05.11 06:10:36.708,6.1682,6.1723,2.40,1.00
2010.05.11 06:10:37.983,6.1689,6.1726,1.00,2.40
2010.05.11 06:10:38.181,6.1691,6.1726,1.00,2.40
2010.05.11 06:10:38.380,6.1688,6.1731,2.50,1.00
2010.05.11 06:10:39.333,6.1689,6.1726,1.00,2.40
2010.05.11 06:10:39.685,6.1699,6.1726,1.00,2.40
2010.05.11 06:10:40.312,6.17,6.1745,2.40,1.00
2010.05.11 06:10:40.634,6.1704,6.1747,1.00,2.40
2010.05.11 06:10:40.965,6.1703,6.1747,1.00,2.50
2010.05.11 06:10:42.231,6.1706,6.1745,1.00,2.40
2010.05.11 06:10:43.031,6.1702,6.1745,2.40,2.40
2010.05.11 06:10:43.377,6.1693,6.1734,1.00,2.40
2010.05.11 06:10:43.721,6.1695,6.173,1.00,1.00
2010.05.11 06:10:44.687,6.1693,6.1726,1.00,1.00
2010.05.11 06:10:44.961,6.1686,6.1721,2.40,1.00
2010.05.11 06:10:45.275,6.1661,6.171,2.40,2.40
2010.05.11 06:10:46.456,6.1677,6.1716,2.40,1.00
2010.05.11 06:10:47.487,6.1683,6.1716,1.00,1.00
2010.05.11 06:10:47.832,6.1679,6.1716,2.40,1.00
2010.05.11 06:10:48.181,6.166,6.1707,2.40,2.40
2010.05.11 06:10:49.089,6.1662,6.1707,1.00,2.40
2010.05.11 06:10:49.756,6.1666,6.1707,1.00,2.40
2010.05.11 06:10:50.412,6.167,6.1713,2.40,2.40
2010.05.11 06:10:50.768,6.167,6.1712,2.40,1.00
2010.05.11 06:10:51.873,6.167,6.171,2.40,1.00
2010.05.11 06:10:52.200,6.167,6.171,2.40,1.00
2010.05.11 06:10:52.526,6.1662,6.1707,2.40,2.50
2010.05.11 06:10:53.160,6.1662,6.1705,2.40,1.00
2010.05.11 06:10:54.681,6.167,6.1712,2.40,1.00
2010.05.11 06:10:55.100,6.167,6.171,2.40,1.00
2010.05.11 06:10:55.759,6.167,6.1712,2.40,1.00
2010.05.11 06:10:57.608,6.167,6.171,2.40,1.00
2010.05.11 06:10:57.884,6.167,6.1712,2.40,1.00
2010.05.11 06:10:59.160,6.167,6.1713,2.40,2.50
2010.05.11 06:10:59.503,6.1666,6.1704,1.00,2.40
2010.05.11 06:10:59.699,6.1666,6.16995,1.00,1.60
2010.05.11 06:11:01.248,6.1666,6.1701,1.00,1.00
2010.05.11 06:11:01.545,6.1677,6.1728,3.20,1.40
2010.05.11 06:11:03.274,6.1684,6.17385,3.20,1.40
2010.05.11 06:11:03.488,6.16845,6.17395,3.20,1.40
2010.05.11 06:11:03.928,6.16845,6.1739,3.20,1.60
2010.05.11 06:11:04.160,6.16845,6.17385,3.20,1.40
2010.05.11 06:11:04.851,6.1678,6.17345,1.00,1.40
2010.05.11 06:11:05.079,6.1678,6.17355,1.00,1.40
2010.05.11 06:11:05.539,6.1678,6.1736,1.00,1.40
2010.05.11 06:11:06.272,6.1681,6.1738,1.00,1.40
2010.05.11 06:11:08.161,6.1681,6.17395,1.00,1.40
2010.05.11 06:11:08.429,6.1678,6.17395,1.00,1.40
2010.05.11 06:11:08.520,6.1678,6.1736,1.00,1.40
2010.05.11 06:11:09.079,6.1671,6.17295,1.00,1.40
2010.05.11 06:11:09.428,6.1674,6.17295,8.10,1.40
2010.05.11 06:11:10.217,6.1676,6.1733,1.00,1.40
2010.05.11 06:11:10.574,6.16585,6.1698,1.00,2.40
2010.05.11 06:11:13.130,6.16605,6.1687,1.00,1.00
2010.05.11 06:11:13.436,6.1663,6.1687,1.00,1.00
2010.05.11 06:11:13.612,6.16605,6.1685,1.00,1.00
2010.05.11 06:11:15.213,6.1663,6.16845,1.00,1.60
2010.05.11 06:11:15.483,6.16595,6.16845,1.60,1.60
2010.05.11 06:11:15.762,6.1654,6.1677,1.00,1.60
2010.05.11 06:11:17.080,6.1662,6.1681,1.60,1.00
2010.05.11 06:11:17.405,6.1659,6.17285,2.40,1.40
2010.05.11 06:11:19.054,6.16625,6.17245,1.00,1.40
2010.05.11 06:11:19.399,6.1674,6.1726,2.40,1.40
2010.05.11 06:11:19.740,6.1674,6.1727,2.40,1.40
2010.05.11 06:11:20.081,6.1674,6.17235,2.40,1.40
2010.05.11 06:11:21.592,6.1678,6.1733,1.60,2.50
2010.05.11 06:11:21.941,6.16785,6.1733,1.60,2.40
2010.05.11 06:11:23.489,6.1683,6.1733,1.00,2.40
2010.05.11 06:11:24.560,6.1685,6.1733,1.00,2.40
2010.05.11 06:11:25.634,6.1691,6.1734,2.40,2.50
2010.05.11 06:11:30.550,6.16765,6.1717,1.60,2.40
2010.05.11 06:11:31.478,6.16765,6.1715,1.60,1.00
2010.05.11 06:11:32.971,6.16785,6.1707,1.60,1.00
2010.05.11 06:11:33.497,6.16785,6.1706,1.60,1.00
2010.05.11 06:11:34.435,6.1674,6.1702,1.00,1.00
2010.05.11 06:11:35.078,6.1687,6.1715,1.60,2.40
2010.05.11 06:11:35.413,6.16875,6.1731,1.60,1.00
2010.05.11 06:11:36.356,6.169,6.1732,1.00,1.70
2010.05.11 06:11:37.023,6.1689,6.1727,2.40,1.00
2010.05.11 06:11:38.076,6.1689,6.1727,2.50,1.00
2010.05.11 06:11:38.383,6.1689,6.1725,2.40,1.00
2010.05.11 06:11:39.140,6.1681,6.172,1.00,1.00
2010.05.11 06:11:40.565,6.1682,6.172,1.00,1.00
2010.05.11 06:11:41.322,6.168,6.1718,2.50,1.00
2010.05.11 06:11:41.677,6.1683,6.17175,1.00,1.60
2010.05.11 06:11:42.285,6.1684,6.17175,1.60,1.60
2010.05.11 06:11:42.726,6.1684,6.17125,1.60,1.60
2010.05.11 06:11:43.040,6.1683,6.1717,1.00,1.00
2010.05.11 06:11:43.648,6.1676,6.1708,1.00,1.60
2010.05.11 06:11:45.459,6.16745,6.1707,1.60,1.00
2010.05.11 06:11:49.879,6.1682,6.1708,2.40,1.60
2010.05.11 06:11:50.031,6.1682,6.17395,2.40,1.40
2010.05.11 06:11:50.179,6.1682,6.17405,2.40,1.40
2010.05.11 06:11:51.459,6.1682,6.17375,2.40,1.40
2010.05.11 06:11:53.714,6.1682,6.17395,2.40,3.00
2010.05.11 06:11:53.844,6.1682,6.17395,2.40,1.40
2010.05.11 06:12:03.060,6.1677,6.17395,1.00,1.40
2010.05.11 06:12:03.210,6.1677,6.17375,1.00,1.40
2010.05.11 06:12:03.261,6.1679,6.17375,1.00,1.40
2010.05.11 06:12:03.363,6.1677,6.17375,1.00,1.40
2010.05.11 06:12:04.029,6.1679,6.17375,1.00,1.40
2010.05.11 06:12:04.368,6.1677,6.17375,1.00,1.40
2010.05.11 06:12:05.488,6.1679,6.17375,1.00,1.40
2010.05.11 06:12:06.694,6.1677,6.17375,1.00,1.40
2010.05.11 06:12:07.129,6.1679,6.17375,1.00,1.40
2010.05.11 06:12:07.548,6.1679,6.17355,1.00,1.60
2010.05.11 06:12:07.687,6.1679,6.17355,1.70,1.60
2010.05.11 06:12:07.969,6.1679,6.17385,1.00,1.40
2010.05.11 06:12:08.652,6.1679,6.17355,1.00,1.60
2010.05.11 06:12:08.810,6.1677,6.1734,1.00,1.00
2010.05.11 06:12:09.538,6.1677,6.1732,1.00,1.00
2010.05.11 06:12:11.396,6.1675,6.173,1.00,1.00
2010.05.11 06:12:11.626,6.1679,6.17305,1.00,1.60
2010.05.11 06:12:11.852,6.1677,6.1732,1.00,1.00
2010.05.11 06:12:17.071,6.1675,6.173,1.00,1.00
2010.05.11 06:12:18.642,6.1677,6.1732,1.00,1.00
2010.05.11 06:12:18.833,6.1671,6.1732,1.00,1.00
2010.05.11 06:12:19.212,6.167,6.1732,1.00,1.00
2010.05.11 06:12:20.128,6.1669,6.1732,1.00,1.00
2010.05.11 06:12:20.477,6.16685,6.1726,1.00,1.00
2010.05.11 06:12:21.245,6.1667,6.1729,1.00,1.00
2010.05.11 06:12:23.227,6.1667,6.1731,1.00,1.00
2010.05.11 06:12:23.416,6.1667,6.1731,1.80,1.00
2010.05.11 06:12:23.601,6.1669,6.1728,1.00,1.00
2010.05.11 06:12:23.781,6.1669,6.1731,1.00,1.00
2010.05.11 06:12:24.727,6.1667,6.1728,1.00,1.00
2010.05.11 06:12:26.788,6.1667,6.17325,1.00,1.40
2010.05.11 06:12:27.063,6.1667,6.1731,1.00,1.00
2010.05.11 06:12:27.791,6.1669,6.1731,1.00,1.00
2010.05.11 06:12:28.104,6.1672,6.1733,1.00,1.00
2010.05.11 06:12:29.157,6.1674,6.1736,1.00,1.00
2010.05.11 06:12:29.506,6.1674,6.1733,1.00,1.00
2010.05.11 06:12:29.850,6.16725,6.1733,1.00,1.00
2010.05.11 06:12:31.205,6.1674,6.1736,1.00,1.00
2010.05.11 06:12:31.608,6.16825,6.1736,1.60,1.00
2010.05.11 06:12:31.819,6.16825,6.17395,1.60,3.00
2010.05.11 06:12:32.314,6.16825,6.17395,1.60,1.40
2010.05.11 06:12:32.670,6.16875,6.174,1.60,1.00
2010.05.11 06:12:35.128,6.16905,6.1745,1.60,1.00
2010.05.11 06:12:35.355,6.16925,6.1748,1.60,1.00
2010.05.11 06:12:36.235,6.16935,6.175,1.60,1.00
2010.05.11 06:12:36.582,6.16965,6.175,1.60,1.00
2010.05.11 06:12:37.640,6.16975,6.1755,1.60,1.00
2010.05.11 06:12:38.419,6.17045,6.1763,1.60,1.00
2010.05.11 06:12:38.651,6.17055,6.1763,1.60,1.00
2010.05.11 06:12:39.304,6.17085,6.1763,1.60,1.00
2010.05.11 06:12:39.543,6.17095,6.1763,1.60,1.00
2010.05.11 06:12:40.918,6.17135,6.1768,1.60,1.00
2010.05.11 06:12:41.234,6.17125,6.1768,1.60,1.00
2010.05.11 06:12:42.734,6.17105,6.1767,1.60,1.00
2010.05.11 06:12:43.815,6.17175,6.1767,1.60,1.00
2010.05.11 06:12:44.167,6.17185,6.177,1.60,1.00
2010.05.11 06:12:44.389,6.17175,6.177,1.60,1.00
2010.05.11 06:12:44.568,6.17175,6.1767,1.60,1.00
2010.05.11 06:12:45.146,6.17175,6.177,1.60,1.00
2010.05.11 06:12:45.494,6.17225,6.1776,1.60,1.50
2010.05.11 06:12:46.087,6.17265,6.1776,1.60,1.40
2010.05.11 06:12:46.599,6.17225,6.1772,1.60,8.00
2010.05.11 06:12:47.450,6.17185,6.1772,1.60,1.00
2010.05.11 06:12:48.193,6.17185,6.177,1.60,1.00
2010.05.11 06:12:49.108,6.17165,6.177,1.60,1.00
2010.05.11 06:12:49.407,6.17175,6.177,1.60,1.00
2010.05.11 06:12:50.054,6.17155,6.1767,1.60,1.00
2010.05.11 06:12:50.256,6.17155,6.1765,1.60,1.00
2010.05.11 06:12:50.455,6.17145,6.1765,1.60,1.00
2010.05.11 06:12:51.648,6.17125,6.17685,1.60,1.60
2010.05.11 06:12:51.995,6.17135,6.1767,1.60,1.00
2010.05.11 06:12:55.699,6.17145,6.1767,1.60,1.00
2010.05.11 06:12:56.439,6.17155,6.1769,1.60,1.00
2010.05.11 06:12:56.792,6.17145,6.1767,1.60,1.00
2010.05.11 06:12:56.970,6.17155,6.1767,1.60,1.00
2010.05.11 06:12:57.220,6.17145,6.1767,1.60,1.00
2010.05.11 06:12:57.750,6.17145,6.1768,1.60,1.00
2010.05.11 06:13:00.349,6.17145,6.1768,1.60,8.10
2010.05.11 06:13:00.443,6.17145,6.1765,1.60,1.00
2010.05.11 06:13:00.529,6.17125,6.1765,1.60,1.00
2010.05.11 06:13:01.425,6.17105,6.1765,1.60,1.00
2010.05.11 06:13:02.065,6.17075,6.1763,1.60,1.00
2010.05.11 06:13:03.082,6.17045,6.1763,1.60,1.00
2010.05.11 06:13:05.711,6.17045,6.1762,1.60,1.00
2010.05.11 06:13:07.779,6.17035,6.1762,1.60,1.00
2010.05.11 06:13:08.679,6.17045,6.1762,1.60,1.00
2010.05.11 06:13:08.879,6.17035,6.1762,1.60,1.00
2010.05.11 06:13:09.286,6.17015,6.176,1.60,1.00
2010.05.11 06:13:10.027,6.17015,6.1762,1.60,1.00
2010.05.11 06:13:10.347,6.16995,6.1757,1.60,1.00
2010.05.11 06:13:11.374,6.16965,6.1755,1.80,1.00
2010.05.11 06:13:11.720,6.16945,6.1753,1.60,1.00
2010.05.11 06:13:12.061,6.16935,6.1753,1.80,1.00
2010.05.11 06:13:12.530,6.16955,6.1753,1.60,1.00
2010.05.11 06:13:12.874,6.16975,6.1756,1.60,1.00
2010.05.11 06:13:13.561,6.16965,6.1756,1.60,1.00
2010.05.11 06:13:14.300,6.16945,6.1753,1.80,1.00
2010.05.11 06:13:14.586,6.16945,6.1753,1.60,1.00
2010.05.11 06:13:14.869,6.16965,6.1753,1.60,1.00
2010.05.11 06:13:16.025,6.16985,6.1753,1.60,1.00
2010.05.11 06:13:16.336,6.16985,6.1756,1.60,1.00
2010.05.11 06:13:17.930,6.16975,6.1753,1.60,1.00
2010.05.11 06:13:18.608,6.16985,6.1756,1.60,1.00
2010.05.11 06:13:18.985,6.16965,6.1753,1.60,8.10
2010.05.11 06:13:19.207,6.16955,6.1753,1.60,1.00
2010.05.11 06:13:19.642,6.16965,6.1753,1.60,1.00
2010.05.11 06:13:19.866,6.16955,6.1751,1.60,1.00
2010.05.11 06:13:22.028,6.16985,6.1751,1.60,1.00
2010.05.11 06:13:22.246,6.17025,6.1756,1.60,1.00
2010.05.11 06:13:22.466,6.17015,6.176,1.60,1.00
2010.05.11 06:13:23.099,6.17005,6.176,1.60,1.00
2010.05.11 06:13:23.446,6.17015,6.1758,1.60,1.00
2010.05.11 06:13:23.856,6.17025,6.1758,1.60,1.00
2010.05.11 06:13:24.197,6.17015,6.1758,1.60,1.00
2010.05.11 06:13:25.430,6.17045,6.176,1.60,1.00
2010.05.11 06:13:25.730,6.16985,6.176,1.00,1.00
2010.05.11 06:13:25.879,6.16985,6.17635,1.00,3.00
2010.05.11 06:13:26.032,6.1706,6.17685,1.00,1.60
2010.05.11 06:13:26.836,6.17155,6.1772,1.00,1.00
2010.05.11 06:13:27.743,6.17145,6.177,1.00,1.00
2010.05.11 06:13:28.446,6.1723,6.1772,1.00,1.00
2010.05.11 06:13:29.443,6.1725,6.1772,1.00,1.00
2010.05.11 06:13:30.670,6.1729,6.1774,1.00,1.60
2010.05.11 06:13:31.019,6.1731,6.1777,1.00,1.00
2010.05.11 06:13:32.126,6.1734,6.1779,1.00,1.60
2010.05.11 06:13:32.475,6.1734,6.178,1.00,1.00
2010.05.11 06:13:33.886,6.1736,6.1782,1.00,1.00
2010.05.11 06:13:34.085,6.1734,6.178,1.00,1.00
2010.05.11 06:13:36.428,6.1736,6.1782,1.00,1.00
2010.05.11 06:13:37.766,6.1731,6.1777,1.00,1.00
2010.05.11 06:13:47.748,6.17295,6.1774,1.60,1.00
2010.05.11 06:13:47.934,6.1728,6.1774,1.00,1.00
2010.05.11 06:13:49.016,6.1726,6.1772,1.00,1.00
2010.05.11 06:13:49.369,6.1723,6.1769,1.00,1.00
2010.05.11 06:13:49.530,6.1724,6.177,1.00,1.00
2010.05.11 06:13:50.256,6.1726,6.1773,1.00,1.00
2010.05.11 06:13:50.417,6.1731,6.1777,1.00,1.00
2010.05.11 06:13:55.120,6.1728,6.1774,1.00,1.00
2010.05.11 06:13:55.889,6.1728,6.1774,1.00,1.70
2010.05.11 06:13:56.179,6.1726,6.1772,1.00,1.00
2010.05.11 06:13:56.461,6.1728,6.1774,1.00,1.00
2010.05.11 06:13:57.021,6.1726,6.1772,1.00,1.00
2010.05.11 06:13:57.778,6.1728,6.1774,1.00,1.70
2010.05.11 06:13:58.119,6.1728,6.1774,1.00,1.00
2010.05.11 06:14:01.519,6.1733,6.1779,1.00,1.70
2010.05.11 06:14:02.393,6.1731,6.1777,1.00,1.00
2010.05.11 06:14:02.747,6.1734,6.1779,1.00,1.60
2010.05.11 06:14:06.439,6.1736,6.1782,1.00,1.00
2010.05.11 06:14:08.095,6.1738,6.1784,1.00,1.00
2010.05.11 06:14:09.711,6.1742,6.1784,2.40,1.00
2010.05.11 06:14:10.440,6.1742,6.1782,2.40,1.00
2010.05.11 06:14:12.421,6.1733,6.1777,2.40,1.00
2010.05.11 06:14:13.121,6.1733,6.1775,2.40,1.00
2010.05.11 06:14:14.144,6.1734,6.1779,1.00,2.40
2010.05.11 06:14:14.857,6.1737,6.1779,1.00,2.40
2010.05.11 06:14:15.141,6.17345,6.1779,1.60,2.40
2010.05.11 06:14:16.249,6.1734,6.1779,1.00,2.40
2010.05.11 06:14:17.801,6.1741,6.1779,1.00,2.40
2010.05.11 06:14:18.103,6.1739,6.1779,1.00,2.40
2010.05.11 06:14:18.925,6.1743,6.1785,2.40,1.00
2010.05.11 06:14:20.039,6.1743,6.1783,2.40,1.00
2010.05.11 06:14:21.690,6.1743,6.1785,2.40,1.00
2010.05.11 06:14:24.069,6.1743,6.1783,2.40,1.00
2010.05.11 06:14:25.055,6.1737,6.1779,1.00,2.40
2010.05.11 06:14:25.520,6.17345,6.1779,1.60,2.40
2010.05.11 06:14:25.748,6.1737,6.1779,1.00,2.40
2010.05.11 06:14:30.405,6.1741,6.1779,1.00,2.40
2010.05.11 06:14:30.675,6.1741,6.1784,2.40,2.40
2010.05.11 06:14:31.347,6.1741,6.1784,2.50,2.40
2010.05.11 06:14:32.571,6.1741,6.1784,2.40,2.40
2010.05.11 06:14:33.162,6.1741,6.1784,2.50,2.40
2010.05.11 06:14:33.548,6.1741,6.1784,2.40,2.40
2010.05.11 06:14:33.737,6.1741,6.1784,2.50,2.40
2010.05.11 06:14:38.972,6.1741,6.1783,2.40,1.00
2010.05.11 06:14:39.100,6.1741,6.1784,2.40,2.40
2010.05.11 06:14:41.868,6.1741,6.1783,2.40,1.00
2010.05.11 06:14:42.706,6.1741,6.1784,2.40,2.40
2010.05.11 06:14:48.389,6.1747,6.1793,2.40,1.00
2010.05.11 06:14:53.298,6.1747,6.1794,2.40,2.40
2010.05.11 06:14:58.431,6.1747,6.1793,2.40,1.00
2010.05.11 06:14:58.758,6.1747,6.1794,2.40,2.40
2010.05.11 06:14:58.908,6.1747,6.1793,2.40,1.00
2010.05.11 06:15:02.071,6.174,6.1788,2.40,2.40
2010.05.11 06:15:03.562,6.17275,6.1788,1.80,2.40
2010.05.11 06:15:04.662,6.17285,6.1788,1.60,2.40
2010.05.11 06:15:05.000,6.17295,6.1788,1.60,2.40
2010.05.11 06:15:06.828,6.17305,6.1788,1.60,2.40
2010.05.11 06:15:07.320,6.17285,6.1788,1.00,2.40
2010.05.11 06:15:08.378,6.17285,6.1783,1.00,8.10
2010.05.11 06:15:08.727,6.17205,6.178,1.00,2.40
2010.05.11 06:15:09.336,6.17235,6.178,1.00,2.40
2010.05.11 06:15:09.515,6.17265,6.1788,1.00,2.40
2010.05.11 06:15:10.451,6.17265,6.1788,1.00,10.40
2010.05.11 06:15:10.819,6.1722,6.1786,2.60,1.00
2010.05.11 06:15:12.679,6.172,6.1779,1.00,2.40
2010.05.11 06:15:13.021,6.1722,6.1779,1.00,2.40
2010.05.11 06:15:14.460,6.17235,6.1779,1.00,2.40
2010.05.11 06:15:14.941,6.1722,6.1779,1.00,2.40
2010.05.11 06:15:15.484,6.172,6.1779,1.00,2.40
2010.05.11 06:15:17.075,6.1717,6.1779,1.00,2.40
2010.05.11 06:15:17.425,6.1719,6.1779,1.00,2.40
2010.05.11 06:15:18.576,6.1722,6.1779,1.00,2.40
2010.05.11 06:15:19.607,6.172,6.1779,1.00,2.40
2010.05.11 06:15:21.166,6.1722,6.1779,1.00,2.40
2010.05.11 06:15:24.888,6.17235,6.1779,1.00,2.40
2010.05.11 06:15:25.057,6.17265,6.1791,1.00,2.40
2010.05.11 06:15:25.221,6.17265,6.179,1.00,8.10
2010.05.11 06:15:25.842,6.17245,6.179,1.00,8.10
2010.05.11 06:15:26.016,6.1722,6.1787,2.40,1.40
2010.05.11 06:15:26.365,6.1722,6.1786,2.40,1.00
2010.05.11 06:15:26.714,6.1722,6.1783,2.40,8.10
2010.05.11 06:15:27.732,6.17195,6.1779,1.00,2.40
2010.05.11 06:15:30.618,6.17215,6.1779,1.00,2.40
2010.05.11 06:15:34.540,6.17215,6.1778,1.00,1.00
2010.05.11 06:15:34.740,6.1712,6.177,1.00,2.40
2010.05.11 06:15:35.366,6.1707,6.177,1.00,2.40
2010.05.11 06:15:35.711,6.1706,6.1769,2.40,8.10
2010.05.11 06:15:36.052,6.1706,6.1766,2.40,1.00
2010.05.11 06:15:37.182,6.17005,6.176,1.00,2.40
2010.05.11 06:15:37.502,6.16975,6.176,1.00,2.40
2010.05.11 06:15:38.275,6.16995,6.176,1.00,2.40
2010.05.11 06:15:39.133,6.1704,6.176,1.00,2.40
2010.05.11 06:15:39.406,6.17025,6.1759,1.00,8.10
2010.05.11 06:15:40.621,6.16975,6.176,1.00,2.40
2010.05.11 06:15:40.900,6.16995,6.176,1.00,2.40
2010.05.11 06:15:41.181,6.17025,6.176,1.00,2.40
2010.05.11 06:15:42.067,6.17005,6.176,1.00,2.40
2010.05.11 06:15:46.594,6.17005,6.1759,1.00,8.10
2010.05.11 06:15:46.945,6.1696,6.1759,2.40,8.10
2010.05.11 06:15:48.499,6.1696,6.1754,2.40,8.10
2010.05.11 06:15:49.335,6.16905,6.175,1.00,2.40
2010.05.11 06:15:49.687,6.1688,6.175,1.00,2.40
2010.05.11 06:15:50.037,6.1685,6.1747,2.40,1.00
2010.05.11 06:15:51.006,6.16825,6.1739,1.00,2.40
2010.05.11 06:15:51.358,6.1678,6.1739,1.00,2.40
2010.05.11 06:15:53.842,6.168,6.1739,1.00,2.40
2010.05.11 06:15:55.269,6.16825,6.1739,1.00,2.40
2010.05.11 06:15:55.478,6.1681,6.1739,1.00,2.40
2010.05.11 06:15:55.667,6.16815,6.1739,1.00,2.40
2010.05.11 06:15:56.309,6.16805,6.1739,1.00,2.40
2010.05.11 06:15:59.181,6.16785,6.1739,1.60,2.40
2010.05.11 06:15:59.450,6.168,6.1739,1.00,2.40
2010.05.11 06:15:59.976,6.1678,6.1739,1.00,2.40
2010.05.11 06:16:02.531,6.168,6.1739,1.00,2.40
2010.05.11 06:16:02.875,6.1678,6.1739,1.00,2.40
2010.05.11 06:16:03.909,6.1676,6.1739,2.60,2.40
2010.05.11 06:16:04.162,6.1678,6.1739,1.00,2.40
2010.05.11 06:16:04.421,6.168,6.1739,1.00,2.40
2010.05.11 06:16:05.103,6.1676,6.1734,2.40,1.00
2010.05.11 06:16:05.450,6.1672,6.173,1.00,2.40
2010.05.11 06:16:06.367,6.1673,6.173,1.00,2.40
2010.05.11 06:16:08.151,6.16685,6.173,1.00,2.40
2010.05.11 06:16:09.598,6.167,6.173,1.00,2.40
2010.05.11 06:16:10.396,6.16615,6.1722,1.00,2.40
2010.05.11 06:16:11.300,6.16635,6.1722,1.00,2.40
2010.05.11 06:16:11.609,6.167,6.1732,1.00,2.40
2010.05.11 06:16:11.956,6.1668,6.1732,1.00,2.40
2010.05.11 06:16:13.012,6.1673,6.173,1.00,2.40
2010.05.11 06:16:13.329,6.16685,6.173,1.00,2.40
2010.05.11 06:16:14.486,6.1673,6.173,1.00,2.40
2010.05.11 06:16:16.935,6.1691,6.1738,2.40,1.00
2010.05.11 06:16:17.300,6.1691,6.1739,2.40,2.40
2010.05.11 06:16:18.282,6.1695,6.1736,2.40,1.00
2010.05.11 06:16:19.056,6.1695,6.1733,2.40,1.00
2010.05.11 06:16:19.592,6.1686,6.1729,2.40,2.40
2010.05.11 06:16:21.004,6.1687,6.1729,1.00,2.40
2010.05.11 06:16:21.303,6.169,6.1729,1.00,2.40
2010.05.11 06:16:23.432,6.1694,6.1729,1.00,2.40
2010.05.11 06:16:23.787,6.1695,6.1741,2.40,2.40
2010.05.11 06:16:25.299,6.1695,6.1738,2.40,1.00
2010.05.11 06:16:25.590,6.1695,6.1739,2.40,2.40
2010.05.11 06:16:25.901,6.1695,6.1738,2.40,1.00
2010.05.11 06:16:29.612,6.1699,6.1739,1.00,2.40
2010.05.11 06:16:35.191,6.1704,6.1739,1.00,2.40
2010.05.11 06:16:35.390,6.17075,6.1739,1.60,2.40
2010.05.11 06:16:36.026,6.1704,6.1753,1.00,1.00
2010.05.11 06:16:36.317,6.1707,6.1754,1.00,4.00
2010.05.11 06:16:36.614,6.1704,6.1752,1.00,1.00
2010.05.11 06:16:37.317,6.1704,6.175,1.00,1.00
2010.05.11 06:16:37.669,6.1701,6.1745,2.40,1.00
2010.05.11 06:16:37.956,6.1701,6.1745,2.40,1.00
2010.05.11 06:16:39.232,6.1704,6.175,1.00,1.00
2010.05.11 06:16:40.572,6.17025,6.1748,1.60,1.00
2010.05.11 06:16:40.830,6.1702,6.1748,1.00,1.00
2010.05.11 06:16:41.625,6.1701,6.1745,2.40,1.00
2010.05.11 06:16:42.770,6.1701,6.1746,2.40,1.00
2010.05.11 06:16:43.119,6.1702,6.1748,1.00,1.00
2010.05.11 06:16:44.666,6.1704,6.175,1.00,1.00
2010.05.11 06:16:44.914,6.1704,6.175,1.00,1.00
2010.05.11 06:16:45.041,6.1702,6.1748,1.00,1.00
2010.05.11 06:16:46.022,6.1701,6.1745,2.40,1.00
2010.05.11 06:16:47.846,6.1702,6.1748,1.00,1.00
2010.05.11 06:16:51.505,6.1701,6.1745,2.40,1.00
2010.05.11 06:16:53.983,6.1696,6.1741,2.40,1.00
2010.05.11 06:16:54.326,6.1697,6.1742,1.00,2.40
2010.05.11 06:16:56.269,6.1699,6.1742,1.00,2.40
2010.05.11 06:16:56.617,6.1704,6.1742,1.00,2.40
2010.05.11 06:16:56.877,6.1705,6.1747,2.40,1.60
2010.05.11 06:16:57.569,6.1705,6.1749,2.40,2.40
2010.05.11 06:17:01.097,6.1707,6.1749,1.00,2.40
2010.05.11 06:17:01.880,6.1709,6.1749,1.00,2.40
2010.05.11 06:17:02.176,6.1711,6.1757,2.50,2.50
2010.05.11 06:17:02.464,6.1714,6.1757,1.00,2.40
2010.05.11 06:17:04.553,6.1716,6.1757,1.00,2.40
2010.05.11 06:17:07.350,6.1714,6.1757,1.00,2.40
2010.05.11 06:17:08.380,6.1726,6.1761,1.60,1.00
2010.05.11 06:17:09.178,6.1726,6.1756,1.60,1.00
2010.05.11 06:17:09.396,6.17235,6.1756,1.60,1.00
2010.05.11 06:17:10.384,6.17235,6.1757,1.60,1.70
2010.05.11 06:17:11.772,6.1723,6.1754,2.40,1.00
2010.05.11 06:17:12.319,6.172,6.1754,1.00,1.00
2010.05.11 06:17:12.567,6.17185,6.1752,1.60,1.70
2010.05.11 06:17:12.811,6.1716,6.175,1.00,1.00
2010.05.11 06:17:13.477,6.17135,6.1747,1.60,1.00
2010.05.11 06:17:13.824,6.17135,6.1747,1.60,1.70
2010.05.11 06:17:14.162,6.17135,6.1739,1.60,1.60
2010.05.11 06:17:14.893,6.17135,6.1747,1.60,1.70
2010.05.11 06:17:19.398,6.17135,6.1744,1.60,1.00
2010.05.11 06:17:19.599,6.17135,6.1747,1.60,1.70
2010.05.11 06:17:21.593,6.1711,6.1742,1.00,1.60
2010.05.11 06:17:21.771,6.1709,6.1742,2.40,1.70
2010.05.11 06:17:21.939,6.1709,6.174,2.40,1.00
2010.05.11 06:17:22.526,6.1706,6.174,1.00,1.00
2010.05.11 06:17:22.697,6.17085,6.1742,1.60,1.70
2010.05.11 06:17:24.429,6.1705,6.1739,1.00,1.00
2010.05.11 06:17:26.937,6.17085,6.1742,1.60,1.70
2010.05.11 06:17:28.500,6.1717,6.175,1.00,1.60
2010.05.11 06:17:28.695,6.1717,6.1757,3.20,1.00
2010.05.11 06:17:28.881,6.1717,6.1755,3.20,1.00
2010.05.11 06:17:30.038,6.1722,6.1755,1.00,1.00
2010.05.11 06:17:30.966,6.1725,6.1755,1.00,1.00
2010.05.11 06:17:31.277,6.1729,6.1768,2.40,1.00
2010.05.11 06:17:31.594,6.1729,6.1771,2.40,1.00
2010.05.11 06:17:32.341,6.1729,6.1764,2.40,1.00
2010.05.11 06:17:33.020,6.1729,6.1765,2.40,1.60
2010.05.11 06:17:34.445,6.1729,6.1766,2.40,1.00
2010.05.11 06:17:34.695,6.1731,6.1769,1.00,1.00
2010.05.11 06:17:35.473,6.1729,6.1766,2.40,1.00
2010.05.11 06:17:35.819,6.1731,6.1769,1.00,1.00
2010.05.11 06:17:36.501,6.1729,6.177,2.40,1.60
2010.05.11 06:17:37.098,6.1714,6.1766,2.40,2.40
2010.05.11 06:17:37.450,6.1714,6.1765,2.40,1.00
2010.05.11 06:17:38.557,6.1716,6.1764,2.40,1.00
2010.05.11 06:17:40.220,6.1716,6.1761,2.40,1.00
2010.05.11 06:17:40.701,6.1716,6.1764,2.40,1.00
2010.05.11 06:17:40.925,6.17145,6.1758,1.00,2.40
2010.05.11 06:17:42.682,6.17105,6.1758,1.00,2.40
2010.05.11 06:17:45.365,6.1709,6.1751,1.00,2.40
2010.05.11 06:17:45.784,6.17025,6.1751,1.00,2.40
2010.05.11 06:17:48.228,6.17045,6.1751,1.00,2.40
2010.05.11 06:17:49.891,6.1703,6.1751,1.00,2.40
2010.05.11 06:17:50.084,6.1705,6.1751,1.00,2.40
2010.05.11 06:17:51.154,6.1703,6.1751,1.00,2.40
2010.05.11 06:17:51.945,6.1702,6.1751,2.40,2.40
2010.05.11 06:17:52.631,6.1703,6.1751,1.00,2.40
2010.05.11 06:17:54.651,6.1702,6.1751,2.40,2.40
2010.05.11 06:17:55.163,6.1702,6.1749,2.40,1.00
2010.05.11 06:17:55.819,6.16985,6.1743,1.00,2.40
2010.05.11 06:17:56.506,6.1703,6.1743,1.00,2.40
2010.05.11 06:17:56.857,6.1706,6.1755,2.40,2.40
2010.05.11 06:17:58.795,6.1706,6.1752,2.40,1.00
2010.05.11 06:17:58.924,6.1706,6.1747,2.40,1.00
2010.05.11 06:17:59.056,6.1698,6.1746,2.60,2.40
2010.05.11 06:17:59.620,6.1698,6.1746,2.40,2.40
2010.05.11 06:18:00.223,6.1698,6.1746,2.60,2.40
2010.05.11 06:18:01.664,6.1706,6.1753,2.40,2.40
2010.05.11 06:18:04.916,6.1706,6.1752,2.40,1.00
2010.05.11 06:18:06.131,6.1706,6.1749,2.40,1.00
2010.05.11 06:18:06.811,6.1706,6.1752,2.40,1.00
2010.05.11 06:18:06.982,6.1706,6.1753,2.40,2.40
2010.05.11 06:18:12.678,6.1698,6.1746,2.60,2.40
2010.05.11 06:18:13.715,6.17,6.1746,1.00,2.40
2010.05.11 06:18:14.126,6.1698,6.1746,2.60,2.40
2010.05.11 06:18:15.908,6.17,6.1746,1.00,2.40
2010.05.11 06:18:18.092,6.17025,6.1746,1.00,2.40
2010.05.11 06:18:18.811,6.17005,6.1746,1.00,2.40
2010.05.11 06:18:20.455,6.17025,6.1746,1.00,2.40
2010.05.11 06:18:23.164,6.17045,6.1746,1.00,2.40
2010.05.11 06:18:23.440,6.1706,6.1753,2.40,2.40
2010.05.11 06:18:24.784,6.17095,6.1753,1.00,2.40
2010.05.11 06:18:26.105,6.17075,6.1753,1.00,2.40
2010.05.11 06:18:27.902,6.1706,6.1747,2.40,1.00
2010.05.11 06:18:28.562,6.17,6.1741,1.00,2.40
2010.05.11 06:18:30.213,6.17,6.174,1.00,1.00
2010.05.11 06:18:31.588,6.17,6.1739,1.00,1.00
2010.05.11 06:18:32.220,6.1704,6.1741,8.00,2.40
2010.05.11 06:18:32.449,6.17235,6.1762,1.00,1.60
2010.05.11 06:18:32.674,6.17235,6.1764,1.00,1.00
2010.05.11 06:18:32.893,6.17255,6.1767,1.00,1.60
2010.05.11 06:18:33.113,6.17255,6.1767,1.00,1.70
2010.05.11 06:18:33.563,6.1729,6.1765,1.00,1.70
2010.05.11 06:18:33.912,6.1729,6.1765,1.00,1.70
2010.05.11 06:18:34.600,6.1734,6.1765,1.00,1.70
2010.05.11 06:18:34.750,6.1739,6.1766,1.00,2.40
2010.05.11 06:18:34.902,6.1739,6.177,1.00,1.70
2010.05.11 06:18:35.664,6.1735,6.1765,1.00,1.00
2010.05.11 06:18:36.018,6.1714,6.1759,2.40,2.40
2010.05.11 06:18:48.428,6.1717,6.1759,1.00,2.40
2010.05.11 06:18:48.672,6.1716,6.1759,2.40,2.40
2010.05.11 06:18:49.447,6.1717,6.1759,1.00,2.40
2010.05.11 06:18:49.659,6.173,6.1759,1.00,2.40
2010.05.11 06:18:49.880,6.1731,6.1771,2.40,1.00
2010.05.11 06:18:51.549,6.1735,6.1769,1.00,1.00
2010.05.11 06:18:53.038,6.1738,6.1769,1.00,1.00
2010.05.11 06:18:53.480,6.1739,6.1769,1.00,1.00
2010.05.11 06:18:55.477,6.1737,6.1767,1.00,1.00
2010.05.11 06:18:55.805,6.1734,6.1764,1.00,1.00
2010.05.11 06:18:59.955,6.17355,6.1764,1.60,1.00
2010.05.11 06:19:00.530,6.1732,6.1762,1.00,1.00
2010.05.11 06:19:05.371,6.1732,6.1755,1.00,1.60
2010.05.11 06:19:05.467,6.172,6.1752,1.00,1.00
2010.05.11 06:19:07.661,6.1723,6.1755,1.00,1.00
2010.05.11 06:19:08.223,6.17255,6.1754,1.60,1.00
2010.05.11 06:19:08.580,6.1728,6.1774,2.40,1.00
2010.05.11 06:19:08.928,6.1729,6.1775,1.00,2.40
2010.05.11 06:19:09.553,6.1732,6.1775,1.00,2.40
2010.05.11 06:19:09.785,6.1734,6.1773,1.00,2.40
2010.05.11 06:19:11.008,6.1736,6.1777,2.40,1.00
2010.05.11 06:19:11.272,6.1736,6.1774,2.40,1.00
2010.05.11 06:19:11.841,6.1736,6.1776,2.50,1.60
2010.05.11 06:19:12.130,6.1736,6.1779,2.50,2.50
2010.05.11 06:19:12.892,6.1736,6.1777,2.40,1.00
2010.05.11 06:19:13.380,6.1736,6.1774,2.40,1.00
2010.05.11 06:19:14.750,6.1736,6.1779,2.50,2.50
2010.05.11 06:19:16.637,6.1739,6.1779,1.00,2.40
2010.05.11 06:19:17.393,6.1736,6.1779,2.50,2.50
2010.05.11 06:19:17.706,6.1739,6.1779,1.00,2.40
2010.05.11 06:19:18.752,6.1738,6.1779,1.00,2.40
2010.05.11 06:19:18.991,6.1738,6.1779,1.00,2.40
2010.05.11 06:19:21.058,6.1736,6.1779,2.50,2.50
2010.05.11 06:19:21.408,6.1736,6.1776,2.40,1.00
2010.05.11 06:19:22.050,6.1722,6.1772,2.40,2.40
2010.05.11 06:19:23.836,6.17245,6.1772,1.00,2.40
2010.05.11 06:19:25.489,6.1725,6.1786,1.00,1.00
2010.05.11 06:19:26.523,6.17265,6.1786,1.00,2.40
2010.05.11 06:19:27.629,6.17265,6.1784,1.00,1.00
2010.05.11 06:19:27.974,6.17255,6.1784,1.00,1.00
2010.05.11 06:19:28.528,6.17255,6.1782,1.00,1.00
2010.05.11 06:19:28.990,6.1728,6.1785,1.00,1.00
2010.05.11 06:19:29.923,6.1728,6.1782,1.00,1.00
2010.05.11 06:19:30.544,6.1726,6.1782,1.60,1.00
2010.05.11 06:19:30.895,6.17285,6.1786,1.00,2.40
2010.05.11 06:19:31.579,6.17295,6.1786,1.60,2.40
2010.05.11 06:19:32.482,6.173,6.1786,1.00,2.40
2010.05.11 06:19:33.341,6.1732,6.1786,1.00,2.40
2010.05.11 06:19:35.703,6.1741,6.1788,2.40,2.40
2010.05.11 06:19:39.174,6.1746,6.1788,1.60,2.40
2010.05.11 06:19:41.873,6.1747,6.1788,1.00,2.40
2010.05.11 06:19:43.876,6.1751,6.1788,1.60,2.40
2010.05.11 06:19:44.022,6.1752,6.1794,2.40,2.50
2010.05.11 06:19:45.230,6.1752,6.1792,2.40,1.00
2010.05.11 06:19:45.573,6.1752,6.1794,2.40,2.50
2010.05.11 06:19:46.506,6.1752,6.1794,2.40,2.40
2010.05.11 06:19:48.737,6.1752,6.1794,2.50,2.40
2010.05.11 06:19:48.948,6.1752,6.1794,2.40,2.40
2010.05.11 06:19:49.737,6.1752,6.1794,2.50,2.40
2010.05.11 06:19:51.209,6.1755,6.1794,1.00,2.40
2010.05.11 06:19:51.534,6.1755,6.1794,1.00,2.40
2010.05.11 06:19:52.959,6.176,6.1802,2.40,1.00
2010.05.11 06:19:54.418,6.176,6.1805,2.40,2.40
2010.05.11 06:19:55.854,6.176,6.1804,2.40,1.00
2010.05.11 06:19:57.011,6.176,6.1802,2.40,1.00
2010.05.11 06:19:57.357,6.1767,6.1805,1.00,2.40
2010.05.11 06:19:57.709,6.1769,6.1811,2.40,2.40
2010.05.11 06:19:58.691,6.1769,6.18105,2.40,1.60
2010.05.11 06:20:00.680,6.1769,6.181,2.40,1.00
2010.05.11 06:20:01.140,6.17705,6.181,1.60,1.00
2010.05.11 06:20:01.230,6.17705,6.18105,1.60,1.60
2010.05.11 06:20:01.985,6.1769,6.1811,2.50,2.40
2010.05.11 06:20:03.420,6.1779,6.1817,1.00,2.40
2010.05.11 06:20:03.770,6.1776,6.1817,1.00,2.40
2010.05.11 06:20:04.557,6.178,6.1817,1.60,2.40
2010.05.11 06:20:04.905,6.1778,6.1817,1.00,2.40
2010.05.11 06:20:07.065,6.1779,6.1817,1.00,2.40
2010.05.11 06:20:07.419,6.1767,6.1812,1.00,1.00
2010.05.11 06:20:08.184,6.1772,6.1813,1.00,2.40
2010.05.11 06:20:15.062,6.1777,6.1813,1.00,2.40
2010.05.11 06:20:16.369,6.1772,6.1813,1.00,2.40
2010.05.11 06:20:16.653,6.1774,6.1813,1.00,2.40
2010.05.11 06:20:16.931,6.1772,6.1813,1.00,2.40
2010.05.11 06:20:17.655,6.1774,6.1813,1.00,2.40
2010.05.11 06:20:18.213,6.1772,6.1813,1.00,2.40
2010.05.11 06:20:19.140,6.1777,6.1813,1.00,2.40
2010.05.11 06:20:20.706,6.1781,6.182,1.00,2.40
2010.05.11 06:20:22.086,6.1779,6.182,1.00,2.40
2010.05.11 06:20:23.463,6.1777,6.182,2.50,2.50
2010.05.11 06:20:25.503,6.1779,6.182,1.00,2.40
2010.05.11 06:20:26.342,6.1779,6.182,1.00,2.40
2010.05.11 06:20:26.975,6.1779,6.182,1.00,2.40
2010.05.11 06:20:29.099,6.1767,6.1813,1.00,2.40
2010.05.11 06:20:30.160,6.1776,6.1813,1.00,2.40
2010.05.11 06:20:30.456,6.1776,6.1819,1.00,2.40
2010.05.11 06:20:33.501,6.1778,6.1819,1.00,2.40
2010.05.11 06:20:34.804,6.1776,6.1819,1.00,2.40
2010.05.11 06:20:37.971,6.1775,6.1819,2.40,2.40
2010.05.11 06:20:41.157,6.1768,6.1813,2.40,2.40
2010.05.11 06:20:41.701,6.1769,6.1813,1.00,2.40
2010.05.11 06:20:41.915,6.1768,6.17985,2.40,1.00
2010.05.11 06:20:42.263,6.17635,6.1803,1.60,2.40
2010.05.11 06:20:42.613,6.1766,6.1811,2.40,2.40
2010.05.11 06:20:45.538,6.1766,6.1794,2.40,1.00
2010.05.11 06:20:46.416,6.17585,6.1795,1.60,2.40
2010.05.11 06:20:46.664,6.17585,6.1801,1.60,2.40
2010.05.11 06:20:47.154,6.1758,6.1797,2.40,1.00
2010.05.11 06:20:47.714,6.1759,6.18,1.00,1.00
2010.05.11 06:20:48.073,6.1758,6.1797,2.40,1.00
2010.05.11 06:20:48.421,6.1758,6.1796,2.40,1.00
2010.05.11 06:20:50.179,6.17535,6.17865,1.60,1.00
2010.05.11 06:20:51.542,6.17535,6.1784,1.60,1.00
2010.05.11 06:20:52.685,6.17535,6.1782,1.60,1.00
2010.05.11 06:20:53.173,6.17535,6.1779,1.60,1.00
2010.05.11 06:20:53.390,6.17485,6.1776,1.60,1.00
2010.05.11 06:20:54.296,6.17485,6.1791,1.60,1.00
2010.05.11 06:20:55.051,6.1752,6.1792,1.00,1.60
2010.05.11 06:20:55.714,6.1748,6.1787,2.40,1.00
2010.05.11 06:20:56.533,6.1748,6.1787,2.50,1.00
2010.05.11 06:20:57.588,6.1748,6.1784,2.40,1.00
2010.05.11 06:21:00.001,6.1744,6.17715,1.60,1.60
2010.05.11 06:21:01.292,6.1747,6.17745,1.00,1.60
2010.05.11 06:21:01.525,6.17485,6.17745,1.60,1.60
2010.05.11 06:21:02.428,6.1745,6.17745,1.00,1.60
2010.05.11 06:21:02.777,6.1745,6.17745,1.00,1.60
2010.05.11 06:21:03.126,6.17485,6.1791,1.60,1.00
2010.05.11 06:21:03.781,6.17485,6.1785,1.60,2.40
2010.05.11 06:21:04.277,6.1733,6.1783,1.00,2.40
2010.05.11 06:21:04.597,6.17365,6.1783,1.00,2.40
2010.05.11 06:21:05.335,6.17395,6.1783,1.60,2.40
2010.05.11 06:21:05.500,6.1742,6.1791,1.00,2.40
2010.05.11 06:21:06.781,6.1737,6.179,1.00,1.00
2010.05.11 06:21:07.021,6.1735,6.17815,1.00,1.00
2010.05.11 06:21:07.260,6.1722,6.1769,2.40,2.40
2010.05.11 06:21:09.305,6.1725,6.1767,1.00,2.40
2010.05.11 06:21:13.628,6.1729,6.1767,1.00,2.40
2010.05.11 06:21:13.901,6.1738,6.178,1.60,1.00
2010.05.11 06:21:16.529,6.1738,6.1778,1.70,1.00
2010.05.11 06:21:17.647,6.1739,6.1778,1.00,1.00
2010.05.11 06:21:18.381,6.1738,6.1776,1.60,1.00
2010.05.11 06:21:18.591,6.1737,6.1771,2.40,1.00
2010.05.11 06:21:19.167,6.1737,6.1773,2.40,1.00
2010.05.11 06:21:29.513,6.1737,6.17745,2.50,1.60
2010.05.11 06:21:29.669,6.1737,6.1773,2.40,1.00
2010.05.11 06:21:30.815,6.1734,6.1773,1.00,1.00
2010.05.11 06:21:31.118,6.173,6.1769,1.00,1.00
2010.05.11 06:21:31.701,6.173,6.1774,1.00,2.40
2010.05.11 06:21:32.310,6.1738,6.1781,2.40,2.40
2010.05.11 06:21:34.936,6.17345,6.17715,1.60,1.60
2010.05.11 06:21:36.710,6.1732,6.1769,1.00,1.00
2010.05.11 06:21:36.870,6.1732,6.17645,1.00,1.60
2010.05.11 06:21:37.478,6.1731,6.17645,2.40,1.60
2010.05.11 06:21:38.326,6.1732,6.1768,1.00,1.00
2010.05.11 06:21:39.060,6.1731,6.17645,2.40,1.60
2010.05.11 06:21:39.543,6.1731,6.1763,2.40,1.00
2010.05.11 06:21:39.794,6.1727,6.1763,1.00,1.00
2010.05.11 06:21:40.657,6.17245,6.1767,1.60,2.40
2010.05.11 06:21:41.009,6.1729,6.1769,2.40,1.00
2010.05.11 06:21:42.489,6.1729,6.17705,2.40,1.60
2010.05.11 06:21:43.282,6.173,6.1772,1.00,2.40
2010.05.11 06:21:43.586,6.1729,6.1765,2.40,1.00
2010.05.11 06:21:43.891,6.1725,6.176,1.00,1.60
2010.05.11 06:21:45.970,6.17245,6.176,1.60,1.60
2010.05.11 06:21:46.601,6.1728,6.1774,2.40,2.40
2010.05.11 06:21:48.132,6.1728,6.1771,2.40,1.00
2010.05.11 06:21:48.484,6.1737,6.1779,1.00,2.40
2010.05.11 06:21:49.835,6.1743,6.1786,2.40,1.00
2010.05.11 06:21:50.360,6.1743,6.1777,2.40,1.00
2010.05.11 06:21:50.966,6.1737,6.17745,1.00,1.60
2010.05.11 06:21:52.581,6.1739,6.1787,2.40,2.40
2010.05.11 06:21:53.721,6.1739,6.1783,2.40,1.00
2010.05.11 06:21:54.585,6.17395,6.1783,1.60,1.00
2010.05.11 06:21:54.937,6.174,6.1785,1.00,2.40
2010.05.11 06:21:55.287,6.1739,6.1783,2.40,1.00
2010.05.11 06:21:55.474,6.1742,6.1785,1.00,2.40
2010.05.11 06:21:56.006,6.1739,6.1783,2.40,1.00
2010.05.11 06:21:56.187,6.1742,6.1785,1.00,2.40
2010.05.11 06:21:59.159,6.17515,6.1788,1.60,1.00
2010.05.11 06:21:59.363,6.17515,6.1791,1.60,2.40
2010.05.11 06:21:59.565,6.17465,6.1791,1.60,2.40
2010.05.11 06:22:00.540,6.1751,6.1791,1.00,2.40
2010.05.11 06:22:01.141,6.1757,6.1792,2.40,1.00
2010.05.11 06:22:01.444,6.1757,6.1804,2.40,2.40
2010.05.11 06:22:04.350,6.1759,6.1802,1.00,2.40
2010.05.11 06:22:05.502,6.1757,6.1802,2.40,2.40
2010.05.11 06:22:06.319,6.1761,6.1802,1.00,2.40
2010.05.11 06:22:06.491,6.1764,6.1802,1.00,2.40
2010.05.11 06:22:06.986,6.1766,6.1809,2.40,2.40
2010.05.11 06:22:13.179,6.1766,6.1809,2.50,2.40
2010.05.11 06:22:13.793,6.1766,6.1809,2.40,2.40
2010.05.11 06:22:14.766,6.1766,6.1809,2.50,2.40
2010.05.11 06:22:15.110,6.1769,6.1809,1.00,2.40
2010.05.11 06:22:15.451,6.1773,6.1817,2.40,2.40
2010.05.11 06:22:18.971,6.176,6.1811,2.40,1.00
2010.05.11 06:22:21.646,6.1765,6.1813,1.70,2.40
2010.05.11 06:22:21.835,6.1773,6.1818,2.40,2.50
2010.05.11 06:22:25.714,6.1773,6.1818,2.40,2.40
2010.05.11 06:22:25.867,6.1773,6.1818,2.40,2.50
2010.05.11 06:22:26.896,6.1773,6.1818,2.40,2.40
2010.05.11 06:22:27.246,6.1775,6.1818,1.00,2.40
2010.05.11 06:22:31.740,6.1777,6.1818,1.00,2.40
2010.05.11 06:22:32.548,6.1781,6.1824,2.40,2.40
2010.05.11 06:22:40.029,6.1774,6.182,2.50,2.40
2010.05.11 06:22:41.529,6.1774,6.182,2.50,2.50
2010.05.11 06:22:42.786,6.1774,6.1819,2.50,1.00
2010.05.11 06:22:48.509,6.1775,6.182,1.00,2.40
2010.05.11 06:22:48.679,6.1774,6.1819,2.50,1.00
2010.05.11 06:22:51.027,6.1774,6.1816,2.40,1.00
2010.05.11 06:22:51.271,6.1774,6.1819,2.50,1.00
2010.05.11 06:22:51.519,6.1776,6.182,1.00,2.40
2010.05.11 06:22:52.119,6.1774,6.1819,2.50,1.00
2010.05.11 06:22:55.858,6.1774,6.18175,2.50,1.60
2010.05.11 06:22:56.182,6.1774,6.1816,2.40,1.00
2010.05.11 06:22:59.161,6.1774,6.1819,2.50,1.00
2010.05.11 06:22:59.979,6.1774,6.1818,2.40,1.00
2010.05.11 06:23:00.293,6.1774,6.1816,2.40,1.00
2010.05.11 06:23:03.970,6.1774,6.1811,2.40,1.00
2010.05.11 06:23:04.255,6.1767,6.1811,2.40,2.50
2010.05.11 06:23:05.194,6.1768,6.1811,1.00,2.40
2010.05.11 06:23:05.457,6.1767,6.1811,2.40,2.50
2010.05.11 06:23:06.031,6.1768,6.1811,1.00,2.40
2010.05.11 06:23:06.643,6.1767,6.1811,2.40,2.50
2010.05.11 06:23:06.986,6.1768,6.1811,1.00,2.40
2010.05.11 06:23:08.431,6.1767,6.1809,2.40,1.00
2010.05.11 06:23:08.778,6.1767,6.1811,2.50,2.40
2010.05.11 06:23:10.030,6.1767,6.1811,2.40,2.40
2010.05.11 06:23:10.370,6.1767,6.1806,2.40,1.00
2010.05.11 06:23:11.166,6.1767,6.1809,2.40,1.00
2010.05.11 06:23:12.958,6.1769,6.1811,1.00,2.40
2010.05.11 06:23:13.187,6.1767,6.1811,2.50,2.40
2010.05.11 06:23:13.812,6.1769,6.1811,1.00,2.40
2010.05.11 06:23:15.141,6.1767,6.1807,2.40,1.00
2010.05.11 06:23:15.603,6.1767,6.1809,2.40,1.00
2010.05.11 06:23:16.261,6.1769,6.1811,1.00,2.40
2010.05.11 06:23:17.315,6.1775,6.1816,2.40,1.00
2010.05.11 06:23:17.947,6.1776,6.1818,1.00,2.40
2010.05.11 06:23:19.389,6.1778,6.1818,1.00,2.40
2010.05.11 06:23:19.934,6.1782,6.18225,2.40,1.60
2010.05.11 06:23:22.669,6.1782,6.1821,2.40,1.00
2010.05.11 06:23:25.016,6.1782,6.18225,2.40,1.60
2010.05.11 06:23:26.624,6.1782,6.1821,2.40,1.00
2010.05.11 06:23:26.938,6.1782,6.1824,2.40,1.00
2010.05.11 06:23:28.052,6.1782,6.1823,2.40,1.00
2010.05.11 06:23:29.619,6.1782,6.18225,2.40,1.60
2010.05.11 06:23:30.240,6.1782,6.1821,2.40,1.00
2010.05.11 06:23:31.055,6.1782,6.1818,2.40,1.00
2010.05.11 06:23:31.774,6.1776,6.182,1.00,2.40
2010.05.11 06:23:32.126,6.1776,6.182,1.00,2.40
2010.05.11 06:23:32.471,6.1776,6.182,1.00,2.40
2010.05.11 06:23:32.754,6.1778,6.182,1.00,2.40
2010.05.11 06:23:33.290,6.17795,6.182,1.60,2.40
2010.05.11 06:23:33.578,6.1782,6.1823,2.40,1.00
2010.05.11 06:23:34.235,6.1782,6.1824,2.40,1.00
2010.05.11 06:23:35.742,6.1782,6.1826,2.40,2.50
2010.05.11 06:23:37.307,6.17845,6.1826,1.60,2.50
2010.05.11 06:23:37.649,6.1782,6.1826,2.40,2.50
2010.05.11 06:23:39.481,6.1784,6.1826,1.00,2.40
2010.05.11 06:23:39.660,6.1782,6.1826,2.40,2.50
2010.05.11 06:23:40.405,6.1786,6.1826,1.00,2.40
2010.05.11 06:23:45.922,6.1791,6.1832,1.00,1.60
2010.05.11 06:23:46.166,6.1791,6.1834,1.00,2.40
2010.05.11 06:23:46.980,6.1788,6.1833,2.50,1.00
2010.05.11 06:23:47.328,6.17895,6.1833,1.60,1.00
2010.05.11 06:23:47.679,6.1791,6.1834,1.00,2.40
2010.05.11 06:23:48.024,6.1793,6.1834,1.00,2.40
2010.05.11 06:23:48.859,6.1804,6.1852,2.40,2.50
2010.05.11 06:23:50.751,6.18085,6.185,1.60,2.50
2010.05.11 06:23:51.303,6.1813,6.1855,2.40,1.00
2010.05.11 06:23:51.635,6.1813,6.1858,2.50,1.00
2010.05.11 06:23:52.403,6.1813,6.1853,2.40,1.00
2010.05.11 06:23:52.756,6.1807,6.1846,2.40,1.00
2010.05.11 06:23:53.106,6.1799,6.1841,2.40,1.00
2010.05.11 06:23:54.140,6.1809,6.1857,2.50,2.40
2010.05.11 06:23:55.257,6.1811,6.18515,2.40,1.60
2010.05.11 06:23:55.598,6.1811,6.1851,2.40,1.00
2010.05.11 06:23:57.593,6.1811,6.1848,2.40,1.00
2010.05.11 06:23:58.096,6.1811,6.1846,2.40,1.00
2010.05.11 06:23:58.288,6.1804,6.1841,2.40,1.00
2010.05.11 06:23:58.617,6.1798,6.1841,2.40,2.50
2010.05.11 06:23:59.392,6.1799,6.1841,1.00,2.40
2010.05.11 06:24:00.601,6.1799,6.1839,1.00,1.60
2010.05.11 06:24:01.483,6.1798,6.1838,2.50,1.00
2010.05.11 06:24:02.357,6.1798,6.1835,1.00,2.40
2010.05.11 06:24:03.012,6.1801,6.1839,1.00,1.70
2010.05.11 06:24:03.826,6.1801,6.1834,1.00,1.60
2010.05.11 06:24:04.176,6.18,6.1839,1.00,1.70
2010.05.11 06:24:04.791,6.1799,6.1837,2.40,1.00
2010.05.11 06:24:05.193,6.1799,6.1834,2.40,1.00
2010.05.11 06:24:05.772,6.1799,6.1834,2.40,1.70
2010.05.11 06:24:06.115,6.1803,6.1841,1.00,1.00
2010.05.11 06:24:06.463,6.1803,6.1839,1.00,1.60
2010.05.11 06:24:07.112,6.17995,6.1837,1.60,1.00
2010.05.11 06:24:07.445,6.1801,6.1839,1.00,1.70
2010.05.11 06:24:08.111,6.1799,6.1837,2.50,1.00
2010.05.11 06:24:08.595,6.17995,6.1837,1.60,1.00
2010.05.11 06:24:08.896,6.1806,6.1839,1.00,1.60
2010.05.11 06:24:09.193,6.1806,6.1842,1.00,2.40
2010.05.11 06:24:10.129,6.1811,6.1842,1.00,2.40
2010.05.11 06:24:10.456,6.1811,6.18485,1.00,1.60
2010.05.11 06:24:10.973,6.18095,6.1846,1.60,1.00
2010.05.11 06:24:11.577,6.1811,6.18485,1.00,1.60
2010.05.11 06:24:13.931,6.1813,6.18485,1.00,1.60
2010.05.11 06:24:14.938,6.182,6.1851,1.00,2.40
2010.05.11 06:24:15.275,6.182,6.1858,1.00,1.00
2010.05.11 06:24:16.207,6.18185,6.18455,1.60,1.60
2010.05.11 06:24:17.563,6.1822,6.1846,1.00,1.60
2010.05.11 06:24:17.908,6.1824,6.1849,1.60,1.60
2010.05.11 06:24:18.680,6.18195,6.18445,1.60,1.60
2010.05.11 06:24:19.030,6.18195,6.18605,1.60,1.60
2010.05.11 06:24:19.801,6.1822,6.18605,1.00,1.60
2010.05.11 06:24:20.140,6.182,6.18585,1.00,1.60
2010.05.11 06:24:20.476,6.18195,6.1857,1.60,1.00
2010.05.11 06:24:21.021,6.1821,6.18585,1.00,1.60
2010.05.11 06:24:21.335,6.18195,6.18505,1.60,1.00
2010.05.11 06:24:21.653,6.18195,6.18445,1.60,1.60
2010.05.11 06:24:22.849,6.1824,6.18605,1.60,1.60
2010.05.11 06:24:23.982,6.1825,6.18585,1.00,1.60
2010.05.11 06:24:24.330,6.1825,6.1861,1.00,2.40
2010.05.11 06:24:24.677,6.1826,6.1861,1.00,2.40
2010.05.11 06:24:25.393,6.18235,6.18505,1.60,1.60
2010.05.11 06:24:25.665,6.1828,6.1855,1.60,1.60
2010.05.11 06:24:26.672,6.1824,6.1868,4.10,1.00
2010.05.11 06:24:27.992,6.1829,6.1868,1.60,1.60
2010.05.11 06:24:28.303,6.1835,6.1873,1.00,1.60
2010.05.11 06:24:28.602,6.1836,6.1873,1.00,1.60
2010.05.11 06:24:29.479,6.1841,6.1875,1.00,2.40
2010.05.11 06:24:29.828,6.1851,6.1878,1.60,1.60
2010.05.11 06:24:30.623,6.1846,6.1873,1.60,1.60
2010.05.11 06:24:30.889,6.1853,6.18755,2.40,1.60
2010.05.11 06:24:31.569,6.18575,6.18825,1.60,1.60
2010.05.11 06:24:31.839,6.1844,6.18825,1.00,1.60
2010.05.11 06:24:32.617,6.1841,6.18825,1.00,1.60
2010.05.11 06:24:32.908,6.1841,6.1878,2.40,1.60
2010.05.11 06:24:34.296,6.1841,6.1878,2.40,1.70
2010.05.11 06:24:35.933,6.184,6.1878,1.00,1.70
2010.05.11 06:24:36.867,6.1838,6.1873,1.00,1.60
2010.05.11 06:24:37.211,6.1838,6.1876,1.00,1.00
2010.05.11 06:24:38.082,6.1836,6.1873,1.00,1.60
2010.05.11 06:24:39.799,6.1834,6.1872,2.40,1.00
2010.05.11 06:24:40.074,6.1833,6.1872,1.00,2.50
2010.05.11 06:24:40.743,6.1833,6.1868,1.00,1.60
2010.05.11 06:24:41.057,6.1831,6.187,1.00,1.00
2010.05.11 06:24:41.368,6.1829,6.1863,2.40,1.60
2010.05.11 06:24:42.039,6.1826,6.1863,1.00,1.60
2010.05.11 06:24:42.385,6.1827,6.1863,1.00,1.60
2010.05.11 06:24:43.836,6.1829,6.1866,1.00,2.40
2010.05.11 06:24:45.505,6.1831,6.1866,1.00,2.40
2010.05.11 06:24:47.073,6.1831,6.1863,1.00,1.60
2010.05.11 06:24:47.417,6.1828,6.1866,1.00,2.40
2010.05.11 06:24:47.634,6.1831,6.1866,1.00,2.40
2010.05.11 06:24:48.458,6.1831,6.1863,1.00,1.60
2010.05.11 06:24:49.906,6.1833,6.1863,1.00,1.60
2010.05.11 06:24:50.197,6.183,6.18585,2.40,1.60
2010.05.11 06:24:50.485,6.1821,6.18585,1.00,1.60
2010.05.11 06:24:51.208,6.1818,6.1855,2.40,1.00
2010.05.11 06:24:51.498,6.1819,6.18535,1.00,1.60
2010.05.11 06:24:52.260,6.18205,6.1858,1.60,1.00
2010.05.11 06:24:52.615,6.1821,6.18585,1.00,1.60
2010.05.11 06:24:54.497,6.1829,6.1862,1.00,2.40
2010.05.11 06:24:55.306,6.18295,6.1867,1.60,1.00
2010.05.11 06:24:55.555,6.18335,6.1867,1.60,1.00
2010.05.11 06:24:56.692,6.1835,6.1867,1.00,1.00
2010.05.11 06:24:57.589,6.1836,6.1867,1.00,1.00
2010.05.11 06:24:58.492,6.1834,6.1863,1.00,1.60
2010.05.11 06:25:00.110,6.18335,6.1863,1.60,1.60
2010.05.11 06:25:00.411,6.1826,6.1863,1.00,1.60
2010.05.11 06:25:00.710,6.18255,6.1863,1.60,1.70
2010.05.11 06:25:00.942,6.1824,6.1863,2.50,1.70
2010.05.11 06:25:01.776,6.18245,6.18585,1.60,1.60
2010.05.11 06:25:02.282,6.1827,6.1861,1.00,2.40
2010.05.11 06:25:03.001,6.18295,6.1863,1.60,1.60
2010.05.11 06:25:03.342,6.1827,6.1863,1.00,1.70
2010.05.11 06:25:03.682,6.1835,6.1868,1.00,4.00
2010.05.11 06:25:05.240,6.18345,6.1868,1.60,4.00
2010.05.11 06:25:06.490,6.1832,6.1867,1.00,1.00
2010.05.11 06:25:06.670,6.183,6.1863,1.00,1.60
2010.05.11 06:25:07.223,6.18345,6.1868,1.60,4.00
2010.05.11 06:25:09.310,6.1837,6.1868,1.00,4.00
2010.05.11 06:25:09.520,6.18345,6.1868,1.60,4.00
2010.05.11 06:25:09.731,6.1839,6.1868,1.00,4.00
2010.05.11 06:25:10.198,6.18395,6.1868,1.60,2.40
2010.05.11 06:25:10.545,6.18395,6.1873,1.60,1.60
2010.05.11 06:25:12.050,6.184,6.1873,1.00,1.60
2010.05.11 06:25:13.449,6.18395,6.1872,1.60,1.00
2010.05.11 06:25:13.806,6.1842,6.1877,1.00,1.00
2010.05.11 06:25:14.994,6.1842,6.1868,1.00,1.60
2010.05.11 06:25:15.220,6.1837,6.1872,1.00,1.00
2010.05.11 06:25:16.626,6.1848,6.18845,1.00,1.60
2010.05.11 06:25:17.659,6.1845,6.1878,1.00,1.60
2010.05.11 06:25:18.017,6.1849,6.18825,1.00,1.60
2010.05.11 06:25:18.365,6.185,6.18825,1.00,1.60
2010.05.11 06:25:19.091,6.1847,6.1882,1.00,1.00
2010.05.11 06:25:19.994,6.185,6.18825,1.00,1.60
2010.05.11 06:25:20.561,6.1847,6.1882,1.00,1.00
2010.05.11 06:25:21.633,6.1847,6.1878,1.00,1.60
2010.05.11 06:25:22.401,6.1845,6.1878,1.00,1.60
2010.05.11 06:25:24.880,6.18445,6.1873,1.60,1.60
2010.05.11 06:25:25.095,6.1842,6.1873,2.40,1.60
2010.05.11 06:25:25.224,6.184,6.1873,1.00,1.60
2010.05.11 06:25:25.830,6.1838,6.1873,1.00,1.70
2010.05.11 06:25:27.685,6.184,6.1873,1.70,1.60
2010.05.11 06:25:27.973,6.184,6.1873,1.60,1.70
2010.05.11 06:25:28.300,6.1837,6.1873,1.00,1.70
2010.05.11 06:25:28.631,6.1838,6.1873,1.00,1.70
2010.05.11 06:25:29.087,6.1836,6.1871,1.00,1.00
2010.05.11 06:25:29.217,6.1836,6.1868,1.00,1.60
2010.05.11 06:25:29.921,6.1838,6.1868,1.00,1.60
2010.05.11 06:25:30.039,6.1838,6.1873,1.00,1.70
2010.05.11 06:25:30.877,6.1843,6.1878,1.00,1.70
2010.05.11 06:25:31.228,6.1845,6.1878,1.60,1.70
2010.05.11 06:25:31.502,6.1843,6.1878,1.00,1.70
2010.05.11 06:25:32.217,6.1841,6.1876,1.00,1.00
2010.05.11 06:25:32.531,6.1841,6.1873,1.00,1.60
2010.05.11 06:25:34.831,6.1843,6.1873,1.00,1.60
2010.05.11 06:25:35.301,6.1843,6.1878,1.00,1.70
2010.05.11 06:25:35.385,6.1846,6.1878,1.00,1.60
2010.05.11 06:25:36.342,6.1843,6.1878,1.00,1.70
2010.05.11 06:25:36.891,6.1848,6.1878,1.60,1.60
2010.05.11 06:25:37.105,6.1848,6.1877,1.60,1.00
2010.05.11 06:25:37.323,6.1848,6.1873,1.60,1.60
2010.05.11 06:25:40.062,6.1849,6.1873,1.00,1.60
2010.05.11 06:25:40.616,6.1849,6.1878,1.00,4.00
2010.05.11 06:25:40.748,6.1848,6.1873,1.60,1.60
2010.05.11 06:25:41.630,6.184,6.1873,1.70,1.60
2010.05.11 06:25:42.923,6.1843,6.1878,1.00,4.10
2010.05.11 06:25:45.572,6.1845,6.1878,1.70,4.00
2010.05.11 06:25:48.234,6.184,6.1873,1.70,1.60
2010.05.11 06:25:49.574,6.1843,6.1878,1.00,4.10
2010.05.11 06:25:49.705,6.184,6.1875,1.70,1.00
2010.05.11 06:25:49.834,6.184,6.1873,1.70,1.60
2010.05.11 06:25:52.116,6.1845,6.1873,1.00,1.60
2010.05.11 06:25:52.331,6.1845,6.1878,1.70,4.00
2010.05.11 06:25:53.189,6.1845,6.1878,1.60,4.10
2010.05.11 06:25:53.535,6.1845,6.1878,1.70,4.00
2010.05.11 06:25:54.975,6.1845,6.1878,1.60,4.10
2010.05.11 06:25:55.173,6.1843,6.1878,1.00,4.10
2010.05.11 06:25:56.381,6.1845,6.1878,1.70,4.00
2010.05.11 06:25:57.587,6.1845,6.1878,1.60,4.10
2010.05.11 06:25:57.935,6.1843,6.1878,1.00,4.10
2010.05.11 06:26:03.595,6.184,6.1873,1.70,1.60
2010.05.11 06:26:07.800,6.1838,6.1873,1.00,1.70
2010.05.11 06:26:08.641,6.1838,6.1872,1.00,1.00
2010.05.11 06:26:08.983,6.184,6.1868,1.60,1.60
2010.05.11 06:26:09.552,6.18355,6.1868,1.60,1.60
2010.05.11 06:26:09.798,6.18305,6.1863,1.60,1.60
2010.05.11 06:26:10.045,6.1833,6.18585,1.00,1.60
2010.05.11 06:26:10.726,6.1828,6.1858,1.00,1.00
2010.05.11 06:26:11.079,6.1836,6.1864,1.00,1.60
2010.05.11 06:26:11.427,6.1833,6.1864,1.00,1.60
2010.05.11 06:26:12.656,6.1833,6.1868,1.00,1.70
2010.05.11 06:26:13.006,6.18305,6.1863,1.60,1.60
2010.05.11 06:26:13.674,6.1833,6.1863,1.00,1.60
2010.05.11 06:26:13.900,6.1833,6.1868,1.00,1.70
2010.05.11 06:26:14.604,6.1833,6.1863,1.00,1.60
2010.05.11 06:26:14.821,6.18305,6.1863,1.60,1.60
2010.05.11 06:26:15.041,6.18305,6.1871,1.60,2.40
2010.05.11 06:26:16.044,6.1835,6.1871,1.00,2.40
2010.05.11 06:26:16.324,6.1833,6.1879,2.40,4.10
2010.05.11 06:26:17.785,6.1833,6.1874,2.40,1.70
2010.05.11 06:26:18.121,6.1827,6.1871,2.50,2.40
2010.05.11 06:26:18.899,6.18305,6.1871,1.60,2.40
2010.05.11 06:26:19.250,6.1832,6.1871,1.00,2.40
2010.05.11 06:26:20.234,6.1827,6.1871,2.50,2.40
2010.05.11 06:26:23.535,6.183,6.1871,1.00,2.40
2010.05.11 06:26:23.879,6.1827,6.1871,2.50,2.40
2010.05.11 06:26:24.944,6.1827,6.1871,2.40,2.40
2010.05.11 06:26:25.119,6.1827,6.1871,2.50,2.40
2010.05.11 06:26:26.016,6.1827,6.1871,2.40,3.80
2010.05.11 06:26:26.702,6.1827,6.1871,2.40,2.40
2010.05.11 06:26:27.503,6.1827,6.1869,2.40,1.60
2010.05.11 06:26:27.793,6.1827,6.1869,2.40,1.70
2010.05.11 06:26:28.082,6.1827,6.18705,2.40,1.40
2010.05.11 06:26:28.877,6.1827,6.1871,2.40,2.40
2010.05.11 06:26:30.012,6.1827,6.1869,2.40,1.60
2010.05.11 06:26:30.280,6.1818,6.1864,2.40,2.50
2010.05.11 06:26:31.376,6.1818,6.1864,2.40,2.40
2010.05.11 06:26:32.933,6.18285,6.1865,1.60,1.60
2010.05.11 06:26:33.623,6.18285,6.1867,1.60,1.00
2010.05.11 06:26:34.233,6.18305,6.1869,1.60,2.40
2010.05.11 06:26:34.534,6.1832,6.1869,1.00,2.40
2010.05.11 06:26:35.024,6.18355,6.1873,1.60,1.60
2010.05.11 06:26:35.683,6.1838,6.1875,1.00,2.40
2010.05.11 06:26:35.870,6.18405,6.1875,1.60,2.40
2010.05.11 06:26:37.293,6.18355,6.1873,1.60,1.60
2010.05.11 06:26:38.644,6.18355,6.1872,1.60,1.00
2010.05.11 06:26:38.974,6.1833,6.1868,1.00,1.60
2010.05.11 06:26:39.742,6.1832,6.1872,2.40,1.00
2010.05.11 06:26:40.089,6.1819,6.1867,2.40,2.40
2010.05.11 06:26:40.413,6.1821,6.1867,1.00,2.40
2010.05.11 06:26:40.573,6.1821,6.1867,1.00,2.40
2010.05.11 06:26:41.210,6.1821,6.1867,2.50,2.40
2010.05.11 06:26:41.559,6.1823,6.1867,1.00,2.40
2010.05.11 06:26:41.905,6.18355,6.1867,1.00,2.40
2010.05.11 06:26:42.789,6.1836,6.1873,2.40,1.60
2010.05.11 06:26:43.689,6.1841,6.1873,1.00,1.60
2010.05.11 06:26:44.805,6.1824,6.187,2.40,2.40
2010.05.11 06:26:46.351,6.1827,6.187,1.00,2.40
2010.05.11 06:26:46.683,6.183,6.187,1.00,2.40
2010.05.11 06:26:47.340,6.1827,6.187,1.00,2.40
2010.05.11 06:26:48.584,6.1826,6.187,2.40,2.40
2010.05.11 06:26:48.812,6.1827,6.187,1.00,2.40
2010.05.11 06:26:51.594,6.1826,6.187,2.40,2.40
2010.05.11 06:26:53.231,6.1826,6.187,2.40,2.50
2010.05.11 06:26:56.635,6.1826,6.187,2.40,2.40
2010.05.11 06:27:00.164,6.1826,6.187,2.40,2.50
2010.05.11 06:27:01.976,6.1826,6.187,2.40,2.40
2010.05.11 06:27:02.266,6.1826,6.187,2.40,2.50
2010.05.11 06:27:03.722,6.1826,6.187,2.40,2.40
2010.05.11 06:27:05.450,6.1826,6.187,2.50,2.40
2010.05.11 06:27:09.582,6.18295,6.187,1.60,2.40
2010.05.11 06:27:09.780,6.1826,6.187,2.50,2.40
2010.05.11 06:27:10.583,6.1828,6.187,1.00,2.40
2010.05.11 06:27:10.842,6.1826,6.187,2.50,2.40
2010.05.11 06:27:12.653,6.1828,6.187,1.00,2.40
2010.05.11 06:27:12.882,6.1826,6.187,2.50,2.40
2010.05.11 06:27:13.152,6.1828,6.187,1.00,2.40
2010.05.11 06:27:14.472,6.1829,6.187,1.00,2.40
2010.05.11 06:27:15.152,6.1827,6.187,1.00,2.40
2010.05.11 06:27:16.088,6.1831,6.187,1.00,2.40
2010.05.11 06:27:20.324,6.1834,6.187,1.00,2.40
2010.05.11 06:27:20.673,6.1834,6.1878,1.00,2.40
2010.05.11 06:27:21.497,6.1834,6.1878,1.00,4.00
2010.05.11 06:27:21.910,6.1832,6.1878,2.40,4.10
2010.05.11 06:27:22.639,6.1834,6.1878,1.00,4.00
2010.05.11 06:27:23.529,6.1832,6.1878,2.40,4.00
2010.05.11 06:27:23.693,6.1832,6.1878,2.40,4.10
2010.05.11 06:27:25.792,6.1834,6.1878,1.00,4.00
2010.05.11 06:27:26.218,6.1832,6.1878,2.40,4.10
2010.05.11 06:27:26.489,6.1834,6.1878,1.00,4.00
2010.05.11 06:27:26.975,6.1832,6.1878,2.40,4.10
2010.05.11 06:27:27.755,6.1832,6.1873,2.40,1.60
2010.05.11 06:27:27.925,6.1827,6.187,1.00,2.40
2010.05.11 06:27:29.522,6.1829,6.187,1.00,2.40
2010.05.11 06:27:30.516,6.1831,6.187,1.00,2.40
2010.05.11 06:27:32.101,6.1836,6.187,1.00,2.40
2010.05.11 06:27:32.346,6.1836,6.1882,2.50,2.40
2010.05.11 06:27:32.815,6.1836,6.1882,2.40,2.40
2010.05.11 06:27:33.827,6.1838,6.188,1.00,2.40
2010.05.11 06:27:34.511,6.1837,6.188,1.00,2.40
2010.05.11 06:27:35.751,6.184,6.188,1.00,2.40
2010.05.11 06:27:35.903,6.1837,6.188,1.00,2.40
2010.05.11 06:27:36.051,6.184,6.188,1.00,2.40
2010.05.11 06:27:36.202,6.1837,6.188,1.00,2.40
2010.05.11 06:27:37.158,6.1842,6.188,1.00,2.40
2010.05.11 06:27:38.921,6.1845,6.188,1.00,2.40
2010.05.11 06:27:39.261,6.1845,6.1887,1.00,2.40
2010.05.11 06:27:40.268,6.1844,6.1887,1.60,2.40
2010.05.11 06:27:40.403,6.1845,6.1887,1.00,2.40
2010.05.11 06:27:41.191,6.1847,6.1887,1.00,2.40
2010.05.11 06:27:41.744,6.1848,6.1887,1.00,2.40
2010.05.11 06:27:42.440,6.1845,6.1887,1.00,2.40
2010.05.11 06:27:43.416,6.1848,6.1887,1.00,2.40
2010.05.11 06:27:43.729,6.1852,6.1894,1.00,2.40
2010.05.11 06:27:44.773,6.1858,6.18975,2.40,1.60
2010.05.11 06:27:45.073,6.1864,6.1902,1.60,2.40
2010.05.11 06:27:45.370,6.18685,6.1902,1.60,2.40
2010.05.11 06:27:46.066,6.187,6.1907,1.00,1.60
2010.05.11 06:27:46.730,6.1872,6.1907,1.00,1.60
2010.05.11 06:27:47.791,6.187,6.19025,1.00,1.60
2010.05.11 06:27:49.492,6.1868,6.1902,1.00,2.40
2010.05.11 06:27:51.161,6.187,6.1902,1.00,2.40
2010.05.11 06:27:52.604,6.18685,6.1902,1.60,2.40
2010.05.11 06:27:54.234,6.1865,6.18975,1.00,1.60
2010.05.11 06:27:56.975,6.1863,6.18975,1.00,1.60
2010.05.11 06:27:59.146,6.1868,6.1902,1.00,2.40
2010.05.11 06:28:00.363,6.187,6.1902,1.00,2.40
2010.05.11 06:28:02.817,6.1865,6.18975,1.00,1.60
2010.05.11 06:28:03.563,6.187,6.18975,1.00,1.60
2010.05.11 06:28:03.771,6.187,6.1902,1.00,2.40
2010.05.11 06:28:05.853,6.1875,6.1907,1.00,1.60
2010.05.11 06:28:06.745,6.18735,6.1905,1.60,1.00
2010.05.11 06:28:07.187,6.187,6.1905,1.00,1.00
2010.05.11 06:28:07.541,6.187,6.19025,1.00,1.60
2010.05.11 06:28:07.885,6.1873,6.19025,1.00,1.60
2010.05.11 06:28:08.144,6.1873,6.1907,1.00,1.60
2010.05.11 06:28:13.066,6.1873,6.1903,1.00,2.40
2010.05.11 06:28:13.194,6.187,6.1903,1.00,2.40
2010.05.11 06:28:13.323,6.187,6.19025,1.00,1.60
2010.05.11 06:28:14.087,6.1873,6.19025,1.00,1.60
2010.05.11 06:28:17.289,6.187,6.19025,1.00,1.60
2010.05.11 06:28:18.471,6.1871,6.19025,1.00,1.60
2010.05.11 06:28:19.521,6.1873,6.1903,1.00,2.40
2010.05.11 06:28:21.092,6.1876,6.1903,1.00,2.40
2010.05.11 06:28:21.969,6.18735,6.1903,1.60,2.40
2010.05.11 06:28:22.192,6.1876,6.1903,1.00,2.40
2010.05.11 06:28:24.001,6.1878,6.1903,1.00,2.40
2010.05.11 06:28:24.729,6.1878,6.1912,1.00,4.00
2010.05.11 06:28:24.986,6.1881,6.1912,1.00,4.00
2010.05.11 06:28:26.331,6.1883,6.1912,1.00,2.40
2010.05.11 06:28:26.509,6.1888,6.1912,1.00,2.40
2010.05.11 06:28:26.684,6.1888,6.1919,1.00,2.40
2010.05.11 06:28:27.752,6.189,6.1919,1.00,2.40
2010.05.11 06:28:28.095,6.1891,6.1922,1.00,1.60
2010.05.11 06:28:28.609,6.18885,6.1922,1.60,1.60
2010.05.11 06:28:29.269,6.1883,6.191,1.00,2.40
2010.05.11 06:28:29.618,6.1885,6.1918,1.00,1.00
2010.05.11 06:28:30.072,6.1883,6.1918,1.00,1.00
2010.05.11 06:28:30.342,6.18825,6.1909,1.60,2.40
2010.05.11 06:28:30.618,6.188,6.1909,1.00,2.40
2010.05.11 06:28:31.398,6.1873,6.1913,1.00,2.40
2010.05.11 06:28:34.090,6.1859,6.1907,2.40,2.40
2010.05.11 06:28:34.501,6.18675,6.1907,1.00,2.40
2010.05.11 06:28:34.703,6.1872,6.1919,2.40,2.50
2010.05.11 06:28:35.692,6.1874,6.1919,2.40,2.40
2010.05.11 06:28:36.035,6.1874,6.1916,2.40,1.00
2010.05.11 06:28:36.961,6.1874,6.1916,2.50,1.00
2010.05.11 06:28:37.630,6.1874,6.19065,2.40,1.00
2010.05.11 06:28:38.453,6.1874,6.1907,1.00,1.60
2010.05.11 06:28:38.726,6.1877,6.1907,1.00,1.60
2010.05.11 06:28:40.272,6.1875,6.1907,1.00,1.60
2010.05.11 06:28:40.542,6.1875,6.1903,1.00,1.60
2010.05.11 06:28:41.230,6.1878,6.19045,1.00,1.60
2010.05.11 06:28:42.082,6.1878,6.1907,1.00,1.60
2010.05.11 06:28:43.880,6.188,6.1907,1.00,1.60
2010.05.11 06:28:44.212,6.18785,6.1901,1.60,2.40
2010.05.11 06:28:44.350,6.1859,6.1901,1.00,2.40
2010.05.11 06:28:44.490,6.1852,6.1901,1.00,2.40
2010.05.11 06:28:44.771,6.18515,6.1901,1.00,2.40
2010.05.11 06:28:46.401,6.1862,6.1901,1.00,2.40
2010.05.11 06:28:47.265,6.1861,6.1901,1.00,2.40
2010.05.11 06:28:51.130,6.1859,6.1901,1.00,2.40
2010.05.11 06:28:51.516,6.1859,6.19,1.00,1.00
2010.05.11 06:28:51.934,6.1862,6.1902,2.60,1.60
2010.05.11 06:28:54.704,6.1863,6.1902,1.00,1.60
2010.05.11 06:28:55.549,6.1864,6.1902,1.00,1.60
2010.05.11 06:28:58.691,6.1869,6.1902,1.00,1.60
2010.05.11 06:28:59.329,6.1869,6.1905,1.00,2.40
2010.05.11 06:29:02.129,6.18695,6.1905,1.60,2.40
2010.05.11 06:29:02.430,6.1874,6.1905,1.00,2.40
2010.05.11 06:29:02.630,6.18745,6.1905,1.60,2.40
2010.05.11 06:29:03.241,6.1871,6.19105,2.50,1.40
2010.05.11 06:29:03.451,6.18745,6.19105,1.60,1.40
2010.05.11 06:29:03.797,6.18745,6.1912,1.60,1.60
2010.05.11 06:29:05.080,6.18745,6.1911,1.60,1.00
2010.05.11 06:29:05.349,6.18745,6.1912,1.60,1.60
2010.05.11 06:29:06.523,6.1874,6.1912,1.00,1.60
2010.05.11 06:29:06.758,6.1871,6.1911,2.50,1.00
2010.05.11 06:29:07.764,6.18745,6.1912,1.60,1.60
2010.05.11 06:29:08.091,6.18745,6.1911,1.60,1.00
2010.05.11 06:29:08.424,6.18745,6.1912,1.60,1.60
2010.05.11 06:29:08.771,6.18795,6.1912,1.60,1.60
2010.05.11 06:29:09.556,6.18795,6.1914,1.60,2.40
2010.05.11 06:29:15.444,6.18745,6.1914,1.00,2.40
2010.05.11 06:29:15.601,6.1874,6.1914,1.00,2.40
2010.05.11 06:29:15.752,6.18735,6.1914,1.00,2.50
2010.05.11 06:29:16.053,6.18735,6.191,1.00,2.40
2010.05.11 06:29:16.200,6.1871,6.191,1.00,2.40
2010.05.11 06:29:16.788,6.1873,6.191,1.00,2.40
2010.05.11 06:29:17.371,6.1871,6.191,1.00,2.40
2010.05.11 06:29:17.664,6.1869,6.191,1.00,2.40
2010.05.11 06:29:19.253,6.1869,6.191,1.00,2.50
2010.05.11 06:29:21.100,6.18715,6.1912,1.00,1.60
2010.05.11 06:29:22.490,6.18735,6.1914,1.00,2.40
2010.05.11 06:29:22.991,6.1876,6.1914,1.00,2.40
2010.05.11 06:29:24.445,6.1877,6.1914,1.00,2.40
2010.05.11 06:29:25.601,6.1875,6.1912,1.00,1.60
2010.05.11 06:29:28.161,6.1877,6.1914,1.00,2.40
2010.05.11 06:29:30.922,6.1882,6.1914,1.00,2.40
2010.05.11 06:29:31.741,6.1879,6.1915,2.40,1.00
2010.05.11 06:29:33.319,6.188,6.1917,1.00,1.60
2010.05.11 06:29:34.960,6.1879,6.1915,2.40,1.00
2010.05.11 06:29:35.062,6.188,6.1917,1.00,1.60
2010.05.11 06:29:35.299,6.18795,6.1915,1.60,1.00
2010.05.11 06:29:35.813,6.1879,6.1915,2.40,1.00
2010.05.11 06:29:35.934,6.188,6.1917,1.00,1.60
2010.05.11 06:29:36.379,6.1882,6.1917,1.00,1.60
2010.05.11 06:29:36.721,6.1884,6.1917,1.60,1.60
2010.05.11 06:29:37.450,6.1885,6.19205,1.00,1.40
2010.05.11 06:29:37.686,6.1893,6.19285,1.00,1.40
2010.05.11 06:29:37.926,6.1893,6.1929,1.00,2.40
2010.05.11 06:29:38.637,6.19,6.19365,1.00,1.60
2010.05.11 06:29:38.990,6.1897,6.1935,1.00,1.00
2010.05.11 06:29:39.739,6.19,6.19365,1.00,3.00
2010.05.11 06:29:40.007,6.1899,6.1931,1.60,1.00
2010.05.11 06:29:40.276,6.1899,6.1936,1.60,1.00
2010.05.11 06:29:40.714,6.19,6.19365,1.00,3.00
2010.05.11 06:29:41.054,6.1896,6.19315,1.00,1.60
2010.05.11 06:29:41.408,6.1897,6.19315,1.00,1.60
2010.05.11 06:29:41.752,6.1897,6.1935,1.00,1.50
2010.05.11 06:29:42.529,6.1895,6.19315,1.00,1.60
2010.05.11 06:29:42.878,6.1897,6.1935,1.00,1.00
2010.05.11 06:29:43.576,6.1899,6.1928,1.60,1.00
2010.05.11 06:29:43.834,6.1891,6.19265,1.00,1.60
2010.05.11 06:29:45.179,6.1891,6.1926,1.00,1.00
2010.05.11 06:29:45.386,6.18905,6.19265,1.00,1.60
2010.05.11 06:29:45.581,6.18905,6.1926,1.00,1.00
2010.05.11 06:29:45.781,6.18905,6.19265,1.00,1.60
2010.05.11 06:29:45.980,6.18905,6.1926,1.00,1.00
2010.05.11 06:29:46.785,6.18905,6.19265,1.00,1.60
2010.05.11 06:29:47.585,6.1893,6.1926,1.60,1.00
2010.05.11 06:29:48.275,6.1893,6.19265,1.60,1.60
2010.05.11 06:29:48.621,6.1893,6.19265,1.70,1.60
2010.05.11 06:29:48.962,6.1893,6.19215,1.70,1.60
2010.05.11 06:29:49.642,6.1893,6.19265,1.00,1.60
2010.05.11 06:29:49.907,6.189,6.19215,1.00,1.60
2010.05.11 06:29:51.111,6.189,6.1924,1.00,1.00
2010.05.11 06:29:51.461,6.1894,6.19265,1.00,1.60
2010.05.11 06:29:53.288,6.1899,6.19265,1.00,1.60
2010.05.11 06:29:53.562,6.1899,6.19315,1.00,1.60
2010.05.11 06:29:55.930,6.1894,6.19265,1.00,1.60
2010.05.11 06:29:59.170,6.1893,6.1926,1.60,1.00
2010.05.11 06:29:59.398,6.1894,6.19265,1.00,1.60
2010.05.11 06:29:59.611,6.1893,6.1926,1.60,1.00
2010.05.11 06:29:59.831,6.1894,6.19265,1.00,1.60
2010.05.11 06:30:01.051,6.1897,6.193,1.00,2.40
2010.05.11 06:30:02.007,6.1899,6.193,1.00,2.40
2010.05.11 06:30:02.306,6.1899,6.1933,1.00,1.00
2010.05.11 06:30:04.573,6.1897,6.1931,1.00,1.00
2010.05.11 06:30:05.191,6.1894,6.1928,1.00,1.00
2010.05.11 06:30:06.987,6.1899,6.1933,1.00,1.00
2010.05.11 06:30:07.532,6.1896,6.193,1.00,1.00
2010.05.11 06:30:08.986,6.1899,6.1933,1.00,1.00
2010.05.11 06:30:10.768,6.1896,6.193,1.00,1.00
2010.05.11 06:30:11.332,6.1894,6.1928,1.00,1.00
2010.05.11 06:30:11.473,6.1899,6.19315,1.00,1.60
2010.05.11 06:30:12.151,6.1899,6.1933,1.00,1.00
2010.05.11 06:30:12.500,6.1894,6.1928,1.00,1.00
2010.05.11 06:30:14.643,6.1892,6.1926,1.00,1.00
2010.05.11 06:30:14.816,6.1889,6.1923,1.00,1.00
2010.05.11 06:30:15.691,6.1887,6.1921,1.00,1.00
2010.05.11 06:30:16.034,6.1889,6.1923,1.00,1.00
2010.05.11 06:30:17.283,6.1887,6.1921,1.00,1.00
2010.05.11 06:30:18.440,6.1884,6.1918,1.00,1.00
2010.05.11 06:30:24.192,6.1889,6.1923,1.00,1.00
2010.05.11 06:30:24.408,6.1884,6.1918,1.00,1.00
2010.05.11 06:30:26.172,6.1882,6.1916,1.00,1.00
2010.05.11 06:30:26.488,6.1877,6.1911,1.00,1.00
2010.05.11 06:30:27.574,6.1878,6.1914,1.00,1.00
2010.05.11 06:30:27.925,6.1882,6.1916,1.00,1.00
2010.05.11 06:30:29.340,6.1889,6.1919,1.00,1.40
2010.05.11 06:30:29.630,6.1889,6.19225,1.00,1.40
2010.05.11 06:30:30.229,6.1889,6.1923,1.00,1.00
2010.05.11 06:30:30.565,6.1887,6.1921,1.00,1.00
2010.05.11 06:30:31.590,6.1886,6.192,1.00,1.00
2010.05.11 06:30:31.933,6.1889,6.1923,1.00,1.00
2010.05.11 06:30:33.614,6.1881,6.1915,1.00,1.00
2010.05.11 06:30:34.392,6.1884,6.1918,1.00,1.00
2010.05.11 06:30:34.711,6.1886,6.192,1.00,1.00
2010.05.11 06:30:35.454,6.1886,6.192,1.00,1.00
2010.05.11 06:30:35.811,6.1884,6.1918,2.50,1.00
2010.05.11 06:30:37.528,6.1881,6.1915,1.00,1.00
2010.05.11 06:30:37.757,6.1879,6.1913,1.00,1.00
2010.05.11 06:30:38.959,6.1881,6.1915,1.00,1.00
2010.05.11 06:30:39.289,6.1879,6.1913,1.00,1.00
2010.05.11 06:30:41.924,6.1875,6.1908,2.40,1.00
2010.05.11 06:30:42.267,6.1874,6.1908,1.00,1.00
2010.05.11 06:30:43.644,6.1872,6.1906,1.00,1.00
2010.05.11 06:30:43.984,6.1865,6.1899,1.00,1.00
2010.05.11 06:30:44.480,6.1864,6.18995,1.00,1.00
2010.05.11 06:30:44.827,6.1865,6.1899,1.00,1.00
2010.05.11 06:30:45.174,6.1867,6.1901,1.00,1.00
2010.05.11 06:30:47.517,6.1869,6.1902,1.00,2.40
2010.05.11 06:30:49.095,6.1869,6.1903,1.00,1.00
2010.05.11 06:30:49.329,6.1872,6.1906,1.00,1.00
2010.05.11 06:30:49.782,6.1874,6.1908,1.00,1.00
2010.05.11 06:30:50.122,6.1874,6.191,1.00,2.40
2010.05.11 06:30:50.801,6.1871,6.191,1.00,2.40
2010.05.11 06:30:51.411,6.1876,6.1912,2.40,1.40
2010.05.11 06:30:53.316,6.1876,6.19155,2.40,1.40
2010.05.11 06:30:58.998,6.1876,6.1911,2.40,1.40
2010.05.11 06:30:59.347,6.1876,6.1909,2.40,1.40
2010.05.11 06:31:00.268,6.1876,6.19105,2.40,1.40
2010.05.11 06:31:01.228,6.1876,6.19125,2.40,1.40
2010.05.11 06:31:01.863,6.1876,6.19105,2.40,1.40
2010.05.11 06:31:02.618,6.18765,6.19145,1.60,1.60
2010.05.11 06:31:02.969,6.1881,6.19235,2.40,1.40
2010.05.11 06:31:03.317,6.1881,6.19215,2.40,1.40
2010.05.11 06:31:03.755,6.1881,6.19235,2.40,1.40
2010.05.11 06:31:04.030,6.1881,6.1924,2.40,1.00
2010.05.11 06:31:04.307,6.1881,6.19215,2.40,1.40
2010.05.11 06:31:05.009,6.1881,6.19195,2.40,1.40
2010.05.11 06:31:05.353,6.1874,6.1912,2.40,1.40
2010.05.11 06:31:08.304,6.1874,6.1912,2.50,1.40
2010.05.11 06:31:09.087,6.1874,6.19125,2.40,1.40
2010.05.11 06:31:09.440,6.1869,6.191,1.00,2.40
2010.05.11 06:31:10.835,6.1867,6.1908,2.40,1.40
2010.05.11 06:31:10.987,6.1867,6.1908,2.40,1.50
2010.05.11 06:31:11.133,6.1867,6.1908,2.40,1.40
2010.05.11 06:31:11.715,6.1864,6.1905,1.00,2.40
2010.05.11 06:31:11.870,6.1869,6.1905,1.00,2.40
2010.05.11 06:31:12.220,6.1869,6.19095,2.40,1.40
2010.05.11 06:31:12.996,6.1869,6.1905,2.40,1.40
2010.05.11 06:31:13.337,6.1866,6.1905,1.00,2.40
2010.05.11 06:31:13.675,6.1869,6.19095,2.40,1.40
2010.05.11 06:31:15.112,6.1869,6.19095,2.50,1.40
2010.05.11 06:31:15.337,6.1869,6.19115,2.50,1.40
2010.05.11 06:31:16.003,6.1869,6.1903,2.40,1.40
2010.05.11 06:31:16.232,6.1857,6.18985,2.50,1.40
2010.05.11 06:31:16.862,6.1857,6.1895,2.40,1.40
2010.05.11 06:31:17.211,6.18495,6.1892,1.00,2.40
2010.05.11 06:31:17.557,6.185,6.1892,2.40,2.40
2010.05.11 06:31:19.826,6.185,6.1888,2.40,1.00
2010.05.11 06:31:20.180,6.1844,6.1886,1.00,2.40
2010.05.11 06:31:22.865,6.1846,6.1886,1.00,2.40
2010.05.11 06:31:23.147,6.1844,6.1886,1.00,2.40
2010.05.11 06:31:24.193,6.1846,6.1886,1.00,2.40
2010.05.11 06:31:24.534,6.1849,6.1886,1.00,2.40
2010.05.11 06:31:26.672,6.18475,6.1886,1.00,2.40
2010.05.11 06:31:27.317,6.1847,6.1886,1.00,2.40
2010.05.11 06:31:28.897,6.1849,6.1886,1.00,2.40
2010.05.11 06:31:29.252,6.18475,6.1886,1.00,2.40
2010.05.11 06:31:30.319,6.1857,6.1895,1.00,1.00
2010.05.11 06:31:30.543,6.18565,6.1895,1.00,1.00
2010.05.11 06:31:30.984,6.1857,6.1895,1.00,1.00
2010.05.11 06:31:31.708,6.1867,6.18995,1.00,1.40
2010.05.11 06:31:31.998,6.1866,6.1899,1.00,1.00
2010.05.11 06:31:33.356,6.1866,6.1897,1.00,1.00
2010.05.11 06:31:34.496,6.1867,6.1897,1.00,1.00
2010.05.11 06:31:35.132,6.1872,6.1902,1.00,1.00
2010.05.11 06:31:35.739,6.1872,6.19015,1.00,1.00
2010.05.11 06:31:36.036,6.1865,6.1895,1.00,1.00
2010.05.11 06:31:36.755,6.1867,6.1897,1.00,1.00
2010.05.11 06:31:38.489,6.1865,6.1895,1.00,1.00
2010.05.11 06:31:38.839,6.1867,6.1897,1.00,1.00
2010.05.11 06:31:48.312,6.1875,6.1901,1.00,2.40
2010.05.11 06:31:48.472,6.1873,6.1905,1.00,1.00
2010.05.11 06:31:49.253,6.18695,6.19,1.60,1.00
2010.05.11 06:31:49.597,6.1872,6.1902,1.00,1.00
2010.05.11 06:31:50.376,6.1866,6.18975,1.00,1.60
2010.05.11 06:31:51.954,6.1866,6.1896,1.00,1.00
2010.05.11 06:31:52.255,6.1866,6.1895,1.00,1.00
2010.05.11 06:31:52.830,6.1868,6.1897,1.00,1.00
2010.05.11 06:31:53.943,6.18615,6.1894,1.60,1.00
2010.05.11 06:31:55.173,6.18615,6.18935,1.60,1.00
2010.05.11 06:31:55.675,6.18615,6.1896,2.40,2.40
2010.05.11 06:31:55.927,6.18645,6.1895,1.60,1.00
2010.05.11 06:31:57.921,6.1868,6.1897,1.00,1.00
2010.05.11 06:31:58.263,6.1871,6.19,1.00,1.00
2010.05.11 06:32:00.945,6.1873,6.1902,1.00,1.00
2010.05.11 06:32:01.106,6.1876,6.1905,1.00,1.00
2010.05.11 06:32:01.257,6.1873,6.1902,1.00,1.00
2010.05.11 06:32:01.929,6.1876,6.1905,1.00,1.00
2010.05.11 06:32:02.176,6.1873,6.1902,1.00,1.00
2010.05.11 06:32:03.621,6.1876,6.1905,1.00,1.00
2010.05.11 06:32:06.095,6.18815,6.191,1.60,1.00
2010.05.11 06:32:06.247,6.1883,6.1912,1.00,1.00
2010.05.11 06:32:06.394,6.1881,6.191,1.00,1.00
2010.05.11 06:32:07.094,6.1883,6.1912,1.00,1.70
2010.05.11 06:32:07.402,6.1881,6.191,1.00,1.00
2010.05.11 06:32:08.330,6.1883,6.1912,1.00,1.70
2010.05.11 06:32:09.017,6.1881,6.191,1.00,1.00
2010.05.11 06:32:12.093,6.1881,6.1912,1.00,1.70
2010.05.11 06:32:12.259,6.1884,6.1915,1.00,1.00
2010.05.11 06:32:12.426,6.1881,6.1912,1.00,1.00
2010.05.11 06:32:12.585,6.1884,6.1915,1.00,1.00
2010.05.11 06:32:13.691,6.1885,6.1915,1.00,1.00
2010.05.11 06:32:17.507,6.1886,6.1916,1.00,1.00
2010.05.11 06:32:19.749,6.1891,6.1921,1.00,1.00
2010.05.11 06:32:19.947,6.1889,6.1919,1.00,1.00
2010.05.11 06:32:20.395,6.1886,6.1916,1.00,1.00
2010.05.11 06:32:24.360,6.1884,6.1914,1.00,1.00
2010.05.11 06:32:24.690,6.1882,6.1912,1.00,1.00
2010.05.11 06:32:25.333,6.1877,6.1907,1.00,1.00
2010.05.11 06:32:27.993,6.1874,6.1904,1.00,1.00
2010.05.11 06:32:29.068,6.1877,6.1907,1.00,1.00
2010.05.11 06:32:34.243,6.1875,6.1905,1.00,1.00
2010.05.11 06:32:37.426,6.1873,6.1905,1.00,1.00
2010.05.11 06:32:38.622,6.1873,6.1903,1.00,1.00
2010.05.11 06:32:39.386,6.1871,6.1901,1.00,1.00
2010.05.11 06:32:39.605,6.1871,6.19,1.00,1.00
2010.05.11 06:32:41.071,6.1871,6.1902,1.00,1.00
2010.05.11 06:32:42.444,6.1867,6.1897,1.00,1.00
2010.05.11 06:32:43.019,6.1872,6.19015,1.00,1.60
2010.05.11 06:32:43.179,6.1867,6.1897,1.00,1.00
2010.05.11 06:32:51.637,6.1863,6.1893,1.00,1.00
2010.05.11 06:32:52.323,6.1865,6.1895,1.00,1.00
2010.05.11 06:32:53.379,6.1863,6.1893,1.00,1.00
2010.05.11 06:32:54.959,6.186,6.189,1.00,1.00
2010.05.11 06:32:56.176,6.1863,6.1893,1.00,1.00
2010.05.11 06:32:57.546,6.1865,6.1895,1.00,1.00
2010.05.11 06:32:57.797,6.1863,6.1893,1.00,1.00
2010.05.11 06:33:02.450,6.1863,6.1892,1.00,1.60
2010.05.11 06:33:03.087,6.1863,6.1893,1.00,1.00
2010.05.11 06:33:03.666,6.1858,6.1888,1.00,1.00
2010.05.11 06:33:04.595,6.186,6.189,1.00,1.00
2010.05.11 06:33:06.107,6.1858,6.1888,1.00,1.00
2010.05.11 06:33:08.610,6.1863,6.1892,1.00,2.40
2010.05.11 06:33:08.922,6.1863,6.1893,1.00,1.00
2010.05.11 06:33:09.232,6.186,6.189,1.00,1.00
2010.05.11 06:33:09.889,6.1858,6.1888,1.00,1.00
2010.05.11 06:33:10.125,6.186,6.189,1.00,1.00
2010.05.11 06:33:13.831,6.1863,6.1892,1.00,2.40
2010.05.11 06:33:14.584,6.1863,6.1893,1.00,1.00
2010.05.11 06:33:19.504,6.1865,6.1895,1.00,1.00
2010.05.11 06:33:20.041,6.1867,6.1897,1.00,1.00
2010.05.11 06:33:23.594,6.1865,6.1895,1.00,1.00
2010.05.11 06:33:23.904,6.1875,6.1901,1.00,1.40
2010.05.11 06:33:24.637,6.187,6.1902,1.00,1.00
2010.05.11 06:33:26.912,6.187,6.19,1.00,1.00
2010.05.11 06:33:28.166,6.1872,6.1902,1.00,1.00
2010.05.11 06:33:29.179,6.1867,6.1897,1.00,1.00
2010.05.11 06:33:31.649,6.1863,6.1893,1.00,1.00
2010.05.11 06:33:33.719,6.1867,6.1897,1.00,1.00
2010.05.11 06:33:36.553,6.1867,6.1897,1.00,1.00
2010.05.11 06:33:36.756,6.1867,6.1897,1.00,1.70
2010.05.11 06:33:36.994,6.1867,6.1897,1.00,1.00
2010.05.11 06:33:38.580,6.1872,6.1902,1.00,1.00
2010.05.11 06:33:40.056,6.18745,6.1908,1.60,1.00
2010.05.11 06:33:40.345,6.1873,6.1905,1.60,1.00
2010.05.11 06:33:41.324,6.18735,6.1905,1.00,1.00
2010.05.11 06:33:41.513,6.1876,6.191,1.00,1.00
2010.05.11 06:33:42.935,6.1881,6.1912,1.00,1.00
2010.05.11 06:33:44.039,6.188,6.191,1.00,1.00
2010.05.11 06:33:44.382,6.1885,6.1915,1.00,1.00
2010.05.11 06:33:45.411,6.1887,6.1917,1.00,1.00
2010.05.11 06:33:45.674,6.1885,6.1915,1.00,1.00
2010.05.11 06:33:45.932,6.1887,6.1917,1.00,1.00
2010.05.11 06:33:46.196,6.1885,6.1915,1.00,1.00
2010.05.11 06:33:46.876,6.1887,6.1917,1.00,1.00
2010.05.11 06:33:47.191,6.1885,6.1915,1.00,1.00
2010.05.11 06:33:48.054,6.18795,6.1915,1.60,1.00
2010.05.11 06:33:48.833,6.1877,6.1915,1.00,1.00
2010.05.11 06:33:49.233,6.1879,6.1917,1.00,1.00
2010.05.11 06:33:51.835,6.1877,6.1915,1.00,1.00
2010.05.11 06:33:52.875,6.1876,6.1912,2.40,1.00
2010.05.11 06:33:53.223,6.1874,6.1912,1.00,1.00
2010.05.11 06:33:54.084,6.1872,6.191,1.00,1.00
2010.05.11 06:33:55.119,6.1874,6.1912,1.00,1.00
2010.05.11 06:33:55.875,6.1872,6.191,1.00,1.00
2010.05.11 06:33:57.171,6.187,6.1907,2.40,1.00
2010.05.11 06:33:57.432,6.1872,6.191,1.00,1.00
2010.05.11 06:33:58.178,6.18655,6.1902,1.00,1.00
2010.05.11 06:33:58.526,6.1863,6.1902,2.40,1.00
2010.05.11 06:33:59.649,6.1862,6.1901,1.00,2.40
2010.05.11 06:33:59.990,6.1868,6.1903,2.40,1.40
2010.05.11 06:34:00.442,6.1868,6.19045,2.40,1.40
2010.05.11 06:34:02.177,6.187,6.19045,1.00,1.40
2010.05.11 06:34:02.436,6.187,6.19095,1.00,1.40
2010.05.11 06:34:04.877,6.1868,6.19095,2.40,1.40
2010.05.11 06:34:06.918,6.187,6.19095,1.00,1.40
2010.05.11 06:34:07.000,6.187,6.1908,1.00,1.40
2010.05.11 06:34:07.083,6.187,6.19095,1.00,1.40
2010.05.11 06:34:11.431,6.187,6.19105,1.00,1.40
2010.05.11 06:34:11.856,6.187,6.1909,1.00,1.40
2010.05.11 06:34:12.734,6.1873,6.19105,1.00,1.40
2010.05.11 06:34:13.886,6.1871,6.19105,1.00,1.40
2010.05.11 06:34:14.238,6.1874,6.1907,1.00,1.40
2010.05.11 06:34:14.584,6.1871,6.19105,1.00,1.40
2010.05.11 06:34:15.277,6.1871,6.1909,1.00,1.40
2010.05.11 06:34:15.917,6.1871,6.19085,1.00,1.40
2010.05.11 06:34:17.069,6.1871,6.19105,1.00,1.40
2010.05.11 06:34:17.307,6.1876,6.19075,1.00,1.40
2010.05.11 06:34:17.544,6.1869,6.19075,1.00,1.40
2010.05.11 06:34:18.216,6.1876,6.19135,1.00,1.40
2010.05.11 06:34:18.903,6.1879,6.19135,1.00,1.40
2010.05.11 06:34:19.688,6.1882,6.19155,2.40,1.40
2010.05.11 06:34:20.955,6.1882,6.1917,2.40,1.40
2010.05.11 06:34:22.593,6.1883,6.1917,1.00,1.40
2010.05.11 06:34:22.816,6.1883,6.192,1.00,1.40
2010.05.11 06:34:23.494,6.1882,6.19185,2.40,1.40
2010.05.11 06:34:23.713,6.1882,6.19165,2.40,1.40
2010.05.11 06:34:24.054,6.1882,6.1912,2.40,1.40
2010.05.11 06:34:25.064,6.1874,6.1909,2.40,1.40
2010.05.11 06:34:25.778,6.1874,6.1909,2.50,1.40
2010.05.11 06:34:26.038,6.1874,6.19105,2.50,1.40
2010.05.11 06:34:28.703,6.1882,6.19155,2.40,1.40
2010.05.11 06:34:29.378,6.1882,6.1914,2.40,1.40
2010.05.11 06:34:29.594,6.1882,6.19135,2.40,1.40
2010.05.11 06:34:32.407,6.1882,6.19155,2.40,1.40
2010.05.11 06:34:34.045,6.1882,6.19185,2.40,1.40
2010.05.11 06:34:35.827,6.1883,6.19205,1.00,1.40
2010.05.11 06:34:39.362,6.1883,6.19165,1.00,1.40
2010.05.11 06:34:39.564,6.1883,6.19175,1.00,1.40
2010.05.11 06:34:39.775,6.1883,6.19205,1.00,1.40
2010.05.11 06:34:41.584,6.1882,6.19185,2.40,1.40
2010.05.11 06:34:42.246,6.1882,6.19165,2.40,1.40
2010.05.11 06:34:42.439,6.1882,6.19185,2.40,1.40
2010.05.11 06:34:45.717,6.1883,6.19185,1.00,1.40
2010.05.11 06:34:46.070,6.1883,6.19205,1.00,1.40
2010.05.11 06:34:49.608,6.1882,6.1917,2.40,1.40
2010.05.11 06:34:56.402,6.18825,6.1917,1.60,1.40
2010.05.11 06:34:56.657,6.1909,6.198,8.00,1.40
2010.05.11 06:34:57.706,6.1936,6.1972,1.00,1.60
2010.05.11 06:34:58.478,6.1934,6.1977,2.40,1.00
2010.05.11 06:34:58.793,6.1938,6.1974,2.40,1.00
2010.05.11 06:34:59.874,6.194,6.1974,1.00,1.00
2010.05.11 06:35:00.212,6.1938,6.1975,2.40,1.00
2010.05.11 06:35:00.551,6.193,6.1975,1.00,2.50
2010.05.11 06:35:01.682,6.193,6.1973,1.00,1.00
2010.05.11 06:35:01.853,6.193,6.19485,1.00,1.00
2010.05.11 06:35:02.012,6.1928,6.19485,2.40,1.00
2010.05.11 06:35:02.172,6.19005,6.19485,1.00,1.00
2010.05.11 06:35:02.331,6.1899,6.1948,2.40,1.00
2010.05.11 06:35:02.921,6.1875,6.1935,2.50,2.40
2010.05.11 06:35:08.212,6.1879,6.1933,2.40,2.40
2010.05.11 06:35:10.246,6.1885,6.1933,1.00,2.40
2010.05.11 06:35:10.596,6.1887,6.1933,1.00,2.40
2010.05.11 06:35:11.494,6.1891,6.1937,2.40,1.00
2010.05.11 06:35:13.410,6.1894,6.1935,1.00,1.00
2010.05.11 06:35:19.362,6.1892,6.1933,1.60,1.00
2010.05.11 06:35:19.613,6.1891,6.193,2.40,1.00
2010.05.11 06:35:19.864,6.18895,6.193,1.00,1.00
2010.05.11 06:35:20.529,6.1891,6.1933,1.00,1.00
2010.05.11 06:35:24.039,6.18895,6.1933,1.00,1.50
2010.05.11 06:35:24.388,6.18895,6.193,1.00,1.00
2010.05.11 06:35:28.032,6.1885,6.19285,1.00,1.40
2010.05.11 06:35:28.443,6.1885,6.1927,1.00,1.00
2010.05.11 06:35:29.610,6.18925,6.1927,1.00,1.00
2010.05.11 06:35:29.957,6.18925,6.1928,2.40,1.00
2010.05.11 06:35:31.686,6.1895,6.1928,1.00,1.00
2010.05.11 06:35:32.481,6.1892,6.1923,1.00,1.00
2010.05.11 06:35:33.732,6.1893,6.1923,1.00,1.00
2010.05.11 06:35:34.440,6.1895,6.1925,1.00,1.00
2010.05.11 06:35:34.709,6.1893,6.1923,1.00,1.00
2010.05.11 06:35:47.142,6.189,6.192,1.00,1.00
2010.05.11 06:35:47.323,6.1888,6.1918,1.00,1.00
2010.05.11 06:35:48.162,6.189,6.192,1.00,1.00
2010.05.11 06:35:48.846,6.1892,6.1922,1.00,1.00
2010.05.11 06:35:51.341,6.1893,6.1923,1.00,1.00
2010.05.11 06:35:51.562,6.1892,6.1922,1.00,1.00
2010.05.11 06:35:51.672,6.189,6.192,1.00,1.00
2010.05.11 06:35:53.884,6.1888,6.1918,1.00,1.00
2010.05.11 06:35:56.227,6.189,6.192,1.00,1.00
2010.05.11 06:35:57.776,6.1893,6.1923,1.00,1.00
2010.05.11 06:36:03.481,6.1898,6.1928,1.00,1.00
2010.05.11 06:36:04.503,6.1896,6.1928,1.00,1.00
2010.05.11 06:36:05.162,6.1896,6.1928,1.00,1.70
2010.05.11 06:36:05.365,6.1894,6.1924,1.00,1.00
2010.05.11 06:36:06.865,6.1894,6.1923,1.00,1.00
2010.05.11 06:36:10.082,6.1891,6.192,1.00,1.00
2010.05.11 06:36:16.260,6.1889,6.19195,1.00,1.60
2010.05.11 06:36:17.756,6.1889,6.1918,1.00,1.00
2010.05.11 06:36:20.527,6.1887,6.1916,1.00,1.00
2010.05.11 06:36:20.868,6.1884,6.1913,1.00,1.00
2010.05.11 06:36:29.102,6.1882,6.1911,1.00,1.00
2010.05.11 06:36:30.028,6.1879,6.1908,1.00,1.00
2010.05.11 06:36:48.586,6.1875,6.1904,1.00,1.00
2010.05.11 06:36:48.872,6.1872,6.1901,1.00,1.00
2010.05.11 06:36:51.295,6.187,6.1899,1.00,1.00
2010.05.11 06:36:55.610,6.1872,6.1901,1.00,1.00
2010.05.11 06:36:55.770,6.187,6.1899,1.00,1.00
2010.05.11 06:36:56.005,6.1872,6.1901,1.00,1.00
2010.05.11 06:36:56.606,6.1875,6.1904,1.00,1.00
2010.05.11 06:36:58.041,6.1872,6.1901,1.00,1.00
2010.05.11 06:36:59.266,6.187,6.1899,1.00,1.00
2010.05.11 06:37:05.765,6.187,6.1901,1.00,1.00
2010.05.11 06:37:06.263,6.1872,6.1903,1.00,1.00
2010.05.11 06:37:06.467,6.187,6.1901,1.00,1.00
2010.05.11 06:37:07.118,6.1877,6.1906,1.00,1.00
2010.05.11 06:37:08.377,6.1877,6.1906,1.00,1.00
2010.05.11 06:37:08.733,6.1874,6.1903,1.00,1.00
2010.05.11 06:37:10.502,6.1872,6.1901,1.00,1.00
2010.05.11 06:37:11.771,6.1871,6.19,1.00,1.00
2010.05.11 06:37:14.163,6.1873,6.1902,1.00,1.00
2010.05.11 06:37:15.263,6.1871,6.19,1.00,1.00
2010.05.11 06:37:16.303,6.1873,6.1902,1.00,1.00
2010.05.11 06:37:16.888,6.1871,6.19,1.00,1.00
2010.05.11 06:37:17.677,6.1873,6.1902,1.00,1.00
2010.05.11 06:37:20.252,6.1876,6.1905,1.00,1.00
2010.05.11 06:37:21.162,6.1871,6.19,1.00,1.00
2010.05.11 06:37:21.583,6.1873,6.1902,1.00,1.00
2010.05.11 06:37:22.614,6.1871,6.19,1.00,1.00
2010.05.11 06:37:28.982,6.1876,6.19035,1.00,1.00
2010.05.11 06:37:30.019,6.1876,6.1905,1.00,1.00
2010.05.11 06:37:30.235,6.1873,6.1902,1.00,1.00
2010.05.11 06:37:30.870,6.1871,6.19,1.00,1.00
2010.05.11 06:37:31.102,6.1873,6.1902,1.00,1.00
2010.05.11 06:37:31.781,6.1876,6.1905,1.00,1.00
2010.05.11 06:37:33.122,6.1873,6.1902,1.00,1.00
2010.05.11 06:37:33.972,6.1878,6.1907,1.00,1.00
2010.05.11 06:37:34.318,6.188,6.1909,1.00,1.00
2010.05.11 06:37:36.626,6.1883,6.1912,1.00,1.00
2010.05.11 06:37:36.980,6.1885,6.1914,1.00,1.00
2010.05.11 06:37:38.443,6.1883,6.1912,1.00,1.00
2010.05.11 06:37:41.135,6.188,6.1909,1.00,1.00
2010.05.11 06:37:43.855,6.1883,6.1912,1.00,1.00
2010.05.11 06:37:44.207,6.1885,6.1914,1.00,1.00
2010.05.11 06:37:46.482,6.1887,6.1916,1.00,1.00
2010.05.11 06:37:47.208,6.1885,6.1914,1.00,1.00
2010.05.11 06:37:47.386,6.189,6.1919,1.00,1.00
2010.05.11 06:37:51.482,6.1895,6.1924,1.00,1.00
2010.05.11 06:37:51.827,6.1897,6.1926,1.00,1.00
2010.05.11 06:37:52.283,6.18975,6.1926,1.60,1.00
2010.05.11 06:37:52.636,6.19,6.1929,1.00,1.00
2010.05.11 06:37:53.958,6.1902,6.1931,1.00,1.00
2010.05.11 06:37:54.309,6.19,6.1929,1.00,1.00
2010.05.11 06:37:57.326,6.1904,6.1933,1.00,1.00
2010.05.11 06:37:58.851,6.19025,6.1929,1.60,1.00
2010.05.11 06:37:59.178,6.19,6.1929,1.00,1.00
2010.05.11 06:38:03.065,6.1902,6.1931,1.00,1.00
2010.05.11 06:38:04.183,6.19,6.1929,1.00,1.00
2010.05.11 06:38:04.528,6.1902,6.1931,1.00,1.00
2010.05.11 06:38:05.258,6.1904,6.1933,1.00,1.00
2010.05.11 06:38:05.847,6.1909,6.1938,1.00,1.70
2010.05.11 06:38:06.085,6.1909,6.1938,1.00,1.00
2010.05.11 06:38:06.759,6.1912,6.1941,1.00,1.00
2010.05.11 06:38:07.058,6.1909,6.1938,1.00,1.00
2010.05.11 06:38:08.091,6.191,6.1939,1.00,1.00
2010.05.11 06:38:08.992,6.1914,6.1943,1.00,1.00
2010.05.11 06:38:09.684,6.1912,6.1941,1.00,1.00
2010.05.11 06:38:10.281,6.1909,6.1938,1.00,1.00
2010.05.11 06:38:10.577,6.1907,6.1936,1.70,1.00
2010.05.11 06:38:11.179,6.1907,6.1936,1.00,1.00
2010.05.11 06:38:14.763,6.191,6.1941,1.00,1.00
2010.05.11 06:38:15.671,6.1911,6.1941,1.00,1.00
2010.05.11 06:38:16.460,6.1911,6.1945,1.00,1.00
2010.05.11 06:38:17.104,6.191,6.195,1.00,1.40
2010.05.11 06:38:17.312,6.19105,6.1954,1.00,1.40
2010.05.11 06:38:17.922,6.191,6.1952,1.00,1.40
2010.05.11 06:38:18.128,6.19085,6.1952,1.00,1.40
2010.05.11 06:38:18.323,6.19085,6.1943,1.00,1.00
2010.05.11 06:38:18.524,6.1907,6.1943,1.00,1.00
2010.05.11 06:38:19.697,6.1904,6.1937,1.00,1.00
2010.05.11 06:38:20.252,6.1904,6.1944,1.00,1.40
2010.05.11 06:38:20.462,6.19065,6.195,1.00,1.40
2010.05.11 06:38:20.672,6.19065,6.19425,1.00,1.00
2010.05.11 06:38:20.881,6.1906,6.19425,1.00,1.00
2010.05.11 06:38:21.476,6.1906,6.194,1.00,1.00
2010.05.11 06:38:21.702,6.1901,6.1938,1.00,1.00
2010.05.11 06:38:22.874,6.1903,6.1936,1.00,1.00
2010.05.11 06:38:23.761,6.1903,6.1934,1.00,1.00
2010.05.11 06:38:24.476,6.1901,6.1931,1.00,1.00
2010.05.11 06:38:24.717,6.1898,6.1932,1.00,1.00
2010.05.11 06:38:26.639,6.19,6.193,1.00,1.00
2010.05.11 06:38:27.064,6.19,6.1929,1.00,1.00
2010.05.11 06:38:31.045,6.1899,6.1928,1.00,1.00
2010.05.11 06:38:31.114,6.1902,6.1931,1.00,1.00
2010.05.11 06:38:31.179,6.1899,6.1928,1.00,1.00
2010.05.11 06:38:32.639,6.1904,6.1934,1.00,1.00
2010.05.11 06:38:32.913,6.1904,6.1933,1.00,1.00
2010.05.11 06:38:33.176,6.1907,6.1936,1.00,1.00
2010.05.11 06:38:33.622,6.1904,6.1933,1.00,1.00
2010.05.11 06:38:34.315,6.1897,6.1924,1.00,1.60
2010.05.11 06:38:34.670,6.189,6.1919,1.00,1.00
2010.05.11 06:38:38.817,6.1882,6.192,1.00,1.00
2010.05.11 06:38:40.695,6.1883,6.192,1.00,1.00
2010.05.11 06:38:41.282,6.1881,6.192,1.00,1.00
2010.05.11 06:38:44.210,6.1878,6.1917,1.00,1.00
2010.05.11 06:38:44.564,6.1879,6.1916,2.60,1.00
2010.05.11 06:38:44.747,6.1879,6.1914,1.60,1.00
2010.05.11 06:38:44.923,6.1876,6.1914,1.00,1.00
2010.05.11 06:38:45.711,6.1878,6.1914,1.00,1.00
2010.05.11 06:38:46.571,6.188,6.1914,1.00,1.00
2010.05.11 06:38:48.611,6.1882,6.1916,1.00,1.00
2010.05.11 06:38:49.316,6.188,6.1914,1.00,1.00
2010.05.11 06:38:49.670,6.1873,6.1907,1.00,1.00
2010.05.11 06:38:50.019,6.1875,6.1909,1.00,1.00
2010.05.11 06:38:50.687,6.1873,6.1907,1.00,1.00
2010.05.11 06:38:50.967,6.1875,6.1909,1.00,1.00
2010.05.11 06:38:52.118,6.1878,6.1912,1.00,1.00
2010.05.11 06:38:52.326,6.1875,6.1909,1.00,1.00
2010.05.11 06:38:52.943,6.1878,6.1912,1.00,1.00
2010.05.11 06:38:55.133,6.1875,6.1909,1.00,1.00
2010.05.11 06:38:57.263,6.188,6.1914,1.00,1.00
2010.05.11 06:38:58.861,6.1878,6.1912,1.00,1.00
2010.05.11 06:39:00.875,6.188,6.1914,1.00,1.00
2010.05.11 06:39:01.373,6.1878,6.1912,1.00,1.00
2010.05.11 06:39:01.486,6.1881,6.1917,1.00,1.50
2010.05.11 06:39:01.774,6.1878,6.1912,1.00,1.00
2010.05.11 06:39:03.101,6.1881,6.1917,1.00,1.50
2010.05.11 06:39:03.270,6.1878,6.1912,1.00,1.00
2010.05.11 06:39:03.482,6.1881,6.1917,1.00,1.50
2010.05.11 06:39:03.649,6.1878,6.1912,1.00,1.00
2010.05.11 06:39:04.512,6.1875,6.1909,1.00,1.00
2010.05.11 06:39:05.195,6.1873,6.1907,1.00,1.00
2010.05.11 06:39:06.252,6.187,6.1904,1.00,1.00
2010.05.11 06:39:08.461,6.1873,6.1904,1.60,1.00
2010.05.11 06:39:09.163,6.1876,6.19055,1.00,1.00
2010.05.11 06:39:09.498,6.1872,6.1902,1.00,1.00
2010.05.11 06:39:10.632,6.1869,6.1899,1.00,1.00
2010.05.11 06:39:10.984,6.1867,6.1897,1.00,1.00
2010.05.11 06:39:11.702,6.1862,6.1892,1.00,1.00
2010.05.11 06:39:13.218,6.1857,6.1887,1.00,1.00
2010.05.11 06:39:13.575,6.1855,6.1885,1.00,1.00
2010.05.11 06:39:14.167,6.1852,6.1882,1.00,1.00
2010.05.11 06:39:14.520,6.18515,6.1881,1.60,1.00
2010.05.11 06:39:17.100,6.185,6.1879,1.00,1.00
2010.05.11 06:39:19.622,6.18515,6.1879,1.60,1.00
2010.05.11 06:39:19.927,6.1852,6.1881,1.00,1.00
2010.05.11 06:39:23.780,6.1853,6.1882,1.00,1.00
2010.05.11 06:39:24.381,6.1852,6.1881,1.00,1.00
2010.05.11 06:39:25.794,6.1853,6.1882,1.00,1.00
2010.05.11 06:39:26.549,6.185,6.1879,1.00,1.00
2010.05.11 06:39:30.463,6.1853,6.1882,1.00,1.00
2010.05.11 06:39:31.496,6.1852,6.1881,1.00,1.00
2010.05.11 06:39:38.536,6.18515,6.1879,1.60,1.00
2010.05.11 06:39:38.887,6.1852,6.1881,1.00,1.00
2010.05.11 06:39:40.290,6.185,6.1879,1.00,1.00
2010.05.11 06:39:41.375,6.1847,6.1876,1.00,1.00
2010.05.11 06:39:41.676,6.1847,6.1876,1.00,1.00
2010.05.11 06:39:42.619,6.1852,6.1881,1.00,1.00
2010.05.11 06:39:43.576,6.185,6.1879,1.00,1.00
2010.05.11 06:39:43.925,6.1852,6.1881,1.00,1.00
2010.05.11 06:39:45.706,6.1852,6.1883,1.00,1.00
2010.05.11 06:39:45.915,6.18555,6.1883,1.60,1.00
2010.05.11 06:39:46.664,6.1857,6.1888,1.00,1.00
2010.05.11 06:39:47.356,6.1855,6.1886,1.00,1.00
2010.05.11 06:39:48.311,6.1857,6.1886,1.00,1.00
2010.05.11 06:39:48.659,6.18555,6.1886,1.60,1.00
2010.05.11 06:39:49.428,6.18605,6.1888,1.60,1.00
2010.05.11 06:39:49.783,6.18605,6.1885,1.60,1.00
2010.05.11 06:39:50.127,6.1856,6.1885,1.00,1.00
2010.05.11 06:39:50.474,6.18555,6.1883,1.60,1.00
2010.05.11 06:39:51.010,6.18555,6.1883,1.60,1.00
2010.05.11 06:39:51.353,6.18605,6.1888,1.60,1.00
2010.05.11 06:39:55.352,6.18605,6.1887,1.60,1.00
2010.05.11 06:39:55.730,6.18605,6.1888,1.60,1.00
2010.05.11 06:39:58.967,6.18605,6.1887,1.60,1.00
2010.05.11 06:40:02.030,6.18605,6.1885,1.60,1.00
2010.05.11 06:40:02.326,6.18555,6.1882,1.60,1.00
2010.05.11 06:40:05.422,6.18555,6.188,1.60,1.00
2010.05.11 06:40:05.601,6.1851,6.188,1.00,1.00
2010.05.11 06:40:05.784,6.1849,6.188,1.00,1.00
2010.05.11 06:40:07.492,6.1849,6.1878,1.00,1.00
2010.05.11 06:40:07.612,6.1849,6.1878,1.00,1.00
2010.05.11 06:40:08.813,6.18515,6.188,1.60,1.00
2010.05.11 06:40:09.091,6.18515,6.1878,1.60,1.00
2010.05.11 06:40:09.655,6.1849,6.1878,1.00,1.00
2010.05.11 06:40:11.382,6.1852,6.1881,1.00,1.00
2010.05.11 06:40:14.352,6.1849,6.1878,1.00,1.00
2010.05.11 06:40:15.346,6.1847,6.1876,1.00,1.00
2010.05.11 06:40:17.571,6.18465,6.1871,1.60,1.00
2010.05.11 06:40:17.732,6.1842,6.1871,1.70,1.00
2010.05.11 06:40:17.893,6.1845,6.1874,1.00,1.00
2010.05.11 06:40:18.528,6.1842,6.1871,1.70,1.00
2010.05.11 06:40:19.541,6.1842,6.1871,1.00,1.00
2010.05.11 06:40:19.878,6.1837,6.1866,1.70,1.00
2010.05.11 06:40:20.215,6.1832,6.1859,1.60,1.00
2010.05.11 06:40:20.980,6.183,6.1858,1.00,1.00
2010.05.11 06:40:22.653,6.1814,6.18495,1.00,1.60
2010.05.11 06:40:22.867,6.1815,6.18505,1.00,1.60
2010.05.11 06:40:23.538,6.18135,6.1843,1.60,1.00
2010.05.11 06:40:23.759,6.18105,6.18425,1.60,1.00
2010.05.11 06:40:24.860,6.18105,6.1835,1.60,1.00
2010.05.11 06:40:25.149,6.1807,6.1835,2.50,1.00
2010.05.11 06:40:25.870,6.1807,6.1833,2.40,1.00
2010.05.11 06:40:26.158,6.1807,6.1832,2.40,1.00
2010.05.11 06:40:26.506,6.1807,6.1832,2.40,1.00
2010.05.11 06:40:26.857,6.18055,6.1827,1.60,1.00
2010.05.11 06:40:27.662,6.1801,6.1827,1.60,1.00
2010.05.11 06:40:28.009,6.1795,6.1823,1.70,1.00
2010.05.11 06:40:28.599,6.1795,6.183,1.60,1.60
2010.05.11 06:40:28.852,6.1804,6.1834,1.60,1.00
2010.05.11 06:40:29.930,6.1804,6.1834,1.70,1.00
2010.05.11 06:40:30.276,6.1806,6.1834,1.00,1.00
2010.05.11 06:40:31.046,6.1804,6.1829,1.60,1.00
2010.05.11 06:40:31.380,6.1799,6.1827,1.70,1.00
2010.05.11 06:40:32.091,6.1799,6.1827,1.00,1.00
2010.05.11 06:40:32.381,6.1794,6.1824,1.00,1.00
2010.05.11 06:40:33.777,6.1794,6.1822,1.00,1.00
2010.05.11 06:40:34.103,6.1799,6.1827,1.00,1.00
2010.05.11 06:40:36.976,6.1807,6.1835,1.70,1.00
2010.05.11 06:40:37.766,6.1809,6.1837,1.00,1.00
2010.05.11 06:40:38.030,6.18065,6.1835,1.60,1.00
2010.05.11 06:40:38.695,6.1807,6.1837,1.00,1.00
2010.05.11 06:40:38.958,6.18075,6.1835,1.60,1.00
2010.05.11 06:40:39.310,6.1804,6.1831,1.60,1.00
2010.05.11 06:40:40.355,6.1803,6.1831,1.00,1.00
2010.05.11 06:40:43.045,6.1798,6.1826,1.70,1.00
2010.05.11 06:40:43.593,6.1798,6.1826,1.00,1.00
2010.05.11 06:40:45.611,6.17965,6.1823,1.60,1.00
2010.05.11 06:40:45.960,6.1795,6.1823,1.00,1.00
2010.05.11 06:40:46.304,6.1794,6.1823,1.60,1.00
2010.05.11 06:40:46.506,6.1791,6.1823,1.00,1.00
2010.05.11 06:40:48.059,6.17865,6.1817,1.60,1.00
2010.05.11 06:40:48.196,6.17835,6.1817,1.00,1.00
2010.05.11 06:40:49.475,6.1783,6.1816,1.00,1.00
2010.05.11 06:40:49.830,6.1785,6.1821,1.00,1.00
2010.05.11 06:40:50.498,6.1787,6.1821,1.00,1.00
2010.05.11 06:40:53.321,6.1787,6.1823,1.00,1.00
2010.05.11 06:40:53.944,6.17875,6.1823,1.00,1.00
2010.05.11 06:40:54.149,6.17875,6.1821,1.00,1.00
2010.05.11 06:40:54.477,6.17895,6.1821,1.00,1.00
2010.05.11 06:40:54.805,6.17875,6.1821,1.00,1.00
2010.05.11 06:40:55.857,6.17895,6.1824,1.00,1.00
2010.05.11 06:40:56.271,6.17895,6.1822,1.00,1.00
2010.05.11 06:40:56.345,6.17895,6.1817,1.00,1.00
2010.05.11 06:40:56.975,6.17835,6.1817,1.00,1.00
2010.05.11 06:40:57.962,6.1781,6.1814,1.60,1.00
2010.05.11 06:40:58.310,6.1778,6.1812,1.00,1.00
2010.05.11 06:40:59.799,6.1782,6.1817,1.00,1.00
2010.05.11 06:41:01.601,6.1785,6.1817,1.00,1.00
2010.05.11 06:41:01.883,6.1785,6.1819,1.00,1.00
2010.05.11 06:41:02.597,6.1787,6.1821,1.00,1.00
2010.05.11 06:41:03.797,6.1785,6.1819,1.00,1.00
2010.05.11 06:41:05.647,6.178,6.1814,1.00,1.00
2010.05.11 06:41:06.992,6.1782,6.1817,1.00,1.00
2010.05.11 06:41:07.506,6.1744,6.17925,1.00,1.00
2010.05.11 06:41:08.121,6.1742,6.179,1.00,1.00
2010.05.11 06:41:08.560,6.1746,6.1784,1.00,1.00
2010.05.11 06:41:08.782,6.1746,6.1789,1.00,1.00
2010.05.11 06:41:09.006,6.1749,6.1786,1.00,1.00
2010.05.11 06:41:09.670,6.1751,6.1786,1.00,1.00
2010.05.11 06:41:10.014,6.17555,6.1787,1.00,1.00
2010.05.11 06:41:10.873,6.17555,6.1785,1.00,1.00
2010.05.11 06:41:11.535,6.17555,6.1788,1.00,1.00
2010.05.11 06:41:11.694,6.17555,6.1785,1.00,1.00
2010.05.11 06:41:12.876,6.17555,6.1788,1.80,1.00
2010.05.11 06:41:13.117,6.1758,6.1788,1.00,1.00
2010.05.11 06:41:14.489,6.1758,6.1794,1.00,1.00
2010.05.11 06:41:15.633,6.1758,6.1795,1.00,1.00
2010.05.11 06:41:16.415,6.1765,6.1795,1.00,1.00
2010.05.11 06:41:16.645,6.1767,6.1797,1.00,1.00
2010.05.11 06:41:17.258,6.177,6.18,1.00,1.00
2010.05.11 06:41:17.435,6.177,6.1798,1.00,1.60
2010.05.11 06:41:17.615,6.1764,6.1792,1.00,1.00
2010.05.11 06:41:18.656,6.1769,6.1797,1.00,1.00
2010.05.11 06:41:19.641,6.1774,6.1802,1.00,1.00
2010.05.11 06:41:19.994,6.1776,6.1804,1.00,1.00
2010.05.11 06:41:20.443,6.1774,6.1802,1.00,1.00
2010.05.11 06:41:20.787,6.1776,6.1804,1.00,1.00
2010.05.11 06:41:21.473,6.1774,6.1802,1.00,1.00
2010.05.11 06:41:23.029,6.1774,6.1806,1.00,1.60
2010.05.11 06:41:23.683,6.1776,6.1813,1.00,1.40
2010.05.11 06:41:23.944,6.1779,6.1815,1.00,1.40
2010.05.11 06:41:24.206,6.1774,6.18135,1.00,1.60
2010.05.11 06:41:24.472,6.1774,6.1811,1.00,1.40
2010.05.11 06:41:25.726,6.1769,6.1813,1.00,1.40
2010.05.11 06:41:26.893,6.1767,6.18105,1.00,1.40
2010.05.11 06:41:28.680,6.17705,6.1814,1.00,1.40
2010.05.11 06:41:29.627,6.17665,6.18105,1.00,1.40
2010.05.11 06:41:30.624,6.177,6.1814,1.00,1.40
2010.05.11 06:41:33.046,6.17665,6.181,1.00,1.40
2010.05.11 06:41:34.218,6.17665,6.181,1.80,1.40
2010.05.11 06:41:34.512,6.17685,6.1812,1.00,1.40
2010.05.11 06:41:35.195,6.17675,6.1806,1.00,2.40
2010.05.11 06:41:35.545,6.1767,6.1806,1.00,2.40
2010.05.11 06:41:36.200,6.1767,6.1805,1.00,1.00
2010.05.11 06:41:36.426,6.1765,6.1805,1.00,1.00
2010.05.11 06:41:36.659,6.1767,6.1806,1.00,2.40
2010.05.11 06:41:37.763,6.1767,6.1805,1.00,1.00
2010.05.11 06:41:38.252,6.1767,6.1806,1.00,2.40
2010.05.11 06:41:38.422,6.1769,6.1806,1.00,2.40
2010.05.11 06:41:40.058,6.1768,6.1806,1.00,2.40
2010.05.11 06:41:40.502,6.1769,6.1806,1.00,2.40
2010.05.11 06:41:42.691,6.17715,6.1806,1.00,2.40
2010.05.11 06:41:42.823,6.17715,6.1809,1.00,1.00
2010.05.11 06:41:44.113,6.1772,6.1809,1.00,1.00
2010.05.11 06:41:45.391,6.1778,6.1809,1.00,1.00
2010.05.11 06:41:45.923,6.1777,6.1807,1.00,1.00
2010.05.11 06:41:46.043,6.1779,6.1809,1.00,1.00
2010.05.11 06:41:51.392,6.1774,6.1804,1.00,1.00
2010.05.11 06:41:52.198,6.1779,6.1809,1.00,1.00
2010.05.11 06:41:52.503,6.1777,6.1807,1.00,1.00
2010.05.11 06:41:52.811,6.1779,6.1809,1.00,1.00
2010.05.11 06:41:55.000,6.1777,6.1807,1.00,1.00
2010.05.11 06:41:55.172,6.17745,6.1804,1.60,1.00
2010.05.11 06:41:55.759,6.1774,6.1803,1.00,2.40
2010.05.11 06:41:56.112,6.176,6.18,1.00,1.00
2010.05.11 06:41:56.459,6.1762,6.1802,1.00,1.00
2010.05.11 06:41:57.556,6.1764,6.1801,1.00,1.00
2010.05.11 06:41:58.248,6.176,6.1801,1.00,1.00
2010.05.11 06:41:58.389,6.17635,6.1801,1.00,1.00
2010.05.11 06:41:59.017,6.176,6.1799,1.00,1.00
2010.05.11 06:41:59.367,6.17615,6.1801,1.00,1.00
2010.05.11 06:41:59.830,6.1764,6.1801,1.00,1.00
2010.05.11 06:42:00.179,6.1762,6.1799,1.00,1.00
2010.05.11 06:42:04.942,6.1762,6.1802,1.00,1.00
2010.05.11 06:42:05.206,6.1762,6.1799,1.00,1.00
2010.05.11 06:42:05.943,6.1762,6.1802,1.00,1.00
2010.05.11 06:42:06.318,6.1762,6.1799,1.00,1.00
2010.05.11 06:42:06.861,6.1762,6.1802,1.00,1.00
2010.05.11 06:42:07.136,6.1762,6.1801,1.00,1.00
2010.05.11 06:42:07.796,6.1764,6.1803,1.00,2.40
2010.05.11 06:42:08.145,6.1764,6.1801,1.00,1.00
2010.05.11 06:42:09.136,6.1764,6.1803,1.00,2.40
2010.05.11 06:42:09.786,6.1764,6.1801,1.00,1.00
2010.05.11 06:42:12.493,6.1764,6.1803,1.00,2.40
2010.05.11 06:42:13.080,6.1764,6.1801,1.00,1.00
2010.05.11 06:42:13.758,6.1764,6.1803,1.00,2.40
2010.05.11 06:42:13.868,6.1764,6.1801,1.00,1.00
2010.05.11 06:42:16.601,6.17615,6.1796,1.00,1.00
2010.05.11 06:42:16.946,6.176,6.1796,1.00,1.00
2010.05.11 06:42:17.193,6.176,6.1794,1.00,1.00
2010.05.11 06:42:17.849,6.17575,6.1794,1.80,1.00
2010.05.11 06:42:18.117,6.17575,6.1794,1.00,1.00
2010.05.11 06:42:18.308,6.17575,6.1797,1.00,1.00
2010.05.11 06:42:18.496,6.17575,6.1792,1.00,1.00
2010.05.11 06:42:19.092,6.1755,6.1789,1.80,1.00
2010.05.11 06:42:19.433,6.1752,6.1789,1.00,1.00
2010.05.11 06:42:21.764,6.1752,6.1792,1.00,1.00
2010.05.11 06:42:22.586,6.1754,6.1792,1.00,1.00
2010.05.11 06:42:24.995,6.1754,6.1787,1.00,1.00
2010.05.11 06:42:25.341,6.17535,6.1787,1.00,1.00
2010.05.11 06:42:26.075,6.175,6.1787,1.00,1.00
2010.05.11 06:42:26.624,6.175,6.1784,1.00,1.00
2010.05.11 06:42:26.822,6.175,6.1787,1.00,1.00
2010.05.11 06:42:27.728,6.17475,6.1784,1.00,1.00
2010.05.11 06:42:28.023,6.17475,6.1783,1.00,2.40
2010.05.11 06:42:29.543,6.17495,6.1783,1.00,2.40
2010.05.11 06:42:31.323,6.17475,6.1783,1.00,2.40
2010.05.11 06:42:32.208,6.17455,6.1782,1.00,1.00
2010.05.11 06:42:32.846,6.17455,6.178,1.00,1.00
2010.05.11 06:42:33.501,6.17425,6.1778,1.00,1.00
2010.05.11 06:42:33.849,6.17405,6.1777,1.00,1.00
2010.05.11 06:42:37.989,6.17425,6.178,1.00,1.00
2010.05.11 06:42:38.073,6.17425,6.178,1.00,1.00
2010.05.11 06:42:38.574,6.17425,6.1782,1.00,1.00
2010.05.11 06:42:39.161,6.1745,6.1782,1.60,1.00
2010.05.11 06:42:39.508,6.17475,6.1783,1.00,2.40
2010.05.11 06:42:40.964,6.17495,6.1783,1.00,2.40
2010.05.11 06:42:44.850,6.17475,6.1783,1.00,2.40
2010.05.11 06:42:46.988,6.17475,6.1783,1.00,2.50
2010.05.11 06:42:47.130,6.17475,6.1783,1.00,2.40
2010.05.11 06:42:47.522,6.17475,6.1783,1.00,2.50
2010.05.11 06:42:48.513,6.17495,6.1783,1.00,2.40
2010.05.11 06:42:49.866,6.17475,6.1783,1.00,2.40
2010.05.11 06:42:51.387,6.17475,6.1783,1.00,2.50
2010.05.11 06:42:51.743,6.1749,6.1783,1.00,2.40
2010.05.11 06:42:53.357,6.17475,6.1783,1.00,2.40
2010.05.11 06:42:54.620,6.17455,6.1783,1.00,2.40
2010.05.11 06:42:54.970,6.17455,6.1783,1.00,2.50
2010.05.11 06:42:56.307,6.17425,6.178,1.00,1.00
2010.05.11 06:42:57.256,6.17445,6.1783,1.00,2.50
2010.05.11 06:42:57.971,6.17475,6.1783,1.00,2.50
2010.05.11 06:42:58.245,6.17475,6.1783,1.00,2.40
2010.05.11 06:42:59.990,6.17455,6.1783,1.00,2.50
2010.05.11 06:43:00.483,6.17455,6.178,1.00,1.00
2010.05.11 06:43:01.009,6.17455,6.1783,1.00,2.40
2010.05.11 06:43:01.606,6.17425,6.178,1.00,1.00
2010.05.11 06:43:01.958,6.17445,6.1783,1.00,2.50
2010.05.11 06:43:02.306,6.17445,6.178,1.00,1.00
2010.05.11 06:43:03.051,6.17445,6.1782,1.00,1.00
2010.05.11 06:43:03.346,6.17425,6.178,1.00,1.00
2010.05.11 06:43:04.152,6.1742,6.178,1.60,1.00
2010.05.11 06:43:04.501,6.1729,6.177,1.00,1.00
2010.05.11 06:43:05.274,6.1724,6.1765,1.00,1.00
2010.05.11 06:43:05.617,6.1726,6.1761,1.00,1.00
2010.05.11 06:43:06.998,6.1725,6.1762,1.00,2.40
2010.05.11 06:43:07.201,6.17265,6.1762,1.00,2.40
2010.05.11 06:43:08.003,6.1728,6.1762,1.00,2.40
2010.05.11 06:43:08.358,6.17125,6.1755,1.00,1.00
2010.05.11 06:43:09.180,6.17125,6.175,1.00,1.00
2010.05.11 06:43:09.501,6.17125,6.1752,1.00,1.00
2010.05.11 06:43:10.182,6.17105,6.175,1.00,1.00
2010.05.11 06:43:12.037,6.171,6.1749,1.00,1.00
2010.05.11 06:43:12.203,6.1709,6.1749,1.00,1.00
2010.05.11 06:43:12.363,6.17085,6.1749,1.00,1.00
2010.05.11 06:43:13.302,6.17105,6.1753,1.00,8.00
2010.05.11 06:43:13.586,6.17035,6.1743,1.00,1.00
2010.05.11 06:43:13.873,6.17005,6.1743,1.00,1.00
2010.05.11 06:43:14.656,6.17005,6.1742,1.00,1.00
2010.05.11 06:43:16.120,6.16985,6.1742,1.60,1.50
2010.05.11 06:43:16.470,6.16975,6.174,1.00,1.00
2010.05.11 06:43:17.263,6.16955,6.1737,1.00,1.00
2010.05.11 06:43:17.404,6.1693,6.173,1.60,1.00
2010.05.11 06:43:17.547,6.1689,6.173,1.00,1.00
2010.05.11 06:43:17.902,6.1681,6.1723,1.00,1.00
2010.05.11 06:43:18.681,6.1679,6.1718,1.00,1.00
2010.05.11 06:43:19.321,6.16765,6.1718,1.00,1.00
2010.05.11 06:43:19.873,6.16765,6.1717,1.00,1.00
2010.05.11 06:43:20.189,6.16775,6.172,1.00,1.00
2010.05.11 06:43:21.635,6.16775,6.1719,1.00,1.00
2010.05.11 06:43:23.014,6.16775,6.1722,1.00,1.00
2010.05.11 06:43:23.209,6.16805,6.1722,1.00,1.00
2010.05.11 06:43:23.406,6.16805,6.1724,1.60,1.00
2010.05.11 06:43:24.051,6.16825,6.1726,1.00,1.50
2010.05.11 06:43:24.398,6.16835,6.1724,1.00,1.00
2010.05.11 06:43:25.767,6.16805,6.1722,1.00,1.00
2010.05.11 06:43:26.120,6.16875,6.1726,1.00,1.00
2010.05.11 06:43:26.305,6.16875,6.1729,1.00,1.00
2010.05.11 06:43:27.861,6.16905,6.1734,1.00,1.50
2010.05.11 06:43:28.129,6.16925,6.1731,1.00,1.00
2010.05.11 06:43:28.569,6.16925,6.1734,1.00,1.00
2010.05.11 06:43:29.179,6.16955,6.1736,1.00,1.00
2010.05.11 06:43:31.478,6.16955,6.1736,1.00,1.70
2010.05.11 06:43:31.812,6.16955,6.1736,1.00,1.00
2010.05.11 06:43:33.613,6.16955,6.1739,1.00,1.50
2010.05.11 06:43:33.862,6.16955,6.1736,1.00,1.00
2010.05.11 06:43:34.112,6.16955,6.1739,1.00,1.50
2010.05.11 06:43:34.623,6.16955,6.1736,1.00,1.00
2010.05.11 06:43:35.228,6.16975,6.1739,1.00,1.00
2010.05.11 06:43:36.461,6.17005,6.1741,1.00,1.00
2010.05.11 06:43:36.808,6.16985,6.1739,1.00,1.00
2010.05.11 06:43:37.922,6.16985,6.174,1.00,1.00
2010.05.11 06:43:39.205,6.16985,6.1742,1.00,1.40
2010.05.11 06:43:39.848,6.16985,6.174,1.00,1.00
2010.05.11 06:43:40.198,6.17005,6.1742,1.00,1.00
2010.05.11 06:43:43.167,6.17005,6.174,1.00,1.00
2010.05.11 06:43:43.418,6.17005,6.1742,1.00,1.00
2010.05.11 06:43:44.728,6.17005,6.174,1.00,1.00
2010.05.11 06:43:45.075,6.16985,6.174,1.00,1.00
2010.05.11 06:43:47.284,6.16955,6.1735,1.00,1.00
2010.05.11 06:43:48.015,6.16935,6.1737,1.00,1.50
2010.05.11 06:43:49.115,6.16955,6.1737,1.00,1.00
2010.05.11 06:43:50.644,6.16955,6.1739,1.00,1.40
2010.05.11 06:43:50.852,6.16975,6.174,1.00,1.00
2010.05.11 06:43:55.351,6.16955,6.1737,1.00,1.00
2010.05.11 06:43:55.699,6.16935,6.1735,1.00,1.00
2010.05.11 06:43:58.751,6.16935,6.1732,1.00,1.00
2010.05.11 06:43:59.021,6.16905,6.17145,1.60,1.00
2010.05.11 06:43:59.216,6.167,6.17145,1.00,1.00
2010.05.11 06:44:00.168,6.167,6.1712,1.00,1.00
2010.05.11 06:44:00.521,6.167,6.1708,1.00,1.00
2010.05.11 06:44:00.870,6.1667,6.1705,1.00,1.00
2010.05.11 06:44:01.451,6.167,6.1708,1.00,1.00
2010.05.11 06:44:01.799,6.167,6.1705,1.00,1.00
2010.05.11 06:44:02.621,6.167,6.1704,1.00,1.00
2010.05.11 06:44:03.488,6.1672,6.1706,1.00,1.00
2010.05.11 06:44:06.414,6.1674,6.1708,1.00,1.00
2010.05.11 06:44:06.657,6.1677,6.1711,1.00,1.00
2010.05.11 06:44:06.906,6.1674,6.1708,1.00,1.00
2010.05.11 06:44:07.881,6.16855,6.1724,1.00,1.00
2010.05.11 06:44:08.178,6.16905,6.1728,1.00,1.60
2010.05.11 06:44:08.904,6.16915,6.1724,1.60,1.00
2010.05.11 06:44:09.191,6.1696,6.1727,1.00,1.00
2010.05.11 06:44:09.755,6.1706,6.17275,8.00,1.60
2010.05.11 06:44:10.190,6.1707,6.17275,2.40,1.60
2010.05.11 06:44:10.479,6.1707,6.1757,2.40,1.40
2010.05.11 06:44:11.166,6.1712,6.1757,8.00,1.40
2010.05.11 06:44:11.940,6.1717,6.17575,1.00,1.40
2010.05.11 06:44:12.437,6.1718,6.17575,1.00,1.40
2010.05.11 06:44:13.253,6.171,6.17575,1.00,1.40
2010.05.11 06:44:13.591,6.1709,6.17585,2.40,1.40
2010.05.11 06:44:15.018,6.1709,6.17635,2.40,1.40
2010.05.11 06:44:20.328,6.1709,6.1764,2.40,3.00
2010.05.11 06:44:20.540,6.1709,6.1764,2.40,1.40
2010.05.11 06:44:21.898,6.16945,6.1757,3.20,1.40
2010.05.11 06:44:22.227,6.1696,6.1759,3.20,1.40
2010.05.11 06:44:22.989,6.16955,6.17545,1.00,1.60
2010.05.11 06:44:23.266,6.16955,6.1752,1.00,1.40
2010.05.11 06:44:24.655,6.16975,6.1754,1.00,1.40
2010.05.11 06:44:25.468,6.17085,6.1754,1.00,1.40
2010.05.11 06:44:25.827,6.17115,6.1757,1.00,1.40
2010.05.11 06:44:26.177,6.17135,6.1759,1.00,1.40
2010.05.11 06:44:26.901,6.1716,6.1759,1.60,1.40
2010.05.11 06:44:27.207,6.172,6.1764,1.00,1.40
2010.05.11 06:44:28.521,6.1718,6.1762,1.00,1.40
2010.05.11 06:44:33.792,6.17205,6.1764,1.00,1.40
2010.05.11 06:44:33.994,6.1708,6.1764,2.40,1.40
2010.05.11 06:44:34.618,6.17115,6.1764,1.00,1.40
2010.05.11 06:44:36.401,6.17185,6.1764,1.00,1.40
2010.05.11 06:44:36.748,6.17205,6.1764,1.00,1.40
2010.05.11 06:44:39.092,6.17185,6.1762,1.00,1.40
2010.05.11 06:44:39.247,6.1721,6.1762,1.60,1.40
2010.05.11 06:44:39.977,6.1721,6.1765,1.80,1.40
2010.05.11 06:44:40.329,6.17185,6.1762,1.00,1.40
2010.05.11 06:44:40.677,6.17205,6.1764,1.00,1.40
2010.05.11 06:44:41.417,6.1723,6.17665,1.00,1.40
2010.05.11 06:44:42.313,6.17215,6.1765,1.00,1.40
2010.05.11 06:44:43.008,6.1723,6.1767,1.00,1.40
2010.05.11 06:44:46.568,6.1721,6.1765,1.00,1.40
2010.05.11 06:44:48.024,6.1723,6.1767,1.00,1.40
2010.05.11 06:44:48.427,6.1725,6.1769,1.00,1.40
2010.05.11 06:44:49.404,6.1723,6.1767,1.00,1.40
2010.05.11 06:44:50.082,6.1725,6.1769,1.00,3.00
2010.05.11 06:44:50.544,6.1725,6.1769,1.00,1.40
2010.05.11 06:44:50.888,6.17295,6.17735,1.00,1.40
2010.05.11 06:44:51.239,6.1733,6.17765,1.00,1.40
2010.05.11 06:44:52.008,6.1735,6.17785,1.00,1.40
2010.05.11 06:44:54.064,6.17355,6.17785,1.60,1.40
2010.05.11 06:44:54.263,6.17375,6.1781,1.00,1.40
2010.05.11 06:44:55.487,6.17395,6.1783,1.00,1.40
2010.05.11 06:44:57.018,6.1736,6.17795,1.00,1.40
2010.05.11 06:44:58.206,6.17395,6.1782,1.00,1.60
2010.05.11 06:44:58.559,6.17395,6.1783,1.00,1.40
2010.05.11 06:45:05.123,6.1739,6.17825,1.00,1.40
2010.05.11 06:45:05.962,6.1733,6.17765,1.00,1.40
2010.05.11 06:45:06.267,6.1731,6.17745,1.00,1.40
2010.05.11 06:45:07.078,6.1728,6.17715,1.00,1.40
2010.05.11 06:45:07.427,6.17235,6.1767,1.00,1.40
2010.05.11 06:45:09.147,6.1725,6.17685,1.00,1.40
2010.05.11 06:45:10.120,6.17235,6.1767,1.00,1.40
2010.05.11 06:45:11.107,6.17275,6.17715,1.00,1.40
2010.05.11 06:45:11.460,6.1733,6.17765,1.00,1.40
2010.05.11 06:45:14.010,6.1731,6.17745,1.00,1.40
2010.05.11 06:45:15.325,6.1728,6.17715,1.00,1.40
2010.05.11 06:45:16.345,6.1726,6.17695,1.00,1.40
2010.05.11 06:45:16.796,6.1728,6.17715,1.00,1.40
2010.05.11 06:45:17.498,6.173,6.17735,1.00,1.40
2010.05.11 06:45:18.221,6.1731,6.17745,1.00,1.40
2010.05.11 06:45:19.600,6.1728,6.17715,1.00,1.40
2010.05.11 06:45:20.479,6.1726,6.17695,1.00,1.40
2010.05.11 06:45:20.953,6.1728,6.17715,1.00,1.40
2010.05.11 06:45:22.593,6.173,6.17735,1.00,1.40
2010.05.11 06:45:22.805,6.1728,6.17715,1.00,1.40
2010.05.11 06:45:26.458,6.1733,6.17765,1.00,1.40
2010.05.11 06:45:27.345,6.1735,6.17785,1.00,1.40
2010.05.11 06:45:28.331,6.1733,6.17765,1.00,1.40
2010.05.11 06:45:31.645,6.1734,6.17845,2.50,1.40
2010.05.11 06:45:31.944,6.1741,6.17905,1.00,1.40
2010.05.11 06:45:32.979,6.1744,6.17905,1.00,1.40
2010.05.11 06:45:33.214,6.1741,6.17905,1.00,1.40
2010.05.11 06:45:35.613,6.1743,6.1793,1.00,1.40
2010.05.11 06:45:36.023,6.1746,6.1793,1.00,1.40
2010.05.11 06:45:36.519,6.1746,6.1796,1.00,1.40
2010.05.11 06:45:36.870,6.1748,6.17975,1.00,1.40
2010.05.11 06:45:38.110,6.1751,6.18005,1.00,1.40
2010.05.11 06:45:38.420,6.1753,6.18005,1.00,1.40
2010.05.11 06:45:39.167,6.17545,6.18005,1.00,1.40
2010.05.11 06:45:39.521,6.17475,6.1791,1.00,1.40
2010.05.11 06:45:40.281,6.1741,6.17845,1.00,1.40
2010.05.11 06:45:40.628,6.17355,6.1779,1.00,1.40
2010.05.11 06:45:40.975,6.17375,6.1781,1.00,1.40
2010.05.11 06:45:42.110,6.17325,6.17765,1.00,1.40
2010.05.11 06:45:44.441,6.17345,6.17785,1.00,1.40
2010.05.11 06:45:47.296,6.17375,6.1781,1.00,1.40
2010.05.11 06:45:50.634,6.17395,6.1783,1.00,1.40
2010.05.11 06:45:53.043,6.17375,6.17815,1.00,1.40
2010.05.11 06:45:53.740,6.17355,6.17795,1.80,1.40
2010.05.11 06:45:54.089,6.17355,6.17795,1.00,1.40
2010.05.11 06:45:57.218,6.1731,6.17745,1.00,1.40
2010.05.11 06:45:59.609,6.1728,6.17715,1.00,1.40
2010.05.11 06:45:59.888,6.1726,6.1769,1.00,1.60
2010.05.11 06:46:00.164,6.1723,6.17665,1.00,1.40
2010.05.11 06:46:01.293,6.17305,6.17715,1.60,1.40
2010.05.11 06:46:01.990,6.1733,6.17765,1.00,1.40
2010.05.11 06:46:02.330,6.1728,6.17715,1.00,1.40
2010.05.11 06:46:04.458,6.173,6.17735,1.00,1.40
2010.05.11 06:46:05.190,6.1728,6.17715,1.00,1.40
2010.05.11 06:46:07.563,6.1727,6.17695,1.00,1.40
2010.05.11 06:46:08.432,6.1727,6.1767,1.00,1.40
2010.05.11 06:46:12.434,6.1727,6.17685,1.00,1.40
2010.05.11 06:46:13.914,6.1727,6.17665,1.00,1.40
2010.05.11 06:46:14.733,6.1727,6.1759,1.00,1.40
2010.05.11 06:46:15.076,6.1727,6.1757,1.00,1.40
2010.05.11 06:46:19.956,6.1727,6.1762,1.00,1.40
2010.05.11 06:46:22.893,6.1727,6.1764,1.00,1.40
2010.05.11 06:46:24.044,6.1727,6.1762,1.00,1.40
2010.05.11 06:46:24.631,6.1727,6.176,1.00,1.40
2010.05.11 06:46:24.980,6.1727,6.1762,1.00,1.40
2010.05.11 06:46:26.727,6.1727,6.1764,1.00,1.40
2010.05.11 06:46:28.220,6.1727,6.1766,1.00,1.60
2010.05.11 06:46:28.532,6.1727,6.17685,1.00,1.40
2010.05.11 06:46:30.209,6.1727,6.17665,1.00,1.40
2010.05.11 06:46:30.977,6.1727,6.1765,1.00,1.40
2010.05.11 06:46:32.383,6.1727,6.17665,1.00,1.40
2010.05.11 06:46:34.485,6.1727,6.1762,1.00,1.40
2010.05.11 06:46:34.833,6.1727,6.17615,1.00,1.40
2010.05.11 06:46:36.868,6.1727,6.17635,1.00,1.40
2010.05.11 06:46:38.633,6.1727,6.17615,1.00,1.40
2010.05.11 06:46:39.890,6.1727,6.17665,1.00,1.40
2010.05.11 06:46:40.228,6.1727,6.1762,1.00,1.40
2010.05.11 06:46:41.336,6.1727,6.17555,1.00,1.40
2010.05.11 06:46:42.982,6.1727,6.1752,1.00,1.50
2010.05.11 06:46:44.067,6.1727,6.1747,1.00,1.00
2010.05.11 06:46:44.388,6.1727,6.17475,1.00,1.40
2010.05.11 06:46:45.105,6.1727,6.1757,1.00,1.50
2010.05.11 06:46:45.449,6.1727,6.1761,1.00,1.00
2010.05.11 06:46:47.151,6.1727,6.176,1.00,1.40
2010.05.11 06:46:47.491,6.1727,6.1759,1.00,1.00
2010.05.11 06:46:48.173,6.1727,6.17575,1.00,1.40
2010.05.11 06:46:48.480,6.1727,6.1757,1.00,1.00
2010.05.11 06:46:49.034,6.1727,6.17575,1.00,1.40
2010.05.11 06:46:49.293,6.1727,6.1757,1.00,1.00
2010.05.11 06:46:52.165,6.1727,6.1755,1.00,1.00
2010.05.11 06:46:53.049,6.1727,6.17575,1.00,1.40
2010.05.11 06:46:53.202,6.1727,6.1759,1.00,1.50
2010.05.11 06:46:53.546,6.1727,6.1755,1.00,1.00
2010.05.11 06:46:54.328,6.1727,6.1757,1.00,1.00
2010.05.11 06:46:56.611,6.1727,6.1755,1.00,1.00
2010.05.11 06:46:59.031,6.1727,6.17555,1.00,1.40
2010.05.11 06:46:59.790,6.1727,6.1755,1.00,1.00
2010.05.11 06:47:00.135,6.1727,6.1754,1.00,1.00
2010.05.11 06:47:01.881,6.1727,6.1755,1.00,1.00
2010.05.11 06:47:03.820,6.1727,6.1755,1.00,1.50
2010.05.11 06:47:04.022,6.1727,6.1755,1.00,1.40
2010.05.11 06:47:05.647,6.1727,6.1754,1.00,1.00
2010.05.11 06:47:05.993,6.1727,6.1752,1.00,1.00
2010.05.11 06:47:06.546,6.1727,6.1747,1.00,1.00
2010.05.11 06:47:09.110,6.1727,6.1749,1.00,1.00
2010.05.11 06:47:10.572,6.1727,6.17495,1.00,1.40
2010.05.11 06:47:10.915,6.1727,6.1749,1.00,1.00
2010.05.11 06:47:11.256,6.1727,6.1745,1.00,1.00
2010.05.11 06:47:12.218,6.1727,6.1747,1.00,1.00
2010.05.11 06:47:13.528,6.1727,6.1752,1.00,1.00
2010.05.11 06:47:14.303,6.1727,6.17545,1.00,1.40
2010.05.11 06:47:15.190,6.1727,6.1752,1.00,1.00
2010.05.11 06:47:15.539,6.1727,6.1752,1.00,1.00
2010.05.11 06:47:19.469,6.1727,6.1745,1.00,1.00
2010.05.11 06:47:22.505,6.1727,6.1747,1.00,1.00
2010.05.11 06:47:23.442,6.1727,6.17485,1.00,1.40
2010.05.11 06:47:23.903,6.1727,6.175,1.00,1.00
2010.05.11 06:47:24.880,6.1727,6.1745,1.00,1.00
2010.05.11 06:47:27.094,6.1727,6.1747,1.00,1.50
2010.05.11 06:47:27.284,6.1727,6.1747,1.00,1.00
2010.05.11 06:47:27.946,6.1727,6.174,1.00,1.00
2010.05.11 06:47:28.115,6.1727,6.1742,1.00,1.50
2010.05.11 06:47:28.284,6.1727,6.1742,1.00,1.00
2010.05.11 06:47:29.546,6.1727,6.1744,1.00,1.40
2010.05.11 06:47:29.892,6.1727,6.1742,1.00,1.00
2010.05.11 06:47:31.034,6.1727,6.1744,1.00,1.40
2010.05.11 06:47:31.311,6.1727,6.1742,1.00,1.00
2010.05.11 06:47:32.872,6.1727,6.1744,1.00,1.40
2010.05.11 06:47:33.211,6.1727,6.1745,1.00,1.00
2010.05.11 06:47:33.761,6.1727,6.174,1.00,1.00
2010.05.11 06:47:35.781,6.1727,6.17385,1.00,3.20
2010.05.11 06:47:36.062,6.1727,6.1735,1.00,1.00
2010.05.11 06:47:36.783,6.1727,6.1736,1.00,3.20
2010.05.11 06:47:38.124,6.1727,6.17385,1.00,3.20
2010.05.11 06:47:39.247,6.1727,6.1736,1.00,3.20
2010.05.11 06:47:40.716,6.1727,6.1734,1.00,3.20
2010.05.11 06:47:41.000,6.1725,6.1734,1.10,3.20
2010.05.11 06:47:41.923,6.1725,6.1734,1.10,6.40
2010.05.11 06:47:42.191,6.1725,6.17315,1.10,3.20
2010.05.11 06:47:43.563,6.1723,6.17315,1.30,3.20
2010.05.11 06:47:43.741,6.16895,6.17315,1.00,6.40
2010.05.11 06:47:43.830,6.16895,6.1729,1.00,3.20
2010.05.11 06:47:44.338,6.16865,6.1729,1.00,3.20
2010.05.11 06:47:46.694,6.1687,6.1727,3.30,3.20
2010.05.11 06:47:47.523,6.1689,6.1727,1.00,3.20
2010.05.11 06:47:47.721,6.1689,6.17295,3.30,3.20
2010.05.11 06:47:49.075,6.1687,6.1727,3.30,3.20
2010.05.11 06:47:50.385,6.1687,6.1726,3.20,1.00
2010.05.11 06:47:50.918,6.16845,6.1725,3.20,3.20
2010.05.11 06:47:51.197,6.1691,6.1725,1.00,3.20
2010.05.11 06:47:51.477,6.169,6.1731,3.20,1.00
2010.05.11 06:47:52.111,6.1692,6.1732,1.00,3.20
2010.05.11 06:47:52.430,6.1695,6.1736,3.20,1.00
2010.05.11 06:47:52.744,6.1695,6.1734,3.20,1.00
2010.05.11 06:47:53.474,6.169,6.1731,3.20,1.00
2010.05.11 06:47:53.786,6.169,6.1732,3.30,3.30
2010.05.11 06:47:54.106,6.1692,6.1732,1.00,3.20
2010.05.11 06:47:54.427,6.169,6.1732,3.30,3.30
2010.05.11 06:47:54.947,6.1692,6.1732,1.00,3.20
2010.05.11 06:47:55.714,6.169,6.1731,3.20,1.00
2010.05.11 06:47:55.943,6.169,6.1732,3.30,3.30
2010.05.11 06:47:56.171,6.1692,6.1732,1.00,3.20
2010.05.11 06:47:56.621,6.1692,6.17295,1.00,3.20
2010.05.11 06:47:59.835,6.169,6.17295,1.00,3.20
2010.05.11 06:48:00.007,6.1687,6.1727,3.30,3.20
2010.05.11 06:48:00.174,6.1689,6.1727,1.00,3.20
2010.05.11 06:48:00.345,6.1687,6.1727,3.30,3.20
2010.05.11 06:48:00.514,6.169,6.17295,1.00,6.40
2010.05.11 06:48:01.007,6.169,6.17295,1.00,3.20
2010.05.11 06:48:02.035,6.1692,6.17295,1.00,3.20
2010.05.11 06:48:02.775,6.169,6.17295,1.00,3.20
2010.05.11 06:48:03.104,6.1689,6.17295,3.30,3.20
2010.05.11 06:48:03.459,6.169,6.17295,1.00,3.20
2010.05.11 06:48:04.432,6.1692,6.17295,1.00,3.20
2010.05.11 06:48:05.031,6.169,6.17295,1.00,3.20
2010.05.11 06:48:05.452,6.1692,6.17295,1.00,3.20
2010.05.11 06:48:06.275,6.169,6.17295,1.00,3.20
2010.05.11 06:48:09.818,6.1687,6.1725,1.00,3.20
2010.05.11 06:48:10.026,6.1685,6.1725,1.00,3.20
2010.05.11 06:48:15.614,6.169,6.17295,1.00,3.20
2010.05.11 06:48:17.992,6.1689,6.1729,3.20,1.00
2010.05.11 06:48:18.135,6.169,6.17295,1.00,3.20
2010.05.11 06:48:18.699,6.1689,6.17295,3.30,3.20
2010.05.11 06:48:20.694,6.16915,6.1731,3.20,1.00
2010.05.11 06:48:21.040,6.1692,6.17295,1.00,3.20
2010.05.11 06:48:21.387,6.1694,6.17345,3.30,4.60
2010.05.11 06:48:22.126,6.1694,6.17345,3.30,3.20
2010.05.11 06:48:24.984,6.1694,6.17345,3.30,4.60
2010.05.11 06:48:25.334,6.1692,6.1732,1.00,3.20
2010.05.11 06:48:26.060,6.1694,6.17345,3.30,3.20
2010.05.11 06:48:26.946,6.1699,6.17395,3.30,3.20
2010.05.11 06:48:27.833,6.1699,6.1738,3.20,1.00
2010.05.11 06:48:28.187,6.1699,6.17395,3.30,3.20
2010.05.11 06:48:35.645,6.1699,6.1738,3.20,1.00
2010.05.11 06:48:35.877,6.16965,6.1737,3.20,3.20
2010.05.11 06:48:36.989,6.16965,6.1736,3.20,1.00
2010.05.11 06:48:37.328,6.1694,6.17345,3.30,3.20
2010.05.11 06:48:45.797,6.16965,6.1736,3.20,1.00
2010.05.11 06:48:46.040,6.1699,6.17365,1.00,3.20
2010.05.11 06:48:46.280,6.1699,6.1739,1.00,3.20
2010.05.11 06:48:51.235,6.1699,6.17395,3.30,3.20
2010.05.11 06:48:52.344,6.1701,6.17395,1.00,3.20
2010.05.11 06:48:52.637,6.1699,6.17395,3.50,3.20
2010.05.11 06:48:52.928,6.1704,6.17395,1.00,3.20
2010.05.11 06:48:53.645,6.1704,6.1744,3.30,3.20
2010.05.11 06:48:53.939,6.1706,6.1746,1.00,3.20
2010.05.11 06:48:55.772,6.1706,6.17465,3.30,3.20
2010.05.11 06:48:56.616,6.1709,6.1748,1.00,3.20
2010.05.11 06:48:56.961,6.1709,6.17485,1.00,3.20
2010.05.11 06:48:58.609,6.1706,6.1746,1.00,3.20
2010.05.11 06:48:58.784,6.17045,6.17445,3.20,3.20
2010.05.11 06:48:59.423,6.1706,6.17445,1.00,3.20
2010.05.11 06:48:59.455,6.1706,6.1744,1.00,3.20
2010.05.11 06:48:59.470,6.1704,6.1744,3.30,3.20
2010.05.11 06:48:59.536,6.1706,6.1744,1.00,3.20
2010.05.11 06:48:59.644,6.1704,6.1744,3.30,3.20
2010.05.11 06:49:00.536,6.1706,6.1744,1.00,3.20
2010.05.11 06:49:01.309,6.1704,6.1744,3.30,3.20
2010.05.11 06:49:01.659,6.1706,6.17455,1.00,3.20
2010.05.11 06:49:01.876,6.1704,6.1744,3.30,3.20
2010.05.11 06:49:04.228,6.1704,6.1741,3.20,1.00
2010.05.11 06:49:04.887,6.1702,6.17395,1.00,3.20
2010.05.11 06:49:05.208,6.1704,6.17395,1.00,3.20
2010.05.11 06:49:05.525,6.1704,6.1744,3.30,3.20
2010.05.11 06:49:07.145,6.1704,6.1741,3.20,1.00
2010.05.11 06:49:07.444,6.1699,6.17395,3.50,3.20
2010.05.11 06:49:10.117,6.1702,6.1742,1.00,3.20
2010.05.11 06:49:10.470,6.1704,6.1742,1.00,3.20
2010.05.11 06:49:10.763,6.1702,6.1742,1.00,3.20
2010.05.11 06:49:11.972,6.1704,6.1744,3.30,6.40
2010.05.11 06:49:12.293,6.1702,6.1742,1.00,3.20
2010.05.11 06:49:12.908,6.1704,6.1742,1.00,3.20
2010.05.11 06:49:13.182,6.17015,6.1741,3.40,1.00
2010.05.11 06:49:13.464,6.1704,6.17425,1.00,4.60
2010.05.11 06:49:13.742,6.1704,6.1744,3.30,3.20
2010.05.11 06:49:17.183,6.17025,6.17425,3.20,3.20
2010.05.11 06:49:18.083,6.1704,6.1741,1.00,3.20
2010.05.11 06:49:18.607,6.1707,6.1742,1.00,3.20
2010.05.11 06:49:19.280,6.1704,6.1742,1.00,3.20
2010.05.11 06:49:20.591,6.1704,6.1742,1.00,3.30
2010.05.11 06:49:22.489,6.1707,6.1742,1.00,3.20
2010.05.11 06:49:22.716,6.1704,6.1742,1.00,3.30
2010.05.11 06:49:22.949,6.1707,6.1742,1.00,3.20
2010.05.11 06:49:23.639,6.1707,6.17445,1.00,3.20
2010.05.11 06:49:23.845,6.17,6.1737,1.00,1.00
2010.05.11 06:49:24.055,6.1699,6.1737,1.00,1.00
2010.05.11 06:49:24.263,6.1702,6.17375,1.00,3.20
2010.05.11 06:49:24.714,6.1699,6.1737,1.00,1.00
2010.05.11 06:49:25.059,6.1702,6.17375,1.00,3.20
2010.05.11 06:49:25.406,6.1699,6.1737,1.00,1.00
2010.05.11 06:49:28.784,6.1697,6.1735,1.00,3.30
2010.05.11 06:49:28.950,6.1695,6.17325,1.00,3.20
2010.05.11 06:49:29.153,6.1697,6.17325,1.00,3.20
2010.05.11 06:49:29.367,6.1695,6.17325,1.00,3.20
2010.05.11 06:49:33.379,6.1697,6.17325,1.00,3.20
2010.05.11 06:49:33.473,6.1694,6.1732,1.00,1.00
2010.05.11 06:49:33.741,6.1695,6.17325,1.00,3.20
2010.05.11 06:49:33.921,6.1695,6.1733,1.00,3.30
2010.05.11 06:49:34.011,6.1695,6.17325,1.00,3.20
2010.05.11 06:49:35.573,6.1697,6.17325,1.00,3.20
2010.05.11 06:49:35.901,6.1695,6.17325,1.00,3.20
2010.05.11 06:49:39.676,6.1697,6.17325,1.00,3.20
2010.05.11 06:49:39.847,6.1697,6.1735,1.00,3.30
2010.05.11 06:49:42.265,6.1699,6.17345,1.00,1.40
2010.05.11 06:49:42.542,6.1702,6.17375,1.00,3.20
2010.05.11 06:49:43.086,6.1699,6.1737,1.00,1.00
2010.05.11 06:49:43.813,6.1702,6.174,3.30,1.00
2010.05.11 06:49:44.148,6.1704,6.1742,1.00,3.30
2010.05.11 06:49:48.046,6.1707,6.1742,1.00,3.20
2010.05.11 06:49:48.276,6.1704,6.1742,1.00,3.30
2010.05.11 06:49:48.910,6.1707,6.1742,1.00,3.20
2010.05.11 06:49:49.516,6.1704,6.1742,1.00,3.30
2010.05.11 06:49:50.657,6.1707,6.1742,1.00,3.20
2010.05.11 06:49:51.420,6.1707,6.17435,1.00,3.20
2010.05.11 06:49:53.657,6.1709,6.1747,1.00,1.00
2010.05.11 06:49:55.858,6.1714,6.1752,1.00,3.30
2010.05.11 06:49:56.157,6.1714,6.1752,1.00,1.00
2010.05.11 06:49:58.471,6.1714,6.1752,1.00,3.30
2010.05.11 06:49:59.445,6.1719,6.1752,1.00,3.20
2010.05.11 06:49:59.783,6.1719,6.1757,1.00,3.30
2010.05.11 06:50:02.631,6.1724,6.1759,1.00,3.20
2010.05.11 06:50:02.935,6.1724,6.17615,1.00,3.20
2010.05.11 06:50:04.632,6.1724,6.17615,1.00,6.40
2010.05.11 06:50:04.824,6.1721,6.1759,1.00,3.30
2010.05.11 06:50:05.581,6.1721,6.1759,1.00,1.00
2010.05.11 06:50:07.182,6.1724,6.1761,1.00,1.40
2010.05.11 06:50:07.383,6.1724,6.1762,1.00,1.00
2010.05.11 06:50:09.279,6.1723,6.1761,1.00,1.00
2010.05.11 06:50:09.561,6.17245,6.17575,1.00,1.40
2010.05.11 06:50:11.803,6.17225,6.17555,1.00,1.40
2010.05.11 06:50:15.638,6.17205,6.17535,1.00,1.40
2010.05.11 06:50:20.684,6.17205,6.1751,1.00,3.20
2010.05.11 06:50:21.011,6.1718,6.17505,1.00,1.40
2010.05.11 06:50:26.125,6.17215,6.17545,1.00,1.40
2010.05.11 06:50:30.833,6.17215,6.17535,1.00,3.20
2010.05.11 06:50:31.012,6.172,6.17525,1.00,1.40
2010.05.11 06:50:31.367,6.17215,6.17545,1.00,1.40
2010.05.11 06:50:33.046,6.17245,6.17575,1.00,1.40
2010.05.11 06:50:33.760,6.17265,6.1758,1.00,3.20
2010.05.11 06:50:34.106,6.17265,6.17595,1.00,1.40
2010.05.11 06:50:35.634,6.17295,6.17615,1.00,3.20
2010.05.11 06:50:36.207,6.17295,6.17625,1.00,1.40
2010.05.11 06:50:36.552,6.17315,6.17645,1.00,4.60
2010.05.11 06:50:41.831,6.17315,6.17645,1.00,1.40
2010.05.11 06:50:43.896,6.17315,6.17645,1.00,3.00
2010.05.11 06:50:44.164,6.17315,6.1763,1.00,3.20
2010.05.11 06:50:45.187,6.17315,6.17645,1.00,1.40
2010.05.11 06:50:46.134,6.17345,6.1767,1.00,1.40
2010.05.11 06:50:47.246,6.17365,6.1769,1.00,1.40
2010.05.11 06:50:48.640,6.17325,6.17655,1.00,4.60
2010.05.11 06:50:48.945,6.17295,6.17625,1.00,1.40
2010.05.11 06:50:50.001,6.1734,6.1767,1.00,1.40
2010.05.11 06:50:52.813,6.17325,6.17655,1.00,4.60
2010.05.11 06:50:53.664,6.1736,6.17655,1.00,3.20
2010.05.11 06:50:54.004,6.1736,6.1768,1.00,3.20
2010.05.11 06:50:54.184,6.1736,6.1769,1.00,1.40
2010.05.11 06:50:55.446,6.17345,6.1767,1.00,1.40
2010.05.11 06:50:57.158,6.17365,6.1769,1.00,1.40
2010.05.11 06:50:57.619,6.17365,6.1768,1.00,3.20
2010.05.11 06:50:58.294,6.17345,6.1767,1.00,1.40
2010.05.11 06:50:58.529,6.17365,6.1769,1.00,1.40
2010.05.11 06:50:58.876,6.17345,6.1767,1.00,1.40
2010.05.11 06:50:59.540,6.17365,6.1769,1.00,1.40
2010.05.11 06:50:59.950,6.1739,6.1768,1.00,3.20
2010.05.11 06:51:00.588,6.1741,6.17725,1.00,3.20
2010.05.11 06:51:03.577,6.1744,6.1777,1.00,1.40
2010.05.11 06:51:03.925,6.1746,6.17775,1.00,3.20
2010.05.11 06:51:04.180,6.1746,6.1779,1.00,1.40
2010.05.11 06:51:07.570,6.1744,6.1777,1.00,1.40
2010.05.11 06:51:08.146,6.1744,6.1775,1.00,3.20
2010.05.11 06:51:08.628,6.1742,6.1775,1.00,4.60
2010.05.11 06:51:08.920,6.1746,6.1779,1.00,1.40
2010.05.11 06:51:10.924,6.1744,6.1777,1.00,1.40
2010.05.11 06:51:11.083,6.1746,6.1779,1.00,1.40
2010.05.11 06:51:11.243,6.1744,6.1777,1.00,1.40
2010.05.11 06:51:12.147,6.1746,6.1779,1.00,1.40
2010.05.11 06:51:16.946,6.1743,6.1775,1.60,1.40
2010.05.11 06:51:17.189,6.1742,6.1775,1.00,4.60
2010.05.11 06:51:17.418,6.1746,6.1775,1.00,3.20
2010.05.11 06:51:17.647,6.1746,6.17785,1.00,1.40
2010.05.11 06:51:18.274,6.17485,6.17815,1.00,1.40
2010.05.11 06:51:18.579,6.1751,6.17835,1.00,1.40
2010.05.11 06:51:19.166,6.1747,6.178,1.00,1.40
2010.05.11 06:51:19.467,6.1751,6.17835,1.00,1.40
2010.05.11 06:51:20.256,6.1751,6.17835,1.80,1.40
2010.05.11 06:51:20.608,6.17535,6.17865,1.00,1.40
2010.05.11 06:51:22.112,6.17555,6.17885,1.00,1.40
2010.05.11 06:51:24.044,6.17605,6.1793,1.00,1.40
2010.05.11 06:51:28.231,6.17635,6.17965,1.00,1.40
2010.05.11 06:51:28.580,6.17655,6.17985,1.00,1.40
2010.05.11 06:51:32.146,6.1763,6.17945,1.60,1.40
2010.05.11 06:51:32.371,6.1765,6.1798,1.00,1.40
2010.05.11 06:51:33.803,6.1765,6.1797,1.00,3.20
2010.05.11 06:51:34.089,6.17635,6.17945,1.00,3.20
2010.05.11 06:51:34.227,6.17615,6.17945,1.00,4.60
2010.05.11 06:51:52.862,6.17615,6.1792,1.00,3.20
2010.05.11 06:51:53.052,6.17585,6.17915,1.00,1.40
2010.05.11 06:51:54.393,6.17565,6.17895,1.00,1.40
2010.05.11 06:51:55.007,6.17565,6.17895,1.00,4.60
2010.05.11 06:51:55.953,6.17585,6.17895,1.00,3.20
2010.05.11 06:51:56.621,6.17585,6.17915,1.00,1.40
2010.05.11 06:51:59.686,6.17605,6.17935,1.00,1.40
2010.05.11 06:52:01.986,6.17585,6.17915,1.00,1.40
2010.05.11 06:52:02.791,6.17605,6.17935,1.00,1.40
2010.05.11 06:52:15.456,6.17615,6.17945,1.00,4.60
2010.05.11 06:52:15.690,6.17565,6.17895,1.80,1.40
2010.05.11 06:52:16.272,6.17565,6.17895,1.00,4.60
2010.05.11 06:52:16.512,6.17585,6.17895,1.00,3.20
2010.05.11 06:52:16.860,6.17565,6.17895,1.00,1.40
2010.05.11 06:52:19.675,6.17585,6.17915,1.00,1.40
2010.05.11 06:52:22.074,6.17585,6.17915,1.00,4.60
2010.05.11 06:52:24.633,6.17585,6.1789,1.00,3.20
2010.05.11 06:52:25.298,6.17565,6.1789,1.00,3.20
2010.05.11 06:52:26.593,6.17565,6.1785,1.00,3.20
2010.05.11 06:52:27.327,6.17505,6.17835,1.00,1.40
2010.05.11 06:52:27.680,6.1746,6.1779,1.00,1.40
2010.05.11 06:52:27.849,6.1742,6.1775,1.00,1.40
2010.05.11 06:52:29.445,6.1742,6.17745,1.00,1.60
2010.05.11 06:52:30.176,6.17395,6.17715,1.00,3.20
2010.05.11 06:52:30.448,6.1734,6.1767,1.00,1.40
2010.05.11 06:52:30.973,6.1734,6.17605,1.00,1.00
2010.05.11 06:52:31.772,6.1731,6.176,1.00,1.60
2010.05.11 06:52:32.115,6.1731,6.1758,1.00,1.00
2010.05.11 06:52:32.324,6.17125,6.17475,1.00,3.20
2010.05.11 06:52:34.082,6.17125,6.17435,1.00,3.20
2010.05.11 06:52:34.465,6.17125,6.175,1.00,3.20
2010.05.11 06:52:34.685,6.17125,6.1751,1.00,3.20
2010.05.11 06:52:35.695,6.17125,6.17435,1.00,1.00
2010.05.11 06:52:36.038,6.17,6.17375,1.00,3.20
2010.05.11 06:52:36.821,6.1697,6.1735,1.00,3.20
2010.05.11 06:52:37.129,6.1697,6.17325,1.00,3.20
2010.05.11 06:52:37.429,6.1694,6.173,1.00,3.20
2010.05.11 06:52:38.242,6.16895,6.1726,1.00,3.30
2010.05.11 06:52:38.587,6.16895,6.17255,1.00,3.20
2010.05.11 06:52:39.159,6.16895,6.1724,1.00,1.00
2010.05.11 06:52:39.472,6.16755,6.1713,1.00,1.00
2010.05.11 06:52:39.789,6.16745,6.1713,1.00,1.00
2010.05.11 06:52:40.588,6.16765,6.1713,1.00,3.30
2010.05.11 06:52:41.277,6.1675,6.17105,1.00,3.20
2010.05.11 06:52:42.074,6.1681,6.1718,1.00,3.20
2010.05.11 06:52:42.316,6.1681,6.1718,1.00,3.30
2010.05.11 06:52:43.463,6.1686,6.1718,1.00,3.20
2010.05.11 06:52:44.009,6.1686,6.1718,1.00,3.20
2010.05.11 06:52:44.359,6.16845,6.1723,1.00,3.30
2010.05.11 06:52:44.677,6.16845,6.172,1.00,1.00
2010.05.11 06:52:45.799,6.16865,6.17205,1.00,3.20
2010.05.11 06:52:46.144,6.16865,6.1723,1.00,3.30
2010.05.11 06:52:46.822,6.16865,6.1723,1.00,3.20
2010.05.11 06:52:47.723,6.16885,6.17285,3.20,4.60
2010.05.11 06:52:49.202,6.16885,6.1725,3.20,1.40
2010.05.11 06:52:49.715,6.16835,6.1724,3.20,3.20
2010.05.11 06:52:49.948,6.1682,6.1718,1.00,3.20
2010.05.11 06:52:51.315,6.1682,6.1715,1.00,1.40
2010.05.11 06:52:55.230,6.1679,6.171,1.00,3.20
2010.05.11 06:52:55.831,6.1674,6.1707,1.00,1.40
2010.05.11 06:52:56.180,6.16745,6.17075,1.00,1.40
2010.05.11 06:52:57.317,6.1679,6.17115,1.00,1.40
2010.05.11 06:52:58.628,6.16725,6.17055,1.00,1.40
2010.05.11 06:53:02.166,6.16705,6.1703,1.00,1.40
2010.05.11 06:53:03.243,6.16705,6.1703,1.00,1.50
2010.05.11 06:53:03.623,6.16705,6.1703,1.00,1.40
2010.05.11 06:53:03.813,6.16705,6.1703,1.00,1.50
2010.05.11 06:53:04.486,6.16705,6.1703,1.00,1.40
2010.05.11 06:53:05.177,6.1672,6.1704,1.00,1.00
2010.05.11 06:53:08.632,6.1672,6.1702,1.00,1.00
2010.05.11 06:53:09.219,6.167,6.1702,1.00,1.00
2010.05.11 06:53:10.376,6.167,6.1703,1.00,1.40
2010.05.11 06:53:10.820,6.1672,6.1704,1.00,1.00
2010.05.11 06:53:11.254,6.1674,6.17065,1.00,1.40
2010.05.11 06:53:16.584,6.1676,6.17065,1.00,1.40
2010.05.11 06:53:17.315,6.1673,6.1706,1.00,1.40
2010.05.11 06:53:21.012,6.1675,6.1706,1.00,1.40
2010.05.11 06:53:21.690,6.1678,6.17105,1.00,1.40
2010.05.11 06:53:22.059,6.168,6.17105,1.00,1.40
2010.05.11 06:53:22.667,6.1681,6.17135,1.00,1.40
2010.05.11 06:53:22.859,6.16825,6.17155,1.00,1.40
2010.05.11 06:53:24.491,6.1686,6.17155,1.00,1.40
2010.05.11 06:53:26.076,6.1687,6.17155,1.00,1.40
2010.05.11 06:53:28.538,6.1692,6.17175,1.00,1.40
2010.05.11 06:53:28.661,6.1692,6.17205,1.00,1.40
2010.05.11 06:53:29.213,6.1687,6.1717,1.00,1.50
2010.05.11 06:53:29.344,6.1689,6.17125,1.00,1.40
2010.05.11 06:53:29.469,6.1687,6.17125,1.00,1.40
2010.05.11 06:53:30.020,6.1684,6.17125,1.00,1.40
2010.05.11 06:53:30.370,6.16815,6.1712,1.60,1.00
2010.05.11 06:53:31.130,6.168,6.17095,1.00,1.40
2010.05.11 06:53:31.481,6.1684,6.17135,1.00,1.40
2010.05.11 06:53:32.829,6.1687,6.17155,1.00,1.40
2010.05.11 06:53:34.272,6.1683,6.17155,1.00,1.40
2010.05.11 06:53:35.707,6.16795,6.17125,1.00,1.40
2010.05.11 06:53:38.344,6.1683,6.1716,1.00,1.40
2010.05.11 06:53:40.360,6.16795,6.17125,1.00,1.40
2010.05.11 06:53:42.199,6.16835,6.1716,1.00,3.20
2010.05.11 06:53:42.493,6.16835,6.17165,1.00,1.40
2010.05.11 06:53:49.704,6.16865,6.17195,1.00,1.40
2010.05.11 06:53:49.795,6.16885,6.1721,1.00,3.20
2010.05.11 06:53:50.584,6.16885,6.17215,1.00,1.40
2010.05.11 06:53:53.785,6.16865,6.17195,1.00,1.40
2010.05.11 06:53:55.340,6.16925,6.17255,1.00,1.40
2010.05.11 06:53:56.427,6.1694,6.17255,1.00,1.40
2010.05.11 06:53:56.720,6.16925,6.17255,1.00,1.40
2010.05.11 06:53:58.092,6.1693,6.17255,1.00,1.40
2010.05.11 06:53:58.555,6.16965,6.1728,1.00,1.60
2010.05.11 06:53:59.213,6.16945,6.17275,1.00,1.40
2010.05.11 06:54:04.068,6.1695,6.17275,1.00,1.40
2010.05.11 06:54:04.206,6.16965,6.17295,1.00,1.40
2010.05.11 06:54:06.553,6.1702,6.17295,1.00,1.40
2010.05.11 06:54:06.773,6.17025,6.17355,1.00,1.40
2010.05.11 06:54:10.811,6.17055,6.17385,1.00,1.40
2010.05.11 06:54:11.138,6.1704,6.1737,1.00,1.40
2010.05.11 06:54:21.171,6.1704,6.1737,1.00,1.50
2010.05.11 06:54:21.352,6.1701,6.1734,1.00,1.40
2010.05.11 06:54:24.532,6.1699,6.1732,1.00,1.40
2010.05.11 06:54:24.785,6.1699,6.1732,1.00,1.50
2010.05.11 06:54:25.037,6.16965,6.1729,1.00,1.40
2010.05.11 06:54:27.605,6.16945,6.17275,1.00,1.40
2010.05.11 06:54:29.149,6.1692,6.17195,1.60,1.40
2010.05.11 06:54:29.480,6.16845,6.17175,1.00,1.40
2010.05.11 06:54:39.042,6.1685,6.17175,1.00,1.40
2010.05.11 06:54:39.157,6.16845,6.17175,1.00,1.40
2010.05.11 06:54:39.977,6.1685,6.17175,1.00,1.40
2010.05.11 06:54:40.192,6.16845,6.17175,1.00,1.40
2010.05.11 06:54:41.222,6.16855,6.17185,1.00,1.40
2010.05.11 06:54:41.568,6.1685,6.17175,1.00,1.40
2010.05.11 06:54:41.914,6.16845,6.17175,1.00,1.40
2010.05.11 06:54:50.981,6.16865,6.17175,1.00,1.40
2010.05.11 06:54:51.816,6.16865,6.17195,1.00,1.40
2010.05.11 06:54:52.264,6.16845,6.17175,1.00,1.40
2010.05.11 06:54:53.297,6.1685,6.17175,1.00,1.40
2010.05.11 06:54:53.644,6.16845,6.17175,1.00,1.40
2010.05.11 06:54:53.977,6.1685,6.17175,1.00,1.40
2010.05.11 06:54:54.535,6.16845,6.17175,1.00,1.40
2010.05.11 06:54:55.610,6.1685,6.17175,1.00,1.40
2010.05.11 06:54:55.831,6.16845,6.17175,1.00,1.40
2010.05.11 06:54:56.986,6.1685,6.17175,1.00,1.40
2010.05.11 06:54:57.435,6.16845,6.17175,1.00,1.40
2010.05.11 06:54:58.594,6.1684,6.1715,1.00,1.00
2010.05.11 06:54:59.355,6.1682,6.17145,1.00,1.40
2010.05.11 06:54:59.968,6.1683,6.17145,1.00,1.40
2010.05.11 06:55:00.402,6.1684,6.17165,1.00,1.40
2010.05.11 06:55:02.575,6.1685,6.17165,1.00,1.40
2010.05.11 06:55:02.767,6.1684,6.17165,1.00,1.40
2010.05.11 06:55:03.031,6.1685,6.17165,1.00,1.40
2010.05.11 06:55:03.574,6.1684,6.17165,1.00,1.40
2010.05.11 06:55:04.516,6.1685,6.17165,1.00,1.40
2010.05.11 06:55:05.356,6.16865,6.17195,1.00,1.40
2010.05.11 06:55:06.520,6.169,6.17215,1.00,1.40
2010.05.11 06:55:08.446,6.1693,6.1723,1.00,1.40
2010.05.11 06:55:08.605,6.1695,6.1723,1.00,1.40
2010.05.11 06:55:09.860,6.1693,6.1723,1.00,1.40
2010.05.11 06:55:09.887,6.1695,6.1723,1.00,1.40
2010.05.11 06:55:10.116,6.1693,6.1723,1.00,1.40
2010.05.11 06:55:10.345,6.169,6.1723,1.00,1.40
2010.05.11 06:55:11.310,6.16935,6.1726,1.00,1.40
2010.05.11 06:55:12.008,6.1697,6.1726,1.00,1.40
2010.05.11 06:55:12.757,6.1706,6.17405,1.00,1.40
2010.05.11 06:55:13.052,6.1708,6.1743,1.00,1.40
2010.05.11 06:55:13.853,6.1704,6.1737,1.00,1.40
2010.05.11 06:55:15.665,6.1704,6.17365,1.00,1.60
2010.05.11 06:55:15.912,6.17015,6.17345,1.00,1.40
2010.05.11 06:55:16.581,6.1703,6.1736,1.00,1.40
2010.05.11 06:55:22.909,6.1707,6.1736,1.00,1.40
2010.05.11 06:55:23.135,6.171,6.1741,1.00,1.40
2010.05.11 06:55:23.346,6.1708,6.1741,1.00,1.40
2010.05.11 06:55:23.563,6.1714,6.17465,1.00,1.40
2010.05.11 06:55:24.174,6.17155,6.17485,1.00,1.40
2010.05.11 06:55:24.476,6.1714,6.17465,1.00,1.40
2010.05.11 06:55:24.771,6.17155,6.17485,1.00,1.40
2010.05.11 06:55:25.836,6.17155,6.17485,1.80,1.40
2010.05.11 06:55:26.635,6.17205,6.17535,1.00,1.40
2010.05.11 06:55:27.686,6.17225,6.17555,1.00,1.40
2010.05.11 06:55:27.999,6.17205,6.17535,1.00,1.40
2010.05.11 06:55:29.377,6.17185,6.17515,1.00,1.40
2010.05.11 06:55:33.442,6.17165,6.17485,1.60,1.40
2010.05.11 06:55:33.910,6.1716,6.17485,1.00,1.40
2010.05.11 06:55:34.209,6.17155,6.17485,1.00,1.40
2010.05.11 06:55:37.078,6.17135,6.17465,1.00,1.40
2010.05.11 06:55:38.814,6.1709,6.1742,1.00,1.40
2010.05.11 06:55:39.013,6.17105,6.17435,1.00,1.40
2010.05.11 06:55:39.685,6.17085,6.17415,1.00,1.40
2010.05.11 06:55:41.148,6.1706,6.1739,1.00,1.40
2010.05.11 06:55:42.170,6.1704,6.1734,1.00,1.40
2010.05.11 06:55:42.520,6.17055,6.17385,1.00,1.40
2010.05.11 06:55:47.348,6.17075,6.17405,1.00,1.40
2010.05.11 06:55:51.082,6.1706,6.1739,1.00,1.40
2010.05.11 06:55:51.354,6.1705,6.17365,1.00,1.40
2010.05.11 06:55:52.407,6.1705,6.1736,1.00,1.00
2010.05.11 06:55:53.148,6.17055,6.17385,1.00,1.40
2010.05.11 06:55:55.934,6.17075,6.17405,1.00,1.40
2010.05.11 06:55:56.163,6.17055,6.17385,1.00,1.40
2010.05.11 06:55:57.120,6.17035,6.17365,1.00,1.40
2010.05.11 06:55:57.467,6.1704,6.17365,1.00,1.40
2010.05.11 06:55:58.412,6.17055,6.1738,1.00,1.40
2010.05.11 06:55:59.228,6.17055,6.17385,1.00,1.40
2010.05.11 06:56:01.853,6.1706,6.17385,1.00,1.40
2010.05.11 06:56:02.045,6.17075,6.17405,1.00,1.40
2010.05.11 06:56:03.090,6.17035,6.17365,1.00,1.40
2010.05.11 06:56:04.244,6.1707,6.17365,1.00,1.40
2010.05.11 06:56:04.955,6.17075,6.174,1.00,1.40
2010.05.11 06:56:05.643,6.1709,6.174,1.00,1.40
2010.05.11 06:56:07.382,6.17075,6.174,1.00,1.40
2010.05.11 06:56:08.633,6.1715,6.17425,1.00,1.60
2010.05.11 06:56:08.769,6.1715,6.17475,1.00,1.40
2010.05.11 06:56:10.028,6.1716,6.17475,1.00,1.40
2010.05.11 06:56:10.364,6.17185,6.17505,3.20,1.40
2010.05.11 06:56:10.687,6.17195,6.17525,1.00,1.40
2010.05.11 06:56:11.463,6.17175,6.17505,1.00,1.40
2010.05.11 06:56:11.810,6.172,6.1751,3.20,3.00
2010.05.11 06:56:12.635,6.17185,6.1751,3.20,1.40
2010.05.11 06:56:12.978,6.1718,6.1751,3.40,1.40
2010.05.11 06:56:13.722,6.172,6.1751,3.20,1.40
2010.05.11 06:56:15.832,6.1724,6.1751,1.00,1.40
2010.05.11 06:56:16.094,6.1725,6.17575,3.20,1.40
2010.05.11 06:56:16.354,6.1727,6.17575,3.20,1.40
2010.05.11 06:56:17.779,6.17325,6.17575,3.20,1.40
2010.05.11 06:56:18.083,6.1734,6.17575,3.20,1.40
2010.05.11 06:56:18.396,6.1732,6.17565,6.40,1.40
2010.05.11 06:56:18.870,6.1732,6.17565,3.20,1.40
2010.05.11 06:56:19.161,6.1734,6.17565,3.20,1.40
2010.05.11 06:56:19.743,6.1732,6.17565,3.20,1.40
2010.05.11 06:56:21.557,6.17365,6.176,3.20,1.40
2010.05.11 06:56:24.706,6.1754,6.176,1.00,1.40
2010.05.11 06:56:24.866,6.17545,6.176,3.20,1.40
2010.05.11 06:56:25.038,6.17545,6.17945,3.20,1.40
2010.05.11 06:56:25.504,6.17575,6.17945,3.20,1.40
2010.05.11 06:56:25.673,6.17625,6.18065,3.20,1.40
2010.05.11 06:56:27.461,6.1767,6.18025,1.00,1.40
2010.05.11 06:56:28.288,6.1771,6.18025,1.00,1.40
2010.05.11 06:56:29.217,6.177,6.18025,1.00,1.40
2010.05.11 06:56:30.243,6.1772,6.1799,3.20,1.00
2010.05.11 06:56:30.388,6.17695,6.1799,3.20,1.00
2010.05.11 06:56:30.855,6.1769,6.1799,1.00,1.00
2010.05.11 06:56:31.018,6.1766,6.18,1.00,3.00
2010.05.11 06:56:31.368,6.1769,6.18,1.00,3.00
2010.05.11 06:56:31.713,6.1769,6.18,1.00,3.10
2010.05.11 06:56:32.481,6.1772,6.1805,3.20,1.40
2010.05.11 06:56:32.816,6.1774,6.1805,3.20,1.40
2010.05.11 06:56:33.158,6.1774,6.1808,3.20,1.40
2010.05.11 06:56:33.944,6.1772,6.1806,3.20,1.40
2010.05.11 06:56:34.284,6.1772,6.1806,3.30,1.40
2010.05.11 06:56:35.153,6.1774,6.1808,1.00,1.40
2010.05.11 06:56:35.385,6.1774,6.1808,3.30,1.40
2010.05.11 06:56:36.054,6.1772,6.1806,3.30,1.40
2010.05.11 06:56:38.756,6.1777,6.1806,1.00,1.40
2010.05.11 06:56:39.053,6.1777,6.181,1.00,1.40
2010.05.11 06:56:39.986,6.1785,6.181,1.60,1.40
2010.05.11 06:56:40.252,6.1787,6.18235,3.20,1.60
2010.05.11 06:56:40.557,6.179,6.1826,1.60,1.40
2010.05.11 06:56:41.548,6.1795,6.1824,1.00,1.40
2010.05.11 06:56:41.900,6.18,6.1827,1.00,1.40
2010.05.11 06:56:42.627,6.18,6.1829,1.00,1.40
2010.05.11 06:56:42.991,6.1815,6.18485,1.00,1.40
2010.05.11 06:56:43.759,6.1813,6.18465,1.00,1.40
2010.05.11 06:56:43.775,6.1811,6.1845,1.00,1.00
2010.05.11 06:56:44.088,6.1815,6.18415,1.00,1.40
2010.05.11 06:56:44.416,6.1813,6.18415,1.00,1.40
2010.05.11 06:56:45.174,6.1813,6.18445,1.00,1.40
2010.05.11 06:56:45.421,6.1817,6.18445,1.00,1.40
2010.05.11 06:56:46.640,6.1815,6.18425,1.00,1.40
2010.05.11 06:56:47.962,6.1818,6.18445,1.00,1.40
2010.05.11 06:56:48.311,6.1818,6.1846,1.00,1.00
2010.05.11 06:56:48.845,6.1815,6.1843,1.00,1.00
2010.05.11 06:56:49.190,6.1818,6.18445,1.00,1.40
2010.05.11 06:56:50.657,6.1823,6.18495,1.00,1.40
2010.05.11 06:56:51.013,6.1825,6.1855,1.00,1.50
2010.05.11 06:56:51.749,6.1825,6.1853,1.00,1.00
2010.05.11 06:56:52.035,6.1829,6.1851,1.00,1.40
2010.05.11 06:56:52.374,6.1825,6.1851,1.00,1.40
2010.05.11 06:56:53.159,6.1832,6.18595,1.00,1.40
2010.05.11 06:56:54.356,6.184,6.18625,1.00,1.40
2010.05.11 06:56:54.602,6.1837,6.1866,1.00,1.00
2010.05.11 06:56:54.847,6.1842,6.18695,1.00,1.40
2010.05.11 06:56:55.529,6.1842,6.187,1.00,1.00
2010.05.11 06:56:57.846,6.184,6.1868,1.00,1.00
2010.05.11 06:56:58.181,6.1842,6.18695,1.00,1.00
2010.05.11 06:56:58.961,6.1835,6.1863,1.00,1.00
2010.05.11 06:56:59.312,6.1835,6.18625,1.00,1.40
2010.05.11 06:56:59.671,6.1837,6.18625,1.00,1.40
2010.05.11 06:57:00.795,6.1832,6.186,1.00,1.00
2010.05.11 06:57:01.087,6.1834,6.1862,1.00,1.00
2010.05.11 06:57:01.293,6.1837,6.18645,1.00,1.40
2010.05.11 06:57:01.998,6.1829,6.1857,1.00,1.00
2010.05.11 06:57:02.211,6.1827,6.1855,1.00,1.00
2010.05.11 06:57:03.010,6.1829,6.1856,1.00,1.40
2010.05.11 06:57:03.360,6.1832,6.18595,1.00,1.40
2010.05.11 06:57:04.128,6.1829,6.1857,1.00,1.00
2010.05.11 06:57:04.483,6.1832,6.18595,1.00,1.40
2010.05.11 06:57:06.630,6.1825,6.1857,1.00,1.40
2010.05.11 06:57:08.915,6.1824,6.1857,1.00,1.50
2010.05.11 06:57:09.490,6.1823,6.1855,1.00,1.40
2010.05.11 06:57:09.711,6.18255,6.1858,1.00,1.60
2010.05.11 06:57:09.926,6.1824,6.1857,1.00,1.40
2010.05.11 06:57:10.556,6.1827,6.1859,1.00,1.00
2010.05.11 06:57:10.899,6.1827,6.1858,1.00,1.40
2010.05.11 06:57:11.247,6.1825,6.1857,1.00,1.40
2010.05.11 06:57:12.555,6.1823,6.18555,1.00,1.40
2010.05.11 06:57:13.176,6.1823,6.18555,1.00,1.40
2010.05.11 06:57:13.642,6.18285,6.1857,1.00,1.00
2010.05.11 06:57:13.930,6.183,6.18615,1.00,1.40
2010.05.11 06:57:16.017,6.1835,6.18665,1.00,1.40
2010.05.11 06:57:16.816,6.1833,6.1863,1.00,3.20
2010.05.11 06:57:18.092,6.1834,6.1863,1.60,3.20
2010.05.11 06:57:18.374,6.1836,6.1864,1.00,3.20
2010.05.11 06:57:19.937,6.18365,6.1864,1.00,3.20
2010.05.11 06:57:21.644,6.1838,6.18675,1.00,3.20
2010.05.11 06:57:21.990,6.1836,6.18655,1.00,3.20
2010.05.11 06:57:23.614,6.1836,6.18665,1.00,3.20
2010.05.11 06:57:24.313,6.1836,6.1865,1.00,3.20
2010.05.11 06:57:24.492,6.1831,6.1864,1.00,1.40
2010.05.11 06:57:25.133,6.1829,6.1862,1.00,1.40
2010.05.11 06:57:25.369,6.1831,6.1864,1.00,1.50
2010.05.11 06:57:25.601,6.1834,6.1867,1.00,1.40
2010.05.11 06:57:26.246,6.1834,6.18655,1.00,3.20
2010.05.11 06:57:26.600,6.18355,6.1868,1.00,3.20
2010.05.11 06:57:27.701,6.1834,6.1867,1.00,1.50
2010.05.11 06:57:28.045,6.1834,6.18655,1.00,3.20
2010.05.11 06:57:29.350,6.1836,6.1868,1.00,3.20
2010.05.11 06:57:29.640,6.18315,6.1864,1.00,1.40
2010.05.11 06:57:30.788,6.1835,6.1864,1.60,1.40
2010.05.11 06:57:31.139,6.1831,6.1864,1.00,1.40
2010.05.11 06:57:31.893,6.1829,6.1862,1.00,1.50
2010.05.11 06:57:32.477,6.1831,6.18625,1.00,3.20
2010.05.11 06:57:32.767,6.1831,6.1864,1.00,1.40
2010.05.11 06:57:33.541,6.1833,6.18655,1.00,3.20
2010.05.11 06:57:33.844,6.18335,6.1866,1.60,1.40
2010.05.11 06:57:34.449,6.18335,6.1863,1.60,1.00
2010.05.11 06:57:35.579,6.1833,6.1863,1.00,1.00
2010.05.11 06:57:35.640,6.1833,6.1865,1.00,3.20
2010.05.11 06:57:35.693,6.1833,6.1865,1.00,3.30
2010.05.11 06:57:36.271,6.1836,6.1868,1.00,3.20
2010.05.11 06:57:37.335,6.1834,6.18675,1.00,1.40
2010.05.11 06:57:37.680,6.18375,6.18705,1.00,4.60
2010.05.11 06:57:38.076,6.18375,6.18705,1.00,1.40
2010.05.11 06:57:38.275,6.1841,6.1873,1.00,3.20
2010.05.11 06:57:40.645,6.18385,6.18705,1.00,3.20
2010.05.11 06:57:41.237,6.18405,6.1873,1.00,3.20
2010.05.11 06:57:42.297,6.18385,6.18725,1.00,1.40
2010.05.11 06:57:42.587,6.18385,6.18705,1.00,3.20
2010.05.11 06:57:43.362,6.18385,6.18655,1.60,3.20
2010.05.11 06:57:43.691,6.18405,6.1873,1.00,3.20
2010.05.11 06:57:44.443,6.1839,6.1871,1.00,1.60
2010.05.11 06:57:44.729,6.1836,6.1869,1.00,1.40
2010.05.11 06:57:45.004,6.1836,6.1868,1.00,3.20
2010.05.11 06:57:46.046,6.1834,6.18655,1.00,3.20
2010.05.11 06:57:47.454,6.1838,6.187,1.00,1.00
2010.05.11 06:57:47.802,6.18365,6.1865,1.00,1.00
2010.05.11 06:57:48.097,6.1833,6.1865,1.00,1.00
2010.05.11 06:57:48.812,6.1834,6.1865,1.00,1.00
2010.05.11 06:57:49.464,6.1836,6.1865,1.00,1.00
2010.05.11 06:57:50.588,6.1842,6.1868,1.00,1.40
2010.05.11 06:57:50.809,6.1842,6.187,1.00,1.50
2010.05.11 06:57:51.027,6.1837,6.1865,1.00,1.00
2010.05.11 06:57:51.799,6.1837,6.1865,1.00,1.00
2010.05.11 06:57:53.754,6.1835,6.1863,1.00,1.00
2010.05.11 06:57:53.990,6.1827,6.1855,1.00,1.00
2010.05.11 06:57:54.987,6.1825,6.1853,1.00,1.00
2010.05.11 06:57:55.337,6.1823,6.1851,1.00,1.00
2010.05.11 06:57:55.918,6.182,6.1848,1.00,1.00
2010.05.11 06:57:56.271,6.1826,6.18505,1.00,1.40
2010.05.11 06:57:57.041,6.1826,6.1853,1.00,1.40
2010.05.11 06:57:58.404,6.1825,6.1853,1.00,1.50
2010.05.11 06:57:59.312,6.1827,6.1853,1.00,1.40
2010.05.11 06:57:59.419,6.1827,6.1855,1.00,1.50
2010.05.11 06:57:59.528,6.183,6.1855,1.00,1.40
2010.05.11 06:57:59.636,6.1827,6.1855,1.00,1.50
2010.05.11 06:58:00.737,6.1825,6.1853,1.00,1.50
2010.05.11 06:58:02.294,6.1823,6.1851,1.00,1.00
2010.05.11 06:58:02.506,6.1823,6.1851,1.00,1.00
2010.05.11 06:58:04.951,6.1829,6.1853,1.00,1.40
2010.05.11 06:58:05.268,6.1827,6.1855,1.00,1.50
2010.05.11 06:58:07.076,6.1825,6.1853,1.00,1.00
2010.05.11 06:58:07.861,6.1822,6.185,1.00,1.00
2010.05.11 06:58:13.145,6.182,6.1848,1.00,1.00
2010.05.11 06:58:13.427,6.1822,6.185,1.00,1.00
2010.05.11 06:58:19.143,6.1824,6.1852,1.00,1.00
2010.05.11 06:58:20.099,6.1829,6.1857,1.00,1.00
2010.05.11 06:58:23.500,6.1829,6.1855,1.00,1.40
2010.05.11 06:58:23.825,6.1824,6.1852,1.00,1.00
2010.05.11 06:58:29.132,6.1826,6.1853,1.00,1.40
2010.05.11 06:58:29.312,6.1824,6.1852,1.00,1.00
2010.05.11 06:58:30.808,6.1826,6.1853,1.00,1.40
2010.05.11 06:58:31.181,6.1824,6.1852,1.00,1.00
2010.05.11 06:58:31.631,6.1823,6.185,1.60,1.00
2010.05.11 06:58:32.276,6.1823,6.185,1.60,1.00
2010.05.11 06:58:32.610,6.1827,6.1855,1.00,1.50
2010.05.11 06:58:36.074,6.1825,6.1853,1.00,1.00
2010.05.11 06:58:36.291,6.1827,6.1855,1.00,1.50
2010.05.11 06:58:38.778,6.1827,6.1855,1.00,2.30
2010.05.11 06:58:38.934,6.1827,6.1855,1.00,1.50
2010.05.11 06:58:40.874,6.1828,6.1855,1.60,1.50
2010.05.11 06:58:41.633,6.1829,6.1857,1.00,1.00
2010.05.11 06:58:43.051,6.1827,6.1855,1.00,1.00
2010.05.11 06:58:43.278,6.1825,6.1853,1.00,1.00
2010.05.11 06:58:43.504,6.1825,6.1853,1.00,1.50
2010.05.11 06:58:43.949,6.1823,6.1851,1.60,1.00
2010.05.11 06:58:44.181,6.1825,6.1853,1.00,1.40
2010.05.11 06:58:44.492,6.1825,6.1853,1.00,1.50
2010.05.11 06:58:46.651,6.1823,6.185,1.60,1.00
2010.05.11 06:58:46.995,6.1822,6.185,1.00,1.00
2010.05.11 06:58:48.484,6.182,6.1848,1.00,1.00
2010.05.11 06:58:49.419,6.1819,6.1847,1.00,1.00
2010.05.11 06:58:50.034,6.1817,6.1845,1.00,1.00
2010.05.11 06:58:50.923,6.1809,6.1837,1.00,1.00
2010.05.11 06:58:51.584,6.1809,6.1837,1.00,1.00
2010.05.11 06:58:52.319,6.1812,6.184,1.00,1.00
2010.05.11 06:58:52.629,6.1809,6.1837,1.00,1.00
2010.05.11 06:58:53.675,6.1811,6.184,1.00,1.00
2010.05.11 06:58:54.015,6.1814,6.1842,1.00,1.00
2010.05.11 06:58:55.912,6.1817,6.1843,1.00,1.40
2010.05.11 06:58:56.871,6.1814,6.1842,1.00,1.00
2010.05.11 06:58:57.560,6.1812,6.184,1.00,1.00
2010.05.11 06:58:58.398,6.1814,6.1842,1.00,1.00
2010.05.11 06:58:58.747,6.1817,6.1837,1.00,1.40
2010.05.11 06:58:58.920,6.1814,6.1837,1.00,1.40
2010.05.11 06:58:59.087,6.1809,6.1837,1.00,1.50
2010.05.11 06:58:59.693,6.1809,6.1837,1.00,1.00
2010.05.11 06:58:59.869,6.1807,6.1835,1.00,1.00
2010.05.11 06:59:00.223,6.1802,6.1829,1.00,1.40
2010.05.11 06:59:00.873,6.1797,6.1825,1.00,1.00
2010.05.11 06:59:01.226,6.18,6.1828,1.00,1.00
2010.05.11 06:59:01.567,6.1795,6.1823,1.00,1.00
2010.05.11 06:59:03.548,6.1797,6.1824,1.00,1.40
2010.05.11 06:59:03.900,6.1797,6.1825,1.00,1.00
2010.05.11 06:59:04.954,6.1795,6.1823,1.00,1.00
2010.05.11 06:59:05.441,6.17965,6.1823,1.60,1.00
2010.05.11 06:59:05.644,6.17965,6.1826,1.60,1.40
2010.05.11 06:59:06.612,6.17965,6.1824,1.60,1.00
2010.05.11 06:59:06.959,6.17965,6.18215,1.60,1.40
2010.05.11 06:59:07.306,6.17965,6.1823,1.60,1.40
2010.05.11 06:59:10.041,6.1792,6.18195,1.70,1.40
2010.05.11 06:59:10.968,6.1789,6.1817,1.00,1.00
2010.05.11 06:59:11.322,6.1787,6.18145,1.70,1.40
2010.05.11 06:59:13.017,6.17895,6.18145,1.60,1.40
2010.05.11 06:59:13.363,6.17895,6.1816,1.60,1.40
2010.05.11 06:59:14.147,6.1787,6.1816,1.70,1.40
2010.05.11 06:59:14.697,6.1789,6.1817,1.00,1.00
2010.05.11 06:59:15.624,6.1787,6.1812,1.60,1.00
2010.05.11 06:59:15.939,6.1787,6.1815,1.70,1.00
2010.05.11 06:59:17.784,6.1787,6.18135,1.00,1.40
2010.05.11 06:59:18.463,6.1784,6.1812,1.00,1.00
2010.05.11 06:59:18.832,6.1784,6.18115,1.00,1.40
2010.05.11 06:59:19.006,6.1784,6.1812,1.00,1.00
2010.05.11 06:59:19.751,6.1782,6.181,1.70,1.00
2010.05.11 06:59:24.272,6.1782,6.18115,1.70,1.40
2010.05.11 06:59:25.029,6.1787,6.1817,1.70,1.00
2010.05.11 06:59:25.317,6.1787,6.1814,1.60,1.00
2010.05.11 06:59:26.649,6.1789,6.1817,1.00,1.00
2010.05.11 06:59:27.713,6.1791,6.1818,1.00,1.40
2010.05.11 06:59:28.045,6.1791,6.1819,1.00,1.00
2010.05.11 06:59:28.917,6.1796,6.1824,1.00,1.40
2010.05.11 06:59:29.113,6.1796,6.1824,1.00,1.00
2010.05.11 06:59:29.728,6.1791,6.1819,1.00,1.00
2010.05.11 06:59:30.256,6.1793,6.1821,1.00,1.00
2010.05.11 06:59:31.019,6.1796,6.1824,1.00,1.00
2010.05.11 06:59:32.585,6.1793,6.1821,1.00,1.00
2010.05.11 06:59:33.795,6.1792,6.1822,1.00,1.00
2010.05.11 06:59:34.284,6.17925,6.1822,1.00,1.00
2010.05.11 06:59:34.455,6.1794,6.1824,1.00,1.00
2010.05.11 06:59:35.619,6.17925,6.1822,1.00,1.00
2010.05.11 06:59:35.692,6.179,6.18215,1.00,1.40
2010.05.11 06:59:36.402,6.179,6.1821,1.00,1.00
2010.05.11 06:59:36.486,6.17885,6.18195,1.00,1.60
2010.05.11 06:59:36.965,6.1788,6.18195,1.00,3.00
2010.05.11 06:59:37.650,6.17865,6.1814,1.00,1.00
2010.05.11 06:59:37.827,6.1788,6.1816,1.00,1.00
2010.05.11 06:59:39.357,6.17905,6.182,1.60,1.00
2010.05.11 06:59:39.644,6.17905,6.1817,1.60,1.00
2010.05.11 06:59:39.783,6.17875,6.1817,1.00,1.00
2010.05.11 06:59:39.855,6.1787,6.1817,1.60,1.00
2010.05.11 06:59:40.937,6.1788,6.1817,1.00,1.00
2010.05.11 06:59:41.334,6.1789,6.1817,1.00,1.00
2010.05.11 06:59:42.579,6.1787,6.1815,1.70,1.00
2010.05.11 06:59:42.888,6.1787,6.1815,1.00,1.00
2010.05.11 06:59:50.578,6.1792,6.18165,1.00,1.40
2010.05.11 06:59:50.817,6.1794,6.18165,1.00,1.40
2010.05.11 06:59:51.485,6.1794,6.182,1.00,1.40
2010.05.11 06:59:51.827,6.1792,6.182,1.60,1.00
2010.05.11 06:59:52.176,6.1794,6.1822,1.00,1.00
2010.05.11 06:59:52.993,6.1792,6.182,1.60,1.00
2010.05.11 06:59:53.339,6.1794,6.1822,1.00,1.00
2010.05.11 06:59:55.138,6.1796,6.1823,1.00,1.40
2010.05.11 06:59:55.488,6.1799,6.1827,1.00,1.00
2010.05.11 06:59:56.973,6.1799,6.1826,1.00,1.00
2010.05.11 06:59:57.319,6.1801,6.1828,1.00,1.40
2010.05.11 06:59:57.640,6.1802,6.1829,1.00,1.00
2010.05.11 06:59:58.108,6.1799,6.1826,1.00,1.00
2010.05.11 06:59:59.829,6.1797,6.1824,1.00,1.00
