2014.03.28 16:00:00.009,6.0058,6.00721,1.08,1.08
2014.03.28 16:00:00.136,6.00584,6.00721,2.18,1.08
2014.03.28 16:00:00.443,6.00587,6.00712,1.60,1.00
2014.03.28 16:00:00.951,6.00584,6.00713,2.18,1.00
2014.03.28 16:00:01.407,6.00584,6.00722,2.18,1.08
2014.03.28 16:00:01.761,6.00584,6.00713,2.18,1.00
2014.03.28 16:00:02.217,6.00592,6.00723,1.60,1.65
2014.03.28 16:00:02.621,6.00591,6.00702,1.60,1.00
2014.03.28 16:00:02.926,6.00584,6.00702,2.10,2.33
2014.03.28 16:00:03.279,6.00584,6.00693,2.10,1.00
2014.03.28 16:00:03.430,6.00566,6.00693,1.60,1.00
2014.03.28 16:00:04.045,6.00561,6.00702,1.68,1.58
2014.03.28 16:00:04.096,6.00586,6.00702,1.18,1.58
2014.03.28 16:00:04.424,6.00607,6.00722,1.78,2.25
2014.03.28 16:00:04.482,6.00614,6.00722,1.18,2.25
2014.03.28 16:00:04.584,6.00587,6.00722,1.78,2.25
2014.03.28 16:00:04.635,6.00595,6.00712,1.60,1.00
2014.03.28 16:00:04.974,6.00612,6.00692,1.18,1.00
2014.03.28 16:00:05.183,6.00612,6.00703,1.18,1.00
2014.03.28 16:00:05.396,6.00612,6.00692,1.18,1.50
2014.03.28 16:00:05.548,6.00575,6.00692,1.60,1.50
2014.03.28 16:00:06.613,6.00558,6.00693,1.78,1.50
2014.03.28 16:00:06.714,6.00558,6.00683,1.78,1.50
2014.03.28 16:00:07.370,6.00592,6.00683,1.00,1.50
2014.03.28 16:00:07.471,6.00592,6.00712,1.08,1.00
2014.03.28 16:00:07.623,6.00592,6.00702,1.08,1.00
2014.03.28 16:00:08.396,6.00592,6.00713,1.08,1.00
2014.03.28 16:00:09.391,6.00592,6.00702,1.08,1.00
2014.03.28 16:00:10.427,6.00591,6.00683,1.18,1.00
2014.03.28 16:00:10.578,6.00569,6.00683,1.78,1.00
2014.03.28 16:00:10.971,6.00569,6.00673,1.78,1.00
2014.03.28 16:00:11.072,6.00569,6.00683,1.78,1.00
2014.03.28 16:00:12.356,6.00569,6.00673,1.78,1.00
2014.03.28 16:00:13.236,6.00569,6.00653,1.78,1.00
2014.03.28 16:00:13.388,6.00569,6.00682,1.78,1.00
2014.03.28 16:00:13.439,6.00587,6.00682,1.18,1.00
2014.03.28 16:00:13.691,6.00595,6.00692,1.00,1.00
2014.03.28 16:00:13.843,6.00602,6.00692,1.00,1.00
2014.03.28 16:00:14.144,6.00608,6.00692,1.00,1.00
2014.03.28 16:00:14.463,6.00604,6.00673,1.00,1.00
2014.03.28 16:00:14.566,6.00599,6.00673,1.00,1.00
2014.03.28 16:00:14.916,6.00607,6.00673,1.00,1.00
2014.03.28 16:00:15.219,6.00607,6.00673,1.08,1.00
2014.03.28 16:00:15.883,6.00615,6.00673,1.00,1.00
2014.03.28 16:00:16.205,6.00615,6.00663,1.00,1.00
2014.03.28 16:00:16.646,6.00615,6.0066,1.00,1.00
2014.03.28 16:00:17.017,6.00613,6.00662,1.00,1.00
2014.03.28 16:00:17.315,6.00613,6.00667,1.00,1.00
2014.03.28 16:00:17.366,6.00616,6.00671,1.00,1.00
2014.03.28 16:00:17.669,6.00626,6.00677,1.00,1.00
2014.03.28 16:00:17.770,6.00626,6.00679,1.00,1.00
2014.03.28 16:00:18.294,6.00626,6.00678,1.00,1.00
2014.03.28 16:00:18.847,6.00626,6.00679,1.08,1.00
2014.03.28 16:00:19.346,6.00626,6.00678,1.08,1.00
2014.03.28 16:00:19.856,6.00683,6.00753,1.18,1.50
2014.03.28 16:00:19.906,6.00693,6.00732,1.10,1.00
2014.03.28 16:00:20.366,6.00693,6.00759,1.18,1.00
2014.03.28 16:00:20.618,6.00704,6.00775,1.00,1.00
2014.03.28 16:00:20.963,6.00709,6.00831,1.00,1.08
2014.03.28 16:00:21.064,6.00705,6.00775,1.00,1.00
2014.03.28 16:00:21.407,6.00703,6.00775,1.00,1.00
2014.03.28 16:00:21.945,6.00701,6.00773,1.00,1.00
2014.03.28 16:00:22.198,6.00684,6.00765,1.60,1.00
2014.03.28 16:00:22.365,6.00684,6.00813,1.60,1.58
2014.03.28 16:00:22.466,6.00673,6.00743,1.18,1.50
2014.03.28 16:00:22.769,6.00631,6.00743,1.00,1.50
2014.03.28 16:00:22.973,6.00655,6.00743,1.18,1.50
2014.03.28 16:00:23.024,6.00655,6.00799,1.18,1.18
2014.03.28 16:00:23.311,6.00635,6.00779,1.25,1.18
2014.03.28 16:00:23.655,6.00635,6.00713,1.18,1.00
2014.03.28 16:00:23.965,6.00635,6.00733,1.18,1.00
2014.03.28 16:00:24.438,6.00635,6.00722,1.18,1.00
2014.03.28 16:00:24.645,6.00635,6.00763,1.18,1.00
2014.03.28 16:00:24.994,6.00635,6.00772,1.18,1.00
2014.03.28 16:00:25.109,6.00635,6.0077,1.18,1.00
2014.03.28 16:00:25.316,6.00635,6.00774,1.18,1.08
2014.03.28 16:00:25.615,6.00635,6.00771,1.18,1.00
2014.03.28 16:00:25.984,6.00635,6.00722,1.18,1.50
2014.03.28 16:00:26.034,6.00594,6.00722,1.78,1.50
2014.03.28 16:00:27.851,6.00599,6.00732,1.75,1.50
2014.03.28 16:00:27.902,6.00616,6.00732,1.18,1.50
2014.03.28 16:00:28.305,6.00616,6.00722,1.18,1.50
2014.03.28 16:00:28.612,6.00616,6.00732,1.18,1.50
2014.03.28 16:00:28.725,6.00616,6.00722,1.18,1.50
2014.03.28 16:00:28.827,6.00616,6.00733,1.18,1.50
2014.03.28 16:00:29.079,6.00616,6.00722,1.18,1.50
2014.03.28 16:00:30.954,6.00583,6.00683,1.18,1.50
2014.03.28 16:00:31.056,6.00575,6.00683,1.00,1.58
2014.03.28 16:00:31.106,6.00575,6.00662,1.00,1.50
2014.03.28 16:00:31.359,6.00532,6.00653,1.00,1.58
2014.03.28 16:00:31.876,6.00531,6.00653,1.35,1.58
2014.03.28 16:00:32.449,6.00512,6.00653,1.18,1.58
2014.03.28 16:00:32.508,6.00512,6.00622,1.18,1.50
2014.03.28 16:00:32.710,6.00496,6.00622,1.18,1.50
2014.03.28 16:00:32.919,6.00496,6.00562,1.18,1.50
2014.03.28 16:00:33.020,6.00478,6.00562,1.08,1.50
2014.03.28 16:00:33.588,6.00476,6.00543,1.18,1.50
2014.03.28 16:00:33.689,6.00458,6.00543,1.08,1.50
2014.03.28 16:00:34.568,6.00458,6.00543,1.00,1.50
2014.03.28 16:00:34.669,6.00438,6.00532,1.18,1.50
2014.03.28 16:00:34.820,6.00425,6.00532,1.60,1.50
2014.03.28 16:00:34.931,6.00435,6.00532,1.18,1.50
2014.03.28 16:00:34.982,6.00435,6.00579,1.18,1.18
2014.03.28 16:00:38.476,6.00452,6.00597,1.18,1.18
2014.03.28 16:00:41.619,6.00475,6.00608,1.18,1.00
2014.03.28 16:00:41.771,6.00475,6.00613,1.18,1.10
2014.03.28 16:00:43.593,6.00475,6.00597,1.18,1.00
2014.03.28 16:00:43.896,6.00455,6.00595,1.25,1.18
2014.03.28 16:00:43.947,6.00452,6.00595,1.18,1.18
2014.03.28 16:00:45.598,6.00462,6.00595,1.60,1.18
2014.03.28 16:00:45.649,6.0047,6.00614,1.18,1.25
2014.03.28 16:00:45.700,6.00478,6.00614,1.50,1.18
2014.03.28 16:00:45.751,6.00491,6.00634,1.18,1.25
2014.03.28 16:00:45.802,6.00491,6.00637,1.18,1.18
2014.03.28 16:00:46.556,6.00498,6.00637,1.50,1.18
2014.03.28 16:00:46.658,6.00517,6.00651,1.18,1.00
2014.03.28 16:00:46.895,6.00517,6.00661,1.18,1.18
2014.03.28 16:00:48.037,6.00497,6.0064,1.65,1.18
2014.03.28 16:00:48.088,6.00494,6.0064,1.18,1.18
2014.03.28 16:00:48.695,6.00494,6.00618,1.18,1.00
2014.03.28 16:00:49.203,6.00494,6.00611,1.18,1.00
2014.03.28 16:01:00.095,6.00494,6.00629,1.18,1.00
2014.03.28 16:01:00.247,6.00494,6.00621,1.18,1.00
2014.03.28 16:01:01.076,6.00513,6.00621,1.18,1.00
2014.03.28 16:01:01.227,6.00528,6.00657,1.50,1.18
2014.03.28 16:01:01.278,6.00538,6.00672,1.18,1.00
2014.03.28 16:01:01.379,6.00538,6.00675,1.18,1.00
2014.03.28 16:01:01.631,6.00538,6.00629,1.18,1.00
2014.03.28 16:01:01.733,6.00488,6.00621,1.18,1.00
2014.03.28 16:01:02.353,6.00498,6.00621,1.00,1.00
2014.03.28 16:01:03.608,6.00557,6.00621,1.00,1.00
2014.03.28 16:01:03.861,6.00557,6.0068,1.65,1.18
2014.03.28 16:01:03.919,6.00516,6.0066,1.18,1.18
2014.03.28 16:01:04.171,6.00516,6.00641,1.18,1.00
2014.03.28 16:01:04.506,6.00516,6.00617,1.18,1.00
2014.03.28 16:01:04.720,6.00528,6.00636,1.50,1.00
2014.03.28 16:01:04.821,6.00562,6.00636,1.00,1.00
2014.03.28 16:01:04.872,6.00562,6.00679,1.00,1.18
2014.03.28 16:01:04.923,6.00562,6.00693,1.08,1.00
2014.03.28 16:01:05.024,6.00586,6.00702,1.00,1.00
2014.03.28 16:01:05.244,6.00586,6.00712,1.00,1.00
2014.03.28 16:01:05.295,6.00588,6.00712,1.00,1.00
2014.03.28 16:01:05.582,6.00584,6.00713,1.08,1.00
2014.03.28 16:01:06.081,6.00584,6.00722,1.08,1.08
2014.03.28 16:01:06.132,6.00591,6.00722,1.00,1.08
2014.03.28 16:01:06.943,6.00598,6.00723,1.18,1.00
2014.03.28 16:01:07.285,6.00598,6.00705,1.18,1.00
2014.03.28 16:01:07.586,6.00587,6.00705,1.00,1.00
2014.03.28 16:01:08.183,6.0058,6.00705,1.18,1.00
2014.03.28 16:01:08.771,6.0058,6.00701,1.18,1.00
2014.03.28 16:01:09.314,6.0056,6.00701,1.25,1.08
2014.03.28 16:01:09.365,6.00557,6.00701,1.18,1.08
2014.03.28 16:01:14.587,6.00557,6.00696,1.18,1.00
2014.03.28 16:01:14.638,6.00557,6.00687,1.18,1.00
2014.03.28 16:01:18.457,6.00518,6.0064,1.00,1.18
2014.03.28 16:01:18.937,6.00518,6.00586,1.00,1.18
2014.03.28 16:01:18.988,6.00472,6.00586,1.00,1.18
2014.03.28 16:01:19.197,6.0047,6.00586,1.00,1.18
2014.03.28 16:01:20.113,6.00476,6.00586,1.00,1.18
2014.03.28 16:01:20.416,6.00517,6.00613,1.18,1.50
2014.03.28 16:01:20.825,6.00535,6.00613,1.18,1.50
2014.03.28 16:01:24.173,6.00515,6.00613,1.18,1.50
2014.03.28 16:01:24.224,6.00502,6.00613,1.18,1.50
2014.03.28 16:01:24.275,6.00482,6.00584,1.18,1.18
2014.03.28 16:01:24.326,6.00479,6.00584,1.00,1.18
2014.03.28 16:01:24.478,6.0046,6.00582,1.00,1.58
2014.03.28 16:01:24.629,6.0046,6.00563,1.00,1.18
2014.03.28 16:01:24.731,6.00457,6.00563,1.00,1.18
2014.03.28 16:01:27.073,6.00459,6.00563,1.00,1.18
2014.03.28 16:01:27.124,6.00459,6.00579,1.00,1.08
2014.03.28 16:01:29.174,6.0051,6.00593,1.18,1.50
2014.03.28 16:01:29.224,6.0051,6.00601,1.18,1.65
2014.03.28 16:01:29.275,6.0051,6.00601,1.18,1.00
2014.03.28 16:01:29.502,6.0051,6.00621,1.18,1.00
2014.03.28 16:01:29.805,6.0051,6.00626,1.18,1.00
2014.03.28 16:01:31.243,6.0051,6.00631,1.18,1.00
2014.03.28 16:01:32.345,6.00491,6.00631,1.18,1.10
2014.03.28 16:01:32.597,6.00501,6.00637,1.00,1.18
2014.03.28 16:01:32.900,6.00533,6.0065,1.18,1.00
2014.03.28 16:01:35.324,6.00533,6.00668,1.18,1.00
2014.03.28 16:01:35.655,6.00533,6.0067,1.18,1.10
2014.03.28 16:01:36.292,6.00533,6.00605,1.18,1.00
2014.03.28 16:01:36.544,6.00503,6.00605,1.18,1.00
2014.03.28 16:01:36.645,6.00483,6.00606,1.18,1.00
2014.03.28 16:01:37.630,6.00504,6.00627,1.00,1.18
2014.03.28 16:01:37.832,6.00527,6.0067,1.18,1.65
2014.03.28 16:01:37.882,6.00527,6.0066,1.18,1.00
2014.03.28 16:01:38.185,6.00527,6.00651,1.18,1.00
2014.03.28 16:01:40.170,6.00527,6.0067,1.18,1.18
2014.03.28 16:01:40.332,6.00544,6.00676,1.18,1.00
2014.03.28 16:01:40.729,6.00544,6.0068,1.18,1.00
2014.03.28 16:01:40.931,6.00544,6.00688,1.18,1.18
2014.03.28 16:01:48.144,6.00566,6.00695,1.18,1.00
2014.03.28 16:01:48.699,6.00584,6.00695,1.18,1.00
2014.03.28 16:01:48.851,6.00584,6.0072,1.18,1.00
2014.03.28 16:01:49.002,6.00606,6.0072,1.18,1.00
2014.03.28 16:01:49.054,6.00606,6.00749,1.18,1.18
2014.03.28 16:01:49.357,6.00587,6.00733,1.18,1.18
2014.03.28 16:01:51.263,6.00607,6.0074,1.18,1.00
2014.03.28 16:01:52.938,6.00607,6.00753,1.18,1.18
2014.03.28 16:01:57.206,6.00583,6.00728,1.18,1.18
2014.03.28 16:02:07.152,6.00563,6.00706,1.80,1.18
2014.03.28 16:02:07.505,6.00545,6.00688,1.18,1.18
2014.03.28 16:02:08.595,6.00526,6.00669,1.08,1.18
2014.03.28 16:02:08.697,6.00502,6.00646,1.18,1.18
2014.03.28 16:02:12.034,6.00483,6.00627,1.18,1.18
2014.03.28 16:02:12.353,6.00464,6.00608,1.18,1.18
2014.03.28 16:02:15.362,6.00478,6.00605,1.00,1.08
2014.03.28 16:02:17.851,6.00507,6.00605,1.00,1.08
2014.03.28 16:02:18.026,6.00507,6.00605,1.00,1.00
2014.03.28 16:02:18.077,6.00483,6.00605,1.18,1.00
2014.03.28 16:02:18.291,6.00507,6.00605,1.00,1.00
2014.03.28 16:02:20.829,6.00483,6.00605,1.18,1.00
2014.03.28 16:02:20.880,6.00491,6.00605,1.00,1.00
2014.03.28 16:02:21.084,6.00507,6.00653,1.18,1.18
2014.03.28 16:02:21.836,6.00535,6.00667,1.18,1.00
2014.03.28 16:02:21.887,6.00535,6.00679,1.18,1.18
2014.03.28 16:02:21.938,6.00552,6.00691,1.18,1.00
2014.03.28 16:02:22.475,6.00552,6.00698,1.18,1.65
2014.03.28 16:02:22.942,6.00552,6.0069,1.18,1.00
2014.03.28 16:02:23.848,6.00552,6.00682,1.18,1.00
2014.03.28 16:02:24.360,6.00552,6.00678,1.18,1.00
2014.03.28 16:02:30.202,6.00552,6.00682,1.18,1.00
2014.03.28 16:02:30.422,6.00552,6.00685,1.18,1.00
2014.03.28 16:02:42.447,6.00558,6.00685,1.18,1.00
2014.03.28 16:02:46.041,6.00567,6.00685,1.00,1.00
2014.03.28 16:02:48.022,6.00571,6.00685,1.00,1.00
2014.03.28 16:02:48.174,6.00592,6.00738,1.18,1.18
2014.03.28 16:02:51.103,6.0058,6.0072,1.10,1.18
2014.03.28 16:02:56.943,6.00586,6.0072,1.00,1.18
2014.03.28 16:02:59.331,6.00574,6.00709,1.18,1.60
2014.03.28 16:02:59.583,6.00523,6.00654,1.00,1.18
2014.03.28 16:03:00.181,6.00522,6.00654,1.00,1.18
2014.03.28 16:03:00.295,6.0052,6.00654,1.00,1.18
2014.03.28 16:03:01.420,6.00519,6.00654,1.00,1.18
2014.03.28 16:03:01.672,6.00519,6.00625,1.00,1.00
2014.03.28 16:03:02.472,6.0052,6.00625,1.10,1.00
2014.03.28 16:03:04.078,6.00509,6.00625,1.00,1.00
2014.03.28 16:03:04.179,6.00504,6.00625,1.00,1.00
2014.03.28 16:03:04.230,6.00504,6.00605,1.00,1.00
2014.03.28 16:03:04.593,6.00519,6.00626,1.00,1.00
2014.03.28 16:03:05.173,6.00516,6.00626,1.00,1.00
2014.03.28 16:03:05.375,6.00502,6.00626,1.08,1.00
2014.03.28 16:03:06.984,6.00518,6.00626,1.18,1.00
2014.03.28 16:03:18.191,6.00539,6.00626,1.18,1.00
2014.03.28 16:03:18.242,6.00539,6.00686,1.18,1.00
2014.03.28 16:03:18.292,6.00568,6.00686,1.18,1.00
2014.03.28 16:03:18.796,6.00568,6.00687,1.18,1.00
2014.03.28 16:03:18.897,6.00568,6.00701,1.18,1.00
2014.03.28 16:03:19.397,6.00587,6.00701,1.18,1.00
2014.03.28 16:03:25.195,6.00587,6.00697,1.18,1.00
2014.03.28 16:03:25.943,6.00587,6.007,1.18,1.00
2014.03.28 16:03:27.827,6.00587,6.00644,1.18,1.00
2014.03.28 16:03:27.877,6.00567,6.00644,1.25,1.00
2014.03.28 16:03:27.928,6.00564,6.00644,1.18,1.00
2014.03.28 16:03:27.979,6.00543,6.00644,1.18,1.00
2014.03.28 16:03:28.080,6.00535,6.00644,1.18,1.00
2014.03.28 16:03:28.130,6.00535,6.00638,1.18,1.00
2014.03.28 16:03:28.910,6.00535,6.00634,1.18,1.00
2014.03.28 16:03:29.011,6.00535,6.00638,1.18,1.00
2014.03.28 16:03:31.030,6.00535,6.00624,1.18,1.00
2014.03.28 16:03:31.384,6.00535,6.00618,1.18,1.00
2014.03.28 16:03:31.552,6.00485,6.00618,1.18,1.00
2014.03.28 16:03:32.287,6.00485,6.00608,1.18,1.00
2014.03.28 16:03:32.541,6.00485,6.00612,1.18,1.50
2014.03.28 16:03:32.643,6.00485,6.00604,1.18,1.00
2014.03.28 16:03:32.946,6.00485,6.00612,1.18,1.50
2014.03.28 16:03:32.997,6.00465,6.00583,1.18,1.50
2014.03.28 16:03:33.098,6.00433,6.00568,1.18,1.00
2014.03.28 16:03:34.583,6.00433,6.00565,1.18,1.00
2014.03.28 16:03:37.440,6.00454,6.00565,1.18,1.00
2014.03.28 16:03:37.793,6.00454,6.00586,1.18,1.00
2014.03.28 16:03:38.950,6.00454,6.0059,1.18,1.50
2014.03.28 16:03:39.001,6.0047,6.0059,1.18,1.50
2014.03.28 16:03:42.801,6.00477,6.0059,1.00,1.00
2014.03.28 16:03:43.154,6.00483,6.0059,1.00,1.00
2014.03.28 16:03:43.272,6.00483,6.0061,1.00,1.00
2014.03.28 16:03:43.823,6.00488,6.0061,1.00,1.00
2014.03.28 16:03:44.025,6.00484,6.0061,1.00,1.00
2014.03.28 16:03:44.126,6.00484,6.00652,1.00,1.00
2014.03.28 16:03:45.362,6.00484,6.0065,1.00,1.00
2014.03.28 16:03:48.538,6.00487,6.0065,1.00,1.00
2014.03.28 16:03:48.873,6.00493,6.0065,1.00,1.00
2014.03.28 16:03:49.178,6.00451,6.00603,1.18,1.50
2014.03.28 16:03:50.687,6.00451,6.0058,1.18,1.00
2014.03.28 16:03:51.857,6.00451,6.00603,1.18,1.50
2014.03.28 16:03:52.780,6.00451,6.00589,1.18,1.00
2014.03.28 16:03:53.672,6.0047,6.00589,1.18,1.00
2014.03.28 16:03:53.874,6.00501,6.00638,1.18,1.00
2014.03.28 16:03:53.925,6.00481,6.00638,1.18,1.00
2014.03.28 16:03:53.976,6.00438,6.00655,1.00,1.00
2014.03.28 16:03:54.177,6.00463,6.00683,1.00,2.82
2014.03.28 16:03:55.592,6.00463,6.00662,1.00,1.00
2014.03.28 16:03:57.912,6.0046,6.00662,1.00,1.00
2014.03.28 16:04:00.730,6.00459,6.00662,1.00,1.00
2014.03.28 16:04:04.547,6.00474,6.00662,1.00,1.00
2014.03.28 16:04:05.157,6.00457,6.00662,1.00,1.00
2014.03.28 16:04:09.859,6.00454,6.00662,1.00,1.00
2014.03.28 16:04:10.736,6.00463,6.00662,1.00,1.00
2014.03.28 16:04:12.729,6.00454,6.00662,1.00,1.00
2014.03.28 16:04:15.123,6.00461,6.00662,1.00,1.00
2014.03.28 16:04:15.799,6.00461,6.00624,1.00,1.00
2014.03.28 16:04:16.102,6.00473,6.00603,1.18,1.50
2014.03.28 16:04:16.363,6.00454,6.00603,1.18,1.50
2014.03.28 16:04:18.141,6.00454,6.0059,1.18,1.00
2014.03.28 16:04:29.281,6.00454,6.00622,1.18,1.18
2014.03.28 16:04:29.332,6.00498,6.00642,1.18,1.18
2014.03.28 16:04:29.383,6.00498,6.00643,1.18,1.00
2014.03.28 16:04:29.484,6.00447,6.00616,1.00,1.00
2014.03.28 16:04:29.585,6.00447,6.00665,1.00,1.00
2014.03.28 16:04:29.691,6.00447,6.00682,1.00,2.07
2014.03.28 16:04:29.839,6.00449,6.00682,1.00,2.07
2014.03.28 16:04:31.273,6.00449,6.00672,1.00,1.00
2014.03.28 16:04:34.572,6.00442,6.00672,1.00,1.00
2014.03.28 16:04:34.675,6.00442,6.00646,1.00,1.00
2014.03.28 16:04:34.826,6.00434,6.00646,1.00,1.00
2014.03.28 16:04:35.256,6.0048,6.00646,1.18,1.00
2014.03.28 16:04:35.797,6.00501,6.00646,1.18,1.00
2014.03.28 16:04:38.494,6.00517,6.00646,1.18,1.00
2014.03.28 16:04:38.875,6.00517,6.00666,1.18,1.00
2014.03.28 16:04:38.926,6.00539,6.00666,1.18,1.00
2014.03.28 16:04:38.976,6.00539,6.00703,1.18,1.08
2014.03.28 16:04:39.077,6.00539,6.00687,1.18,1.00
2014.03.28 16:04:39.279,6.00539,6.00706,1.18,1.18
2014.03.28 16:04:39.380,6.00539,6.00691,1.18,1.00
2014.03.28 16:04:40.538,6.00556,6.00691,1.18,1.00
2014.03.28 16:04:41.598,6.00556,6.00711,1.18,1.00
2014.03.28 16:04:59.642,6.00552,6.00705,1.18,1.18
2014.03.28 16:05:11.951,6.00542,6.00688,1.18,1.18
2014.03.28 16:05:26.651,6.00523,6.00669,1.80,1.18
2014.03.28 16:05:29.455,6.00505,6.00651,1.25,1.18
2014.03.28 16:05:49.519,6.0051,6.00656,1.18,1.18
2014.03.28 16:06:09.670,6.00511,6.00657,1.18,1.18
2014.03.28 16:06:29.715,6.00509,6.00653,1.18,1.18
2014.03.28 16:06:49.891,6.00513,6.00659,1.18,1.18
2014.03.28 16:06:53.518,6.00531,6.00667,1.18,1.00
2014.03.28 16:06:53.720,6.00531,6.00677,1.18,1.18
2014.03.28 16:06:57.551,6.00514,6.00658,1.18,1.18
2014.03.28 16:06:57.932,6.00496,6.0064,1.18,1.18
2014.03.28 16:07:09.421,6.00473,6.00618,1.18,1.18
2014.03.28 16:07:29.454,6.00472,6.00618,1.18,1.18
2014.03.28 16:07:49.361,6.00461,6.00605,1.18,1.18
2014.03.28 16:07:49.916,6.00482,6.00626,1.18,1.25
2014.03.28 16:07:50.018,6.00482,6.00628,1.18,1.18
2014.03.28 16:07:54.006,6.00465,6.0061,1.18,1.18
2014.03.28 16:08:00.928,6.00484,6.00629,1.18,1.18
2014.03.28 16:08:11.336,6.00484,6.00584,1.18,1.00
2014.03.28 16:08:11.488,6.00433,6.00544,1.18,1.18
2014.03.28 16:08:11.539,6.00399,6.00544,1.18,1.18
2014.03.28 16:08:11.690,6.00421,6.00564,1.18,1.25
2014.03.28 16:08:11.741,6.00421,6.00567,1.18,1.18
2014.03.28 16:08:11.791,6.00468,6.00587,1.18,1.18
2014.03.28 16:08:11.842,6.00468,6.00611,1.18,1.18
2014.03.28 16:08:12.987,6.00485,6.00616,1.18,1.00
2014.03.28 16:08:13.342,6.00485,6.00631,1.18,1.18
2014.03.28 16:08:14.627,6.00485,6.00592,1.18,1.00
2014.03.28 16:08:14.829,6.00423,6.00563,1.18,1.58
2014.03.28 16:08:15.031,6.00426,6.00567,1.25,1.18
2014.03.28 16:08:15.082,6.00447,6.0059,1.18,1.18
2014.03.28 16:08:15.132,6.00472,6.0059,1.18,1.18
2014.03.28 16:08:15.184,6.00492,6.00627,1.18,1.00
2014.03.28 16:08:15.235,6.00492,6.00617,1.18,1.00
2014.03.28 16:08:15.336,6.00492,6.00638,1.18,1.18
2014.03.28 16:08:17.149,6.00511,6.00649,1.18,1.08
2014.03.28 16:08:17.486,6.00479,6.00613,1.18,1.50
2014.03.28 16:08:18.230,6.0046,6.00605,1.18,1.18
2014.03.28 16:08:18.929,6.0046,6.00588,1.18,1.00
2014.03.28 16:08:19.239,6.00442,6.00582,1.18,1.58
2014.03.28 16:08:20.060,6.00442,6.00571,1.18,1.00
2014.03.28 16:08:20.950,6.00416,6.0056,1.18,1.18
2014.03.28 16:08:21.166,6.00437,6.0058,1.18,1.08
2014.03.28 16:08:21.267,6.00437,6.00556,1.18,1.00
2014.03.28 16:08:21.630,6.00419,6.00556,1.25,1.00
2014.03.28 16:08:22.084,6.00419,6.0056,1.18,2.18
2014.03.28 16:08:22.135,6.00335,6.00462,1.18,1.50
2014.03.28 16:08:22.361,6.00321,6.00456,1.00,1.18
2014.03.28 16:08:22.464,6.0033,6.00476,1.18,1.18
2014.03.28 16:08:22.566,6.00359,6.00496,1.18,1.18
2014.03.28 16:08:22.617,6.00359,6.00503,1.18,1.18
2014.03.28 16:08:22.668,6.00397,6.00524,1.18,1.18
2014.03.28 16:08:22.719,6.00397,6.00534,1.18,1.00
2014.03.28 16:08:23.233,6.00397,6.00533,1.18,1.00
2014.03.28 16:08:24.079,6.00397,6.00534,1.18,1.00
2014.03.28 16:08:24.438,6.00417,6.00534,1.18,1.00
2014.03.28 16:08:24.591,6.00417,6.00562,1.18,1.58
2014.03.28 16:08:25.740,6.00438,6.00582,1.18,1.25
2014.03.28 16:08:26.021,6.00457,6.00603,1.18,2.40
2014.03.28 16:08:26.670,6.00508,6.00654,1.18,1.18
2014.03.28 16:08:27.406,6.00531,6.00675,1.18,1.18
2014.03.28 16:08:30.414,6.00531,6.00612,1.65,1.50
2014.03.28 16:08:30.667,6.00462,6.00603,1.25,1.18
2014.03.28 16:08:30.768,6.0046,6.00603,1.18,1.18
2014.03.28 16:08:33.606,6.0046,6.00586,1.18,1.18
2014.03.28 16:08:33.657,6.00421,6.00566,1.18,1.18
2014.03.28 16:08:33.860,6.00401,6.00545,1.18,1.18
2014.03.28 16:08:34.011,6.00419,6.00564,1.18,1.18
2014.03.28 16:08:34.062,6.00437,6.00564,1.18,1.18
2014.03.28 16:08:34.113,6.00457,6.00592,1.18,1.00
2014.03.28 16:08:35.735,6.00457,6.00593,1.18,1.00
2014.03.28 16:08:36.576,6.00457,6.00602,1.18,1.08
2014.03.28 16:08:43.836,6.00467,6.00613,1.18,2.25
2014.03.28 16:08:46.529,6.00467,6.00607,1.18,1.00
2014.03.28 16:08:47.788,6.00467,6.00603,1.18,1.00
2014.03.28 16:08:47.940,6.00448,6.00602,1.25,1.50
2014.03.28 16:08:48.092,6.00448,6.00583,1.18,1.50
2014.03.28 16:08:48.373,6.00426,6.00582,1.08,1.00
2014.03.28 16:08:48.909,6.00424,6.00594,1.18,1.18
2014.03.28 16:08:49.060,6.00472,6.00613,1.18,1.18
2014.03.28 16:08:49.111,6.00472,6.0063,1.18,1.00
2014.03.28 16:08:49.212,6.0049,6.0065,1.18,1.00
2014.03.28 16:08:49.725,6.0049,6.00657,1.18,1.18
2014.03.28 16:08:50.666,6.0049,6.00647,1.18,1.00
2014.03.28 16:08:53.487,6.0049,6.00652,1.18,1.08
2014.03.28 16:08:56.293,6.0051,6.00656,1.18,1.00
2014.03.28 16:08:56.621,6.0053,6.0067,1.18,1.00
2014.03.28 16:08:56.823,6.00553,6.00707,1.18,1.00
2014.03.28 16:08:58.903,6.00572,6.00707,1.18,1.00
2014.03.28 16:08:59.110,6.00572,6.00739,1.18,1.18
2014.03.28 16:08:59.161,6.00572,6.00702,1.18,1.00
2014.03.28 16:08:59.464,6.00651,6.00722,1.18,1.00
2014.03.28 16:09:01.095,6.00651,6.00712,1.18,1.00
2014.03.28 16:09:01.347,6.00651,6.00743,1.18,1.00
2014.03.28 16:09:01.398,6.00668,6.00743,1.18,1.00
2014.03.28 16:09:01.721,6.00668,6.00733,1.18,1.00
2014.03.28 16:09:01.771,6.00663,6.00733,1.18,1.00
2014.03.28 16:09:01.973,6.00645,6.00733,1.25,1.00
2014.03.28 16:09:02.125,6.00646,6.00737,1.08,2.10
2014.03.28 16:09:02.226,6.00539,6.00663,1.18,1.50
2014.03.28 16:09:02.277,6.00518,6.00643,1.18,1.18
2014.03.28 16:09:02.328,6.00496,6.00643,1.78,1.18
2014.03.28 16:09:02.429,6.00507,6.00643,1.50,1.18
2014.03.28 16:09:02.631,6.00583,6.00723,1.18,1.00
2014.03.28 16:09:03.136,6.00583,6.0073,1.18,1.18
2014.03.28 16:09:08.351,6.00601,6.00742,1.18,1.08
2014.03.28 16:09:21.567,6.00629,6.00745,2.10,1.18
2014.03.28 16:09:21.819,6.00708,6.00833,1.18,1.00
2014.03.28 16:09:21.870,6.00708,6.00792,1.18,1.50
2014.03.28 16:09:22.021,6.00687,6.00792,1.18,1.50
2014.03.28 16:09:22.123,6.0065,6.00756,1.18,1.18
2014.03.28 16:09:22.224,6.00612,6.00756,1.18,1.18
2014.03.28 16:09:23.108,6.0063,6.00774,1.18,1.18
2014.03.28 16:09:23.564,6.00648,6.00783,1.18,1.00
2014.03.28 16:09:23.920,6.00648,6.00773,1.18,1.00
2014.03.28 16:09:24.675,6.00648,6.00763,1.18,1.00
2014.03.28 16:09:26.482,6.00648,6.00742,1.18,1.00
2014.03.28 16:09:26.895,6.00648,6.00772,1.18,1.00
2014.03.28 16:09:28.020,6.00648,6.00794,1.18,1.18
2014.03.28 16:09:28.274,6.00666,6.00812,1.18,1.18
2014.03.28 16:09:29.867,6.00666,6.00782,1.18,1.00
2014.03.28 16:09:30.284,6.00666,6.00793,1.18,1.00
2014.03.28 16:09:30.616,6.00666,6.00802,1.18,1.00
2014.03.28 16:09:31.063,6.00666,6.00782,1.18,1.00
2014.03.28 16:09:31.714,6.00666,6.00772,1.18,1.00
2014.03.28 16:09:32.163,6.00666,6.00782,1.18,1.00
2014.03.28 16:09:33.281,6.00666,6.00792,1.18,1.00
2014.03.28 16:09:33.804,6.00666,6.00772,1.18,1.00
2014.03.28 16:09:34.157,6.00666,6.00775,1.18,1.00
2014.03.28 16:09:34.309,6.00648,6.00771,1.18,1.00
2014.03.28 16:09:34.410,6.0062,6.00758,1.00,1.18
2014.03.28 16:09:34.651,6.00612,6.00758,1.18,1.18
2014.03.28 16:09:35.366,6.00631,6.00777,1.18,1.18
2014.03.28 16:09:37.114,6.00694,6.00777,2.10,1.18
2014.03.28 16:09:37.277,6.00757,6.00883,1.18,1.00
2014.03.28 16:09:37.328,6.00757,6.00896,1.18,1.38
2014.03.28 16:09:37.631,6.00653,6.00794,1.08,1.18
2014.03.28 16:09:57.738,6.0065,6.00796,1.18,1.18
2014.03.28 16:10:09.813,6.0067,6.00814,1.18,1.18
2014.03.28 16:10:22.591,6.0067,6.008,1.18,1.00
2014.03.28 16:10:22.743,6.00651,6.00795,1.18,1.18
2014.03.28 16:10:24.034,6.00631,6.00755,1.18,1.18
2014.03.28 16:10:24.085,6.00624,6.00755,1.00,1.18
2014.03.28 16:10:24.286,6.00637,6.00783,1.18,1.18
2014.03.28 16:10:33.051,6.00641,6.00783,1.15,1.18
2014.03.28 16:10:33.358,6.0066,6.00804,1.18,1.18
2014.03.28 16:10:41.231,6.00641,6.00771,1.08,1.18
2014.03.28 16:10:41.282,6.00641,6.00771,1.00,1.18
2014.03.28 16:10:41.435,6.00625,6.00771,1.18,1.18
2014.03.28 16:10:41.587,6.0059,6.00735,1.18,1.18
2014.03.28 16:10:42.128,6.00591,6.00734,1.18,1.18
2014.03.28 16:10:51.582,6.00572,6.00716,1.18,1.18
2014.03.28 16:10:51.784,6.00558,6.00696,1.10,1.18
2014.03.28 16:10:51.986,6.00569,6.00714,1.18,1.25
2014.03.28 16:10:52.340,6.00548,6.00694,1.18,1.18
2014.03.28 16:10:53.616,6.00548,6.00681,1.18,1.00
2014.03.28 16:11:12.610,6.00556,6.00681,1.18,1.00
2014.03.28 16:11:18.279,6.00582,6.00681,1.18,1.00
2014.03.28 16:11:18.481,6.00582,6.00727,1.18,1.18
2014.03.28 16:11:19.008,6.00582,6.0071,1.18,1.00
2014.03.28 16:11:38.285,6.00584,6.0071,1.18,1.00
2014.03.28 16:12:02.213,6.00609,6.0071,1.18,1.00
2014.03.28 16:12:02.264,6.00609,6.00752,1.18,1.18
2014.03.28 16:12:02.416,6.00586,6.00732,1.18,1.18
2014.03.28 16:12:18.172,6.00604,6.00731,1.18,1.00
2014.03.28 16:12:38.222,6.00604,6.0075,1.18,1.65
2014.03.28 16:12:38.553,6.00617,6.0075,1.18,1.65
2014.03.28 16:12:38.934,6.00637,6.0075,1.18,1.00
2014.03.28 16:12:57.280,6.00637,6.00769,1.18,1.00
2014.03.28 16:12:58.606,6.00632,6.00769,1.18,1.00
2014.03.28 16:13:03.172,6.00634,6.00769,1.25,1.00
2014.03.28 16:13:03.324,6.00653,6.0079,1.18,1.00
2014.03.28 16:13:03.477,6.00671,6.0079,1.18,1.00
2014.03.28 16:13:03.528,6.00671,6.00817,1.18,1.18
2014.03.28 16:13:07.168,6.00656,6.00802,1.25,1.18
2014.03.28 16:13:07.471,6.00633,6.00777,1.18,1.18
2014.03.28 16:13:07.774,6.00637,6.00758,1.00,1.18
2014.03.28 16:13:07.875,6.00627,6.00758,1.00,1.18
2014.03.28 16:13:09.332,6.00627,6.00758,1.60,1.18
2014.03.28 16:13:09.585,6.00679,6.00822,1.18,1.18
2014.03.28 16:13:09.686,6.00679,6.00804,1.18,1.00
2014.03.28 16:13:09.888,6.00679,6.00822,1.18,1.18
2014.03.28 16:13:13.553,6.00688,6.00822,1.00,1.18
2014.03.28 16:13:16.599,6.00699,6.00843,1.18,1.80
2014.03.28 16:13:18.201,6.00732,6.00876,1.18,1.18
2014.03.28 16:13:18.505,6.00753,6.00897,1.18,1.18
2014.03.28 16:13:18.809,6.00758,6.00897,1.25,1.18
2014.03.28 16:13:19.026,6.00778,6.00924,1.18,1.18
2014.03.28 16:13:20.691,6.00797,6.00938,1.18,1.08
2014.03.28 16:13:20.994,6.00816,6.0096,1.18,1.18
2014.03.28 16:13:21.365,6.00836,6.0098,1.18,1.18
2014.03.28 16:13:22.122,6.00836,6.00969,1.18,1.00
2014.03.28 16:13:22.740,6.00815,6.00961,1.18,1.18
2014.03.28 16:13:29.108,6.00832,6.00969,1.18,1.00
2014.03.28 16:13:30.050,6.00832,6.00978,1.18,1.18
2014.03.28 16:13:31.233,6.00809,6.00953,1.18,1.18
2014.03.28 16:13:37.202,6.00788,6.00929,1.58,1.18
2014.03.28 16:13:37.554,6.00759,6.00903,1.78,1.18
2014.03.28 16:13:39.501,6.00736,6.00879,1.18,1.18
2014.03.28 16:13:39.804,6.00711,6.00843,1.18,1.00
2014.03.28 16:13:40.191,6.00693,6.00837,1.78,1.18
2014.03.28 16:13:40.247,6.00693,6.00837,1.78,1.18
2014.03.28 16:13:40.598,6.00709,6.00837,1.00,1.18
2014.03.28 16:13:41.411,6.00708,6.00837,1.00,1.18
2014.03.28 16:13:42.182,6.00711,6.00837,1.00,1.18
2014.03.28 16:13:43.281,6.00713,6.00837,1.00,1.18
2014.03.28 16:13:44.388,6.00706,6.00837,1.00,1.18
2014.03.28 16:13:47.174,6.00702,6.00837,1.60,1.18
2014.03.28 16:13:48.692,6.00704,6.00837,1.00,1.18
2014.03.28 16:13:49.484,6.00699,6.00837,1.70,1.18
2014.03.28 16:13:51.023,6.00704,6.00837,1.00,1.18
2014.03.28 16:13:57.073,6.00699,6.00837,1.70,1.18
2014.03.28 16:13:59.245,6.00707,6.00837,1.00,1.18
2014.03.28 16:14:00.444,6.00707,6.00848,1.08,1.18
2014.03.28 16:14:02.093,6.00714,6.00848,1.00,1.18
2014.03.28 16:14:02.549,6.00708,6.00848,1.10,1.18
2014.03.28 16:14:08.506,6.00718,6.00848,2.10,1.18
2014.03.28 16:14:08.607,6.00738,6.00871,1.00,1.18
2014.03.28 16:14:08.658,6.00738,6.00871,1.60,1.18
2014.03.28 16:14:09.490,6.00743,6.00889,2.25,1.25
2014.03.28 16:14:11.462,6.00757,6.00889,1.00,1.18
2014.03.28 16:14:11.812,6.00752,6.00889,1.60,1.18
2014.03.28 16:14:12.014,6.00743,6.00885,1.78,1.25
2014.03.28 16:14:12.065,6.00734,6.00866,1.00,1.18
2014.03.28 16:14:13.531,6.00728,6.00866,1.00,1.18
2014.03.28 16:14:13.633,6.00726,6.00866,1.43,1.18
2014.03.28 16:14:24.947,6.00739,6.00866,1.00,1.18
2014.03.28 16:14:25.000,6.00739,6.00886,1.08,1.18
2014.03.28 16:14:25.101,6.00739,6.00878,1.00,1.18
2014.03.28 16:14:25.152,6.00734,6.00878,1.00,1.18
2014.03.28 16:14:28.787,6.00734,6.0086,1.00,1.18
2014.03.28 16:14:29.983,6.00722,6.0086,1.60,1.18
2014.03.28 16:14:37.497,6.00745,6.0086,2.10,1.18
2014.03.28 16:14:37.599,6.00745,6.00876,2.10,1.18
2014.03.28 16:14:39.392,6.00747,6.00896,2.10,1.80
2014.03.28 16:14:39.544,6.00745,6.00875,2.10,1.18
2014.03.28 16:14:44.842,6.00735,6.00859,1.00,1.18
2014.03.28 16:14:44.944,6.00727,6.00859,1.00,1.18
2014.03.28 16:14:55.516,6.0073,6.00859,1.00,1.18
2014.03.28 16:15:00.717,6.00727,6.00859,1.00,1.18
2014.03.28 16:15:00.930,6.00736,6.00859,1.00,1.18
2014.03.28 16:15:05.157,6.00736,6.00865,1.00,1.18
2014.03.28 16:15:05.661,6.00737,6.00865,1.00,1.18
2014.03.28 16:15:06.290,6.00736,6.00865,1.00,1.18
2014.03.28 16:15:06.444,6.00726,6.00865,1.00,1.18
2014.03.28 16:15:07.075,6.00726,6.00863,1.00,1.25
2014.03.28 16:15:07.378,6.00705,6.00843,2.85,1.18
2014.03.28 16:15:15.510,6.00707,6.00843,1.60,1.18
2014.03.28 16:15:17.023,6.00726,6.00843,1.00,1.18
2014.03.28 16:15:22.522,6.00721,6.00843,1.00,1.18
2014.03.28 16:15:22.725,6.00707,6.00843,1.60,1.18
2014.03.28 16:15:23.112,6.00696,6.00843,1.60,1.18
2014.03.28 16:15:23.688,6.00696,6.00821,1.60,1.18
2014.03.28 16:15:43.636,6.0068,6.00817,2.10,1.18
2014.03.28 16:15:53.073,6.00678,6.00817,1.00,1.18
2014.03.28 16:15:53.174,6.00678,6.00799,1.00,1.18
2014.03.28 16:15:53.477,6.00678,6.00781,1.00,1.18
2014.03.28 16:15:53.579,6.00651,6.00781,2.10,1.18
2014.03.28 16:16:13.567,6.00651,6.0078,2.10,1.18
2014.03.28 16:16:21.059,6.00651,6.00761,2.10,1.00
2014.03.28 16:16:21.438,6.00651,6.00759,2.10,1.00
2014.03.28 16:16:21.640,6.00651,6.00768,2.10,1.00
2014.03.28 16:16:21.741,6.00674,6.00768,2.10,1.00
2014.03.28 16:16:21.842,6.00674,6.008,2.10,1.18
2014.03.28 16:16:22.945,6.00674,6.00819,2.10,1.08
2014.03.28 16:16:23.097,6.00688,6.0082,1.60,1.18
2014.03.28 16:16:25.349,6.00685,6.00806,2.10,1.00
2014.03.28 16:16:27.593,6.00657,6.00806,2.93,1.00
2014.03.28 16:16:27.644,6.00657,6.00797,1.68,1.00
2014.03.28 16:16:27.964,6.00657,6.00778,2.10,1.00
2014.03.28 16:16:28.166,6.00658,6.00792,1.60,1.00
2014.03.28 16:16:29.071,6.00657,6.00797,2.10,1.10
2014.03.28 16:16:29.410,6.00653,6.00781,2.10,1.00
2014.03.28 16:16:30.734,6.00653,6.00776,2.10,1.00
2014.03.28 16:16:31.840,6.00653,6.00772,2.10,1.00
2014.03.28 16:16:33.890,6.00653,6.0078,2.10,1.00
2014.03.28 16:16:36.640,6.00653,6.00772,2.10,1.00
2014.03.28 16:16:39.112,6.00647,6.00772,2.03,1.00
2014.03.28 16:16:39.703,6.00647,6.00773,2.03,1.00
2014.03.28 16:16:39.833,6.00647,6.0077,2.03,1.00
2014.03.28 16:16:40.266,6.00647,6.00775,2.03,1.00
2014.03.28 16:16:42.068,6.00647,6.00773,2.03,1.00
2014.03.28 16:16:42.450,6.00646,6.0077,1.13,1.00
2014.03.28 16:16:42.601,6.00646,6.0078,1.13,1.00
2014.03.28 16:16:49.215,6.00637,6.00737,1.63,1.00
2014.03.28 16:16:49.497,6.00602,6.00715,1.18,1.00
2014.03.28 16:16:49.548,6.00587,6.00715,1.68,1.00
2014.03.28 16:16:50.535,6.00587,6.00718,1.60,1.00
2014.03.28 16:16:52.384,6.00637,6.00748,2.10,1.00
2014.03.28 16:16:52.435,6.00637,6.0077,2.10,1.08
2014.03.28 16:16:52.637,6.00606,6.0077,1.18,1.08
2014.03.28 16:16:52.688,6.00597,6.00723,1.00,1.00
2014.03.28 16:16:52.991,6.00608,6.00723,1.00,1.10
2014.03.28 16:16:53.798,6.00598,6.00723,1.00,1.10
2014.03.28 16:16:54.569,6.00578,6.00723,1.60,1.10
2014.03.28 16:16:55.669,6.00577,6.00722,1.60,1.00
2014.03.28 16:16:56.461,6.00574,6.00725,2.10,1.08
2014.03.28 16:16:58.112,6.00574,6.00721,2.10,1.00
2014.03.28 16:16:58.588,6.00574,6.00719,2.10,1.00
2014.03.28 16:16:59.510,6.00574,6.00724,2.10,1.08
2014.03.28 16:16:59.764,6.00574,6.00711,2.10,1.18
2014.03.28 16:17:00.192,6.00574,6.00703,2.10,1.00
2014.03.28 16:17:00.500,6.00574,6.00715,2.10,1.00
2014.03.28 16:17:02.356,6.00587,6.00729,1.60,1.00
2014.03.28 16:17:02.508,6.00598,6.00729,1.00,1.00
2014.03.28 16:17:05.629,6.00598,6.00728,1.00,1.00
2014.03.28 16:17:06.528,6.00612,6.00728,2.10,1.00
2014.03.28 16:17:06.629,6.00612,6.00748,2.10,1.65
2014.03.28 16:17:06.680,6.00612,6.00748,2.10,1.00
2014.03.28 16:17:06.731,6.00618,6.00766,2.10,1.08
2014.03.28 16:17:08.718,6.00638,6.00766,1.00,1.08
2014.03.28 16:17:10.408,6.00618,6.00768,1.50,1.18
2014.03.28 16:17:10.714,6.00607,6.00743,1.60,1.18
2014.03.28 16:17:19.059,6.00618,6.00743,1.00,1.18
2014.03.28 16:17:21.620,6.00587,6.00707,2.10,1.00
2014.03.28 16:17:21.923,6.00587,6.00703,1.60,1.18
2014.03.28 16:17:30.869,6.00609,6.00704,2.10,1.00
2014.03.28 16:17:30.970,6.00609,6.00732,2.10,1.18
2014.03.28 16:17:34.556,6.00609,6.00741,2.10,1.00
2014.03.28 16:17:34.607,6.00653,6.00752,2.10,1.18
2014.03.28 16:17:34.657,6.00653,6.00766,2.10,1.18
2014.03.28 16:17:34.758,6.00653,6.00791,2.10,1.00
2014.03.28 16:17:35.128,6.00679,6.008,2.10,1.65
2014.03.28 16:17:35.229,6.00679,6.008,2.10,1.00
2014.03.28 16:17:35.994,6.00679,6.00795,2.10,1.00
2014.03.28 16:17:36.366,6.00679,6.00791,2.10,1.00
2014.03.28 16:17:36.999,6.00679,6.00786,2.10,1.00
2014.03.28 16:17:37.127,6.00663,6.00786,1.18,1.00
2014.03.28 16:17:37.228,6.00634,6.00747,1.18,1.00
2014.03.28 16:17:37.783,6.00634,6.00746,1.18,1.00
2014.03.28 16:17:41.489,6.00634,6.00752,1.18,1.00
2014.03.28 16:17:43.152,6.00634,6.00747,1.18,1.00
2014.03.28 16:17:46.329,6.00634,6.00755,1.18,1.00
2014.03.28 16:17:46.531,6.00653,6.00755,1.18,1.00
2014.03.28 16:17:47.003,6.00653,6.00765,1.18,1.00
2014.03.28 16:17:47.208,6.00653,6.00763,1.18,1.00
2014.03.28 16:17:47.943,6.00653,6.00764,1.18,1.00
2014.03.28 16:17:54.339,6.00653,6.00769,1.18,1.00
2014.03.28 16:17:57.349,6.00634,6.00769,1.18,1.00
2014.03.28 16:17:58.951,6.00634,6.00777,1.18,1.08
2014.03.28 16:18:11.250,6.00616,6.00761,1.18,1.18
2014.03.28 16:18:11.301,6.00616,6.00751,1.18,1.00
2014.03.28 16:18:12.487,6.00616,6.00748,1.18,1.00
2014.03.28 16:18:12.791,6.00634,6.00748,1.18,1.00
2014.03.28 16:18:12.841,6.00634,6.00751,1.18,1.00
2014.03.28 16:18:13.048,6.00634,6.00744,1.18,1.00
2014.03.28 16:18:13.200,6.00608,6.00744,1.18,1.00
2014.03.28 16:18:13.358,6.00608,6.00727,1.18,1.00
2014.03.28 16:18:14.147,6.00608,6.00752,1.55,1.18
2014.03.28 16:18:14.197,6.00626,6.00755,1.18,1.00
2014.03.28 16:18:18.212,6.00626,6.00757,1.18,1.00
2014.03.28 16:18:19.221,6.00626,6.00753,1.18,1.00
2014.03.28 16:18:20.551,6.00626,6.00745,1.18,1.00
2014.03.28 16:18:21.038,6.00626,6.0074,1.18,1.00
2014.03.28 16:18:21.282,6.00626,6.00744,1.18,1.00
2014.03.28 16:18:22.059,6.00626,6.00749,1.18,1.00
2014.03.28 16:18:22.269,6.00646,6.00736,1.18,1.00
2014.03.28 16:18:22.370,6.00629,6.00736,1.25,1.00
2014.03.28 16:18:23.369,6.00629,6.00733,1.18,1.00
2014.03.28 16:18:23.589,6.00629,6.00736,1.18,1.00
2014.03.28 16:18:23.963,6.00629,6.00745,1.18,1.00
2014.03.28 16:18:42.523,6.00634,6.00745,1.18,1.00
2014.03.28 16:18:50.147,6.00634,6.00744,1.18,1.00
2014.03.28 16:19:02.915,6.00637,6.00744,1.18,1.00
2014.03.28 16:19:03.609,6.00637,6.00744,1.78,1.00
2014.03.28 16:19:09.286,6.00637,6.00741,1.78,1.00
2014.03.28 16:19:09.639,6.00637,6.00745,1.78,1.00
2014.03.28 16:19:12.366,6.00637,6.0074,1.78,1.00
2014.03.28 16:19:17.988,6.00637,6.00745,1.78,1.00
2014.03.28 16:19:24.376,6.00636,6.00741,1.78,1.00
2014.03.28 16:19:24.592,6.00636,6.00745,1.78,1.00
2014.03.28 16:19:31.175,6.00636,6.00741,1.78,1.00
2014.03.28 16:19:33.606,6.00636,6.00761,1.78,1.00
2014.03.28 16:19:33.758,6.00656,6.00761,1.18,1.00
2014.03.28 16:19:33.859,6.00656,6.00765,1.18,1.00
2014.03.28 16:19:34.061,6.00656,6.00771,1.18,1.00
2014.03.28 16:19:34.112,6.00673,6.00771,2.10,1.00
2014.03.28 16:19:34.389,6.00673,6.00774,2.10,1.00
2014.03.28 16:19:35.905,6.00673,6.00773,2.10,1.00
2014.03.28 16:19:36.586,6.00673,6.00711,2.10,1.00
2014.03.28 16:19:36.637,6.00628,6.00698,1.00,1.00
2014.03.28 16:19:36.688,6.00586,6.00698,2.10,1.00
2014.03.28 16:19:36.839,6.00655,6.00698,2.10,1.00
2014.03.28 16:19:37.143,6.00676,6.00702,1.50,1.00
2014.03.28 16:19:37.225,6.00676,6.00765,2.10,1.00
2014.03.28 16:19:37.377,6.00676,6.00767,2.10,1.00
2014.03.28 16:19:37.557,6.00676,6.0076,2.10,1.00
2014.03.28 16:19:39.540,6.00676,6.00753,2.10,1.00
2014.03.28 16:19:40.557,6.00676,6.00765,2.10,1.00
2014.03.28 16:19:40.607,6.00681,6.00765,2.10,1.00
2014.03.28 16:19:41.141,6.00681,6.00766,2.10,1.00
2014.03.28 16:19:41.452,6.00681,6.00768,2.10,1.00
2014.03.28 16:19:42.878,6.00681,6.00766,2.10,1.00
2014.03.28 16:19:43.228,6.00681,6.00759,2.10,1.00
2014.03.28 16:19:44.084,6.00681,6.00788,2.10,1.18
2014.03.28 16:19:44.135,6.00713,6.00788,2.10,1.18
2014.03.28 16:19:44.287,6.00713,6.00811,2.10,1.18
2014.03.28 16:19:44.388,6.00713,6.00818,2.10,1.00
2014.03.28 16:19:49.792,6.00713,6.00841,2.10,1.18
2014.03.28 16:19:49.843,6.0078,6.00841,2.10,1.18
2014.03.28 16:19:49.995,6.0078,6.0086,2.10,1.08
2014.03.28 16:19:50.925,6.0078,6.00866,2.10,1.00
2014.03.28 16:19:52.195,6.0078,6.00869,2.10,1.00
2014.03.28 16:19:53.076,6.0078,6.00864,2.10,1.00
2014.03.28 16:19:53.846,6.0078,6.00823,2.10,1.00
2014.03.28 16:19:53.897,6.00738,6.00821,1.78,1.00
2014.03.28 16:19:53.998,6.0073,6.00821,2.10,1.00
2014.03.28 16:19:54.099,6.0072,6.00789,1.18,1.00
2014.03.28 16:19:54.200,6.00698,6.00779,1.18,1.00
2014.03.28 16:19:54.352,6.00674,6.00779,1.78,1.00
2014.03.28 16:19:55.044,6.00674,6.00778,1.78,1.00
2014.03.28 16:19:55.740,6.00674,6.00783,1.78,1.00
2014.03.28 16:19:57.628,6.00674,6.00777,1.78,1.00
2014.03.28 16:19:58.276,6.00709,6.00777,2.10,1.00
2014.03.28 16:19:58.377,6.00709,6.0082,2.10,1.18
2014.03.28 16:19:58.428,6.00709,6.00826,2.10,1.00
2014.03.28 16:19:58.579,6.00709,6.00841,2.10,1.08
2014.03.28 16:20:01.566,6.00709,6.0083,2.10,1.00
2014.03.28 16:20:04.626,6.00709,6.00835,2.10,1.00
2014.03.28 16:20:05.139,6.00709,6.00838,2.10,1.08
2014.03.28 16:20:18.576,6.00709,6.0084,2.10,1.00
2014.03.28 16:20:19.396,6.00709,6.00837,2.10,1.00
2014.03.28 16:20:19.597,6.00709,6.0084,2.10,1.00
2014.03.28 16:20:30.395,6.00702,6.0084,1.78,1.00
2014.03.28 16:20:38.589,6.00705,6.0084,1.78,1.00
2014.03.28 16:20:58.566,6.00703,6.0084,1.78,1.00
2014.03.28 16:21:01.524,6.00703,6.0084,1.78,1.00
2014.03.28 16:21:07.354,6.00692,6.00826,2.10,1.18
2014.03.28 16:21:11.986,6.007,6.0084,1.78,1.18
2014.03.28 16:21:26.638,6.00679,6.00823,1.18,1.18
2014.03.28 16:21:26.976,6.00679,6.00809,1.18,1.00
2014.03.28 16:21:35.169,6.00655,6.00798,1.78,1.18
2014.03.28 16:21:36.616,6.00682,6.0081,1.18,1.00
2014.03.28 16:21:40.714,6.00682,6.00812,1.18,1.00
2014.03.28 16:21:45.120,6.00682,6.00811,1.18,1.00
2014.03.28 16:21:47.777,6.00682,6.00813,1.18,1.00
2014.03.28 16:21:57.104,6.00682,6.0081,1.50,1.00
2014.03.28 16:21:57.257,6.00673,6.0081,1.78,1.00
2014.03.28 16:21:57.509,6.00691,6.00813,1.18,1.00
2014.03.28 16:22:00.735,6.00691,6.00812,1.18,1.00
2014.03.28 16:22:07.315,6.00691,6.0081,1.18,1.00
2014.03.28 16:22:10.703,6.00691,6.00812,1.18,1.00
2014.03.28 16:22:20.179,6.00691,6.0081,1.18,1.00
2014.03.28 16:22:20.749,6.00691,6.00811,1.18,1.00
2014.03.28 16:22:32.737,6.00691,6.00805,1.18,1.00
2014.03.28 16:22:33.406,6.00691,6.0081,1.18,1.00
2014.03.28 16:22:37.744,6.00681,6.0081,1.78,1.00
2014.03.28 16:22:46.153,6.00681,6.00816,1.78,1.00
2014.03.28 16:22:46.355,6.00681,6.00809,1.78,1.00
2014.03.28 16:22:48.141,6.00681,6.00811,1.78,1.00
2014.03.28 16:22:48.752,6.00681,6.0081,1.78,1.00
2014.03.28 16:22:51.317,6.00681,6.00817,1.78,1.00
2014.03.28 16:22:51.513,6.00681,6.0081,1.78,1.00
2014.03.28 16:22:58.224,6.00673,6.0081,1.78,1.00
2014.03.28 16:22:58.673,6.00673,6.0081,1.78,1.00
2014.03.28 16:22:59.004,6.00673,6.00812,1.78,1.00
2014.03.28 16:22:59.105,6.00692,6.00812,1.18,1.00
2014.03.28 16:23:08.127,6.00692,6.00809,1.18,1.00
2014.03.28 16:23:08.228,6.00673,6.00809,1.78,1.00
2014.03.28 16:23:09.222,6.00673,6.00811,1.78,1.00
2014.03.28 16:23:17.632,6.00673,6.00783,1.18,1.00
2014.03.28 16:23:17.885,6.00656,6.00783,1.78,1.00
2014.03.28 16:23:19.672,6.00657,6.0078,1.68,1.00
2014.03.28 16:23:28.443,6.00658,6.00777,1.08,1.00
2014.03.28 16:23:28.797,6.00636,6.00774,1.18,1.08
2014.03.28 16:23:32.189,6.00636,6.0077,1.18,1.00
2014.03.28 16:23:37.284,6.00636,6.00741,1.18,1.00
2014.03.28 16:23:38.793,6.00636,6.00744,1.18,1.00
2014.03.28 16:23:38.844,6.00618,6.00744,1.58,1.10
2014.03.28 16:23:38.945,6.00618,6.00744,1.50,1.10
2014.03.28 16:23:39.442,6.00618,6.00725,1.50,1.00
2014.03.28 16:23:40.222,6.00618,6.00691,1.50,1.00
2014.03.28 16:23:49.592,6.00618,6.0066,1.50,1.00
2014.03.28 16:23:49.693,6.00578,6.00678,2.82,1.00
2014.03.28 16:23:49.795,6.00578,6.00656,2.07,1.00
2014.03.28 16:23:50.048,6.00517,6.0066,1.18,1.18
2014.03.28 16:23:50.100,6.00517,6.00649,1.18,1.00
2014.03.28 16:23:51.231,6.00517,6.00621,1.18,1.00
2014.03.28 16:23:51.636,6.00517,6.0065,1.18,1.00
2014.03.28 16:23:52.404,6.00517,6.00655,1.18,1.08
2014.03.28 16:23:52.773,6.00534,6.00655,1.18,1.00
2014.03.28 16:23:52.942,6.00534,6.00659,1.18,1.00
2014.03.28 16:23:54.395,6.00537,6.00673,1.58,1.08
2014.03.28 16:23:54.599,6.00534,6.00668,1.18,1.00
2014.03.28 16:23:55.046,6.00534,6.00664,1.18,1.00
2014.03.28 16:23:55.252,6.00534,6.00668,1.18,1.00
2014.03.28 16:23:59.886,6.00537,6.00676,1.58,1.08
2014.03.28 16:24:01.002,6.00537,6.00656,1.58,1.00
2014.03.28 16:24:01.821,6.00537,6.00637,1.58,1.00
2014.03.28 16:24:02.152,6.00537,6.00612,1.58,1.00
2014.03.28 16:24:02.253,6.00551,6.00676,1.18,1.00
2014.03.28 16:24:03.546,6.00558,6.00676,1.50,1.00
2014.03.28 16:24:03.783,6.00558,6.00681,1.50,1.00
2014.03.28 16:24:06.735,6.00551,6.00667,1.18,1.00
2014.03.28 16:24:06.937,6.00551,6.00676,1.18,1.00
2014.03.28 16:24:08.759,6.00551,6.00671,1.18,1.00
2014.03.28 16:24:11.619,6.00551,6.00668,1.18,1.00
2014.03.28 16:24:11.922,6.00525,6.0065,1.18,1.00
2014.03.28 16:24:12.024,6.00503,6.00649,1.18,1.18
2014.03.28 16:24:12.954,6.00503,6.00646,1.18,1.25
2014.03.28 16:24:13.257,6.00498,6.00601,1.00,1.18
2014.03.28 16:24:14.310,6.00467,6.00575,1.00,1.18
2014.03.28 16:24:15.802,6.00457,6.00575,1.00,1.18
2014.03.28 16:24:16.175,6.00457,6.00594,1.00,1.18
2014.03.28 16:24:16.276,6.00478,6.00594,1.00,1.18
2014.03.28 16:24:17.242,6.00487,6.00594,1.00,1.18
2014.03.28 16:24:18.084,6.00478,6.00594,1.00,1.18
2014.03.28 16:24:19.885,6.00467,6.00594,1.00,1.18
2014.03.28 16:24:20.143,6.00497,6.00594,1.00,1.18
2014.03.28 16:24:20.284,6.00488,6.00594,1.00,1.18
2014.03.28 16:24:25.545,6.00488,6.00614,1.00,1.25
2014.03.28 16:24:25.596,6.005,6.00617,1.00,1.65
2014.03.28 16:24:25.899,6.00498,6.00617,1.58,1.18
2014.03.28 16:24:26.046,6.00516,6.0066,1.18,1.08
2014.03.28 16:24:35.294,6.00516,6.00655,1.18,1.00
2014.03.28 16:24:36.053,6.00516,6.00659,1.18,1.08
2014.03.28 16:24:46.180,6.00515,6.00659,1.18,1.18
2014.03.28 16:24:48.271,6.00518,6.00659,2.18,1.18
2014.03.28 16:24:48.422,6.00532,6.00678,1.78,1.18
2014.03.28 16:24:58.586,6.00551,6.00683,1.18,1.00
2014.03.28 16:24:58.738,6.00569,6.00703,1.18,1.00
2014.03.28 16:24:59.026,6.00569,6.00711,1.18,1.08
2014.03.28 16:25:14.237,6.00569,6.00712,1.78,1.08
2014.03.28 16:25:14.540,6.00613,6.00732,1.18,1.00
2014.03.28 16:25:14.994,6.00613,6.00753,1.18,1.08
2014.03.28 16:25:34.579,6.00611,6.00753,1.18,1.08
2014.03.28 16:25:39.632,6.00611,6.00742,1.18,1.00
2014.03.28 16:25:40.784,6.00618,6.00742,2.10,1.00
2014.03.28 16:25:41.038,6.00642,6.00782,1.18,1.08
2014.03.28 16:25:42.561,6.00642,6.00773,1.18,1.00
2014.03.28 16:25:42.912,6.00642,6.00763,1.18,1.00
2014.03.28 16:25:43.013,6.00642,6.00773,1.18,1.00
2014.03.28 16:25:43.552,6.00642,6.00772,1.18,1.00
2014.03.28 16:25:43.866,6.00642,6.00782,1.18,1.08
2014.03.28 16:25:54.315,6.00642,6.00747,1.18,2.10
2014.03.28 16:25:54.517,6.00548,6.00684,1.00,1.18
2014.03.28 16:25:54.568,6.00548,6.00669,1.00,1.00
2014.03.28 16:25:54.770,6.00501,6.00669,1.00,1.00
2014.03.28 16:25:54.871,6.00497,6.00663,1.00,1.00
2014.03.28 16:25:55.173,6.00501,6.00666,1.00,1.00
2014.03.28 16:25:55.331,6.00498,6.00666,1.00,1.00
2014.03.28 16:25:55.530,6.00499,6.00664,1.00,1.00
2014.03.28 16:25:56.741,6.00493,6.00661,1.00,1.00
2014.03.28 16:25:57.181,6.00493,6.00658,1.00,1.00
2014.03.28 16:25:57.841,6.00493,6.00645,1.00,1.00
2014.03.28 16:25:58.843,6.00497,6.00645,1.00,1.00
2014.03.28 16:26:00.934,6.00493,6.00645,1.00,1.00
2014.03.28 16:26:05.872,6.00541,6.00645,1.00,1.00
2014.03.28 16:26:06.023,6.0056,6.00704,1.18,1.18
2014.03.28 16:26:06.175,6.0058,6.00714,1.18,1.00
2014.03.28 16:26:11.330,6.0058,6.00633,1.18,1.00
2014.03.28 16:26:11.431,6.00536,6.00633,1.18,1.00
2014.03.28 16:26:11.533,6.00516,6.00633,1.18,1.00
2014.03.28 16:26:11.583,6.00516,6.00628,1.18,1.00
2014.03.28 16:26:11.634,6.00507,6.00628,1.00,1.00
2014.03.28 16:26:12.796,6.00508,6.00628,1.00,1.00
2014.03.28 16:26:13.760,6.00507,6.00628,1.00,1.00
2014.03.28 16:26:14.090,6.00517,6.00628,1.00,1.00
2014.03.28 16:26:14.792,6.00537,6.00639,1.00,1.18
2014.03.28 16:26:14.843,6.00537,6.0064,1.00,1.00
2014.03.28 16:26:15.440,6.00537,6.00641,1.00,1.00
2014.03.28 16:26:15.642,6.00547,6.00641,1.00,1.00
2014.03.28 16:26:15.693,6.00547,6.00657,1.00,1.08
2014.03.28 16:26:17.313,6.00577,6.00674,1.00,1.08
2014.03.28 16:26:17.419,6.00577,6.00682,1.00,1.18
2014.03.28 16:26:17.828,6.00598,6.00682,1.00,1.18
2014.03.28 16:26:17.980,6.0061,6.00702,1.18,1.18
2014.03.28 16:26:18.182,6.0061,6.00754,1.18,1.18
2014.03.28 16:26:37.069,6.00629,6.00754,1.00,1.18
2014.03.28 16:26:37.222,6.00638,6.00776,1.50,1.18
2014.03.28 16:26:37.323,6.00654,6.00796,1.18,1.08
2014.03.28 16:26:39.944,6.00654,6.0079,1.18,1.00
2014.03.28 16:26:40.832,6.00654,6.00795,1.18,1.08
2014.03.28 16:26:43.473,6.00654,6.00782,1.18,1.00
2014.03.28 16:26:43.786,6.00654,6.00773,1.18,1.00
2014.03.28 16:26:43.938,6.00634,6.00773,1.18,1.00
2014.03.28 16:26:44.039,6.00617,6.00755,1.18,1.10
2014.03.28 16:26:53.492,6.00617,6.00746,1.18,1.00
2014.03.28 16:26:53.795,6.00617,6.00751,1.18,1.00
2014.03.28 16:26:58.850,6.00617,6.00759,1.18,1.08
2014.03.28 16:27:01.847,6.00617,6.00751,1.18,1.00
2014.03.28 16:27:02.167,6.00617,6.00747,1.18,1.00
2014.03.28 16:27:03.083,6.00617,6.0075,1.18,1.00
2014.03.28 16:27:04.351,6.00614,6.0075,1.18,1.00
2014.03.28 16:27:04.554,6.00634,6.0075,1.18,1.00
2014.03.28 16:27:04.830,6.00634,6.00753,1.18,1.00
2014.03.28 16:27:07.361,6.00634,6.00763,1.18,1.00
2014.03.28 16:27:09.750,6.00634,6.00764,1.18,1.00
2014.03.28 16:27:23.200,6.00634,6.00763,1.18,1.00
2014.03.28 16:27:26.277,6.00634,6.00764,1.18,1.00
2014.03.28 16:27:31.887,6.00634,6.00766,1.18,1.00
2014.03.28 16:27:33.854,6.00634,6.00765,1.18,1.00
2014.03.28 16:27:34.960,6.00634,6.00765,1.78,1.00
2014.03.28 16:27:39.126,6.00634,6.00758,1.78,1.00
2014.03.28 16:27:45.058,6.00634,6.00756,1.78,1.00
2014.03.28 16:27:45.413,6.00647,6.00756,1.18,1.00
2014.03.28 16:27:46.232,6.00647,6.00757,1.18,1.00
2014.03.28 16:27:49.129,6.00647,6.00758,1.18,1.00
2014.03.28 16:27:55.068,6.00647,6.00756,1.18,1.00
2014.03.28 16:27:55.949,6.00647,6.00757,1.18,1.00
2014.03.28 16:27:56.941,6.00647,6.0076,1.18,1.00
2014.03.28 16:28:05.229,6.00635,6.0076,1.18,1.00
2014.03.28 16:28:05.743,6.00635,6.00761,1.18,1.00
2014.03.28 16:28:06.950,6.00635,6.00758,1.18,1.00
2014.03.28 16:28:14.511,6.00635,6.00762,1.18,1.00
2014.03.28 16:28:15.508,6.00635,6.00763,1.18,1.00
2014.03.28 16:28:18.020,6.00635,6.0076,1.18,1.00
2014.03.28 16:28:18.339,6.00635,6.00763,1.18,1.00
2014.03.28 16:28:18.900,6.00635,6.00761,1.18,1.00
2014.03.28 16:28:19.988,6.00635,6.00762,1.18,1.00
2014.03.28 16:28:22.738,6.00635,6.00761,1.18,1.00
2014.03.28 16:28:23.728,6.00635,6.00762,1.18,1.00
2014.03.28 16:28:24.829,6.00635,6.00764,1.18,1.00
2014.03.28 16:28:25.438,6.00643,6.00764,1.18,1.00
2014.03.28 16:28:28.019,6.00643,6.00768,1.18,1.00
2014.03.28 16:28:29.228,6.00643,6.00769,1.18,1.00
2014.03.28 16:28:30.558,6.00665,6.00787,1.18,1.00
2014.03.28 16:28:30.760,6.00665,6.00795,1.18,1.00
2014.03.28 16:28:35.058,6.00665,6.00792,1.18,1.00
2014.03.28 16:28:35.718,6.00665,6.00793,1.18,1.00
2014.03.28 16:28:36.766,6.00665,6.00782,1.18,1.00
2014.03.28 16:28:36.817,6.00647,6.00782,1.18,1.00
2014.03.28 16:28:36.868,6.00647,6.00769,1.18,1.00
2014.03.28 16:28:46.150,6.00696,6.00769,2.10,1.00
2014.03.28 16:28:46.201,6.00696,6.00772,2.10,1.00
2014.03.28 16:28:46.302,6.00696,6.00763,2.10,1.00
2014.03.28 16:28:46.661,6.00696,6.00782,2.10,1.00
2014.03.28 16:28:47.641,6.00696,6.00773,2.10,1.00
2014.03.28 16:28:49.738,6.00696,6.00772,2.10,1.00
2014.03.28 16:28:50.798,6.00696,6.00783,2.10,1.00
2014.03.28 16:28:51.438,6.00696,6.00783,1.78,1.00
2014.03.28 16:28:51.489,6.00696,6.00802,1.78,1.00
2014.03.28 16:28:58.989,6.00696,6.00792,1.78,1.00
2014.03.28 16:28:59.069,6.00696,6.00803,1.78,1.00
2014.03.28 16:28:59.654,6.00696,6.00813,1.78,1.00
2014.03.28 16:29:11.024,6.00701,6.00813,1.78,1.00
2014.03.28 16:29:17.628,6.00715,6.00813,2.10,1.00
2014.03.28 16:29:17.679,6.00715,6.00823,2.10,1.00
2014.03.28 16:29:26.164,6.00715,6.00813,2.10,1.00
2014.03.28 16:29:37.359,6.00715,6.00833,2.18,1.00
2014.03.28 16:29:43.955,6.00715,6.00813,2.18,1.00
2014.03.28 16:29:47.658,6.00711,6.00813,1.78,1.00
2014.03.28 16:29:50.989,6.00767,6.00813,1.00,1.00
2014.03.28 16:29:51.592,6.00768,6.00813,1.00,1.00
2014.03.28 16:29:52.248,6.00768,6.00803,1.00,1.00
2014.03.28 16:29:52.709,6.0075,6.00803,1.00,1.00
2014.03.28 16:29:52.760,6.00735,6.00803,1.08,1.00
2014.03.28 16:29:54.002,6.00712,6.00803,1.78,1.00
2014.03.28 16:29:55.148,6.00742,6.00803,1.18,1.00
2014.03.28 16:29:55.377,6.00722,6.0081,1.25,1.00
2014.03.28 16:29:55.427,6.00736,6.00803,1.00,1.00
2014.03.28 16:29:55.528,6.00736,6.00813,1.00,1.00
2014.03.28 16:29:55.579,6.00767,6.00813,1.00,1.00
2014.03.28 16:29:56.158,6.00767,6.00803,1.00,1.00
2014.03.28 16:29:58.359,6.00767,6.00868,1.00,1.18
2014.03.28 16:29:58.715,6.0078,6.00868,1.00,1.18
2014.03.28 16:29:58.816,6.00767,6.00868,1.00,1.18
2014.03.28 16:29:58.867,6.0077,6.00882,1.00,1.00
2014.03.28 16:29:59.069,6.0077,6.00871,1.00,1.18
2014.03.28 16:29:59.227,6.00767,6.00871,1.00,1.18
2014.03.28 16:30:02.817,6.00772,6.00871,1.00,1.18
2014.03.28 16:30:03.019,6.00772,6.00893,1.00,1.65
2014.03.28 16:30:03.322,6.00773,6.00875,1.00,1.18
2014.03.28 16:30:03.373,6.0077,6.00875,1.00,1.18
2014.03.28 16:30:04.603,6.00777,6.00875,1.00,1.18
2014.03.28 16:30:04.906,6.0078,6.00875,1.00,1.18
2014.03.28 16:30:04.957,6.0078,6.00894,1.00,1.18
2014.03.28 16:30:05.160,6.00798,6.00894,1.00,1.18
2014.03.28 16:30:05.503,6.00803,6.00912,1.00,1.65
2014.03.28 16:30:07.219,6.00812,6.00912,1.00,1.65
2014.03.28 16:30:07.547,6.0082,6.00912,1.00,1.18
2014.03.28 16:30:08.431,6.00822,6.00912,1.00,1.18
2014.03.28 16:30:08.481,6.00822,6.00933,1.00,1.18
2014.03.28 16:30:08.683,6.00834,6.00933,1.00,1.18
2014.03.28 16:30:08.886,6.00847,6.0096,1.00,1.18
2014.03.28 16:30:10.350,6.00854,6.0096,1.00,1.18
2014.03.28 16:30:10.877,6.00862,6.0096,1.00,1.18
2014.03.28 16:30:15.098,6.00859,6.0096,1.00,1.18
2014.03.28 16:30:15.199,6.00859,6.00904,1.00,1.51
2014.03.28 16:30:15.350,6.00859,6.0096,1.00,1.18
2014.03.28 16:30:27.087,6.0086,6.0096,1.00,1.18
2014.03.28 16:30:29.447,6.0086,6.00965,1.00,1.18
2014.03.28 16:30:30.718,6.00859,6.00965,1.00,1.18
2014.03.28 16:30:30.971,6.00859,6.00987,1.00,1.18
2014.03.28 16:30:31.073,6.00889,6.00987,1.00,1.18
2014.03.28 16:30:31.124,6.00889,6.01002,1.00,1.08
2014.03.28 16:30:31.268,6.00893,6.01002,1.00,1.08
2014.03.28 16:30:31.602,6.00914,6.01022,1.00,1.65
2014.03.28 16:30:33.514,6.00929,6.01022,1.00,1.18
2014.03.28 16:30:33.907,6.00927,6.01022,1.00,1.18
2014.03.28 16:30:39.608,6.00927,6.01039,1.00,1.18
2014.03.28 16:30:41.780,6.00927,6.01022,1.00,1.18
2014.03.28 16:30:41.831,6.00919,6.01022,1.00,1.18
2014.03.28 16:30:42.084,6.00898,6.01003,1.00,1.18
2014.03.28 16:30:44.179,6.00889,6.00972,1.00,1.00
2014.03.28 16:30:44.488,6.00859,6.0096,1.00,1.18
2014.03.28 16:30:45.158,6.00861,6.0096,1.00,1.18
2014.03.28 16:30:45.488,6.00863,6.0096,1.00,1.18
2014.03.28 16:30:53.180,6.00863,6.00977,1.00,1.25
2014.03.28 16:30:55.378,6.00858,6.00971,1.00,1.10
2014.03.28 16:30:55.479,6.00858,6.00959,1.00,1.18
2014.03.28 16:30:55.700,6.00848,6.00959,1.00,1.18
2014.03.28 16:30:55.801,6.00844,6.00959,1.00,1.18
2014.03.28 16:30:55.852,6.00844,6.00948,1.00,1.00
2014.03.28 16:30:55.953,6.00844,6.00959,1.00,1.18
2014.03.28 16:30:56.054,6.00844,6.00943,1.00,1.00
2014.03.28 16:30:56.653,6.00841,6.00943,1.00,1.00
2014.03.28 16:30:56.754,6.00849,6.00943,1.00,1.00
2014.03.28 16:30:58.729,6.00844,6.00943,1.00,1.00
2014.03.28 16:30:59.326,6.00845,6.00943,1.00,1.00
2014.03.28 16:31:02.515,6.00846,6.00943,1.00,1.00
2014.03.28 16:31:03.985,6.00846,6.00959,1.00,1.18
2014.03.28 16:31:04.239,6.00868,6.00959,1.00,1.18
2014.03.28 16:31:04.469,6.00868,6.00964,1.00,1.00
2014.03.28 16:31:05.880,6.00866,6.00964,1.00,1.00
2014.03.28 16:31:08.523,6.0086,6.00964,1.00,1.00
2014.03.28 16:31:09.187,6.00861,6.00964,1.00,1.00
2014.03.28 16:31:16.951,6.00861,6.00962,1.00,1.00
2014.03.28 16:31:17.002,6.00848,6.00957,1.00,1.18
2014.03.28 16:31:17.103,6.00848,6.00938,1.00,1.18
2014.03.28 16:31:17.254,6.00839,6.00938,1.00,1.18
2014.03.28 16:31:18.748,6.00841,6.00938,1.00,1.18
2014.03.28 16:31:18.973,6.00834,6.00938,1.00,1.18
2014.03.28 16:31:21.277,6.00838,6.00938,1.00,1.18
2014.03.28 16:31:23.366,6.00835,6.00938,1.00,1.18
2014.03.28 16:31:25.788,6.00834,6.00938,1.00,1.18
2014.03.28 16:31:28.353,6.00842,6.00938,1.00,1.18
2014.03.28 16:31:29.206,6.00838,6.00938,1.00,1.18
2014.03.28 16:31:30.768,6.00845,6.00938,1.00,1.18
2014.03.28 16:31:31.298,6.00837,6.00938,1.00,1.18
2014.03.28 16:31:34.376,6.00845,6.00938,1.00,1.18
2014.03.28 16:31:35.149,6.00838,6.00938,1.00,1.18
2014.03.28 16:31:37.379,6.00838,6.00942,1.00,1.00
2014.03.28 16:31:42.765,6.00838,6.00943,1.00,1.00
2014.03.28 16:31:42.968,6.00842,6.00943,1.00,1.00
2014.03.28 16:31:46.794,6.00842,6.00953,1.00,1.08
2014.03.28 16:31:46.845,6.00842,6.00963,1.00,1.50
2014.03.28 16:31:46.946,6.00854,6.00963,1.00,1.50
2014.03.28 16:31:47.438,6.00876,6.00982,1.00,1.00
2014.03.28 16:31:48.311,6.00876,6.0099,1.00,1.10
2014.03.28 16:31:48.406,6.00882,6.0099,1.00,1.10
2014.03.28 16:31:48.668,6.0088,6.0099,1.00,1.10
2014.03.28 16:31:48.820,6.0088,6.00982,1.00,1.00
2014.03.28 16:31:48.871,6.00876,6.00982,1.00,1.00
2014.03.28 16:31:50.576,6.00876,6.00972,1.00,1.00
2014.03.28 16:31:56.760,6.00876,6.0099,1.00,1.10
2014.03.28 16:31:57.035,6.00882,6.0099,1.00,1.10
2014.03.28 16:31:57.251,6.00878,6.0099,1.00,1.10
2014.03.28 16:32:04.207,6.00878,6.00972,1.00,1.00
2014.03.28 16:32:05.132,6.00877,6.00972,1.00,1.08
2014.03.28 16:32:11.256,6.00877,6.00961,1.00,1.18
2014.03.28 16:32:11.307,6.00864,6.00961,1.00,1.18
2014.03.28 16:32:11.358,6.00864,6.00953,1.00,1.00
2014.03.28 16:32:11.510,6.00851,6.00953,1.00,1.00
2014.03.28 16:32:11.872,6.00863,6.00953,1.00,1.00
2014.03.28 16:32:12.288,6.00865,6.00953,1.00,1.00
2014.03.28 16:32:16.405,6.00865,6.0097,1.00,1.00
2014.03.28 16:32:16.507,6.00865,6.0096,1.00,1.18
2014.03.28 16:32:16.608,6.00863,6.0096,1.00,1.18
2014.03.28 16:32:16.811,6.00846,6.0096,1.00,1.18
2014.03.28 16:32:17.336,6.0085,6.0096,1.00,1.18
2014.03.28 16:32:21.226,6.00864,6.0096,1.00,1.18
2014.03.28 16:32:21.277,6.00864,6.00962,1.00,1.00
2014.03.28 16:32:21.378,6.00864,6.0097,1.00,1.00
2014.03.28 16:32:21.530,6.00877,6.0097,1.00,1.00
2014.03.28 16:32:23.385,6.00873,6.0097,1.00,1.00
2014.03.28 16:32:23.494,6.00836,6.0097,1.78,1.00
2014.03.28 16:32:27.464,6.00837,6.0098,1.68,1.18
2014.03.28 16:32:28.670,6.00825,6.00962,2.10,1.18
2014.03.28 16:32:28.721,6.00824,6.00952,1.00,1.00
2014.03.28 16:32:29.263,6.00817,6.00952,1.18,1.00
2014.03.28 16:32:33.648,6.00817,6.00943,1.18,1.00
2014.03.28 16:32:33.975,6.00798,6.00943,1.78,1.65
2014.03.28 16:32:35.986,6.00808,6.00943,2.10,1.65
2014.03.28 16:32:36.037,6.00817,6.00943,3.00,1.00
2014.03.28 16:32:36.088,6.00817,6.00961,3.00,1.18
2014.03.28 16:32:37.167,6.00817,6.00952,1.18,1.50
2014.03.28 16:32:37.534,6.00817,6.00942,1.18,1.00
2014.03.28 16:32:39.597,6.00817,6.00952,1.18,1.00
2014.03.28 16:32:47.478,6.00838,6.00952,1.18,1.00
2014.03.28 16:32:47.529,6.00838,6.00962,1.18,1.00
2014.03.28 16:32:49.353,6.00838,6.00982,1.18,1.65
2014.03.28 16:32:49.708,6.00838,6.00963,1.18,1.00
2014.03.28 16:32:52.561,6.00838,6.00982,1.18,1.18
2014.03.28 16:32:56.162,6.00838,6.00962,1.18,1.00
2014.03.28 16:32:56.477,6.00838,6.00953,1.18,1.00
2014.03.28 16:32:57.485,6.00838,6.00962,1.18,1.00
2014.03.28 16:33:07.627,6.00831,6.00962,1.18,1.00
2014.03.28 16:33:17.265,6.00831,6.00973,1.18,1.08
2014.03.28 16:33:27.572,6.00823,6.00966,1.68,1.18
2014.03.28 16:33:27.774,6.00839,6.00984,1.50,1.18
2014.03.28 16:33:47.746,6.00844,6.00986,1.18,1.08
2014.03.28 16:33:48.576,6.00844,6.00972,1.18,1.00
2014.03.28 16:33:48.678,6.00826,6.00971,1.85,1.18
2014.03.28 16:34:09.595,6.00818,6.00961,1.78,1.18
2014.03.28 16:34:12.106,6.00815,6.00945,1.60,1.18
2014.03.28 16:34:12.207,6.00807,6.00945,1.00,1.18
2014.03.28 16:34:12.383,6.00799,6.00945,1.78,1.18
2014.03.28 16:34:19.810,6.00799,6.00932,1.78,1.00
2014.03.28 16:34:21.644,6.00783,6.00925,2.18,1.18
2014.03.28 16:34:22.438,6.008,6.00932,1.50,1.00
2014.03.28 16:34:23.248,6.00802,6.00945,1.08,1.18
2014.03.28 16:34:23.872,6.00808,6.00945,1.50,1.18
2014.03.28 16:34:24.301,6.0082,6.00952,1.18,1.00
2014.03.28 16:34:30.279,6.0082,6.00962,1.78,1.08
2014.03.28 16:34:34.014,6.0082,6.00952,1.78,1.00
2014.03.28 16:34:44.052,6.00824,6.00952,1.78,1.00
2014.03.28 16:35:04.148,6.0082,6.00952,1.18,1.00
2014.03.28 16:35:24.289,6.00824,6.00952,1.18,1.00
2014.03.28 16:35:28.675,6.00843,6.00952,1.78,1.00
2014.03.28 16:35:28.776,6.00846,6.00979,1.85,1.00
2014.03.28 16:35:28.827,6.00865,6.00979,1.18,1.00
2014.03.28 16:35:28.878,6.00865,6.00993,1.18,1.00
2014.03.28 16:35:29.181,6.00865,6.01011,1.18,1.18
2014.03.28 16:35:29.332,6.00887,6.01013,1.18,1.00
2014.03.28 16:35:29.884,6.00908,6.01013,1.18,1.00
2014.03.28 16:35:29.985,6.00908,6.01032,1.18,1.00
2014.03.28 16:35:30.219,6.00908,6.01022,1.18,1.00
2014.03.28 16:35:30.326,6.0089,6.01022,1.18,1.00
2014.03.28 16:35:34.700,6.0089,6.01012,1.18,1.00
2014.03.28 16:35:37.609,6.00871,6.01012,1.78,1.08
2014.03.28 16:35:45.236,6.00901,6.01012,1.18,1.00
2014.03.28 16:35:45.338,6.00901,6.01032,1.18,1.00
2014.03.28 16:35:46.045,6.00879,6.01013,1.18,1.00
2014.03.28 16:35:46.465,6.00879,6.01022,1.18,1.08
2014.03.28 16:35:46.566,6.00879,6.01003,1.18,1.00
2014.03.28 16:35:48.336,6.00879,6.00992,1.18,1.00
2014.03.28 16:35:48.762,6.0086,6.00992,1.18,1.00
2014.03.28 16:35:52.909,6.0086,6.01002,1.18,1.08
2014.03.28 16:35:54.203,6.0086,6.00993,1.18,1.00
2014.03.28 16:35:55.063,6.0086,6.00983,1.18,1.00
2014.03.28 16:35:56.956,6.0086,6.00992,1.18,1.00
2014.03.28 16:36:00.160,6.00838,6.00972,1.68,1.00
2014.03.28 16:36:05.227,6.00837,6.00963,1.18,1.00
2014.03.28 16:36:05.781,6.00837,6.00972,1.18,1.00
2014.03.28 16:36:08.518,6.00837,6.00981,1.18,1.18
2014.03.28 16:36:09.158,6.00837,6.00972,1.18,1.00
2014.03.28 16:36:20.383,6.00842,6.00972,1.18,1.00
2014.03.28 16:36:25.071,6.00824,6.00952,1.15,1.00
2014.03.28 16:36:25.228,6.00804,6.00949,1.18,1.18
2014.03.28 16:36:45.513,6.00807,6.00943,1.18,1.00
2014.03.28 16:36:45.840,6.00807,6.00914,1.18,1.00
2014.03.28 16:36:46.558,6.00807,6.00914,4.50,1.00
2014.03.28 16:36:46.660,6.00817,6.00919,2.10,1.00
2014.03.28 16:36:46.712,6.00829,6.00919,1.18,1.00
2014.03.28 16:36:46.864,6.00829,6.0094,1.18,1.00
2014.03.28 16:36:58.745,6.00829,6.00932,1.18,1.00
2014.03.28 16:36:59.064,6.00829,6.00926,1.18,1.00
2014.03.28 16:36:59.266,6.00829,6.00936,1.18,1.00
2014.03.28 16:37:04.682,6.00829,6.00931,1.18,1.00
2014.03.28 16:37:04.834,6.00807,6.00931,3.68,1.00
2014.03.28 16:37:04.884,6.00807,6.00922,3.68,1.00
2014.03.28 16:37:09.846,6.00828,6.00922,1.00,1.00
2014.03.28 16:37:10.272,6.00846,6.00944,1.78,1.00
2014.03.28 16:37:11.292,6.00846,6.00944,1.18,1.00
2014.03.28 16:37:11.343,6.00828,6.00944,1.08,1.00
2014.03.28 16:37:11.394,6.00825,6.00949,1.18,1.00
2014.03.28 16:37:11.546,6.00804,6.00948,1.78,1.18
2014.03.28 16:37:11.596,6.00804,6.00922,1.78,1.00
2014.03.28 16:37:11.899,6.00804,6.00904,1.78,1.00
2014.03.28 16:37:12.000,6.00788,6.00904,1.65,1.00
2014.03.28 16:37:12.131,6.00788,6.009,1.58,1.00
2014.03.28 16:37:16.140,6.008,6.009,1.18,1.00
2014.03.28 16:37:16.191,6.00807,6.00909,1.50,1.00
2014.03.28 16:37:16.242,6.008,6.00913,1.78,1.00
2014.03.28 16:37:23.725,6.008,6.00913,1.78,1.00
2014.03.28 16:37:23.827,6.00808,6.00918,2.10,1.00
2014.03.28 16:37:23.878,6.0082,6.00918,1.18,1.00
2014.03.28 16:37:24.030,6.0082,6.00927,1.18,1.00
2014.03.28 16:37:24.232,6.0082,6.00931,1.18,1.00
2014.03.28 16:37:25.033,6.0082,6.00926,1.18,1.00
2014.03.28 16:37:29.835,6.0082,6.00927,1.18,1.00
2014.03.28 16:37:30.474,6.0082,6.00922,1.18,1.00
2014.03.28 16:37:41.581,6.0082,6.00919,1.18,1.00
2014.03.28 16:37:43.366,6.0082,6.00931,1.18,1.00
2014.03.28 16:37:43.417,6.0082,6.00931,1.78,1.00
2014.03.28 16:37:43.569,6.00828,6.0094,2.10,1.00
2014.03.28 16:37:43.859,6.00832,6.0094,1.78,1.00
2014.03.28 16:37:45.480,6.00837,6.00949,1.58,1.00
2014.03.28 16:37:46.411,6.00837,6.00953,1.58,1.00
2014.03.28 16:37:46.538,6.00853,6.00953,1.18,1.00
2014.03.28 16:37:48.892,6.00853,6.00953,1.78,1.00
2014.03.28 16:37:48.943,6.00853,6.00962,1.78,1.00
2014.03.28 16:37:49.710,6.00853,6.00957,1.78,1.00
2014.03.28 16:37:53.738,6.00853,6.00957,1.18,1.00
2014.03.28 16:37:53.789,6.00835,6.00948,1.25,1.00
2014.03.28 16:38:00.709,6.00835,6.00949,1.18,1.00
2014.03.28 16:38:07.465,6.00835,6.00944,1.18,1.00
2014.03.28 16:38:14.051,6.00827,6.00944,2.40,1.00
2014.03.28 16:38:19.301,6.00846,6.00949,1.18,1.00
2014.03.28 16:38:23.385,6.00846,6.00953,1.18,1.00
2014.03.28 16:38:24.681,6.00846,6.00949,1.18,1.00
2014.03.28 16:38:24.937,6.00846,6.00954,1.18,1.00
2014.03.28 16:38:35.500,6.00846,6.00949,1.18,1.00
2014.03.28 16:38:35.551,6.0082,6.00949,1.18,1.00
2014.03.28 16:38:35.703,6.0082,6.00926,1.18,1.00
2014.03.28 16:38:35.955,6.00799,6.00926,1.18,1.00
2014.03.28 16:38:36.057,6.00799,6.00918,1.18,1.00
2014.03.28 16:38:56.310,6.00803,6.00918,1.18,1.00
2014.03.28 16:38:58.837,6.00807,6.00922,1.58,1.00
2014.03.28 16:39:11.008,6.00803,6.00918,1.78,1.00
2014.03.28 16:39:14.399,6.00807,6.00913,1.58,1.00
2014.03.28 16:39:15.150,6.00807,6.00914,1.58,1.00
2014.03.28 16:39:15.791,6.00807,6.00913,1.58,1.00
2014.03.28 16:39:16.597,6.00807,6.00913,1.58,1.00
2014.03.28 16:39:17.278,6.00807,6.00914,1.58,1.00
2014.03.28 16:39:18.189,6.00807,6.00913,1.58,1.00
2014.03.28 16:39:18.803,6.00807,6.00914,1.58,1.00
2014.03.28 16:39:19.923,6.00807,6.00913,1.58,1.00
2014.03.28 16:39:22.466,6.00804,6.00896,1.78,1.00
2014.03.28 16:39:22.619,6.00797,6.00896,2.10,1.00
2014.03.28 16:39:22.771,6.00797,6.00906,2.10,1.00
2014.03.28 16:39:25.224,6.00797,6.00905,2.10,1.00
2014.03.28 16:39:29.871,6.00807,6.00905,1.50,1.00
2014.03.28 16:39:29.922,6.00807,6.00905,1.58,1.00
2014.03.28 16:39:38.652,6.00808,6.00914,1.08,1.00
2014.03.28 16:39:38.703,6.00817,6.00914,1.50,1.00
2014.03.28 16:39:39.247,6.00817,6.00913,1.50,1.00
2014.03.28 16:39:41.310,6.00808,6.00913,2.93,1.00
2014.03.28 16:39:46.791,6.00794,6.00909,2.10,1.00
2014.03.28 16:39:46.944,6.00781,6.00892,1.50,1.00
2014.03.28 16:39:47.197,6.00781,6.00883,1.50,1.00
2014.03.28 16:39:47.601,6.00787,6.00896,2.93,1.00
2014.03.28 16:39:47.738,6.00787,6.009,2.93,1.00
2014.03.28 16:39:47.959,6.00787,6.00898,2.93,1.00
2014.03.28 16:39:50.819,6.00787,6.00896,2.93,1.00
2014.03.28 16:39:52.494,6.00783,6.00892,2.18,1.00
2014.03.28 16:39:52.544,6.00781,6.00892,1.18,1.00
2014.03.28 16:39:52.696,6.00781,6.0088,1.18,1.00
2014.03.28 16:39:53.025,6.00761,6.0088,3.08,1.00
2014.03.28 16:39:53.240,6.00761,6.00871,2.18,1.00
2014.03.28 16:39:56.453,6.00777,6.0087,2.10,1.00
2014.03.28 16:39:56.807,6.00784,6.00879,1.18,1.00
2014.03.28 16:39:56.868,6.00784,6.00884,1.18,1.00
2014.03.28 16:39:57.322,6.00788,6.00897,1.58,1.00
2014.03.28 16:39:57.372,6.00788,6.00897,2.18,1.00
2014.03.28 16:40:06.413,6.00806,6.00897,1.18,1.00
2014.03.28 16:40:20.056,6.00806,6.00911,1.18,1.00
2014.03.28 16:40:26.189,6.00807,6.00911,1.18,1.00
2014.03.28 16:40:36.088,6.00807,6.0091,1.18,1.00
2014.03.28 16:40:46.311,6.00798,6.0091,1.78,1.00
2014.03.28 16:40:46.894,6.00865,6.00942,2.10,1.18
2014.03.28 16:40:46.946,6.00868,6.00969,1.78,1.00
2014.03.28 16:40:47.098,6.00868,6.00969,1.18,1.00
2014.03.28 16:40:47.199,6.00868,6.00936,1.18,1.00
2014.03.28 16:40:47.300,6.00842,6.00936,1.18,1.00
2014.03.28 16:40:47.402,6.00799,6.00936,1.78,1.00
2014.03.28 16:40:47.454,6.00799,6.00929,1.78,1.00
2014.03.28 16:40:48.894,6.00808,6.0093,1.60,1.00
2014.03.28 16:40:48.995,6.00808,6.00942,1.60,1.08
2014.03.28 16:40:49.329,6.00808,6.00934,1.60,1.00
2014.03.28 16:40:52.037,6.00799,6.00911,1.78,1.00
2014.03.28 16:40:52.289,6.00797,6.00911,1.00,1.00
2014.03.28 16:40:53.747,6.00798,6.00911,1.00,1.00
2014.03.28 16:40:56.879,6.00798,6.00909,1.00,1.00
2014.03.28 16:41:06.044,6.00778,6.00909,1.18,1.00
2014.03.28 16:41:06.096,6.00767,6.00889,1.00,1.18
2014.03.28 16:41:06.399,6.00758,6.00862,1.00,1.00
2014.03.28 16:41:06.738,6.00758,6.0086,1.00,1.00
2014.03.28 16:41:09.211,6.00767,6.00866,1.00,1.00
2014.03.28 16:41:09.313,6.00757,6.00866,1.00,1.00
2014.03.28 16:41:09.606,6.00757,6.00869,1.00,1.00
2014.03.28 16:41:09.657,6.00747,6.00869,1.68,1.00
2014.03.28 16:41:09.758,6.00747,6.00861,1.68,1.00
2014.03.28 16:41:11.210,6.00748,6.00861,1.08,1.00
2014.03.28 16:41:11.596,6.00748,6.00868,1.08,1.00
2014.03.28 16:41:11.798,6.00748,6.00882,1.08,1.00
2014.03.28 16:41:11.849,6.00745,6.00882,1.78,1.00
2014.03.28 16:41:12.152,6.00748,6.00865,2.18,1.00
2014.03.28 16:41:12.354,6.00758,6.00881,1.35,1.50
2014.03.28 16:41:22.721,6.00748,6.00874,1.68,1.00
2014.03.28 16:41:25.878,6.00757,6.00875,1.60,1.00
2014.03.28 16:41:31.326,6.00767,6.00875,1.00,1.00
2014.03.28 16:41:31.637,6.00778,6.00875,1.00,1.00
2014.03.28 16:41:32.739,6.00788,6.00875,1.00,1.00
2014.03.28 16:41:36.370,6.00788,6.0088,1.00,1.00
2014.03.28 16:41:39.227,6.00768,6.0088,1.00,1.00
2014.03.28 16:41:39.883,6.00768,6.00879,1.00,1.00
2014.03.28 16:41:42.306,6.00757,6.00879,1.60,1.00
2014.03.28 16:41:43.079,6.00757,6.00879,1.00,1.00
2014.03.28 16:41:43.627,6.00768,6.00879,1.00,1.00
2014.03.28 16:41:46.758,6.00757,6.00879,1.00,1.00
2014.03.28 16:41:52.947,6.00749,6.00879,1.18,1.00
2014.03.28 16:41:53.048,6.00749,6.00875,1.18,1.00
2014.03.28 16:41:54.396,6.00757,6.00875,1.00,1.00
2014.03.28 16:42:05.096,6.00757,6.00873,1.00,1.00
2014.03.28 16:42:05.147,6.00749,6.00873,1.18,1.00
2014.03.28 16:42:05.248,6.00749,6.00848,1.18,1.18
2014.03.28 16:42:05.299,6.007,6.00828,1.00,1.18
2014.03.28 16:42:05.350,6.00685,6.00808,1.18,1.00
2014.03.28 16:42:05.653,6.00663,6.00783,1.18,1.00
2014.03.28 16:42:05.754,6.00644,6.00783,1.18,1.08
2014.03.28 16:42:05.906,6.00644,6.00721,1.18,1.00
2014.03.28 16:42:05.957,6.00606,6.00721,1.18,1.00
2014.03.28 16:42:06.007,6.00606,6.0072,1.18,1.18
2014.03.28 16:42:06.058,6.00546,6.00701,1.00,1.18
2014.03.28 16:42:06.109,6.00537,6.00673,1.08,1.00
2014.03.28 16:42:06.322,6.00538,6.00676,1.00,1.00
2014.03.28 16:42:06.533,6.00538,6.00673,1.00,1.00
2014.03.28 16:42:07.367,6.00537,6.00673,1.00,1.00
2014.03.28 16:42:07.569,6.00497,6.00644,2.40,1.00
2014.03.28 16:42:07.671,6.00497,6.00625,1.18,1.00
2014.03.28 16:42:07.823,6.00487,6.00621,1.00,1.18
2014.03.28 16:42:07.873,6.00487,6.00597,1.00,1.00
2014.03.28 16:42:07.924,6.00478,6.00597,1.00,1.00
2014.03.28 16:42:08.581,6.00477,6.00597,1.00,1.00
2014.03.28 16:42:08.631,6.00477,6.00594,1.00,1.00
2014.03.28 16:42:09.605,6.00477,6.00593,1.00,1.00
2014.03.28 16:42:10.730,6.00477,6.00593,1.00,1.08
2014.03.28 16:42:11.033,6.00468,6.00578,1.00,1.00
2014.03.28 16:42:11.083,6.00468,6.00591,1.00,1.00
2014.03.28 16:42:11.293,6.00457,6.00591,1.10,1.00
2014.03.28 16:42:11.394,6.00457,6.00601,1.10,1.08
2014.03.28 16:42:11.445,6.00468,6.00601,1.50,1.08
2014.03.28 16:42:11.748,6.00478,6.00607,2.25,1.00
2014.03.28 16:42:11.850,6.00507,6.00643,1.50,1.18
2014.03.28 16:42:12.052,6.00519,6.00647,1.18,1.00
2014.03.28 16:42:13.786,6.00519,6.00644,1.18,1.00
2014.03.28 16:42:21.161,6.0054,6.00677,1.18,1.10
2014.03.28 16:42:21.312,6.00602,6.00677,1.18,1.00
2014.03.28 16:42:21.363,6.00602,6.00682,1.18,1.00
2014.03.28 16:42:21.515,6.00602,6.00684,1.18,1.00
2014.03.28 16:42:21.716,6.00574,6.00684,1.18,1.50
2014.03.28 16:42:22.695,6.00574,6.00687,1.18,1.00
2014.03.28 16:42:23.685,6.00574,6.00688,1.18,1.00
2014.03.28 16:42:26.436,6.00574,6.00686,1.18,1.00
2014.03.28 16:42:27.535,6.00574,6.00695,1.18,1.00
2014.03.28 16:42:27.885,6.00574,6.007,1.18,1.00
2014.03.28 16:42:28.093,6.00574,6.00702,1.18,1.00
2014.03.28 16:42:28.419,6.00574,6.00706,1.18,1.00
2014.03.28 16:42:28.663,6.00588,6.0072,1.00,1.18
2014.03.28 16:42:28.866,6.00614,6.0076,1.18,1.65
2014.03.28 16:42:28.916,6.0062,6.0076,1.28,1.65
2014.03.28 16:42:29.258,6.00639,6.00762,1.18,1.00
2014.03.28 16:42:29.776,6.00639,6.00761,1.18,1.00
2014.03.28 16:42:33.508,6.00657,6.00761,1.18,1.00
2014.03.28 16:42:33.893,6.00657,6.00775,1.18,1.00
2014.03.28 16:42:36.383,6.00657,6.00759,1.18,1.00
2014.03.28 16:42:36.434,6.00638,6.00759,1.18,1.00
2014.03.28 16:42:36.485,6.00629,6.00759,1.18,1.00
2014.03.28 16:42:36.817,6.00629,6.00762,1.18,1.00
2014.03.28 16:42:38.750,6.00648,6.00762,1.18,1.00
2014.03.28 16:42:40.252,6.00648,6.00768,1.18,1.00
2014.03.28 16:42:44.077,6.00648,6.00762,1.18,1.00
2014.03.28 16:42:44.907,6.00648,6.00761,1.18,1.00
2014.03.28 16:43:03.132,6.00648,6.00771,1.18,1.00
2014.03.28 16:43:13.907,6.00648,6.00772,1.18,1.00
2014.03.28 16:43:17.164,6.00648,6.00789,1.18,1.08
2014.03.28 16:43:19.549,6.00652,6.00789,1.18,1.00
2014.03.28 16:43:26.987,6.00652,6.0079,1.18,1.10
2014.03.28 16:43:42.135,6.00665,6.00798,1.00,1.18
2014.03.28 16:43:42.804,6.00657,6.00798,1.08,1.18
2014.03.28 16:43:47.167,6.00652,6.00775,1.00,1.18
2014.03.28 16:43:47.403,6.00629,6.00775,1.18,1.65
2014.03.28 16:43:59.437,6.00612,6.00756,1.25,1.18
2014.03.28 16:44:07.812,6.00596,6.00736,1.18,1.18
2014.03.28 16:44:07.863,6.00596,6.00736,1.10,1.18
2014.03.28 16:44:10.152,6.006,6.00735,1.00,1.08
2014.03.28 16:44:10.285,6.0059,6.00736,1.18,1.18
2014.03.28 16:44:22.773,6.0061,6.00736,1.00,1.18
2014.03.28 16:44:22.925,6.0061,6.00754,1.65,1.25
2014.03.28 16:44:23.386,6.00628,6.00771,1.18,1.18
2014.03.28 16:44:29.354,6.00645,6.00771,2.10,1.18
2014.03.28 16:44:29.505,6.00656,6.00795,1.70,1.18
2014.03.28 16:44:29.606,6.00677,6.00803,1.18,1.00
2014.03.28 16:44:29.899,6.00677,6.00812,1.18,1.00
2014.03.28 16:44:30.743,6.00677,6.00803,1.18,1.00
2014.03.28 16:44:32.066,6.00683,6.00813,1.10,1.00
2014.03.28 16:44:32.270,6.00698,6.00813,1.78,1.00
2014.03.28 16:44:32.322,6.00698,6.00832,1.78,1.00
2014.03.28 16:44:32.474,6.00715,6.00832,1.18,1.00
2014.03.28 16:44:36.075,6.00715,6.00822,1.18,1.00
2014.03.28 16:44:40.228,6.00715,6.00804,1.18,1.00
2014.03.28 16:44:40.279,6.00696,6.00804,1.18,1.00
2014.03.28 16:44:40.380,6.00693,6.00804,1.00,1.08
2014.03.28 16:44:40.431,6.00661,6.00804,1.18,1.08
2014.03.28 16:44:41.555,6.00665,6.00788,1.00,1.18
2014.03.28 16:44:41.644,6.00652,6.00788,1.00,1.18
2014.03.28 16:44:45.094,6.00642,6.00738,1.65,1.60
2014.03.28 16:44:45.245,6.00557,6.0069,1.00,1.18
2014.03.28 16:44:45.397,6.00637,6.00692,1.00,1.50
2014.03.28 16:44:45.448,6.00637,6.00711,1.00,1.18
2014.03.28 16:44:45.549,6.00637,6.00743,1.00,1.18
2014.03.28 16:44:45.600,6.00637,6.00764,1.65,1.18
2014.03.28 16:44:45.651,6.00646,6.00781,1.00,1.18
2014.03.28 16:44:48.783,6.00646,6.00772,1.00,1.00
2014.03.28 16:44:52.097,6.00646,6.00781,1.00,1.18
2014.03.28 16:44:52.148,6.0067,6.00803,1.18,1.00
2014.03.28 16:44:52.451,6.00681,6.00812,1.00,1.08
2014.03.28 16:44:53.086,6.00716,6.00813,1.00,1.08
2014.03.28 16:44:53.239,6.00716,6.00813,1.00,1.00
2014.03.28 16:44:53.341,6.00716,6.00813,1.08,1.00
2014.03.28 16:44:54.763,6.00716,6.00812,1.08,1.00
2014.03.28 16:44:54.965,6.00716,6.00833,1.08,1.00
2014.03.28 16:44:55.117,6.00735,6.00833,1.18,1.00
2014.03.28 16:44:55.437,6.00743,6.00833,1.00,1.00
2014.03.28 16:44:56.693,6.00743,6.00832,1.00,1.00
2014.03.28 16:45:00.213,6.00743,6.00862,1.00,1.00
2014.03.28 16:45:03.073,6.00743,6.00873,1.00,1.10
2014.03.28 16:45:03.124,6.00747,6.00873,1.00,1.10
2014.03.28 16:45:04.224,6.00748,6.00873,1.00,1.10
2014.03.28 16:45:05.495,6.00748,6.00862,1.00,1.00
2014.03.28 16:45:10.497,6.00748,6.00852,1.00,1.00
2014.03.28 16:45:10.599,6.00735,6.00852,1.65,1.00
2014.03.28 16:45:15.310,6.00735,6.00852,1.00,1.00
2014.03.28 16:45:19.703,6.00727,6.00852,1.18,1.00
2014.03.28 16:45:32.479,6.00727,6.00858,1.18,1.00
2014.03.28 16:45:32.580,6.00727,6.00862,1.18,1.00
2014.03.28 16:45:40.849,6.00727,6.00859,1.18,1.00
2014.03.28 16:45:41.724,6.00727,6.0086,1.18,1.00
2014.03.28 16:45:45.366,6.00727,6.00825,1.18,1.00
2014.03.28 16:45:45.467,6.0072,6.00825,1.00,1.00
2014.03.28 16:45:45.518,6.00699,6.00825,1.18,1.00
2014.03.28 16:45:51.444,6.007,6.00834,1.08,1.00
2014.03.28 16:45:51.634,6.007,6.00836,1.08,1.10
2014.03.28 16:46:05.575,6.00707,6.00843,1.18,1.00
2014.03.28 16:46:13.220,6.00707,6.00846,1.18,1.08
2014.03.28 16:46:13.852,6.00707,6.00826,1.18,1.00
2014.03.28 16:46:13.954,6.007,6.00825,1.00,1.18
2014.03.28 16:46:14.055,6.00679,6.00825,1.18,1.18
2014.03.28 16:46:20.475,6.0068,6.00804,1.00,1.08
2014.03.28 16:46:38.651,6.0068,6.00795,1.00,1.00
2014.03.28 16:46:42.344,6.0068,6.008,1.00,1.00
2014.03.28 16:46:42.496,6.00683,6.008,1.18,1.00
2014.03.28 16:46:42.698,6.00683,6.00821,1.25,1.00
2014.03.28 16:46:42.749,6.007,6.00821,1.18,1.00
2014.03.28 16:46:42.917,6.007,6.00829,1.18,1.00
2014.03.28 16:46:43.824,6.00711,6.00829,1.00,1.00
2014.03.28 16:46:44.243,6.00711,6.00834,1.00,1.00
2014.03.28 16:47:02.663,6.00711,6.00832,1.00,1.18
2014.03.28 16:47:03.732,6.00711,6.00834,1.08,1.00
2014.03.28 16:47:03.839,6.00729,6.00838,1.18,1.00
2014.03.28 16:47:04.092,6.00729,6.00875,1.18,1.18
2014.03.28 16:47:07.453,6.00756,6.00894,1.18,1.18
2014.03.28 16:47:07.554,6.00756,6.00898,1.18,1.08
2014.03.28 16:47:07.656,6.00783,6.00915,1.18,1.00
2014.03.28 16:47:07.807,6.00785,6.00928,1.08,1.18
2014.03.28 16:47:09.550,6.00802,6.00928,1.00,1.18
2014.03.28 16:47:13.212,6.00783,6.00928,1.18,1.65
2014.03.28 16:47:20.124,6.00771,6.00908,1.00,1.18
2014.03.28 16:47:22.584,6.00831,6.00925,1.18,1.08
2014.03.28 16:47:22.685,6.00831,6.0093,1.18,1.00
2014.03.28 16:47:22.786,6.00831,6.00976,1.18,1.18
2014.03.28 16:47:25.095,6.0083,6.00957,1.00,1.18
2014.03.28 16:47:26.992,6.0083,6.00937,1.00,1.18
2014.03.28 16:47:30.679,6.00789,6.00919,1.00,1.18
2014.03.28 16:47:30.932,6.00775,6.00919,1.18,1.18
2014.03.28 16:47:32.874,6.00781,6.00918,1.10,1.25
2014.03.28 16:47:32.924,6.00781,6.00897,1.00,1.18
2014.03.28 16:47:33.256,6.00801,6.00928,1.00,1.08
2014.03.28 16:47:33.357,6.0081,6.00954,1.18,1.18
2014.03.28 16:47:33.694,6.00809,6.00932,1.00,1.18
2014.03.28 16:47:33.745,6.00793,6.00927,1.00,1.25
2014.03.28 16:47:33.796,6.008,6.00906,1.00,1.18
2014.03.28 16:47:33.897,6.00785,6.00906,1.00,1.18
2014.03.28 16:47:33.998,6.00762,6.00906,1.18,1.18
2014.03.28 16:47:34.132,6.00773,6.00906,1.00,1.18
2014.03.28 16:47:54.529,6.00773,6.00918,1.08,1.18
2014.03.28 16:47:55.052,6.00791,6.00935,1.18,1.18
2014.03.28 16:48:03.562,6.00812,6.00956,1.18,1.18
2014.03.28 16:48:03.869,6.00823,6.00956,1.00,1.18
2014.03.28 16:48:04.021,6.00812,6.00956,1.18,1.18
2014.03.28 16:48:04.219,6.00832,6.00956,1.00,1.18
2014.03.28 16:48:09.844,6.00813,6.00933,1.00,1.18
2014.03.28 16:48:10.188,6.00813,6.00951,1.00,1.25
2014.03.28 16:48:13.901,6.00833,6.00971,1.00,1.18
2014.03.28 16:48:24.145,6.00833,6.00954,1.00,1.18
2014.03.28 16:48:24.462,6.00789,6.00933,1.18,1.18
2014.03.28 16:48:24.613,6.00803,6.00933,1.00,1.18
2014.03.28 16:48:33.696,6.00811,6.00957,1.18,1.18
2014.03.28 16:48:33.747,6.0082,6.00957,1.00,1.18
2014.03.28 16:48:35.255,6.00811,6.00953,1.18,1.08
2014.03.28 16:48:35.306,6.008,6.00938,1.00,1.18
2014.03.28 16:48:37.053,6.0081,6.00956,1.18,1.25
2014.03.28 16:48:39.674,6.008,6.00936,1.00,1.18
2014.03.28 16:48:47.280,6.0081,6.00956,1.18,1.18
2014.03.28 16:48:51.825,6.008,6.00935,1.00,1.18
2014.03.28 16:48:52.423,6.00792,6.00935,1.18,1.18
2014.03.28 16:48:52.474,6.00781,6.00917,1.00,1.18
2014.03.28 16:48:52.985,6.00771,6.00917,1.18,1.18
2014.03.28 16:49:05.655,6.00825,6.00917,1.18,1.18
2014.03.28 16:49:05.757,6.00846,6.00933,1.18,1.00
2014.03.28 16:49:05.961,6.00846,6.00989,1.18,1.08
2014.03.28 16:49:06.264,6.00829,6.00972,1.18,1.18
2014.03.28 16:49:07.162,6.00828,6.00955,1.00,1.18
2014.03.28 16:49:07.581,6.00809,6.00955,1.18,1.18
2014.03.28 16:49:11.793,6.00809,6.00933,1.18,1.00
2014.03.28 16:49:11.895,6.008,6.00927,1.00,1.18
2014.03.28 16:49:12.047,6.00783,6.00927,1.18,1.18
2014.03.28 16:49:19.183,6.00797,6.00927,1.00,1.18
2014.03.28 16:49:21.606,6.00783,6.00927,1.18,1.18
2014.03.28 16:49:23.085,6.00783,6.00913,1.18,1.00
2014.03.28 16:49:25.887,6.00776,6.00904,1.00,1.18
2014.03.28 16:49:26.140,6.00758,6.00904,1.18,1.18
2014.03.28 16:49:35.546,6.00758,6.00896,1.18,1.00
2014.03.28 16:49:35.848,6.00737,6.00872,1.18,1.00
2014.03.28 16:49:35.950,6.00737,6.00883,1.18,1.18
2014.03.28 16:49:51.239,6.00752,6.00883,1.00,1.18
2014.03.28 16:49:55.918,6.00752,6.00888,1.00,1.18
2014.03.28 16:50:16.554,6.00752,6.00889,1.10,1.18
2014.03.28 16:50:35.062,6.00734,6.00872,1.10,1.18
2014.03.28 16:50:55.239,6.00734,6.00871,1.10,1.18
2014.03.28 16:51:15.665,6.00734,6.00868,1.00,1.18
2014.03.28 16:51:22.050,6.00742,6.00886,1.18,1.18
2014.03.28 16:51:29.902,6.00797,6.00898,1.18,1.00
2014.03.28 16:51:29.953,6.00797,6.00912,1.18,1.50
2014.03.28 16:51:30.004,6.00818,6.00961,1.18,1.25
2014.03.28 16:51:30.257,6.00818,6.00913,1.18,1.50
2014.03.28 16:51:30.469,6.00768,6.00896,1.00,1.65
2014.03.28 16:51:30.668,6.00752,6.00896,1.18,1.65
2014.03.28 16:51:47.288,6.00767,6.00896,1.00,1.18
2014.03.28 16:51:47.401,6.00773,6.00916,1.18,1.80
2014.03.28 16:51:47.502,6.00795,6.00937,1.18,1.25
2014.03.28 16:51:47.553,6.00795,6.00939,1.18,1.18
2014.03.28 16:51:48.818,6.00807,6.00939,1.00,1.18
2014.03.28 16:52:00.576,6.00815,6.00952,1.18,1.00
2014.03.28 16:52:01.514,6.00815,6.00955,1.18,1.08
2014.03.28 16:52:19.797,6.00815,6.00904,1.18,1.00
2014.03.28 16:52:20.050,6.0076,6.009,1.10,1.18
2014.03.28 16:52:20.100,6.00782,6.009,1.00,1.18
2014.03.28 16:52:20.202,6.00754,6.009,1.18,1.18
2014.03.28 16:52:28.020,6.00734,6.00876,1.08,1.18
2014.03.28 16:52:28.424,6.00732,6.00864,1.18,1.00
2014.03.28 16:52:28.475,6.00708,6.00854,1.18,1.18
2014.03.28 16:52:29.778,6.00735,6.00873,1.00,1.18
2014.03.28 16:52:30.096,6.00727,6.00873,1.18,1.18
2014.03.28 16:52:30.208,6.00742,6.00873,1.00,1.18
2014.03.28 16:52:30.625,6.00742,6.00855,1.00,1.00
2014.03.28 16:52:30.776,6.00719,6.00845,1.00,1.18
2014.03.28 16:52:30.979,6.00699,6.00845,1.18,1.18
2014.03.28 16:52:49.417,6.00717,6.00862,1.18,1.18
2014.03.28 16:53:05.690,6.00743,6.00882,1.18,1.25
2014.03.28 16:53:05.792,6.00743,6.00886,1.18,1.18
2014.03.28 16:53:05.843,6.00761,6.00891,1.18,1.00
2014.03.28 16:53:05.944,6.00761,6.00907,1.18,1.18
2014.03.28 16:53:26.607,6.00759,6.00904,1.18,1.18
2014.03.28 16:53:28.243,6.0078,6.00923,1.18,1.25
2014.03.28 16:53:28.763,6.0078,6.00924,1.18,1.18
2014.03.28 16:53:33.818,6.00761,6.00905,1.18,1.18
2014.03.28 16:53:53.851,6.00754,6.00892,1.08,1.18
2014.03.28 16:53:54.103,6.00767,6.00913,1.18,1.18
2014.03.28 16:54:09.886,6.00749,6.00893,1.25,1.18
2014.03.28 16:54:30.611,6.00762,6.00908,1.18,1.18
2014.03.28 16:54:50.559,6.00753,6.00899,1.18,1.18
2014.03.28 16:55:07.637,6.00753,6.00896,1.18,1.25
2014.03.28 16:55:07.688,6.00736,6.00876,1.08,1.18
2014.03.28 16:55:11.814,6.00749,6.00894,1.18,1.18
2014.03.28 16:55:31.606,6.00754,6.009,1.18,1.18
2014.03.28 16:55:39.805,6.00754,6.00896,1.18,1.25
2014.03.28 16:55:39.856,6.00736,6.00877,1.08,1.18
2014.03.28 16:55:53.969,6.00741,6.00877,1.00,1.18
2014.03.28 16:55:54.298,6.00745,6.00877,1.00,1.18
2014.03.28 16:55:56.070,6.00741,6.00877,1.00,1.18
2014.03.28 16:55:56.988,6.00732,6.00877,1.08,1.18
2014.03.28 16:56:00.499,6.00732,6.00868,1.00,1.18
2014.03.28 16:56:00.786,6.00727,6.00868,1.08,1.18
2014.03.28 16:56:16.635,6.00719,6.0085,1.00,1.18
2014.03.28 16:56:16.786,6.00708,6.0085,1.08,1.18
2014.03.28 16:56:20.189,6.00712,6.0085,1.00,1.18
2014.03.28 16:56:20.492,6.00727,6.00868,1.08,1.18
2014.03.28 16:56:21.566,6.00717,6.00845,1.00,1.18
2014.03.28 16:56:24.647,6.00718,6.00845,1.00,1.18
2014.03.28 16:56:24.748,6.00722,6.00868,1.18,1.18
2014.03.28 16:56:32.777,6.00731,6.00868,1.00,1.18
2014.03.28 16:56:45.587,6.00731,6.00861,1.00,1.18
2014.03.28 16:56:59.944,6.00727,6.00861,1.00,1.18
2014.03.28 16:57:05.964,6.00727,6.00856,1.00,1.18
2014.03.28 16:57:20.270,6.00718,6.00856,1.00,1.18
2014.03.28 16:57:20.371,6.00713,6.00839,1.00,1.18
2014.03.28 16:57:20.908,6.00714,6.00839,1.00,1.18
2014.03.28 16:57:21.607,6.00709,6.00839,1.00,1.18
2014.03.28 16:57:22.615,6.007,6.00839,1.00,1.18
2014.03.28 16:57:22.717,6.00738,6.00839,1.00,1.18
2014.03.28 16:57:22.870,6.00738,6.00869,1.00,1.18
2014.03.28 16:57:23.022,6.00742,6.00869,1.00,1.18
2014.03.28 16:57:23.073,6.00742,6.00886,1.08,1.18
2014.03.28 16:57:23.421,6.00752,6.00886,1.00,1.18
2014.03.28 16:57:23.874,6.00741,6.0088,1.18,1.10
2014.03.28 16:57:23.976,6.0073,6.00864,1.00,1.18
2014.03.28 16:57:24.235,6.00721,6.00864,1.18,1.18
2014.03.28 16:57:44.277,6.00714,6.0085,1.00,1.18
2014.03.28 16:57:45.773,6.00713,6.0085,1.10,1.18
2014.03.28 16:57:46.737,6.00714,6.0085,1.00,1.18
2014.03.28 16:58:00.607,6.00713,6.0085,1.10,1.18
2014.03.28 16:58:04.592,6.00714,6.0085,1.00,1.18
2014.03.28 16:58:04.921,6.00714,6.00843,1.00,1.18
2014.03.28 16:58:05.684,6.0071,6.00843,1.00,1.18
2014.03.28 16:58:05.739,6.0071,6.0082,1.00,1.18
2014.03.28 16:58:05.942,6.0071,6.00841,1.00,1.25
2014.03.28 16:58:05.993,6.00735,6.00845,1.00,1.18
2014.03.28 16:58:06.094,6.00735,6.00865,1.00,1.18
2014.03.28 16:58:06.195,6.00733,6.00865,1.00,1.18
2014.03.28 16:58:06.447,6.0075,6.00865,1.00,1.18
2014.03.28 16:58:06.498,6.0075,6.00884,1.00,1.80
2014.03.28 16:58:07.095,6.00741,6.00867,1.18,1.00
2014.03.28 16:58:07.398,6.00731,6.00849,1.00,1.18
2014.03.28 16:58:07.454,6.00706,6.00849,1.18,1.18
2014.03.28 16:58:17.896,6.007,6.00832,1.50,1.18
2014.03.28 16:58:19.245,6.00688,6.00832,1.65,1.18
2014.03.28 16:58:19.448,6.00716,6.00852,1.18,1.65
2014.03.28 16:58:19.499,6.00716,6.00852,1.18,1.00
2014.03.28 16:58:19.549,6.00725,6.0086,1.00,1.18
2014.03.28 16:58:19.852,6.0073,6.0086,1.00,1.18
2014.03.28 16:58:20.161,6.00736,6.0086,1.00,1.18
2014.03.28 16:58:20.464,6.00757,6.00886,1.50,1.18
2014.03.28 16:58:20.515,6.00794,6.00886,1.00,1.18
2014.03.28 16:58:20.565,6.00794,6.00929,1.00,1.18
2014.03.28 16:58:22.044,6.00793,6.00929,1.00,1.18
2014.03.28 16:58:22.251,6.00811,6.00929,1.00,1.18
2014.03.28 16:58:22.402,6.00811,6.0095,1.08,1.18
2014.03.28 16:58:23.019,6.00814,6.0095,1.00,1.18
2014.03.28 16:58:24.456,6.00815,6.0095,1.00,1.18
2014.03.28 16:58:30.625,6.00815,6.00929,1.00,1.18
2014.03.28 16:58:30.726,6.00798,6.00929,1.00,1.18
2014.03.28 16:58:30.912,6.00794,6.00929,1.00,1.18
2014.03.28 16:58:31.463,6.00806,6.00929,1.00,1.18
2014.03.28 16:58:35.783,6.00801,6.00929,1.00,1.18
2014.03.28 16:58:35.986,6.00791,6.00929,1.10,1.18
2014.03.28 16:58:55.441,6.00794,6.00929,1.00,1.18
2014.03.28 16:58:55.593,6.00807,6.0095,1.18,1.25
2014.03.28 16:58:55.694,6.00807,6.00953,1.18,1.18
2014.03.28 16:58:56.135,6.00815,6.00953,1.00,1.18
2014.03.28 16:59:16.121,6.00816,6.0096,1.18,1.18
2014.03.28 16:59:18.511,6.00824,6.0096,1.00,1.18
2014.03.28 16:59:25.673,6.00828,6.0096,1.00,1.18
2014.03.28 16:59:36.226,6.00829,6.00975,1.18,1.18
2014.03.28 16:59:56.222,6.00828,6.00971,1.08,1.18
