2015.07.21 08:00:00.161,8.23396,8.23644,1.00,1.00
2015.07.21 08:00:00.840,8.23396,8.23644,1.37,1.00
2015.07.21 08:00:03.233,8.23407,8.23644,1.12,1.00
2015.07.21 08:00:03.544,8.23396,8.23644,1.12,1.00
2015.07.21 08:00:04.303,8.23428,8.23663,1.00,1.00
2015.07.21 08:00:04.354,8.23428,8.23675,1.00,1.00
2015.07.21 08:00:04.669,8.23408,8.23624,1.00,1.00
2015.07.21 08:00:04.972,8.23342,8.23589,1.75,1.00
2015.07.21 08:00:05.023,8.23342,8.23589,1.75,1.00
2015.07.21 08:00:05.457,8.23342,8.23589,1.00,1.00
2015.07.21 08:00:05.609,8.23323,8.23555,1.35,1.00
2015.07.21 08:00:06.076,8.23343,8.23575,1.00,1.00
2015.07.21 08:00:06.127,8.23343,8.23591,1.00,1.00
2015.07.21 08:00:07.976,8.23343,8.23567,1.00,1.00
2015.07.21 08:00:08.340,8.23323,8.23504,1.35,1.00
2015.07.21 08:00:08.542,8.2329,8.23504,1.35,1.00
2015.07.21 08:00:13.590,8.23259,8.23504,1.59,1.00
2015.07.21 08:00:14.213,8.23259,8.23504,1.21,1.00
2015.07.21 08:00:15.201,8.23259,8.23504,1.21,1.00
2015.07.21 08:00:15.555,8.23232,8.23466,1.30,1.00
2015.07.21 08:00:15.859,8.23242,8.23428,1.24,1.00
2015.07.21 08:00:19.916,8.23242,8.23476,1.24,1.00
2015.07.21 08:00:20.912,8.23242,8.23433,1.24,1.00
2015.07.21 08:00:21.459,8.23242,8.23466,1.24,1.00
2015.07.21 08:00:21.718,8.23255,8.23502,1.21,1.00
2015.07.21 08:00:21.769,8.23255,8.23484,1.21,1.00
2015.07.21 08:00:22.079,8.23242,8.23464,1.16,1.00
2015.07.21 08:00:22.581,8.23242,8.23447,1.13,1.00
2015.07.21 08:00:22.885,8.23242,8.23428,1.13,1.00
2015.07.21 08:00:25.391,8.23191,8.23428,1.12,1.00
2015.07.21 08:00:25.704,8.23214,8.23462,1.37,1.00
2015.07.21 08:00:27.322,8.23214,8.23462,1.00,1.00
2015.07.21 08:00:27.684,8.23214,8.23448,1.00,1.00
2015.07.21 08:00:27.735,8.23181,8.23428,1.07,1.00
2015.07.21 08:00:28.186,8.23203,8.23428,1.00,1.00
2015.07.21 08:00:28.237,8.23222,8.23469,1.00,1.00
2015.07.21 08:00:30.194,8.23222,8.23454,1.00,1.00
2015.07.21 08:00:30.245,8.23187,8.23433,1.00,1.00
2015.07.21 08:00:31.598,8.23201,8.23433,1.00,1.00
2015.07.21 08:00:31.649,8.23221,8.23469,1.00,1.00
2015.07.21 08:00:31.700,8.23221,8.23456,1.00,1.00
2015.07.21 08:00:31.751,8.23189,8.23437,1.00,1.00
2015.07.21 08:00:32.029,8.23159,8.23387,1.12,1.00
2015.07.21 08:00:32.624,8.23141,8.23387,1.75,1.00
2015.07.21 08:00:32.693,8.23141,8.23387,1.37,1.00
2015.07.21 08:00:33.483,8.23141,8.23387,1.00,1.00
2015.07.21 08:00:33.920,8.23105,8.23352,1.75,1.00
2015.07.21 08:00:34.725,8.23168,8.23415,1.00,1.00
2015.07.21 08:00:34.942,8.23212,8.23459,1.00,1.75
2015.07.21 08:00:35.476,8.23212,8.23459,1.00,1.00
2015.07.21 08:00:35.678,8.23212,8.23459,1.00,1.75
2015.07.21 08:00:35.815,8.23192,8.23416,1.00,1.00
2015.07.21 08:00:35.866,8.23169,8.23416,1.00,1.00
2015.07.21 08:00:36.018,8.23214,8.23461,1.00,1.75
2015.07.21 08:00:36.678,8.23214,8.23461,1.00,1.00
2015.07.21 08:00:37.238,8.23161,8.23409,1.00,1.00
2015.07.21 08:00:37.441,8.23161,8.23409,1.37,1.00
2015.07.21 08:00:37.744,8.2313,8.23365,1.12,1.00
2015.07.21 08:00:37.862,8.2313,8.23365,1.12,1.00
2015.07.21 08:00:38.290,8.2313,8.23365,1.37,1.00
2015.07.21 08:00:38.343,8.23154,8.23399,1.00,1.00
2015.07.21 08:00:38.753,8.23113,8.2336,1.75,1.00
2015.07.21 08:00:39.926,8.23172,8.23419,1.00,1.00
2015.07.21 08:00:39.976,8.23172,8.23419,1.00,1.07
2015.07.21 08:00:40.283,8.23211,8.23458,1.00,1.75
2015.07.21 08:00:41.967,8.23211,8.23458,1.00,1.00
2015.07.21 08:00:42.228,8.23243,8.2349,1.00,1.37
2015.07.21 08:00:42.704,8.23243,8.2349,1.00,1.00
2015.07.21 08:00:42.957,8.23164,8.23412,1.07,1.00
2015.07.21 08:00:43.475,8.23164,8.23412,1.07,1.00
2015.07.21 08:00:44.008,8.23164,8.23412,1.00,1.00
2015.07.21 08:00:44.664,8.23124,8.23369,1.75,1.00
2015.07.21 08:00:44.715,8.23124,8.23369,1.37,1.00
2015.07.21 08:00:44.765,8.23104,8.23332,1.35,1.00
2015.07.21 08:00:45.135,8.23149,8.23396,1.00,1.00
2015.07.21 08:00:46.123,8.23187,8.23416,1.00,1.07
2015.07.21 08:00:46.448,8.23187,8.23434,1.00,1.75
2015.07.21 08:00:46.995,8.23187,8.23434,1.00,1.75
2015.07.21 08:00:47.826,8.2322,8.23454,1.00,1.75
2015.07.21 08:00:49.412,8.2322,8.23466,1.00,1.00
2015.07.21 08:00:50.276,8.2318,8.23428,1.00,1.00
2015.07.21 08:00:50.536,8.23225,8.23447,1.00,1.00
2015.07.21 08:00:50.587,8.23225,8.23473,1.00,1.00
2015.07.21 08:00:50.989,8.23225,8.23473,1.00,1.75
2015.07.21 08:00:51.640,8.23205,8.23381,1.00,1.00
2015.07.21 08:00:51.690,8.23133,8.23381,1.00,1.00
2015.07.21 08:00:51.951,8.23133,8.23381,1.75,1.00
2015.07.21 08:00:52.944,8.23183,8.23401,1.00,1.00
2015.07.21 08:00:52.995,8.23183,8.23431,1.00,1.00
2015.07.21 08:00:53.229,8.23218,8.23451,1.00,1.07
2015.07.21 08:00:53.483,8.23218,8.23466,1.00,1.00
2015.07.21 08:00:55.249,8.23218,8.23406,1.00,1.00
2015.07.21 08:00:55.300,8.23145,8.23386,1.12,1.00
2015.07.21 08:00:55.351,8.23145,8.23386,1.12,1.00
2015.07.21 08:00:55.463,8.23158,8.23386,1.12,1.00
2015.07.21 08:00:55.682,8.23153,8.23386,1.12,1.00
2015.07.21 08:00:56.500,8.23139,8.23386,1.07,1.00
2015.07.21 08:00:56.705,8.23139,8.23386,1.00,1.00
2015.07.21 08:00:56.857,8.23161,8.23386,1.00,1.00
2015.07.21 08:00:56.907,8.23181,8.23428,1.00,1.37
2015.07.21 08:00:57.490,8.23181,8.23428,1.00,1.00
2015.07.21 08:00:58.094,8.23221,8.23469,1.00,1.00
2015.07.21 08:00:59.205,8.23158,8.23405,1.12,1.00
2015.07.21 08:00:59.562,8.23137,8.23367,1.12,1.00
2015.07.21 08:00:59.800,8.23137,8.23367,1.12,1.00
2015.07.21 08:01:01.984,8.23184,8.23432,1.00,1.00
2015.07.21 08:01:04.193,8.23145,8.23392,1.87,1.00
2015.07.21 08:01:04.499,8.23161,8.23392,1.12,1.00
2015.07.21 08:01:05.875,8.23161,8.2337,1.12,1.00
2015.07.21 08:01:05.926,8.23136,8.2335,1.12,1.00
2015.07.21 08:01:06.462,8.23137,8.2335,1.12,1.00
2015.07.21 08:01:07.713,8.23122,8.2335,1.12,1.00
2015.07.21 08:01:07.775,8.23151,8.2335,1.00,1.00
2015.07.21 08:01:07.826,8.23171,8.23419,1.00,1.00
2015.07.21 08:01:08.002,8.23171,8.23419,1.07,1.00
2015.07.21 08:01:08.317,8.23171,8.23419,1.00,1.00
2015.07.21 08:01:09.220,8.23171,8.23419,1.75,1.00
2015.07.21 08:01:09.895,8.23171,8.23398,1.75,1.00
2015.07.21 08:01:10.372,8.23176,8.23377,1.12,1.00
2015.07.21 08:01:11.238,8.23148,8.23377,1.12,1.00
2015.07.21 08:01:11.299,8.23137,8.23377,1.12,1.00
2015.07.21 08:01:11.451,8.23131,8.23377,1.82,1.00
2015.07.21 08:01:11.502,8.23131,8.23377,1.45,1.00
2015.07.21 08:01:11.603,8.23131,8.23377,1.82,1.00
2015.07.21 08:01:12.101,8.23131,8.23377,1.07,1.00
2015.07.21 08:01:12.425,8.23131,8.23377,1.82,1.00
2015.07.21 08:01:12.526,8.23175,8.23423,1.00,1.00
2015.07.21 08:01:12.732,8.23175,8.23423,1.45,1.00
2015.07.21 08:01:12.952,8.23175,8.23423,1.37,1.00
2015.07.21 08:01:13.589,8.23187,8.23423,1.00,1.00
2015.07.21 08:01:13.640,8.23207,8.23454,1.00,1.00
2015.07.21 08:01:14.942,8.23187,8.23399,1.00,1.00
2015.07.21 08:01:14.993,8.23152,8.23399,1.82,1.00
2015.07.21 08:01:15.195,8.23163,8.23399,1.37,1.00
2015.07.21 08:01:15.526,8.23158,8.23399,1.12,1.00
2015.07.21 08:01:17.653,8.23136,8.23356,1.12,1.00
2015.07.21 08:01:19.002,8.23122,8.23356,1.12,1.00
2015.07.21 08:01:19.052,8.23141,8.23376,1.00,1.00
2015.07.21 08:01:19.154,8.23141,8.23386,1.00,1.00
2015.07.21 08:01:19.221,8.23141,8.23386,1.75,1.00
2015.07.21 08:01:19.662,8.23141,8.23386,1.07,1.00
2015.07.21 08:01:21.415,8.23173,8.23406,1.00,1.00
2015.07.21 08:01:21.517,8.23173,8.2342,1.00,1.00
2015.07.21 08:01:21.750,8.23211,8.2344,1.00,1.00
2015.07.21 08:01:21.852,8.23211,8.23459,1.37,1.00
2015.07.21 08:01:23.990,8.23211,8.23459,1.12,1.00
2015.07.21 08:01:25.492,8.23211,8.23459,1.10,1.00
2015.07.21 08:01:25.929,8.23246,8.23479,1.00,1.00
2015.07.21 08:01:26.030,8.23246,8.23494,1.00,1.00
2015.07.21 08:01:31.234,8.2327,8.23494,1.00,1.00
2015.07.21 08:01:31.285,8.2329,8.23537,1.00,1.00
2015.07.21 08:01:32.222,8.23302,8.23537,1.00,1.00
2015.07.21 08:01:32.662,8.23321,8.23569,1.00,1.37
2015.07.21 08:01:33.742,8.23321,8.23569,1.00,1.00
2015.07.21 08:01:34.244,8.2336,8.23608,1.00,1.75
2015.07.21 08:01:34.428,8.2336,8.23608,1.00,1.00
2015.07.21 08:01:34.739,8.2336,8.23608,1.00,1.07
2015.07.21 08:01:35.172,8.23327,8.23575,1.00,1.00
2015.07.21 08:01:37.030,8.23327,8.23562,1.00,1.00
2015.07.21 08:01:37.081,8.23295,8.23543,1.00,1.00
2015.07.21 08:01:39.302,8.2333,8.23577,1.00,1.00
2015.07.21 08:01:39.405,8.23287,8.23535,1.00,1.00
2015.07.21 08:01:39.556,8.23287,8.23509,1.00,1.00
2015.07.21 08:01:39.607,8.23242,8.23489,1.00,1.00
2015.07.21 08:01:40.255,8.23242,8.23471,1.00,1.00
2015.07.21 08:01:40.307,8.23204,8.23451,1.00,1.00
2015.07.21 08:01:40.459,8.23204,8.23451,1.00,1.37
2015.07.21 08:01:40.611,8.23172,8.23419,1.00,1.00
2015.07.21 08:01:40.764,8.23123,8.2337,1.00,1.00
2015.07.21 08:01:41.141,8.23123,8.2337,1.75,1.00
2015.07.21 08:01:43.520,8.23138,8.2337,1.12,1.00
2015.07.21 08:01:43.811,8.23163,8.23402,1.12,1.00
2015.07.21 08:01:43.862,8.23176,8.23402,1.12,1.00
2015.07.21 08:01:43.964,8.23174,8.23402,1.12,1.00
2015.07.21 08:01:44.191,8.23163,8.23402,1.12,1.00
2015.07.21 08:01:44.343,8.23163,8.23402,1.12,1.00
2015.07.21 08:01:44.938,8.23154,8.23402,1.37,1.00
2015.07.21 08:01:44.989,8.23219,8.23466,1.00,1.00
2015.07.21 08:01:47.492,8.23251,8.23499,1.00,1.00
2015.07.21 08:01:49.805,8.23287,8.23535,1.00,1.07
2015.07.21 08:01:50.108,8.23177,8.23425,1.75,1.00
2015.07.21 08:01:50.462,8.23177,8.23425,1.75,1.00
2015.07.21 08:01:51.250,8.23193,8.23425,1.12,1.00
2015.07.21 08:01:51.402,8.23213,8.23461,1.37,1.00
2015.07.21 08:01:53.161,8.23217,8.23461,1.12,1.00
2015.07.21 08:01:53.213,8.23226,8.23461,1.12,1.00
2015.07.21 08:01:54.383,8.23213,8.23461,1.72,1.00
2015.07.21 08:01:54.434,8.23213,8.23461,1.35,1.00
2015.07.21 08:01:54.631,8.23213,8.23461,1.72,1.00
2015.07.21 08:01:54.938,8.23257,8.23504,1.00,1.00
2015.07.21 08:01:54.989,8.23274,8.23504,1.00,1.00
2015.07.21 08:01:55.040,8.23294,8.23541,1.00,1.00
2015.07.21 08:01:55.293,8.23311,8.23541,1.00,1.00
2015.07.21 08:01:55.390,8.23332,8.23578,1.00,1.00
2015.07.21 08:01:56.174,8.23343,8.23578,1.00,1.00
2015.07.21 08:01:56.225,8.23363,8.2361,1.00,1.00
2015.07.21 08:01:56.721,8.23363,8.2361,1.00,1.75
2015.07.21 08:01:57.961,8.23363,8.2361,1.00,1.75
2015.07.21 08:01:59.152,8.23363,8.2361,1.00,1.75
2015.07.21 08:02:00.901,8.23363,8.2361,1.00,1.37
2015.07.21 08:02:01.395,8.23363,8.23582,1.00,1.00
2015.07.21 08:02:01.445,8.23319,8.23563,1.35,1.00
2015.07.21 08:02:01.597,8.23316,8.23563,1.97,1.00
2015.07.21 08:02:02.027,8.23316,8.23563,1.60,1.07
2015.07.21 08:02:02.179,8.23316,8.23563,1.00,1.07
2015.07.21 08:02:02.231,8.23279,8.23524,1.75,1.00
2015.07.21 08:02:02.332,8.23279,8.23524,1.00,1.00
2015.07.21 08:02:02.383,8.23279,8.23508,1.00,1.00
2015.07.21 08:02:02.838,8.23241,8.23488,1.75,1.00
2015.07.21 08:02:03.467,8.23285,8.23531,1.37,1.00
2015.07.21 08:02:05.315,8.23285,8.23531,1.00,1.00
2015.07.21 08:02:06.764,8.23285,8.23531,1.07,1.00
2015.07.21 08:02:06.966,8.23285,8.23531,1.07,1.00
2015.07.21 08:02:09.931,8.23285,8.23531,1.75,1.00
2015.07.21 08:02:10.188,8.23285,8.23531,1.00,1.00
2015.07.21 08:02:10.913,8.23285,8.23531,1.00,1.07
2015.07.21 08:02:11.276,8.23285,8.23531,1.00,1.00
2015.07.21 08:02:11.428,8.23329,8.23577,1.00,1.75
2015.07.21 08:02:12.046,8.23377,8.23623,1.00,1.75
2015.07.21 08:02:12.694,8.23377,8.23623,1.00,1.75
2015.07.21 08:02:13.781,8.23377,8.23623,1.00,1.75
2015.07.21 08:02:14.054,8.23411,8.23629,1.00,1.12
2015.07.21 08:02:14.225,8.23411,8.23658,1.00,1.82
2015.07.21 08:02:14.500,8.23411,8.23658,1.00,1.82
2015.07.21 08:02:15.140,8.23432,8.23658,1.00,1.82
2015.07.21 08:02:15.461,8.23453,8.23647,1.00,1.12
2015.07.21 08:02:15.970,8.23453,8.23678,1.00,1.75
2015.07.21 08:02:16.072,8.23416,8.23663,1.00,1.75
2015.07.21 08:02:16.190,8.23416,8.23663,1.00,1.00
2015.07.21 08:02:16.439,8.23416,8.23663,1.00,1.37
2015.07.21 08:02:16.751,8.23416,8.23658,1.00,1.75
2015.07.21 08:02:17.734,8.23416,8.23639,1.00,1.75
2015.07.21 08:02:17.785,8.23372,8.23619,1.00,1.75
2015.07.21 08:02:17.988,8.23372,8.23619,1.00,1.00
2015.07.21 08:02:20.618,8.23372,8.23619,1.00,1.37
2015.07.21 08:02:20.720,8.23327,8.23568,1.35,1.00
2015.07.21 08:02:20.822,8.2332,8.23568,1.67,1.00
2015.07.21 08:02:21.037,8.2332,8.23568,1.07,1.00
2015.07.21 08:02:21.468,8.23361,8.23608,1.00,1.37
2015.07.21 08:02:21.893,8.23361,8.23578,1.00,1.00
2015.07.21 08:02:22.196,8.233,8.23538,1.00,1.75
2015.07.21 08:02:22.478,8.23262,8.23509,1.00,1.75
2015.07.21 08:02:22.682,8.23262,8.23509,1.00,1.75
2015.07.21 08:02:22.950,8.23262,8.23509,1.00,1.37
2015.07.21 08:02:24.255,8.23262,8.23509,1.00,1.75
2015.07.21 08:02:24.847,8.23262,8.23487,1.00,1.00
2015.07.21 08:02:24.898,8.2322,8.23467,1.00,1.07
2015.07.21 08:02:26.980,8.2322,8.23467,1.00,1.75
2015.07.21 08:02:28.181,8.2322,8.23467,1.00,1.75
2015.07.21 08:02:30.196,8.2322,8.23467,1.60,1.75
2015.07.21 08:02:30.297,8.2322,8.23467,1.00,1.75
2015.07.21 08:02:30.393,8.2322,8.23467,1.00,1.75
2015.07.21 08:02:30.712,8.23226,8.23471,1.00,1.75
2015.07.21 08:02:30.932,8.23226,8.23471,1.00,1.75
2015.07.21 08:02:31.192,8.23226,8.23468,1.00,1.75
2015.07.21 08:02:31.730,8.23226,8.23458,1.00,1.75
2015.07.21 08:02:36.114,8.23194,8.23439,1.00,1.75
2015.07.21 08:02:36.781,8.23194,8.23398,1.00,1.75
2015.07.21 08:02:36.832,8.23155,8.23378,1.00,1.75
2015.07.21 08:02:36.991,8.23126,8.23371,1.00,1.75
2015.07.21 08:02:37.312,8.23126,8.23371,1.00,1.75
2015.07.21 08:02:37.903,8.23126,8.23371,1.00,1.75
2015.07.21 08:02:38.126,8.23126,8.23371,1.00,1.37
2015.07.21 08:02:38.278,8.23126,8.23368,1.00,1.12
2015.07.21 08:02:38.430,8.23079,8.23342,1.37,1.82
2015.07.21 08:02:38.532,8.23079,8.23337,1.00,1.12
2015.07.21 08:02:40.291,8.23079,8.23325,1.00,1.12
2015.07.21 08:02:40.669,8.22912,8.23096,2.41,1.00
2015.07.21 08:02:40.740,8.22882,8.23068,1.75,1.00
2015.07.21 08:02:40.792,8.22872,8.22978,2.05,1.00
2015.07.21 08:02:40.844,8.22802,8.22978,1.75,1.00
2015.07.21 08:02:40.896,8.22802,8.22958,1.75,1.00
2015.07.21 08:02:40.949,8.22802,8.22958,1.00,1.00
2015.07.21 08:02:41.032,8.22802,8.22927,1.00,1.00
2015.07.21 08:02:41.179,8.22722,8.22948,1.50,1.75
2015.07.21 08:02:41.416,8.22722,8.22948,1.00,1.75
2015.07.21 08:02:41.520,8.22722,8.22948,1.00,1.75
2015.07.21 08:02:41.571,8.22684,8.22946,1.00,1.75
2015.07.21 08:02:41.622,8.22684,8.22946,1.00,1.75
2015.07.21 08:02:41.965,8.22633,8.22835,1.37,1.10
2015.07.21 08:02:42.090,8.22554,8.22788,1.75,1.00
2015.07.21 08:02:42.193,8.22554,8.22788,1.00,1.37
2015.07.21 08:02:42.244,8.22554,8.22758,1.00,1.00
2015.07.21 08:02:42.592,8.22512,8.22763,1.60,1.75
2015.07.21 08:02:42.643,8.22522,8.22758,1.35,1.75
2015.07.21 08:02:42.745,8.22532,8.22728,1.75,1.00
2015.07.21 08:02:42.846,8.22532,8.22728,1.07,1.07
2015.07.21 08:02:42.948,8.22478,8.2274,1.75,1.75
2015.07.21 08:02:43.050,8.22478,8.22738,1.37,1.75
2015.07.21 08:02:43.193,8.22478,8.22738,1.00,1.75
2015.07.21 08:02:43.295,8.22478,8.22738,1.75,1.37
2015.07.21 08:02:43.614,8.22524,8.22757,1.00,1.75
2015.07.21 08:02:44.020,8.22524,8.22648,1.00,1.00
2015.07.21 08:02:44.072,8.22463,8.22697,1.50,1.50
2015.07.21 08:02:44.173,8.22463,8.22697,1.00,1.75
2015.07.21 08:02:44.274,8.22425,8.22668,1.75,1.37
2015.07.21 08:02:44.325,8.22425,8.22618,1.75,1.00
2015.07.21 08:02:44.376,8.22425,8.22618,1.75,1.00
2015.07.21 08:02:44.479,8.22425,8.22618,1.07,1.37
2015.07.21 08:02:44.530,8.22365,8.22597,1.75,1.00
2015.07.21 08:02:44.873,8.22161,8.22388,1.75,1.00
2015.07.21 08:02:44.924,8.22142,8.22378,1.75,1.07
2015.07.21 08:02:44.975,8.22121,8.22338,1.75,1.00
2015.07.21 08:02:45.159,8.22116,8.22368,1.07,2.25
2015.07.21 08:02:45.210,8.22083,8.22332,1.35,1.00
2015.07.21 08:02:45.261,8.2207,8.22332,1.75,1.00
2015.07.21 08:02:45.362,8.2207,8.22332,1.75,1.00
2015.07.21 08:02:45.413,8.22148,8.22352,1.00,1.00
2015.07.21 08:02:45.515,8.22148,8.22387,1.00,1.66
2015.07.21 08:02:45.566,8.22148,8.2241,1.00,1.37
2015.07.21 08:02:45.617,8.2219,8.22429,1.00,1.75
2015.07.21 08:02:45.953,8.22251,8.22471,1.00,1.75
2015.07.21 08:02:46.004,8.22251,8.22505,1.00,1.75
2015.07.21 08:02:46.106,8.22301,8.22505,1.00,1.75
2015.07.21 08:02:46.156,8.22301,8.2252,1.00,1.75
2015.07.21 08:02:46.207,8.22281,8.2252,1.00,1.75
2015.07.21 08:02:46.258,8.22281,8.22526,1.00,1.75
2015.07.21 08:02:46.309,8.22264,8.22526,1.00,1.75
2015.07.21 08:02:46.445,8.22264,8.22526,1.00,1.75
2015.07.21 08:02:46.561,8.22264,8.22526,1.00,1.75
2015.07.21 08:02:46.663,8.22264,8.22526,1.00,1.75
2015.07.21 08:02:46.815,8.22292,8.22526,1.00,1.75
2015.07.21 08:02:47.152,8.22373,8.22635,1.00,1.75
2015.07.21 08:02:47.253,8.22471,8.22658,1.00,1.74
2015.07.21 08:02:47.304,8.22546,8.22738,1.00,2.41
2015.07.21 08:02:47.456,8.22598,8.22738,1.00,2.41
2015.07.21 08:02:47.557,8.22598,8.22838,1.00,1.75
2015.07.21 08:02:47.659,8.22598,8.22848,1.00,1.75
2015.07.21 08:02:47.893,8.22628,8.22858,1.00,3.16
2015.07.21 08:02:47.995,8.22628,8.22858,1.00,2.41
2015.07.21 08:02:48.098,8.22628,8.2289,1.00,1.75
2015.07.21 08:02:48.352,8.22628,8.2289,1.00,1.75
2015.07.21 08:02:48.555,8.22667,8.22927,1.00,1.75
2015.07.21 08:02:48.697,8.22667,8.22927,1.00,1.75
2015.07.21 08:02:49.011,8.22646,8.22883,1.00,1.75
2015.07.21 08:02:49.112,8.22621,8.22878,1.00,1.75
2015.07.21 08:02:49.415,8.22621,8.22883,1.00,1.75
2015.07.21 08:02:49.742,8.22621,8.22858,1.00,1.75
2015.07.21 08:02:49.898,8.22602,8.22847,1.00,1.75
2015.07.21 08:02:50.000,8.22585,8.22847,1.00,1.75
2015.07.21 08:02:50.203,8.22566,8.22802,1.00,1.75
2015.07.21 08:02:50.388,8.22539,8.22787,1.00,1.75
2015.07.21 08:02:50.804,8.22576,8.22798,1.00,1.75
2015.07.21 08:02:51.194,8.22576,8.22838,1.00,1.75
2015.07.21 08:02:51.296,8.22576,8.22838,1.00,1.75
2015.07.21 08:02:51.398,8.22576,8.22838,1.00,1.75
2015.07.21 08:02:51.450,8.22638,8.22858,1.00,1.75
2015.07.21 08:02:51.653,8.22638,8.22898,1.00,1.75
2015.07.21 08:02:51.822,8.22618,8.22862,1.00,1.75
2015.07.21 08:02:52.011,8.226,8.22862,1.00,1.75
2015.07.21 08:02:52.114,8.2258,8.22808,1.00,1.00
2015.07.21 08:02:52.215,8.22607,8.22808,1.00,1.00
2015.07.21 08:02:52.520,8.22562,8.22778,1.00,1.75
2015.07.21 08:02:52.622,8.22517,8.22778,1.00,1.75
2015.07.21 08:02:52.931,8.22517,8.22779,1.00,1.75
2015.07.21 08:02:53.083,8.22555,8.22778,1.00,1.75
2015.07.21 08:02:53.391,8.22535,8.22768,1.00,1.75
2015.07.21 08:02:53.442,8.22523,8.22768,1.00,1.75
2015.07.21 08:02:54.251,8.22523,8.22758,1.00,1.75
2015.07.21 08:02:54.591,8.22523,8.22785,1.00,1.75
2015.07.21 08:02:54.692,8.22523,8.22785,1.00,1.75
2015.07.21 08:02:55.249,8.22523,8.22777,1.00,1.50
2015.07.21 08:02:55.440,8.22576,8.22818,1.00,1.75
2015.07.21 08:02:55.492,8.22576,8.22823,1.00,1.75
2015.07.21 08:02:55.593,8.22576,8.22823,1.00,1.75
2015.07.21 08:02:55.695,8.22576,8.22823,1.07,1.00
2015.07.21 08:02:55.802,8.22594,8.22823,1.00,1.00
2015.07.21 08:02:56.106,8.22667,8.22898,1.00,1.75
2015.07.21 08:02:56.343,8.22629,8.22876,1.00,1.75
2015.07.21 08:02:56.507,8.22629,8.22848,1.00,1.00
2015.07.21 08:02:56.826,8.22592,8.22827,1.60,1.75
2015.07.21 08:02:57.147,8.22629,8.22817,1.00,1.07
2015.07.21 08:02:57.248,8.22629,8.22828,1.00,1.37
2015.07.21 08:02:57.382,8.22629,8.22828,1.00,1.00
2015.07.21 08:02:57.795,8.22629,8.22827,1.00,1.37
2015.07.21 08:02:58.005,8.22629,8.22838,1.00,1.75
2015.07.21 08:02:58.551,8.22629,8.22838,1.00,1.07
2015.07.21 08:03:00.097,8.22629,8.22828,1.00,1.00
2015.07.21 08:03:00.310,8.22629,8.22837,1.00,1.07
2015.07.21 08:03:00.665,8.22629,8.22848,1.00,1.00
2015.07.21 08:03:01.016,8.22629,8.22857,1.00,1.12
2015.07.21 08:03:01.219,8.22629,8.22868,1.00,1.00
2015.07.21 08:03:01.411,8.22629,8.22848,1.00,1.00
2015.07.21 08:03:01.761,8.22629,8.22838,1.00,1.00
2015.07.21 08:03:01.961,8.22629,8.22848,1.00,1.00
2015.07.21 08:03:02.563,8.22629,8.22868,1.00,1.10
2015.07.21 08:03:02.615,8.22643,8.22868,1.00,1.10
2015.07.21 08:03:02.818,8.22663,8.22898,1.00,1.66
2015.07.21 08:03:02.920,8.2268,8.2291,1.00,1.37
2015.07.21 08:03:03.224,8.227,8.22918,1.00,1.00
2015.07.21 08:03:03.326,8.227,8.22938,1.00,1.00
2015.07.21 08:03:03.380,8.227,8.22938,1.07,1.00
2015.07.21 08:03:03.853,8.227,8.22908,1.07,1.00
2015.07.21 08:03:04.404,8.227,8.22947,1.07,1.07
2015.07.21 08:03:04.505,8.227,8.22928,1.07,1.00
2015.07.21 08:03:04.820,8.227,8.22908,1.07,1.00
2015.07.21 08:03:05.124,8.22641,8.22868,1.75,1.00
2015.07.21 08:03:05.175,8.22641,8.22857,1.75,1.00
2015.07.21 08:03:05.360,8.22641,8.22857,1.12,1.00
2015.07.21 08:03:05.411,8.22641,8.22848,1.12,1.00
2015.07.21 08:03:05.756,8.22641,8.22808,1.12,1.00
2015.07.21 08:03:06.064,8.22598,8.22798,1.12,1.00
2015.07.21 08:03:06.165,8.22598,8.22828,1.12,1.07
2015.07.21 08:03:06.267,8.22598,8.22838,1.12,1.00
2015.07.21 08:03:06.378,8.22598,8.22838,1.12,1.00
2015.07.21 08:03:06.429,8.22598,8.22843,1.12,1.00
2015.07.21 08:03:06.667,8.22641,8.22843,1.05,1.00
2015.07.21 08:03:06.768,8.22664,8.22898,1.00,1.75
2015.07.21 08:03:06.819,8.22664,8.22898,1.00,1.07
2015.07.21 08:03:06.920,8.22664,8.22908,1.37,1.00
2015.07.21 08:03:07.072,8.22667,8.22911,1.12,1.00
2015.07.21 08:03:07.124,8.22672,8.22911,1.12,1.00
2015.07.21 08:03:07.792,8.22664,8.22898,1.75,1.00
2015.07.21 08:03:07.899,8.22664,8.22898,1.37,1.00
2015.07.21 08:03:09.151,8.22664,8.22888,1.37,1.00
2015.07.21 08:03:10.032,8.22664,8.22908,1.50,1.00
2015.07.21 08:03:10.134,8.22689,8.22908,1.00,1.00
2015.07.21 08:03:10.489,8.22709,8.22928,1.00,1.00
2015.07.21 08:03:10.793,8.22709,8.22928,1.07,1.00
2015.07.21 08:03:11.105,8.22709,8.22937,1.07,1.00
2015.07.21 08:03:11.280,8.22709,8.22937,1.67,1.00
2015.07.21 08:03:11.331,8.22709,8.22947,1.97,1.00
2015.07.21 08:03:11.862,8.22709,8.22918,1.97,1.00
2015.07.21 08:03:12.166,8.22709,8.22908,1.37,1.00
2015.07.21 08:03:12.267,8.22672,8.22888,1.75,1.00
2015.07.21 08:03:12.318,8.22672,8.22888,1.00,1.00
2015.07.21 08:03:12.961,8.22672,8.22898,1.00,1.00
2015.07.21 08:03:13.731,8.22672,8.22888,1.00,1.00
2015.07.21 08:03:14.080,8.22635,8.22838,1.07,1.00
2015.07.21 08:03:14.384,8.22597,8.22817,2.10,1.00
2015.07.21 08:03:14.720,8.22597,8.22788,2.10,1.00
2015.07.21 08:03:14.828,8.22597,8.22788,1.72,1.00
2015.07.21 08:03:14.930,8.22552,8.22788,1.75,1.00
2015.07.21 08:03:14.981,8.22552,8.22758,1.75,1.00
2015.07.21 08:03:15.082,8.22563,8.22797,1.35,1.00
2015.07.21 08:03:15.184,8.22563,8.22797,1.35,1.00
2015.07.21 08:03:15.285,8.22603,8.22842,1.35,1.00
2015.07.21 08:03:15.387,8.22603,8.22842,1.35,1.00
2015.07.21 08:03:15.488,8.22637,8.22879,1.37,1.00
2015.07.21 08:03:15.590,8.22637,8.22884,1.37,1.00
2015.07.21 08:03:16.294,8.22637,8.22884,1.00,1.00
2015.07.21 08:03:16.396,8.22603,8.2285,1.75,1.00
2015.07.21 08:03:16.497,8.22603,8.2285,1.00,1.00
2015.07.21 08:03:16.683,8.22603,8.2285,1.00,1.07
2015.07.21 08:03:17.047,8.22603,8.2285,1.00,1.00
2015.07.21 08:03:17.191,8.22648,8.2287,1.00,1.50
2015.07.21 08:03:17.393,8.22648,8.22895,1.00,1.75
2015.07.21 08:03:17.816,8.22648,8.22888,1.00,1.07
2015.07.21 08:03:17.867,8.22648,8.22876,1.00,1.00
2015.07.21 08:03:17.918,8.22609,8.22856,1.00,1.37
2015.07.21 08:03:18.020,8.22609,8.22856,1.37,1.00
2015.07.21 08:03:18.223,8.22614,8.22856,1.42,1.00
2015.07.21 08:03:18.375,8.22674,8.22917,1.75,1.37
2015.07.21 08:03:18.426,8.22693,8.2294,1.00,1.75
2015.07.21 08:03:18.575,8.22693,8.2294,1.00,1.00
2015.07.21 08:03:18.889,8.22693,8.2294,1.37,1.00
2015.07.21 08:03:19.230,8.22732,8.22977,1.00,1.00
2015.07.21 08:03:19.489,8.22732,8.22977,1.37,1.00
2015.07.21 08:03:19.793,8.22872,8.23096,1.50,1.37
2015.07.21 08:03:20.096,8.22911,8.23158,1.00,1.75
2015.07.21 08:03:20.401,8.22965,8.23212,1.00,1.75
2015.07.21 08:03:20.760,8.22965,8.23212,1.00,1.75
2015.07.21 08:03:20.980,8.22965,8.23212,1.00,1.75
2015.07.21 08:03:21.471,8.22987,8.23212,1.00,1.75
2015.07.21 08:03:21.572,8.23007,8.23255,1.00,1.75
2015.07.21 08:03:21.674,8.23039,8.23255,1.00,1.75
2015.07.21 08:03:21.775,8.23058,8.23321,1.00,1.75
2015.07.21 08:03:21.881,8.23058,8.23321,1.00,1.75
2015.07.21 08:03:22.249,8.23062,8.23321,1.00,1.75
2015.07.21 08:03:22.350,8.23058,8.23321,1.00,1.75
2015.07.21 08:03:22.402,8.23097,8.23359,1.00,1.75
2015.07.21 08:03:22.554,8.23097,8.23359,1.00,1.12
2015.07.21 08:03:23.776,8.23114,8.23359,1.00,1.00
2015.07.21 08:03:24.094,8.23135,8.23396,1.00,1.75
2015.07.21 08:03:24.530,8.23135,8.23396,1.00,1.07
2015.07.21 08:03:26.626,8.23181,8.23396,1.00,1.07
2015.07.21 08:03:26.779,8.23223,8.23486,1.00,1.75
2015.07.21 08:03:26.830,8.23225,8.23486,1.00,1.75
2015.07.21 08:03:27.173,8.23259,8.2352,1.00,1.75
2015.07.21 08:03:27.277,8.23259,8.2352,1.00,1.75
2015.07.21 08:03:27.480,8.23194,8.23441,1.00,1.00
2015.07.21 08:03:27.733,8.23194,8.23441,1.00,1.07
2015.07.21 08:03:28.075,8.23229,8.23474,1.00,1.75
2015.07.21 08:03:28.176,8.23229,8.23474,1.00,1.75
2015.07.21 08:03:28.379,8.23229,8.23474,1.00,1.37
2015.07.21 08:03:28.844,8.23241,8.23474,1.00,1.37
2015.07.21 08:03:29.181,8.23271,8.23498,1.00,1.75
2015.07.21 08:03:29.485,8.23271,8.23508,1.00,1.00
2015.07.21 08:03:29.779,8.23271,8.23508,1.00,1.75
2015.07.21 08:03:30.128,8.23271,8.23437,1.00,1.00
2015.07.21 08:03:30.179,8.23251,8.23437,1.00,1.00
2015.07.21 08:03:30.231,8.23215,8.23408,1.00,1.00
2015.07.21 08:03:30.433,8.23215,8.23428,1.00,1.00
2015.07.21 08:03:30.644,8.23215,8.23438,1.00,1.00
2015.07.21 08:03:30.984,8.23215,8.23458,1.00,1.00
2015.07.21 08:03:31.093,8.23215,8.23438,1.00,1.00
2015.07.21 08:03:31.397,8.23248,8.23427,1.00,1.00
2015.07.21 08:03:31.448,8.23248,8.23468,1.00,1.00
2015.07.21 08:03:31.550,8.23248,8.23478,1.00,1.75
2015.07.21 08:03:32.247,8.23248,8.23447,1.00,1.75
2015.07.21 08:03:32.449,8.23207,8.23452,1.00,1.75
2015.07.21 08:03:32.550,8.23207,8.23452,1.00,1.75
2015.07.21 08:03:32.753,8.23207,8.23437,1.00,1.75
2015.07.21 08:03:32.990,8.23207,8.23452,1.00,1.75
2015.07.21 08:03:33.040,8.23207,8.23452,1.60,1.75
2015.07.21 08:03:33.192,8.23252,8.23452,1.35,1.00
2015.07.21 08:03:33.344,8.23286,8.23452,1.35,1.00
2015.07.21 08:03:33.880,8.23281,8.23452,1.35,1.00
2015.07.21 08:03:34.510,8.23263,8.23452,1.35,1.00
2015.07.21 08:03:34.833,8.23263,8.2342,1.35,1.00
2015.07.21 08:03:35.162,8.232,8.23399,2.10,1.00
2015.07.21 08:03:35.381,8.23189,8.23436,1.75,1.00
2015.07.21 08:03:36.062,8.2323,8.23477,1.07,1.00
2015.07.21 08:03:36.510,8.2319,8.23435,1.00,1.75
2015.07.21 08:03:36.901,8.23217,8.23435,1.00,1.75
2015.07.21 08:03:37.053,8.23237,8.23484,1.00,1.75
2015.07.21 08:03:37.154,8.23237,8.23484,1.00,1.75
2015.07.21 08:03:37.296,8.23237,8.23484,1.00,1.75
2015.07.21 08:03:37.561,8.23191,8.23438,1.10,1.00
2015.07.21 08:03:37.821,8.23191,8.23438,1.00,1.37
2015.07.21 08:03:38.160,8.23154,8.23401,1.00,1.75
2015.07.21 08:03:38.473,8.23154,8.23401,1.00,1.75
2015.07.21 08:03:39.080,8.23134,8.23342,1.00,1.00
2015.07.21 08:03:39.133,8.23113,8.23342,1.00,1.00
2015.07.21 08:03:39.184,8.23133,8.2338,1.00,1.00
2015.07.21 08:03:39.818,8.23133,8.2338,1.00,1.37
2015.07.21 08:03:40.158,8.23133,8.23348,1.00,1.00
2015.07.21 08:03:40.310,8.23097,8.23344,1.00,1.00
2015.07.21 08:03:40.512,8.2318,8.23408,1.00,1.75
2015.07.21 08:03:40.715,8.2318,8.23427,1.00,1.37
2015.07.21 08:03:40.824,8.2318,8.23427,1.00,1.00
2015.07.21 08:03:41.075,8.2318,8.23427,1.60,1.00
2015.07.21 08:03:41.391,8.23186,8.23427,1.35,1.00
2015.07.21 08:03:41.442,8.2322,8.23458,1.00,1.00
2015.07.21 08:03:41.651,8.2322,8.23467,1.00,1.00
2015.07.21 08:03:42.231,8.2322,8.23458,1.00,1.00
2015.07.21 08:03:42.547,8.2322,8.23448,1.00,1.07
2015.07.21 08:03:44.060,8.23258,8.23505,1.00,1.75
2015.07.21 08:03:44.111,8.23258,8.23485,1.00,1.00
2015.07.21 08:03:44.162,8.23218,8.23465,1.00,1.00
2015.07.21 08:03:44.213,8.2323,8.23465,1.00,1.00
2015.07.21 08:03:44.264,8.2325,8.23497,1.00,1.37
2015.07.21 08:03:44.315,8.2325,8.23477,1.00,1.00
2015.07.21 08:03:44.569,8.23205,8.2345,1.60,1.00
2015.07.21 08:03:44.620,8.23205,8.2345,1.00,1.00
2015.07.21 08:03:45.082,8.23205,8.23448,1.00,1.00
2015.07.21 08:03:45.493,8.23205,8.23438,1.00,1.00
2015.07.21 08:03:46.161,8.23205,8.23448,1.00,1.07
2015.07.21 08:03:46.512,8.23205,8.23428,1.00,1.00
2015.07.21 08:03:46.614,8.23205,8.2345,1.00,1.07
2015.07.21 08:03:46.802,8.23205,8.2345,1.00,1.00
2015.07.21 08:03:47.604,8.23205,8.23448,1.00,1.00
2015.07.21 08:03:48.459,8.23205,8.2345,1.00,1.00
2015.07.21 08:03:49.455,8.23205,8.23448,1.00,1.00
2015.07.21 08:03:49.809,8.23205,8.23428,1.00,1.00
2015.07.21 08:03:49.861,8.23205,8.23437,1.00,1.00
2015.07.21 08:03:50.330,8.23205,8.23428,1.00,1.00
2015.07.21 08:03:50.650,8.23163,8.23407,1.00,1.00
2015.07.21 08:03:50.701,8.23163,8.23388,1.00,1.00
2015.07.21 08:03:50.866,8.23123,8.2337,1.60,1.00
2015.07.21 08:03:50.968,8.23157,8.23398,1.00,1.00
2015.07.21 08:03:51.019,8.23157,8.23404,1.00,1.00
2015.07.21 08:03:51.225,8.23157,8.23398,1.00,1.00
2015.07.21 08:03:52.025,8.23157,8.23391,1.00,1.00
2015.07.21 08:03:52.076,8.23126,8.23371,1.60,1.00
2015.07.21 08:03:52.228,8.23126,8.23368,1.60,1.00
2015.07.21 08:03:52.559,8.23093,8.2334,1.60,1.00
2015.07.21 08:03:52.610,8.23093,8.2334,1.00,1.00
2015.07.21 08:03:52.944,8.23093,8.2334,1.00,1.37
2015.07.21 08:03:53.146,8.23057,8.23302,1.00,1.00
2015.07.21 08:03:54.181,8.23057,8.23302,1.00,1.37
2015.07.21 08:03:54.391,8.23017,8.23262,1.00,1.00
2015.07.21 08:03:58.370,8.22973,8.2322,1.00,1.00
2015.07.21 08:03:58.772,8.23011,8.23256,1.00,1.00
2015.07.21 08:03:59.113,8.23048,8.23295,1.00,1.00
2015.07.21 08:03:59.602,8.23048,8.23295,1.00,1.75
2015.07.21 08:03:59.653,8.23002,8.23249,1.00,1.00
2015.07.21 08:04:00.383,8.22968,8.23215,1.00,1.00
2015.07.21 08:04:00.688,8.22932,8.23179,1.00,1.00
2015.07.21 08:04:01.712,8.22932,8.23179,1.00,1.37
2015.07.21 08:04:02.053,8.22932,8.23177,1.00,1.12
2015.07.21 08:04:02.204,8.22932,8.23179,1.00,1.37
2015.07.21 08:04:03.325,8.22932,8.23179,1.00,1.75
2015.07.21 08:04:03.528,8.22899,8.23146,1.00,1.75
2015.07.21 08:04:03.864,8.22899,8.23146,1.00,1.37
2015.07.21 08:04:04.068,8.22899,8.23146,1.07,1.00
2015.07.21 08:04:04.270,8.22916,8.23146,1.00,1.00
2015.07.21 08:04:04.321,8.22937,8.23182,1.00,1.37
2015.07.21 08:04:04.492,8.22937,8.23182,1.00,1.00
2015.07.21 08:04:04.933,8.22937,8.23182,1.07,1.00
2015.07.21 08:04:05.734,8.22937,8.23182,1.00,1.00
2015.07.21 08:04:07.395,8.22937,8.23182,1.07,1.00
2015.07.21 08:04:08.834,8.22937,8.23182,1.67,1.00
2015.07.21 08:04:09.039,8.22981,8.23228,1.00,1.00
2015.07.21 08:04:10.099,8.22981,8.23228,1.00,1.37
2015.07.21 08:04:10.957,8.22981,8.23228,1.00,1.00
2015.07.21 08:04:11.560,8.22981,8.23207,1.00,1.00
2015.07.21 08:04:12.008,8.22945,8.23192,1.00,1.00
2015.07.21 08:04:12.110,8.22945,8.23192,1.00,1.37
2015.07.21 08:04:12.414,8.22832,8.23079,1.75,1.00
2015.07.21 08:04:12.566,8.22832,8.23079,1.00,1.00
2015.07.21 08:04:13.628,8.22789,8.23036,1.75,1.00
2015.07.21 08:04:14.375,8.22825,8.23056,1.00,1.00
2015.07.21 08:04:14.426,8.22825,8.23072,1.00,1.00
2015.07.21 08:04:14.579,8.22863,8.23092,1.00,1.00
2015.07.21 08:04:14.630,8.22863,8.2311,1.00,1.37
2015.07.21 08:04:14.807,8.22863,8.2311,1.37,1.00
2015.07.21 08:04:15.391,8.22863,8.2311,1.00,1.00
2015.07.21 08:04:15.493,8.22818,8.23063,1.75,1.00
2015.07.21 08:04:15.714,8.22818,8.23063,1.07,1.00
2015.07.21 08:04:15.820,8.2287,8.23117,1.00,1.50
2015.07.21 08:04:15.972,8.2287,8.23117,1.00,1.00
2015.07.21 08:04:16.074,8.2287,8.23117,1.37,1.00
2015.07.21 08:04:19.219,8.2287,8.23103,1.37,1.00
2015.07.21 08:04:19.522,8.22836,8.23083,1.37,1.75
2015.07.21 08:04:19.573,8.22836,8.23083,1.00,1.75
2015.07.21 08:04:19.674,8.22836,8.23083,1.00,1.75
2015.07.21 08:04:19.839,8.22799,8.23044,1.37,1.37
2015.07.21 08:04:20.220,8.22816,8.23044,1.00,1.37
2015.07.21 08:04:20.372,8.22837,8.23082,1.37,1.07
2015.07.21 08:04:20.684,8.22837,8.23082,1.75,1.07
2015.07.21 08:04:21.120,8.22837,8.23082,1.75,1.00
2015.07.21 08:04:21.431,8.22837,8.23082,1.75,1.07
2015.07.21 08:04:21.653,8.22816,8.23038,1.37,1.00
2015.07.21 08:04:22.307,8.22794,8.23038,1.35,1.07
2015.07.21 08:04:23.231,8.22794,8.22987,1.35,1.00
2015.07.21 08:04:23.332,8.22773,8.22987,1.35,1.00
2015.07.21 08:04:23.594,8.22747,8.22968,1.12,1.00
2015.07.21 08:04:23.746,8.22728,8.22949,1.12,1.00
2015.07.21 08:04:23.999,8.22723,8.22949,1.35,1.00
2015.07.21 08:04:24.100,8.22723,8.22938,1.35,1.00
2015.07.21 08:04:24.151,8.22704,8.22938,1.60,1.00
2015.07.21 08:04:24.253,8.22724,8.22937,1.35,1.00
2015.07.21 08:04:24.354,8.22683,8.22904,1.00,1.00
2015.07.21 08:04:24.456,8.22657,8.22904,1.00,1.00
2015.07.21 08:04:24.644,8.22637,8.22827,1.00,1.00
2015.07.21 08:04:24.746,8.2258,8.22827,1.60,1.00
2015.07.21 08:04:24.797,8.2258,8.22827,1.00,1.00
2015.07.21 08:04:24.949,8.22561,8.22792,1.00,1.00
2015.07.21 08:04:25.151,8.22506,8.22751,1.07,1.00
2015.07.21 08:04:25.252,8.22485,8.22689,1.75,1.00
2015.07.21 08:04:25.303,8.22485,8.22689,1.00,1.00
2015.07.21 08:04:25.354,8.22423,8.22657,1.75,1.00
2015.07.21 08:04:25.405,8.22423,8.22657,1.75,1.00
2015.07.21 08:04:25.456,8.2239,8.22622,1.75,1.00
2015.07.21 08:04:25.507,8.2239,8.22622,1.75,1.00
2015.07.21 08:04:25.557,8.22355,8.22583,2.10,1.00
2015.07.21 08:04:25.751,8.22348,8.22583,1.35,1.00
2015.07.21 08:04:26.753,8.22373,8.22603,1.00,1.00
2015.07.21 08:04:26.804,8.22373,8.2262,1.00,1.00
2015.07.21 08:04:26.956,8.22373,8.2262,1.75,1.00
2015.07.21 08:04:27.273,8.22373,8.2262,1.75,1.00
2015.07.21 08:04:27.527,8.22373,8.2262,1.75,1.00
2015.07.21 08:04:27.628,8.22355,8.22718,1.35,1.66
2015.07.21 08:04:28.047,8.22355,8.22718,1.35,1.66
2015.07.21 08:04:28.815,8.22355,8.22688,1.35,1.66
2015.07.21 08:04:29.133,8.22355,8.22688,1.35,1.66
2015.07.21 08:04:30.493,8.22332,8.22688,1.75,1.66
2015.07.21 08:04:34.004,8.22381,8.22688,1.12,1.66
2015.07.21 08:04:34.105,8.22381,8.22748,1.12,1.66
2015.07.21 08:04:34.758,8.22403,8.22748,1.12,1.66
2015.07.21 08:04:35.643,8.22356,8.22748,1.12,1.66
2015.07.21 08:04:35.753,8.22356,8.22748,1.12,1.66
2015.07.21 08:04:36.416,8.22352,8.22718,1.75,1.66
2015.07.21 08:04:37.953,8.22302,8.22678,1.75,1.66
2015.07.21 08:04:38.055,8.22272,8.22678,1.75,1.74
2015.07.21 08:04:38.159,8.22266,8.22648,1.12,1.66
2015.07.21 08:04:38.261,8.22242,8.22648,1.75,1.74
2015.07.21 08:04:38.601,8.22241,8.22608,1.12,1.66
2015.07.21 08:04:39.815,8.22222,8.22608,1.75,1.66
2015.07.21 08:04:40.018,8.22222,8.22608,1.75,1.66
2015.07.21 08:04:40.719,8.22232,8.22608,1.75,1.66
2015.07.21 08:04:41.231,8.22212,8.22578,1.75,1.66
2015.07.21 08:04:42.670,8.22192,8.22608,1.75,2.04
2015.07.21 08:04:42.873,8.22182,8.22567,1.75,1.66
2015.07.21 08:04:42.924,8.22182,8.22567,1.75,2.04
2015.07.21 08:04:43.318,8.22183,8.22567,1.75,1.66
2015.07.21 08:04:43.840,8.22142,8.22567,1.75,2.04
2015.07.21 08:04:44.145,8.22063,8.22517,1.75,1.74
2015.07.21 08:04:44.347,8.22063,8.22478,1.08,2.04
2015.07.21 08:04:44.631,8.22042,8.22438,1.67,1.66
2015.07.21 08:04:44.681,8.22042,8.22438,1.67,1.74
2015.07.21 08:04:45.550,8.22052,8.22438,1.75,1.66
2015.07.21 08:04:45.753,8.22052,8.22438,1.75,1.66
2015.07.21 08:04:46.442,8.22012,8.22433,1.75,1.12
2015.07.21 08:04:46.543,8.22012,8.22438,1.75,2.41
2015.07.21 08:04:47.292,8.22002,8.22388,2.46,1.74
2015.07.21 08:04:47.744,8.22022,8.22388,1.37,1.66
2015.07.21 08:04:48.401,8.21993,8.22388,1.12,1.74
2015.07.21 08:04:48.610,8.21982,8.22414,1.75,1.12
2015.07.21 08:04:48.928,8.21988,8.22434,1.12,1.12
2015.07.21 08:04:49.476,8.21932,8.22317,1.35,2.41
2015.07.21 08:04:49.527,8.21923,8.22317,1.35,2.41
2015.07.21 08:04:49.739,8.219,8.22287,1.35,2.41
2015.07.21 08:04:50.145,8.21882,8.22248,1.60,2.41
2015.07.21 08:04:50.487,8.21882,8.22218,1.60,2.41
2015.07.21 08:04:50.841,8.2182,8.22148,2.10,2.41
2015.07.21 08:04:50.892,8.21779,8.22148,1.35,2.41
2015.07.21 08:04:50.943,8.21752,8.22148,1.75,2.41
2015.07.21 08:04:52.372,8.21775,8.22188,1.35,2.41
2015.07.21 08:04:52.473,8.21775,8.22218,1.35,2.04
2015.07.21 08:04:52.686,8.21823,8.22268,1.75,1.74
2015.07.21 08:04:53.129,8.21802,8.22283,1.75,1.35
2015.07.21 08:04:53.231,8.21762,8.22198,1.75,1.66
2015.07.21 08:04:53.463,8.21762,8.22198,1.75,2.41
2015.07.21 08:04:53.665,8.21772,8.22198,1.24,2.41
2015.07.21 08:04:53.879,8.21783,8.22248,1.24,1.74
2015.07.21 08:04:54.036,8.21792,8.22248,1.99,1.66
2015.07.21 08:04:54.536,8.21812,8.22248,1.24,1.66
2015.07.21 08:04:54.958,8.21905,8.22345,1.12,1.12
2015.07.21 08:04:55.010,8.21842,8.22314,3.07,1.12
2015.07.21 08:04:55.143,8.21842,8.22317,2.41,1.75
2015.07.21 08:04:55.194,8.21846,8.22314,1.12,1.12
2015.07.21 08:04:55.501,8.21772,8.22268,1.75,2.41
2015.07.21 08:04:55.653,8.21782,8.22268,1.75,1.66
2015.07.21 08:04:55.754,8.21822,8.22325,2.41,1.35
2015.07.21 08:04:55.892,8.21862,8.22368,2.41,2.41
2015.07.21 08:04:56.432,8.21832,8.22318,1.75,1.66
2015.07.21 08:04:56.533,8.21832,8.22318,1.75,1.66
2015.07.21 08:04:56.760,8.21812,8.22318,2.41,2.41
2015.07.21 08:04:56.973,8.21812,8.22318,2.41,2.41
2015.07.21 08:04:57.871,8.21752,8.22257,2.41,1.75
2015.07.21 08:04:59.213,8.21807,8.22238,1.12,2.41
2015.07.21 08:04:59.375,8.21829,8.22268,1.12,2.41
2015.07.21 08:05:00.382,8.21808,8.22268,1.12,2.41
2015.07.21 08:05:01.220,8.21858,8.22268,1.12,2.41
2015.07.21 08:05:01.524,8.21858,8.22268,1.12,2.41
2015.07.21 08:05:02.541,8.21858,8.22307,1.12,2.41
2015.07.21 08:05:03.225,8.21846,8.22272,1.12,1.12
2015.07.21 08:05:03.485,8.21802,8.22258,1.12,2.41
2015.07.21 08:05:03.536,8.21802,8.22249,1.12,1.12
2015.07.21 08:05:03.888,8.21857,8.22228,1.00,2.41
2015.07.21 08:05:04.238,8.21876,8.22228,1.00,2.41
2015.07.21 08:05:04.444,8.21876,8.22268,1.00,2.41
2015.07.21 08:05:04.550,8.21876,8.22268,1.00,2.41
2015.07.21 08:05:04.651,8.21876,8.22268,1.75,2.41
2015.07.21 08:05:05.077,8.21922,8.22268,1.00,2.41
2015.07.21 08:05:05.395,8.21947,8.22268,1.00,2.41
2015.07.21 08:05:05.951,8.21943,8.22268,1.00,2.41
2015.07.21 08:05:06.002,8.21943,8.22293,1.00,1.12
2015.07.21 08:05:06.131,8.2195,8.22237,1.00,1.00
2015.07.21 08:05:06.450,8.2197,8.22217,1.00,1.00
2015.07.21 08:05:06.781,8.22007,8.22254,1.00,1.37
2015.07.21 08:05:07.217,8.22033,8.22274,1.00,1.75
2015.07.21 08:05:07.319,8.22033,8.22302,1.00,1.75
2015.07.21 08:05:07.421,8.22078,8.22321,1.00,1.07
2015.07.21 08:05:07.812,8.22089,8.22345,1.00,1.10
2015.07.21 08:05:08.014,8.22128,8.22379,1.00,1.75
2015.07.21 08:05:08.116,8.22128,8.2238,1.00,1.00
2015.07.21 08:05:09.760,8.22165,8.22412,1.00,1.00
2015.07.21 08:05:09.862,8.22099,8.22369,1.00,1.00
2015.07.21 08:05:09.963,8.22142,8.22389,1.00,1.00
2015.07.21 08:05:10.065,8.22104,8.22374,1.00,1.00
2015.07.21 08:05:13.387,8.22144,8.22391,1.00,1.00
2015.07.21 08:05:14.068,8.22084,8.22346,1.00,1.00
2015.07.21 08:05:14.220,8.22084,8.22346,1.00,1.75
2015.07.21 08:05:14.271,8.22039,8.22299,1.00,1.00
2015.07.21 08:05:14.321,8.22039,8.22288,1.00,2.10
2015.07.21 08:05:14.524,8.21963,8.22198,1.66,1.00
2015.07.21 08:05:14.647,8.21963,8.22157,1.66,1.00
2015.07.21 08:05:14.850,8.2194,8.22157,1.10,1.00
2015.07.21 08:05:15.071,8.21951,8.22198,1.00,1.00
2015.07.21 08:05:15.122,8.22012,8.22198,1.00,1.00
2015.07.21 08:05:15.173,8.22012,8.22247,1.00,1.60
2015.07.21 08:05:15.224,8.22,8.22247,1.00,1.60
2015.07.21 08:05:15.275,8.22032,8.22279,1.00,1.60
2015.07.21 08:05:15.598,8.22068,8.22315,1.00,1.00
2015.07.21 08:05:16.961,8.22068,8.22292,1.00,1.00
2015.07.21 08:05:17.012,8.22026,8.22273,1.00,1.00
2015.07.21 08:05:17.681,8.22043,8.22273,1.00,1.00
2015.07.21 08:05:17.732,8.22064,8.22308,1.00,1.07
2015.07.21 08:05:17.783,8.22099,8.22308,1.00,1.00
2015.07.21 08:05:17.836,8.22118,8.22365,1.00,1.75
2015.07.21 08:05:18.227,8.22118,8.22365,1.00,1.75
2015.07.21 08:05:19.810,8.22075,8.22322,1.00,1.37
2015.07.21 08:05:21.583,8.22101,8.22322,1.00,1.37
2015.07.21 08:05:21.996,8.22122,8.22367,1.00,1.75
2015.07.21 08:05:23.265,8.2216,8.22388,1.00,2.25
2015.07.21 08:05:23.518,8.2216,8.22398,1.00,1.75
2015.07.21 08:05:24.255,8.2216,8.22404,1.00,1.07
2015.07.21 08:05:25.327,8.222,8.22425,1.00,1.75
2015.07.21 08:05:26.997,8.222,8.22446,1.00,1.37
2015.07.21 08:05:27.327,8.222,8.22446,1.00,1.00
2015.07.21 08:05:27.378,8.22212,8.22446,1.00,1.00
2015.07.21 08:05:27.433,8.22232,8.22478,1.00,1.00
2015.07.21 08:05:28.863,8.22212,8.22431,1.00,1.00
2015.07.21 08:05:28.914,8.22184,8.22431,1.00,1.00
2015.07.21 08:05:29.117,8.22198,8.22431,1.00,1.00
2015.07.21 08:05:29.168,8.22218,8.22465,1.00,1.00
2015.07.21 08:05:29.421,8.22218,8.22465,1.00,1.75
2015.07.21 08:05:29.472,8.22198,8.22427,1.00,1.00
2015.07.21 08:05:29.523,8.2218,8.22427,1.00,1.00
2015.07.21 08:05:30.829,8.22149,8.22396,1.00,1.00
2015.07.21 08:05:31.184,8.22149,8.2237,1.00,1.00
2015.07.21 08:05:31.235,8.22104,8.2235,1.00,1.00
2015.07.21 08:05:31.785,8.22119,8.2235,1.00,1.00
2015.07.21 08:05:31.835,8.22139,8.22385,1.00,1.00
2015.07.21 08:05:31.987,8.22139,8.22372,1.00,1.00
2015.07.21 08:05:32.038,8.22106,8.22351,1.00,1.00
2015.07.21 08:05:35.933,8.22134,8.22381,1.00,1.00
2015.07.21 08:05:36.606,8.22103,8.22349,1.00,1.00
2015.07.21 08:05:39.951,8.22138,8.22385,1.00,1.00
2015.07.21 08:05:40.236,8.22108,8.22355,1.00,1.00
2015.07.21 08:05:43.232,8.22147,8.22393,1.00,1.00
2015.07.21 08:05:44.739,8.22147,8.22372,1.00,1.00
2015.07.21 08:05:44.841,8.22105,8.22352,1.00,1.00
2015.07.21 08:05:45.190,8.22118,8.22352,1.00,1.00
2015.07.21 08:05:45.241,8.22137,8.22384,1.00,1.00
2015.07.21 08:05:47.068,8.22181,8.22427,1.00,1.00
2015.07.21 08:05:47.937,8.22194,8.22427,1.00,1.00
2015.07.21 08:05:47.988,8.22214,8.2246,1.00,1.00
2015.07.21 08:05:48.281,8.22194,8.22412,1.00,1.00
2015.07.21 08:05:48.332,8.22168,8.22412,1.00,1.00
2015.07.21 08:05:49.752,8.2213,8.22375,1.00,1.00
2015.07.21 08:05:50.944,8.22175,8.22395,1.00,1.00
2015.07.21 08:05:50.995,8.22175,8.2242,1.00,1.00
2015.07.21 08:05:51.046,8.22175,8.2242,1.00,1.33
2015.07.21 08:05:51.983,8.22175,8.22408,1.00,1.00
2015.07.21 08:05:55.342,8.22175,8.22417,1.00,1.00
2015.07.21 08:05:55.495,8.22175,8.22401,1.00,1.00
2015.07.21 08:05:55.546,8.22136,8.22382,1.00,1.00
2015.07.21 08:05:56.192,8.22154,8.22382,1.00,1.00
2015.07.21 08:05:56.243,8.22174,8.2242,1.00,1.00
2015.07.21 08:05:56.293,8.222,8.2242,1.00,1.00
2015.07.21 08:05:56.395,8.2222,8.22465,1.00,1.00
2015.07.21 08:05:57.503,8.2222,8.22426,1.00,1.75
2015.07.21 08:05:57.554,8.22161,8.22406,1.00,1.75
2015.07.21 08:05:57.802,8.22161,8.22406,1.00,1.75
2015.07.21 08:05:58.056,8.22161,8.22406,1.00,1.75
2015.07.21 08:05:58.157,8.22107,8.22353,1.00,1.75
2015.07.21 08:05:58.410,8.22125,8.22353,1.00,1.75
2015.07.21 08:05:58.758,8.22112,8.22359,1.00,1.75
2015.07.21 08:05:58.911,8.22112,8.22359,1.00,1.75
2015.07.21 08:05:59.225,8.22112,8.22357,1.00,1.75
2015.07.21 08:05:59.975,8.22137,8.22337,1.00,1.75
2015.07.21 08:06:00.321,8.22157,8.22337,1.00,1.75
2015.07.21 08:06:00.473,8.22097,8.22337,1.00,1.75
2015.07.21 08:06:00.769,8.22097,8.22328,1.00,1.75
2015.07.21 08:06:00.870,8.22053,8.223,1.00,1.75
2015.07.21 08:06:01.202,8.22074,8.223,1.00,1.75
2015.07.21 08:06:01.506,8.22094,8.22308,1.00,1.75
2015.07.21 08:06:02.008,8.22094,8.22298,1.00,1.75
2015.07.21 08:06:03.135,8.22052,8.22278,1.00,1.75
2015.07.21 08:06:04.996,8.22006,8.22248,1.00,1.75
2015.07.21 08:06:05.135,8.22006,8.22248,1.00,1.75
2015.07.21 08:06:05.977,8.22006,8.22228,1.00,1.75
2015.07.21 08:06:06.531,8.22006,8.22228,1.00,1.75
2015.07.21 08:06:06.586,8.22017,8.22228,1.00,1.75
2015.07.21 08:06:06.991,8.22037,8.22238,1.00,1.75
2015.07.21 08:06:07.754,8.22037,8.22278,1.00,1.75
2015.07.21 08:06:07.962,8.22037,8.22284,1.00,1.75
2015.07.21 08:06:10.401,8.22037,8.22278,1.00,2.25
2015.07.21 08:06:10.931,8.22037,8.22268,1.00,1.75
2015.07.21 08:06:11.623,8.22037,8.22284,1.00,1.75
2015.07.21 08:06:11.724,8.22069,8.22316,1.00,1.75
2015.07.21 08:06:11.928,8.22069,8.22316,1.00,1.75
2015.07.21 08:06:13.172,8.22037,8.22283,1.00,1.75
2015.07.21 08:06:13.615,8.22037,8.22283,1.00,1.75
2015.07.21 08:06:14.241,8.22037,8.22283,1.00,1.75
2015.07.21 08:06:14.898,8.22037,8.22283,1.00,1.75
2015.07.21 08:06:15.450,8.22037,8.22283,1.00,1.75
2015.07.21 08:06:15.650,8.21993,8.22236,1.00,1.75
2015.07.21 08:06:15.704,8.21993,8.22236,1.00,1.75
2015.07.21 08:06:16.241,8.21991,8.22236,1.00,1.75
2015.07.21 08:06:16.547,8.21991,8.22236,1.00,1.75
2015.07.21 08:06:16.989,8.21991,8.22236,1.00,1.75
2015.07.21 08:06:17.218,8.21991,8.22236,1.00,1.75
2015.07.21 08:06:17.737,8.22011,8.22236,1.00,1.75
2015.07.21 08:06:17.892,8.22031,8.22278,1.00,1.75
2015.07.21 08:06:20.206,8.22031,8.22278,1.00,1.75
2015.07.21 08:06:20.408,8.22031,8.22278,1.00,1.07
2015.07.21 08:06:20.925,8.22049,8.22278,1.00,1.07
2015.07.21 08:06:21.277,8.22069,8.22315,1.00,1.75
2015.07.21 08:06:21.929,8.22069,8.22308,1.00,1.75
2015.07.21 08:06:22.613,8.22069,8.22315,1.00,1.75
2015.07.21 08:06:22.664,8.22092,8.22315,1.00,1.75
2015.07.21 08:06:22.967,8.22112,8.22344,1.00,1.35
2015.07.21 08:06:23.253,8.22112,8.22344,1.00,1.35
2015.07.21 08:06:24.679,8.22112,8.22345,1.00,1.35
2015.07.21 08:06:25.922,8.22112,8.22359,1.00,1.37
2015.07.21 08:06:26.024,8.22202,8.22379,1.00,1.75
2015.07.21 08:06:26.312,8.22202,8.22447,1.00,1.75
2015.07.21 08:06:26.565,8.22219,8.22481,1.00,1.75
2015.07.21 08:06:27.427,8.22219,8.22481,1.00,1.75
2015.07.21 08:06:27.760,8.22186,8.22446,1.00,1.75
2015.07.21 08:06:27.912,8.22186,8.22446,1.00,1.75
2015.07.21 08:06:28.426,8.22165,8.22409,1.00,1.75
2015.07.21 08:06:28.477,8.22147,8.22409,1.00,1.75
2015.07.21 08:06:29.868,8.22147,8.22409,1.00,1.75
2015.07.21 08:06:29.970,8.22089,8.22351,1.00,1.75
2015.07.21 08:06:30.173,8.22074,8.22321,1.00,1.75
2015.07.21 08:06:30.224,8.22074,8.22321,1.00,1.75
2015.07.21 08:06:31.382,8.22026,8.22273,1.00,1.75
2015.07.21 08:06:32.358,8.22066,8.22313,1.00,1.75
2015.07.21 08:06:33.043,8.22066,8.22313,1.00,1.75
2015.07.21 08:06:33.094,8.22098,8.22345,1.00,1.75
2015.07.21 08:06:34.185,8.2215,8.22397,1.00,1.75
2015.07.21 08:06:35.359,8.2215,8.22397,1.00,1.75
2015.07.21 08:06:36.998,8.2215,8.22378,1.00,1.32
2015.07.21 08:06:37.150,8.2215,8.22397,1.00,1.75
2015.07.21 08:06:37.881,8.22202,8.22422,1.00,1.35
2015.07.21 08:06:38.790,8.22202,8.22428,1.00,1.75
2015.07.21 08:06:38.892,8.2215,8.22397,1.00,1.75
2015.07.21 08:06:39.012,8.2215,8.22397,1.00,1.75
2015.07.21 08:06:39.972,8.22188,8.22408,1.00,1.75
2015.07.21 08:06:40.075,8.2214,8.22385,1.00,1.75
2015.07.21 08:06:41.215,8.22105,8.22345,1.00,1.75
2015.07.21 08:06:42.488,8.22139,8.22386,1.00,1.75
2015.07.21 08:06:44.399,8.22139,8.22386,1.00,1.75
2015.07.21 08:06:44.501,8.22139,8.22386,1.00,1.75
2015.07.21 08:06:45.019,8.22182,8.22418,1.00,1.75
2015.07.21 08:06:45.176,8.22162,8.22396,1.00,1.75
2015.07.21 08:06:45.227,8.22149,8.22396,1.00,1.75
2015.07.21 08:06:47.007,8.22149,8.22396,1.00,1.75
2015.07.21 08:06:47.897,8.22149,8.22396,1.00,1.75
2015.07.21 08:06:48.099,8.22185,8.22432,1.00,1.75
2015.07.21 08:06:48.217,8.22185,8.22432,1.00,1.75
2015.07.21 08:06:48.672,8.22185,8.22432,1.00,1.00
2015.07.21 08:06:48.890,8.22185,8.22432,1.00,1.75
2015.07.21 08:06:49.326,8.22144,8.22391,1.00,1.75
2015.07.21 08:06:49.478,8.22144,8.22391,1.00,1.75
2015.07.21 08:06:50.007,8.22144,8.22391,1.00,1.00
2015.07.21 08:06:50.109,8.22183,8.2243,1.00,1.75
2015.07.21 08:06:50.639,8.22183,8.2243,1.00,1.37
2015.07.21 08:06:50.974,8.22183,8.2243,1.00,1.75
2015.07.21 08:06:51.025,8.22144,8.22391,1.00,1.75
2015.07.21 08:06:51.127,8.22144,8.22391,1.00,1.00
2015.07.21 08:06:51.187,8.22189,8.22411,1.00,1.37
2015.07.21 08:06:52.191,8.22189,8.22434,1.00,1.50
2015.07.21 08:06:52.242,8.22224,8.22455,1.00,1.75
2015.07.21 08:06:52.293,8.22224,8.22471,1.00,1.75
2015.07.21 08:06:52.446,8.22224,8.22471,1.00,1.37
2015.07.21 08:06:53.249,8.22258,8.22491,1.00,1.75
2015.07.21 08:06:53.514,8.22239,8.22473,1.00,1.37
2015.07.21 08:06:53.616,8.22226,8.22473,1.00,1.37
2015.07.21 08:06:53.975,8.22226,8.22473,1.00,1.00
2015.07.21 08:06:55.150,8.22262,8.22493,1.00,1.37
2015.07.21 08:06:55.504,8.22262,8.22509,1.00,1.75
2015.07.21 08:06:55.656,8.22299,8.22529,1.00,1.75
2015.07.21 08:06:55.706,8.22299,8.22538,1.00,1.75
2015.07.21 08:06:56.184,8.22299,8.22538,1.00,1.75
2015.07.21 08:06:56.687,8.22299,8.22546,1.00,1.75
2015.07.21 08:06:57.359,8.22299,8.22546,1.00,1.75
2015.07.21 08:06:57.469,8.22299,8.22546,1.00,1.75
2015.07.21 08:06:57.828,8.22299,8.22528,1.00,1.75
2015.07.21 08:06:58.263,8.22299,8.22546,1.00,1.75
2015.07.21 08:06:58.479,8.22299,8.22546,1.00,1.75
2015.07.21 08:06:58.666,8.22299,8.22546,1.00,1.75
2015.07.21 08:06:59.261,8.22279,8.2251,1.00,1.75
2015.07.21 08:06:59.423,8.22263,8.2251,1.00,1.75
2015.07.21 08:06:59.575,8.22243,8.22464,1.00,1.75
2015.07.21 08:06:59.626,8.22217,8.22464,1.00,1.75
2015.07.21 08:06:59.883,8.22217,8.22464,1.00,1.75
2015.07.21 08:07:00.990,8.22257,8.22484,1.00,1.75
2015.07.21 08:07:01.244,8.22257,8.22504,1.00,1.75
2015.07.21 08:07:01.446,8.22257,8.22504,1.00,1.75
2015.07.21 08:07:01.497,8.22303,8.22524,1.00,1.75
2015.07.21 08:07:01.662,8.22303,8.22548,1.00,1.75
2015.07.21 08:07:01.815,8.22269,8.22516,1.00,1.75
2015.07.21 08:07:02.000,8.22311,8.22536,1.00,1.75
2015.07.21 08:07:02.641,8.22311,8.22558,1.00,1.75
2015.07.21 08:07:02.970,8.22351,8.22588,1.00,1.75
2015.07.21 08:07:03.984,8.22312,8.22559,1.00,1.75
2015.07.21 08:07:05.387,8.22312,8.22559,1.00,1.75
2015.07.21 08:07:06.278,8.22312,8.22513,1.00,1.12
2015.07.21 08:07:06.330,8.22278,8.22513,1.00,1.12
2015.07.21 08:07:06.431,8.22231,8.22478,1.00,1.75
2015.07.21 08:07:06.634,8.22231,8.22478,1.00,1.75
2015.07.21 08:07:06.735,8.22231,8.22459,1.00,1.12
2015.07.21 08:07:06.837,8.22193,8.2244,1.00,1.75
2015.07.21 08:07:06.938,8.2215,8.22397,1.00,1.75
2015.07.21 08:07:07.563,8.22201,8.22446,1.00,1.75
2015.07.21 08:07:08.243,8.22201,8.22446,1.00,1.75
2015.07.21 08:07:08.500,8.22201,8.22446,1.00,1.75
2015.07.21 08:07:08.602,8.22201,8.22446,1.00,1.37
2015.07.21 08:07:08.653,8.22232,8.22479,1.00,1.75
2015.07.21 08:07:09.447,8.22232,8.22479,1.00,1.75
2015.07.21 08:07:10.458,8.22232,8.22479,1.00,1.37
2015.07.21 08:07:10.610,8.22288,8.22498,1.00,1.75
2015.07.21 08:07:10.913,8.22268,8.225,1.00,1.75
2015.07.21 08:07:10.964,8.22253,8.225,1.00,1.75
2015.07.21 08:07:11.652,8.22253,8.225,1.00,1.37
2015.07.21 08:07:12.020,8.22253,8.225,1.00,1.75
2015.07.21 08:07:12.966,8.22253,8.225,1.00,1.75
2015.07.21 08:07:14.199,8.22253,8.225,1.00,1.75
2015.07.21 08:07:16.427,8.22234,8.22464,1.00,1.75
2015.07.21 08:07:16.547,8.22217,8.22464,1.00,1.75
2015.07.21 08:07:17.031,8.22255,8.22484,1.00,1.75
2015.07.21 08:07:17.359,8.22255,8.22494,1.00,1.75
2015.07.21 08:07:18.075,8.22293,8.22493,2.10,1.75
2015.07.21 08:07:18.176,8.22346,8.22584,1.00,1.12
2015.07.21 08:07:18.278,8.22346,8.22444,1.00,2.17
2015.07.21 08:07:18.582,8.22338,8.22444,1.00,2.10
2015.07.21 08:07:18.683,8.22306,8.22444,1.00,2.10
2015.07.21 08:07:18.997,8.22242,8.22444,1.00,2.47
2015.07.21 08:07:19.154,8.22242,8.22393,1.00,1.35
2015.07.21 08:07:19.210,8.2219,8.22393,1.00,1.35
2015.07.21 08:07:19.261,8.2219,8.22387,1.00,1.35
2015.07.21 08:07:19.676,8.2219,8.22387,1.00,1.67
2015.07.21 08:07:19.898,8.2219,8.22428,1.00,1.35
2015.07.21 08:07:22.201,8.2215,8.22395,1.00,1.60
2015.07.21 08:07:22.891,8.22115,8.22295,1.00,2.10
2015.07.21 08:07:23.195,8.22062,8.22295,1.00,2.10
2015.07.21 08:07:23.538,8.22062,8.22231,1.00,2.10
2015.07.21 08:07:23.591,8.22025,8.22231,1.00,2.10
2015.07.21 08:07:24.978,8.22035,8.22231,1.00,2.10
2015.07.21 08:07:25.675,8.22073,8.22231,1.00,2.10
2015.07.21 08:07:25.726,8.22073,8.22252,1.00,2.47
2015.07.21 08:07:25.777,8.22106,8.22252,1.00,2.10
2015.07.21 08:07:25.999,8.22095,8.22252,1.00,2.10
2015.07.21 08:07:27.928,8.22099,8.22252,1.00,2.10
2015.07.21 08:07:28.185,8.22097,8.22252,1.00,2.10
2015.07.21 08:07:28.787,8.22103,8.22252,1.00,2.10
2015.07.21 08:07:29.748,8.22103,8.22289,1.00,2.10
2015.07.21 08:07:29.918,8.22115,8.22289,1.00,2.10
2015.07.21 08:07:30.558,8.22148,8.22289,1.00,2.10
2015.07.21 08:07:31.314,8.22148,8.22268,1.00,2.10
2015.07.21 08:07:32.034,8.22106,8.22268,1.00,2.10
2015.07.21 08:07:32.406,8.22108,8.22268,1.00,2.10
2015.07.21 08:07:32.780,8.22106,8.22268,1.00,2.10
2015.07.21 08:07:33.408,8.22115,8.22268,1.00,2.10
2015.07.21 08:07:34.776,8.22115,8.22306,1.00,2.10
2015.07.21 08:07:34.928,8.22112,8.22306,1.00,2.10
2015.07.21 08:07:34.979,8.22106,8.22306,1.00,2.10
2015.07.21 08:07:35.030,8.2211,8.22306,1.00,2.10
2015.07.21 08:07:35.734,8.22106,8.22306,1.00,2.47
2015.07.21 08:07:35.937,8.2205,8.22297,1.00,1.67
2015.07.21 08:07:36.432,8.2205,8.22259,1.00,1.35
2015.07.21 08:07:36.739,8.22093,8.22259,1.00,1.35
2015.07.21 08:07:36.842,8.22078,8.22264,1.00,1.35
2015.07.21 08:07:36.893,8.2207,8.22264,1.00,1.35
2015.07.21 08:07:37.056,8.22069,8.22259,1.00,1.35
2015.07.21 08:07:37.386,8.22069,8.22297,1.00,1.97
2015.07.21 08:07:37.671,8.22055,8.22297,1.00,1.97
2015.07.21 08:07:37.837,8.22095,8.22297,1.00,1.97
2015.07.21 08:07:37.989,8.2209,8.22297,1.00,1.97
2015.07.21 08:07:39.438,8.22094,8.22297,1.00,1.60
2015.07.21 08:07:39.488,8.22081,8.22288,1.00,1.60
2015.07.21 08:07:39.539,8.2205,8.22288,1.00,1.60
2015.07.21 08:07:39.590,8.2205,8.22264,1.00,1.35
2015.07.21 08:07:40.071,8.22072,8.22264,1.00,1.35
2015.07.21 08:07:40.173,8.22072,8.22288,1.00,1.67
2015.07.21 08:07:40.356,8.22072,8.22265,1.00,1.35
2015.07.21 08:07:40.796,8.22072,8.22259,1.00,1.35
2015.07.21 08:07:41.111,8.22095,8.22277,1.00,1.35
2015.07.21 08:07:41.246,8.22095,8.22259,1.00,1.35
2015.07.21 08:07:41.812,8.22065,8.22259,1.00,1.35
2015.07.21 08:07:42.110,8.22016,8.22228,1.00,1.10
2015.07.21 08:07:42.261,8.22016,8.22251,1.00,1.12
2015.07.21 08:07:42.577,8.22016,8.22158,1.00,2.10
2015.07.21 08:07:43.414,8.21992,8.22158,1.70,2.10
2015.07.21 08:07:45.345,8.2202,8.22152,1.00,1.35
2015.07.21 08:07:45.549,8.2202,8.22203,1.00,1.35
2015.07.21 08:07:45.600,8.2205,8.22203,1.00,1.35
2015.07.21 08:07:45.651,8.2205,8.22203,1.00,1.35
2015.07.21 08:07:45.767,8.22062,8.22203,1.00,1.35
2015.07.21 08:07:45.818,8.2202,8.22203,1.00,1.35
2015.07.21 08:07:45.970,8.2202,8.22203,1.00,1.35
2015.07.21 08:07:46.021,8.22064,8.22203,1.00,1.35
2015.07.21 08:07:46.336,8.22064,8.2224,1.00,1.27
2015.07.21 08:07:46.394,8.22102,8.2224,1.00,1.27
2015.07.21 08:07:46.445,8.22102,8.2226,1.00,1.35
2015.07.21 08:07:47.437,8.22102,8.2224,1.00,1.35
2015.07.21 08:07:48.015,8.22102,8.2223,1.00,1.35
2015.07.21 08:07:48.223,8.22066,8.2218,1.00,1.35
2015.07.21 08:07:48.559,8.22034,8.2218,1.00,1.35
2015.07.21 08:07:49.181,8.22034,8.22237,1.00,1.35
2015.07.21 08:07:49.388,8.22034,8.22182,1.00,1.35
2015.07.21 08:07:49.748,8.22079,8.22182,1.00,1.35
2015.07.21 08:07:49.850,8.22079,8.22226,1.00,1.35
2015.07.21 08:07:50.241,8.22079,8.22198,1.00,1.35
2015.07.21 08:07:50.699,8.22079,8.22183,1.00,1.35
2015.07.21 08:07:51.294,8.22079,8.22206,1.00,1.35
2015.07.21 08:07:52.058,8.22037,8.22206,1.00,1.35
2015.07.21 08:07:52.175,8.22037,8.2218,1.00,1.35
2015.07.21 08:07:53.159,8.22002,8.2218,1.00,1.35
2015.07.21 08:07:56.017,8.22002,8.2218,1.00,1.35
2015.07.21 08:07:56.965,8.22002,8.22185,1.00,1.35
2015.07.21 08:07:57.847,8.22002,8.22076,1.00,1.35
2015.07.21 08:07:57.898,8.2195,8.22076,1.00,1.35
2015.07.21 08:07:58.177,8.21902,8.22055,1.00,1.35
2015.07.21 08:07:58.329,8.21902,8.22034,1.00,1.35
2015.07.21 08:08:00.486,8.21902,8.22059,1.00,1.35
2015.07.21 08:08:00.802,8.21873,8.22059,1.00,1.35
2015.07.21 08:08:00.853,8.21873,8.22037,1.00,1.35
2015.07.21 08:08:01.184,8.21872,8.22034,1.00,1.35
2015.07.21 08:08:01.927,8.21872,8.22034,1.00,1.35
2015.07.21 08:08:02.795,8.21872,8.22039,1.00,1.35
2015.07.21 08:08:03.616,8.21873,8.22039,1.00,1.35
2015.07.21 08:08:03.675,8.21873,8.22034,1.00,1.27
2015.07.21 08:08:04.189,8.21872,8.22034,1.00,1.27
2015.07.21 08:08:04.372,8.21872,8.22034,1.00,1.35
2015.07.21 08:08:04.688,8.21887,8.22031,1.00,1.35
2015.07.21 08:08:04.790,8.21902,8.22077,1.00,2.47
2015.07.21 08:08:04.841,8.21921,8.22077,1.00,2.47
2015.07.21 08:08:05.395,8.21922,8.22077,1.00,2.10
2015.07.21 08:08:05.709,8.21954,8.22077,1.00,2.10
2015.07.21 08:08:06.340,8.21977,8.22115,1.00,1.35
2015.07.21 08:08:06.442,8.21977,8.22144,1.00,2.47
2015.07.21 08:08:06.597,8.21964,8.22144,1.00,2.47
2015.07.21 08:08:06.880,8.21942,8.22135,1.00,1.35
2015.07.21 08:08:06.981,8.21927,8.22135,1.00,1.35
2015.07.21 08:08:07.646,8.21927,8.22102,1.00,1.35
2015.07.21 08:08:07.950,8.21985,8.22102,1.00,1.35
2015.07.21 08:08:08.001,8.21985,8.22169,1.00,2.10
2015.07.21 08:08:08.102,8.22008,8.22168,1.00,1.60
2015.07.21 08:08:08.569,8.22008,8.22145,1.00,1.35
2015.07.21 08:08:08.876,8.21949,8.22086,1.00,2.10
2015.07.21 08:08:09.742,8.21996,8.22086,1.00,2.10
2015.07.21 08:08:10.769,8.21996,8.22164,1.00,1.35
2015.07.21 08:08:11.626,8.21964,8.22168,1.00,2.17
2015.07.21 08:08:12.790,8.21997,8.22154,1.00,1.35
2015.07.21 08:08:14.727,8.21997,8.22182,1.00,1.35
2015.07.21 08:08:15.276,8.21997,8.22202,1.00,1.35
2015.07.21 08:08:16.898,8.21997,8.2218,1.00,1.35
2015.07.21 08:08:17.236,8.21997,8.22162,1.00,1.35
2015.07.21 08:08:18.010,8.21997,8.22162,1.00,1.35
2015.07.21 08:08:18.206,8.21997,8.22215,1.00,1.35
2015.07.21 08:08:19.198,8.21997,8.22181,1.00,1.35
2015.07.21 08:08:19.779,8.21997,8.22196,1.00,1.35
2015.07.21 08:08:19.898,8.22005,8.22196,1.00,1.35
2015.07.21 08:08:21.164,8.22005,8.22162,1.00,1.35
2015.07.21 08:08:21.714,8.22005,8.2217,1.00,1.35
2015.07.21 08:08:22.973,8.22034,8.22182,1.00,1.35
2015.07.21 08:08:23.736,8.22034,8.2219,1.00,1.35
2015.07.21 08:08:24.114,8.22034,8.22162,1.00,1.35
2015.07.21 08:08:24.165,8.22034,8.22172,1.00,1.35
2015.07.21 08:08:24.949,8.22034,8.22191,1.00,1.35
2015.07.21 08:08:25.514,8.22034,8.222,1.00,1.35
2015.07.21 08:08:28.274,8.22034,8.22136,1.00,2.10
2015.07.21 08:08:28.586,8.21998,8.22136,1.00,2.10
2015.07.21 08:08:32.119,8.21998,8.2216,1.00,1.35
2015.07.21 08:08:32.765,8.21998,8.22218,1.00,1.35
2015.07.21 08:08:32.815,8.22026,8.22218,1.00,1.35
2015.07.21 08:08:32.967,8.22026,8.22218,1.00,1.35
2015.07.21 08:08:33.076,8.22035,8.22218,1.00,1.35
2015.07.21 08:08:33.483,8.22037,8.22218,1.00,1.35
2015.07.21 08:08:33.584,8.22035,8.22218,1.00,1.35
2015.07.21 08:08:33.636,8.22035,8.22218,1.00,1.35
2015.07.21 08:08:33.774,8.22035,8.22226,1.50,1.35
2015.07.21 08:08:33.935,8.22035,8.22233,1.50,1.35
2015.07.21 08:08:34.586,8.22035,8.22218,1.50,1.27
2015.07.21 08:08:35.134,8.22035,8.22233,1.50,1.35
2015.07.21 08:08:39.206,8.22048,8.22248,1.00,1.75
2015.07.21 08:08:39.358,8.22078,8.2228,1.00,1.97
2015.07.21 08:08:39.518,8.22071,8.2228,1.00,1.97
2015.07.21 08:08:39.568,8.22071,8.22267,1.00,1.37
2015.07.21 08:08:39.898,8.22071,8.22238,1.00,1.67
2015.07.21 08:08:39.949,8.22051,8.22238,1.00,1.67
2015.07.21 08:08:40.050,8.22033,8.22187,1.00,2.10
2015.07.21 08:08:40.354,8.22014,8.22181,1.00,1.35
2015.07.21 08:08:40.405,8.21994,8.22181,1.00,1.35
2015.07.21 08:08:40.868,8.22011,8.22181,1.00,1.35
2015.07.21 08:08:42.394,8.22011,8.22169,1.00,1.35
2015.07.21 08:08:42.698,8.22011,8.22164,1.00,1.35
2015.07.21 08:08:43.474,8.22011,8.22159,1.00,1.35
2015.07.21 08:08:44.087,8.22011,8.22172,1.00,1.35
2015.07.21 08:08:47.389,8.22011,8.22181,1.00,1.35
2015.07.21 08:08:48.225,8.22011,8.22165,1.00,1.35
2015.07.21 08:08:48.707,8.22011,8.22171,1.00,1.35
2015.07.21 08:08:48.895,8.22023,8.22208,1.00,1.35
2015.07.21 08:08:48.946,8.21995,8.22208,1.00,1.35
2015.07.21 08:08:48.998,8.22027,8.22218,1.00,1.35
2015.07.21 08:08:49.099,8.22051,8.22218,1.00,1.35
2015.07.21 08:08:53.834,8.22051,8.22228,1.00,1.97
2015.07.21 08:08:56.375,8.22051,8.22224,1.00,1.35
2015.07.21 08:09:00.654,8.22051,8.22237,1.00,1.35
2015.07.21 08:09:05.344,8.22053,8.22245,1.00,2.47
2015.07.21 08:09:07.374,8.22052,8.22245,1.00,2.17
2015.07.21 08:09:09.525,8.2206,8.22245,1.00,2.17
2015.07.21 08:09:10.419,8.2206,8.22262,1.00,1.35
2015.07.21 08:09:10.521,8.22071,8.22262,1.00,1.35
2015.07.21 08:09:10.572,8.22071,8.22268,1.00,1.97
2015.07.21 08:09:11.764,8.22071,8.22285,1.00,1.35
2015.07.21 08:09:14.813,8.22085,8.22285,1.00,1.35
2015.07.21 08:09:15.066,8.22063,8.22262,1.00,1.35
2015.07.21 08:09:15.167,8.22059,8.22262,1.00,1.35
2015.07.21 08:09:15.219,8.22059,8.22248,1.00,1.37
2015.07.21 08:09:15.488,8.22035,8.22248,1.00,1.75
2015.07.21 08:09:15.575,8.22047,8.22248,1.00,1.75
2015.07.21 08:09:16.155,8.22023,8.22225,1.00,2.47
2015.07.21 08:09:17.253,8.22039,8.22225,1.00,2.47
2015.07.21 08:09:20.084,8.22024,8.22225,1.00,2.47
2015.07.21 08:09:20.236,8.22024,8.22212,1.00,1.35
2015.07.21 08:09:20.304,8.2202,8.22212,1.00,1.35
2015.07.21 08:09:20.355,8.2202,8.22198,1.00,1.97
2015.07.21 08:09:20.406,8.22016,8.22198,1.00,1.97
2015.07.21 08:09:20.603,8.22016,8.22194,1.00,1.35
2015.07.21 08:09:21.254,8.22016,8.22162,1.00,2.10
2015.07.21 08:09:21.764,8.22015,8.22162,1.00,2.10
2015.07.21 08:09:30.183,8.21995,8.22162,1.00,2.10
2015.07.21 08:09:30.285,8.21995,8.22138,1.00,1.97
2015.07.21 08:09:30.615,8.21995,8.22162,1.00,2.47
2015.07.21 08:09:30.883,8.22014,8.22208,1.00,1.75
2015.07.21 08:09:30.934,8.22014,8.22187,1.00,2.47
2015.07.21 08:09:31.346,8.22007,8.22187,1.00,2.10
2015.07.21 08:09:31.397,8.22026,8.22187,1.00,2.10
2015.07.21 08:09:33.018,8.22026,8.22218,1.00,1.07
2015.07.21 08:09:33.221,8.22036,8.22237,1.00,1.97
2015.07.21 08:09:33.465,8.22036,8.22237,1.00,1.67
2015.07.21 08:09:34.208,8.22036,8.22228,1.00,1.00
2015.07.21 08:09:35.523,8.22036,8.22237,1.00,1.67
2015.07.21 08:09:36.145,8.22045,8.22248,1.00,1.97
2015.07.21 08:09:39.553,8.22037,8.22238,1.00,1.67
2015.07.21 08:09:40.460,8.22044,8.22238,1.00,1.67
2015.07.21 08:09:41.073,8.22044,8.22256,1.00,1.35
2015.07.21 08:09:41.228,8.22027,8.22256,1.00,1.35
2015.07.21 08:09:41.974,8.22045,8.22259,1.00,1.35
2015.07.21 08:09:43.294,8.22029,8.22259,1.00,1.35
2015.07.21 08:09:46.153,8.22036,8.22258,1.00,1.97
2015.07.21 08:09:48.762,8.22025,8.22123,1.00,2.10
2015.07.21 08:09:48.813,8.22019,8.22093,1.50,2.10
2015.07.21 08:09:49.016,8.21999,8.22079,1.00,2.10
2015.07.21 08:09:49.067,8.21959,8.22079,1.00,2.10
2015.07.21 08:09:51.886,8.21959,8.22134,1.00,2.10
2015.07.21 08:09:52.646,8.21966,8.22134,1.00,2.10
2015.07.21 08:09:53.604,8.21988,8.22134,1.00,2.17
2015.07.21 08:09:55.925,8.21991,8.22134,1.00,2.47
2015.07.21 08:09:59.131,8.21988,8.22134,1.00,2.47
2015.07.21 08:09:59.182,8.21958,8.22134,1.00,2.47
2015.07.21 08:10:00.194,8.21955,8.22114,1.00,1.35
2015.07.21 08:10:00.545,8.21966,8.22114,1.00,1.35
2015.07.21 08:10:02.525,8.21966,8.222,1.00,1.37
2015.07.21 08:10:02.576,8.22027,8.222,1.00,1.37
2015.07.21 08:10:02.728,8.22027,8.22251,1.00,1.67
2015.07.21 08:10:04.678,8.22027,8.22251,1.07,1.60
2015.07.21 08:10:05.077,8.22039,8.22251,1.00,1.60
2015.07.21 08:10:06.341,8.22043,8.22259,1.00,2.10
2015.07.21 08:10:06.666,8.22043,8.22244,1.00,1.35
2015.07.21 08:10:08.206,8.22018,8.22244,1.00,1.35
2015.07.21 08:10:11.167,8.22018,8.22249,1.75,1.60
2015.07.21 08:10:12.690,8.22018,8.22249,1.75,1.00
2015.07.21 08:10:12.815,8.22018,8.22249,1.75,1.00
2015.07.21 08:10:14.135,8.22018,8.22249,1.75,1.00
2015.07.21 08:10:14.419,8.22018,8.22249,1.75,1.60
2015.07.21 08:10:15.683,8.2202,8.2222,1.00,1.67
2015.07.21 08:10:15.735,8.2202,8.222,1.00,1.00
2015.07.21 08:10:15.837,8.21973,8.222,1.00,1.07
2015.07.21 08:10:16.035,8.21973,8.22184,1.00,2.10
2015.07.21 08:10:16.683,8.22012,8.22184,1.00,2.10
2015.07.21 08:10:18.298,8.21968,8.22184,1.00,2.10
2015.07.21 08:10:18.551,8.21943,8.22131,1.00,2.10
2015.07.21 08:10:19.577,8.21975,8.2212,1.00,1.67
2015.07.21 08:10:19.628,8.21942,8.2212,1.00,1.67
2015.07.21 08:10:19.844,8.21974,8.2212,1.00,1.67
2015.07.21 08:10:21.187,8.21974,8.22098,1.00,1.35
2015.07.21 08:10:21.828,8.21974,8.22128,1.00,1.97
2015.07.21 08:10:23.736,8.21974,8.22102,1.00,1.35
2015.07.21 08:10:30.860,8.21974,8.22128,1.00,1.35
2015.07.21 08:10:32.818,8.21997,8.22131,1.00,2.47
2015.07.21 08:10:33.021,8.21997,8.22162,1.00,1.35
2015.07.21 08:10:33.569,8.22014,8.22162,1.00,1.35
2015.07.21 08:10:34.174,8.22014,8.22194,1.00,2.47
2015.07.21 08:10:35.914,8.22014,8.22166,1.00,1.35
2015.07.21 08:10:36.217,8.21933,8.22092,1.00,2.10
2015.07.21 08:10:37.794,8.21933,8.22147,1.00,1.35
2015.07.21 08:10:38.688,8.21933,8.22147,1.00,1.35
2015.07.21 08:10:39.327,8.21933,8.22147,1.00,1.35
2015.07.21 08:10:39.428,8.2197,8.22147,1.00,1.35
2015.07.21 08:10:39.887,8.2197,8.22155,1.00,1.35
2015.07.21 08:10:41.451,8.2197,8.22204,1.00,1.35
2015.07.21 08:10:41.635,8.2197,8.22204,1.00,1.35
2015.07.21 08:10:41.745,8.2197,8.22204,1.00,1.35
2015.07.21 08:10:42.054,8.2197,8.22204,1.00,1.35
2015.07.21 08:10:42.955,8.21934,8.22179,1.50,1.75
2015.07.21 08:10:43.174,8.21934,8.22179,1.50,1.75
2015.07.21 08:10:43.807,8.21914,8.2215,1.00,1.75
2015.07.21 08:10:43.858,8.21914,8.2215,1.00,1.75
2015.07.21 08:10:44.338,8.2193,8.2215,1.00,1.75
2015.07.21 08:10:44.389,8.2193,8.2215,1.00,1.75
2015.07.21 08:10:44.735,8.2193,8.2215,1.00,1.75
2015.07.21 08:10:45.748,8.2193,8.22095,1.00,1.00
2015.07.21 08:10:45.799,8.2193,8.22116,1.00,1.37
2015.07.21 08:10:45.850,8.21951,8.22142,1.00,1.75
2015.07.21 08:10:46.154,8.21951,8.22142,1.00,1.75
2015.07.21 08:10:47.605,8.21974,8.22142,1.00,1.75
2015.07.21 08:10:47.955,8.21974,8.22142,1.00,1.75
2015.07.21 08:10:49.223,8.21989,8.22142,1.00,1.75
2015.07.21 08:10:49.274,8.21989,8.22142,1.00,1.75
2015.07.21 08:10:50.544,8.21989,8.22142,1.00,1.75
2015.07.21 08:10:50.695,8.21989,8.22142,1.00,1.75
2015.07.21 08:10:51.245,8.21989,8.22142,1.00,1.00
2015.07.21 08:10:51.477,8.21989,8.22173,1.00,1.12
2015.07.21 08:10:51.875,8.21989,8.22173,1.00,1.10
2015.07.21 08:10:54.216,8.21989,8.22173,1.00,1.75
2015.07.21 08:10:54.633,8.21989,8.22156,1.00,1.35
2015.07.21 08:10:55.463,8.21989,8.22173,1.00,1.75
2015.07.21 08:10:55.515,8.22038,8.22173,1.00,1.75
2015.07.21 08:10:55.667,8.22035,8.22206,1.00,1.75
2015.07.21 08:10:55.718,8.22035,8.22226,1.00,1.75
2015.07.21 08:10:55.770,8.2203,8.22243,1.00,1.75
2015.07.21 08:10:55.938,8.22028,8.22264,1.00,1.75
2015.07.21 08:10:57.240,8.22045,8.22266,1.00,1.35
2015.07.21 08:10:57.577,8.22048,8.22219,1.00,1.50
2015.07.21 08:10:59.413,8.22051,8.22219,1.00,1.50
2015.07.21 08:11:00.588,8.22047,8.22219,1.00,1.50
2015.07.21 08:11:00.905,8.22019,8.22219,1.00,1.50
2015.07.21 08:11:01.057,8.22044,8.22219,1.00,1.50
2015.07.21 08:11:01.374,8.22048,8.22219,1.00,1.50
2015.07.21 08:11:02.454,8.22044,8.22219,1.00,1.50
2015.07.21 08:11:03.098,8.22044,8.22262,1.00,1.07
2015.07.21 08:11:03.149,8.22018,8.22262,1.00,1.07
2015.07.21 08:11:03.454,8.22063,8.22283,1.00,1.75
2015.07.21 08:11:03.800,8.22063,8.22308,1.00,1.75
2015.07.21 08:11:04.047,8.22042,8.22274,1.00,1.75
2015.07.21 08:11:04.099,8.22029,8.22274,1.00,1.75
2015.07.21 08:11:04.426,8.22029,8.22274,1.00,1.75
2015.07.21 08:11:04.720,8.21992,8.22237,1.00,1.07
2015.07.21 08:11:04.771,8.21992,8.22237,1.00,1.75
2015.07.21 08:11:05.957,8.2196,8.22206,1.00,1.75
2015.07.21 08:11:06.059,8.2196,8.22187,1.00,1.35
2015.07.21 08:11:06.416,8.21929,8.22173,1.00,1.75
2015.07.21 08:11:08.033,8.21929,8.22173,1.00,1.75
2015.07.21 08:11:08.941,8.21968,8.22187,1.00,1.35
2015.07.21 08:11:09.166,8.21968,8.22187,1.00,1.35
2015.07.21 08:11:09.829,8.21957,8.22182,1.00,1.75
2015.07.21 08:11:10.428,8.21985,8.22182,1.00,1.75
2015.07.21 08:11:10.674,8.21985,8.22182,1.00,1.07
2015.07.21 08:11:12.168,8.22005,8.22182,1.00,1.07
2015.07.21 08:11:13.674,8.22027,8.22182,1.00,1.37
2015.07.21 08:11:14.857,8.22051,8.22182,1.00,1.37
2015.07.21 08:11:15.009,8.22051,8.22226,1.00,1.60
2015.07.21 08:11:15.395,8.22051,8.22226,1.00,1.00
2015.07.21 08:11:19.637,8.22017,8.22262,1.00,1.37
2015.07.21 08:11:19.739,8.22062,8.22308,1.00,1.75
2015.07.21 08:11:19.840,8.22062,8.22308,1.00,1.07
2015.07.21 08:11:20.125,8.22087,8.22308,1.00,1.07
2015.07.21 08:11:20.176,8.22107,8.22353,1.00,1.00
2015.07.21 08:11:20.329,8.2213,8.22353,1.00,1.00
2015.07.21 08:11:20.380,8.2215,8.22397,1.00,1.37
2015.07.21 08:11:20.583,8.22118,8.22365,1.00,1.00
2015.07.21 08:11:21.500,8.22118,8.22365,1.07,1.00
2015.07.21 08:11:21.736,8.22153,8.22399,1.00,1.00
2015.07.21 08:11:22.124,8.22118,8.22365,1.00,1.00
2015.07.21 08:11:23.516,8.2215,8.22397,1.00,1.00
2015.07.21 08:11:24.018,8.22097,8.22344,1.07,1.00
2015.07.21 08:11:24.847,8.22146,8.22391,1.00,1.00
2015.07.21 08:11:28.229,8.22113,8.2236,1.07,1.00
2015.07.21 08:11:29.014,8.22137,8.2236,1.00,1.00
2015.07.21 08:11:29.065,8.22157,8.22404,1.00,1.00
2015.07.21 08:11:29.166,8.22157,8.22404,1.00,1.37
2015.07.21 08:11:30.335,8.22157,8.22312,1.00,1.00
2015.07.21 08:11:30.386,8.22045,8.22292,1.00,1.00
2015.07.21 08:11:30.437,8.21991,8.22236,1.00,1.00
2015.07.21 08:11:30.538,8.22035,8.22282,1.00,1.00
2015.07.21 08:11:30.718,8.22073,8.22282,1.00,1.00
2015.07.21 08:11:30.769,8.22094,8.22339,1.00,1.00
2015.07.21 08:11:30.921,8.22136,8.22339,1.00,1.00
2015.07.21 08:11:30.972,8.22157,8.22397,1.00,2.41
2015.07.21 08:11:31.175,8.22157,8.22397,1.00,2.41
2015.07.21 08:11:33.659,8.22124,8.2237,1.00,1.37
2015.07.21 08:11:34.249,8.22124,8.2237,1.00,1.07
2015.07.21 08:11:34.934,8.22148,8.2237,1.00,1.07
2015.07.21 08:11:35.276,8.22168,8.22415,1.00,1.75
2015.07.21 08:11:35.779,8.22168,8.22415,1.00,1.37
2015.07.21 08:11:36.147,8.22186,8.22415,1.00,1.37
2015.07.21 08:11:36.451,8.22165,8.2241,1.00,1.75
2015.07.21 08:11:37.185,8.22165,8.22229,1.00,1.00
2015.07.21 08:11:37.506,8.22196,8.22228,1.00,1.00
2015.07.21 08:11:38.159,8.22196,8.22216,1.00,1.00
2015.07.21 08:11:38.283,8.22163,8.22216,1.00,1.00
2015.07.21 08:11:38.385,8.22117,8.22216,1.00,1.00
2015.07.21 08:11:38.661,8.22083,8.22216,1.00,1.00
2015.07.21 08:11:38.844,8.22083,8.22228,1.00,1.00
2015.07.21 08:11:39.515,8.22083,8.22227,1.00,1.00
2015.07.21 08:11:39.566,8.2203,8.22227,1.00,1.00
2015.07.21 08:11:40.253,8.2203,8.2222,1.00,1.00
2015.07.21 08:11:40.828,8.2203,8.22188,1.00,1.00
2015.07.21 08:11:42.691,8.21996,8.22188,1.00,1.00
2015.07.21 08:11:45.151,8.22011,8.22188,1.00,1.00
2015.07.21 08:11:45.580,8.22031,8.22188,1.00,1.00
2015.07.21 08:11:48.293,8.22031,8.22122,1.00,1.00
2015.07.21 08:11:48.463,8.21996,8.22122,1.00,1.00
2015.07.21 08:11:49.341,8.21977,8.22122,1.00,1.00
2015.07.21 08:11:49.392,8.21958,8.22122,1.00,1.00
2015.07.21 08:12:01.896,8.21994,8.22122,1.00,1.00
2015.07.21 08:12:04.131,8.21945,8.22122,1.00,1.00
2015.07.21 08:12:04.836,8.21945,8.22189,1.00,1.07
2015.07.21 08:12:05.191,8.21962,8.22189,1.00,1.07
2015.07.21 08:12:05.321,8.21981,8.22228,1.00,1.37
2015.07.21 08:12:05.423,8.22014,8.22238,1.00,2.41
2015.07.21 08:12:05.474,8.22014,8.22238,1.00,1.66
2015.07.21 08:12:05.726,8.22047,8.22294,1.00,1.00
2015.07.21 08:12:06.125,8.22082,8.22329,1.00,1.00
2015.07.21 08:12:07.198,8.22107,8.22329,1.00,1.00
2015.07.21 08:12:07.592,8.22126,8.22373,1.00,1.75
2015.07.21 08:12:08.380,8.22126,8.22228,1.00,1.00
2015.07.21 08:12:08.874,8.22126,8.22318,1.00,1.00
2015.07.21 08:12:09.026,8.2216,8.22338,1.00,1.66
2015.07.21 08:12:09.454,8.2216,8.22368,1.00,2.04
2015.07.21 08:12:09.648,8.2216,8.22368,1.00,2.41
2015.07.21 08:12:10.027,8.2216,8.22405,1.00,1.75
2015.07.21 08:12:10.529,8.22123,8.22368,1.00,1.75
2015.07.21 08:12:10.814,8.22138,8.22368,1.00,1.75
2015.07.21 08:12:11.178,8.22158,8.22405,1.00,1.75
2015.07.21 08:12:11.230,8.22125,8.22371,1.00,1.75
2015.07.21 08:12:16.043,8.22125,8.22358,1.00,1.35
2015.07.21 08:12:16.232,8.22082,8.22296,1.00,1.35
2015.07.21 08:12:16.333,8.21999,8.22246,1.00,1.00
2015.07.21 08:12:16.384,8.21999,8.22246,1.00,1.07
2015.07.21 08:12:16.699,8.21999,8.22246,1.00,1.37
2015.07.21 08:12:17.064,8.22042,8.22289,1.00,1.75
2015.07.21 08:12:17.269,8.22042,8.22289,1.00,1.75
2015.07.21 08:12:18.352,8.22042,8.22249,1.00,1.07
2015.07.21 08:12:19.222,8.22042,8.22249,1.00,1.00
2015.07.21 08:12:19.549,8.22042,8.2227,1.00,1.37
2015.07.21 08:12:19.972,8.22042,8.2227,1.00,1.00
2015.07.21 08:12:20.191,8.22042,8.2227,1.00,1.07
2015.07.21 08:12:20.521,8.22042,8.2227,1.00,1.37
2015.07.21 08:12:20.842,8.22042,8.2227,1.00,1.75
2015.07.21 08:12:21.184,8.22042,8.2227,1.00,1.75
2015.07.21 08:12:21.401,8.22042,8.2227,1.00,1.75
2015.07.21 08:12:21.714,8.22042,8.2227,1.00,1.75
2015.07.21 08:12:21.962,8.22051,8.2227,1.00,1.75
2015.07.21 08:12:22.914,8.22054,8.2227,1.00,1.75
2015.07.21 08:12:23.217,8.22097,8.22321,1.00,1.75
2015.07.21 08:12:23.319,8.22109,8.2233,1.00,1.35
2015.07.21 08:12:23.370,8.22112,8.2233,1.00,1.35
2015.07.21 08:12:23.691,8.22109,8.22346,1.00,1.35
2015.07.21 08:12:23.742,8.22109,8.22346,1.00,1.35
2015.07.21 08:12:23.955,8.22109,8.2234,1.00,1.75
2015.07.21 08:12:24.963,8.22109,8.2234,1.00,1.75
2015.07.21 08:12:25.105,8.22089,8.22319,1.00,1.37
2015.07.21 08:12:25.156,8.22072,8.22319,1.00,1.37
2015.07.21 08:12:26.559,8.22072,8.22298,1.00,1.00
2015.07.21 08:12:26.661,8.22032,8.22278,1.00,1.00
2015.07.21 08:12:26.712,8.22032,8.22278,1.00,1.37
2015.07.21 08:12:27.360,8.22032,8.22278,1.00,1.00
2015.07.21 08:12:27.671,8.22032,8.22278,1.00,1.50
2015.07.21 08:12:28.002,8.22053,8.22278,1.00,1.50
2015.07.21 08:12:28.154,8.22077,8.22323,1.00,1.75
2015.07.21 08:12:28.364,8.22077,8.22323,1.00,1.75
2015.07.21 08:12:28.693,8.22077,8.22323,1.00,1.00
2015.07.21 08:12:28.977,8.22079,8.22323,1.00,1.75
2015.07.21 08:12:29.611,8.22091,8.22323,1.00,1.75
2015.07.21 08:12:29.662,8.22091,8.22323,1.00,1.37
2015.07.21 08:12:29.721,8.22112,8.22339,1.00,1.75
2015.07.21 08:12:31.193,8.22112,8.22339,1.00,1.75
2015.07.21 08:12:31.990,8.22112,8.22339,1.00,1.75
2015.07.21 08:12:32.361,8.22119,8.22339,1.00,1.75
2015.07.21 08:12:32.823,8.22119,8.22339,1.00,1.75
2015.07.21 08:12:33.171,8.22119,8.22338,1.00,1.75
2015.07.21 08:12:33.421,8.22119,8.22339,1.00,1.75
2015.07.21 08:12:33.710,8.22112,8.22328,1.00,1.75
2015.07.21 08:12:33.761,8.22112,8.22328,1.00,1.75
2015.07.21 08:12:34.423,8.22112,8.22325,1.00,1.35
2015.07.21 08:12:34.529,8.22073,8.22318,1.00,1.75
2015.07.21 08:12:34.714,8.22073,8.22318,1.00,1.75
2015.07.21 08:12:35.724,8.22073,8.22318,1.00,1.75
2015.07.21 08:12:37.159,8.2204,8.22267,1.00,1.00
2015.07.21 08:12:37.210,8.2202,8.22267,1.00,1.00
2015.07.21 08:12:37.305,8.2202,8.22267,1.00,1.75
2015.07.21 08:12:37.493,8.2202,8.22267,1.00,1.37
2015.07.21 08:12:37.544,8.22037,8.22267,1.00,1.37
2015.07.21 08:12:37.643,8.22022,8.22267,1.00,1.37
2015.07.21 08:12:38.446,8.2202,8.22267,1.00,1.37
2015.07.21 08:12:38.598,8.2202,8.22267,1.00,1.75
2015.07.21 08:12:38.906,8.22058,8.22285,1.00,1.37
2015.07.21 08:12:39.771,8.22058,8.22304,1.00,1.50
2015.07.21 08:12:39.843,8.22072,8.22304,1.00,1.50
2015.07.21 08:12:40.253,8.22072,8.22304,1.00,1.07
2015.07.21 08:12:40.304,8.22087,8.22304,1.00,1.07
2015.07.21 08:12:40.668,8.221,8.22324,1.00,1.75
2015.07.21 08:12:41.861,8.221,8.22336,1.00,1.75
2015.07.21 08:12:42.648,8.221,8.22336,1.00,1.75
2015.07.21 08:12:43.182,8.221,8.22336,1.00,1.75
2015.07.21 08:12:43.529,8.2208,8.22317,1.00,1.75
2015.07.21 08:12:43.580,8.22071,8.22317,1.00,1.75
2015.07.21 08:12:44.223,8.22071,8.22317,1.00,1.75
2015.07.21 08:12:45.209,8.22051,8.22275,1.00,1.75
2015.07.21 08:12:45.260,8.22028,8.22275,1.00,1.75
2015.07.21 08:12:45.702,8.2208,8.22327,1.00,1.75
2015.07.21 08:12:45.753,8.2208,8.22327,1.00,1.75
2015.07.21 08:12:46.311,8.2206,8.22293,1.00,1.75
2015.07.21 08:12:46.362,8.22046,8.22293,1.00,1.75
2015.07.21 08:12:46.923,8.22081,8.22313,1.00,1.75
2015.07.21 08:12:47.157,8.22081,8.22328,1.00,1.75
2015.07.21 08:12:47.486,8.22081,8.22328,1.00,1.75
2015.07.21 08:12:49.899,8.22081,8.22328,1.00,1.75
2015.07.21 08:12:50.000,8.22089,8.22328,1.00,1.75
2015.07.21 08:12:50.537,8.22089,8.22328,1.00,1.75
2015.07.21 08:12:50.841,8.22089,8.22328,1.00,1.75
2015.07.21 08:12:50.894,8.22096,8.22328,1.00,1.75
2015.07.21 08:12:50.996,8.22118,8.2235,1.00,1.75
2015.07.21 08:12:51.098,8.2214,8.22354,1.00,1.35
2015.07.21 08:12:51.251,8.22149,8.22354,1.00,1.35
2015.07.21 08:12:51.302,8.22162,8.22354,1.00,1.35
2015.07.21 08:12:51.651,8.2219,8.2238,1.00,1.35
2015.07.21 08:12:51.879,8.2219,8.2238,1.00,1.35
2015.07.21 08:12:52.687,8.2219,8.22427,1.00,1.35
2015.07.21 08:12:53.460,8.2219,8.22416,1.00,1.12
2015.07.21 08:12:53.512,8.22137,8.22383,1.00,1.75
2015.07.21 08:12:54.228,8.22137,8.22383,1.00,1.75
2015.07.21 08:12:54.279,8.22196,8.22443,1.00,1.75
2015.07.21 08:12:54.330,8.22196,8.22443,1.00,1.75
2015.07.21 08:12:54.431,8.22196,8.22443,1.00,1.75
2015.07.21 08:12:54.661,8.22232,8.22462,1.00,1.75
2015.07.21 08:12:54.960,8.22232,8.22479,1.00,1.75
2015.07.21 08:12:55.391,8.22232,8.22479,1.00,1.75
2015.07.21 08:12:55.764,8.22232,8.22479,1.00,1.75
2015.07.21 08:12:55.867,8.22212,8.22434,1.00,1.37
2015.07.21 08:12:55.918,8.22187,8.22434,1.00,1.37
2015.07.21 08:12:56.171,8.22187,8.22434,1.00,1.75
2015.07.21 08:12:56.501,8.22195,8.22434,1.00,1.75
2015.07.21 08:12:56.637,8.22187,8.22434,1.00,1.75
2015.07.21 08:12:56.739,8.22187,8.22434,1.00,1.75
2015.07.21 08:12:59.106,8.22192,8.22434,1.00,1.75
2015.07.21 08:12:59.157,8.22192,8.22434,1.00,1.75
2015.07.21 08:12:59.751,8.22187,8.22433,1.00,1.12
2015.07.21 08:12:59.903,8.22187,8.22416,1.00,1.12
2015.07.21 08:13:00.321,8.22187,8.22416,1.00,1.12
2015.07.21 08:13:00.660,8.22187,8.22416,1.00,1.12
2015.07.21 08:13:01.011,8.22196,8.22416,1.00,1.12
2015.07.21 08:13:01.220,8.22196,8.22416,1.00,1.12
2015.07.21 08:13:01.743,8.22187,8.22421,1.00,1.12
2015.07.21 08:13:01.794,8.22187,8.22421,1.00,2.05
2015.07.21 08:13:01.997,8.22149,8.22396,1.00,1.75
2015.07.21 08:13:02.099,8.22162,8.22396,1.00,1.75
2015.07.21 08:13:02.253,8.22162,8.22396,1.00,1.75
2015.07.21 08:13:02.304,8.22175,8.22396,1.00,1.75
2015.07.21 08:13:02.632,8.22175,8.22388,1.00,1.75
2015.07.21 08:13:02.734,8.2215,8.22373,1.00,1.12
2015.07.21 08:13:02.857,8.22158,8.22368,1.00,1.75
2015.07.21 08:13:03.164,8.22149,8.22392,1.00,1.12
2015.07.21 08:13:03.468,8.22149,8.2239,1.00,1.12
2015.07.21 08:13:04.091,8.2211,8.22357,1.00,1.75
2015.07.21 08:13:04.424,8.2211,8.22357,1.00,1.75
2015.07.21 08:13:05.290,8.2209,8.22323,1.00,1.37
2015.07.21 08:13:05.341,8.22076,8.22323,1.00,1.37
2015.07.21 08:13:05.627,8.22091,8.22323,1.00,1.37
2015.07.21 08:13:06.032,8.22114,8.22323,1.00,1.37
2015.07.21 08:13:06.084,8.22114,8.22323,1.00,1.00
2015.07.21 08:13:06.187,8.22124,8.22343,1.00,1.37
2015.07.21 08:13:06.726,8.22125,8.22369,1.00,1.75
2015.07.21 08:13:07.342,8.22139,8.22369,1.00,1.75
2015.07.21 08:13:07.393,8.22139,8.22369,1.00,1.75
2015.07.21 08:13:07.930,8.22139,8.22369,1.00,1.37
2015.07.21 08:13:08.881,8.2215,8.22369,1.00,1.37
2015.07.21 08:13:09.171,8.2215,8.22369,1.00,1.00
2015.07.21 08:13:09.835,8.22152,8.22388,1.00,1.37
2015.07.21 08:13:10.430,8.22165,8.22381,1.00,1.12
2015.07.21 08:13:10.481,8.22165,8.22395,1.00,1.12
2015.07.21 08:13:10.532,8.22165,8.22397,1.00,1.87
2015.07.21 08:13:11.244,8.22165,8.22385,1.00,1.12
2015.07.21 08:13:11.594,8.22165,8.22385,1.00,1.12
2015.07.21 08:13:11.901,8.22176,8.22383,1.00,1.12
2015.07.21 08:13:12.224,8.22176,8.22397,1.00,1.75
2015.07.21 08:13:13.258,8.22176,8.22383,1.00,1.12
2015.07.21 08:13:13.650,8.22162,8.22347,1.00,1.75
2015.07.21 08:13:13.702,8.22162,8.22347,1.00,1.75
2015.07.21 08:13:13.753,8.22123,8.22347,1.00,1.75
2015.07.21 08:13:13.980,8.22123,8.22338,1.00,1.75
2015.07.21 08:13:14.086,8.22106,8.2235,1.00,1.12
2015.07.21 08:13:14.137,8.22086,8.22313,1.00,1.75
2015.07.21 08:13:14.250,8.22068,8.22313,1.00,1.75
2015.07.21 08:13:14.453,8.22068,8.22313,1.00,1.75
2015.07.21 08:13:15.339,8.22068,8.22313,1.00,1.75
2015.07.21 08:13:15.390,8.22105,8.22334,1.00,1.75
2015.07.21 08:13:16.290,8.22105,8.2235,1.00,1.75
2015.07.21 08:13:16.798,8.22084,8.22313,1.00,1.37
2015.07.21 08:13:16.849,8.22066,8.22313,1.00,1.37
2015.07.21 08:13:18.110,8.22078,8.22313,1.00,1.37
2015.07.21 08:13:18.161,8.22078,8.22313,1.00,1.07
2015.07.21 08:13:19.770,8.22082,8.22313,1.00,1.10
2015.07.21 08:13:20.425,8.22082,8.22313,1.00,1.07
2015.07.21 08:13:20.757,8.221,8.22313,1.00,1.07
2015.07.21 08:13:20.949,8.22109,8.22356,1.00,1.75
2015.07.21 08:13:21.107,8.22114,8.22356,1.00,1.75
2015.07.21 08:13:22.499,8.22114,8.22356,1.00,1.75
2015.07.21 08:13:22.699,8.22114,8.22356,1.00,1.75
2015.07.21 08:13:22.851,8.22121,8.22356,1.00,1.75
2015.07.21 08:13:23.220,8.22121,8.22356,1.00,1.07
2015.07.21 08:13:23.537,8.22121,8.22356,1.00,1.75
2015.07.21 08:13:23.861,8.22121,8.22356,1.00,1.75
2015.07.21 08:13:24.175,8.22121,8.22356,1.00,1.75
2015.07.21 08:13:24.402,8.22109,8.22336,1.00,1.12
2015.07.21 08:13:24.453,8.22109,8.22336,1.00,1.12
2015.07.21 08:13:24.504,8.22107,8.22314,1.00,1.75
2015.07.21 08:13:24.608,8.22107,8.22314,1.00,1.75
2015.07.21 08:13:24.937,8.22107,8.22314,1.00,1.75
2015.07.21 08:13:24.987,8.22107,8.22314,1.00,1.37
2015.07.21 08:13:25.410,8.22069,8.22314,1.00,1.97
2015.07.21 08:13:25.461,8.22069,8.22309,1.00,1.35
2015.07.21 08:13:26.094,8.22069,8.22309,1.00,1.35
2015.07.21 08:13:26.196,8.22109,8.22309,1.00,1.35
2015.07.21 08:13:26.348,8.22109,8.22317,1.00,1.35
2015.07.21 08:13:28.720,8.22109,8.22354,1.00,1.75
2015.07.21 08:13:30.199,8.22109,8.22354,1.00,1.75
2015.07.21 08:13:31.729,8.22109,8.22354,1.00,1.75
2015.07.21 08:13:32.131,8.22109,8.22354,1.00,1.07
2015.07.21 08:13:32.233,8.2212,8.22354,1.00,1.07
2015.07.21 08:13:32.571,8.22107,8.22307,1.00,1.60
2015.07.21 08:13:32.672,8.22074,8.2228,1.00,1.00
2015.07.21 08:13:32.774,8.2204,8.2228,1.00,1.00
2015.07.21 08:13:32.825,8.2204,8.2228,1.00,1.37
2015.07.21 08:13:32.875,8.22033,8.2228,1.00,1.37
2015.07.21 08:13:32.926,8.22033,8.2228,1.00,1.75
2015.07.21 08:13:33.923,8.22033,8.2228,1.00,1.75
2015.07.21 08:13:34.611,8.22039,8.2228,1.00,1.75
2015.07.21 08:13:34.920,8.22039,8.2228,1.00,1.75
2015.07.21 08:13:35.021,8.22039,8.2228,1.00,1.75
2015.07.21 08:13:35.680,8.22039,8.2228,1.00,1.75
2015.07.21 08:13:36.002,8.2206,8.2228,1.00,1.75
2015.07.21 08:13:36.670,8.22075,8.2228,1.00,1.75
2015.07.21 08:13:36.833,8.2206,8.2228,1.00,1.75
2015.07.21 08:13:36.934,8.22033,8.2228,1.00,1.75
2015.07.21 08:13:36.985,8.22033,8.2228,1.00,1.75
2015.07.21 08:13:37.409,8.22033,8.2228,1.00,1.75
2015.07.21 08:13:38.211,8.22033,8.2228,1.00,1.75
2015.07.21 08:13:39.729,8.22033,8.2228,1.00,1.75
2015.07.21 08:13:40.941,8.22033,8.2228,1.00,1.75
2015.07.21 08:13:41.622,8.22033,8.2228,1.00,1.75
2015.07.21 08:13:41.723,8.22033,8.2228,1.00,1.75
2015.07.21 08:13:42.712,8.22033,8.2228,1.00,1.75
2015.07.21 08:13:42.996,8.22045,8.2228,1.00,1.75
2015.07.21 08:13:43.149,8.2206,8.2228,1.00,1.00
2015.07.21 08:13:43.288,8.22074,8.22309,1.00,1.12
2015.07.21 08:13:43.339,8.22074,8.22318,1.00,1.37
2015.07.21 08:13:43.451,8.22089,8.22318,1.00,1.37
2015.07.21 08:13:43.604,8.22089,8.22318,1.00,1.00
2015.07.21 08:13:43.858,8.22101,8.22318,1.00,1.00
2015.07.21 08:13:44.054,8.22108,8.22338,1.00,1.37
2015.07.21 08:13:44.472,8.22108,8.22354,1.00,1.75
2015.07.21 08:13:45.219,8.22108,8.22338,1.00,1.75
2015.07.21 08:13:45.439,8.22108,8.22354,1.00,1.75
2015.07.21 08:13:45.704,8.22108,8.22354,1.00,1.37
2015.07.21 08:13:46.240,8.22108,8.22348,1.00,1.75
2015.07.21 08:13:47.481,8.22139,8.22348,1.00,1.75
2015.07.21 08:13:47.684,8.22139,8.22354,1.00,1.75
2015.07.21 08:13:47.735,8.22124,8.22354,1.00,1.75
2015.07.21 08:13:47.844,8.22132,8.22354,1.00,1.75
2015.07.21 08:13:47.961,8.22124,8.22354,1.00,1.75
2015.07.21 08:13:48.012,8.22124,8.22354,1.00,1.75
2015.07.21 08:13:50.156,8.22117,8.22348,1.00,1.75
2015.07.21 08:13:51.659,8.22133,8.22354,1.00,1.75
2015.07.21 08:13:53.170,8.22133,8.22338,1.00,1.75
2015.07.21 08:13:54.129,8.22133,8.22338,1.00,1.75
2015.07.21 08:13:54.300,8.22125,8.22338,1.00,1.75
2015.07.21 08:13:55.312,8.22139,8.22347,1.00,1.75
2015.07.21 08:13:55.401,8.22132,8.22347,1.00,1.75
2015.07.21 08:13:57.627,8.22124,8.22338,1.00,1.75
2015.07.21 08:13:58.066,8.22131,8.22338,1.00,1.75
2015.07.21 08:13:58.444,8.22145,8.22358,1.00,1.75
2015.07.21 08:14:02.473,8.22154,8.22358,1.00,1.75
2015.07.21 08:14:02.887,8.22177,8.22388,1.00,1.75
2015.07.21 08:14:02.989,8.22177,8.22388,1.00,1.75
2015.07.21 08:14:03.040,8.22185,8.22388,1.00,1.75
2015.07.21 08:14:03.731,8.22185,8.22388,1.00,1.75
2015.07.21 08:14:04.640,8.22183,8.22388,1.00,1.75
2015.07.21 08:14:04.746,8.22183,8.22388,1.00,1.75
2015.07.21 08:14:09.479,8.22183,8.22408,1.00,1.75
2015.07.21 08:14:10.791,8.22163,8.22397,1.00,1.75
2015.07.21 08:14:11.409,8.22162,8.22397,1.00,1.75
2015.07.21 08:14:11.569,8.22168,8.22397,1.00,1.75
2015.07.21 08:14:16.300,8.22171,8.22397,1.00,1.75
2015.07.21 08:14:16.652,8.22171,8.22397,1.00,1.75
2015.07.21 08:14:16.875,8.2215,8.22397,1.00,1.75
2015.07.21 08:14:16.926,8.2215,8.22397,1.00,1.75
2015.07.21 08:14:17.276,8.2215,8.22397,1.00,1.75
2015.07.21 08:14:17.378,8.2215,8.22397,1.00,1.75
2015.07.21 08:14:17.479,8.2215,8.22397,1.00,1.75
2015.07.21 08:14:17.928,8.22112,8.22358,1.00,1.75
2015.07.21 08:14:19.232,8.22112,8.22358,1.00,1.75
2015.07.21 08:14:20.105,8.22161,8.22378,1.00,1.75
2015.07.21 08:14:20.257,8.22161,8.22408,1.00,1.75
2015.07.21 08:14:20.359,8.22161,8.22408,1.00,1.75
2015.07.21 08:14:20.411,8.22214,8.22428,1.00,1.75
2015.07.21 08:14:20.563,8.22214,8.22444,1.00,1.35
2015.07.21 08:14:20.665,8.22214,8.22444,1.00,1.35
2015.07.21 08:14:20.958,8.22214,8.22444,1.00,1.35
2015.07.21 08:14:21.009,8.22214,8.22444,1.00,1.35
2015.07.21 08:14:21.762,8.22214,8.22444,1.00,1.35
2015.07.21 08:14:22.435,8.22214,8.22444,1.00,1.35
2015.07.21 08:14:23.325,8.22214,8.22461,1.00,1.75
2015.07.21 08:14:23.558,8.22216,8.22461,1.00,1.75
2015.07.21 08:14:23.747,8.22216,8.22461,1.00,1.75
2015.07.21 08:14:25.205,8.22216,8.22461,1.00,1.75
2015.07.21 08:14:25.980,8.22219,8.22461,1.00,1.75
2015.07.21 08:14:26.569,8.22236,8.22461,1.00,1.75
2015.07.21 08:14:26.727,8.22236,8.22461,1.00,1.37
2015.07.21 08:14:26.928,8.22236,8.22461,1.00,1.07
2015.07.21 08:14:27.029,8.22246,8.22481,1.00,1.75
2015.07.21 08:14:28.300,8.22257,8.22479,1.00,1.12
2015.07.21 08:14:28.516,8.22257,8.22493,1.00,1.75
2015.07.21 08:14:28.689,8.22257,8.22493,1.00,1.75
2015.07.21 08:14:29.723,8.22257,8.22493,1.00,1.50
2015.07.21 08:14:29.830,8.22268,8.22493,1.00,1.50
2015.07.21 08:14:30.346,8.22268,8.22493,1.00,1.75
2015.07.21 08:14:30.998,8.22268,8.22493,1.00,1.75
2015.07.21 08:14:31.810,8.22252,8.22464,1.00,1.35
2015.07.21 08:14:31.911,8.22252,8.22451,1.00,1.75
2015.07.21 08:14:31.962,8.22232,8.22451,1.00,1.75
2015.07.21 08:14:32.013,8.22244,8.22451,1.00,1.75
2015.07.21 08:14:32.064,8.22211,8.22438,1.00,1.35
2015.07.21 08:14:32.115,8.22204,8.22438,1.00,1.35
2015.07.21 08:14:32.216,8.22204,8.22438,1.00,1.35
2015.07.21 08:14:32.562,8.22204,8.22438,1.00,1.35
2015.07.21 08:14:32.917,8.22204,8.22438,1.00,1.35
2015.07.21 08:14:33.151,8.22237,8.22438,1.00,1.35
2015.07.21 08:14:33.992,8.22237,8.22438,1.50,1.35
2015.07.21 08:14:35.429,8.22237,8.22484,1.50,1.75
2015.07.21 08:14:35.981,8.22193,8.22438,1.00,1.75
2015.07.21 08:14:36.082,8.22193,8.22438,1.00,1.75
2015.07.21 08:14:36.640,8.22195,8.22438,1.00,1.75
2015.07.21 08:14:36.988,8.22225,8.22438,1.00,1.75
2015.07.21 08:14:37.191,8.22225,8.22438,1.00,1.75
2015.07.21 08:14:38.281,8.22225,8.22438,1.00,1.75
2015.07.21 08:14:38.483,8.22225,8.22438,1.00,1.07
2015.07.21 08:14:38.534,8.22235,8.22438,1.00,1.07
2015.07.21 08:14:38.736,8.2225,8.22497,1.50,3.16
2015.07.21 08:14:39.239,8.2225,8.22497,1.00,3.16
2015.07.21 08:14:39.583,8.22244,8.22443,1.00,1.75
2015.07.21 08:14:39.920,8.22244,8.22443,1.00,1.75
2015.07.21 08:14:40.246,8.22244,8.22443,1.00,1.37
2015.07.21 08:14:40.460,8.22244,8.22439,1.00,1.12
2015.07.21 08:14:41.228,8.22244,8.22443,1.00,1.75
2015.07.21 08:14:42.741,8.22245,8.22443,1.00,1.75
2015.07.21 08:14:42.792,8.22245,8.22443,1.00,1.75
2015.07.21 08:14:45.188,8.22245,8.22477,1.00,1.75
2015.07.21 08:14:45.338,8.22254,8.22477,1.00,1.75
2015.07.21 08:14:45.591,8.22223,8.22439,1.00,1.75
2015.07.21 08:14:45.642,8.22223,8.22439,1.00,1.75
2015.07.21 08:14:45.693,8.2221,8.22439,1.00,1.75
2015.07.21 08:14:45.887,8.22245,8.22438,1.00,1.75
2015.07.21 08:14:45.989,8.22245,8.22438,1.00,1.75
2015.07.21 08:14:47.083,8.22245,8.22439,1.00,1.75
2015.07.21 08:14:47.409,8.22245,8.22439,1.00,1.75
2015.07.21 08:14:49.161,8.22245,8.22439,1.00,1.75
2015.07.21 08:14:55.885,8.22226,8.22439,1.00,1.83
2015.07.21 08:14:56.196,8.22226,8.22407,1.00,1.75
2015.07.21 08:15:00.599,8.22226,8.22407,1.00,1.75
2015.07.21 08:15:03.780,8.22226,8.22407,1.00,1.75
2015.07.21 08:15:06.416,8.22215,8.22452,1.00,1.75
2015.07.21 08:15:06.467,8.22245,8.22452,1.00,1.75
2015.07.21 08:15:06.570,8.22245,8.22452,1.00,1.75
2015.07.21 08:15:07.313,8.22239,8.22452,1.00,1.75
2015.07.21 08:15:07.472,8.22241,8.22452,1.00,1.75
2015.07.21 08:15:07.876,8.22244,8.22428,1.00,1.75
2015.07.21 08:15:08.463,8.22242,8.22438,1.00,1.75
2015.07.21 08:15:08.633,8.22242,8.22438,1.00,1.75
2015.07.21 08:15:08.683,8.22244,8.22438,1.00,1.75
2015.07.21 08:15:09.130,8.22244,8.22398,1.00,1.75
2015.07.21 08:15:09.611,8.22244,8.22398,1.00,1.75
2015.07.21 08:15:12.692,8.22244,8.22377,1.00,1.75
2015.07.21 08:15:13.092,8.22228,8.22324,1.00,1.37
2015.07.21 08:15:16.980,8.22228,8.22324,1.00,1.00
2015.07.21 08:15:20.110,8.22244,8.22324,1.00,1.00
2015.07.21 08:15:21.121,8.22251,8.22324,1.00,1.00
2015.07.21 08:15:25.353,8.22245,8.22324,1.00,1.00
2015.07.21 08:15:25.816,8.22245,8.22329,1.00,1.00
2015.07.21 08:15:25.981,8.22245,8.22332,1.00,1.00
2015.07.21 08:15:26.416,8.22245,8.22419,1.00,1.00
2015.07.21 08:15:26.536,8.22245,8.22449,1.00,1.00
2015.07.21 08:15:27.587,8.22236,8.22449,1.50,1.00
2015.07.21 08:15:27.689,8.22236,8.22449,1.50,1.75
2015.07.21 08:15:28.860,8.22248,8.22463,1.00,1.75
2015.07.21 08:15:30.010,8.22236,8.22467,1.50,1.75
2015.07.21 08:15:30.111,8.22244,8.22467,1.00,1.75
2015.07.21 08:15:31.941,8.22252,8.22464,1.00,1.75
2015.07.21 08:15:34.700,8.2226,8.22459,1.00,1.75
2015.07.21 08:15:36.911,8.22251,8.22471,1.00,1.75
2015.07.21 08:15:38.881,8.22263,8.2246,1.00,1.75
2015.07.21 08:15:39.531,8.22248,8.22474,1.00,1.75
2015.07.21 08:15:42.967,8.22246,8.22467,1.00,1.75
2015.07.21 08:15:45.359,8.22248,8.22443,1.00,1.75
2015.07.21 08:15:46.508,8.22248,8.22443,1.00,1.75
2015.07.21 08:15:46.609,8.22227,8.22443,1.00,1.75
2015.07.21 08:15:46.710,8.22227,8.22464,1.00,1.35
2015.07.21 08:15:46.913,8.22227,8.22458,1.00,1.75
2015.07.21 08:15:47.158,8.22227,8.22448,1.00,1.75
2015.07.21 08:15:47.411,8.22183,8.2243,1.00,1.75
2015.07.21 08:15:49.445,8.22163,8.22384,1.00,1.75
2015.07.21 08:15:49.496,8.22139,8.22384,1.00,1.75
2015.07.21 08:15:58.478,8.22139,8.22384,1.00,1.75
2015.07.21 08:15:58.781,8.22172,8.22405,1.00,1.75
2015.07.21 08:15:59.240,8.22172,8.22419,1.00,1.75
2015.07.21 08:15:59.906,8.22172,8.22419,1.00,1.75
2015.07.21 08:16:03.419,8.22172,8.22419,1.00,1.75
2015.07.21 08:16:05.696,8.22217,8.22439,1.00,1.75
2015.07.21 08:16:10.914,8.22179,8.22426,1.00,1.75
2015.07.21 08:16:12.869,8.22179,8.22426,1.00,1.75
2015.07.21 08:16:13.430,8.22179,8.22426,1.00,1.75
2015.07.21 08:16:14.728,8.22179,8.22426,1.00,1.75
2015.07.21 08:16:14.931,8.22129,8.22374,1.00,1.75
2015.07.21 08:16:14.982,8.22129,8.22374,1.00,1.75
2015.07.21 08:16:15.290,8.22129,8.22374,1.00,1.75
2015.07.21 08:16:15.985,8.22136,8.22374,1.00,1.75
2015.07.21 08:16:16.305,8.22136,8.22374,1.00,1.75
2015.07.21 08:16:16.722,8.22136,8.22374,1.00,1.00
2015.07.21 08:16:17.149,8.22136,8.22374,1.00,1.37
2015.07.21 08:16:17.379,8.22148,8.22374,1.00,1.00
2015.07.21 08:16:17.828,8.22136,8.22374,1.00,1.00
2015.07.21 08:16:17.929,8.22129,8.22374,1.00,1.00
2015.07.21 08:16:18.731,8.22129,8.22374,1.00,1.37
2015.07.21 08:16:19.090,8.22107,8.22343,1.00,1.12
2015.07.21 08:16:19.141,8.22107,8.22343,1.00,1.10
2015.07.21 08:16:20.459,8.22107,8.22343,1.00,1.37
2015.07.21 08:16:20.849,8.2212,8.22343,1.00,1.75
2015.07.21 08:16:21.169,8.2212,8.22343,1.00,1.75
2015.07.21 08:16:21.551,8.22097,8.22343,1.00,1.75
2015.07.21 08:16:21.703,8.22097,8.22343,1.00,1.75
2015.07.21 08:16:21.885,8.22063,8.2231,1.00,1.75
2015.07.21 08:16:22.037,8.22063,8.2231,1.00,1.75
2015.07.21 08:16:22.711,8.22063,8.2231,1.00,1.75
2015.07.21 08:16:23.648,8.22063,8.2231,1.00,1.37
2015.07.21 08:16:25.119,8.22065,8.2231,1.00,1.37
2015.07.21 08:16:25.178,8.22065,8.2231,1.00,1.37
2015.07.21 08:16:25.566,8.22081,8.2231,1.00,1.37
2015.07.21 08:16:25.668,8.22086,8.2231,1.00,1.00
2015.07.21 08:16:25.948,8.22086,8.2231,1.00,1.07
2015.07.21 08:16:26.278,8.22099,8.2231,1.00,1.07
2015.07.21 08:16:26.609,8.22099,8.2231,1.00,1.00
2015.07.21 08:16:27.610,8.22118,8.2231,1.00,1.00
2015.07.21 08:16:27.660,8.22118,8.22345,1.00,1.75
2015.07.21 08:16:27.711,8.22118,8.22345,1.00,1.07
2015.07.21 08:16:28.328,8.22118,8.22345,1.00,1.00
2015.07.21 08:16:29.365,8.22133,8.22345,1.00,1.00
2015.07.21 08:16:30.019,8.22122,8.22345,1.00,1.00
2015.07.21 08:16:30.171,8.22114,8.22345,1.00,1.00
2015.07.21 08:16:31.470,8.22114,8.22345,1.00,1.07
2015.07.21 08:16:31.778,8.22098,8.22345,1.00,1.07
2015.07.21 08:16:31.975,8.22098,8.22345,1.00,1.75
2015.07.21 08:16:32.118,8.22098,8.22345,1.00,1.00
2015.07.21 08:16:32.438,8.221,8.22345,1.00,1.00
2015.07.21 08:16:33.386,8.221,8.22322,1.00,1.00
2015.07.21 08:16:33.798,8.221,8.22322,1.07,1.00
2015.07.21 08:16:35.409,8.22119,8.22322,1.00,1.00
2015.07.21 08:16:36.292,8.22098,8.22322,1.00,1.00
2015.07.21 08:16:36.648,8.221,8.22322,1.00,1.00
2015.07.21 08:16:36.729,8.22098,8.22322,1.00,1.00
2015.07.21 08:16:37.278,8.22107,8.22322,1.00,1.00
2015.07.21 08:16:38.401,8.22107,8.22322,1.07,1.00
2015.07.21 08:16:38.768,8.22119,8.22322,1.00,1.00
2015.07.21 08:16:39.191,8.22131,8.22322,1.00,1.00
2015.07.21 08:16:41.019,8.22142,8.22322,1.00,1.00
2015.07.21 08:16:41.339,8.22142,8.22322,1.00,1.07
2015.07.21 08:16:41.458,8.22142,8.22322,1.00,1.00
2015.07.21 08:16:41.909,8.22142,8.22322,1.07,1.00
2015.07.21 08:16:42.485,8.22142,8.22322,1.00,1.00
2015.07.21 08:16:42.668,8.22154,8.22322,1.00,1.00
2015.07.21 08:16:42.822,8.22126,8.22322,1.00,1.00
2015.07.21 08:16:42.924,8.22126,8.22322,1.00,1.37
2015.07.21 08:16:43.238,8.22126,8.22322,1.00,1.75
2015.07.21 08:16:43.480,8.22126,8.22322,1.00,1.37
2015.07.21 08:16:43.689,8.22114,8.22322,1.00,1.00
2015.07.21 08:16:43.791,8.22125,8.22322,1.00,1.00
2015.07.21 08:16:44.211,8.22125,8.22322,1.75,1.00
2015.07.21 08:16:44.369,8.22177,8.22348,1.75,1.00
2015.07.21 08:16:44.428,8.22177,8.22348,1.00,1.00
2015.07.21 08:16:44.480,8.22191,8.22348,1.00,1.00
2015.07.21 08:16:44.531,8.22191,8.22405,1.00,1.00
2015.07.21 08:16:44.582,8.22207,8.22405,1.00,1.00
2015.07.21 08:16:44.749,8.22221,8.22465,1.00,1.00
2015.07.21 08:16:44.878,8.22237,8.22465,1.00,1.00
2015.07.21 08:16:45.529,8.22254,8.22465,1.00,1.00
2015.07.21 08:16:46.520,8.2222,8.22465,1.00,1.00
2015.07.21 08:16:47.178,8.2222,8.22465,1.07,1.00
2015.07.21 08:16:48.005,8.22254,8.22497,1.00,1.00
2015.07.21 08:16:48.107,8.22266,8.22497,1.00,1.00
2015.07.21 08:16:48.410,8.22168,8.22414,1.75,1.00
2015.07.21 08:16:48.512,8.22208,8.22455,1.10,1.00
2015.07.21 08:16:48.706,8.22244,8.22491,1.00,1.07
2015.07.21 08:16:49.207,8.22244,8.22476,1.00,1.37
2015.07.21 08:16:49.258,8.2221,8.22455,1.00,1.00
2015.07.21 08:16:49.409,8.2221,8.22455,1.00,1.37
2015.07.21 08:16:50.305,8.22174,8.22421,1.00,1.00
2015.07.21 08:16:50.406,8.22174,8.22421,1.00,1.07
2015.07.21 08:16:51.168,8.22174,8.22421,1.00,1.00
2015.07.21 08:16:52.020,8.22174,8.22421,1.00,1.50
2015.07.21 08:16:52.479,8.22174,8.22421,1.00,1.07
2015.07.21 08:16:53.449,8.22174,8.22421,1.00,1.75
2015.07.21 08:16:53.668,8.22174,8.22421,1.00,1.75
2015.07.21 08:16:53.719,8.22174,8.22381,1.00,1.00
2015.07.21 08:16:53.770,8.22114,8.22361,1.75,1.00
2015.07.21 08:16:54.681,8.22114,8.22361,1.00,1.00
2015.07.21 08:16:54.881,8.22114,8.22361,1.37,1.00
2015.07.21 08:16:55.877,8.22114,8.22361,1.00,1.00
2015.07.21 08:16:56.236,8.22114,8.22361,1.00,1.75
2015.07.21 08:16:56.419,8.22114,8.22361,1.00,1.75
2015.07.21 08:16:56.790,8.22114,8.22361,1.00,1.75
2015.07.21 08:16:56.972,8.22114,8.22361,1.00,1.00
2015.07.21 08:16:57.708,8.22148,8.22381,1.00,1.37
2015.07.21 08:16:58.772,8.22148,8.22395,1.00,1.00
2015.07.21 08:16:59.828,8.22187,8.22434,1.00,1.75
2015.07.21 08:17:01.719,8.22187,8.22434,1.00,1.75
2015.07.21 08:17:02.148,8.22187,8.22434,1.00,1.75
2015.07.21 08:17:02.608,8.22143,8.2239,1.00,1.07
2015.07.21 08:17:03.200,8.22143,8.2239,1.00,1.00
2015.07.21 08:17:03.505,8.22143,8.2239,1.37,1.00
2015.07.21 08:17:03.688,8.22143,8.2239,1.00,1.00
2015.07.21 08:17:04.678,8.22143,8.2239,1.37,1.00
2015.07.21 08:17:05.266,8.22143,8.2239,1.75,1.00
2015.07.21 08:17:05.477,8.2218,8.22427,1.00,1.12
2015.07.21 08:17:06.207,8.2218,8.22427,1.37,1.00
2015.07.21 08:17:06.659,8.2218,8.22427,1.00,1.07
2015.07.21 08:17:07.638,8.2218,8.22427,1.00,1.37
2015.07.21 08:17:08.097,8.22148,8.22395,1.75,1.00
2015.07.21 08:17:09.227,8.22148,8.22395,1.07,1.37
2015.07.21 08:17:09.329,8.22148,8.22395,1.00,1.75
2015.07.21 08:17:09.532,8.22101,8.22348,1.07,1.00
2015.07.21 08:17:09.642,8.22101,8.22348,1.00,1.75
2015.07.21 08:17:09.744,8.22081,8.2231,1.00,1.75
2015.07.21 08:17:09.795,8.22063,8.2231,1.60,1.75
2015.07.21 08:17:09.846,8.22063,8.2231,1.00,1.75
2015.07.21 08:17:09.948,8.22063,8.2231,1.00,1.12
2015.07.21 08:17:10.953,8.22063,8.2231,1.00,1.75
2015.07.21 08:17:11.158,8.22063,8.2231,1.00,1.37
2015.07.21 08:17:11.386,8.22063,8.2231,1.00,1.00
2015.07.21 08:17:11.707,8.22063,8.2231,1.00,1.37
2015.07.21 08:17:12.392,8.22014,8.22261,1.00,1.00
2015.07.21 08:17:12.701,8.22014,8.22261,1.37,1.00
2015.07.21 08:17:12.853,8.22014,8.22261,1.07,1.00
2015.07.21 08:17:13.004,8.22014,8.22261,1.00,1.00
2015.07.21 08:17:13.938,8.22014,8.22261,1.37,1.00
2015.07.21 08:17:14.244,8.22014,8.22261,1.00,1.00
2015.07.21 08:17:15.129,8.22014,8.22261,1.37,1.00
2015.07.21 08:17:15.680,8.22014,8.22261,1.07,1.00
2015.07.21 08:17:16.174,8.22032,8.22261,1.00,1.00
2015.07.21 08:17:16.225,8.22052,8.22299,1.00,1.07
2015.07.21 08:17:16.673,8.22052,8.22299,1.07,1.00
2015.07.21 08:17:16.888,8.22052,8.22299,1.00,1.00
2015.07.21 08:17:17.766,8.22067,8.22299,1.00,1.00
2015.07.21 08:17:18.069,8.22086,8.22333,1.00,1.75
2015.07.21 08:17:18.480,8.22086,8.22333,1.00,1.75
2015.07.21 08:17:18.682,8.22086,8.22333,1.00,1.75
2015.07.21 08:17:19.230,8.22086,8.22312,1.00,1.75
2015.07.21 08:17:19.280,8.22045,8.22292,1.00,1.75
2015.07.21 08:17:19.638,8.22045,8.22292,1.00,1.75
2015.07.21 08:17:19.957,8.22045,8.22292,1.00,1.75
2015.07.21 08:17:20.337,8.22045,8.22292,1.00,1.37
2015.07.21 08:17:21.185,8.22045,8.22292,1.00,1.37
2015.07.21 08:17:21.626,8.22045,8.22292,1.00,1.37
2015.07.21 08:17:21.829,8.22008,8.22254,1.00,1.00
2015.07.21 08:17:21.930,8.2201,8.22254,1.00,1.00
2015.07.21 08:17:22.288,8.22013,8.22216,1.00,1.00
2015.07.21 08:17:24.547,8.22012,8.22216,1.00,1.00
2015.07.21 08:17:25.185,8.21992,8.22216,1.00,1.00
2015.07.21 08:17:25.236,8.21992,8.22173,1.00,1.00
2015.07.21 08:17:25.693,8.21991,8.22155,1.00,1.00
2015.07.21 08:17:25.996,8.22012,8.22217,1.00,1.07
2015.07.21 08:17:26.047,8.22012,8.22217,1.00,1.00
2015.07.21 08:17:27.118,8.22016,8.22217,1.00,1.00
2015.07.21 08:17:27.944,8.22019,8.22217,1.00,1.00
2015.07.21 08:17:28.327,8.21991,8.22217,1.00,1.00
2015.07.21 08:17:28.429,8.21991,8.22217,1.00,1.75
2015.07.21 08:17:28.686,8.21991,8.22217,1.00,1.12
2015.07.21 08:17:29.204,8.22004,8.22217,1.00,1.12
2015.07.21 08:17:29.575,8.21962,8.22217,1.00,1.12
2015.07.21 08:17:30.283,8.22007,8.22217,1.00,1.12
2015.07.21 08:17:30.408,8.21965,8.22217,1.00,1.12
2015.07.21 08:17:30.637,8.21965,8.22217,1.00,1.07
2015.07.21 08:17:30.973,8.21983,8.22217,1.00,1.07
2015.07.21 08:17:31.526,8.21981,8.22217,1.00,1.07
2015.07.21 08:17:31.783,8.22019,8.22217,1.00,1.07
2015.07.21 08:17:31.885,8.22019,8.22217,1.00,1.00
2015.07.21 08:17:32.458,8.21986,8.22217,1.00,1.00
2015.07.21 08:17:32.564,8.22013,8.22217,1.00,1.00
2015.07.21 08:17:33.156,8.22019,8.22217,1.00,1.00
2015.07.21 08:17:33.379,8.22013,8.22217,1.00,1.00
2015.07.21 08:17:33.719,8.21985,8.22217,1.00,1.00
2015.07.21 08:17:33.871,8.22013,8.22217,1.00,1.00
2015.07.21 08:17:34.377,8.22012,8.22217,1.00,1.00
2015.07.21 08:17:37.150,8.22012,8.22249,1.00,1.00
2015.07.21 08:17:37.496,8.22012,8.22249,1.00,1.12
2015.07.21 08:17:37.836,8.22019,8.22249,1.00,1.12
2015.07.21 08:17:37.937,8.22013,8.22249,1.00,1.12
2015.07.21 08:17:38.135,8.22013,8.22249,1.00,1.75
2015.07.21 08:17:38.548,8.22014,8.22217,1.00,1.00
2015.07.21 08:17:38.877,8.22019,8.22217,1.00,1.00
2015.07.21 08:17:39.474,8.22014,8.22217,1.00,1.00
2015.07.21 08:17:39.759,8.22014,8.22247,1.00,1.75
2015.07.21 08:17:40.203,8.22019,8.22247,1.00,1.75
2015.07.21 08:17:40.724,8.22014,8.22247,1.00,1.75
2015.07.21 08:17:42.294,8.21986,8.22247,1.00,1.07
2015.07.21 08:17:42.345,8.22019,8.22247,1.00,1.07
2015.07.21 08:17:42.725,8.22039,8.22285,1.00,1.75
2015.07.21 08:17:42.877,8.22039,8.22285,1.00,1.75
2015.07.21 08:17:43.774,8.22012,8.22243,1.00,1.10
2015.07.21 08:17:43.926,8.21996,8.22243,1.00,1.10
2015.07.21 08:17:43.977,8.22008,8.22243,1.00,1.10
2015.07.21 08:17:44.223,8.21996,8.22243,1.00,1.10
2015.07.21 08:17:44.725,8.22019,8.22243,1.00,1.10
2015.07.21 08:17:45.910,8.22013,8.22243,1.00,1.10
2015.07.21 08:17:45.961,8.22013,8.22243,1.00,1.37
2015.07.21 08:17:46.240,8.21996,8.22243,1.00,1.37
2015.07.21 08:17:46.291,8.21996,8.22243,1.00,1.00
2015.07.21 08:17:46.470,8.22013,8.22243,1.00,1.00
2015.07.21 08:17:46.800,8.22013,8.22243,1.00,1.07
2015.07.21 08:17:47.327,8.22013,8.22243,1.00,1.75
2015.07.21 08:17:47.688,8.22013,8.22243,1.00,1.00
2015.07.21 08:17:49.127,8.22013,8.22243,1.75,1.00
2015.07.21 08:17:49.279,8.22041,8.22287,1.00,1.00
2015.07.21 08:17:49.487,8.22041,8.22287,1.00,1.75
2015.07.21 08:17:50.428,8.22041,8.22287,1.75,1.37
2015.07.21 08:17:50.646,8.22041,8.22287,1.75,1.07
2015.07.21 08:17:51.657,8.22041,8.22287,1.75,1.00
2015.07.21 08:17:51.758,8.22041,8.22287,1.75,1.07
2015.07.21 08:17:53.649,8.22074,8.22287,1.75,1.00
2015.07.21 08:17:53.700,8.22093,8.22339,1.37,1.75
2015.07.21 08:17:53.751,8.22093,8.22339,1.75,1.37
2015.07.21 08:17:53.948,8.22093,8.22339,1.75,1.00
2015.07.21 08:17:54.197,8.22093,8.22339,1.00,1.37
2015.07.21 08:17:54.300,8.22093,8.22339,1.00,1.75
2015.07.21 08:17:57.707,8.22093,8.22339,1.00,1.75
2015.07.21 08:17:58.157,8.22093,8.22339,1.00,1.75
2015.07.21 08:17:59.775,8.22107,8.22339,1.00,1.75
2015.07.21 08:17:59.927,8.22107,8.22339,1.00,1.37
2015.07.21 08:17:59.978,8.22109,8.22339,1.00,1.37
2015.07.21 08:18:00.029,8.22114,8.22339,1.00,1.00
2015.07.21 08:18:00.080,8.22109,8.22339,1.75,1.00
2015.07.21 08:18:00.181,8.22164,8.2241,1.00,1.35
2015.07.21 08:18:00.283,8.22201,8.2241,1.00,1.35
2015.07.21 08:18:01.051,8.22182,8.22412,1.00,1.75
2015.07.21 08:18:01.102,8.22165,8.22412,1.07,1.75
2015.07.21 08:18:03.483,8.22167,8.22412,1.67,1.75
2015.07.21 08:18:03.635,8.2219,8.22412,1.27,1.00
2015.07.21 08:18:03.845,8.22203,8.22448,1.00,1.00
2015.07.21 08:18:03.896,8.22203,8.22448,1.00,1.37
2015.07.21 08:18:04.247,8.22203,8.22438,1.00,1.75
2015.07.21 08:18:07.838,8.22203,8.2245,1.00,1.75
2015.07.21 08:18:08.136,8.22203,8.2245,1.07,1.37
2015.07.21 08:18:08.187,8.22216,8.22399,1.00,1.00
2015.07.21 08:18:08.388,8.22203,8.2245,1.07,1.37
2015.07.21 08:18:08.539,8.22209,8.22448,1.00,1.37
2015.07.21 08:18:10.126,8.22209,8.22448,1.37,1.00
2015.07.21 08:18:13.939,8.22209,8.22447,1.37,1.00
2015.07.21 08:18:14.243,8.22166,8.22413,1.97,1.37
2015.07.21 08:18:14.445,8.22166,8.22413,1.97,1.00
2015.07.21 08:18:14.516,8.22172,8.22413,1.35,1.00
2015.07.21 08:18:14.866,8.22187,8.22413,1.35,1.10
2015.07.21 08:18:15.445,8.22185,8.22413,1.35,1.37
2015.07.21 08:18:15.698,8.22166,8.22388,1.00,1.75
2015.07.21 08:18:15.841,8.22159,8.2238,1.35,1.00
2015.07.21 08:18:16.722,8.2216,8.2238,1.75,1.00
2015.07.21 08:18:16.844,8.2218,8.22426,1.75,1.37
2015.07.21 08:18:17.097,8.2218,8.22426,1.75,1.00
2015.07.21 08:18:17.443,8.2218,8.22426,1.75,1.00
2015.07.21 08:18:17.494,8.2218,8.22426,1.75,1.00
2015.07.21 08:18:18.378,8.22218,8.22463,1.37,1.37
2015.07.21 08:18:18.479,8.22218,8.22463,1.75,1.10
2015.07.21 08:18:19.026,8.22218,8.22463,1.75,1.00
2015.07.21 08:18:28.779,8.22218,8.22458,1.75,1.00
2015.07.21 08:18:28.829,8.22218,8.22458,1.07,1.75
2015.07.21 08:18:28.931,8.22218,8.22407,1.00,1.00
2015.07.21 08:18:28.982,8.22185,8.22407,1.75,1.00
2015.07.21 08:18:29.261,8.22185,8.22398,1.75,1.00
2015.07.21 08:18:29.965,8.22185,8.22398,1.12,1.00
2015.07.21 08:18:30.067,8.22148,8.22393,1.75,1.37
2015.07.21 08:18:30.309,8.22109,8.22338,1.00,1.37
2015.07.21 08:18:30.517,8.22077,8.22322,2.10,1.00
2015.07.21 08:18:32.555,8.22078,8.22322,1.67,1.37
2015.07.21 08:18:35.232,8.22078,8.22318,1.60,1.75
2015.07.21 08:18:35.334,8.22078,8.22318,1.00,1.75
2015.07.21 08:18:35.536,8.22077,8.22278,1.00,1.00
2015.07.21 08:18:35.739,8.22057,8.22268,1.00,1.00
2015.07.21 08:18:35.885,8.22038,8.22268,1.07,1.00
2015.07.21 08:18:35.986,8.22038,8.22278,1.00,1.75
2015.07.21 08:18:36.473,8.22056,8.22278,1.00,1.75
2015.07.21 08:18:36.784,8.22087,8.22278,1.00,1.75
2015.07.21 08:18:39.248,8.22087,8.22248,1.00,1.00
2015.07.21 08:18:39.532,8.22043,8.22248,1.00,1.00
2015.07.21 08:18:39.691,8.22087,8.22248,1.00,1.00
2015.07.21 08:18:42.115,8.22087,8.22268,1.00,1.37
2015.07.21 08:18:42.565,8.22087,8.22268,1.00,1.75
2015.07.21 08:18:43.017,8.22087,8.22247,1.00,1.75
2015.07.21 08:18:43.155,8.22091,8.22247,1.00,1.75
2015.07.21 08:18:43.577,8.22113,8.22247,1.00,1.75
2015.07.21 08:18:44.414,8.22139,8.22258,1.00,1.75
2015.07.21 08:18:44.832,8.22146,8.22258,1.00,1.75
2015.07.21 08:18:46.858,8.22146,8.22278,1.00,1.75
2015.07.21 08:18:47.325,8.22174,8.22268,1.00,1.75
2015.07.21 08:18:47.988,8.22145,8.22278,1.00,1.75
2015.07.21 08:18:48.065,8.22145,8.22278,1.00,1.75
2015.07.21 08:18:49.842,8.22176,8.22278,1.00,1.75
2015.07.21 08:18:52.166,8.22176,8.22278,1.00,1.75
2015.07.21 08:18:52.277,8.22176,8.22278,1.00,1.75
2015.07.21 08:18:52.501,8.22176,8.22278,1.00,1.75
2015.07.21 08:18:53.030,8.22176,8.22309,1.00,1.75
2015.07.21 08:18:53.191,8.22176,8.22309,1.00,1.75
2015.07.21 08:18:54.276,8.22176,8.22298,1.00,1.75
2015.07.21 08:18:54.713,8.22176,8.22308,1.00,1.75
2015.07.21 08:18:58.075,8.22176,8.22287,1.00,1.75
2015.07.21 08:19:00.356,8.22176,8.22257,1.00,1.00
2015.07.21 08:19:00.407,8.22157,8.22257,1.00,1.00
2015.07.21 08:19:00.509,8.22157,8.22257,1.00,1.07
2015.07.21 08:19:00.559,8.22134,8.22257,1.00,1.07
2015.07.21 08:19:00.610,8.22134,8.22278,1.00,1.75
2015.07.21 08:19:02.449,8.22154,8.22308,1.00,1.75
2015.07.21 08:19:02.500,8.22154,8.22308,1.00,1.75
2015.07.21 08:19:02.601,8.22154,8.22307,1.00,1.75
2015.07.21 08:19:02.959,8.22154,8.22308,1.00,2.25
2015.07.21 08:19:04.384,8.22154,8.22309,1.00,1.75
2015.07.21 08:19:06.326,8.22154,8.22309,1.00,1.75
2015.07.21 08:19:08.272,8.22174,8.22317,1.00,1.75
2015.07.21 08:19:08.323,8.22174,8.22317,1.00,1.75
2015.07.21 08:19:11.762,8.22174,8.22318,1.00,1.75
2015.07.21 08:19:15.014,8.22174,8.22318,1.00,1.75
2015.07.21 08:19:15.632,8.22174,8.22298,1.00,1.75
2015.07.21 08:19:16.005,8.22174,8.22297,1.00,1.75
2015.07.21 08:19:19.022,8.22174,8.22357,1.00,1.75
2015.07.21 08:19:19.124,8.22174,8.22357,1.00,1.75
2015.07.21 08:19:19.422,8.22174,8.22357,1.00,1.75
2015.07.21 08:19:19.473,8.22172,8.22357,1.00,1.75
2015.07.21 08:19:19.524,8.22197,8.22357,1.00,1.75
2015.07.21 08:19:19.575,8.22173,8.22357,1.00,1.75
2015.07.21 08:19:19.778,8.22173,8.22357,1.00,1.75
2015.07.21 08:19:20.005,8.22173,8.22357,1.00,1.00
2015.07.21 08:19:20.284,8.2221,8.22357,1.00,1.00
2015.07.21 08:19:20.454,8.22187,8.22357,1.00,1.00
2015.07.21 08:19:20.656,8.22217,8.22357,1.00,1.00
2015.07.21 08:19:24.296,8.22197,8.22357,1.00,1.00
2015.07.21 08:19:24.397,8.22164,8.22357,1.00,1.00
2015.07.21 08:19:24.498,8.22194,8.22357,1.00,1.00
2015.07.21 08:19:24.870,8.22215,8.22357,1.00,1.00
2015.07.21 08:19:33.475,8.22213,8.22357,1.00,1.75
2015.07.21 08:19:33.526,8.22105,8.22266,1.50,1.00
2015.07.21 08:19:33.577,8.22105,8.22266,1.00,1.00
2015.07.21 08:19:33.628,8.22072,8.22264,1.10,1.00
2015.07.21 08:19:33.680,8.22072,8.22264,1.37,1.00
2015.07.21 08:19:33.846,8.22072,8.22264,1.00,1.07
2015.07.21 08:19:34.495,8.22083,8.22264,1.00,1.07
2015.07.21 08:19:35.325,8.22083,8.22264,1.00,1.50
2015.07.21 08:19:35.663,8.2211,8.22231,1.00,1.00
2015.07.21 08:19:35.964,8.22072,8.22231,1.00,1.00
2015.07.21 08:19:36.116,8.22072,8.22231,1.00,1.75
2015.07.21 08:19:36.504,8.22072,8.22194,1.00,1.00
2015.07.21 08:19:36.823,8.22042,8.22194,1.00,1.00
2015.07.21 08:19:36.875,8.21982,8.22194,1.30,1.00
2015.07.21 08:19:37.163,8.21952,8.22194,1.75,1.00
2015.07.21 08:19:37.634,8.21972,8.22194,1.75,1.00
2015.07.21 08:19:38.624,8.21953,8.22194,1.75,1.00
2015.07.21 08:19:38.884,8.21951,8.22194,1.07,1.37
2015.07.21 08:19:39.089,8.21951,8.22156,1.07,1.00
2015.07.21 08:19:39.413,8.21964,8.22156,1.00,1.00
2015.07.21 08:19:39.800,8.21997,8.22156,1.00,1.00
2015.07.21 08:19:40.935,8.2195,8.22156,1.00,1.00
2015.07.21 08:19:40.986,8.21928,8.22156,1.37,1.00
2015.07.21 08:19:41.088,8.21928,8.22124,1.00,1.00
2015.07.21 08:19:41.428,8.21928,8.22124,1.00,1.60
2015.07.21 08:19:41.479,8.21901,8.22124,1.37,1.60
2015.07.21 08:19:41.581,8.21876,8.22071,1.75,1.00
2015.07.21 08:19:41.633,8.21876,8.22071,1.00,1.00
2015.07.21 08:19:41.734,8.21876,8.22071,1.75,1.00
2015.07.21 08:19:42.085,8.21994,8.22134,1.00,1.00
2015.07.21 08:19:42.136,8.21994,8.22146,1.00,1.00
2015.07.21 08:19:42.288,8.21994,8.22166,1.00,1.00
2015.07.21 08:19:42.339,8.21994,8.22189,1.00,1.37
2015.07.21 08:19:42.390,8.21994,8.22189,1.00,1.07
2015.07.21 08:19:42.491,8.21977,8.22159,1.00,1.00
2015.07.21 08:19:42.822,8.22007,8.22119,1.00,1.00
2015.07.21 08:19:42.924,8.21943,8.22119,1.00,1.00
2015.07.21 08:19:43.025,8.21938,8.22119,1.00,1.07
2015.07.21 08:19:43.076,8.21959,8.22119,1.00,1.07
2015.07.21 08:19:43.229,8.21953,8.22119,1.00,1.00
2015.07.21 08:19:43.280,8.21986,8.22119,1.00,1.00
2015.07.21 08:19:43.331,8.21958,8.22193,1.00,1.00
2015.07.21 08:19:43.593,8.21958,8.22193,1.00,1.75
2015.07.21 08:19:43.945,8.21939,8.22161,1.00,1.00
2015.07.21 08:19:44.066,8.21939,8.22161,1.60,1.00
2015.07.21 08:19:44.116,8.21961,8.22221,1.60,1.07
2015.07.21 08:19:44.167,8.22033,8.22221,1.35,1.00
2015.07.21 08:19:44.431,8.22033,8.22254,1.35,1.00
2015.07.21 08:19:44.482,8.22052,8.22254,1.35,1.00
2015.07.21 08:19:45.007,8.21972,8.22113,1.60,1.00
2015.07.21 08:19:45.326,8.21986,8.22189,1.60,1.00
2015.07.21 08:19:45.444,8.22052,8.22189,1.35,1.00
2015.07.21 08:19:45.501,8.22052,8.22209,1.35,1.00
2015.07.21 08:19:45.552,8.22052,8.22241,1.35,1.00
2015.07.21 08:19:46.616,8.22052,8.22261,1.35,1.00
2015.07.21 08:19:46.667,8.22052,8.2228,1.35,1.00
2015.07.21 08:19:46.941,8.22068,8.22314,1.75,1.00
2015.07.21 08:19:47.657,8.22052,8.2228,1.35,1.00
2015.07.21 08:19:48.116,8.22033,8.2228,1.37,1.00
2015.07.21 08:19:48.446,8.22033,8.2228,1.00,1.00
2015.07.21 08:19:49.145,8.22033,8.22266,1.00,1.00
2015.07.21 08:19:49.490,8.22005,8.22247,1.37,1.00
2015.07.21 08:19:49.738,8.22005,8.22247,1.00,1.00
2015.07.21 08:19:50.684,8.22044,8.22291,1.00,1.00
2015.07.21 08:19:52.013,8.22024,8.22255,1.00,1.00
2015.07.21 08:19:52.064,8.22008,8.22255,1.07,1.00
2015.07.21 08:19:53.164,8.22008,8.22255,1.00,1.00
2015.07.21 08:19:53.520,8.22046,8.22275,1.00,1.00
2015.07.21 08:19:53.570,8.22046,8.22293,1.00,1.00
2015.07.21 08:19:55.056,8.22026,8.22248,1.00,1.00
2015.07.21 08:19:55.107,8.22006,8.22248,1.00,1.00
2015.07.21 08:19:57.605,8.22034,8.22279,1.00,1.00
2015.07.21 08:19:59.578,8.22074,8.223,1.00,1.00
2015.07.21 08:19:59.629,8.22074,8.2232,1.00,1.00
2015.07.21 08:20:01.572,8.2211,8.2234,1.00,1.00
2015.07.21 08:20:01.623,8.2211,8.22357,1.00,1.00
2015.07.21 08:20:09.645,8.22073,8.22319,1.00,1.00
2015.07.21 08:20:10.758,8.22033,8.2228,1.00,1.00
2015.07.21 08:20:10.969,8.22033,8.22261,1.00,1.00
2015.07.21 08:20:11.020,8.22003,8.22242,1.00,1.00
2015.07.21 08:20:11.673,8.21996,8.22242,1.00,1.00
2015.07.21 08:20:12.185,8.22008,8.22242,1.75,1.00
2015.07.21 08:20:12.725,8.21996,8.22242,1.00,1.00
2015.07.21 08:20:12.994,8.22008,8.22242,1.00,1.00
2015.07.21 08:20:13.405,8.22008,8.22242,1.37,1.00
2015.07.21 08:20:13.937,8.22008,8.22242,1.00,1.00
2015.07.21 08:20:14.294,8.21996,8.22242,1.00,1.00
2015.07.21 08:20:14.887,8.22013,8.22242,1.00,1.00
2015.07.21 08:20:15.488,8.22013,8.22197,1.00,1.00
2015.07.21 08:20:16.820,8.21984,8.22216,1.00,1.00
2015.07.21 08:20:16.871,8.21984,8.22231,1.00,1.00
2015.07.21 08:20:16.922,8.22013,8.22231,1.00,1.00
2015.07.21 08:20:17.337,8.22013,8.22231,1.00,1.75
2015.07.21 08:20:17.439,8.21984,8.22231,1.50,1.75
2015.07.21 08:20:17.697,8.22018,8.22231,1.00,1.75
2015.07.21 08:20:18.022,8.22018,8.22162,1.00,1.00
2015.07.21 08:20:18.333,8.21996,8.22131,1.00,1.00
2015.07.21 08:20:18.384,8.21959,8.22131,1.00,1.00
2015.07.21 08:20:18.435,8.21991,8.22131,1.00,1.00
2015.07.21 08:20:18.626,8.21991,8.22152,1.00,1.00
2015.07.21 08:20:18.677,8.21991,8.22166,1.00,1.75
2015.07.21 08:20:18.998,8.2202,8.22166,1.00,1.10
2015.07.21 08:20:19.332,8.21974,8.22166,1.00,1.10
2015.07.21 08:20:19.485,8.21996,8.22166,1.00,1.00
2015.07.21 08:20:19.637,8.2202,8.22213,1.00,1.00
2015.07.21 08:20:19.688,8.22016,8.22213,1.00,1.00
2015.07.21 08:20:19.739,8.21993,8.2224,1.00,1.00
2015.07.21 08:20:19.930,8.22036,8.22282,1.00,1.00
2015.07.21 08:20:20.233,8.22138,8.22337,1.00,1.00
2015.07.21 08:20:20.284,8.22138,8.22384,1.00,1.00
2015.07.21 08:20:20.677,8.22192,8.22439,1.00,1.00
2015.07.21 08:20:21.377,8.22155,8.224,1.00,1.00
2015.07.21 08:20:21.867,8.22188,8.22435,1.00,1.00
2015.07.21 08:20:22.948,8.22234,8.22479,1.00,1.00
2015.07.21 08:20:23.050,8.22268,8.22515,1.00,1.00
2015.07.21 08:20:23.151,8.22278,8.22515,1.00,1.00
2015.07.21 08:20:23.493,8.22371,8.22608,1.00,1.66
2015.07.21 08:20:23.598,8.22371,8.22617,1.00,1.00
2015.07.21 08:20:23.750,8.22351,8.22579,1.00,1.00
2015.07.21 08:20:23.802,8.22333,8.22579,1.00,1.00
2015.07.21 08:20:23.853,8.22285,8.22532,1.00,1.00
2015.07.21 08:20:24.557,8.22243,8.22489,1.00,1.00
2015.07.21 08:20:26.364,8.22243,8.22489,1.00,1.07
2015.07.21 08:20:26.415,8.22243,8.22489,1.00,1.00
2015.07.21 08:20:26.947,8.22278,8.22509,1.00,1.00
2015.07.21 08:20:26.998,8.22278,8.22523,1.00,1.07
2015.07.21 08:20:27.150,8.22315,8.22544,1.00,1.00
2015.07.21 08:20:27.201,8.22315,8.22561,1.00,1.00
2015.07.21 08:20:27.587,8.22351,8.22598,1.00,1.00
2015.07.21 08:20:28.407,8.22351,8.2257,1.00,1.00
2015.07.21 08:20:28.676,8.22314,8.22561,1.00,1.00
2015.07.21 08:20:30.485,8.22344,8.2257,1.00,1.00
2015.07.21 08:20:30.689,8.22344,8.22591,1.00,1.50
2015.07.21 08:20:34.554,8.22344,8.22568,1.00,1.00
2015.07.21 08:20:34.605,8.22344,8.22591,1.00,1.00
2015.07.21 08:20:35.056,8.22344,8.22571,1.00,1.00
2015.07.21 08:20:36.420,8.22344,8.22587,1.00,1.00
2015.07.21 08:20:36.522,8.22377,8.22587,1.00,1.00
2015.07.21 08:20:36.572,8.22377,8.22629,1.00,1.07
2015.07.21 08:20:36.623,8.22377,8.22629,1.00,1.00
2015.07.21 08:20:37.635,8.2234,8.22586,1.00,1.00
2015.07.21 08:20:38.506,8.22375,8.2262,1.00,1.00
2015.07.21 08:20:38.916,8.22336,8.22583,1.00,1.00
2015.07.21 08:20:40.504,8.22336,8.22573,1.00,1.00
2015.07.21 08:20:40.554,8.22307,8.22554,1.00,1.00
2015.07.21 08:20:45.010,8.22314,8.22554,1.00,1.00
2015.07.21 08:20:45.323,8.22334,8.2257,1.00,1.00
2015.07.21 08:20:45.626,8.22334,8.2257,1.00,1.75
2015.07.21 08:20:45.778,8.22284,8.2253,1.00,1.75
2015.07.21 08:20:47.185,8.22245,8.22492,1.00,1.75
2015.07.21 08:20:47.646,8.2225,8.22492,1.00,1.75
2015.07.21 08:20:47.748,8.2227,8.22524,1.00,1.75
2015.07.21 08:20:48.149,8.2227,8.22502,1.00,1.75
2015.07.21 08:20:48.199,8.22237,8.22481,1.00,1.75
2015.07.21 08:20:48.375,8.22192,8.22439,1.00,1.37
2015.07.21 08:20:48.476,8.22192,8.22439,1.00,1.75
2015.07.21 08:20:48.793,8.22192,8.22439,1.00,1.75
2015.07.21 08:20:49.487,8.22192,8.22439,1.00,1.75
2015.07.21 08:20:49.698,8.22192,8.22439,1.00,1.75
2015.07.21 08:20:50.371,8.22192,8.22439,1.00,1.37
2015.07.21 08:20:50.575,8.22192,8.22439,1.00,1.75
2015.07.21 08:20:54.296,8.22152,8.22398,1.00,1.37
2015.07.21 08:20:54.347,8.22152,8.22364,1.00,1.00
2015.07.21 08:20:54.398,8.22097,8.22344,1.00,1.00
2015.07.21 08:20:54.550,8.22097,8.2233,1.00,1.00
2015.07.21 08:20:54.601,8.22063,8.2231,1.00,1.00
2015.07.21 08:20:56.132,8.2202,8.22266,1.00,1.00
2015.07.21 08:20:58.070,8.22187,8.22266,2.10,1.00
2015.07.21 08:20:58.121,8.22187,8.22399,2.10,1.75
2015.07.21 08:20:58.172,8.22187,8.22399,2.10,1.00
2015.07.21 08:20:58.273,8.22244,8.22399,1.00,1.00
2015.07.21 08:20:58.324,8.22264,8.22511,1.00,1.07
2015.07.21 08:20:58.459,8.22264,8.2246,1.00,1.00
2015.07.21 08:20:58.763,8.22194,8.2244,1.00,1.75
2015.07.21 08:20:59.034,8.22145,8.22392,1.00,1.75
2015.07.21 08:20:59.184,8.22145,8.22392,1.00,1.00
2015.07.21 08:20:59.545,8.22145,8.2237,1.00,1.00
2015.07.21 08:20:59.596,8.22104,8.22349,1.00,1.00
2015.07.21 08:21:00.357,8.22104,8.22326,1.00,1.00
2015.07.21 08:21:00.524,8.22059,8.22306,1.00,1.07
2015.07.21 08:21:00.726,8.22059,8.22306,1.00,1.75
2015.07.21 08:21:01.031,8.21981,8.22226,1.00,1.75
2015.07.21 08:21:02.932,8.21949,8.22187,1.00,1.75
2015.07.21 08:21:03.710,8.21972,8.22187,1.00,1.75
2015.07.21 08:21:04.035,8.21998,8.22187,1.00,1.75
2015.07.21 08:21:04.095,8.21998,8.22187,1.00,1.75
2015.07.21 08:21:04.387,8.22015,8.22187,1.00,1.75
2015.07.21 08:21:04.438,8.22015,8.22187,1.00,1.00
2015.07.21 08:21:04.489,8.22019,8.22187,1.00,1.00
2015.07.21 08:21:04.540,8.2204,8.22284,1.00,1.37
2015.07.21 08:21:04.745,8.2204,8.22284,1.00,1.75
2015.07.21 08:21:04.998,8.2204,8.22265,1.00,1.37
2015.07.21 08:21:05.049,8.22011,8.22246,1.00,1.00
2015.07.21 08:21:05.856,8.22064,8.22246,2.10,1.00
2015.07.21 08:21:06.033,8.22064,8.22286,2.10,1.00
2015.07.21 08:21:06.135,8.22082,8.22328,1.60,1.75
2015.07.21 08:21:06.236,8.22082,8.22328,1.00,1.00
2015.07.21 08:21:06.338,8.22083,8.22328,1.00,1.75
2015.07.21 08:21:06.439,8.22044,8.22291,1.00,1.75
2015.07.21 08:21:06.541,8.22013,8.22228,1.00,1.00
2015.07.21 08:21:06.642,8.22013,8.22228,1.00,1.75
2015.07.21 08:21:06.995,8.22013,8.22228,1.00,1.75
2015.07.21 08:21:07.325,8.21982,8.22228,1.00,1.75
2015.07.21 08:21:07.427,8.21982,8.22228,1.00,1.75
2015.07.21 08:21:07.746,8.21982,8.22228,1.00,1.75
2015.07.21 08:21:08.384,8.21982,8.22228,1.00,1.75
2015.07.21 08:21:08.745,8.21982,8.22228,1.00,1.75
2015.07.21 08:21:08.863,8.21991,8.22228,1.00,1.75
2015.07.21 08:21:09.633,8.22014,8.22228,1.00,1.75
2015.07.21 08:21:09.735,8.21982,8.22228,1.00,1.00
2015.07.21 08:21:09.786,8.21995,8.22228,1.00,1.00
2015.07.21 08:21:10.138,8.22016,8.2226,1.00,1.75
2015.07.21 08:21:10.190,8.22016,8.2226,1.00,1.75
2015.07.21 08:21:10.914,8.22016,8.2226,1.00,1.07
2015.07.21 08:21:11.189,8.22016,8.2226,1.00,1.00
2015.07.21 08:21:11.665,8.22026,8.2226,1.00,1.00
2015.07.21 08:21:11.996,8.22047,8.22292,1.00,1.75
2015.07.21 08:21:12.124,8.22047,8.22292,1.00,1.37
2015.07.21 08:21:12.925,8.22047,8.22292,1.00,1.75
2015.07.21 08:21:13.033,8.22013,8.2226,1.00,1.37
2015.07.21 08:21:14.219,8.22013,8.2226,1.00,1.75
2015.07.21 08:21:14.452,8.22013,8.2226,1.00,1.75
2015.07.21 08:21:14.874,8.22013,8.2226,1.00,1.07
2015.07.21 08:21:15.424,8.22013,8.2226,1.00,1.75
2015.07.21 08:21:15.794,8.22013,8.2226,1.00,1.75
2015.07.21 08:21:17.183,8.22013,8.2226,1.00,1.75
2015.07.21 08:21:18.180,8.22013,8.2226,1.00,1.37
2015.07.21 08:21:18.917,8.22022,8.2226,1.00,1.37
2015.07.21 08:21:19.313,8.22041,8.22288,1.00,1.75
2015.07.21 08:21:19.983,8.22041,8.22288,1.00,1.75
2015.07.21 08:21:20.290,8.22124,8.22371,1.00,1.75
2015.07.21 08:21:20.493,8.22124,8.22353,1.00,1.75
2015.07.21 08:21:20.544,8.22086,8.22333,1.00,1.75
2015.07.21 08:21:20.834,8.22055,8.22302,1.00,1.37
2015.07.21 08:21:22.732,8.22025,8.22271,1.00,1.00
2015.07.21 08:21:22.917,8.22025,8.22271,1.00,1.75
2015.07.21 08:21:23.269,8.22025,8.22271,1.00,1.75
2015.07.21 08:21:23.486,8.22025,8.22271,1.00,1.75
2015.07.21 08:21:24.238,8.22025,8.22271,1.00,1.75
2015.07.21 08:21:24.440,8.2198,8.22226,1.00,1.75
2015.07.21 08:21:24.491,8.2198,8.22226,1.00,1.75
2015.07.21 08:21:24.848,8.21946,8.2219,1.00,1.75
2015.07.21 08:21:24.899,8.21946,8.22167,1.00,1.75
2015.07.21 08:21:24.950,8.219,8.22147,1.00,1.75
2015.07.21 08:21:25.257,8.219,8.22147,1.00,1.07
2015.07.21 08:21:25.434,8.219,8.22147,1.00,1.75
2015.07.21 08:21:26.553,8.21928,8.22147,1.00,1.75
2015.07.21 08:21:26.988,8.21928,8.22147,1.00,1.75
2015.07.21 08:21:28.228,8.21951,8.22147,1.00,1.75
2015.07.21 08:21:28.452,8.21951,8.22147,1.00,1.75
2015.07.21 08:21:28.953,8.21951,8.22147,1.00,1.00
2015.07.21 08:21:29.193,8.219,8.22147,1.00,1.00
2015.07.21 08:21:29.424,8.21928,8.22147,1.00,1.75
2015.07.21 08:21:29.729,8.21971,8.22147,1.00,1.00
2015.07.21 08:21:30.078,8.21993,8.22147,1.00,1.75
2015.07.21 08:21:31.176,8.21993,8.22147,1.00,1.00
2015.07.21 08:21:31.227,8.22022,8.22147,1.00,1.00
2015.07.21 08:21:31.923,8.22022,8.22147,1.00,1.07
2015.07.21 08:21:32.175,8.22022,8.22147,1.00,1.00
2015.07.21 08:21:33.456,8.22022,8.22179,1.00,1.75
2015.07.21 08:21:33.827,8.22022,8.22179,1.00,1.00
2015.07.21 08:21:35.755,8.22019,8.22179,1.00,1.00
2015.07.21 08:21:35.952,8.21932,8.22179,1.00,1.00
2015.07.21 08:21:36.003,8.21932,8.22179,1.00,1.37
2015.07.21 08:21:36.321,8.22019,8.22147,1.00,1.37
2015.07.21 08:21:36.372,8.22019,8.22147,1.00,1.00
2015.07.21 08:21:36.636,8.2202,8.22182,1.00,1.00
2015.07.21 08:21:36.913,8.2202,8.22182,1.00,1.75
2015.07.21 08:21:37.343,8.2202,8.22217,1.00,1.00
2015.07.21 08:21:37.495,8.21992,8.22217,1.00,1.00
2015.07.21 08:21:37.546,8.21992,8.22217,1.00,1.75
2015.07.21 08:21:37.597,8.21989,8.22217,1.00,1.75
2015.07.21 08:21:37.648,8.22015,8.22217,1.00,1.00
2015.07.21 08:21:37.799,8.22019,8.22217,1.00,1.00
2015.07.21 08:21:38.875,8.21992,8.22217,1.00,1.00
2015.07.21 08:21:39.064,8.22016,8.22217,1.00,1.12
2015.07.21 08:21:39.403,8.22016,8.22217,1.00,1.37
2015.07.21 08:21:40.316,8.2198,8.22217,1.00,1.37
2015.07.21 08:21:40.518,8.22005,8.22217,1.00,1.37
2015.07.21 08:21:40.825,8.22021,8.22219,1.00,1.75
2015.07.21 08:21:40.876,8.22021,8.22219,1.00,1.75
2015.07.21 08:21:41.164,8.22021,8.22219,1.00,1.00
2015.07.21 08:21:42.229,8.22021,8.22249,1.00,1.75
2015.07.21 08:21:42.485,8.22021,8.22249,1.00,1.37
2015.07.21 08:21:43.234,8.22021,8.22249,1.00,1.07
2015.07.21 08:21:43.504,8.22021,8.22249,1.00,1.37
2015.07.21 08:21:43.893,8.22026,8.22249,1.00,1.75
2015.07.21 08:21:44.134,8.22026,8.22249,1.00,1.00
2015.07.21 08:21:44.728,8.22026,8.22249,1.00,1.37
2015.07.21 08:21:44.829,8.22021,8.22249,1.00,1.37
2015.07.21 08:21:44.931,8.22021,8.22249,1.00,1.75
2015.07.21 08:21:45.464,8.22021,8.22249,1.00,1.75
2015.07.21 08:21:46.836,8.22027,8.22249,1.00,1.75
2015.07.21 08:21:46.887,8.22027,8.22249,1.00,1.37
2015.07.21 08:21:47.254,8.22027,8.22238,1.00,1.37
2015.07.21 08:21:47.466,8.22027,8.22249,1.00,1.37
2015.07.21 08:21:47.903,8.22047,8.22258,1.00,2.41
2015.07.21 08:21:48.056,8.22058,8.22292,1.00,1.75
2015.07.21 08:21:48.158,8.22047,8.22238,1.00,1.00
2015.07.21 08:21:48.468,8.22047,8.22248,1.00,1.75
2015.07.21 08:21:48.759,8.22036,8.22247,1.00,1.37
2015.07.21 08:21:49.241,8.22036,8.22247,1.00,1.75
2015.07.21 08:21:49.712,8.22036,8.22247,1.00,1.37
2015.07.21 08:21:50.104,8.22041,8.22247,1.00,1.37
2015.07.21 08:21:50.205,8.22041,8.22247,1.00,1.00
2015.07.21 08:21:50.654,8.22041,8.22247,1.00,1.75
2015.07.21 08:21:50.955,8.22041,8.22247,1.00,1.07
2015.07.21 08:21:51.093,8.2202,8.22247,1.00,1.07
2015.07.21 08:21:51.195,8.2202,8.22247,1.00,1.75
2015.07.21 08:21:51.943,8.2202,8.22247,1.00,1.37
2015.07.21 08:21:53.174,8.2202,8.22247,1.00,1.75
2015.07.21 08:21:53.263,8.2202,8.22247,1.00,1.00
2015.07.21 08:21:53.314,8.22017,8.22247,1.00,1.00
2015.07.21 08:21:53.415,8.22001,8.22247,1.00,1.00
2015.07.21 08:21:53.506,8.22014,8.22247,1.00,1.00
2015.07.21 08:21:53.607,8.22001,8.22247,1.00,1.00
2015.07.21 08:21:53.709,8.22001,8.22247,1.75,1.00
2015.07.21 08:21:53.810,8.22043,8.22289,1.37,1.00
2015.07.21 08:21:56.170,8.22043,8.22289,1.00,1.00
2015.07.21 08:21:57.010,8.22076,8.22289,1.00,1.00
2015.07.21 08:21:57.162,8.22096,8.22342,1.00,1.00
2015.07.21 08:22:03.526,8.22131,8.22378,1.00,1.00
2015.07.21 08:22:04.749,8.22086,8.22332,1.00,1.00
2015.07.21 08:22:06.690,8.22088,8.22332,1.12,1.00
2015.07.21 08:22:06.827,8.22146,8.22393,1.00,1.00
2015.07.21 08:22:07.029,8.22184,8.22431,1.00,1.00
2015.07.21 08:22:09.414,8.22222,8.22469,1.00,1.00
2015.07.21 08:22:10.935,8.22271,8.22518,1.00,1.00
2015.07.21 08:22:26.404,8.22263,8.2251,1.00,1.00
2015.07.21 08:22:31.884,8.22228,8.22472,1.00,1.00
2015.07.21 08:22:33.454,8.22228,8.22472,1.00,1.07
2015.07.21 08:22:35.172,8.22228,8.22472,1.00,1.00
2015.07.21 08:22:37.927,8.22226,8.22436,1.00,1.00
2015.07.21 08:22:38.335,8.2224,8.22486,1.00,1.00
2015.07.21 08:22:40.104,8.22274,8.22521,1.00,1.00
2015.07.21 08:22:40.433,8.22305,8.22532,1.00,1.00
2015.07.21 08:22:41.922,8.22274,8.22521,1.00,1.00
2015.07.21 08:22:46.855,8.22236,8.22483,1.00,1.00
2015.07.21 08:22:47.328,8.22236,8.22483,1.00,1.75
2015.07.21 08:22:49.670,8.22236,8.22483,1.00,1.00
2015.07.21 08:22:53.383,8.22236,8.22483,1.00,1.75
2015.07.21 08:22:56.277,8.22264,8.22509,1.00,1.75
2015.07.21 08:22:56.333,8.22264,8.22509,1.00,1.37
2015.07.21 08:22:56.651,8.22227,8.22472,1.00,1.00
2015.07.21 08:22:58.332,8.22227,8.22427,1.00,1.00
2015.07.21 08:22:58.435,8.22219,8.22447,1.00,1.75
2015.07.21 08:22:58.647,8.22219,8.22464,1.00,1.75
2015.07.21 08:22:58.952,8.22228,8.22464,1.00,1.75
2015.07.21 08:22:59.003,8.22228,8.22464,1.00,1.37
2015.07.21 08:22:59.117,8.22225,8.22464,1.00,1.37
2015.07.21 08:22:59.852,8.22225,8.22464,1.00,1.75
2015.07.21 08:23:00.182,8.22231,8.22464,1.00,1.37
2015.07.21 08:23:01.759,8.22228,8.22464,1.00,1.37
2015.07.21 08:23:01.810,8.22225,8.22464,1.00,1.37
2015.07.21 08:23:01.861,8.22239,8.22464,1.00,1.37
2015.07.21 08:23:02.171,8.22259,8.22506,1.00,1.75
2015.07.21 08:23:02.602,8.22259,8.22506,1.00,1.75
2015.07.21 08:23:02.964,8.22259,8.22506,1.00,1.00
2015.07.21 08:23:05.216,8.22292,8.22538,1.00,1.75
2015.07.21 08:23:07.004,8.22248,8.22494,1.00,1.00
2015.07.21 08:23:10.617,8.22291,8.22537,1.00,1.75
2015.07.21 08:23:10.769,8.22291,8.22537,1.00,1.00
2015.07.21 08:23:18.113,8.22331,8.22576,1.00,1.00
2015.07.21 08:23:18.652,8.22217,8.22462,1.00,1.00
2015.07.21 08:23:19.602,8.22251,8.22483,1.00,1.00
2015.07.21 08:23:19.653,8.22251,8.22498,1.00,1.00
2015.07.21 08:23:20.591,8.22231,8.22451,1.00,1.00
2015.07.21 08:23:20.642,8.22207,8.22451,1.00,1.00
2015.07.21 08:23:26.413,8.22186,8.22407,1.00,1.00
2015.07.21 08:23:26.463,8.2216,8.22407,1.00,1.00
2015.07.21 08:23:27.240,8.2216,8.2239,1.00,1.00
2015.07.21 08:23:27.342,8.22124,8.2237,1.00,1.00
2015.07.21 08:23:28.326,8.22161,8.2239,1.00,1.00
2015.07.21 08:23:28.377,8.22161,8.22408,1.00,1.00
2015.07.21 08:23:30.815,8.22196,8.22428,1.00,1.00
2015.07.21 08:23:30.866,8.22196,8.22443,1.00,1.00
2015.07.21 08:23:32.433,8.22176,8.22397,1.00,1.00
2015.07.21 08:23:32.484,8.22151,8.22397,1.00,1.00
2015.07.21 08:23:33.967,8.22218,8.22417,1.00,1.07
2015.07.21 08:23:34.831,8.22218,8.22464,1.00,1.50
2015.07.21 08:23:35.283,8.22218,8.22464,1.00,1.00
2015.07.21 08:23:36.152,8.22218,8.22464,1.00,1.75
2015.07.21 08:23:36.203,8.22185,8.22431,1.00,1.00
2015.07.21 08:23:41.770,8.22223,8.22451,1.00,1.00
2015.07.21 08:23:41.821,8.22223,8.22469,1.00,1.00
2015.07.21 08:23:44.824,8.22185,8.22431,1.00,1.00
2015.07.21 08:23:47.334,8.2215,8.22395,1.00,1.00
2015.07.21 08:23:47.840,8.2215,8.22395,1.00,1.07
2015.07.21 08:23:47.942,8.22113,8.22359,1.00,1.00
2015.07.21 08:23:49.812,8.22075,8.22322,1.00,1.00
2015.07.21 08:23:51.709,8.22075,8.22322,1.00,1.07
2015.07.21 08:23:52.060,8.22039,8.22284,1.00,1.00
2015.07.21 08:23:52.514,8.22056,8.22284,1.00,1.00
2015.07.21 08:23:52.565,8.22076,8.22322,1.00,1.00
2015.07.21 08:23:54.542,8.22076,8.22322,1.00,1.75
2015.07.21 08:23:56.177,8.22117,8.22362,1.00,1.75
2015.07.21 08:23:56.939,8.22117,8.22362,1.00,1.75
2015.07.21 08:23:58.502,8.22117,8.22362,1.00,1.75
2015.07.21 08:23:59.910,8.22117,8.22362,1.00,1.37
2015.07.21 08:24:00.824,8.22117,8.22362,1.00,1.07
2015.07.21 08:24:00.875,8.22141,8.22362,1.00,1.07
2015.07.21 08:24:01.189,8.22161,8.22408,1.00,1.75
2015.07.21 08:24:07.651,8.22141,8.22371,1.00,1.37
2015.07.21 08:24:07.702,8.22124,8.22371,1.00,1.37
2015.07.21 08:24:07.977,8.22124,8.22371,1.00,1.75
2015.07.21 08:24:08.300,8.22124,8.22371,1.00,1.75
2015.07.21 08:24:09.501,8.22124,8.22371,1.00,1.75
2015.07.21 08:24:10.030,8.22124,8.22371,1.00,1.75
2015.07.21 08:24:10.471,8.22124,8.22371,1.00,1.75
2015.07.21 08:24:10.909,8.22124,8.22371,1.00,1.75
2015.07.21 08:24:11.501,8.22124,8.22371,1.00,1.75
2015.07.21 08:24:11.602,8.22163,8.22409,1.00,1.75
2015.07.21 08:24:11.704,8.22163,8.22409,1.00,1.75
2015.07.21 08:24:12.180,8.22181,8.22409,1.00,1.75
2015.07.21 08:24:12.383,8.22202,8.22446,1.00,1.75
2015.07.21 08:24:13.021,8.22166,8.22412,1.00,1.00
2015.07.21 08:24:14.325,8.22183,8.22412,1.00,1.00
2015.07.21 08:24:14.629,8.22165,8.22412,1.00,1.00
2015.07.21 08:24:15.285,8.22204,8.22432,1.00,1.00
2015.07.21 08:24:15.336,8.22204,8.22448,1.00,1.07
2015.07.21 08:24:16.026,8.22204,8.22448,1.00,1.00
2015.07.21 08:24:16.077,8.22239,8.22469,1.00,1.00
2015.07.21 08:24:16.128,8.22239,8.22483,1.00,1.12
2015.07.21 08:24:16.431,8.22239,8.22483,1.00,1.75
2015.07.21 08:24:19.394,8.22239,8.22483,1.00,1.00
2015.07.21 08:24:25.414,8.22239,8.22466,1.00,1.00
2015.07.21 08:24:25.464,8.222,8.22446,1.00,1.00
2015.07.21 08:24:27.349,8.22218,8.22446,1.00,1.00
2015.07.21 08:24:27.400,8.22238,8.22484,1.00,1.00
2015.07.21 08:24:33.052,8.22275,8.22522,1.00,1.07
2015.07.21 08:24:33.494,8.22275,8.22522,1.00,1.00
2015.07.21 08:24:37.170,8.22313,8.2256,1.00,1.37
2015.07.21 08:24:37.326,8.22313,8.2256,1.00,1.00
2015.07.21 08:24:37.768,8.22352,8.22597,1.00,1.00
2015.07.21 08:24:40.631,8.22412,8.22617,1.00,1.00
2015.07.21 08:24:40.682,8.22412,8.22658,1.00,1.75
2015.07.21 08:24:40.733,8.22412,8.22658,1.00,1.07
2015.07.21 08:24:42.043,8.22392,8.2262,1.00,1.00
2015.07.21 08:24:42.093,8.22374,8.2262,1.00,1.00
2015.07.21 08:24:42.346,8.22354,8.22582,1.00,1.00
2015.07.21 08:24:42.397,8.22337,8.22582,1.00,1.00
2015.07.21 08:24:44.586,8.22337,8.22582,1.00,1.07
2015.07.21 08:24:44.688,8.22337,8.22582,1.00,1.00
2015.07.21 08:24:46.571,8.22354,8.22582,1.00,1.00
2015.07.21 08:24:46.622,8.22374,8.2262,1.00,1.07
2015.07.21 08:24:46.810,8.22374,8.2262,1.00,1.00
2015.07.21 08:24:52.418,8.22405,8.2262,1.00,1.00
2015.07.21 08:24:52.469,8.22425,8.22672,1.00,1.07
2015.07.21 08:24:52.621,8.22425,8.22672,1.00,1.00
2015.07.21 08:24:54.326,8.22425,8.22645,1.00,1.00
2015.07.21 08:24:54.427,8.22378,8.22625,1.00,1.00
2015.07.21 08:25:00.231,8.22378,8.22607,1.00,1.00
2015.07.21 08:25:00.332,8.2234,8.22587,1.00,1.00
2015.07.21 08:25:05.428,8.22298,8.22545,1.00,1.00
2015.07.21 08:25:07.022,8.22365,8.22545,1.00,1.00
2015.07.21 08:25:07.143,8.22384,8.22631,1.00,1.75
2015.07.21 08:25:07.237,8.22384,8.22631,1.00,1.75
2015.07.21 08:25:07.689,8.22384,8.22631,1.00,1.37
2015.07.21 08:25:09.254,8.22384,8.22631,1.00,1.75
2015.07.21 08:25:09.464,8.22342,8.22588,1.00,1.00
2015.07.21 08:25:09.515,8.22342,8.22588,1.00,1.60
2015.07.21 08:25:09.667,8.22313,8.22514,1.00,1.60
2015.07.21 08:25:09.768,8.22267,8.2251,1.00,1.35
2015.07.21 08:25:10.023,8.22267,8.2251,1.00,1.35
2015.07.21 08:25:10.357,8.22267,8.2251,1.00,1.35
2015.07.21 08:25:10.458,8.22267,8.22484,1.00,1.75
2015.07.21 08:25:10.628,8.22267,8.22484,1.00,1.75
2015.07.21 08:25:10.679,8.22241,8.22465,1.00,1.75
2015.07.21 08:25:10.782,8.22241,8.22465,1.00,1.75
2015.07.21 08:25:11.012,8.22241,8.22465,1.00,1.75
2015.07.21 08:25:11.452,8.22241,8.22458,1.00,1.75
2015.07.21 08:25:12.662,8.22245,8.22465,1.00,1.75
2015.07.21 08:25:13.051,8.22245,8.22426,1.00,1.75
2015.07.21 08:25:15.083,8.22245,8.22456,1.00,1.75
2015.07.21 08:25:20.324,8.2223,8.2242,1.00,1.75
2015.07.21 08:25:20.476,8.2223,8.2242,1.00,1.75
2015.07.21 08:25:20.683,8.22207,8.2242,1.00,1.75
2015.07.21 08:25:20.863,8.22222,8.2242,1.00,1.75
2015.07.21 08:25:21.531,8.22222,8.22414,1.00,1.75
2015.07.21 08:25:22.403,8.2223,8.22414,1.00,1.75
2015.07.21 08:25:22.563,8.2223,8.22414,1.00,1.75
2015.07.21 08:25:25.593,8.22223,8.22414,1.00,1.75
2015.07.21 08:25:27.040,8.2223,8.22414,1.00,1.75
2015.07.21 08:25:27.292,8.2223,8.22414,1.00,1.75
2015.07.21 08:25:28.172,8.22216,8.22414,1.00,1.75
2015.07.21 08:25:28.461,8.22216,8.22414,1.00,1.07
2015.07.21 08:25:29.012,8.22216,8.22414,1.07,1.00
2015.07.21 08:25:29.355,8.22228,8.22414,1.00,1.00
2015.07.21 08:25:37.612,8.22275,8.2242,1.00,1.00
2015.07.21 08:25:37.846,8.22303,8.22514,1.00,1.00
2015.07.21 08:25:37.948,8.22328,8.22548,1.00,1.00
2015.07.21 08:25:38.022,8.22341,8.22548,1.00,1.00
2015.07.21 08:25:38.073,8.22341,8.22552,1.00,1.00
2015.07.21 08:25:38.175,8.22307,8.22552,1.00,1.00
2015.07.21 08:25:38.474,8.22307,8.22552,1.00,1.37
2015.07.21 08:25:38.791,8.22315,8.22552,1.00,1.37
2015.07.21 08:25:39.120,8.22373,8.2262,1.00,1.75
2015.07.21 08:25:39.424,8.22394,8.2262,1.00,1.75
2015.07.21 08:25:39.475,8.22414,8.22657,1.00,1.35
2015.07.21 08:25:40.065,8.22377,8.22624,1.00,1.00
2015.07.21 08:25:48.949,8.22377,8.22624,1.00,1.07
2015.07.21 08:25:50.596,8.22393,8.22624,1.00,1.07
2015.07.21 08:25:50.943,8.22413,8.22648,1.00,1.75
2015.07.21 08:25:51.459,8.22374,8.22619,1.00,1.75
2015.07.21 08:25:51.840,8.22329,8.22575,1.00,1.12
2015.07.21 08:25:52.266,8.22329,8.22575,1.00,1.75
2015.07.21 08:25:52.462,8.22329,8.22575,1.00,1.75
2015.07.21 08:25:52.946,8.22286,8.22533,1.00,1.00
2015.07.21 08:25:53.214,8.22302,8.22533,1.00,1.00
2015.07.21 08:25:53.567,8.22322,8.22569,1.00,1.75
2015.07.21 08:25:53.784,8.22322,8.22569,1.00,1.37
2015.07.21 08:25:57.513,8.22348,8.22569,1.00,1.37
2015.07.21 08:25:57.614,8.22367,8.22614,1.00,1.00
2015.07.21 08:25:58.705,8.22407,8.22614,1.00,1.00
2015.07.21 08:25:59.046,8.2248,8.22727,1.00,1.75
2015.07.21 08:25:59.741,8.2248,8.22727,1.00,2.25
2015.07.21 08:26:00.732,8.2248,8.22727,1.00,1.75
2015.07.21 08:26:01.287,8.22423,8.22669,1.00,1.00
2015.07.21 08:26:01.393,8.22423,8.22669,1.00,1.75
2015.07.21 08:26:02.161,8.22423,8.22668,1.00,1.75
2015.07.21 08:26:02.473,8.22385,8.22631,1.00,1.37
2015.07.21 08:26:02.575,8.22385,8.22631,1.00,1.75
2015.07.21 08:26:03.221,8.22385,8.22631,1.00,1.75
2015.07.21 08:26:03.451,8.22385,8.22631,1.00,1.37
2015.07.21 08:26:04.763,8.22385,8.22631,1.00,1.00
2015.07.21 08:26:05.016,8.22398,8.22631,1.00,1.00
2015.07.21 08:26:05.319,8.22418,8.22665,1.00,1.75
2015.07.21 08:26:05.572,8.22418,8.22665,1.00,1.75
2015.07.21 08:26:08.981,8.22418,8.22665,1.00,1.75
2015.07.21 08:26:09.964,8.22418,8.22647,1.00,1.75
2015.07.21 08:26:10.014,8.22381,8.22628,1.00,1.37
2015.07.21 08:26:10.166,8.22381,8.22605,1.00,1.00
2015.07.21 08:26:10.217,8.22338,8.22585,1.00,1.00
2015.07.21 08:26:12.228,8.22369,8.22585,1.00,1.00
2015.07.21 08:26:12.611,8.22388,8.22634,1.00,1.75
2015.07.21 08:26:15.898,8.22388,8.22634,1.00,1.37
2015.07.21 08:26:16.241,8.22388,8.22634,1.00,1.00
2015.07.21 08:26:20.741,8.2241,8.22634,1.00,1.00
2015.07.21 08:26:21.161,8.22431,8.22676,1.00,1.75
2015.07.21 08:26:22.043,8.22445,8.22676,1.00,1.75
2015.07.21 08:26:22.367,8.22465,8.22712,1.00,1.75
2015.07.21 08:26:24.711,8.22465,8.22712,1.00,1.75
2015.07.21 08:26:29.827,8.22445,8.22674,1.00,1.37
2015.07.21 08:26:29.878,8.22428,8.22674,1.00,1.37
2015.07.21 08:26:30.872,8.22428,8.22674,1.00,1.75
2015.07.21 08:26:31.829,8.22428,8.22674,1.00,1.75
2015.07.21 08:26:31.931,8.22428,8.22674,1.00,1.37
2015.07.21 08:26:32.032,8.22468,8.22693,1.00,1.00
2015.07.21 08:26:32.083,8.22468,8.22715,1.00,1.00
2015.07.21 08:26:32.955,8.22517,8.22734,1.00,1.00
2015.07.21 08:26:33.006,8.22517,8.22761,1.00,1.00
2015.07.21 08:26:33.159,8.22517,8.22761,1.00,1.75
2015.07.21 08:26:33.691,8.22517,8.22761,1.00,1.00
2015.07.21 08:26:34.224,8.22554,8.22782,1.00,1.00
2015.07.21 08:26:34.276,8.22554,8.22801,1.00,1.00
2015.07.21 08:26:34.439,8.22635,8.22821,1.00,1.00
2015.07.21 08:26:34.491,8.22635,8.22882,1.00,1.00
2015.07.21 08:26:35.858,8.22678,8.22902,1.00,1.00
2015.07.21 08:26:35.909,8.22678,8.22924,1.00,1.00
2015.07.21 08:26:37.140,8.22678,8.22924,1.00,1.75
2015.07.21 08:26:38.864,8.22658,8.22871,1.00,1.00
2015.07.21 08:26:38.915,8.22625,8.22871,1.00,1.00
2015.07.21 08:26:39.422,8.22625,8.22871,1.00,1.07
2015.07.21 08:26:43.464,8.2266,8.22891,1.00,1.75
2015.07.21 08:26:43.516,8.2266,8.22905,1.00,1.37
2015.07.21 08:26:47.897,8.2266,8.22905,1.00,1.00
2015.07.21 08:26:53.822,8.22678,8.22905,1.00,1.00
2015.07.21 08:26:53.873,8.22698,8.22944,1.00,1.37
2015.07.21 08:26:54.075,8.22698,8.22944,1.00,1.00
2015.07.21 08:26:55.020,8.22716,8.22944,1.00,1.00
2015.07.21 08:26:55.071,8.22735,8.22982,1.00,1.37
2015.07.21 08:26:57.633,8.22735,8.22857,1.00,1.00
2015.07.21 08:26:57.735,8.22582,8.22792,1.66,1.75
2015.07.21 08:26:57.787,8.22545,8.22792,1.00,1.75
2015.07.21 08:26:57.838,8.22512,8.22757,1.00,1.75
2015.07.21 08:26:57.945,8.22531,8.22757,1.00,1.00
2015.07.21 08:26:57.995,8.22531,8.22757,1.75,1.00
2015.07.21 08:26:58.046,8.22606,8.22817,1.00,1.66
2015.07.21 08:26:58.148,8.22639,8.22847,1.00,1.00
2015.07.21 08:26:58.451,8.22506,8.22752,1.37,1.00
2015.07.21 08:26:58.553,8.22598,8.22844,1.00,1.00
2015.07.21 08:26:58.731,8.22624,8.22844,1.00,1.00
2015.07.21 08:26:58.782,8.22643,8.2289,1.00,1.00
2015.07.21 08:26:58.832,8.22643,8.2286,1.00,1.00
2015.07.21 08:26:58.883,8.22594,8.22839,1.00,1.00
2015.07.21 08:27:00.138,8.22594,8.22817,1.00,1.00
2015.07.21 08:27:00.189,8.22551,8.22797,1.10,1.00
2015.07.21 08:27:01.654,8.22551,8.22779,1.00,1.00
2015.07.21 08:27:01.705,8.22513,8.22758,1.00,1.00
2015.07.21 08:27:06.014,8.22492,8.22713,1.00,1.00
2015.07.21 08:27:06.065,8.22466,8.22713,1.00,1.00
2015.07.21 08:27:06.630,8.22446,8.22674,1.00,1.00
2015.07.21 08:27:06.680,8.2243,8.22674,1.00,1.00
2015.07.21 08:27:13.804,8.22474,8.2272,1.00,1.00
2015.07.21 08:27:15.772,8.2251,8.2274,1.00,1.00
2015.07.21 08:27:15.823,8.2251,8.22757,1.00,1.00
2015.07.21 08:27:29.692,8.2249,8.22719,1.00,1.00
2015.07.21 08:27:29.744,8.22473,8.22719,1.00,1.00
2015.07.21 08:27:30.764,8.22453,8.22687,1.00,1.00
2015.07.21 08:27:30.815,8.2244,8.22687,1.00,1.00
2015.07.21 08:27:49.230,8.22444,8.22687,1.00,1.00
2015.07.21 08:27:49.332,8.22463,8.2271,1.00,1.00
2015.07.21 08:27:49.467,8.22481,8.2271,1.00,1.00
2015.07.21 08:27:49.620,8.22501,8.22748,1.00,1.00
2015.07.21 08:28:04.976,8.22514,8.22748,1.00,1.00
2015.07.21 08:28:05.758,8.22515,8.22748,1.00,1.00
2015.07.21 08:28:06.409,8.22525,8.22772,1.00,1.00
2015.07.21 08:28:12.277,8.22515,8.22709,1.00,1.00
2015.07.21 08:28:12.449,8.22493,8.22709,1.00,1.00
2015.07.21 08:28:12.669,8.22464,8.22709,1.00,1.00
2015.07.21 08:28:12.789,8.22483,8.22709,1.00,1.00
2015.07.21 08:28:13.444,8.22482,8.22709,1.00,1.00
2015.07.21 08:28:14.724,8.22464,8.22709,1.00,1.00
2015.07.21 08:28:18.027,8.22499,8.22729,1.00,1.00
2015.07.21 08:28:18.078,8.22499,8.22744,1.00,1.00
2015.07.21 08:28:21.524,8.22499,8.22744,1.00,1.75
2015.07.21 08:28:21.910,8.22499,8.22744,1.00,1.75
2015.07.21 08:28:25.330,8.22478,8.22705,1.00,1.37
2015.07.21 08:28:25.389,8.2246,8.22705,1.00,1.37
2015.07.21 08:28:29.008,8.2246,8.22705,1.00,1.00
2015.07.21 08:28:34.678,8.2246,8.22705,1.00,1.37
2015.07.21 08:28:35.277,8.2246,8.22705,1.00,1.37
2015.07.21 08:28:36.244,8.2246,8.22705,1.00,1.37
2015.07.21 08:28:38.027,8.2246,8.22705,1.00,1.37
2015.07.21 08:28:39.018,8.2246,8.22705,1.00,1.75
2015.07.21 08:28:39.958,8.2246,8.22705,1.00,1.37
2015.07.21 08:28:42.938,8.22448,8.22694,1.00,1.07
2015.07.21 08:28:43.901,8.22448,8.22694,1.00,1.75
2015.07.21 08:28:49.035,8.22448,8.22694,1.75,1.75
2015.07.21 08:28:49.136,8.22465,8.22694,1.00,1.00
2015.07.21 08:28:49.187,8.22485,8.22732,1.00,1.37
2015.07.21 08:28:49.358,8.22485,8.22732,1.00,1.00
2015.07.21 08:28:51.594,8.22485,8.22732,2.25,1.00
2015.07.21 08:28:51.935,8.22524,8.22769,1.00,1.75
2015.07.21 08:28:52.179,8.22524,8.22769,1.00,1.75
2015.07.21 08:28:53.207,8.22524,8.22769,1.00,1.37
2015.07.21 08:28:54.378,8.22524,8.22769,1.00,1.00
2015.07.21 08:28:54.507,8.22562,8.22807,1.00,1.00
2015.07.21 08:28:54.823,8.22606,8.22853,1.00,1.37
2015.07.21 08:28:57.846,8.22606,8.2282,1.00,1.00
2015.07.21 08:28:57.947,8.22579,8.228,1.00,1.00
2015.07.21 08:28:58.002,8.22599,8.22846,1.00,1.07
2015.07.21 08:28:58.659,8.22599,8.22846,1.00,1.00
2015.07.21 08:28:59.038,8.22603,8.22846,1.00,1.00
2015.07.21 08:28:59.348,8.22624,8.22846,1.00,1.00
2015.07.21 08:28:59.551,8.22644,8.22891,1.00,1.37
2015.07.21 08:28:59.898,8.22644,8.22891,1.00,1.00
2015.07.21 08:29:01.258,8.22655,8.22891,1.00,1.00
2015.07.21 08:29:01.318,8.22644,8.22891,1.12,1.00
2015.07.21 08:29:01.858,8.22655,8.22891,1.00,1.00
2015.07.21 08:29:02.218,8.22644,8.22891,1.00,1.00
2015.07.21 08:29:02.351,8.22655,8.22891,1.00,1.00
2015.07.21 08:29:02.702,8.22666,8.22891,1.00,1.00
2015.07.21 08:29:04.678,8.22644,8.22891,1.00,1.00
2015.07.21 08:29:04.798,8.22666,8.22891,1.00,1.00
2015.07.21 08:29:05.698,8.22644,8.22891,1.00,1.00
2015.07.21 08:29:05.799,8.22653,8.22891,1.00,1.00
2015.07.21 08:29:06.004,8.22644,8.22891,1.00,1.00
2015.07.21 08:29:06.305,8.22644,8.22891,1.00,1.75
2015.07.21 08:29:06.701,8.22625,8.22852,1.00,1.00
2015.07.21 08:29:06.802,8.22607,8.22852,1.00,1.00
2015.07.21 08:29:07.129,8.22607,8.22852,1.00,1.37
2015.07.21 08:29:07.507,8.22607,8.22852,1.00,1.00
2015.07.21 08:29:08.021,8.22607,8.22852,1.00,1.37
2015.07.21 08:29:19.449,8.22607,8.22852,1.00,1.75
2015.07.21 08:29:21.685,8.22593,8.2284,1.00,1.75
2015.07.21 08:29:24.094,8.22593,8.2284,1.00,1.75
2015.07.21 08:29:24.436,8.22593,8.2284,1.00,1.75
2015.07.21 08:29:25.057,8.22593,8.2284,1.00,1.75
2015.07.21 08:29:27.608,8.22593,8.2284,1.00,1.75
2015.07.21 08:29:28.516,8.22593,8.2284,1.00,1.07
2015.07.21 08:29:30.056,8.22593,8.2284,1.00,1.75
2015.07.21 08:29:30.226,8.22593,8.2284,1.00,1.07
2015.07.21 08:29:32.696,8.22593,8.2284,1.00,1.37
2015.07.21 08:29:37.303,8.22603,8.2285,1.00,1.37
2015.07.21 08:29:45.789,8.22603,8.2285,1.00,1.00
2015.07.21 08:29:45.891,8.22603,8.2285,1.00,1.07
2015.07.21 08:29:52.930,8.22601,8.22847,1.00,1.07
2015.07.21 08:29:52.982,8.22601,8.22829,1.00,1.00
2015.07.21 08:29:53.033,8.22563,8.22809,1.00,1.37
2015.07.21 08:29:53.505,8.22602,8.22829,1.00,1.75
2015.07.21 08:29:53.993,8.22602,8.22846,1.00,1.75
2015.07.21 08:29:54.316,8.22602,8.22846,1.00,1.37
2015.07.21 08:29:55.278,8.22544,8.22909,1.07,1.12
2015.07.21 08:29:58.181,8.22553,8.2296,1.12,1.35
2015.07.21 08:29:58.648,8.22535,8.22923,1.75,1.12
2015.07.21 08:29:59.866,8.22535,8.22928,1.12,1.75
2015.07.21 08:30:00.903,8.22534,8.22833,1.37,1.12
2015.07.21 08:30:01.005,8.22512,8.22838,1.75,1.12
2015.07.21 08:30:01.056,8.22512,8.22833,1.37,1.12
2015.07.21 08:30:01.228,8.22539,8.22852,1.00,1.12
2015.07.21 08:30:01.723,8.22539,8.22864,1.07,1.12
2015.07.21 08:30:04.779,8.22567,8.22903,1.00,1.12
2015.07.21 08:30:05.310,8.22609,8.22903,1.00,1.12
2015.07.21 08:30:05.360,8.22609,8.22903,1.00,1.12
2015.07.21 08:30:05.462,8.22562,8.22905,1.00,1.12
2015.07.21 08:30:05.970,8.22607,8.22902,1.00,1.12
2015.07.21 08:30:10.320,8.22601,8.22912,1.00,1.12
2015.07.21 08:30:10.422,8.2261,8.22933,1.00,1.12
2015.07.21 08:30:10.523,8.2261,8.22933,1.00,1.12
2015.07.21 08:30:10.810,8.22601,8.22958,1.00,1.12
2015.07.21 08:30:11.257,8.22601,8.22958,1.37,1.12
2015.07.21 08:30:11.698,8.22641,8.22958,1.00,1.12
2015.07.21 08:30:13.678,8.22641,8.23008,1.75,1.75
2015.07.21 08:30:13.829,8.2265,8.23017,1.37,2.41
2015.07.21 08:30:13.930,8.22611,8.23017,1.75,1.66
2015.07.21 08:30:14.031,8.22557,8.23017,1.75,2.41
2015.07.21 08:30:14.276,8.22632,8.23017,1.75,1.66
2015.07.21 08:30:15.109,8.22627,8.23072,1.75,1.00
2015.07.21 08:30:15.749,8.22614,8.23072,1.75,1.75
2015.07.21 08:30:15.858,8.22614,8.23072,1.75,1.75
2015.07.21 08:30:15.946,8.22614,8.23072,1.75,1.75
2015.07.21 08:30:15.997,8.22614,8.23072,1.75,1.75
2015.07.21 08:30:16.249,8.22623,8.23072,1.75,1.00
2015.07.21 08:30:17.015,8.22638,8.23072,1.75,1.00
2015.07.21 08:30:17.168,8.22632,8.23097,1.75,1.66
2015.07.21 08:30:17.440,8.22632,8.23097,1.75,1.66
2015.07.21 08:30:18.167,8.22632,8.23097,1.75,2.41
2015.07.21 08:30:18.470,8.2264,8.23097,1.75,2.41
2015.07.21 08:30:18.790,8.22652,8.23068,1.00,2.41
2015.07.21 08:30:18.841,8.22602,8.23068,1.75,2.41
2015.07.21 08:30:19.711,8.22602,8.23046,1.75,1.12
2015.07.21 08:30:20.061,8.22602,8.23068,1.75,2.41
2015.07.21 08:30:20.213,8.22622,8.23068,1.75,2.41
2015.07.21 08:30:20.276,8.22622,8.23068,1.75,2.41
2015.07.21 08:30:20.500,8.22634,8.23068,1.75,2.41
2015.07.21 08:30:20.601,8.22602,8.23068,1.75,1.66
2015.07.21 08:30:20.702,8.22602,8.23068,1.75,2.41
2015.07.21 08:30:20.914,8.22632,8.23068,1.75,2.41
2015.07.21 08:30:21.034,8.22632,8.23068,1.75,1.66
2015.07.21 08:30:22.000,8.22602,8.23068,1.75,2.41
2015.07.21 08:30:22.329,8.22602,8.23068,1.75,2.49
2015.07.21 08:30:22.444,8.22632,8.23068,1.75,2.49
2015.07.21 08:30:22.849,8.22632,8.23068,1.75,2.49
2015.07.21 08:30:23.139,8.22633,8.23068,1.75,2.49
2015.07.21 08:30:23.459,8.22633,8.23068,1.75,2.41
2015.07.21 08:30:23.708,8.22633,8.23068,1.75,2.49
2015.07.21 08:30:24.053,8.22623,8.23068,1.75,2.49
2015.07.21 08:30:24.108,8.22623,8.23068,1.75,2.49
2015.07.21 08:30:24.340,8.22616,8.23068,1.75,2.49
2015.07.21 08:30:24.441,8.22616,8.23068,1.75,2.49
2015.07.21 08:30:24.658,8.22623,8.23068,1.75,2.49
2015.07.21 08:30:25.015,8.22624,8.23068,1.75,1.74
2015.07.21 08:30:25.452,8.22621,8.23037,1.75,1.00
2015.07.21 08:30:25.706,8.22525,8.22999,1.75,1.00
2015.07.21 08:30:26.217,8.22538,8.22999,1.75,1.00
2015.07.21 08:30:26.702,8.22598,8.22999,1.37,1.00
2015.07.21 08:30:26.904,8.22525,8.22999,1.75,1.07
2015.07.21 08:30:27.485,8.22576,8.22999,1.75,1.00
2015.07.21 08:30:27.807,8.22593,8.22999,1.75,1.00
2015.07.21 08:30:28.123,8.22606,8.22999,1.75,1.75
2015.07.21 08:30:28.426,8.22534,8.22999,1.75,1.37
2015.07.21 08:30:28.528,8.22527,8.22999,1.75,1.75
2015.07.21 08:30:28.938,8.22583,8.22999,1.75,1.75
2015.07.21 08:30:29.040,8.22583,8.22999,1.75,1.75
2015.07.21 08:30:29.091,8.22583,8.22999,1.00,1.75
2015.07.21 08:30:29.142,8.22532,8.22999,1.12,1.75
2015.07.21 08:30:29.244,8.22525,8.22999,1.75,1.75
2015.07.21 08:30:29.346,8.22526,8.22999,1.75,1.75
2015.07.21 08:30:29.744,8.22552,8.22973,1.07,1.12
2015.07.21 08:30:29.831,8.22552,8.22973,1.07,1.12
2015.07.21 08:30:29.933,8.22529,8.22973,1.12,1.12
2015.07.21 08:30:30.340,8.22618,8.22865,1.00,1.00
2015.07.21 08:30:31.384,8.22587,8.22831,1.00,1.00
2015.07.21 08:30:36.541,8.22566,8.22803,1.00,1.00
2015.07.21 08:30:36.794,8.22556,8.22803,1.00,1.00
2015.07.21 08:30:37.030,8.2257,8.22803,1.00,1.00
2015.07.21 08:30:38.303,8.22586,8.22822,1.00,1.00
2015.07.21 08:30:38.411,8.22586,8.22833,1.00,1.00
2015.07.21 08:30:39.824,8.22625,8.22853,1.00,1.00
2015.07.21 08:30:39.925,8.22625,8.2287,1.00,1.00
2015.07.21 08:30:40.588,8.22662,8.22909,1.00,1.00
2015.07.21 08:30:55.667,8.2267,8.22915,1.00,1.00
2015.07.21 08:31:10.711,8.22677,8.22924,1.00,1.00
2015.07.21 08:31:11.869,8.22677,8.22908,1.00,1.00
2015.07.21 08:31:11.920,8.22641,8.22888,1.00,1.00
2015.07.21 08:31:14.089,8.22595,8.22842,1.00,1.00
2015.07.21 08:31:14.635,8.22595,8.22842,1.37,1.00
2015.07.21 08:31:15.180,8.22595,8.22842,1.00,1.00
2015.07.21 08:31:15.715,8.22595,8.22842,1.75,1.00
2015.07.21 08:31:16.840,8.22595,8.22842,1.00,1.00
2015.07.21 08:31:16.891,8.22607,8.22842,1.00,1.00
2015.07.21 08:31:16.942,8.22627,8.22874,1.07,1.00
2015.07.21 08:31:18.273,8.22627,8.22855,1.07,1.00
2015.07.21 08:31:18.375,8.2259,8.22835,1.75,1.00
2015.07.21 08:31:25.315,8.2259,8.22835,1.07,1.00
2015.07.21 08:31:28.006,8.22529,8.22776,1.75,1.00
2015.07.21 08:31:28.265,8.22529,8.22776,1.75,1.00
2015.07.21 08:31:28.475,8.22529,8.22776,1.75,1.00
2015.07.21 08:31:28.884,8.22572,8.22795,1.00,1.00
2015.07.21 08:31:29.060,8.22572,8.22817,1.00,1.00
2015.07.21 08:31:29.276,8.22609,8.22838,1.00,1.00
2015.07.21 08:31:29.328,8.22609,8.22856,1.00,1.00
2015.07.21 08:31:30.470,8.22609,8.22856,1.00,1.37
2015.07.21 08:31:30.673,8.22609,8.22856,1.00,1.00
2015.07.21 08:31:30.825,8.22609,8.22691,1.00,1.00
2015.07.21 08:31:31.335,8.22531,8.22639,1.12,1.00
2015.07.21 08:31:31.487,8.22523,8.2264,2.25,1.00
2015.07.21 08:31:31.776,8.22523,8.2264,1.75,1.00
2015.07.21 08:31:32.435,8.22523,8.2264,1.00,1.00
2015.07.21 08:31:32.588,8.22543,8.2264,1.00,1.00
2015.07.21 08:31:32.807,8.22532,8.2264,1.00,1.00
2015.07.21 08:31:33.168,8.22523,8.2264,1.00,1.00
2015.07.21 08:31:33.284,8.22513,8.2264,1.00,1.00
2015.07.21 08:31:33.432,8.22522,8.2264,1.00,1.00
2015.07.21 08:31:34.161,8.22502,8.2264,1.00,1.00
2015.07.21 08:31:34.349,8.22512,8.2264,1.00,1.00
2015.07.21 08:31:35.809,8.22552,8.2264,1.00,1.00
2015.07.21 08:31:36.062,8.22562,8.22698,1.00,1.10
2015.07.21 08:31:36.113,8.22572,8.22698,1.00,1.10
2015.07.21 08:31:36.164,8.22572,8.22745,1.00,1.00
2015.07.21 08:31:36.266,8.22572,8.22793,1.00,1.00
2015.07.21 08:31:36.367,8.22562,8.22793,1.00,1.00
2015.07.21 08:31:36.561,8.22572,8.22793,1.00,1.00
2015.07.21 08:31:37.017,8.22572,8.22793,1.00,1.07
2015.07.21 08:31:37.318,8.22592,8.22793,1.00,1.07
2015.07.21 08:31:37.895,8.22582,8.22793,1.00,1.07
2015.07.21 08:31:37.946,8.22582,8.22793,1.00,1.75
2015.07.21 08:31:38.296,8.22592,8.22793,1.00,1.75
2015.07.21 08:31:38.397,8.22572,8.22793,1.00,1.75
2015.07.21 08:31:38.499,8.22583,8.22793,1.00,1.75
2015.07.21 08:31:38.813,8.22582,8.22793,1.00,1.75
2015.07.21 08:31:39.163,8.22622,8.22793,1.00,1.75
2015.07.21 08:31:39.264,8.22622,8.22793,1.00,1.00
2015.07.21 08:31:39.366,8.22592,8.22793,1.00,1.50
2015.07.21 08:31:39.695,8.22592,8.22793,1.00,1.87
2015.07.21 08:31:40.115,8.22572,8.22793,1.07,1.87
2015.07.21 08:31:40.226,8.22582,8.2279,1.00,1.12
2015.07.21 08:31:40.548,8.22582,8.22646,1.00,1.00
2015.07.21 08:31:40.700,8.22572,8.2264,1.00,1.00
2015.07.21 08:31:40.801,8.22552,8.2264,1.00,1.00
2015.07.21 08:31:41.247,8.22562,8.2264,1.00,1.00
2015.07.21 08:31:41.355,8.22548,8.2264,1.00,1.00
2015.07.21 08:31:41.557,8.22542,8.2264,1.00,1.00
2015.07.21 08:31:41.659,8.22552,8.2264,1.00,1.00
2015.07.21 08:31:42.206,8.22562,8.2264,1.00,1.00
2015.07.21 08:31:42.649,8.22555,8.2264,1.00,1.00
2015.07.21 08:31:42.862,8.22555,8.22667,1.00,1.12
2015.07.21 08:31:42.913,8.22562,8.22667,1.00,1.12
2015.07.21 08:31:43.305,8.22555,8.22667,1.00,1.12
2015.07.21 08:31:43.524,8.22562,8.22667,1.00,1.12
2015.07.21 08:31:43.965,8.22562,8.22796,1.00,1.75
2015.07.21 08:31:48.828,8.22555,8.22726,1.00,1.10
2015.07.21 08:31:49.407,8.22555,8.22668,1.00,1.80
2015.07.21 08:31:49.794,8.22555,8.22668,1.00,2.55
2015.07.21 08:31:49.997,8.22519,8.2264,1.00,1.10
2015.07.21 08:31:50.137,8.22441,8.2264,1.00,1.10
2015.07.21 08:31:50.289,8.22402,8.22647,1.00,1.07
2015.07.21 08:31:50.967,8.22402,8.22641,1.00,1.00
2015.07.21 08:31:51.485,8.22402,8.22611,1.00,1.00
2015.07.21 08:31:51.825,8.22402,8.22586,1.00,1.00
2015.07.21 08:31:52.465,8.22402,8.22559,1.00,1.00
2015.07.21 08:31:52.814,8.22402,8.22532,1.00,1.00
2015.07.21 08:31:53.257,8.22402,8.22509,1.00,1.00
2015.07.21 08:31:53.708,8.22402,8.22478,1.00,1.00
2015.07.21 08:31:59.410,8.2231,8.22478,1.12,1.00
2015.07.21 08:31:59.725,8.2228,8.22468,1.12,1.00
2015.07.21 08:32:00.460,8.22285,8.22468,1.12,1.00
2015.07.21 08:32:01.030,8.22288,8.22478,1.75,1.00
2015.07.21 08:32:01.579,8.22288,8.22478,1.75,1.00
2015.07.21 08:32:02.035,8.22288,8.22478,1.75,1.00
2015.07.21 08:32:02.544,8.22313,8.22478,1.75,1.00
2015.07.21 08:32:03.424,8.22312,8.22478,1.75,1.00
2015.07.21 08:32:03.644,8.22322,8.22478,1.75,1.00
2015.07.21 08:32:04.433,8.22313,8.22478,1.75,1.00
2015.07.21 08:32:05.188,8.22312,8.22478,1.75,1.00
2015.07.21 08:32:05.421,8.22258,8.22478,1.35,1.00
2015.07.21 08:32:05.473,8.22252,8.2244,1.75,1.00
2015.07.21 08:32:05.524,8.22252,8.2244,1.75,1.00
2015.07.21 08:32:05.885,8.22262,8.2244,1.75,1.00
2015.07.21 08:32:06.725,8.22262,8.2244,1.75,1.00
2015.07.21 08:32:07.557,8.22273,8.22459,1.75,1.00
2015.07.21 08:32:07.608,8.22278,8.2247,1.12,1.00
2015.07.21 08:32:07.759,8.22263,8.2247,1.75,1.00
2015.07.21 08:32:08.063,8.22263,8.22485,1.75,1.00
2015.07.21 08:32:08.406,8.22282,8.22481,1.75,1.00
2015.07.21 08:32:08.705,8.22283,8.22481,1.75,1.00
2015.07.21 08:32:09.662,8.22292,8.22506,1.75,1.00
2015.07.21 08:32:09.713,8.22292,8.22506,1.75,1.00
2015.07.21 08:32:10.118,8.22292,8.22475,1.75,1.00
2015.07.21 08:32:10.470,8.22293,8.22475,1.75,1.00
2015.07.21 08:32:11.073,8.22264,8.22467,1.75,1.00
2015.07.21 08:32:11.376,8.22291,8.22467,1.12,1.00
2015.07.21 08:32:11.477,8.22282,8.22467,1.75,1.00
2015.07.21 08:32:12.226,8.22264,8.22467,1.75,1.00
2015.07.21 08:32:12.447,8.22278,8.22467,1.12,1.00
2015.07.21 08:32:12.921,8.22278,8.22467,1.12,1.00
2015.07.21 08:32:13.224,8.22275,8.22467,1.12,1.00
2015.07.21 08:32:13.439,8.22275,8.22439,1.12,1.00
2015.07.21 08:32:13.780,8.22264,8.22439,1.37,1.00
2015.07.21 08:32:14.204,8.22264,8.22439,1.75,1.00
2015.07.21 08:32:15.194,8.22264,8.22439,1.75,1.00
2015.07.21 08:32:15.968,8.22264,8.22439,1.75,1.00
2015.07.21 08:32:16.233,8.22264,8.22439,1.75,1.00
2015.07.21 08:32:16.284,8.22271,8.22458,1.12,1.00
2015.07.21 08:32:16.335,8.22271,8.22474,1.12,1.00
2015.07.21 08:32:18.384,8.22273,8.22474,1.12,1.00
2015.07.21 08:32:18.843,8.22286,8.22474,1.12,1.00
2015.07.21 08:32:19.257,8.22292,8.22474,1.75,1.00
2015.07.21 08:32:20.696,8.22276,8.22474,1.35,1.00
2015.07.21 08:32:23.883,8.22293,8.22474,1.75,1.00
2015.07.21 08:32:24.214,8.22282,8.22474,1.75,1.00
2015.07.21 08:32:24.438,8.22303,8.22474,1.75,1.00
2015.07.21 08:32:24.877,8.22326,8.22474,1.12,1.00
2015.07.21 08:32:25.214,8.22342,8.22494,1.12,1.00
2015.07.21 08:32:25.265,8.22342,8.22499,1.12,1.00
2015.07.21 08:32:25.316,8.22314,8.22476,1.12,1.00
2015.07.21 08:32:25.468,8.22283,8.22476,1.12,1.00
2015.07.21 08:32:27.405,8.22282,8.22476,1.75,1.00
2015.07.21 08:32:28.967,8.22273,8.22476,2.10,1.00
2015.07.21 08:32:29.203,8.22295,8.22476,1.12,1.00
2015.07.21 08:32:30.163,8.22292,8.22476,1.75,1.00
2015.07.21 08:32:30.264,8.22292,8.22476,1.75,1.00
2015.07.21 08:32:30.405,8.22302,8.22476,1.75,1.00
2015.07.21 08:32:30.715,8.22302,8.22476,1.75,1.00
2015.07.21 08:32:30.924,8.22302,8.22476,1.75,1.00
2015.07.21 08:32:31.486,8.22282,8.22476,1.75,1.00
2015.07.21 08:32:32.243,8.22269,8.22476,1.12,1.00
2015.07.21 08:32:34.664,8.22273,8.22476,1.75,1.00
2015.07.21 08:32:40.166,8.22272,8.22476,1.75,1.00
2015.07.21 08:32:40.818,8.22264,8.22475,1.75,1.00
2015.07.21 08:32:41.373,8.22264,8.22475,1.75,1.00
2015.07.21 08:32:42.186,8.22264,8.22475,1.37,1.00
2015.07.21 08:32:42.254,8.22264,8.22475,1.00,1.00
2015.07.21 08:32:42.355,8.22264,8.22442,1.00,1.00
2015.07.21 08:32:48.020,8.22264,8.22442,1.75,1.00
2015.07.21 08:32:48.071,8.22264,8.22476,1.75,1.00
2015.07.21 08:32:48.575,8.22264,8.22443,1.75,1.00
2015.07.21 08:32:48.633,8.22264,8.22443,1.07,1.00
2015.07.21 08:32:53.276,8.22264,8.22476,1.07,1.00
2015.07.21 08:32:53.378,8.22266,8.22476,1.12,1.00
2015.07.21 08:32:53.803,8.22264,8.22476,1.75,1.00
2015.07.21 08:32:57.434,8.22282,8.22476,1.07,1.00
2015.07.21 08:32:57.553,8.22293,8.22476,1.00,1.00
2015.07.21 08:32:57.865,8.22271,8.22476,1.12,1.00
2015.07.21 08:32:58.644,8.22271,8.22476,1.12,1.00
2015.07.21 08:32:58.975,8.22264,8.22476,1.75,1.00
2015.07.21 08:32:59.193,8.22264,8.22476,1.07,1.00
2015.07.21 08:32:59.619,8.22288,8.22487,1.00,1.00
2015.07.21 08:33:03.702,8.22288,8.22487,1.07,1.00
2015.07.21 08:33:04.969,8.22288,8.22487,1.00,1.00
2015.07.21 08:33:05.463,8.22288,8.22487,1.00,1.07
2015.07.21 08:33:10.790,8.22288,8.22472,1.00,1.00
2015.07.21 08:33:13.044,8.22288,8.22498,1.00,1.37
2015.07.21 08:33:13.973,8.22288,8.22464,1.00,1.75
2015.07.21 08:33:14.923,8.22288,8.22464,1.00,1.07
2015.07.21 08:33:15.912,8.22288,8.22464,1.00,1.75
2015.07.21 08:33:18.493,8.22288,8.22426,1.00,1.00
2015.07.21 08:33:18.839,8.22288,8.22426,1.00,1.37
2015.07.21 08:33:30.653,8.22288,8.22426,1.00,1.00
2015.07.21 08:33:31.224,8.22288,8.2247,1.00,1.75
2015.07.21 08:33:31.325,8.22288,8.2247,1.00,1.00
2015.07.21 08:33:34.173,8.22288,8.2247,1.00,1.07
2015.07.21 08:33:35.762,8.22288,8.2247,1.00,1.00
2015.07.21 08:33:37.229,8.22288,8.2247,1.75,1.00
2015.07.21 08:33:42.752,8.22288,8.2247,1.37,1.00
2015.07.21 08:33:43.455,8.22288,8.2247,1.07,1.00
2015.07.21 08:33:43.522,8.22288,8.2247,1.37,1.00
2015.07.21 08:33:44.120,8.22288,8.2247,1.00,1.07
2015.07.21 08:33:48.900,8.22288,8.22458,1.00,1.00
2015.07.21 08:33:54.200,8.22288,8.22458,1.00,1.37
2015.07.21 08:33:54.962,8.22288,8.22458,1.00,1.00
2015.07.21 08:33:59.520,8.22288,8.22458,1.00,1.75
2015.07.21 08:33:59.642,8.22213,8.22458,1.12,1.75
2015.07.21 08:34:01.122,8.22211,8.22458,1.37,1.75
2015.07.21 08:34:01.673,8.22213,8.22458,1.12,1.75
2015.07.21 08:34:02.220,8.22213,8.22423,1.12,1.00
2015.07.21 08:34:02.700,8.22193,8.22423,1.12,1.07
2015.07.21 08:34:06.573,8.22193,8.22423,1.12,1.07
2015.07.21 08:34:06.732,8.22208,8.22455,1.82,1.37
2015.07.21 08:34:07.212,8.22229,8.22455,1.12,1.00
2015.07.21 08:34:08.162,8.22208,8.22455,1.85,1.37
2015.07.21 08:34:09.260,8.22208,8.22455,1.85,1.37
2015.07.21 08:34:10.407,8.22208,8.22455,1.85,1.37
2015.07.21 08:34:12.766,8.22208,8.22455,1.85,1.37
2015.07.21 08:34:13.905,8.22313,8.22455,1.00,1.37
2015.07.21 08:34:25.761,8.22313,8.22444,1.00,1.75
2015.07.21 08:34:26.431,8.22313,8.22444,1.00,1.37
2015.07.21 08:34:27.453,8.22313,8.22444,1.00,1.75
2015.07.21 08:34:28.620,8.22313,8.22444,1.00,1.37
2015.07.21 08:34:30.380,8.22313,8.22444,1.00,1.75
2015.07.21 08:34:30.933,8.22313,8.22444,1.00,1.37
2015.07.21 08:34:34.230,8.22313,8.22444,1.00,1.00
2015.07.21 08:34:35.274,8.22313,8.22491,1.00,1.75
2015.07.21 08:34:35.376,8.22313,8.22491,1.00,1.00
2015.07.21 08:34:35.482,8.22313,8.22491,1.00,1.07
2015.07.21 08:34:35.583,8.22313,8.22491,1.00,1.00
2015.07.21 08:34:35.984,8.22313,8.22491,1.00,1.37
2015.07.21 08:34:55.763,8.22313,8.22479,1.00,1.00
2015.07.21 08:34:56.105,8.22313,8.22421,1.00,1.00
2015.07.21 08:35:00.592,8.22313,8.22459,1.00,1.07
2015.07.21 08:35:00.643,8.22313,8.22459,1.00,1.00
2015.07.21 08:35:07.799,8.22313,8.2251,1.00,1.37
2015.07.21 08:35:07.900,8.22313,8.2251,1.00,1.07
2015.07.21 08:35:08.257,8.22313,8.22525,1.12,1.12
2015.07.21 08:35:08.358,8.22313,8.22525,1.87,1.00
2015.07.21 08:35:08.459,8.22322,8.22525,1.37,1.00
2015.07.21 08:35:08.824,8.22313,8.22525,1.75,1.00
2015.07.21 08:35:09.427,8.22331,8.22525,1.75,1.00
2015.07.21 08:35:10.755,8.22331,8.22525,1.82,1.00
2015.07.21 08:35:11.031,8.22331,8.22525,1.00,1.00
2015.07.21 08:35:13.183,8.22331,8.22525,1.75,1.00
2015.07.21 08:35:14.003,8.22342,8.22578,1.12,1.37
2015.07.21 08:35:14.713,8.22331,8.22578,1.75,1.75
2015.07.21 08:35:14.764,8.22331,8.22578,1.00,1.75
2015.07.21 08:35:18.673,8.22331,8.22578,1.37,1.75
2015.07.21 08:35:18.995,8.22331,8.22578,1.75,1.75
2015.07.21 08:35:19.562,8.22331,8.22578,1.75,1.75
2015.07.21 08:35:19.663,8.22331,8.22578,1.07,1.75
2015.07.21 08:35:20.561,8.2231,8.22542,1.12,1.75
2015.07.21 08:35:25.323,8.22317,8.22542,1.12,1.75
2015.07.21 08:35:25.630,8.22323,8.22542,1.12,1.37
2015.07.21 08:35:27.234,8.22338,8.22579,1.35,1.75
2015.07.21 08:35:27.386,8.22352,8.22579,1.12,1.37
2015.07.21 08:35:27.488,8.22363,8.22579,1.12,1.07
2015.07.21 08:35:30.489,8.22334,8.22579,1.80,1.75
2015.07.21 08:35:30.701,8.22338,8.22575,1.35,1.12
2015.07.21 08:35:31.013,8.22306,8.22553,1.75,1.37
2015.07.21 08:35:34.201,8.22286,8.22508,1.12,1.07
2015.07.21 08:35:34.952,8.22263,8.22508,1.12,1.37
2015.07.21 08:35:35.420,8.22263,8.22508,1.12,1.37
2015.07.21 08:35:35.581,8.22263,8.22508,1.12,1.37
2015.07.21 08:35:35.682,8.22263,8.22508,1.12,1.37
2015.07.21 08:35:35.783,8.22263,8.22508,1.12,1.37
2015.07.21 08:35:35.884,8.22263,8.22508,1.12,1.37
2015.07.21 08:35:36.335,8.22261,8.22508,1.75,1.37
2015.07.21 08:35:36.385,8.22264,8.22508,1.12,1.37
2015.07.21 08:35:36.926,8.22293,8.2254,1.00,1.75
2015.07.21 08:35:36.977,8.22293,8.2254,1.37,1.75
2015.07.21 08:35:37.276,8.22293,8.2254,1.00,1.75
2015.07.21 08:35:38.100,8.22293,8.2254,1.75,1.75
2015.07.21 08:35:38.446,8.22293,8.2254,1.00,1.75
2015.07.21 08:35:38.497,8.22293,8.2254,1.07,1.75
2015.07.21 08:35:38.548,8.22293,8.2254,1.82,1.75
2015.07.21 08:35:38.704,8.22293,8.2254,1.45,1.75
2015.07.21 08:35:38.755,8.22302,8.2254,1.00,1.75
2015.07.21 08:35:39.145,8.22293,8.2254,1.75,1.37
2015.07.21 08:35:39.622,8.22293,8.2254,1.07,1.75
2015.07.21 08:35:40.536,8.22293,8.2254,1.57,1.75
2015.07.21 08:35:40.719,8.22293,8.22537,1.07,1.12
2015.07.21 08:35:41.863,8.22293,8.2254,1.57,1.75
2015.07.21 08:35:42.024,8.22293,8.2254,1.07,1.75
2015.07.21 08:35:42.075,8.22321,8.2254,1.00,1.75
2015.07.21 08:35:42.378,8.22347,8.22588,1.12,1.75
2015.07.21 08:35:42.480,8.2236,8.22588,1.12,1.75
2015.07.21 08:35:42.645,8.22353,8.22588,1.12,1.75
2015.07.21 08:35:42.756,8.2236,8.22588,1.12,1.75
2015.07.21 08:35:42.827,8.22347,8.22588,1.12,1.75
2015.07.21 08:35:43.863,8.22343,8.22588,1.12,1.75
2015.07.21 08:35:44.137,8.22341,8.22588,1.75,1.75
2015.07.21 08:35:44.944,8.22343,8.22588,1.12,1.75
2015.07.21 08:35:45.687,8.22341,8.22586,1.37,1.12
2015.07.21 08:35:45.738,8.22341,8.22586,1.00,1.12
2015.07.21 08:35:46.056,8.22305,8.22551,1.75,1.50
2015.07.21 08:35:46.756,8.2233,8.22551,2.10,1.75
2015.07.21 08:35:46.857,8.22432,8.22551,1.00,1.00
2015.07.21 08:35:46.908,8.22451,8.22595,1.00,1.00
2015.07.21 08:35:46.959,8.22451,8.22595,1.75,1.00
2015.07.21 08:35:47.280,8.22404,8.2256,1.75,1.00
2015.07.21 08:35:47.432,8.22424,8.22609,1.75,1.00
2015.07.21 08:35:47.483,8.22424,8.22561,1.75,1.00
2015.07.21 08:35:47.585,8.2243,8.22606,1.35,1.00
2015.07.21 08:35:47.892,8.22424,8.22575,1.75,1.00
2015.07.21 08:35:48.048,8.22424,8.22575,1.75,1.00
2015.07.21 08:35:48.200,8.22394,8.22575,1.35,1.00
2015.07.21 08:35:48.372,8.22389,8.22575,1.97,1.00
2015.07.21 08:35:48.996,8.22394,8.22575,1.42,1.00
2015.07.21 08:35:49.185,8.2239,8.22558,1.12,1.00
2015.07.21 08:35:49.511,8.2239,8.22558,1.12,1.00
2015.07.21 08:35:50.635,8.22411,8.22605,1.35,1.00
2015.07.21 08:35:50.686,8.22425,8.22605,1.07,1.00
2015.07.21 08:35:50.989,8.22462,8.22636,1.75,1.00
2015.07.21 08:35:51.040,8.22462,8.22636,1.75,1.00
2015.07.21 08:35:51.121,8.22462,8.22636,1.75,1.00
2015.07.21 08:35:51.561,8.22462,8.22628,1.75,1.00
2015.07.21 08:35:51.949,8.22472,8.22596,1.75,1.00
2015.07.21 08:35:52.666,8.22456,8.22596,1.12,1.00
2015.07.21 08:35:52.885,8.22456,8.22596,1.12,1.00
2015.07.21 08:35:53.224,8.22446,8.22596,1.12,1.00
2015.07.21 08:35:53.321,8.22425,8.22596,1.75,1.00
2015.07.21 08:35:53.682,8.22438,8.22596,1.35,1.00
2015.07.21 08:35:53.987,8.22441,8.22596,1.35,1.00
2015.07.21 08:35:54.303,8.22476,8.22619,1.37,1.00
2015.07.21 08:35:54.405,8.22476,8.22619,1.35,1.00
2015.07.21 08:35:54.456,8.22488,8.22657,1.35,1.00
2015.07.21 08:35:54.593,8.22519,8.22658,1.35,1.00
2015.07.21 08:35:54.899,8.22553,8.22658,1.75,1.00
2015.07.21 08:35:55.203,8.22553,8.22658,1.37,1.00
2015.07.21 08:35:55.506,8.22553,8.228,1.37,1.07
2015.07.21 08:35:55.557,8.22553,8.228,1.37,1.75
2015.07.21 08:35:55.861,8.22515,8.22762,1.50,1.10
2015.07.21 08:35:55.912,8.22528,8.22762,1.12,1.10
2015.07.21 08:35:56.215,8.2256,8.22807,1.00,1.75
2015.07.21 08:35:56.317,8.22537,8.22768,1.12,1.00
2015.07.21 08:35:56.494,8.22537,8.22768,1.12,1.00
2015.07.21 08:35:56.732,8.22523,8.22768,1.75,1.07
2015.07.21 08:35:57.903,8.22528,8.22768,1.12,1.07
2015.07.21 08:35:57.954,8.22523,8.22768,1.75,1.75
2015.07.21 08:35:58.679,8.22523,8.22768,1.00,1.75
2015.07.21 08:35:58.780,8.22523,8.22768,1.37,1.07
2015.07.21 08:35:58.881,8.22525,8.22768,1.12,1.07
2015.07.21 08:35:59.211,8.22539,8.22768,1.12,1.00
2015.07.21 08:35:59.528,8.22539,8.22768,1.12,1.60
2015.07.21 08:35:59.854,8.22502,8.22725,1.12,1.00
2015.07.21 08:35:59.955,8.22497,8.22725,1.12,1.37
2015.07.21 08:36:00.006,8.22512,8.22725,1.00,1.37
2015.07.21 08:36:00.310,8.22531,8.22759,1.00,1.35
2015.07.21 08:36:00.660,8.22512,8.22703,1.00,1.35
2015.07.21 08:36:00.714,8.22487,8.22686,1.00,1.35
2015.07.21 08:36:00.822,8.22466,8.22695,1.00,1.75
2015.07.21 08:36:00.924,8.22451,8.22695,1.12,1.00
2015.07.21 08:36:01.025,8.22487,8.22715,1.00,1.00
2015.07.21 08:36:01.127,8.22487,8.22726,1.00,1.12
2015.07.21 08:36:01.695,8.22487,8.22734,1.75,1.00
2015.07.21 08:36:01.798,8.22492,8.22734,1.12,1.00
2015.07.21 08:36:01.850,8.22562,8.22754,1.00,1.07
2015.07.21 08:36:02.053,8.22542,8.22753,1.00,1.07
2015.07.21 08:36:02.104,8.22507,8.22753,1.37,1.07
2015.07.21 08:36:02.155,8.22507,8.22753,1.75,1.00
2015.07.21 08:36:02.487,8.22507,8.22753,1.37,1.37
2015.07.21 08:36:02.622,8.22507,8.22753,1.37,1.00
2015.07.21 08:36:02.673,8.22507,8.22753,1.75,1.00
2015.07.21 08:36:02.978,8.22507,8.22753,1.75,1.00
2015.07.21 08:36:03.029,8.22538,8.22773,1.75,1.00
2015.07.21 08:36:03.084,8.22538,8.22785,1.75,1.00
2015.07.21 08:36:03.135,8.22578,8.22805,1.75,1.00
2015.07.21 08:36:03.186,8.22578,8.22825,1.75,1.00
2015.07.21 08:36:03.237,8.22578,8.22825,1.75,1.00
2015.07.21 08:36:03.611,8.22616,8.22862,1.75,1.00
2015.07.21 08:36:03.763,8.22672,8.22919,1.75,1.00
2015.07.21 08:36:03.922,8.22672,8.22919,1.75,1.00
2015.07.21 08:36:04.024,8.22732,8.22977,1.00,1.00
2015.07.21 08:36:04.745,8.22783,8.22997,1.00,1.00
2015.07.21 08:36:04.796,8.22783,8.2303,1.00,1.00
2015.07.21 08:36:06.326,8.22856,8.2305,1.00,1.00
2015.07.21 08:36:06.428,8.22856,8.23103,1.00,1.00
2015.07.21 08:36:07.547,8.22856,8.23086,1.00,1.00
2015.07.21 08:36:07.597,8.22819,8.23066,1.00,1.00
2015.07.21 08:36:08.035,8.22819,8.23046,1.00,1.00
2015.07.21 08:36:08.086,8.2278,8.23025,1.00,1.00
2015.07.21 08:36:08.566,8.22827,8.23046,1.00,1.00
2015.07.21 08:36:08.617,8.22827,8.23074,1.00,1.00
2015.07.21 08:36:08.769,8.22864,8.23093,1.00,1.00
2015.07.21 08:36:08.901,8.22864,8.23109,1.00,1.00
2015.07.21 08:36:09.004,8.2282,8.23067,1.00,1.00
2015.07.21 08:36:10.010,8.22859,8.23106,1.00,1.00
2015.07.21 08:36:12.106,8.22897,8.23125,1.00,1.00
2015.07.21 08:36:12.158,8.22897,8.23142,1.00,1.00
2015.07.21 08:36:18.843,8.22897,8.23131,1.00,1.00
2015.07.21 08:36:18.945,8.22864,8.23111,1.00,1.00
2015.07.21 08:36:19.046,8.22888,8.23111,1.00,1.00
2015.07.21 08:36:19.181,8.22907,8.23154,1.00,1.00
2015.07.21 08:36:22.337,8.22907,8.23136,1.00,1.00
2015.07.21 08:36:22.439,8.22869,8.23116,1.00,1.00
2015.07.21 08:36:24.424,8.22849,8.23081,1.00,1.00
2015.07.21 08:36:24.475,8.22834,8.23081,1.00,1.00
2015.07.21 08:36:25.476,8.22854,8.23081,1.00,1.00
2015.07.21 08:36:25.577,8.22874,8.23121,1.00,1.00
2015.07.21 08:36:26.681,8.22874,8.23097,1.00,1.00
2015.07.21 08:36:26.732,8.2283,8.23077,1.00,1.00
2015.07.21 08:36:28.456,8.22802,8.23049,1.00,1.00
2015.07.21 08:36:28.823,8.22837,8.23084,1.00,1.00
2015.07.21 08:36:42.886,8.22875,8.23104,1.00,1.00
2015.07.21 08:36:42.987,8.22875,8.23122,1.00,1.00
2015.07.21 08:36:46.021,8.22855,8.23089,1.00,1.00
2015.07.21 08:36:46.072,8.22842,8.23089,1.00,1.00
2015.07.21 08:36:47.327,8.22898,8.23089,1.00,1.00
2015.07.21 08:36:47.479,8.23068,8.23278,1.00,1.00
2015.07.21 08:36:47.631,8.23068,8.23306,1.00,1.35
2015.07.21 08:36:47.682,8.23068,8.23304,1.00,1.35
2015.07.21 08:36:47.733,8.23048,8.23279,1.00,1.00
2015.07.21 08:36:47.784,8.23034,8.23279,1.00,1.00
2015.07.21 08:36:48.005,8.23013,8.2322,1.00,1.00
2015.07.21 08:36:48.121,8.22973,8.2322,1.00,1.00
2015.07.21 08:36:48.270,8.23015,8.2322,1.00,1.00
2015.07.21 08:36:48.326,8.23036,8.23281,1.00,1.00
2015.07.21 08:36:49.200,8.23048,8.23281,1.00,1.00
2015.07.21 08:36:49.251,8.23067,8.23314,1.00,1.00
2015.07.21 08:36:49.751,8.23048,8.23275,1.00,1.00
2015.07.21 08:36:49.802,8.23028,8.23275,1.00,1.00
2015.07.21 08:36:49.954,8.23008,8.23237,1.00,1.00
2015.07.21 08:36:50.005,8.2299,8.23237,1.00,1.00
2015.07.21 08:36:54.260,8.23025,8.23257,1.00,1.00
2015.07.21 08:36:54.311,8.23025,8.23272,1.00,1.00
2015.07.21 08:36:55.884,8.23058,8.23292,1.00,1.00
2015.07.21 08:36:55.935,8.23058,8.23303,1.00,1.00
2015.07.21 08:36:58.396,8.23026,8.23273,1.00,1.00
2015.07.21 08:37:00.505,8.23026,8.23273,1.75,1.00
2015.07.21 08:37:00.739,8.23066,8.23313,1.00,1.00
2015.07.21 08:37:00.790,8.23106,8.23333,1.00,1.00
2015.07.21 08:37:00.841,8.23106,8.23351,1.00,1.00
2015.07.21 08:37:01.393,8.23157,8.23372,1.00,1.00
2015.07.21 08:37:01.444,8.23157,8.23404,1.00,1.00
2015.07.21 08:37:01.596,8.23233,8.23423,1.00,1.00
2015.07.21 08:37:01.647,8.23233,8.23478,1.00,1.00
2015.07.21 08:37:02.405,8.23282,8.23529,1.00,1.00
2015.07.21 08:37:02.557,8.23282,8.23529,1.75,1.00
2015.07.21 08:37:03.070,8.23282,8.23529,1.75,1.00
2015.07.21 08:37:03.413,8.23282,8.23529,1.75,1.00
2015.07.21 08:37:03.615,8.23317,8.23564,1.37,1.00
2015.07.21 08:37:03.821,8.23317,8.23564,1.75,1.00
2015.07.21 08:37:04.140,8.23328,8.23564,1.12,1.00
2015.07.21 08:37:04.718,8.23329,8.23564,1.12,1.00
2015.07.21 08:37:07.810,8.23348,8.23584,1.75,1.00
2015.07.21 08:37:07.861,8.23348,8.23593,1.75,1.00
2015.07.21 08:37:08.250,8.23379,8.23626,1.37,1.00
2015.07.21 08:37:09.220,8.23379,8.23626,1.75,1.00
2015.07.21 08:37:09.472,8.23379,8.23626,1.37,1.00
2015.07.21 08:37:10.631,8.23382,8.23626,1.12,1.00
2015.07.21 08:37:11.535,8.23382,8.23626,1.12,1.00
2015.07.21 08:37:11.850,8.23382,8.23626,1.12,1.00
2015.07.21 08:37:12.894,8.23416,8.23646,1.75,1.00
2015.07.21 08:37:12.945,8.23416,8.23663,1.75,1.00
2015.07.21 08:37:13.140,8.23416,8.23663,1.00,1.00
2015.07.21 08:37:13.481,8.23416,8.23663,1.75,1.00
2015.07.21 08:37:14.746,8.23416,8.23663,1.75,1.00
2015.07.21 08:37:14.797,8.23449,8.23682,1.75,1.00
2015.07.21 08:37:14.936,8.23449,8.23696,1.75,1.00
2015.07.21 08:37:15.961,8.23449,8.23696,1.00,1.00
2015.07.21 08:37:18.569,8.23449,8.23696,1.00,1.07
2015.07.21 08:37:19.056,8.23449,8.23696,1.00,1.00
2015.07.21 08:37:19.910,8.23449,8.23696,1.10,1.07
2015.07.21 08:37:20.221,8.23449,8.23696,1.00,1.75
2015.07.21 08:37:20.567,8.23449,8.23696,1.00,1.07
2015.07.21 08:37:20.690,8.23449,8.23695,1.00,1.12
2015.07.21 08:37:21.011,8.23459,8.23696,1.12,1.00
2015.07.21 08:37:21.314,8.23518,8.23716,1.75,1.00
2015.07.21 08:37:21.365,8.23518,8.23765,1.75,1.00
2015.07.21 08:37:21.947,8.23555,8.23784,1.75,1.00
2015.07.21 08:37:22.049,8.23555,8.23802,1.75,1.00
2015.07.21 08:37:23.457,8.23555,8.23802,1.75,1.00
2015.07.21 08:37:23.783,8.23555,8.23802,1.75,1.00
2015.07.21 08:37:23.986,8.23555,8.23802,1.75,1.00
2015.07.21 08:37:26.937,8.23555,8.23802,1.00,1.00
2015.07.21 08:37:27.139,8.23536,8.2376,1.12,1.00
2015.07.21 08:37:28.473,8.23515,8.2376,1.75,1.00
2015.07.21 08:37:28.574,8.2356,8.23805,1.00,1.00
2015.07.21 08:37:29.276,8.2356,8.23805,1.75,1.00
2015.07.21 08:37:37.350,8.23592,8.23826,1.00,1.00
2015.07.21 08:37:37.401,8.23592,8.23839,1.00,1.00
2015.07.21 08:37:37.654,8.23572,8.23801,1.37,1.00
2015.07.21 08:37:37.848,8.235,8.23747,1.37,1.00
2015.07.21 08:37:38.001,8.23462,8.23709,1.75,1.00
2015.07.21 08:37:38.305,8.23462,8.23709,1.75,1.00
2015.07.21 08:37:38.921,8.23462,8.23709,1.00,1.00
2015.07.21 08:37:39.174,8.23462,8.23709,1.12,1.00
2015.07.21 08:37:39.481,8.23462,8.23709,1.00,1.00
2015.07.21 08:37:40.711,8.23462,8.23709,1.75,1.00
2015.07.21 08:37:40.813,8.23521,8.23768,1.00,1.00
2015.07.21 08:37:40.915,8.23521,8.23768,1.07,1.00
2015.07.21 08:37:41.670,8.23521,8.23768,1.00,1.00
2015.07.21 08:37:42.460,8.23556,8.23788,1.00,1.00
2015.07.21 08:37:42.511,8.23556,8.23801,1.00,1.00
2015.07.21 08:37:42.665,8.23536,8.23766,1.00,1.00
2015.07.21 08:37:42.716,8.23519,8.23766,1.00,1.00
2015.07.21 08:37:44.199,8.23519,8.23766,1.00,1.07
2015.07.21 08:37:44.419,8.23519,8.23766,1.00,1.00
2015.07.21 08:37:45.645,8.23519,8.23766,1.00,1.07
2015.07.21 08:37:45.962,8.23519,8.23766,1.00,1.00
2015.07.21 08:37:46.732,8.23519,8.23766,1.00,1.07
2015.07.21 08:37:47.070,8.23475,8.23722,1.37,1.00
2015.07.21 08:37:47.271,8.23475,8.23722,1.00,1.00
2015.07.21 08:37:47.985,8.23475,8.23722,1.75,1.00
2015.07.21 08:37:48.887,8.2352,8.23767,1.00,1.00
2015.07.21 08:37:48.938,8.2352,8.23767,1.00,1.37
2015.07.21 08:37:49.671,8.2352,8.23767,1.00,1.75
2015.07.21 08:37:49.773,8.2352,8.23767,1.00,1.75
2015.07.21 08:37:51.749,8.2352,8.23767,1.10,1.00
2015.07.21 08:37:52.405,8.23557,8.23787,1.00,1.37
2015.07.21 08:37:52.779,8.23557,8.23802,1.00,1.75
2015.07.21 08:37:54.448,8.23525,8.23771,1.00,1.75
2015.07.21 08:37:56.353,8.23505,8.2373,1.00,1.07
2015.07.21 08:37:56.404,8.23485,8.2373,1.00,1.07
2015.07.21 08:37:59.817,8.23485,8.2373,1.37,1.00
2015.07.21 08:38:00.521,8.23526,8.23773,1.00,1.07
2015.07.21 08:38:00.572,8.23526,8.23773,1.00,1.00
2015.07.21 08:38:00.700,8.23526,8.23773,1.50,1.00
2015.07.21 08:38:00.884,8.23564,8.23793,1.00,1.00
2015.07.21 08:38:00.935,8.23564,8.23811,1.00,1.00
2015.07.21 08:38:11.249,8.23527,8.23774,1.75,1.00
2015.07.21 08:38:11.329,8.23527,8.23774,1.37,1.00
2015.07.21 08:38:18.825,8.23527,8.23774,1.00,1.00
2015.07.21 08:38:20.058,8.23527,8.23774,1.00,1.07
2015.07.21 08:38:21.036,8.23527,8.23774,1.00,1.00
2015.07.21 08:38:24.244,8.23507,8.23738,1.07,1.00
2015.07.21 08:38:38.765,8.23547,8.23759,1.00,1.00
2015.07.21 08:38:38.816,8.23547,8.23794,1.00,1.07
2015.07.21 08:38:38.987,8.23547,8.23794,1.50,1.00
2015.07.21 08:38:39.315,8.23547,8.23794,1.75,1.00
2015.07.21 08:38:41.721,8.23585,8.23832,1.37,1.00
2015.07.21 08:38:53.835,8.23585,8.23832,1.00,1.00
2015.07.21 08:38:54.043,8.23585,8.23832,1.00,1.07
2015.07.21 08:38:54.817,8.23585,8.23799,1.00,1.00
2015.07.21 08:38:54.868,8.23532,8.23779,1.37,1.00
2015.07.21 08:38:55.219,8.23532,8.23779,1.00,1.00
2015.07.21 08:38:56.239,8.23532,8.23779,1.00,1.75
2015.07.21 08:38:57.197,8.23532,8.23779,1.00,1.00
2015.07.21 08:38:58.778,8.23532,8.23779,1.00,1.75
2015.07.21 08:38:59.287,8.23532,8.23779,1.00,1.00
2015.07.21 08:39:02.403,8.23532,8.23779,1.75,1.00
2015.07.21 08:39:02.454,8.23577,8.23824,1.00,1.00
2015.07.21 08:39:09.746,8.23611,8.23858,1.00,1.00
2015.07.21 08:39:10.672,8.23626,8.23858,1.00,1.00
2015.07.21 08:39:10.722,8.23645,8.23892,1.00,1.00
2015.07.21 08:39:16.227,8.23645,8.23892,1.00,1.75
2015.07.21 08:39:17.216,8.23645,8.23892,1.00,1.00
2015.07.21 08:39:17.570,8.23645,8.23892,1.00,1.07
2015.07.21 08:39:17.914,8.23681,8.23911,1.00,1.75
2015.07.21 08:39:18.537,8.23681,8.23928,1.00,1.75
2015.07.21 08:39:19.764,8.23681,8.23928,1.00,1.07
2015.07.21 08:39:19.865,8.23681,8.23928,1.00,1.75
2015.07.21 08:39:20.956,8.23681,8.23928,1.00,1.75
2015.07.21 08:39:21.507,8.23681,8.23928,1.00,1.50
2015.07.21 08:39:22.539,8.23681,8.23928,1.00,1.10
2015.07.21 08:39:23.736,8.23681,8.23928,1.75,1.00
2015.07.21 08:39:27.866,8.23716,8.23963,1.00,1.07
2015.07.21 08:39:28.767,8.23716,8.23963,2.85,1.07
2015.07.21 08:39:29.020,8.23776,8.24005,1.12,1.37
2015.07.21 08:39:29.071,8.23776,8.24005,1.12,1.37
2015.07.21 08:39:29.554,8.23765,8.24005,1.35,1.37
2015.07.21 08:39:29.797,8.23767,8.24005,1.12,1.07
2015.07.21 08:39:30.147,8.23803,8.2402,1.00,1.12
2015.07.21 08:39:30.624,8.23803,8.24033,1.75,1.12
2015.07.21 08:39:30.928,8.23844,8.24069,1.75,1.75
2015.07.21 08:39:30.979,8.23864,8.24089,1.12,1.00
2015.07.21 08:39:31.080,8.23869,8.24089,1.12,1.00
2015.07.21 08:39:31.131,8.23889,8.2411,1.75,1.00
2015.07.21 08:39:31.182,8.23889,8.24136,1.75,1.00
2015.07.21 08:39:31.233,8.23889,8.24136,1.75,1.00
2015.07.21 08:39:31.296,8.23889,8.24136,1.75,1.07
2015.07.21 08:39:31.990,8.23889,8.24136,1.75,1.00
2015.07.21 08:39:32.293,8.23889,8.24136,1.75,1.00
2015.07.21 08:39:35.379,8.23889,8.24136,1.75,1.00
2015.07.21 08:39:36.260,8.23889,8.24136,1.75,1.00
2015.07.21 08:39:38.150,8.23889,8.24136,1.75,1.75
2015.07.21 08:39:38.251,8.23889,8.24136,1.00,1.75
2015.07.21 08:39:38.473,8.23889,8.24136,1.00,1.75
2015.07.21 08:39:38.810,8.23854,8.24101,1.75,1.00
2015.07.21 08:39:39.124,8.23854,8.24101,1.37,1.37
2015.07.21 08:39:39.178,8.23854,8.24101,1.37,1.75
2015.07.21 08:39:40.261,8.23854,8.24081,1.37,1.00
2015.07.21 08:39:41.969,8.23864,8.24075,1.00,1.00
2015.07.21 08:39:43.958,8.23864,8.24075,1.50,1.00
2015.07.21 08:39:49.458,8.23864,8.24075,1.00,1.00
2015.07.21 08:39:59.307,8.23864,8.24057,1.00,1.00
2015.07.21 08:40:00.206,8.23858,8.24057,1.75,1.00
2015.07.21 08:40:00.510,8.23969,8.24075,1.00,1.00
2015.07.21 08:40:00.561,8.23892,8.24075,1.00,1.00
2015.07.21 08:40:00.716,8.23951,8.24075,1.00,1.00
2015.07.21 08:40:00.868,8.23951,8.24178,1.00,2.41
2015.07.21 08:40:00.919,8.23951,8.24178,1.00,2.41
2015.07.21 08:40:01.092,8.23951,8.24158,1.00,1.07
2015.07.21 08:40:01.672,8.23951,8.24112,1.00,1.00
2015.07.21 08:40:01.979,8.2401,8.24178,1.75,1.75
2015.07.21 08:40:02.368,8.2401,8.24178,1.75,1.75
2015.07.21 08:40:02.677,8.23962,8.24111,1.00,1.00
2015.07.21 08:40:02.779,8.23962,8.24111,1.37,1.00
2015.07.21 08:40:02.979,8.23962,8.24111,1.00,1.00
2015.07.21 08:40:03.129,8.24,8.24111,1.00,1.00
2015.07.21 08:40:03.412,8.24068,8.242,1.00,1.07
2015.07.21 08:40:03.463,8.24121,8.242,1.00,1.07
2015.07.21 08:40:03.791,8.24082,8.24116,2.50,1.00
2015.07.21 08:40:03.893,8.24021,8.24137,1.00,1.00
2015.07.21 08:40:03.995,8.24021,8.24139,1.00,1.00
2015.07.21 08:40:04.201,8.24021,8.24128,1.00,1.00
2015.07.21 08:40:04.937,8.24021,8.24091,1.00,1.00
2015.07.21 08:40:05.084,8.2397,8.24091,1.00,1.00
2015.07.21 08:40:06.116,8.23958,8.24091,1.00,1.00
2015.07.21 08:40:12.903,8.23905,8.24091,1.00,1.75
2015.07.21 08:40:13.010,8.23927,8.24091,1.00,1.75
2015.07.21 08:40:13.221,8.23927,8.24091,1.00,1.00
2015.07.21 08:40:13.518,8.23941,8.24091,1.00,1.00
2015.07.21 08:40:14.017,8.23945,8.24091,1.00,1.00
2015.07.21 08:40:16.109,8.23941,8.24091,1.00,1.00
2015.07.21 08:40:17.209,8.23979,8.24091,1.00,1.00
2015.07.21 08:40:17.664,8.23991,8.24091,1.00,1.00
2015.07.21 08:40:17.766,8.23985,8.24091,1.00,1.00
2015.07.21 08:40:18.114,8.2399,8.24091,1.00,1.00
2015.07.21 08:40:18.216,8.23979,8.24091,1.00,1.00
2015.07.21 08:40:20.420,8.23959,8.24091,1.00,1.00
2015.07.21 08:40:20.471,8.23935,8.24091,1.00,1.00
2015.07.21 08:40:27.478,8.23943,8.24091,1.00,1.00
2015.07.21 08:40:30.568,8.23939,8.24091,1.00,1.00
2015.07.21 08:40:32.659,8.23936,8.24091,1.00,1.00
2015.07.21 08:40:34.866,8.23935,8.24091,1.00,1.00
2015.07.21 08:40:35.458,8.23925,8.24091,1.00,1.00
2015.07.21 08:40:35.894,8.23927,8.24091,1.00,1.00
2015.07.21 08:40:37.938,8.23925,8.24091,1.00,1.00
2015.07.21 08:40:39.818,8.2394,8.24091,1.00,1.00
2015.07.21 08:40:41.000,8.2397,8.24091,1.00,1.00
2015.07.21 08:40:41.591,8.23976,8.24091,1.00,1.00
2015.07.21 08:40:42.583,8.23971,8.24091,1.00,1.00
2015.07.21 08:40:43.099,8.2397,8.24091,1.00,1.00
2015.07.21 08:40:44.055,8.23937,8.24091,1.00,1.00
2015.07.21 08:40:45.094,8.23938,8.24091,1.00,1.00
2015.07.21 08:40:47.068,8.23937,8.24091,1.00,1.00
2015.07.21 08:40:47.798,8.23938,8.24091,1.00,1.00
2015.07.21 08:40:49.182,8.23955,8.24091,1.00,1.00
2015.07.21 08:40:50.261,8.23963,8.24091,1.00,1.00
2015.07.21 08:40:50.586,8.23972,8.24091,1.00,1.00
2015.07.21 08:40:50.889,8.23981,8.24091,1.00,1.00
2015.07.21 08:40:51.028,8.23973,8.24091,1.00,1.00
2015.07.21 08:40:52.679,8.23972,8.24091,1.00,1.00
2015.07.21 08:40:55.154,8.23972,8.24076,1.00,1.00
2015.07.21 08:40:55.356,8.23972,8.24108,1.00,1.00
2015.07.21 08:40:55.526,8.23936,8.24108,1.00,1.00
2015.07.21 08:40:55.628,8.23936,8.2408,1.00,1.00
2015.07.21 08:40:56.823,8.23936,8.24077,1.00,1.00
2015.07.21 08:40:57.063,8.23936,8.2408,1.00,1.00
2015.07.21 08:40:58.443,8.23936,8.24077,1.00,1.00
2015.07.21 08:40:58.623,8.23936,8.2408,1.00,1.00
2015.07.21 08:40:58.785,8.23936,8.24078,1.00,1.00
2015.07.21 08:40:59.559,8.23936,8.2408,1.00,1.00
2015.07.21 08:40:59.883,8.23936,8.24077,1.00,1.00
2015.07.21 08:41:00.939,8.23972,8.24077,1.00,1.00
2015.07.21 08:41:01.444,8.23972,8.2408,1.00,1.00
2015.07.21 08:41:01.690,8.23972,8.24078,1.00,1.00
2015.07.21 08:41:02.439,8.23972,8.2408,1.00,1.00
2015.07.21 08:41:02.648,8.23972,8.24078,1.00,1.00
2015.07.21 08:41:03.190,8.23972,8.24077,1.00,1.00
2015.07.21 08:41:03.391,8.23972,8.2408,1.00,1.00
2015.07.21 08:41:04.143,8.23972,8.24076,1.00,1.00
2015.07.21 08:41:04.657,8.23972,8.24086,1.00,1.00
2015.07.21 08:41:04.889,8.23972,8.24079,1.00,1.00
2015.07.21 08:41:05.564,8.23972,8.24078,1.00,1.00
2015.07.21 08:41:06.506,8.23939,8.24078,1.00,1.00
2015.07.21 08:41:07.122,8.23939,8.2408,1.00,1.00
2015.07.21 08:41:07.665,8.23939,8.24077,1.00,1.00
2015.07.21 08:41:08.103,8.23939,8.24081,1.00,1.00
2015.07.21 08:41:09.353,8.23939,8.24077,1.00,1.00
2015.07.21 08:41:10.693,8.23939,8.24082,1.00,1.00
2015.07.21 08:41:10.993,8.23939,8.24079,1.00,1.00
2015.07.21 08:41:11.152,8.23939,8.24081,1.00,1.00
2015.07.21 08:41:11.293,8.23939,8.24078,1.00,1.00
2015.07.21 08:41:12.314,8.23939,8.24077,1.00,1.00
2015.07.21 08:41:12.913,8.23939,8.2408,1.00,1.00
2015.07.21 08:41:14.579,8.23939,8.24077,1.00,1.00
2015.07.21 08:41:15.072,8.23939,8.2408,1.00,1.00
2015.07.21 08:41:15.414,8.23939,8.24082,1.00,1.00
2015.07.21 08:41:15.515,8.23939,8.2408,1.00,1.00
2015.07.21 08:41:15.972,8.23939,8.24077,1.00,1.00
2015.07.21 08:41:16.583,8.23939,8.2408,1.00,1.00
2015.07.21 08:41:17.335,8.23939,8.24081,1.00,1.00
2015.07.21 08:41:17.838,8.23939,8.2408,1.00,1.00
2015.07.21 08:41:20.229,8.23939,8.24078,1.00,1.00
2015.07.21 08:41:20.668,8.23939,8.24076,1.00,1.00
2015.07.21 08:41:21.488,8.23939,8.2408,1.00,1.00
2015.07.21 08:41:22.031,8.23939,8.24081,1.00,1.00
2015.07.21 08:41:22.565,8.23939,8.2408,1.00,1.00
2015.07.21 08:41:23.088,8.23939,8.24081,1.00,1.00
2015.07.21 08:41:23.305,8.23939,8.24076,1.00,1.00
2015.07.21 08:41:23.457,8.23939,8.2408,1.00,1.00
2015.07.21 08:41:24.113,8.23939,8.24078,1.00,1.00
2015.07.21 08:41:24.442,8.23939,8.2408,1.00,1.00
2015.07.21 08:41:24.624,8.23939,8.24076,1.00,1.00
2015.07.21 08:41:25.141,8.23926,8.24076,1.00,1.00
2015.07.21 08:41:25.328,8.23926,8.24079,1.00,1.00
2015.07.21 08:41:25.642,8.23926,8.24082,1.00,1.00
2015.07.21 08:41:27.449,8.23926,8.24086,1.00,1.00
2015.07.21 08:41:28.269,8.23926,8.2408,1.00,1.00
2015.07.21 08:41:28.519,8.23926,8.24085,1.00,1.00
2015.07.21 08:41:29.120,8.23926,8.24081,1.00,1.00
2015.07.21 08:41:29.572,8.23926,8.24083,1.00,1.00
2015.07.21 08:41:30.524,8.23926,8.24085,1.00,1.00
2015.07.21 08:41:38.103,8.23926,8.24088,1.00,1.00
2015.07.21 08:41:39.002,8.23926,8.24086,1.00,1.00
2015.07.21 08:41:39.709,8.23926,8.24084,1.00,1.00
2015.07.21 08:41:43.768,8.23906,8.24084,1.00,1.00
2015.07.21 08:41:43.869,8.23895,8.24081,1.00,1.00
2015.07.21 08:41:44.006,8.23895,8.24087,1.00,1.00
2015.07.21 08:41:44.838,8.23895,8.24087,1.07,1.00
2015.07.21 08:41:45.272,8.23895,8.2408,1.07,1.00
2015.07.21 08:41:45.736,8.23895,8.2408,1.37,1.00
2015.07.21 08:41:46.151,8.23895,8.2408,1.07,1.00
2015.07.21 08:41:48.598,8.23895,8.2408,1.00,1.37
2015.07.21 08:41:48.800,8.23895,8.2408,1.00,1.00
2015.07.21 08:41:53.197,8.23895,8.2408,1.07,1.00
2015.07.21 08:41:53.547,8.23895,8.2408,1.00,1.00
2015.07.21 08:41:55.395,8.23895,8.2408,1.07,1.00
2015.07.21 08:41:55.446,8.23895,8.24085,1.07,1.00
2015.07.21 08:41:57.637,8.23895,8.24085,1.00,1.00
2015.07.21 08:41:58.786,8.23904,8.24085,1.00,1.00
2015.07.21 08:41:58.938,8.23904,8.24117,1.00,1.12
2015.07.21 08:41:59.459,8.23904,8.24113,1.00,1.12
2015.07.21 08:41:59.717,8.23904,8.24085,1.00,1.00
2015.07.21 08:42:12.194,8.23944,8.24085,1.00,1.00
2015.07.21 08:42:13.726,8.23911,8.24085,1.00,1.00
2015.07.21 08:42:18.838,8.23911,8.24085,1.00,1.50
2015.07.21 08:42:19.046,8.23911,8.24085,1.00,1.37
2015.07.21 08:42:19.201,8.23876,8.24085,1.00,1.37
2015.07.21 08:42:19.303,8.23876,8.24085,1.00,1.75
2015.07.21 08:42:19.937,8.23876,8.24082,1.00,1.12
2015.07.21 08:42:20.495,8.23876,8.24085,1.00,1.45
2015.07.21 08:42:20.728,8.23876,8.24082,1.00,1.12
2015.07.21 08:42:22.916,8.23876,8.24082,1.00,1.12
2015.07.21 08:42:34.237,8.23876,8.24085,1.00,1.00
2015.07.21 08:42:35.919,8.23939,8.24085,1.00,1.00
2015.07.21 08:42:45.178,8.23939,8.24023,1.00,1.00
2015.07.21 08:42:47.303,8.23939,8.24052,1.00,1.00
2015.07.21 08:42:47.438,8.23893,8.24052,1.00,1.00
2015.07.21 08:42:48.125,8.23893,8.24034,1.00,1.00
2015.07.21 08:42:48.277,8.23853,8.24034,1.00,1.00
2015.07.21 08:42:48.328,8.23853,8.24034,1.37,1.00
2015.07.21 08:42:48.429,8.23853,8.24034,1.00,1.00
2015.07.21 08:42:48.815,8.23853,8.24034,1.00,1.75
2015.07.21 08:42:48.867,8.23816,8.24028,1.12,1.30
2015.07.21 08:42:48.968,8.23816,8.24051,1.00,2.10
2015.07.21 08:42:49.126,8.23816,8.24051,1.00,1.75
2015.07.21 08:42:49.227,8.23816,8.24018,1.00,1.75
2015.07.21 08:42:49.329,8.23841,8.24052,1.75,1.00
2015.07.21 08:42:49.380,8.23878,8.24052,1.00,1.00
2015.07.21 08:42:51.315,8.23922,8.24125,2.10,1.00
2015.07.21 08:42:51.366,8.2395,8.24145,1.60,1.07
2015.07.21 08:42:51.535,8.2395,8.24194,1.00,1.12
2015.07.21 08:42:51.636,8.2395,8.24157,1.00,1.12
2015.07.21 08:42:51.966,8.23917,8.24063,1.00,1.00
2015.07.21 08:42:55.055,8.23917,8.24126,1.00,1.00
2015.07.21 08:42:55.156,8.23917,8.24162,1.00,1.82
2015.07.21 08:42:55.914,8.23917,8.24162,1.00,1.82
2015.07.21 08:42:56.015,8.23917,8.24162,1.00,1.82
2015.07.21 08:42:56.109,8.23884,8.24131,1.00,1.75
2015.07.21 08:42:56.211,8.23884,8.24084,1.00,1.00
2015.07.21 08:42:58.169,8.23884,8.24131,1.00,1.82
2015.07.21 08:42:58.731,8.23884,8.24131,1.00,1.82
2015.07.21 08:43:00.116,8.23884,8.24098,1.00,1.00
2015.07.21 08:43:00.991,8.23884,8.24052,1.00,1.00
2015.07.21 08:43:02.266,8.23864,8.24052,1.00,1.00
2015.07.21 08:43:02.317,8.23846,8.24052,1.00,1.00
2015.07.21 08:43:05.338,8.23857,8.24093,1.00,1.75
2015.07.21 08:43:05.490,8.23857,8.24093,1.00,1.75
2015.07.21 08:43:05.986,8.23858,8.24093,1.00,1.75
2015.07.21 08:43:06.037,8.23873,8.24093,1.00,1.75
2015.07.21 08:43:06.691,8.23877,8.24093,1.00,1.75
2015.07.21 08:43:07.221,8.23912,8.24093,1.00,1.75
2015.07.21 08:43:09.588,8.23912,8.24093,1.00,1.75
2015.07.21 08:43:09.914,8.23912,8.24093,1.00,1.75
2015.07.21 08:43:11.511,8.23944,8.24093,1.00,1.75
2015.07.21 08:43:12.484,8.23944,8.24093,1.00,1.75
2015.07.21 08:43:13.787,8.23944,8.24093,1.00,1.37
2015.07.21 08:43:16.673,8.23913,8.24093,1.00,1.37
2015.07.21 08:43:25.355,8.23913,8.2411,1.00,1.00
2015.07.21 08:43:32.889,8.23913,8.24122,1.00,1.75
2015.07.21 08:43:44.902,8.23913,8.24122,1.00,1.50
2015.07.21 08:43:45.912,8.23913,8.24122,1.00,1.00
2015.07.21 08:43:46.346,8.23913,8.24122,1.75,1.00
2015.07.21 08:43:46.707,8.23924,8.24124,1.00,1.00
2015.07.21 08:43:47.017,8.23913,8.24124,1.00,1.75
2015.07.21 08:43:47.321,8.23913,8.24087,1.00,1.82
2015.07.21 08:43:47.633,8.23913,8.24087,1.00,1.82
2015.07.21 08:43:49.737,8.23913,8.24087,1.00,1.82
2015.07.21 08:43:50.640,8.23913,8.24087,1.00,1.82
2015.07.21 08:43:51.644,8.23913,8.24087,1.00,1.82
2015.07.21 08:43:53.049,8.23913,8.24087,1.00,1.82
2015.07.21 08:43:53.551,8.23913,8.24087,1.00,1.75
2015.07.21 08:43:59.362,8.23913,8.24087,1.00,1.82
2015.07.21 08:43:59.823,8.23913,8.24087,1.00,1.82
2015.07.21 08:44:02.594,8.23913,8.24087,1.00,1.82
2015.07.21 08:44:10.199,8.23913,8.24085,1.00,1.82
2015.07.21 08:44:10.803,8.23913,8.24085,1.00,1.82
2015.07.21 08:44:11.306,8.23913,8.24078,1.00,1.75
2015.07.21 08:44:11.868,8.23913,8.24085,1.00,1.82
2015.07.21 08:44:13.318,8.23913,8.24085,1.00,1.82
2015.07.21 08:44:14.521,8.23913,8.24085,1.00,1.82
2015.07.21 08:44:15.178,8.23913,8.24085,1.00,1.07
2015.07.21 08:44:15.458,8.23913,8.24117,1.00,1.12
2015.07.21 08:44:16.609,8.23944,8.24123,1.00,1.75
2015.07.21 08:44:18.464,8.23944,8.24123,1.00,1.75
2015.07.21 08:44:18.566,8.23944,8.24123,1.00,1.75
2015.07.21 08:44:18.969,8.23944,8.24118,1.00,1.75
2015.07.21 08:44:20.446,8.23944,8.24085,1.00,1.00
2015.07.21 08:44:20.497,8.23944,8.241,1.00,1.12
2015.07.21 08:44:20.650,8.23944,8.24123,1.00,1.82
2015.07.21 08:44:20.751,8.23944,8.24123,1.00,1.50
2015.07.21 08:44:28.882,8.23944,8.24123,1.00,1.87
2015.07.21 08:44:30.221,8.23944,8.24156,1.00,1.82
2015.07.21 08:44:31.070,8.23944,8.24156,1.00,1.45
2015.07.21 08:44:33.282,8.23944,8.24155,1.00,1.37
2015.07.21 08:44:35.887,8.23944,8.24156,1.37,1.75
2015.07.21 08:44:36.195,8.23961,8.24156,1.00,1.00
2015.07.21 08:44:38.692,8.23961,8.24156,1.37,1.00
2015.07.21 08:44:39.996,8.23961,8.24156,1.75,1.00
2015.07.21 08:44:40.699,8.23961,8.24156,1.00,1.00
2015.07.21 08:44:42.785,8.23944,8.24156,1.75,1.00
2015.07.21 08:44:43.508,8.23944,8.24156,1.00,1.00
2015.07.21 08:44:43.775,8.23944,8.24156,1.00,1.37
2015.07.21 08:44:49.013,8.23944,8.24156,1.00,1.37
2015.07.21 08:44:53.202,8.23944,8.24156,1.00,1.37
2015.07.21 08:45:05.625,8.23944,8.2413,1.00,1.12
2015.07.21 08:45:05.929,8.23944,8.24087,1.00,1.12
2015.07.21 08:45:06.317,8.23918,8.24078,1.00,1.12
2015.07.21 08:45:06.419,8.23918,8.24073,1.00,1.12
2015.07.21 08:45:06.911,8.23922,8.24073,1.00,1.12
2015.07.21 08:45:07.473,8.23859,8.24061,1.00,1.12
2015.07.21 08:45:07.524,8.23842,8.24061,1.26,1.12
2015.07.21 08:45:07.914,8.23837,8.24042,1.41,1.12
2015.07.21 08:45:08.218,8.23819,8.24031,1.00,1.75
2015.07.21 08:45:08.361,8.23748,8.23995,1.07,1.00
2015.07.21 08:45:08.901,8.23748,8.23995,1.00,1.00
2015.07.21 08:45:10.830,8.23748,8.23995,1.00,1.75
2015.07.21 08:45:13.446,8.23748,8.23995,1.00,1.00
2015.07.21 08:45:13.800,8.23748,8.23995,1.37,1.00
2015.07.21 08:45:14.171,8.2378,8.24022,1.00,1.12
2015.07.21 08:45:14.550,8.2378,8.24008,1.00,1.00
2015.07.21 08:45:14.601,8.23742,8.23989,1.00,1.00
2015.07.21 08:45:14.703,8.23742,8.23989,1.00,1.37
2015.07.21 08:45:14.912,8.23742,8.23989,1.00,1.00
2015.07.21 08:45:17.925,8.23749,8.23989,1.00,1.00
2015.07.21 08:45:18.317,8.2377,8.24015,1.00,1.82
2015.07.21 08:45:19.004,8.2377,8.24015,1.00,1.07
2015.07.21 08:45:23.489,8.2377,8.24015,1.00,1.82
2015.07.21 08:45:23.539,8.23734,8.23979,1.00,1.00
2015.07.21 08:45:25.526,8.23734,8.23979,1.75,1.00
2015.07.21 08:45:26.053,8.2375,8.23979,1.00,1.00
2015.07.21 08:45:26.105,8.23771,8.24016,1.00,1.07
2015.07.21 08:45:27.353,8.23771,8.24016,1.75,1.07
2015.07.21 08:45:27.655,8.23771,8.24016,1.00,1.00
2015.07.21 08:45:28.619,8.23771,8.24016,1.75,1.00
2015.07.21 08:45:28.771,8.23771,8.24016,1.00,1.00
2015.07.21 08:45:33.275,8.23795,8.24016,1.00,1.00
2015.07.21 08:45:33.427,8.23815,8.24062,1.00,1.07
2015.07.21 08:45:33.683,8.23815,8.24062,1.00,1.00
2015.07.21 08:45:34.053,8.23815,8.24062,1.45,1.00
2015.07.21 08:45:34.316,8.23861,8.24106,1.00,1.00
2015.07.21 08:45:34.566,8.23861,8.24087,1.00,1.00
2015.07.21 08:45:34.718,8.23861,8.24106,1.00,1.00
2015.07.21 08:45:34.839,8.23861,8.24086,1.00,1.00
2015.07.21 08:45:37.441,8.23861,8.24106,1.00,1.00
2015.07.21 08:45:38.074,8.23861,8.24077,1.00,1.00
2015.07.21 08:45:38.952,8.23861,8.24077,1.12,1.00
2015.07.21 08:45:40.689,8.23893,8.24077,1.00,1.00
2015.07.21 08:45:48.154,8.23843,8.24077,1.07,1.00
2015.07.21 08:45:48.205,8.23843,8.24077,1.00,1.00
2015.07.21 08:45:49.215,8.23843,8.24077,1.00,1.75
2015.07.21 08:45:49.519,8.23843,8.24012,1.00,1.00
2015.07.21 08:45:49.571,8.23843,8.24032,1.00,1.12
2015.07.21 08:45:49.672,8.23843,8.24048,1.00,1.00
2015.07.21 08:45:50.425,8.23843,8.24048,1.00,1.07
2015.07.21 08:45:50.844,8.23843,8.2401,1.00,1.00
2015.07.21 08:45:51.443,8.23843,8.2401,1.00,1.07
2015.07.21 08:45:52.274,8.23843,8.2401,1.00,1.00
2015.07.21 08:45:54.658,8.23843,8.2403,1.00,1.00
2015.07.21 08:45:54.709,8.23843,8.24045,1.00,1.75
2015.07.21 08:45:56.776,8.23843,8.24045,1.00,1.00
2015.07.21 08:45:57.830,8.23843,8.24077,1.00,1.75
2015.07.21 08:45:59.014,8.23843,8.24077,1.00,1.75
2015.07.21 08:45:59.343,8.23843,8.24067,1.00,1.12
2015.07.21 08:46:08.472,8.23843,8.24045,1.00,1.75
2015.07.21 08:46:08.574,8.23843,8.24045,1.00,1.75
2015.07.21 08:46:08.693,8.23843,8.24014,1.00,1.12
2015.07.21 08:46:08.895,8.23843,8.2403,1.00,1.12
2015.07.21 08:46:08.996,8.23843,8.24045,1.00,1.75
2015.07.21 08:46:10.242,8.23843,8.24042,1.00,1.12
2015.07.21 08:46:10.742,8.23843,8.24045,1.00,1.12
2015.07.21 08:46:11.132,8.23849,8.24077,1.00,1.75
2015.07.21 08:46:11.183,8.23849,8.24077,1.00,1.00
2015.07.21 08:46:12.493,8.23849,8.24096,1.00,1.57
2015.07.21 08:46:12.797,8.23849,8.24096,1.00,1.75
2015.07.21 08:46:13.484,8.23849,8.24086,1.00,1.00
2015.07.21 08:46:16.498,8.23849,8.24086,1.00,1.37
2015.07.21 08:46:16.751,8.23811,8.24058,1.00,1.75
2015.07.21 08:46:16.803,8.23811,8.24058,1.00,1.82
2015.07.21 08:46:17.111,8.23811,8.24058,1.00,1.82
2015.07.21 08:46:17.417,8.23811,8.24058,1.00,1.82
2015.07.21 08:46:17.817,8.23792,8.2402,1.00,1.00
2015.07.21 08:46:17.918,8.23773,8.2402,1.00,1.75
2015.07.21 08:46:18.175,8.23773,8.2402,1.00,1.75
2015.07.21 08:46:19.132,8.23773,8.2402,1.00,1.00
2015.07.21 08:46:24.137,8.23773,8.2402,1.00,1.75
2015.07.21 08:46:24.442,8.23773,8.2402,1.00,1.75
2015.07.21 08:46:24.792,8.23773,8.2402,1.00,1.00
2015.07.21 08:46:24.940,8.23753,8.23983,1.10,1.00
2015.07.21 08:46:26.603,8.23717,8.23941,1.75,1.00
2015.07.21 08:46:30.761,8.23694,8.23941,1.75,1.00
2015.07.21 08:46:34.951,8.23731,8.23961,1.07,1.00
2015.07.21 08:46:35.003,8.23731,8.23976,1.07,1.00
2015.07.21 08:46:35.054,8.23731,8.23976,1.75,1.00
2015.07.21 08:46:35.526,8.23732,8.23976,1.75,1.00
2015.07.21 08:46:35.872,8.23771,8.24018,1.37,1.75
2015.07.21 08:46:36.164,8.23771,8.24018,1.37,1.00
2015.07.21 08:46:36.979,8.23771,8.24018,1.37,1.37
2015.07.21 08:46:37.080,8.23771,8.24018,1.37,1.75
2015.07.21 08:46:37.393,8.23771,8.24018,1.50,1.00
2015.07.21 08:46:37.495,8.23771,8.24018,1.37,1.00
2015.07.21 08:46:38.053,8.23771,8.24018,1.37,1.00
2015.07.21 08:46:38.571,8.23771,8.24018,1.37,1.75
2015.07.21 08:46:39.021,8.23771,8.24018,1.75,1.75
2015.07.21 08:46:40.087,8.23771,8.24018,1.75,1.00
2015.07.21 08:46:40.551,8.23771,8.24018,1.37,1.12
2015.07.21 08:46:41.581,8.23771,8.24018,1.75,1.75
2015.07.21 08:46:43.307,8.23771,8.24018,1.75,1.00
2015.07.21 08:46:43.520,8.23771,8.24018,1.37,1.00
2015.07.21 08:46:43.740,8.23771,8.24018,1.37,1.00
2015.07.21 08:46:44.731,8.23771,8.24018,1.75,1.00
2015.07.21 08:46:45.049,8.23771,8.24018,1.75,1.75
2015.07.21 08:46:46.312,8.23771,8.24018,1.87,1.00
2015.07.21 08:46:46.413,8.23771,8.24018,1.75,1.75
2015.07.21 08:46:46.604,8.23771,8.24018,1.75,1.00
2015.07.21 08:46:46.711,8.23771,8.24018,1.75,1.00
2015.07.21 08:46:47.641,8.23771,8.24018,1.75,1.75
2015.07.21 08:46:50.210,8.23771,8.24018,1.75,1.75
2015.07.21 08:46:50.757,8.23771,8.24018,1.75,1.75
2015.07.21 08:46:51.258,8.23771,8.24018,1.75,1.75
2015.07.21 08:46:52.409,8.238,8.24047,1.00,1.75
2015.07.21 08:46:52.821,8.238,8.24047,1.00,1.75
2015.07.21 08:46:53.031,8.238,8.24047,1.00,1.82
2015.07.21 08:46:53.469,8.238,8.24033,1.00,1.12
2015.07.21 08:46:54.301,8.238,8.24047,1.07,1.82
2015.07.21 08:46:54.352,8.238,8.24047,1.07,1.82
2015.07.21 08:46:56.336,8.238,8.24047,1.07,1.75
2015.07.21 08:46:56.438,8.238,8.24047,1.75,1.75
2015.07.21 08:46:56.592,8.238,8.24047,1.75,1.75
2015.07.21 08:46:56.643,8.238,8.24047,1.75,1.75
2015.07.21 08:46:56.694,8.23864,8.24067,1.00,1.00
2015.07.21 08:46:56.795,8.23864,8.24111,1.00,1.82
2015.07.21 08:46:56.846,8.23864,8.24111,1.07,1.75
2015.07.21 08:46:57.401,8.23864,8.24111,1.07,1.75
2015.07.21 08:46:57.502,8.23864,8.24111,1.07,1.75
2015.07.21 08:46:57.579,8.23864,8.24084,1.07,1.00
2015.07.21 08:46:57.851,8.23894,8.24141,1.00,1.75
2015.07.21 08:46:57.902,8.23894,8.24116,1.00,1.00
2015.07.21 08:46:57.953,8.23894,8.24136,1.00,1.75
2015.07.21 08:46:58.004,8.23894,8.24136,1.75,1.00
2015.07.21 08:46:58.106,8.23933,8.24136,1.00,1.00
2015.07.21 08:46:58.449,8.23933,8.24078,1.00,1.00
2015.07.21 08:46:58.500,8.23913,8.24108,1.00,1.12
2015.07.21 08:46:58.551,8.23884,8.24078,1.07,1.00
2015.07.21 08:46:58.602,8.23884,8.24078,1.00,1.00
2015.07.21 08:46:59.249,8.23884,8.24083,1.00,1.00
2015.07.21 08:46:59.402,8.23863,8.24083,1.00,1.00
2015.07.21 08:46:59.453,8.23845,8.24083,1.37,1.00
2015.07.21 08:46:59.504,8.23845,8.24083,1.00,1.00
2015.07.21 08:46:59.606,8.23845,8.24087,1.00,1.00
2015.07.21 08:46:59.657,8.23845,8.24092,1.00,1.00
2015.07.21 08:46:59.760,8.23845,8.24088,1.00,1.00
2015.07.21 08:46:59.964,8.23807,8.24054,1.00,1.00
2015.07.21 08:47:00.137,8.23807,8.24054,1.37,1.00
2015.07.21 08:47:00.461,8.23807,8.24054,1.37,1.00
2015.07.21 08:47:00.990,8.23807,8.24054,1.37,1.75
2015.07.21 08:47:01.041,8.23807,8.24054,1.10,1.75
2015.07.21 08:47:01.821,8.23807,8.24054,1.10,1.75
2015.07.21 08:47:02.091,8.23807,8.24054,1.00,1.75
2015.07.21 08:47:02.192,8.23807,8.24054,1.00,1.75
2015.07.21 08:47:03.732,8.23807,8.24052,1.00,1.82
2015.07.21 08:47:03.833,8.23807,8.24037,1.00,1.12
2015.07.21 08:47:03.988,8.23807,8.24032,1.00,1.12
2015.07.21 08:47:05.311,8.23807,8.24047,1.00,1.12
2015.07.21 08:47:06.036,8.23807,8.2403,1.00,1.12
2015.07.21 08:47:06.409,8.23807,8.24014,1.00,1.12
2015.07.21 08:47:07.299,8.23807,8.24019,1.00,1.12
2015.07.21 08:47:07.502,8.23807,8.2404,1.00,1.12
2015.07.21 08:47:08.065,8.23807,8.24033,1.00,1.12
2015.07.21 08:47:08.518,8.23807,8.24028,1.00,1.12
2015.07.21 08:47:09.160,8.23807,8.24033,1.00,1.12
2015.07.21 08:47:09.300,8.23807,8.2404,1.00,1.12
2015.07.21 08:47:09.978,8.23807,8.24016,1.00,1.00
2015.07.21 08:47:10.080,8.23787,8.24016,1.00,1.10
2015.07.21 08:47:10.182,8.23774,8.24021,1.10,1.57
2015.07.21 08:47:10.283,8.23774,8.24021,1.00,2.25
2015.07.21 08:47:10.911,8.23754,8.23988,1.37,1.00
2015.07.21 08:47:11.114,8.23743,8.23988,1.50,1.75
2015.07.21 08:47:11.610,8.23723,8.23955,1.00,1.00
2015.07.21 08:47:11.661,8.23708,8.23955,1.75,1.00
2015.07.21 08:47:12.033,8.23708,8.23955,1.37,1.00
2015.07.21 08:47:12.111,8.23708,8.23955,1.00,1.00
2015.07.21 08:47:13.887,8.23708,8.23955,1.00,1.37
2015.07.21 08:47:14.481,8.23717,8.23955,1.00,1.37
2015.07.21 08:47:14.784,8.23758,8.23955,1.00,1.00
2015.07.21 08:47:15.120,8.23772,8.23955,1.00,1.00
2015.07.21 08:47:15.680,8.23772,8.23975,1.00,1.10
2015.07.21 08:47:15.950,8.23791,8.23998,1.00,1.75
2015.07.21 08:47:16.825,8.23817,8.23998,1.00,1.75
2015.07.21 08:47:17.076,8.23786,8.23996,1.00,1.12
2015.07.21 08:47:17.178,8.23773,8.23988,1.00,1.37
2015.07.21 08:47:17.229,8.23773,8.23983,1.00,1.12
2015.07.21 08:47:17.543,8.23772,8.23959,1.00,1.12
2015.07.21 08:47:18.049,8.23773,8.23945,1.00,1.12
2015.07.21 08:47:19.197,8.23772,8.23945,1.00,1.12
2015.07.21 08:47:19.719,8.23773,8.23945,1.00,1.12
2015.07.21 08:47:20.239,8.23772,8.23945,1.00,1.12
2015.07.21 08:47:22.060,8.23772,8.23931,1.00,1.12
2015.07.21 08:47:23.330,8.23773,8.23931,1.00,1.12
2015.07.21 08:47:23.917,8.23772,8.23931,1.00,1.12
2015.07.21 08:47:24.100,8.23682,8.23878,1.00,1.00
2015.07.21 08:47:24.157,8.23631,8.23878,1.82,1.00
2015.07.21 08:47:24.208,8.23631,8.23878,1.07,1.00
2015.07.21 08:47:24.259,8.23631,8.23878,1.00,1.75
2015.07.21 08:47:24.512,8.23575,8.23822,1.00,1.00
2015.07.21 08:47:25.050,8.23575,8.23822,1.07,1.00
2015.07.21 08:47:26.792,8.23575,8.23822,1.37,1.00
2015.07.21 08:47:28.634,8.23575,8.23822,1.00,1.00
2015.07.21 08:47:28.748,8.23575,8.23805,1.00,1.00
2015.07.21 08:47:29.209,8.23556,8.23779,1.37,1.00
2015.07.21 08:47:30.602,8.23537,8.23779,1.12,1.00
2015.07.21 08:47:30.850,8.23535,8.23779,1.87,1.00
2015.07.21 08:47:34.391,8.2354,8.23779,1.12,1.00
2015.07.21 08:47:34.911,8.2354,8.23779,1.12,1.00
2015.07.21 08:47:36.635,8.2354,8.23779,1.12,1.00
2015.07.21 08:47:36.966,8.23551,8.23779,1.12,1.00
2015.07.21 08:47:39.012,8.23559,8.23779,1.12,1.00
2015.07.21 08:47:39.064,8.23566,8.238,1.85,1.00
2015.07.21 08:47:39.116,8.23566,8.23813,1.85,1.00
2015.07.21 08:47:39.520,8.23578,8.23813,1.12,1.00
2015.07.21 08:47:39.622,8.23566,8.23813,1.75,1.00
2015.07.21 08:47:39.771,8.23566,8.23813,1.37,1.00
2015.07.21 08:47:41.528,8.23566,8.23808,1.37,1.00
2015.07.21 08:47:42.143,8.23566,8.23808,1.00,1.00
2015.07.21 08:47:43.888,8.23547,8.23775,1.75,1.00
2015.07.21 08:47:52.419,8.23532,8.23775,1.12,1.00
2015.07.21 08:47:56.781,8.23528,8.23775,1.37,1.00
2015.07.21 08:47:57.001,8.23528,8.23775,1.00,1.00
2015.07.21 08:47:57.111,8.23528,8.23775,1.00,1.37
2015.07.21 08:47:57.369,8.23528,8.23775,1.00,1.00
2015.07.21 08:47:57.660,8.23528,8.23775,1.37,1.00
2015.07.21 08:47:58.249,8.23528,8.23775,1.75,1.00
2015.07.21 08:47:58.909,8.23528,8.23775,1.37,1.00
2015.07.21 08:48:05.509,8.23528,8.23775,1.07,1.00
2015.07.21 08:48:08.101,8.23523,8.2377,1.45,1.00
2015.07.21 08:48:09.243,8.23523,8.2377,1.00,1.07
2015.07.21 08:48:09.605,8.23523,8.2377,1.00,1.37
2015.07.21 08:48:09.909,8.23493,8.23739,1.82,1.00
2015.07.21 08:48:10.111,8.23523,8.2377,1.37,1.00
2015.07.21 08:48:10.239,8.23525,8.2377,1.12,1.00
2015.07.21 08:48:10.898,8.23523,8.2377,1.45,1.00
2015.07.21 08:48:12.215,8.23523,8.2377,1.82,1.00
2015.07.21 08:48:17.871,8.23523,8.2377,1.82,1.00
2015.07.21 08:48:18.193,8.23533,8.2377,1.12,1.00
2015.07.21 08:48:18.345,8.23556,8.23803,1.00,1.00
2015.07.21 08:48:18.752,8.23556,8.23803,1.75,1.00
2015.07.21 08:48:18.803,8.23556,8.23803,1.75,1.00
2015.07.21 08:48:18.904,8.23556,8.23803,1.82,1.00
2015.07.21 08:48:18.955,8.23586,8.23823,1.75,1.00
2015.07.21 08:48:19.007,8.23586,8.23833,1.75,1.00
2015.07.21 08:48:19.212,8.23586,8.23833,1.82,1.00
2015.07.21 08:48:19.421,8.23586,8.23833,1.07,1.00
2015.07.21 08:48:19.712,8.23586,8.23833,1.00,1.00
2015.07.21 08:48:19.763,8.2357,8.23803,1.12,1.00
2015.07.21 08:48:23.659,8.23556,8.23803,1.07,1.00
2015.07.21 08:48:26.058,8.23556,8.23803,1.00,1.00
2015.07.21 08:48:27.806,8.23556,8.23785,1.00,1.00
2015.07.21 08:48:27.929,8.23518,8.23765,1.07,1.00
2015.07.21 08:48:28.031,8.23518,8.23765,1.07,1.00
2015.07.21 08:48:28.112,8.23518,8.23765,1.82,1.00
2015.07.21 08:48:29.139,8.23526,8.23765,1.75,1.00
2015.07.21 08:48:29.322,8.23518,8.23765,1.85,1.00
2015.07.21 08:48:29.424,8.23518,8.23765,1.85,1.00
2015.07.21 08:48:30.222,8.23518,8.23765,1.10,1.00
2015.07.21 08:48:30.324,8.23518,8.23765,1.85,1.00
2015.07.21 08:48:30.458,8.23518,8.23765,1.10,1.00
2015.07.21 08:48:30.525,8.23518,8.23765,1.85,1.00
2015.07.21 08:48:31.050,8.23518,8.23765,1.00,1.00
2015.07.21 08:48:31.151,8.23518,8.23765,1.75,1.00
2015.07.21 08:48:34.139,8.23518,8.23765,1.07,1.00
2015.07.21 08:48:35.140,8.23518,8.23765,1.82,1.00
2015.07.21 08:48:35.589,8.23518,8.23765,1.45,1.00
2015.07.21 08:48:35.741,8.23518,8.23765,1.00,1.00
2015.07.21 08:48:36.088,8.23518,8.23765,1.00,1.37
2015.07.21 08:48:36.628,8.23518,8.23765,1.00,1.37
2015.07.21 08:48:36.729,8.23518,8.23765,1.00,1.00
2015.07.21 08:48:36.982,8.23498,8.23704,1.00,1.00
2015.07.21 08:48:37.034,8.23473,8.23704,1.12,1.00
2015.07.21 08:48:37.160,8.23457,8.23704,1.75,1.00
2015.07.21 08:48:37.881,8.23457,8.23704,1.00,1.00
2015.07.21 08:48:38.083,8.23437,8.23669,1.50,1.00
2015.07.21 08:48:38.415,8.23422,8.23669,1.75,1.00
2015.07.21 08:48:38.466,8.23467,8.23688,1.00,1.00
2015.07.21 08:48:38.517,8.23467,8.23714,1.00,1.75
2015.07.21 08:48:39.817,8.23467,8.23714,1.00,1.75
2015.07.21 08:48:40.019,8.23467,8.23714,1.00,1.75
2015.07.21 08:48:41.001,8.23467,8.23714,1.00,1.75
2015.07.21 08:48:44.319,8.23467,8.23714,1.00,1.50
2015.07.21 08:48:45.733,8.23467,8.23714,1.00,1.07
2015.07.21 08:48:47.724,8.23467,8.23714,1.00,1.00
2015.07.21 08:48:52.808,8.23467,8.23714,1.00,1.37
2015.07.21 08:48:54.305,8.23475,8.2372,1.00,1.12
2015.07.21 08:48:59.228,8.23475,8.23722,1.75,1.75
2015.07.21 08:48:59.332,8.23475,8.23722,1.37,1.75
2015.07.21 08:48:59.484,8.23514,8.23757,1.00,1.12
2015.07.21 08:49:02.461,8.23514,8.23759,1.75,1.75
2015.07.21 08:49:02.562,8.23531,8.23759,1.00,1.37
2015.07.21 08:49:02.613,8.23551,8.23798,1.00,1.75
2015.07.21 08:49:02.715,8.23551,8.23798,1.00,1.75
2015.07.21 08:49:11.838,8.23551,8.23798,1.00,1.00
2015.07.21 08:49:24.599,8.23522,8.23769,1.87,1.00
2015.07.21 08:49:24.903,8.23569,8.23814,1.75,1.00
2015.07.21 08:49:26.197,8.23569,8.23814,1.75,1.00
2015.07.21 08:49:26.299,8.236,8.23834,1.00,1.00
2015.07.21 08:49:26.350,8.236,8.23847,1.00,1.37
2015.07.21 08:49:26.401,8.236,8.23847,1.00,1.75
2015.07.21 08:49:26.638,8.23567,8.23814,1.00,1.00
2015.07.21 08:49:26.740,8.23567,8.23814,1.00,1.75
2015.07.21 08:49:29.511,8.23567,8.23814,1.00,1.00
2015.07.21 08:49:37.576,8.23567,8.23814,1.00,1.60
2015.07.21 08:49:40.808,8.23518,8.23765,1.75,1.00
2015.07.21 08:49:41.149,8.23497,8.23732,1.12,1.00
2015.07.21 08:49:41.251,8.23497,8.23732,1.12,1.00
2015.07.21 08:49:41.442,8.23497,8.23732,1.12,1.00
2015.07.21 08:49:44.457,8.23497,8.23732,1.12,1.00
2015.07.21 08:49:45.361,8.23497,8.23732,1.12,1.00
2015.07.21 08:49:47.856,8.23497,8.23732,1.12,1.00
2015.07.21 08:49:48.377,8.23497,8.23732,1.12,1.00
2015.07.21 08:49:56.778,8.23485,8.23732,1.82,1.00
2015.07.21 08:49:56.880,8.23504,8.23751,1.75,1.07
2015.07.21 08:49:56.981,8.23504,8.23751,1.75,1.07
2015.07.21 08:49:57.032,8.23504,8.23751,1.82,1.00
2015.07.21 08:49:57.083,8.23504,8.23751,1.82,1.00
2015.07.21 08:49:57.285,8.23504,8.23751,1.82,1.00
2015.07.21 08:49:57.337,8.23504,8.23751,1.75,1.07
2015.07.21 08:49:57.727,8.23504,8.23751,1.75,1.37
2015.07.21 08:49:59.126,8.23504,8.23751,1.75,1.37
2015.07.21 08:50:00.226,8.23504,8.23751,1.75,1.97
2015.07.21 08:50:03.907,8.23504,8.23751,1.75,1.97
2015.07.21 08:50:04.649,8.23504,8.23751,1.50,1.97
2015.07.21 08:50:04.700,8.23492,8.23679,1.75,1.00
2015.07.21 08:50:04.750,8.23492,8.23679,1.00,1.00
2015.07.21 08:50:04.801,8.23479,8.23726,1.00,1.00
2015.07.21 08:50:05.706,8.23479,8.23726,1.75,1.00
2015.07.21 08:50:07.871,8.23479,8.23726,1.37,1.00
2015.07.21 08:50:08.646,8.23479,8.23726,1.37,1.00
2015.07.21 08:50:12.340,8.2348,8.23726,1.12,1.00
2015.07.21 08:50:20.001,8.2348,8.23703,1.12,1.00
2015.07.21 08:50:21.900,8.23464,8.23703,1.12,1.00
2015.07.21 08:50:22.662,8.23456,8.23703,1.75,1.00
2015.07.21 08:50:23.463,8.23456,8.23677,1.37,1.00
2015.07.21 08:50:23.665,8.23415,8.23657,1.37,1.00
2015.07.21 08:50:24.961,8.2341,8.23657,1.57,1.00
2015.07.21 08:50:26.719,8.2341,8.23639,1.57,1.00
2015.07.21 08:50:27.035,8.23388,8.23619,1.75,1.00
2015.07.21 08:50:27.187,8.23376,8.23619,1.12,1.00
2015.07.21 08:50:28.529,8.23383,8.23619,1.12,1.00
2015.07.21 08:50:28.837,8.23372,8.23619,1.37,1.00
2015.07.21 08:50:29.061,8.23398,8.23619,1.12,1.00
2015.07.21 08:50:33.681,8.23372,8.23619,1.37,1.00
2015.07.21 08:50:40.393,8.23359,8.23579,1.75,1.00
2015.07.21 08:50:41.839,8.23335,8.23579,1.12,1.00
2015.07.21 08:50:42.522,8.23332,8.23579,1.37,1.00
2015.07.21 08:50:47.274,8.23332,8.23579,1.00,1.07
2015.07.21 08:50:47.967,8.23299,8.23534,1.12,1.00
2015.07.21 08:50:48.018,8.23294,8.23534,1.12,1.00
2015.07.21 08:50:48.257,8.23292,8.23502,2.04,1.00
2015.07.21 08:50:48.359,8.23263,8.23502,1.12,1.00
2015.07.21 08:50:48.561,8.23222,8.23468,2.41,1.00
2015.07.21 08:50:48.662,8.23221,8.23468,1.37,1.00
2015.07.21 08:50:48.764,8.23197,8.23422,1.12,1.00
2015.07.21 08:50:48.815,8.23192,8.23422,2.79,1.00
2015.07.21 08:50:49.886,8.23176,8.23422,1.12,1.00
2015.07.21 08:50:51.013,8.23193,8.23422,1.12,1.00
2015.07.21 08:50:51.434,8.23209,8.23422,1.12,1.00
2015.07.21 08:50:53.629,8.23197,8.23422,1.12,1.00
2015.07.21 08:50:55.866,8.23195,8.23422,1.12,1.00
2015.07.21 08:51:01.088,8.23179,8.23422,1.75,1.00
2015.07.21 08:51:02.288,8.23192,8.23422,1.12,1.00
2015.07.21 08:51:02.390,8.23262,8.23442,1.75,1.37
2015.07.21 08:51:02.441,8.23264,8.23509,1.12,1.00
2015.07.21 08:51:02.543,8.23266,8.23509,1.12,1.00
2015.07.21 08:51:02.981,8.233,8.23528,1.75,1.00
2015.07.21 08:51:03.033,8.233,8.23547,1.75,1.00
2015.07.21 08:51:03.185,8.233,8.23547,1.75,1.00
2015.07.21 08:51:03.489,8.23312,8.23547,2.41,1.00
2015.07.21 08:51:03.690,8.23331,8.23577,1.75,1.00
2015.07.21 08:51:08.396,8.23331,8.23577,1.07,1.00
2015.07.21 08:51:08.488,8.23331,8.23577,1.00,1.00
2015.07.21 08:51:08.641,8.23303,8.23547,1.75,1.00
2015.07.21 08:51:08.692,8.23303,8.23547,1.37,1.60
2015.07.21 08:51:08.793,8.233,8.23547,1.00,1.97
2015.07.21 08:51:08.945,8.23262,8.23509,1.00,1.00
2015.07.21 08:51:09.048,8.23281,8.23509,1.00,1.00
2015.07.21 08:51:09.858,8.23284,8.23509,1.00,1.00
2015.07.21 08:51:13.221,8.23284,8.23509,1.00,1.07
2015.07.21 08:51:13.889,8.23262,8.23509,1.00,1.07
2015.07.21 08:51:13.990,8.23242,8.23476,1.00,1.75
2015.07.21 08:51:14.041,8.23229,8.23476,1.00,1.75
2015.07.21 08:51:14.225,8.23229,8.23476,1.00,1.75
2015.07.21 08:51:14.534,8.23229,8.23476,1.00,1.75
2015.07.21 08:51:14.636,8.2327,8.23517,1.00,1.75
2015.07.21 08:51:14.969,8.2327,8.23441,1.00,1.35
2015.07.21 08:51:15.323,8.23236,8.23441,1.00,1.35
2015.07.21 08:51:16.239,8.2321,8.23436,1.00,1.60
2015.07.21 08:51:16.778,8.2321,8.23436,1.00,1.00
2015.07.21 08:51:16.879,8.23255,8.23436,1.00,1.00
2015.07.21 08:51:17.978,8.23249,8.23436,1.00,1.00
2015.07.21 08:51:18.339,8.23249,8.23401,1.00,1.00
2015.07.21 08:51:18.729,8.2326,8.23401,1.00,1.00
2015.07.21 08:51:18.838,8.23231,8.23401,1.00,1.00
2015.07.21 08:51:19.158,8.23262,8.23401,1.00,1.00
2015.07.21 08:51:25.470,8.23293,8.23401,1.00,1.00
2015.07.21 08:51:25.571,8.23293,8.23448,1.00,1.00
2015.07.21 08:51:26.003,8.23258,8.23448,1.00,1.00
2015.07.21 08:51:26.405,8.23285,8.23448,1.00,1.00
2015.07.21 08:51:27.386,8.23285,8.23482,1.00,1.00
2015.07.21 08:51:30.118,8.23251,8.23482,1.75,1.00
2015.07.21 08:51:30.350,8.2328,8.23482,1.00,1.00
2015.07.21 08:51:30.456,8.23245,8.23482,1.82,1.00
2015.07.21 08:51:30.619,8.23245,8.23482,1.82,1.00
2015.07.21 08:51:30.930,8.23278,8.23501,1.75,1.00
2015.07.21 08:51:30.981,8.23273,8.2352,1.75,1.00
2015.07.21 08:51:31.032,8.23311,8.2354,1.75,1.00
2015.07.21 08:51:31.083,8.23311,8.23558,1.75,1.00
2015.07.21 08:51:31.134,8.23311,8.23558,1.75,1.00
2015.07.21 08:51:31.248,8.23321,8.23558,1.12,1.00
2015.07.21 08:51:33.542,8.23311,8.23558,1.07,1.00
2015.07.21 08:51:33.759,8.23311,8.23558,1.00,1.00
2015.07.21 08:51:35.446,8.23311,8.23558,1.75,1.00
2015.07.21 08:51:37.404,8.23311,8.23444,1.75,1.00
2015.07.21 08:51:37.506,8.23262,8.23458,1.75,1.00
2015.07.21 08:51:37.557,8.23268,8.23475,1.75,1.00
2015.07.21 08:51:37.608,8.23268,8.23489,1.75,1.00
2015.07.21 08:51:37.947,8.23268,8.235,1.75,1.00
2015.07.21 08:51:38.049,8.23286,8.23507,1.75,1.00
2015.07.21 08:51:38.156,8.23286,8.23496,1.75,1.00
2015.07.21 08:51:38.207,8.23286,8.23496,1.75,1.00
2015.07.21 08:51:38.348,8.23286,8.23493,1.75,1.00
2015.07.21 08:51:38.680,8.2328,8.2348,1.12,1.00
2015.07.21 08:51:38.731,8.2328,8.2348,1.12,1.00
2015.07.21 08:51:38.957,8.23287,8.2348,1.07,1.00
2015.07.21 08:51:39.377,8.23287,8.23442,1.00,1.00
2015.07.21 08:51:39.428,8.23268,8.23442,1.00,1.00
2015.07.21 08:51:39.479,8.23255,8.23427,1.00,1.00
2015.07.21 08:51:39.784,8.23255,8.23372,1.00,1.00
2015.07.21 08:51:39.835,8.23237,8.23372,1.00,1.00
2015.07.21 08:51:39.886,8.23172,8.23372,1.50,1.00
2015.07.21 08:51:39.938,8.23162,8.23392,2.32,1.75
2015.07.21 08:51:40.270,8.23162,8.23392,2.32,1.75
2015.07.21 08:51:40.702,8.23162,8.23392,2.92,1.75
2015.07.21 08:51:40.798,8.23162,8.23392,2.92,1.75
2015.07.21 08:51:41.130,8.23162,8.23392,2.92,1.75
2015.07.21 08:51:41.181,8.23162,8.23346,2.92,1.35
2015.07.21 08:51:43.147,8.23163,8.23367,2.32,1.35
2015.07.21 08:51:46.568,8.23162,8.23349,1.80,1.35
2015.07.21 08:51:47.909,8.23163,8.23349,2.77,1.35
2015.07.21 08:51:48.421,8.23162,8.23335,2.77,1.35
2015.07.21 08:51:49.276,8.23162,8.23354,2.25,1.35
2015.07.21 08:51:49.931,8.23162,8.23354,2.25,1.35
2015.07.21 08:51:50.376,8.23163,8.23389,1.95,1.35
2015.07.21 08:51:50.728,8.23197,8.23389,1.00,1.35
2015.07.21 08:51:51.929,8.23216,8.23405,1.00,1.35
2015.07.21 08:51:52.663,8.23221,8.23405,1.00,1.35
2015.07.21 08:51:52.958,8.23195,8.23421,1.00,1.97
2015.07.21 08:51:53.339,8.23163,8.23374,1.95,1.35
2015.07.21 08:51:54.021,8.23162,8.23374,2.32,1.35
2015.07.21 08:51:55.787,8.23188,8.23387,1.00,1.97
2015.07.21 08:51:56.557,8.232,8.23387,1.00,1.97
2015.07.21 08:51:57.517,8.23197,8.23387,1.00,1.97
2015.07.21 08:52:01.605,8.23162,8.23387,2.47,1.97
2015.07.21 08:52:01.821,8.23214,8.23387,1.00,1.97
2015.07.21 08:52:03.937,8.23191,8.2339,1.00,1.35
2015.07.21 08:52:04.109,8.23233,8.2339,1.00,1.35
2015.07.21 08:52:04.279,8.23233,8.23423,1.00,1.75
2015.07.21 08:52:04.330,8.23233,8.23333,1.00,1.00
2015.07.21 08:52:04.532,8.23163,8.23319,1.75,1.00
2015.07.21 08:52:04.583,8.23163,8.23308,1.75,1.00
2015.07.21 08:52:05.197,8.23163,8.23301,3.52,1.00
2015.07.21 08:52:05.518,8.23239,8.23301,1.00,1.00
2015.07.21 08:52:05.569,8.23239,8.23314,1.00,1.00
2015.07.21 08:52:05.620,8.23261,8.23314,1.00,1.00
2015.07.21 08:52:06.958,8.23261,8.23331,1.00,1.00
2015.07.21 08:52:07.418,8.23261,8.23314,1.00,1.00
2015.07.21 08:52:08.695,8.23242,8.23314,1.00,1.00
2015.07.21 08:52:09.617,8.23242,8.23299,1.00,1.00
2015.07.21 08:52:09.940,8.23242,8.23359,1.00,1.00
2015.07.21 08:52:09.991,8.23262,8.23359,1.00,1.00
2015.07.21 08:52:13.547,8.23281,8.23359,1.00,1.00
2015.07.21 08:52:13.648,8.23282,8.23391,1.00,1.00
2015.07.21 08:52:13.750,8.2326,8.23391,1.00,1.00
2015.07.21 08:52:14.119,8.23292,8.23391,1.00,1.00
2015.07.21 08:52:14.454,8.23292,8.23355,1.00,1.00
2015.07.21 08:52:14.505,8.23266,8.23355,1.00,1.75
2015.07.21 08:52:14.556,8.23224,8.23355,1.00,1.75
2015.07.21 08:52:14.607,8.23191,8.23355,1.00,1.00
2015.07.21 08:52:14.708,8.23191,8.23355,1.00,1.75
2015.07.21 08:52:15.055,8.23172,8.23322,1.75,1.00
2015.07.21 08:52:15.477,8.23216,8.23322,1.00,1.00
2015.07.21 08:52:15.629,8.23131,8.23322,1.00,1.00
2015.07.21 08:52:16.056,8.23176,8.23322,1.00,1.00
2015.07.21 08:52:16.439,8.23152,8.23322,1.00,1.00
2015.07.21 08:52:16.708,8.23152,8.23353,1.00,1.12
2015.07.21 08:52:17.326,8.23197,8.23353,1.00,1.12
2015.07.21 08:52:19.894,8.23197,8.23355,1.00,1.37
2015.07.21 08:52:20.047,8.23197,8.23353,1.00,1.12
2015.07.21 08:52:20.606,8.23197,8.23353,1.00,1.12
2015.07.21 08:52:21.753,8.23197,8.23353,1.00,1.12
2015.07.21 08:52:21.804,8.23221,8.23353,1.00,1.12
2015.07.21 08:52:21.855,8.23221,8.23355,1.00,1.10
2015.07.21 08:52:22.055,8.23221,8.23373,1.00,1.05
2015.07.21 08:52:22.958,8.23221,8.2336,1.00,1.35
2015.07.21 08:52:23.064,8.23221,8.23365,1.00,1.35
2015.07.21 08:52:23.115,8.23221,8.23353,1.00,1.00
2015.07.21 08:52:23.418,8.23195,8.23353,1.00,1.00
2015.07.21 08:52:23.537,8.23222,8.23353,1.00,1.00
2015.07.21 08:52:24.458,8.23217,8.23353,1.00,1.00
2015.07.21 08:52:27.917,8.23217,8.23365,1.00,1.05
2015.07.21 08:52:30.078,8.23217,8.23359,1.00,1.35
2015.07.21 08:52:30.148,8.23212,8.23359,1.00,1.35
2015.07.21 08:52:30.199,8.23212,8.23343,1.00,1.12
2015.07.21 08:52:30.630,8.23214,8.23343,1.00,1.12
2015.07.21 08:52:33.144,8.23214,8.23347,1.00,1.10
2015.07.21 08:52:39.648,8.23214,8.23347,1.00,1.47
2015.07.21 08:52:41.752,8.23214,8.23359,1.00,1.35
2015.07.21 08:52:45.061,8.23177,8.23385,1.00,1.60
2015.07.21 08:52:45.638,8.23177,8.23417,1.00,1.35
2015.07.21 08:52:45.689,8.2322,8.23417,1.00,1.35
2015.07.21 08:52:50.491,8.23222,8.23391,1.00,1.72
2015.07.21 08:52:50.542,8.23183,8.23376,1.00,1.35
2015.07.21 08:52:50.796,8.23215,8.23371,1.00,1.35
2015.07.21 08:52:52.132,8.23215,8.23337,1.00,1.00
2015.07.21 08:52:52.297,8.23189,8.23337,1.00,1.00
2015.07.21 08:52:52.348,8.23189,8.23337,1.00,1.82
2015.07.21 08:52:52.655,8.23189,8.23332,1.00,1.12
2015.07.21 08:52:53.443,8.23167,8.23332,1.00,1.12
2015.07.21 08:52:54.307,8.23124,8.23332,1.00,1.12
2015.07.21 08:52:54.358,8.23124,8.23332,1.00,1.12
2015.07.21 08:52:55.686,8.23164,8.23329,1.00,1.12
2015.07.21 08:52:55.838,8.23164,8.23329,1.00,1.12
2015.07.21 08:52:57.426,8.23191,8.23329,1.00,1.12
2015.07.21 08:52:57.477,8.23191,8.23337,1.00,1.37
2015.07.21 08:52:57.615,8.23191,8.23337,1.00,1.37
2015.07.21 08:52:59.116,8.23191,8.23337,1.00,1.67
2015.07.21 08:53:17.696,8.23211,8.23364,1.00,1.35
2015.07.21 08:53:18.053,8.23197,8.23375,1.00,2.85
2015.07.21 08:53:18.154,8.23225,8.23375,1.00,2.85
2015.07.21 08:53:18.927,8.23204,8.23375,1.00,2.85
2015.07.21 08:53:19.426,8.23204,8.23383,1.00,1.67
2015.07.21 08:53:19.567,8.23245,8.23383,1.00,1.67
2015.07.21 08:53:22.770,8.23245,8.23383,1.00,1.60
2015.07.21 08:53:22.922,8.23239,8.23408,1.00,1.35
2015.07.21 08:53:22.973,8.23239,8.23421,1.00,1.75
2015.07.21 08:53:23.074,8.23239,8.23421,1.00,1.37
2015.07.21 08:53:23.226,8.23269,8.23449,1.00,1.35
2015.07.21 08:53:23.443,8.23225,8.23449,1.00,1.35
2015.07.21 08:53:23.546,8.23225,8.23449,1.00,1.35
2015.07.21 08:53:23.648,8.23225,8.23449,1.00,1.27
2015.07.21 08:53:23.800,8.23225,8.23449,1.00,2.02
2015.07.21 08:53:24.105,8.23211,8.23364,1.00,1.27
2015.07.21 08:53:24.347,8.232,8.23364,1.00,1.27
2015.07.21 08:53:24.417,8.232,8.23364,1.00,1.35
2015.07.21 08:53:24.569,8.232,8.23377,1.00,1.35
2015.07.21 08:53:24.746,8.2322,8.23377,1.00,1.35
2015.07.21 08:53:25.625,8.2322,8.2338,1.00,1.35
2015.07.21 08:53:27.264,8.2322,8.23376,1.00,1.35
2015.07.21 08:53:29.611,8.23243,8.23393,1.00,2.47
2015.07.21 08:53:39.057,8.23243,8.23371,1.00,1.35
2015.07.21 08:53:42.832,8.23243,8.23407,1.00,1.75
2015.07.21 08:53:42.933,8.23243,8.23407,1.00,1.75
2015.07.21 08:53:44.566,8.23243,8.23407,1.00,1.75
2015.07.21 08:53:49.098,8.23243,8.23407,1.00,1.75
2015.07.21 08:53:49.411,8.23243,8.23407,1.00,1.75
2015.07.21 08:53:49.715,8.23243,8.23378,1.00,1.35
2015.07.21 08:53:52.524,8.23243,8.23387,1.00,1.35
2015.07.21 08:53:52.817,8.23243,8.23392,1.00,1.35
2015.07.21 08:53:52.918,8.23243,8.23397,1.00,1.35
2015.07.21 08:53:54.270,8.23243,8.23387,1.00,1.35
2015.07.21 08:53:54.619,8.23224,8.23358,1.00,1.35
2015.07.21 08:53:56.534,8.23224,8.23379,1.00,2.47
2015.07.21 08:54:00.936,8.23224,8.23411,1.00,1.35
2015.07.21 08:54:01.038,8.23244,8.23411,1.00,1.35
2015.07.21 08:54:01.088,8.23221,8.23411,1.00,1.27
2015.07.21 08:54:01.139,8.23246,8.23411,1.00,1.27
2015.07.21 08:54:01.389,8.23222,8.23421,1.00,1.35
2015.07.21 08:54:01.495,8.23247,8.23421,1.00,1.35
2015.07.21 08:54:01.814,8.23247,8.23391,1.00,1.35
2015.07.21 08:54:02.072,8.23247,8.234,1.00,1.35
2015.07.21 08:54:07.136,8.23247,8.23393,1.00,1.35
2015.07.21 08:54:08.085,8.23247,8.23408,1.00,1.35
2015.07.21 08:54:09.806,8.23229,8.23378,1.00,1.60
2015.07.21 08:54:09.958,8.23229,8.23378,1.00,1.97
2015.07.21 08:54:16.930,8.23229,8.23402,1.00,2.10
2015.07.21 08:54:18.206,8.23229,8.23394,1.00,1.35
2015.07.21 08:54:22.497,8.23229,8.23378,1.00,1.72
2015.07.21 08:54:23.064,8.23229,8.23368,1.00,1.00
2015.07.21 08:54:25.458,8.23229,8.23378,1.00,1.72
2015.07.21 08:54:25.813,8.23229,8.23349,1.00,2.10
2015.07.21 08:54:25.915,8.2321,8.23349,1.00,2.10
2015.07.21 08:54:26.219,8.23156,8.23317,1.00,1.60
2015.07.21 08:54:26.595,8.23185,8.23317,1.00,1.60
2015.07.21 08:54:29.926,8.23206,8.23346,1.00,1.35
2015.07.21 08:54:30.028,8.23186,8.23349,1.75,2.47
2015.07.21 08:54:30.130,8.23207,8.23349,1.00,2.47
2015.07.21 08:54:37.166,8.23233,8.23349,1.00,2.10
2015.07.21 08:54:37.318,8.23209,8.23349,1.00,2.10
2015.07.21 08:54:37.725,8.23239,8.23349,1.00,2.10
2015.07.21 08:54:37.775,8.23239,8.23386,1.00,1.35
2015.07.21 08:54:40.299,8.23239,8.23358,1.00,1.00
2015.07.21 08:54:40.613,8.23239,8.23358,1.00,1.97
2015.07.21 08:54:43.304,8.23221,8.23368,1.00,1.97
2015.07.21 08:54:44.485,8.23165,8.23347,1.00,1.67
2015.07.21 08:54:44.536,8.23165,8.23347,1.00,1.97
2015.07.21 08:54:45.044,8.23196,8.23358,1.00,2.47
2015.07.21 08:54:47.924,8.23196,8.23313,1.00,2.10
2015.07.21 08:54:50.276,8.23169,8.23313,1.00,2.10
2015.07.21 08:54:50.428,8.23147,8.23298,1.00,1.60
2015.07.21 08:54:50.479,8.23132,8.23298,1.00,1.67
2015.07.21 08:54:50.937,8.23132,8.23258,1.00,1.00
2015.07.21 08:54:51.283,8.23132,8.23258,1.00,1.75
2015.07.21 08:54:51.638,8.23019,8.23266,1.00,1.75
2015.07.21 08:54:51.689,8.23019,8.23266,1.00,1.75
2015.07.21 08:54:51.791,8.23019,8.23242,1.00,1.12
2015.07.21 08:54:51.892,8.22999,8.23224,1.00,1.75
2015.07.21 08:54:51.958,8.22979,8.23224,1.00,1.75
2015.07.21 08:54:52.008,8.22979,8.23224,1.75,1.75
2015.07.21 08:54:55.399,8.22981,8.23224,1.00,1.75
2015.07.21 08:54:55.450,8.22979,8.23224,1.00,1.75
2015.07.21 08:54:55.932,8.22979,8.23224,1.37,1.00
2015.07.21 08:54:57.991,8.22983,8.23224,1.12,1.00
2015.07.21 08:55:00.523,8.22983,8.23224,1.12,1.00
2015.07.21 08:55:00.624,8.23016,8.23245,1.37,1.07
2015.07.21 08:55:00.675,8.23016,8.23263,1.37,1.07
2015.07.21 08:55:00.803,8.23016,8.23263,1.75,1.07
2015.07.21 08:55:01.164,8.23054,8.23282,1.00,1.75
2015.07.21 08:55:01.216,8.23054,8.23301,1.00,1.75
2015.07.21 08:55:01.317,8.23054,8.23301,1.37,1.75
2015.07.21 08:55:01.469,8.23054,8.23301,1.37,1.75
2015.07.21 08:55:01.521,8.23054,8.23301,1.00,1.75
2015.07.21 08:55:02.318,8.23054,8.23301,1.75,1.75
2015.07.21 08:55:04.115,8.23054,8.23301,1.75,1.37
2015.07.21 08:55:04.166,8.23054,8.23301,1.75,1.37
2015.07.21 08:55:10.544,8.23054,8.23301,1.75,1.37
2015.07.21 08:55:10.595,8.23099,8.23343,1.00,1.12
2015.07.21 08:55:10.646,8.23099,8.23346,1.75,1.75
2015.07.21 08:55:10.697,8.23099,8.23346,1.75,1.75
2015.07.21 08:55:10.849,8.23099,8.23346,1.75,1.75
2015.07.21 08:55:11.078,8.23099,8.23346,1.75,1.75
2015.07.21 08:55:11.457,8.23099,8.23346,1.00,1.75
2015.07.21 08:55:11.559,8.23099,8.23339,1.00,1.12
2015.07.21 08:55:11.876,8.23099,8.23327,1.00,1.75
2015.07.21 08:55:14.167,8.23099,8.23327,1.60,1.75
2015.07.21 08:55:14.318,8.23109,8.23346,1.35,1.75
2015.07.21 08:55:14.420,8.23099,8.23346,1.12,1.75
2015.07.21 08:55:14.572,8.23099,8.23339,1.00,1.75
2015.07.21 08:55:14.965,8.23099,8.23346,1.75,1.75
2015.07.21 08:55:16.975,8.23099,8.23346,1.37,1.75
2015.07.21 08:55:18.676,8.23099,8.23346,1.75,1.75
2015.07.21 08:55:19.104,8.23107,8.23346,1.35,1.75
2015.07.21 08:55:19.408,8.23135,8.23382,1.00,1.75
2015.07.21 08:55:20.697,8.23135,8.23377,1.00,1.12
2015.07.21 08:55:20.799,8.23135,8.23377,1.00,1.12
2015.07.21 08:55:22.665,8.23135,8.23376,1.00,1.12
2015.07.21 08:55:23.216,8.23135,8.23382,1.00,1.75
2015.07.21 08:55:27.110,8.23135,8.23382,1.00,1.75
2015.07.21 08:55:29.523,8.23135,8.2338,1.00,1.12
2015.07.21 08:55:30.756,8.23096,8.23343,1.00,1.75
2015.07.21 08:55:32.771,8.23096,8.23343,1.50,1.75
2015.07.21 08:55:33.534,8.23096,8.23343,1.00,1.75
2015.07.21 08:55:33.636,8.23059,8.23304,1.00,1.07
2015.07.21 08:55:33.787,8.23059,8.23304,1.00,1.75
2015.07.21 08:55:34.108,8.23059,8.23304,1.00,1.75
2015.07.21 08:55:34.261,8.23059,8.23304,1.75,1.12
2015.07.21 08:55:34.639,8.23059,8.23304,1.75,1.12
2015.07.21 08:55:34.892,8.23096,8.23343,1.75,1.75
2015.07.21 08:55:34.943,8.23096,8.23343,1.75,1.75
2015.07.21 08:55:35.394,8.23096,8.23343,1.75,1.37
2015.07.21 08:55:37.249,8.23096,8.23343,1.75,1.37
2015.07.21 08:55:37.469,8.23134,8.23381,1.75,1.75
2015.07.21 08:55:37.520,8.23134,8.23381,1.75,1.37
2015.07.21 08:55:37.571,8.23134,8.23381,1.00,1.37
2015.07.21 08:55:37.673,8.23134,8.23381,1.00,1.75
2015.07.21 08:55:38.453,8.23134,8.23381,1.75,1.75
2015.07.21 08:55:38.507,8.23134,8.23381,1.75,1.75
2015.07.21 08:55:38.993,8.23134,8.23381,1.00,1.75
2015.07.21 08:55:39.275,8.23134,8.23381,1.00,1.75
2015.07.21 08:55:40.284,8.23134,8.23381,1.00,1.75
2015.07.21 08:55:40.535,8.23096,8.23343,1.00,1.75
2015.07.21 08:55:40.740,8.23096,8.23343,1.00,1.75
2015.07.21 08:55:44.226,8.23096,8.23343,1.00,1.75
2015.07.21 08:55:44.485,8.23096,8.23343,1.75,1.75
2015.07.21 08:55:44.687,8.23096,8.23343,1.75,1.75
2015.07.21 08:55:45.299,8.23096,8.23343,1.75,1.75
2015.07.21 08:55:46.516,8.23096,8.23343,1.75,1.75
2015.07.21 08:55:46.757,8.23133,8.2338,1.50,1.75
2015.07.21 08:55:46.817,8.23133,8.2338,1.00,1.75
2015.07.21 08:55:50.939,8.23139,8.2338,1.00,1.75
2015.07.21 08:55:51.094,8.23133,8.2338,1.00,1.75
2015.07.21 08:55:51.196,8.23133,8.2338,1.00,1.07
2015.07.21 08:55:51.423,8.23133,8.2338,1.00,1.00
2015.07.21 08:55:52.297,8.23133,8.2338,1.37,1.00
2015.07.21 08:55:52.608,8.23133,8.2338,1.75,1.00
2015.07.21 08:55:52.759,8.23133,8.2338,1.37,1.00
2015.07.21 08:55:53.160,8.23133,8.2338,1.75,1.00
2015.07.21 08:55:53.211,8.23176,8.23421,1.00,1.00
2015.07.21 08:55:59.694,8.23176,8.23421,1.75,1.00
2015.07.21 08:55:59.922,8.23238,8.23485,1.00,1.75
2015.07.21 08:55:59.973,8.23238,8.23485,1.00,1.00
2015.07.21 08:56:00.024,8.23238,8.23485,1.75,1.00
2015.07.21 08:56:00.277,8.23283,8.2353,1.00,1.00
2015.07.21 08:56:12.776,8.23283,8.2353,1.75,1.00
2015.07.21 08:56:12.938,8.23331,8.23578,1.07,1.00
2015.07.21 08:56:13.040,8.23331,8.23578,1.07,1.00
2015.07.21 08:56:13.242,8.23331,8.23578,1.00,1.00
2015.07.21 08:56:16.465,8.23331,8.23578,1.00,1.75
2015.07.21 08:56:18.988,8.23331,8.23578,1.00,1.00
2015.07.21 08:56:19.626,8.23331,8.23578,1.37,1.00
2015.07.21 08:56:19.866,8.23369,8.23616,1.00,1.00
2015.07.21 08:56:22.381,8.23369,8.23616,1.00,1.37
2015.07.21 08:56:22.674,8.23369,8.23616,1.00,1.00
2015.07.21 08:56:23.745,8.23402,8.23636,1.00,1.00
2015.07.21 08:56:23.796,8.23402,8.23648,1.00,1.37
2015.07.21 08:56:26.099,8.23402,8.23648,1.00,1.75
2015.07.21 08:56:26.686,8.23318,8.2355,1.75,1.00
2015.07.21 08:56:26.889,8.23282,8.23529,1.00,1.00
2015.07.21 08:56:26.990,8.23282,8.23529,1.00,1.37
2015.07.21 08:56:27.383,8.23249,8.23496,1.00,1.75
2015.07.21 08:56:29.209,8.23249,8.23496,1.00,1.75
2015.07.21 08:56:29.314,8.23203,8.2345,1.00,1.75
2015.07.21 08:56:30.146,8.23241,8.2347,1.00,1.75
2015.07.21 08:56:30.450,8.23287,8.23507,1.00,1.75
2015.07.21 08:56:30.501,8.23287,8.23532,1.00,1.75
2015.07.21 08:56:30.602,8.23287,8.23532,1.00,1.75
2015.07.21 08:56:31.034,8.23287,8.23532,1.00,1.75
2015.07.21 08:56:31.258,8.23287,8.23532,1.00,1.75
2015.07.21 08:56:31.511,8.23287,8.23532,1.00,1.75
2015.07.21 08:56:31.852,8.23321,8.23553,1.00,1.75
2015.07.21 08:56:32.055,8.23321,8.23566,1.00,1.75
2015.07.21 08:56:32.156,8.23366,8.23587,1.00,1.37
2015.07.21 08:56:33.474,8.23366,8.23599,1.00,1.12
2015.07.21 08:56:33.815,8.23327,8.23574,1.00,1.75
2015.07.21 08:56:35.228,8.23327,8.23574,1.00,1.75
2015.07.21 08:56:35.433,8.23327,8.23574,1.00,1.75
2015.07.21 08:56:36.219,8.23327,8.23574,1.00,1.75
2015.07.21 08:56:36.423,8.23327,8.23574,1.00,1.75
2015.07.21 08:56:40.843,8.23327,8.23571,1.00,1.12
2015.07.21 08:56:41.068,8.23327,8.2357,1.00,1.12
2015.07.21 08:56:43.265,8.23327,8.23574,1.00,1.75
2015.07.21 08:56:43.502,8.23327,8.23574,1.00,1.75
2015.07.21 08:56:43.705,8.23327,8.23574,1.00,1.75
2015.07.21 08:56:43.859,8.23295,8.23542,1.00,1.75
2015.07.21 08:56:43.910,8.23295,8.23542,1.00,1.75
2015.07.21 08:56:44.447,8.23295,8.23542,1.00,1.75
2015.07.21 08:56:44.713,8.23295,8.23542,1.00,1.75
2015.07.21 08:56:45.063,8.23295,8.23542,1.75,1.75
2015.07.21 08:56:45.165,8.23295,8.23542,1.00,1.75
2015.07.21 08:56:45.376,8.23295,8.23542,1.00,1.75
2015.07.21 08:56:45.720,8.23295,8.23538,1.00,1.75
2015.07.21 08:56:45.923,8.23257,8.23504,1.60,1.75
2015.07.21 08:56:46.354,8.23257,8.23504,1.00,1.75
2015.07.21 08:56:56.222,8.23257,8.23504,1.00,1.10
2015.07.21 08:56:56.419,8.23257,8.23504,1.75,1.10
2015.07.21 08:56:56.789,8.233,8.23547,1.00,1.75
2015.07.21 08:56:57.763,8.233,8.23547,1.00,1.75
2015.07.21 08:56:59.331,8.233,8.23518,1.00,1.00
2015.07.21 08:56:59.998,8.233,8.23518,1.00,1.75
2015.07.21 08:57:00.324,8.233,8.23547,1.00,1.75
2015.07.21 08:57:00.374,8.23264,8.23511,1.00,1.75
2015.07.21 08:57:00.562,8.23264,8.23511,1.00,1.75
2015.07.21 08:57:00.764,8.23233,8.23478,1.00,1.75
2015.07.21 08:57:01.515,8.23233,8.23478,1.00,1.75
2015.07.21 08:57:02.272,8.23233,8.23478,1.00,1.75
2015.07.21 08:57:02.932,8.23233,8.23478,1.00,1.75
2015.07.21 08:57:03.298,8.23233,8.23478,1.00,1.37
2015.07.21 08:57:04.494,8.23233,8.23478,1.00,1.37
2015.07.21 08:57:04.698,8.23233,8.23478,1.00,1.00
2015.07.21 08:57:05.870,8.23253,8.23478,1.00,1.00
2015.07.21 08:57:06.123,8.23274,8.23518,1.00,1.37
2015.07.21 08:57:06.477,8.23274,8.23518,1.00,1.07
2015.07.21 08:57:06.919,8.23274,8.23518,1.00,1.00
2015.07.21 08:57:07.394,8.23297,8.23518,1.00,1.00
2015.07.21 08:57:07.722,8.23317,8.23564,1.00,1.75
2015.07.21 08:57:08.275,8.23317,8.23564,1.00,1.75
2015.07.21 08:57:08.692,8.23317,8.23537,1.00,1.75
2015.07.21 08:57:09.247,8.23317,8.23548,1.00,1.75
2015.07.21 08:57:09.312,8.23317,8.23548,1.00,1.75
2015.07.21 08:57:10.123,8.23317,8.23538,1.00,1.75
2015.07.21 08:57:10.530,8.23317,8.23518,1.00,1.75
2015.07.21 08:57:10.992,8.23317,8.23528,1.00,1.75
2015.07.21 08:57:11.732,8.23317,8.2356,1.00,1.12
2015.07.21 08:57:12.198,8.23317,8.2354,1.00,1.12
2015.07.21 08:57:12.943,8.23317,8.23564,1.00,1.75
2015.07.21 08:57:15.472,8.23317,8.23538,1.00,1.75
2015.07.21 08:57:16.071,8.23317,8.23538,1.00,1.75
2015.07.21 08:57:16.273,8.23317,8.23564,1.00,1.75
2015.07.21 08:57:16.461,8.23317,8.23564,1.37,1.00
2015.07.21 08:57:16.683,8.23317,8.23564,1.75,1.00
2015.07.21 08:57:17.035,8.23317,8.23564,1.00,1.37
2015.07.21 08:57:17.785,8.23317,8.23564,1.37,1.00
2015.07.21 08:57:17.911,8.23361,8.23564,1.00,1.00
2015.07.21 08:57:17.963,8.23381,8.23618,1.00,2.49
2015.07.21 08:57:18.216,8.234,8.23628,1.00,1.37
2015.07.21 08:57:18.519,8.23419,8.23648,1.00,1.75
2015.07.21 08:57:18.570,8.23387,8.23634,1.00,1.75
2015.07.21 08:57:19.011,8.23412,8.23634,1.00,1.75
2015.07.21 08:57:19.112,8.23432,8.23679,1.00,1.75
2015.07.21 08:57:20.130,8.23432,8.23679,1.00,1.75
2015.07.21 08:57:20.232,8.23471,8.23702,1.00,1.37
2015.07.21 08:57:20.752,8.23471,8.23716,1.75,1.00
2015.07.21 08:57:20.991,8.23471,8.23716,1.00,1.75
2015.07.21 08:57:21.673,8.23471,8.23716,1.00,1.07
2015.07.21 08:57:21.774,8.23471,8.23716,1.37,1.00
2015.07.21 08:57:22.113,8.23508,8.23755,1.00,1.75
2015.07.21 08:57:22.422,8.23508,8.23755,1.00,1.75
2015.07.21 08:57:23.061,8.23508,8.23755,1.00,1.75
2015.07.21 08:57:24.051,8.23508,8.23755,1.00,1.75
2015.07.21 08:57:30.253,8.23508,8.23755,1.00,1.75
2015.07.21 08:57:30.456,8.23508,8.23755,1.00,1.75
2015.07.21 08:57:30.772,8.23508,8.23755,1.00,1.75
2015.07.21 08:57:31.006,8.23508,8.23753,1.00,1.12
2015.07.21 08:57:31.972,8.23508,8.23747,1.00,1.00
2015.07.21 08:57:32.414,8.23508,8.23751,1.00,1.00
2015.07.21 08:57:32.521,8.23508,8.23751,1.00,1.75
2015.07.21 08:57:33.516,8.23508,8.23751,1.00,1.75
2015.07.21 08:57:34.173,8.23508,8.23751,1.75,1.00
2015.07.21 08:57:34.501,8.23508,8.23751,1.00,1.75
2015.07.21 08:57:34.942,8.23508,8.23748,1.00,1.75
2015.07.21 08:57:35.272,8.23508,8.23751,1.00,1.37
2015.07.21 08:57:36.342,8.23508,8.23751,1.00,1.75
2015.07.21 08:57:36.734,8.23508,8.23748,1.00,1.75
2015.07.21 08:57:37.183,8.23489,8.23698,1.00,1.00
2015.07.21 08:57:37.285,8.23468,8.23648,1.00,1.00
2015.07.21 08:57:37.421,8.23445,8.23658,1.00,1.75
2015.07.21 08:57:37.523,8.23445,8.23658,1.00,1.75
2015.07.21 08:57:37.574,8.23428,8.23658,1.00,1.75
2015.07.21 08:57:37.626,8.23428,8.23682,1.00,1.75
2015.07.21 08:57:37.727,8.23428,8.23682,1.00,1.37
2015.07.21 08:57:38.076,8.2346,8.23707,1.00,1.75
2015.07.21 08:57:38.468,8.2346,8.23707,1.75,1.00
2015.07.21 08:57:39.041,8.2346,8.23707,1.00,1.10
2015.07.21 08:57:39.183,8.23496,8.23743,1.00,1.75
2015.07.21 08:57:39.489,8.23496,8.23743,1.00,1.75
2015.07.21 08:57:42.225,8.23496,8.23743,1.00,1.75
2015.07.21 08:57:42.424,8.23476,8.23707,1.00,1.75
2015.07.21 08:57:42.475,8.2346,8.23707,1.00,1.75
2015.07.21 08:57:45.901,8.2346,8.23707,1.50,1.75
2015.07.21 08:57:46.207,8.23501,8.23748,1.00,1.75
2015.07.21 08:57:46.511,8.2354,8.23787,1.00,1.75
2015.07.21 08:57:46.814,8.2354,8.23787,1.00,1.00
2015.07.21 08:57:46.966,8.2354,8.23787,1.00,1.75
2015.07.21 08:57:52.541,8.2354,8.23787,1.00,1.75
2015.07.21 08:57:53.590,8.23509,8.23748,1.00,1.75
2015.07.21 08:57:53.792,8.23536,8.23748,1.00,1.75
2015.07.21 08:57:53.926,8.23534,8.23754,1.00,1.75
2015.07.21 08:57:54.367,8.23538,8.23778,1.00,1.75
2015.07.21 08:57:54.418,8.23538,8.23778,1.00,1.75
2015.07.21 08:57:57.271,8.23538,8.23783,1.00,1.75
2015.07.21 08:57:58.261,8.23538,8.23783,1.00,1.75
2015.07.21 08:57:58.957,8.23538,8.23783,1.00,1.75
2015.07.21 08:58:02.092,8.23502,8.23748,1.00,1.37
2015.07.21 08:58:02.143,8.23525,8.23748,1.00,1.75
2015.07.21 08:58:02.345,8.23533,8.23749,1.00,1.75
2015.07.21 08:58:02.772,8.23533,8.23749,1.00,1.00
2015.07.21 08:58:03.234,8.23537,8.23749,1.00,1.00
2015.07.21 08:58:03.385,8.23514,8.23749,1.07,1.00
2015.07.21 08:58:03.436,8.23514,8.23749,1.00,1.12
2015.07.21 08:58:03.739,8.23538,8.23728,1.00,1.37
2015.07.21 08:58:04.751,8.23538,8.23718,1.00,1.75
2015.07.21 08:58:05.126,8.23538,8.23737,1.00,1.75
2015.07.21 08:58:05.525,8.23538,8.23727,1.00,1.75
2015.07.21 08:58:05.576,8.23518,8.23727,1.00,1.75
2015.07.21 08:58:05.733,8.23505,8.23718,1.00,1.75
2015.07.21 08:58:05.785,8.23505,8.23718,1.00,1.75
2015.07.21 08:58:07.083,8.2354,8.23718,1.00,1.75
2015.07.21 08:58:07.184,8.2354,8.23728,1.00,1.50
2015.07.21 08:58:10.384,8.23538,8.23718,1.00,1.12
2015.07.21 08:58:10.435,8.23538,8.23708,1.00,1.00
2015.07.21 08:58:11.722,8.23538,8.23708,1.00,1.37
2015.07.21 08:58:14.253,8.23539,8.23716,1.00,1.75
2015.07.21 08:58:14.321,8.23539,8.23716,1.00,1.37
2015.07.21 08:58:16.555,8.23539,8.23716,1.00,1.00
2015.07.21 08:58:25.584,8.23539,8.23736,1.00,1.00
2015.07.21 08:58:26.122,8.23538,8.23738,1.07,1.00
2015.07.21 08:58:26.173,8.23538,8.23758,1.07,1.00
2015.07.21 08:58:26.224,8.23538,8.23758,1.00,1.07
2015.07.21 08:58:26.536,8.23538,8.2376,1.00,1.37
2015.07.21 08:58:27.020,8.23538,8.2376,1.00,1.00
2015.07.21 08:58:27.540,8.23538,8.2376,1.07,1.00
2015.07.21 08:58:28.102,8.23551,8.2378,1.00,1.07
2015.07.21 08:58:29.534,8.23551,8.23798,1.00,1.75
2015.07.21 08:58:29.625,8.23551,8.23798,1.00,1.37
2015.07.21 08:58:29.947,8.23551,8.23798,1.37,1.07
2015.07.21 08:58:30.291,8.23551,8.23797,1.75,1.00
2015.07.21 08:58:31.230,8.23551,8.23798,1.75,1.00
2015.07.21 08:58:31.280,8.23551,8.23798,1.12,1.07
2015.07.21 08:58:31.483,8.23551,8.23798,1.00,1.37
2015.07.21 08:58:31.701,8.23551,8.23798,1.37,1.07
2015.07.21 08:58:32.960,8.23551,8.23798,1.97,1.07
2015.07.21 08:58:33.241,8.23588,8.23834,1.37,1.00
2015.07.21 08:58:33.461,8.23588,8.23834,1.75,1.00
2015.07.21 08:58:33.633,8.23625,8.23848,1.07,1.00
2015.07.21 08:58:33.846,8.23625,8.23868,1.00,1.37
2015.07.21 08:58:34.010,8.23625,8.23868,1.37,1.10
2015.07.21 08:58:37.757,8.23625,8.23872,1.60,1.37
2015.07.21 08:58:38.559,8.23625,8.23872,1.97,1.07
2015.07.21 08:58:39.382,8.23625,8.23867,1.37,1.00
2015.07.21 08:58:39.489,8.23625,8.23858,1.37,1.00
2015.07.21 08:58:39.540,8.23625,8.23858,1.00,1.07
2015.07.21 08:58:39.641,8.23625,8.23868,1.00,1.75
2015.07.21 08:58:39.751,8.23625,8.23868,1.00,1.75
2015.07.21 08:58:40.134,8.23625,8.23828,1.00,1.00
2015.07.21 08:58:40.235,8.23605,8.23828,1.37,1.00
2015.07.21 08:58:40.286,8.23589,8.23828,1.37,1.00
2015.07.21 08:58:40.464,8.23589,8.23798,1.37,1.00
2015.07.21 08:58:40.515,8.23589,8.23798,1.10,1.00
2015.07.21 08:58:40.886,8.23589,8.23808,1.00,1.07
2015.07.21 08:58:40.988,8.23589,8.23808,1.00,1.37
2015.07.21 08:58:42.281,8.23589,8.23818,1.00,1.37
2015.07.21 08:58:43.131,8.23589,8.23798,1.00,1.00
2015.07.21 08:58:43.300,8.23589,8.23808,1.00,1.07
2015.07.21 08:58:43.574,8.23589,8.23828,1.00,1.75
2015.07.21 08:58:44.020,8.23589,8.23818,1.00,1.37
2015.07.21 08:58:45.176,8.23589,8.23798,1.00,1.00
2015.07.21 08:58:45.534,8.23589,8.23798,1.00,1.12
2015.07.21 08:58:45.688,8.23589,8.23798,1.00,1.00
2015.07.21 08:58:46.994,8.23589,8.23798,1.00,1.12
2015.07.21 08:58:47.371,8.23589,8.23787,1.00,1.00
2015.07.21 08:58:47.490,8.23589,8.23807,1.00,1.37
2015.07.21 08:58:47.809,8.23589,8.23787,1.00,1.00
2015.07.21 08:58:49.039,8.23589,8.23788,1.00,1.00
2015.07.21 08:58:49.360,8.2356,8.23788,1.00,1.07
2015.07.21 08:58:50.991,8.2356,8.23797,1.07,1.07
2015.07.21 08:58:51.331,8.2356,8.23788,1.07,1.00
2015.07.21 08:58:51.661,8.2356,8.23797,1.07,1.07
2015.07.21 08:58:52.311,8.2356,8.23797,1.00,1.75
2015.07.21 08:58:52.362,8.23551,8.23797,1.00,1.75
2015.07.21 08:58:52.717,8.23551,8.23797,1.00,1.37
2015.07.21 08:58:54.050,8.23551,8.23797,1.37,1.07
2015.07.21 08:58:54.385,8.23551,8.23788,1.37,1.00
2015.07.21 08:58:54.860,8.23551,8.23797,1.37,1.07
2015.07.21 08:58:55.054,8.23551,8.23797,1.00,1.37
2015.07.21 08:59:00.066,8.23551,8.23797,1.00,1.97
2015.07.21 08:59:00.218,8.23483,8.23725,1.37,1.75
2015.07.21 08:59:00.319,8.23483,8.23666,1.12,1.00
2015.07.21 08:59:00.532,8.23488,8.23686,1.00,1.00
2015.07.21 08:59:00.583,8.23488,8.23735,1.00,1.00
2015.07.21 08:59:00.684,8.23496,8.23735,1.00,1.00
2015.07.21 08:59:01.019,8.23533,8.23777,1.07,1.00
2015.07.21 08:59:01.384,8.23533,8.23777,1.07,1.37
2015.07.21 08:59:01.750,8.23533,8.23777,1.00,1.75
2015.07.21 08:59:02.280,8.23533,8.23777,1.00,1.00
2015.07.21 08:59:02.546,8.23533,8.23777,1.00,1.75
2015.07.21 08:59:09.996,8.23533,8.23758,1.00,1.75
2015.07.21 08:59:10.047,8.23512,8.23745,1.00,1.50
2015.07.21 08:59:10.098,8.23498,8.23745,1.00,1.50
2015.07.21 08:59:10.301,8.23498,8.23698,1.00,1.00
2015.07.21 08:59:10.440,8.23454,8.23698,1.00,1.75
2015.07.21 08:59:10.592,8.23454,8.23648,1.00,1.00
2015.07.21 08:59:10.642,8.23434,8.23641,1.00,1.00
2015.07.21 08:59:10.744,8.23394,8.23641,1.00,1.00
2015.07.21 08:59:10.795,8.23394,8.23641,1.00,1.75
2015.07.21 08:59:11.116,8.23394,8.23628,1.00,1.75
2015.07.21 08:59:11.873,8.23375,8.23568,1.00,1.00
2015.07.21 08:59:11.924,8.23323,8.23568,1.60,1.00
2015.07.21 08:59:12.076,8.23323,8.23568,1.60,1.37
2015.07.21 08:59:12.127,8.23323,8.23568,1.00,1.37
2015.07.21 08:59:12.315,8.23323,8.23568,1.00,2.25
2015.07.21 08:59:12.766,8.23323,8.23568,1.00,1.07
2015.07.21 08:59:12.867,8.23358,8.23589,1.00,1.75
2015.07.21 08:59:13.594,8.23339,8.23546,1.00,1.00
2015.07.21 08:59:13.645,8.23299,8.23546,1.00,1.50
2015.07.21 08:59:17.929,8.23299,8.23546,1.75,1.50
2015.07.21 08:59:18.278,8.23342,8.23578,1.00,2.41
2015.07.21 08:59:18.450,8.23342,8.23578,1.00,2.41
2015.07.21 08:59:18.782,8.23342,8.23578,1.00,3.16
2015.07.21 08:59:18.834,8.23304,8.23551,1.00,1.75
2015.07.21 08:59:19.483,8.23304,8.23551,1.07,1.07
2015.07.21 08:59:19.534,8.23308,8.23551,1.00,1.07
2015.07.21 08:59:19.837,8.23327,8.23588,1.07,1.75
2015.07.21 08:59:20.156,8.23327,8.23588,1.75,1.00
2015.07.21 08:59:20.258,8.23327,8.23588,1.12,1.37
2015.07.21 08:59:20.461,8.23327,8.23578,1.00,1.75
2015.07.21 08:59:20.912,8.23308,8.23549,1.00,1.00
2015.07.21 08:59:20.963,8.23302,8.23549,1.00,1.00
2015.07.21 08:59:21.013,8.23302,8.23549,1.00,1.37
2015.07.21 08:59:26.499,8.23302,8.23549,1.00,1.75
2015.07.21 08:59:26.879,8.23302,8.23549,1.75,1.75
2015.07.21 08:59:27.486,8.23346,8.23591,1.00,1.75
2015.07.21 08:59:29.895,8.23346,8.23567,1.00,1.75
2015.07.21 08:59:31.013,8.23346,8.23591,1.00,1.75
2015.07.21 08:59:31.803,8.23346,8.23591,1.50,1.00
2015.07.21 08:59:32.005,8.23346,8.23591,1.00,1.75
2015.07.21 08:59:32.859,8.23346,8.23591,1.10,1.07
2015.07.21 08:59:34.508,8.23346,8.23591,1.00,1.75
2015.07.21 08:59:35.060,8.23346,8.23568,1.00,1.37
2015.07.21 08:59:36.065,8.23307,8.23554,1.07,1.10
2015.07.21 08:59:36.539,8.23307,8.23548,1.07,1.00
2015.07.21 08:59:36.912,8.23307,8.23538,1.07,1.00
2015.07.21 08:59:37.182,8.23307,8.23538,1.00,1.07
2015.07.21 08:59:37.468,8.23307,8.23518,1.00,1.00
2015.07.21 08:59:37.671,8.2327,8.23488,1.35,1.00
2015.07.21 08:59:37.772,8.2327,8.23515,1.35,1.37
2015.07.21 08:59:37.823,8.2327,8.23515,1.35,1.75
2015.07.21 08:59:38.062,8.2327,8.23508,1.35,1.07
2015.07.21 08:59:38.164,8.2327,8.23509,1.35,1.12
2015.07.21 08:59:38.623,8.2327,8.23515,2.10,1.07
2015.07.21 08:59:38.927,8.2327,8.23508,1.72,1.12
2015.07.21 08:59:39.476,8.23277,8.23515,1.12,1.00
2015.07.21 08:59:39.700,8.23282,8.23515,1.12,1.00
2015.07.21 08:59:40.599,8.2327,8.23513,1.75,1.00
2015.07.21 08:59:40.700,8.2327,8.23513,1.00,1.37
2015.07.21 08:59:40.802,8.2327,8.23511,1.00,1.50
2015.07.21 08:59:41.129,8.23253,8.2346,1.12,1.00
2015.07.21 08:59:42.110,8.23233,8.2346,1.12,1.75
2015.07.21 08:59:42.433,8.23249,8.23432,1.12,1.00
2015.07.21 08:59:42.642,8.23249,8.23449,1.12,1.07
2015.07.21 08:59:42.794,8.23222,8.23455,1.12,1.75
2015.07.21 08:59:43.157,8.23197,8.2341,1.12,1.00
2015.07.21 08:59:43.310,8.23187,8.2341,1.12,1.75
2015.07.21 08:59:44.019,8.23202,8.2341,1.35,1.75
2015.07.21 08:59:44.312,8.23232,8.23453,1.12,1.00
2015.07.21 08:59:44.535,8.23244,8.23453,1.12,1.00
2015.07.21 08:59:44.759,8.23239,8.23453,1.12,1.00
2015.07.21 08:59:45.361,8.23238,8.23473,1.37,1.00
2015.07.21 08:59:45.470,8.23238,8.23478,1.37,1.00
2015.07.21 08:59:45.580,8.23238,8.23485,1.37,1.00
2015.07.21 08:59:45.728,8.23238,8.23485,1.75,1.00
2015.07.21 08:59:45.991,8.23238,8.23485,1.75,1.00
2015.07.21 08:59:47.767,8.23265,8.23485,2.47,1.00
2015.07.21 08:59:47.919,8.23294,8.2353,1.35,1.75
2015.07.21 08:59:47.970,8.23294,8.2353,1.42,1.37
2015.07.21 08:59:48.021,8.23294,8.2353,1.05,1.37
2015.07.21 08:59:48.072,8.23294,8.2353,1.35,1.00
2015.07.21 08:59:49.323,8.23337,8.23576,2.10,1.75
2015.07.21 08:59:49.475,8.23337,8.23576,2.10,1.37
2015.07.21 08:59:49.627,8.23371,8.23618,1.07,1.75
2015.07.21 08:59:49.916,8.23371,8.23605,1.10,1.12
2015.07.21 08:59:50.239,8.23371,8.23577,1.00,1.37
2015.07.21 08:59:50.615,8.23371,8.23566,1.00,1.12
2015.07.21 08:59:50.716,8.23321,8.23564,2.17,1.37
2015.07.21 08:59:51.059,8.23317,8.23564,1.07,1.37
2015.07.21 08:59:53.119,8.23317,8.23549,1.00,1.12
2015.07.21 08:59:53.472,8.23317,8.23548,1.00,1.75
2015.07.21 08:59:53.775,8.23317,8.23557,1.20,1.75
2015.07.21 08:59:54.229,8.23317,8.23557,1.50,1.75
2015.07.21 08:59:54.533,8.23335,8.23564,2.47,1.75
2015.07.21 08:59:54.685,8.23352,8.23571,1.60,1.12
2015.07.21 08:59:54.799,8.23352,8.23571,1.60,1.12
2015.07.21 08:59:56.228,8.23335,8.23565,2.47,1.75
2015.07.21 08:59:56.529,8.23329,8.23565,1.75,1.75
2015.07.21 08:59:56.731,8.23318,8.23561,1.75,1.75
2015.07.21 08:59:57.083,8.23318,8.23561,1.37,1.75
2015.07.21 08:59:57.409,8.23301,8.23484,1.35,1.00
2015.07.21 08:59:57.565,8.23301,8.23505,1.35,1.00
2015.07.21 08:59:57.616,8.23301,8.23528,1.35,1.75
2015.07.21 08:59:57.768,8.23283,8.23528,2.47,1.75
2015.07.21 08:59:58.533,8.23296,8.23528,1.35,1.07
2015.07.21 08:59:58.585,8.23326,8.23548,1.60,1.75
2015.07.21 08:59:58.635,8.23326,8.23568,1.60,1.12
2015.07.21 08:59:58.737,8.23326,8.23573,1.60,1.75
2015.07.21 08:59:58.940,8.23278,8.23525,1.60,1.75
