2013.12.02 05:00:01.238,6.11677,6.12013,2.94,2.79
2013.12.02 05:00:03.894,6.11677,6.12013,2.94,2.79
2013.12.02 05:00:08.672,6.11642,6.11972,1.65,2.79
2013.12.02 05:00:09.944,6.11628,6.11972,3.02,2.79
2013.12.02 05:00:10.381,6.11628,6.11972,3.02,2.79
2013.12.02 05:00:10.534,6.11668,6.12002,2.04,2.87
2013.12.02 05:00:19.607,6.11668,6.12002,2.04,2.87
2013.12.02 05:00:29.588,6.11668,6.12002,2.94,2.79
2013.12.02 05:00:35.556,6.11668,6.12002,2.94,2.79
2013.12.02 05:00:36.904,6.11671,6.12002,1.65,2.79
2013.12.02 05:00:36.954,6.11698,6.12032,2.04,2.79
2013.12.02 05:00:37.257,6.11698,6.12032,2.04,2.79
2013.12.02 05:00:37.319,6.11698,6.12032,2.04,2.79
2013.12.02 05:00:37.729,6.11717,6.12032,1.80,2.79
2013.12.02 05:00:45.106,6.11717,6.12032,1.80,2.79
2013.12.02 05:00:50.833,6.11717,6.12032,1.80,2.79
2013.12.02 05:00:52.303,6.11717,6.12032,1.80,2.79
2013.12.02 05:00:55.163,6.11717,6.12032,1.80,2.79
2013.12.02 05:00:55.264,6.11698,6.12032,2.04,2.79
2013.12.02 05:00:55.315,6.11668,6.12002,2.94,2.79
2013.12.02 05:00:55.887,6.11668,6.12002,2.94,2.79
2013.12.02 05:01:04.246,6.11668,6.12002,2.94,2.79
2013.12.02 05:01:04.843,6.11668,6.12002,2.94,2.79
2013.12.02 05:01:07.436,6.11668,6.12002,2.94,2.79
2013.12.02 05:01:15.585,6.11668,6.12002,2.94,2.79
2013.12.02 05:01:19.575,6.11677,6.12002,1.80,2.79
2013.12.02 05:01:20.881,6.11677,6.12002,1.80,2.79
2013.12.02 05:01:35.610,6.11668,6.12002,2.94,2.79
2013.12.02 05:01:55.565,6.1166,6.12045,1.80,1.65
2013.12.02 05:02:16.472,6.11661,6.12046,1.80,1.65
2013.12.02 05:02:22.695,6.11662,6.12061,1.80,1.73
2013.12.02 05:02:36.575,6.11662,6.12067,1.80,1.80
2013.12.02 05:02:56.640,6.11665,6.12067,1.80,1.73
2013.12.02 05:03:16.877,6.11662,6.12065,1.80,1.80
2013.12.02 05:03:52.332,6.11662,6.12045,1.80,1.65
2013.12.02 05:04:03.885,6.11662,6.12047,1.80,1.65
2013.12.02 05:04:04.224,6.11662,6.12036,1.80,1.50
2013.12.02 05:04:04.766,6.11662,6.11973,1.80,2.79
2013.12.02 05:04:18.660,6.11627,6.11973,2.94,2.79
2013.12.02 05:04:38.804,6.11627,6.11973,2.94,2.79
2013.12.02 05:04:59.599,6.11627,6.11973,2.94,2.79
2013.12.02 05:05:02.587,6.11627,6.11973,2.94,2.79
2013.12.02 05:05:02.790,6.11627,6.11973,2.94,2.79
2013.12.02 05:05:02.891,6.11668,6.11998,2.04,1.65
2013.12.02 05:05:03.533,6.11668,6.11998,2.04,1.65
2013.12.02 05:05:20.565,6.11668,6.12002,2.94,2.79
2013.12.02 05:05:27.404,6.11668,6.12002,2.94,2.79
2013.12.02 05:05:27.758,6.11652,6.11973,1.80,2.79
2013.12.02 05:05:41.630,6.11627,6.11973,2.94,2.79
2013.12.02 05:06:01.575,6.11627,6.11973,2.12,2.79
2013.12.02 05:06:21.560,6.11627,6.11973,2.12,2.79
2013.12.02 05:06:28.011,6.11607,6.1201,1.80,1.80
2013.12.02 05:06:29.682,6.11607,6.11991,1.80,1.65
2013.12.02 05:06:30.122,6.11607,6.11991,1.80,1.65
2013.12.02 05:06:41.897,6.11607,6.11994,1.80,1.65
2013.12.02 05:06:43.212,6.1161,6.11994,1.80,1.65
2013.12.02 05:07:02.170,6.1161,6.11998,1.80,1.65
2013.12.02 05:07:22.694,6.11608,6.11992,1.80,1.65
2013.12.02 05:07:34.035,6.11608,6.11992,1.80,1.65
2013.12.02 05:07:43.529,6.11608,6.11991,1.80,1.65
2013.12.02 05:07:48.841,6.11606,6.11991,1.80,1.65
2013.12.02 05:08:13.369,6.11606,6.11991,1.80,1.65
2013.12.02 05:08:44.181,6.11574,6.12016,1.50,1.50
2013.12.02 05:09:05.977,6.11573,6.12016,1.50,1.50
2013.12.02 05:09:06.639,6.11606,6.11991,1.80,1.65
2013.12.02 05:09:08.698,6.11606,6.11991,1.80,1.65
2013.12.02 05:09:26.564,6.11609,6.11993,1.80,1.65
2013.12.02 05:09:30.253,6.11609,6.11993,1.80,1.65
2013.12.02 05:09:30.868,6.11609,6.11993,1.80,1.65
2013.12.02 05:09:31.307,6.11609,6.11993,1.80,1.65
2013.12.02 05:09:32.745,6.11609,6.11993,1.80,1.65
2013.12.02 05:09:45.996,6.11609,6.11993,1.80,1.65
2013.12.02 05:09:47.588,6.11604,6.11987,1.80,1.65
2013.12.02 05:10:08.672,6.11603,6.11986,1.80,1.65
2013.12.02 05:10:15.479,6.11603,6.11986,1.80,1.65
2013.12.02 05:10:27.733,6.11603,6.11986,1.80,1.65
2013.12.02 05:10:28.820,6.1159,6.11974,2.55,1.65
2013.12.02 05:10:48.840,6.11588,6.11971,1.80,1.65
2013.12.02 05:10:48.942,6.11588,6.11971,1.80,1.65
2013.12.02 05:11:00.908,6.11588,6.11922,3.84,2.79
2013.12.02 05:11:09.549,6.11588,6.11922,3.84,2.79
2013.12.02 05:11:23.457,6.11588,6.11922,2.94,2.79
2013.12.02 05:11:23.899,6.11588,6.11922,2.94,2.79
2013.12.02 05:11:30.584,6.11588,6.11922,2.94,2.79
2013.12.02 05:12:12.573,6.11593,6.1197,1.80,1.65
2013.12.02 05:12:17.769,6.11586,6.1197,1.80,1.65
2013.12.02 05:12:18.130,6.11586,6.1197,1.80,1.65
2013.12.02 05:12:18.180,6.11628,6.11962,2.04,2.79
2013.12.02 05:12:23.926,6.11628,6.11962,2.04,2.79
2013.12.02 05:12:27.686,6.11628,6.11962,2.04,2.79
2013.12.02 05:12:32.639,6.11628,6.11962,2.94,2.79
2013.12.02 05:12:50.986,6.11628,6.11962,2.94,2.79
2013.12.02 05:12:51.426,6.11628,6.11962,2.94,2.79
2013.12.02 05:12:53.533,6.11628,6.11962,2.12,2.79
2013.12.02 05:13:03.856,6.11628,6.11962,2.12,2.79
2013.12.02 05:13:11.776,6.11628,6.11962,2.12,2.79
2013.12.02 05:13:13.598,6.11628,6.11962,2.12,2.79
2013.12.02 05:13:33.772,6.11606,6.11992,1.80,1.65
2013.12.02 05:13:41.145,6.11606,6.11992,1.80,1.65
2013.12.02 05:13:47.165,6.11606,6.11992,1.80,1.65
2013.12.02 05:13:54.598,6.11607,6.11992,2.55,1.65
2013.12.02 05:13:54.864,6.11607,6.11992,2.55,1.65
2013.12.02 05:14:08.177,6.11607,6.11992,2.55,1.65
2013.12.02 05:14:13.675,6.11607,6.11992,2.55,1.65
2013.12.02 05:14:14.004,6.11611,6.11992,1.73,1.65
2013.12.02 05:14:14.774,6.11617,6.12001,1.80,1.65
2013.12.02 05:14:19.283,6.11617,6.12001,1.80,1.65
2013.12.02 05:14:21.381,6.11617,6.12001,1.80,1.65
2013.12.02 05:14:34.614,6.11626,6.12001,1.65,1.65
2013.12.02 05:14:34.905,6.11626,6.12009,1.73,1.65
2013.12.02 05:14:37.875,6.11626,6.12009,1.73,1.65
2013.12.02 05:14:43.922,6.11626,6.12009,1.73,1.65
2013.12.02 05:14:46.565,6.11626,6.12009,1.73,1.65
2013.12.02 05:14:51.183,6.11625,6.12009,1.80,1.65
2013.12.02 05:14:54.913,6.1163,6.12013,1.80,1.65
2013.12.02 05:14:57.123,6.1163,6.12013,1.80,1.65
2013.12.02 05:14:59.652,6.1163,6.12013,1.80,1.65
2013.12.02 05:15:00.643,6.1163,6.12013,1.80,1.65
2013.12.02 05:15:08.460,6.1163,6.12008,1.80,1.58
2013.12.02 05:15:12.635,6.1163,6.12008,1.80,1.58
2013.12.02 05:15:14.860,6.1161,6.11994,1.80,1.65
2013.12.02 05:15:33.425,6.1161,6.11994,1.80,1.65
2013.12.02 05:15:55.660,6.11622,6.12007,1.80,1.65
2013.12.02 05:16:16.623,6.11622,6.12005,1.80,1.65
2013.12.02 05:16:34.465,6.11621,6.12007,1.80,1.65
2013.12.02 05:16:37.569,6.11621,6.12007,1.80,1.65
2013.12.02 05:16:54.816,6.1162,6.12004,1.80,1.65
2013.12.02 05:17:10.459,6.11657,6.11993,2.04,2.79
2013.12.02 05:17:10.560,6.11657,6.11993,2.04,2.79
2013.12.02 05:17:10.662,6.11657,6.11993,2.04,2.79
2013.12.02 05:17:22.061,6.11657,6.11993,2.04,2.79
2013.12.02 05:17:25.703,6.11657,6.11993,2.04,2.79
2013.12.02 05:17:25.855,6.11657,6.11993,2.04,2.79
2013.12.02 05:17:26.023,6.11657,6.11993,2.04,2.79
2013.12.02 05:17:50.975,6.11657,6.11993,2.04,2.79
2013.12.02 05:17:51.064,6.11657,6.11993,2.04,2.79
2013.12.02 05:17:51.414,6.11657,6.11993,2.04,2.79
2013.12.02 05:17:58.761,6.11657,6.11993,2.04,2.79
2013.12.02 05:18:12.112,6.11623,6.12007,1.80,1.65
2013.12.02 05:18:20.965,6.11623,6.12007,1.80,1.65
2013.12.02 05:18:23.290,6.11623,6.12007,1.80,1.65
2013.12.02 05:18:25.710,6.11626,6.12007,1.73,1.65
2013.12.02 05:18:39.571,6.11626,6.12007,1.73,1.65
2013.12.02 05:18:41.587,6.11631,6.12015,1.80,1.65
2013.12.02 05:19:01.842,6.11621,6.12004,1.65,1.65
2013.12.02 05:19:03.992,6.11621,6.12004,1.65,1.65
2013.12.02 05:19:09.489,6.11621,6.12004,1.65,1.65
2013.12.02 05:19:17.851,6.11621,6.12004,1.65,1.65
2013.12.02 05:19:22.617,6.11621,6.12004,1.65,1.65
2013.12.02 05:19:48.379,6.11621,6.12004,1.73,1.65
2013.12.02 05:19:54.430,6.11617,6.12004,1.73,1.65
2013.12.02 05:19:54.762,6.11617,6.11999,1.73,1.58
2013.12.02 05:19:55.075,6.11628,6.11962,2.94,2.79
2013.12.02 05:19:55.227,6.11628,6.11962,2.94,2.79
2013.12.02 05:19:56.739,6.11628,6.11962,2.94,2.79
2013.12.02 05:19:57.652,6.11628,6.11962,2.94,2.79
2013.12.02 05:19:57.950,6.11628,6.11962,2.94,2.79
2013.12.02 05:19:58.278,6.11628,6.11962,2.94,2.79
2013.12.02 05:20:00.183,6.11628,6.11962,2.94,2.79
2013.12.02 05:20:00.507,6.11628,6.11962,2.94,2.79
2013.12.02 05:20:00.829,6.11628,6.11962,2.94,2.79
2013.12.02 05:20:02.261,6.11628,6.11962,2.94,2.79
2013.12.02 05:20:02.701,6.11628,6.11962,2.94,2.79
2013.12.02 05:20:04.460,6.11628,6.11962,2.94,2.79
2013.12.02 05:20:05.138,6.11628,6.11962,2.94,2.79
2013.12.02 05:20:13.624,6.11628,6.11962,2.94,2.79
2013.12.02 05:20:18.903,6.11628,6.11962,2.94,2.79
2013.12.02 05:20:21.808,6.11628,6.11962,2.94,2.79
2013.12.02 05:20:23.525,6.11628,6.11962,2.94,2.79
2013.12.02 05:20:24.070,6.11628,6.11962,2.94,2.79
2013.12.02 05:20:25.006,6.11628,6.11962,2.94,2.79
2013.12.02 05:20:25.338,6.11628,6.11962,2.94,2.79
2013.12.02 05:20:26.103,6.11628,6.11962,2.94,2.79
2013.12.02 05:20:36.871,6.11628,6.11962,2.94,2.79
2013.12.02 05:20:38.752,6.11628,6.11962,2.94,2.79
2013.12.02 05:20:39.060,6.11619,6.11913,1.80,2.79
2013.12.02 05:20:39.162,6.11577,6.11913,3.02,2.79
2013.12.02 05:20:39.212,6.11577,6.11913,3.02,2.79
2013.12.02 05:20:39.329,6.11577,6.11913,2.12,2.79
2013.12.02 05:20:39.512,6.11577,6.11913,2.12,2.79
2013.12.02 05:20:42.040,6.11577,6.11913,2.12,2.79
2013.12.02 05:20:43.303,6.11554,6.11883,1.80,2.79
2013.12.02 05:20:43.616,6.11554,6.11883,1.80,2.79
2013.12.02 05:20:52.489,6.11554,6.11883,1.80,2.79
2013.12.02 05:20:59.195,6.11537,6.11883,3.02,2.79
2013.12.02 05:21:01.398,6.11537,6.11883,3.02,2.79
2013.12.02 05:21:02.940,6.11537,6.11883,3.02,2.79
2013.12.02 05:21:05.308,6.11577,6.11913,2.04,2.87
2013.12.02 05:21:05.359,6.11577,6.11913,2.04,2.87
2013.12.02 05:21:05.451,6.11577,6.11913,2.04,2.87
2013.12.02 05:21:06.267,6.11577,6.11913,2.04,2.87
2013.12.02 05:21:06.438,6.11577,6.11913,2.04,2.87
2013.12.02 05:21:06.842,6.11577,6.11913,2.04,2.87
2013.12.02 05:21:06.892,6.11577,6.11913,2.04,2.87
2013.12.02 05:21:19.502,6.11577,6.11913,2.94,2.79
2013.12.02 05:21:25.138,6.11577,6.11913,2.94,2.79
2013.12.02 05:21:27.269,6.11577,6.11913,2.94,2.79
2013.12.02 05:21:27.778,6.11577,6.11913,2.94,2.79
2013.12.02 05:21:28.670,6.11577,6.11913,2.94,2.79
2013.12.02 05:21:29.573,6.11577,6.11913,2.94,2.79
2013.12.02 05:21:35.382,6.11577,6.11913,2.94,2.79
2013.12.02 05:21:36.590,6.11577,6.11913,2.94,2.79
2013.12.02 05:21:38.592,6.11577,6.11913,2.94,2.79
2013.12.02 05:21:38.954,6.11577,6.11913,2.94,2.79
2013.12.02 05:21:39.554,6.11555,6.11882,1.80,2.79
2013.12.02 05:21:39.605,6.11548,6.11882,1.65,2.79
2013.12.02 05:21:39.781,6.11548,6.11882,1.65,2.79
2013.12.02 05:21:43.333,6.11548,6.11882,1.65,2.79
2013.12.02 05:21:43.898,6.11577,6.11913,2.04,2.87
2013.12.02 05:21:44.180,6.11577,6.11913,2.04,2.87
2013.12.02 05:21:44.290,6.11577,6.11913,2.04,2.87
2013.12.02 05:21:45.172,6.11577,6.11913,2.04,2.87
2013.12.02 05:21:45.554,6.11577,6.11913,2.04,2.87
2013.12.02 05:21:47.259,6.11577,6.11913,2.04,2.87
2013.12.02 05:21:48.138,6.11577,6.11913,2.04,2.87
2013.12.02 05:21:48.272,6.11548,6.11882,1.65,2.79
2013.12.02 05:21:51.790,6.11538,6.11882,3.02,2.79
2013.12.02 05:21:55.306,6.11538,6.11882,3.02,2.79
2013.12.02 05:21:56.280,6.11535,6.11842,1.80,2.79
2013.12.02 05:21:58.368,6.11537,6.11883,3.02,2.79
2013.12.02 05:21:59.519,6.11537,6.11883,3.02,2.79
2013.12.02 05:21:59.797,6.11537,6.11883,2.94,2.79
2013.12.02 05:22:01.670,6.11537,6.11883,2.94,2.79
2013.12.02 05:22:01.935,6.11528,6.11843,1.80,2.79
2013.12.02 05:22:02.036,6.11528,6.11843,1.80,2.79
2013.12.02 05:22:04.682,6.11528,6.11843,1.80,2.79
2013.12.02 05:22:06.618,6.11528,6.11843,1.80,2.79
2013.12.02 05:22:09.516,6.11528,6.11843,1.80,2.79
2013.12.02 05:22:11.497,6.11528,6.11843,1.80,2.79
2013.12.02 05:22:19.584,6.11512,6.11843,1.80,2.79
2013.12.02 05:22:20.347,6.11507,6.11843,2.94,2.79
2013.12.02 05:22:27.097,6.11507,6.11843,2.94,2.79
2013.12.02 05:22:32.708,6.11507,6.11843,2.94,2.79
2013.12.02 05:22:33.065,6.11507,6.11843,2.94,2.79
2013.12.02 05:22:34.578,6.11507,6.11843,2.94,2.79
2013.12.02 05:22:39.658,6.11512,6.11843,1.80,2.79
2013.12.02 05:22:40.387,6.1152,6.11843,1.80,2.79
2013.12.02 05:22:41.836,6.1152,6.11843,1.80,2.79
2013.12.02 05:22:45.686,6.1152,6.11843,1.80,2.79
2013.12.02 05:22:58.006,6.1152,6.11843,1.80,2.79
2013.12.02 05:22:58.357,6.1152,6.11843,1.80,2.79
2013.12.02 05:22:58.802,6.1152,6.11843,1.80,2.79
2013.12.02 05:22:59.435,6.1152,6.11843,1.80,2.79
2013.12.02 05:23:00.109,6.11507,6.11843,3.02,2.79
2013.12.02 05:23:00.210,6.11507,6.11843,2.12,2.79
2013.12.02 05:23:00.692,6.11507,6.11843,2.12,2.79
2013.12.02 05:23:01.085,6.11507,6.11843,2.12,2.79
2013.12.02 05:23:02.971,6.11484,6.11868,1.80,1.65
2013.12.02 05:23:09.446,6.11484,6.11868,1.80,1.65
2013.12.02 05:23:11.882,6.11505,6.11868,1.65,1.65
2013.12.02 05:23:15.166,6.11505,6.11868,1.65,1.65
2013.12.02 05:23:15.606,6.11505,6.11868,1.65,1.65
2013.12.02 05:23:16.817,6.11505,6.11868,1.65,1.65
2013.12.02 05:23:18.359,6.11505,6.11868,1.65,1.65
2013.12.02 05:23:20.568,6.11508,6.11889,1.65,1.65
2013.12.02 05:23:21.656,6.1152,6.11903,1.80,1.65
2013.12.02 05:23:29.246,6.1152,6.11903,1.80,1.65
2013.12.02 05:23:40.557,6.11526,6.11909,1.80,1.65
2013.12.02 05:23:47.857,6.11526,6.11909,1.80,1.65
2013.12.02 05:23:51.705,6.11526,6.11909,1.80,1.65
2013.12.02 05:23:59.736,6.11526,6.11909,1.80,1.65
2013.12.02 05:24:16.234,6.11526,6.11909,1.80,1.65
2013.12.02 05:24:21.593,6.11526,6.11911,1.80,1.65
2013.12.02 05:24:41.498,6.11528,6.1191,1.80,1.65
2013.12.02 05:25:01.587,6.11521,6.11906,1.80,1.65
2013.12.02 05:25:04.063,6.11521,6.11906,1.80,1.65
2013.12.02 05:25:04.719,6.11521,6.11906,1.80,1.65
2013.12.02 05:25:12.113,6.11521,6.11906,1.80,1.65
2013.12.02 05:25:14.949,6.11521,6.11906,1.80,1.65
2013.12.02 05:25:15.266,6.11521,6.11895,1.80,1.50
2013.12.02 05:25:21.122,6.11521,6.11886,1.80,1.50
2013.12.02 05:25:21.722,6.11513,6.11878,2.55,1.65
2013.12.02 05:25:22.093,6.11513,6.11878,1.65,1.65
2013.12.02 05:25:22.562,6.11513,6.11878,1.65,1.65
2013.12.02 05:25:30.567,6.11499,6.11878,1.73,1.65
2013.12.02 05:25:36.177,6.11499,6.11878,1.73,1.65
2013.12.02 05:25:42.697,6.11499,6.1188,1.73,1.65
2013.12.02 05:25:43.784,6.115,6.1188,1.73,1.65
2013.12.02 05:25:51.578,6.115,6.1188,1.73,1.65
2013.12.02 05:25:52.456,6.115,6.1188,1.73,1.65
2013.12.02 05:25:55.800,6.115,6.1188,1.73,1.65
2013.12.02 05:25:56.091,6.11504,6.1188,1.65,1.65
2013.12.02 05:26:02.671,6.11515,6.1188,1.80,1.65
2013.12.02 05:26:03.218,6.11523,6.11908,1.80,2.40
2013.12.02 05:26:36.247,6.11523,6.11908,1.80,2.40
2013.12.02 05:26:43.972,6.11537,6.11883,2.94,2.79
2013.12.02 05:26:47.132,6.11537,6.11883,2.94,2.79
2013.12.02 05:26:56.665,6.11537,6.11883,2.94,2.79
2013.12.02 05:26:58.773,6.11537,6.11883,2.94,2.79
2013.12.02 05:27:09.647,6.11537,6.11883,2.94,2.79
2013.12.02 05:27:18.777,6.11537,6.11883,2.94,2.79
2013.12.02 05:27:24.591,6.11537,6.11883,3.02,2.79
2013.12.02 05:27:27.316,6.11537,6.11883,3.02,2.79
2013.12.02 05:27:30.066,6.11537,6.11883,3.02,2.79
2013.12.02 05:27:31.056,6.11537,6.11883,3.02,2.79
2013.12.02 05:27:37.874,6.11535,6.11908,1.80,1.50
2013.12.02 05:27:44.183,6.11535,6.11908,1.80,1.50
2013.12.02 05:27:45.075,6.11535,6.11908,1.80,1.50
2013.12.02 05:27:47.224,6.11535,6.11909,1.80,1.50
2013.12.02 05:27:48.984,6.11535,6.11909,1.80,1.50
2013.12.02 05:27:56.796,6.11535,6.11908,1.80,1.50
2013.12.02 05:28:03.944,6.11535,6.11908,1.80,1.50
2013.12.02 05:28:05.092,6.11535,6.11908,1.80,1.50
2013.12.02 05:28:25.276,6.11529,6.11908,1.80,1.58
2013.12.02 05:28:25.444,6.11529,6.11908,1.80,1.58
2013.12.02 05:28:26.055,6.11529,6.11908,1.80,1.58
2013.12.02 05:29:05.775,6.11528,6.11908,1.80,1.50
2013.12.02 05:29:22.661,6.11534,6.11917,1.80,1.65
2013.12.02 05:29:25.399,6.11534,6.11917,1.80,1.65
2013.12.02 05:29:25.834,6.11538,6.11922,1.80,1.65
2013.12.02 05:29:26.060,6.11538,6.11922,1.80,1.65
2013.12.02 05:29:26.720,6.11538,6.11922,1.80,1.65
2013.12.02 05:29:33.416,6.11538,6.11922,1.80,1.65
2013.12.02 05:29:33.769,6.11578,6.11912,2.04,2.79
2013.12.02 05:29:38.451,6.11578,6.11912,2.04,2.79
2013.12.02 05:29:44.063,6.11578,6.11912,2.04,2.79
2013.12.02 05:29:46.585,6.11578,6.11912,2.94,2.79
2013.12.02 05:29:51.541,6.11578,6.11912,3.02,2.79
2013.12.02 05:29:55.316,6.11578,6.11912,3.02,2.79
2013.12.02 05:30:06.629,6.11578,6.11912,3.02,2.79
2013.12.02 05:30:08.591,6.11578,6.11912,2.94,2.79
2013.12.02 05:30:12.173,6.11578,6.11912,2.94,2.79
2013.12.02 05:30:19.430,6.11578,6.11912,2.94,2.79
2013.12.02 05:30:19.884,6.11578,6.11912,2.94,2.79
2013.12.02 05:30:20.201,6.11578,6.11912,2.94,2.79
2013.12.02 05:30:20.641,6.11578,6.11912,2.94,2.79
2013.12.02 05:30:21.351,6.11578,6.11912,2.94,2.79
2013.12.02 05:30:25.391,6.11583,6.11912,1.65,2.04
2013.12.02 05:30:25.616,6.11583,6.11912,1.65,2.04
2013.12.02 05:30:25.952,6.11628,6.11962,2.79,3.02
2013.12.02 05:30:26.104,6.11638,6.11962,1.65,2.04
2013.12.02 05:30:26.256,6.11638,6.11962,1.65,2.04
2013.12.02 05:30:26.622,6.11628,6.11962,2.94,2.04
2013.12.02 05:30:26.723,6.11708,6.12022,2.04,1.80
2013.12.02 05:30:26.874,6.11708,6.12052,2.94,2.04
2013.12.02 05:30:28.708,6.11695,6.12098,1.80,1.80
2013.12.02 05:30:47.409,6.11714,6.12128,2.78,1.28
2013.12.02 05:30:47.479,6.11751,6.12135,1.80,1.28
2013.12.02 05:30:47.983,6.11751,6.12139,1.80,1.28
2013.12.02 05:30:58.622,6.11751,6.12135,1.80,1.28
2013.12.02 05:31:07.655,6.11753,6.12136,1.80,1.65
2013.12.02 05:31:10.059,6.11753,6.12156,1.80,1.80
2013.12.02 05:31:15.229,6.11753,6.12136,1.80,1.65
2013.12.02 05:31:27.620,6.11759,6.12145,1.80,1.65
2013.12.02 05:31:40.091,6.11759,6.12145,1.80,1.65
2013.12.02 05:31:44.380,6.11759,6.12145,1.80,1.28
2013.12.02 05:31:47.615,6.11779,6.12145,1.80,1.28
2013.12.02 05:31:48.008,6.11782,6.12149,1.80,1.88
2013.12.02 05:31:51.581,6.11782,6.12166,1.80,1.65
2013.12.02 05:32:06.599,6.11782,6.12161,1.80,1.95
2013.12.02 05:32:07.598,6.11782,6.12161,1.80,1.88
2013.12.02 05:32:07.912,6.11784,6.12149,1.80,1.88
2013.12.02 05:32:10.889,6.11784,6.12168,1.80,1.65
2013.12.02 05:32:13.091,6.11784,6.12168,1.80,1.65
2013.12.02 05:32:21.343,6.11784,6.12168,1.80,1.65
2013.12.02 05:32:24.203,6.11784,6.12168,1.80,1.65
2013.12.02 05:32:25.649,6.11784,6.12164,1.80,1.95
2013.12.02 05:32:27.939,6.11784,6.12154,1.80,1.88
2013.12.02 05:32:30.169,6.11785,6.12154,1.80,1.88
2013.12.02 05:32:48.490,6.11788,6.12154,1.80,1.88
2013.12.02 05:33:08.516,6.11788,6.12154,1.80,1.88
2013.12.02 05:33:14.180,6.11789,6.12136,1.80,1.88
2013.12.02 05:33:15.501,6.11789,6.12147,1.80,1.88
2013.12.02 05:33:16.776,6.11789,6.12143,1.80,1.88
2013.12.02 05:33:27.886,6.11789,6.12165,1.80,1.88
2013.12.02 05:33:28.561,6.11784,6.12147,1.80,1.65
2013.12.02 05:33:28.826,6.11764,6.12147,1.80,1.65
2013.12.02 05:33:49.533,6.11764,6.1215,1.80,1.65
2013.12.02 05:34:09.749,6.11764,6.12148,1.80,1.65
2013.12.02 05:34:18.479,6.11764,6.12148,1.80,1.65
2013.12.02 05:34:29.788,6.11763,6.12147,1.80,1.65
2013.12.02 05:34:31.457,6.11763,6.12147,1.80,1.28
2013.12.02 05:34:50.109,6.11763,6.12147,1.80,1.28
2013.12.02 05:34:54.134,6.11762,6.12147,1.80,1.65
2013.12.02 05:34:55.544,6.11762,6.12147,1.80,1.28
2013.12.02 05:35:10.575,6.11762,6.12148,1.80,1.28
2013.12.02 05:35:30.770,6.11785,6.12166,1.80,1.28
2013.12.02 05:35:30.821,6.11796,6.12179,1.80,1.65
2013.12.02 05:35:51.655,6.118,6.12184,1.80,1.65
2013.12.02 05:36:12.660,6.11797,6.12181,1.80,1.65
2013.12.02 05:36:28.897,6.11797,6.122,1.80,1.80
2013.12.02 05:36:33.708,6.11797,6.12202,1.80,1.80
2013.12.02 05:36:53.579,6.11797,6.12202,1.80,1.80
2013.12.02 05:36:59.916,6.11795,6.12179,1.80,1.65
2013.12.02 05:37:05.135,6.11795,6.12173,1.80,2.12
2013.12.02 05:37:10.045,6.11795,6.12179,1.80,1.65
2013.12.02 05:37:12.834,6.11795,6.12179,1.80,1.28
2013.12.02 05:37:14.634,6.11795,6.12175,1.80,1.28
2013.12.02 05:37:30.446,6.11777,6.1216,1.80,1.65
2013.12.02 05:37:31.404,6.11777,6.12172,1.80,2.94
2013.12.02 05:37:35.589,6.1176,6.12163,1.80,1.80
2013.12.02 05:37:55.714,6.11762,6.12165,1.80,1.80
2013.12.02 05:38:16.638,6.11762,6.12167,1.80,1.80
2013.12.02 05:38:37.523,6.11762,6.12167,1.80,1.80
2013.12.02 05:38:57.598,6.11766,6.12171,1.80,1.80
2013.12.02 05:39:18.612,6.11763,6.12168,1.80,1.80
2013.12.02 05:39:39.657,6.11765,6.12173,1.80,1.80
2013.12.02 05:39:59.683,6.11759,6.12162,1.80,1.80
2013.12.02 05:40:20.588,6.11759,6.12164,1.80,1.80
2013.12.02 05:40:48.992,6.11848,6.12164,2.04,1.80
2013.12.02 05:40:49.112,6.11848,6.12192,2.94,2.04
2013.12.02 05:41:09.596,6.11848,6.12192,2.94,2.04
2013.12.02 05:41:30.681,6.11848,6.12192,2.94,2.04
2013.12.02 05:41:50.323,6.1184,6.12224,1.80,1.65
2013.12.02 05:41:51.545,6.1184,6.12229,1.80,1.65
2013.12.02 05:42:00.361,6.11846,6.12229,1.80,1.65
2013.12.02 05:42:11.800,6.11846,6.12229,1.80,1.65
2013.12.02 05:42:11.850,6.11855,6.12244,1.80,1.65
2013.12.02 05:42:17.870,6.11855,6.12244,1.80,1.65
2013.12.02 05:42:18.123,6.11897,6.12233,2.04,2.04
2013.12.02 05:42:25.548,6.11897,6.12233,2.04,2.79
2013.12.02 05:42:26.099,6.11897,6.12233,2.04,2.79
2013.12.02 05:42:29.210,6.11897,6.12233,2.04,2.79
2013.12.02 05:42:32.664,6.11897,6.12233,2.94,2.79
2013.12.02 05:42:45.860,6.11897,6.12233,2.94,2.79
2013.12.02 05:42:53.600,6.11897,6.12233,2.12,2.79
2013.12.02 05:42:58.411,6.11897,6.12233,2.12,2.79
2013.12.02 05:42:58.742,6.11897,6.12233,2.12,2.79
2013.12.02 05:42:59.070,6.11873,6.12203,1.80,2.04
2013.12.02 05:43:11.719,6.11873,6.12203,1.80,2.79
2013.12.02 05:43:13.816,6.11867,6.12203,2.04,2.79
2013.12.02 05:43:14.296,6.11867,6.12203,2.04,2.79
2013.12.02 05:43:20.848,6.11867,6.12203,2.04,2.79
2013.12.02 05:43:21.400,6.11867,6.12203,2.04,2.79
2013.12.02 05:43:31.702,6.11988,6.12217,2.04,1.65
2013.12.02 05:43:32.005,6.11988,6.12312,2.04,1.50
2013.12.02 05:43:32.848,6.11988,6.12283,2.04,1.13
2013.12.02 05:43:32.949,6.11898,6.12232,2.04,2.79
2013.12.02 05:43:33.808,6.11898,6.12232,2.04,2.79
2013.12.02 05:43:35.347,6.11898,6.12232,2.04,2.79
2013.12.02 05:43:41.509,6.11898,6.12232,2.04,2.79
2013.12.02 05:43:53.389,6.11898,6.12232,2.04,2.79
2013.12.02 05:44:02.189,6.11898,6.12232,2.04,2.79
2013.12.02 05:44:05.929,6.11898,6.12232,2.04,2.79
2013.12.02 05:44:32.986,6.11857,6.12241,1.80,1.65
2013.12.02 05:44:34.604,6.11857,6.12241,1.80,1.65
2013.12.02 05:44:54.780,6.11853,6.12237,1.80,1.65
2013.12.02 05:45:06.276,6.11853,6.12237,1.80,1.65
2013.12.02 05:45:15.685,6.11847,6.1223,1.80,1.65
2013.12.02 05:45:35.921,6.11845,6.12229,1.80,1.65
2013.12.02 05:46:06.910,6.11845,6.1225,1.80,1.80
2013.12.02 05:46:16.610,6.11845,6.1225,1.80,1.80
2013.12.02 05:46:32.625,6.11844,6.12228,1.80,1.65
2013.12.02 05:46:37.595,6.11844,6.12228,1.80,1.65
2013.12.02 05:46:58.051,6.11846,6.12229,1.80,1.65
2013.12.02 05:47:18.645,6.11844,6.1223,1.80,1.65
2013.12.02 05:47:33.347,6.11844,6.1225,1.80,1.80
2013.12.02 05:47:38.740,6.11845,6.12248,1.80,1.80
2013.12.02 05:47:58.734,6.11845,6.12248,1.80,1.80
2013.12.02 05:48:14.888,6.11846,6.1223,1.80,1.65
2013.12.02 05:48:17.419,6.11846,6.1223,1.80,1.65
2013.12.02 05:48:19.503,6.11847,6.12232,1.80,1.65
2013.12.02 05:48:22.253,6.11847,6.12232,1.80,1.65
2013.12.02 05:48:37.655,6.11847,6.12232,1.80,1.65
2013.12.02 05:48:39.584,6.11845,6.12229,1.80,1.65
2013.12.02 05:49:00.580,6.11847,6.12232,1.80,1.65
2013.12.02 05:49:17.912,6.11847,6.12232,1.80,1.65
2013.12.02 05:49:20.973,6.11847,6.12232,1.80,1.65
2013.12.02 05:49:41.629,6.11849,6.12232,1.80,1.65
2013.12.02 05:49:56.321,6.11849,6.12182,1.80,2.04
2013.12.02 05:50:01.586,6.11849,6.12182,1.80,2.04
2013.12.02 05:50:21.900,6.1185,6.12182,1.80,2.04
2013.12.02 05:50:42.655,6.11852,6.12182,1.80,2.04
2013.12.02 05:50:48.869,6.11878,6.12222,2.12,2.04
2013.12.02 05:50:52.285,6.11917,6.12253,2.04,3.02
2013.12.02 05:51:03.610,6.11917,6.12253,2.04,2.94
2013.12.02 05:51:19.997,6.11877,6.12223,2.94,2.04
2013.12.02 05:51:23.666,6.11877,6.12223,2.94,2.04
2013.12.02 05:51:53.852,6.11918,6.12252,2.04,2.94
2013.12.02 05:52:03.021,6.11918,6.12248,2.04,1.65
2013.12.02 05:52:29.603,6.11918,6.12252,2.04,2.94
2013.12.02 05:52:49.952,6.11877,6.12223,2.94,2.04
2013.12.02 05:53:25.694,6.11877,6.12223,2.12,2.04
2013.12.02 05:53:46.678,6.11877,6.12223,2.94,2.04
2013.12.02 05:53:51.236,6.1186,6.12244,1.80,1.65
2013.12.02 05:54:06.884,6.1186,6.12244,1.80,1.65
2013.12.02 05:54:27.638,6.11855,6.1226,1.80,1.80
2013.12.02 05:54:48.613,6.1186,6.12263,1.80,1.80
2013.12.02 05:55:29.344,6.1186,6.12243,1.80,1.65
2013.12.02 05:55:31.388,6.11854,6.12173,1.80,2.04
2013.12.02 05:55:49.590,6.1184,6.12173,1.80,2.04
2013.12.02 05:55:49.650,6.11837,6.12173,2.94,2.04
2013.12.02 05:55:50.289,6.11878,6.12212,2.04,2.94
2013.12.02 05:56:09.085,6.11878,6.12203,2.04,1.65
2013.12.02 05:56:09.135,6.11837,6.12173,2.94,2.04
2013.12.02 05:56:09.645,6.11837,6.12173,2.94,2.04
2013.12.02 05:56:15.588,6.11878,6.12212,2.04,3.69
2013.12.02 05:56:30.620,6.11878,6.12212,2.12,2.04
2013.12.02 05:56:51.129,6.11878,6.12212,2.04,2.04
2013.12.02 05:56:59.636,6.11878,6.12212,2.04,2.79
2013.12.02 05:57:02.057,6.11878,6.12212,2.04,2.04
2013.12.02 05:57:14.155,6.11878,6.12212,2.04,2.79
2013.12.02 05:57:15.637,6.11839,6.12223,1.80,1.65
2013.12.02 05:57:18.254,6.11839,6.12223,1.80,1.65
2013.12.02 05:57:18.998,6.11839,6.12172,1.80,2.04
2013.12.02 05:57:21.751,6.11878,6.12212,2.04,2.79
2013.12.02 05:57:51.659,6.11878,6.12212,2.12,2.04
2013.12.02 05:58:11.603,6.11878,6.12212,2.04,2.79
2013.12.02 05:58:17.554,6.11878,6.12212,2.04,2.79
2013.12.02 05:58:17.857,6.11878,6.12212,2.04,2.79
2013.12.02 05:58:24.635,6.11842,6.12226,1.80,1.65
2013.12.02 05:58:25.572,6.11842,6.12172,1.80,2.04
2013.12.02 05:58:31.559,6.11838,6.12172,2.12,2.04
2013.12.02 05:58:52.465,6.11838,6.12172,2.04,2.79
2013.12.02 05:59:02.164,6.11838,6.12172,2.04,2.79
2013.12.02 05:59:03.175,6.11838,6.12172,2.04,2.79
2013.12.02 05:59:03.614,6.11838,6.12172,2.04,2.79
2013.12.02 05:59:03.935,6.1181,6.12142,1.80,2.04
2013.12.02 05:59:12.538,6.11808,6.12142,2.94,2.79
2013.12.02 05:59:12.589,6.11808,6.12142,2.04,2.79
2013.12.02 05:59:28.366,6.11808,6.12142,2.04,2.79
2013.12.02 05:59:52.628,6.11808,6.12142,2.94,2.79
2013.12.02 05:59:52.893,6.11808,6.12142,2.94,2.79
2013.12.02 05:59:57.622,6.11808,6.12142,2.94,2.79
2013.12.02 05:59:57.968,6.11808,6.12142,2.94,2.79
