2012.08.20 10:00:00.466,5.9209,5.92167,1.73,2.03
2012.08.20 10:00:00.529,5.92115,5.9219,1.73,2.03
2012.08.20 10:00:00.903,5.92129,5.92221,2.63,2.03
2012.08.20 10:00:00.966,5.92151,5.92256,2.03,2.03
2012.08.20 10:00:03.383,5.92151,5.92256,2.25,2.03
2012.08.20 10:00:03.706,5.92197,5.92278,2.78,2.03
2012.08.20 10:00:03.779,5.92211,5.92299,2.03,2.03
2012.08.20 10:00:03.844,5.92235,5.92338,2.03,2.03
2012.08.20 10:00:03.909,5.92223,5.92328,2.03,2.25
2012.08.20 10:00:04.255,5.92201,5.92304,2.03,2.25
2012.08.20 10:00:04.374,5.92183,5.92263,2.03,2.81
2012.08.20 10:00:04.491,5.92183,5.92263,2.03,2.81
2012.08.20 10:00:04.916,5.92161,5.92218,2.03,2.03
2012.08.20 10:00:05.093,5.92129,5.92232,2.03,2.25
2012.08.20 10:00:05.325,5.9215,5.92242,2.03,2.06
2012.08.20 10:00:05.386,5.9215,5.92242,2.03,1.83
2012.08.20 10:00:05.506,5.9214,5.92243,2.03,2.25
2012.08.20 10:00:05.829,5.92189,5.92293,2.03,4.83
2012.08.20 10:00:06.180,5.92211,5.92316,2.03,2.25
2012.08.20 10:00:06.358,5.92211,5.92316,2.03,2.03
2012.08.20 10:00:06.874,5.92211,5.92316,2.78,2.03
2012.08.20 10:00:06.994,5.92238,5.92343,2.78,3.86
2012.08.20 10:00:07.057,5.92238,5.92343,2.78,2.03
2012.08.20 10:00:07.120,5.92257,5.92363,3.00,2.03
2012.08.20 10:00:07.295,5.92257,5.92363,3.00,2.03
2012.08.20 10:00:07.416,5.92303,5.92406,2.78,2.25
2012.08.20 10:00:07.478,5.92313,5.92406,2.03,2.25
2012.08.20 10:00:07.815,5.92391,5.92459,2.03,2.03
2012.08.20 10:00:07.991,5.92414,5.92485,2.03,1.13
2012.08.20 10:00:08.053,5.92399,5.92493,2.03,1.07
2012.08.20 10:00:08.175,5.92399,5.92483,2.03,1.13
2012.08.20 10:00:08.292,5.92399,5.92493,2.03,1.07
2012.08.20 10:00:08.640,5.92399,5.92528,3.00,2.03
2012.08.20 10:00:08.816,5.92403,5.92528,1.73,2.03
2012.08.20 10:00:08.879,5.92415,5.92541,3.00,2.03
2012.08.20 10:00:09.079,5.92458,5.92564,2.03,2.03
2012.08.20 10:00:09.143,5.92492,5.92564,2.03,2.03
2012.08.20 10:00:09.207,5.92492,5.92603,2.03,2.06
2012.08.20 10:00:09.329,5.92476,5.92603,2.03,2.06
2012.08.20 10:00:09.868,5.92476,5.92603,2.03,2.81
2012.08.20 10:00:10.159,5.92458,5.92584,2.03,2.78
2012.08.20 10:00:10.564,5.92458,5.92583,2.03,2.58
2012.08.20 10:00:11.114,5.92473,5.92583,2.03,2.58
2012.08.20 10:00:11.347,5.92473,5.92602,2.03,2.25
2012.08.20 10:00:11.533,5.92473,5.92602,2.25,2.03
2012.08.20 10:00:11.651,5.92495,5.92622,2.03,4.08
2012.08.20 10:00:11.978,5.92538,5.92622,2.03,2.06
2012.08.20 10:00:12.326,5.92538,5.92622,2.03,1.83
2012.08.20 10:00:12.501,5.9252,5.92622,2.03,1.83
2012.08.20 10:00:13.267,5.925,5.92622,2.03,1.83
2012.08.20 10:00:13.479,5.92518,5.92622,2.03,1.83
2012.08.20 10:00:13.713,5.92519,5.92645,2.25,2.03
2012.08.20 10:00:13.776,5.92519,5.92645,3.00,2.03
2012.08.20 10:00:14.124,5.92606,5.92714,2.03,1.13
2012.08.20 10:00:14.191,5.92589,5.92742,2.25,2.81
2012.08.20 10:00:14.536,5.92589,5.92742,3.00,2.81
2012.08.20 10:00:14.599,5.92589,5.92742,3.00,2.06
2012.08.20 10:00:14.663,5.92589,5.92742,3.00,1.83
2012.08.20 10:00:14.726,5.92589,5.9275,3.00,2.03
2012.08.20 10:00:15.186,5.92652,5.92793,2.03,2.81
2012.08.20 10:00:15.261,5.92618,5.92773,2.25,1.83
2012.08.20 10:00:15.327,5.92618,5.92773,2.25,2.06
2012.08.20 10:00:15.390,5.92618,5.92773,2.25,2.81
2012.08.20 10:00:15.737,5.92582,5.92708,2.25,2.03
2012.08.20 10:00:15.974,5.92606,5.92731,2.03,2.78
2012.08.20 10:00:16.389,5.92599,5.92728,2.03,2.03
2012.08.20 10:00:16.770,5.92583,5.92714,2.25,2.03
2012.08.20 10:00:17.124,5.92557,5.9268,3.98,2.03
2012.08.20 10:00:17.186,5.92572,5.92699,2.25,2.03
2012.08.20 10:00:17.643,5.9257,5.92673,2.25,2.03
2012.08.20 10:00:17.774,5.92584,5.92688,2.25,2.03
2012.08.20 10:00:18.117,5.92568,5.92672,2.25,2.03
2012.08.20 10:00:18.323,5.92568,5.92672,2.03,2.03
2012.08.20 10:00:18.506,5.92546,5.92651,2.25,2.03
2012.08.20 10:00:18.727,5.92545,5.9265,2.25,2.03
2012.08.20 10:00:18.906,5.92539,5.92642,2.25,2.03
2012.08.20 10:00:19.251,5.92522,5.92625,2.25,2.03
2012.08.20 10:00:19.568,5.92502,5.92607,2.25,2.03
2012.08.20 10:00:19.747,5.92505,5.92618,2.25,2.03
2012.08.20 10:00:20.274,5.92545,5.92658,2.25,2.03
2012.08.20 10:00:20.336,5.92575,5.9268,2.25,2.78
2012.08.20 10:00:20.401,5.92575,5.92676,2.25,2.03
2012.08.20 10:00:20.624,5.92545,5.92652,2.25,2.03
2012.08.20 10:00:20.694,5.92562,5.92671,2.25,2.03
2012.08.20 10:00:21.108,5.92539,5.92632,2.25,2.03
2012.08.20 10:00:21.419,5.92508,5.92621,2.25,2.03
2012.08.20 10:00:21.605,5.92508,5.92621,2.25,2.03
2012.08.20 10:00:21.669,5.92494,5.92601,3.00,2.03
2012.08.20 10:00:22.184,5.92488,5.92584,1.95,2.03
2012.08.20 10:00:22.303,5.92459,5.92568,2.25,2.03
2012.08.20 10:00:22.366,5.92459,5.92568,2.03,2.03
2012.08.20 10:00:23.976,5.92441,5.92552,2.25,2.03
2012.08.20 10:00:24.377,5.92441,5.92552,2.03,2.03
2012.08.20 10:00:24.441,5.92427,5.92536,2.25,2.03
2012.08.20 10:00:24.814,5.92408,5.92516,2.25,2.03
2012.08.20 10:00:24.877,5.92423,5.9253,2.25,2.03
2012.08.20 10:00:24.995,5.92408,5.92519,2.25,2.03
2012.08.20 10:00:25.589,5.92424,5.92531,2.25,2.03
2012.08.20 10:00:26.985,5.92423,5.92533,2.25,2.03
2012.08.20 10:00:27.048,5.92415,5.92522,2.25,2.03
2012.08.20 10:00:27.166,5.92428,5.92538,2.25,2.03
2012.08.20 10:00:30.273,5.92444,5.92549,2.03,2.03
2012.08.20 10:00:30.616,5.92463,5.92568,2.03,2.03
2012.08.20 10:00:30.930,5.92502,5.92602,2.03,1.83
2012.08.20 10:00:31.274,5.92517,5.92602,2.03,1.83
2012.08.20 10:00:31.336,5.92517,5.92632,2.03,2.78
2012.08.20 10:00:31.511,5.9255,5.92653,2.03,2.81
2012.08.20 10:00:31.982,5.92535,5.9265,2.03,3.00
2012.08.20 10:00:32.655,5.92527,5.92642,2.03,3.00
2012.08.20 10:00:32.773,5.92525,5.92642,2.03,3.00
2012.08.20 10:00:32.850,5.92542,5.92653,2.03,2.81
2012.08.20 10:00:33.544,5.92542,5.92659,2.03,2.25
2012.08.20 10:00:33.606,5.92542,5.92659,2.03,2.03
2012.08.20 10:00:33.670,5.92562,5.92673,2.03,4.08
2012.08.20 10:00:34.228,5.92562,5.92673,2.03,1.83
2012.08.20 10:00:34.695,5.92546,5.92657,2.03,2.03
2012.08.20 10:00:35.042,5.92504,5.92615,2.25,2.03
2012.08.20 10:00:35.387,5.92535,5.92642,2.03,2.78
2012.08.20 10:00:35.564,5.92506,5.92613,2.25,2.03
2012.08.20 10:00:35.683,5.92482,5.92578,2.03,2.03
2012.08.20 10:00:35.746,5.9247,5.92578,2.25,2.03
2012.08.20 10:00:35.930,5.9247,5.92578,2.25,2.03
2012.08.20 10:00:36.050,5.92501,5.92601,2.25,2.03
2012.08.20 10:00:36.168,5.92517,5.92601,2.03,2.03
2012.08.20 10:00:36.409,5.92517,5.92624,2.03,2.03
2012.08.20 10:00:36.802,5.92473,5.92586,2.03,2.03
2012.08.20 10:00:37.233,5.92491,5.926,2.03,2.03
2012.08.20 10:00:37.559,5.92476,5.92585,2.25,2.03
2012.08.20 10:00:38.119,5.92497,5.926,2.03,2.03
2012.08.20 10:00:41.300,5.92497,5.926,2.25,2.03
2012.08.20 10:00:41.643,5.9252,5.92624,2.03,2.03
2012.08.20 10:00:41.761,5.92504,5.92609,2.25,2.03
2012.08.20 10:00:43.039,5.92525,5.92628,2.03,2.03
2012.08.20 10:00:43.291,5.92546,5.92651,2.03,2.03
2012.08.20 10:00:43.581,5.92567,5.92672,2.03,2.03
2012.08.20 10:00:43.886,5.92591,5.92674,2.03,2.03
2012.08.20 10:00:44.082,5.92591,5.92694,2.03,4.05
2012.08.20 10:00:44.259,5.92613,5.92718,2.03,2.03
2012.08.20 10:00:45.040,5.92613,5.92718,2.03,2.25
2012.08.20 10:00:45.160,5.92597,5.9271,2.03,2.03
2012.08.20 10:00:45.590,5.92597,5.92701,2.03,2.03
2012.08.20 10:00:45.657,5.92571,5.92678,2.03,2.03
2012.08.20 10:00:46.109,5.92586,5.92691,2.03,2.03
2012.08.20 10:00:47.686,5.9257,5.92673,2.03,2.03
2012.08.20 10:00:47.918,5.92539,5.92643,2.03,2.03
2012.08.20 10:00:49.030,5.92555,5.92659,2.03,2.03
2012.08.20 10:00:50.065,5.92555,5.92659,2.03,2.78
2012.08.20 10:00:50.353,5.92533,5.92639,2.03,3.00
2012.08.20 10:00:50.472,5.92508,5.92611,2.03,2.03
2012.08.20 10:00:51.437,5.92529,5.92634,2.03,4.65
2012.08.20 10:00:53.096,5.92511,5.92614,2.03,2.03
2012.08.20 10:00:54.137,5.92503,5.92606,2.03,2.03
2012.08.20 10:00:54.448,5.92505,5.92608,2.03,2.03
2012.08.20 10:00:55.237,5.92519,5.92623,2.03,2.25
2012.08.20 10:00:56.279,5.92501,5.92606,2.03,2.03
2012.08.20 10:00:56.508,5.92518,5.92624,2.03,2.25
2012.08.20 10:00:56.950,5.92497,5.926,2.78,2.03
2012.08.20 10:00:58.413,5.92497,5.926,3.53,2.03
2012.08.20 10:00:58.741,5.92504,5.926,1.35,2.03
2012.08.20 10:00:58.805,5.92531,5.92634,2.03,2.03
2012.08.20 10:00:59.438,5.92511,5.92614,2.25,2.03
2012.08.20 10:01:00.041,5.92529,5.92634,2.03,2.03
2012.08.20 10:01:04.273,5.92529,5.92634,2.78,2.03
2012.08.20 10:01:04.776,5.92529,5.92634,3.00,2.03
2012.08.20 10:01:04.912,5.92547,5.92651,3.00,2.03
2012.08.20 10:01:05.323,5.92547,5.92651,3.00,2.03
2012.08.20 10:01:05.616,5.92571,5.92674,3.00,2.03
2012.08.20 10:01:05.736,5.9259,5.92695,2.78,2.03
2012.08.20 10:01:05.912,5.9259,5.92695,2.03,2.03
2012.08.20 10:01:06.243,5.9259,5.92695,2.78,2.03
2012.08.20 10:01:06.527,5.9259,5.92695,2.03,2.03
2012.08.20 10:01:06.645,5.9259,5.92695,2.78,2.03
2012.08.20 10:01:07.143,5.9259,5.92695,2.78,2.03
2012.08.20 10:01:07.670,5.9259,5.92695,3.00,2.03
2012.08.20 10:01:07.790,5.92601,5.92724,3.00,2.03
2012.08.20 10:01:07.912,5.92586,5.92746,1.35,2.78
2012.08.20 10:01:08.862,5.92586,5.92767,1.35,1.73
2012.08.20 10:01:09.054,5.92598,5.92767,1.35,1.73
2012.08.20 10:01:09.232,5.92609,5.92773,1.13,2.81
2012.08.20 10:01:09.448,5.92609,5.92773,1.35,2.81
2012.08.20 10:01:09.511,5.92609,5.92773,1.35,2.81
2012.08.20 10:01:09.681,5.92644,5.9275,2.03,2.03
2012.08.20 10:01:11.730,5.92629,5.92734,2.03,2.03
2012.08.20 10:01:12.897,5.92606,5.92709,2.03,2.03
2012.08.20 10:01:13.300,5.92567,5.92671,3.00,2.03
2012.08.20 10:01:14.220,5.92546,5.92669,2.25,2.03
2012.08.20 10:01:14.340,5.92528,5.92672,1.50,2.25
2012.08.20 10:01:14.404,5.92523,5.92672,3.00,2.25
2012.08.20 10:01:14.523,5.92523,5.92672,3.00,2.25
2012.08.20 10:01:14.849,5.92535,5.92676,1.35,2.03
2012.08.20 10:01:15.325,5.92522,5.92655,1.35,2.03
2012.08.20 10:01:15.637,5.92522,5.92641,1.35,2.03
2012.08.20 10:01:16.742,5.92522,5.92655,1.35,2.03
2012.08.20 10:01:16.862,5.92543,5.92649,3.00,2.03
2012.08.20 10:01:19.734,5.92522,5.92628,3.38,2.03
2012.08.20 10:01:21.613,5.9254,5.92644,2.25,2.03
2012.08.20 10:01:23.677,5.92578,5.92667,2.03,2.03
2012.08.20 10:01:23.739,5.92578,5.92681,2.03,2.03
2012.08.20 10:01:24.433,5.92554,5.9264,2.25,2.03
2012.08.20 10:01:27.537,5.92532,5.92655,3.00,2.03
2012.08.20 10:01:27.713,5.92518,5.92635,1.35,2.03
2012.08.20 10:01:28.399,5.92534,5.92637,3.00,2.03
2012.08.20 10:01:29.990,5.92555,5.92661,2.25,2.03
2012.08.20 10:01:30.422,5.9254,5.92645,2.25,2.03
2012.08.20 10:01:30.933,5.92555,5.92659,2.25,2.03
2012.08.20 10:01:31.203,5.92539,5.92645,2.25,2.03
2012.08.20 10:01:31.741,5.92554,5.92659,2.25,2.03
2012.08.20 10:01:39.916,5.92554,5.92659,3.00,2.03
2012.08.20 10:01:40.042,5.92554,5.92659,3.00,2.03
2012.08.20 10:01:40.499,5.92589,5.92681,2.03,2.03
2012.08.20 10:01:40.956,5.92589,5.92693,2.03,2.03
2012.08.20 10:01:42.915,5.92574,5.92677,2.25,2.03
2012.08.20 10:01:45.129,5.9258,5.92684,2.03,2.03
2012.08.20 10:01:45.673,5.92559,5.92662,2.25,2.03
2012.08.20 10:01:46.875,5.92559,5.92662,2.25,2.40
2012.08.20 10:01:46.994,5.92559,5.92662,2.03,2.40
2012.08.20 10:01:47.225,5.92536,5.92624,2.25,2.03
2012.08.20 10:01:51.701,5.92567,5.92674,2.03,2.78
2012.08.20 10:01:51.873,5.92567,5.92674,2.03,2.40
2012.08.20 10:01:52.502,5.926,5.92698,2.03,3.00
2012.08.20 10:01:52.565,5.926,5.9271,2.03,3.00
2012.08.20 10:01:52.821,5.926,5.9271,2.03,2.40
2012.08.20 10:01:52.888,5.92618,5.92719,2.03,1.73
2012.08.20 10:01:53.672,5.92595,5.927,2.03,2.03
2012.08.20 10:01:57.425,5.92579,5.92685,2.03,2.03
2012.08.20 10:01:58.898,5.92579,5.92685,2.03,2.40
2012.08.20 10:01:59.252,5.92566,5.92669,2.25,2.03
2012.08.20 10:01:59.413,5.92566,5.92669,2.03,2.03
2012.08.20 10:02:01.345,5.92582,5.92686,2.03,2.03
2012.08.20 10:02:01.417,5.926,5.92706,2.03,2.03
2012.08.20 10:02:02.617,5.92615,5.9272,2.03,2.78
2012.08.20 10:02:02.847,5.92615,5.9272,2.03,2.03
2012.08.20 10:02:04.717,5.9262,5.9272,1.13,2.03
2012.08.20 10:02:04.972,5.92632,5.92737,2.03,2.25
2012.08.20 10:02:05.042,5.92632,5.92737,2.78,2.03
2012.08.20 10:02:05.162,5.92632,5.92737,2.03,2.03
2012.08.20 10:02:05.409,5.92652,5.92758,2.03,2.03
2012.08.20 10:02:05.545,5.92673,5.92772,2.03,1.83
2012.08.20 10:02:05.778,5.92689,5.92795,2.03,2.25
2012.08.20 10:02:06.125,5.92689,5.92795,2.78,2.25
2012.08.20 10:02:06.557,5.92696,5.92795,1.13,2.03
2012.08.20 10:02:06.627,5.92696,5.92795,1.13,2.03
2012.08.20 10:02:06.692,5.92723,5.92795,1.13,2.03
2012.08.20 10:02:07.088,5.9274,5.92844,2.25,2.03
2012.08.20 10:02:07.158,5.92787,5.92893,2.03,2.63
2012.08.20 10:02:07.222,5.92787,5.92893,2.03,2.63
2012.08.20 10:02:07.596,5.92765,5.92851,2.78,2.03
2012.08.20 10:02:08.109,5.92774,5.92851,1.13,2.03
2012.08.20 10:02:08.172,5.92788,5.92893,2.78,2.25
2012.08.20 10:02:08.292,5.92806,5.92911,2.03,2.03
2012.08.20 10:02:08.411,5.92827,5.92931,2.03,2.63
2012.08.20 10:02:09.530,5.92827,5.92931,2.78,2.25
2012.08.20 10:02:09.649,5.92827,5.92931,3.00,2.03
2012.08.20 10:02:09.713,5.92847,5.92946,1.50,2.40
2012.08.20 10:02:10.004,5.92883,5.93013,2.78,2.81
2012.08.20 10:02:10.125,5.92888,5.93013,1.50,2.06
2012.08.20 10:02:10.380,5.92908,5.93014,1.73,2.03
2012.08.20 10:02:10.501,5.92944,5.93037,2.03,2.03
2012.08.20 10:02:10.819,5.92926,5.93037,2.03,2.03
2012.08.20 10:02:10.884,5.92926,5.93055,2.03,2.25
2012.08.20 10:02:10.998,5.92926,5.93055,2.78,2.25
2012.08.20 10:02:11.064,5.92938,5.93068,2.03,1.50
2012.08.20 10:02:11.277,5.92938,5.93069,2.03,1.13
2012.08.20 10:02:11.346,5.92954,5.93069,2.03,1.13
2012.08.20 10:02:11.668,5.92939,5.93068,2.03,2.40
2012.08.20 10:02:11.732,5.92939,5.93068,2.78,2.40
2012.08.20 10:02:12.084,5.92982,5.93068,1.50,2.03
2012.08.20 10:02:12.148,5.92987,5.93114,3.00,2.03
2012.08.20 10:02:12.210,5.93002,5.93126,2.78,1.35
2012.08.20 10:02:12.514,5.93018,5.93126,2.03,1.35
2012.08.20 10:02:13.220,5.93018,5.93149,2.78,3.00
2012.08.20 10:02:13.284,5.93018,5.93149,2.03,3.00
2012.08.20 10:02:13.348,5.93018,5.93149,3.00,2.03
2012.08.20 10:02:13.467,5.93027,5.93149,1.50,2.03
2012.08.20 10:02:13.532,5.93071,5.93179,2.03,1.58
2012.08.20 10:02:13.654,5.93029,5.93168,2.03,3.00
2012.08.20 10:02:13.945,5.93027,5.93154,2.03,2.78
2012.08.20 10:02:14.007,5.93027,5.93154,2.03,2.03
2012.08.20 10:02:15.374,5.93027,5.93154,2.78,2.03
2012.08.20 10:02:15.494,5.93043,5.9317,2.03,3.00
2012.08.20 10:02:16.022,5.93025,5.93156,2.03,2.03
2012.08.20 10:02:16.209,5.93013,5.9314,2.25,2.03
2012.08.20 10:02:16.554,5.92997,5.93126,2.03,2.03
2012.08.20 10:02:16.674,5.92979,5.93108,2.25,2.03
2012.08.20 10:02:17.103,5.92998,5.93125,2.03,2.40
2012.08.20 10:02:17.376,5.92974,5.9309,2.25,2.03
2012.08.20 10:02:17.670,5.9296,5.93085,2.25,2.03
2012.08.20 10:02:17.903,5.92947,5.9306,2.70,2.03
2012.08.20 10:02:18.352,5.92947,5.9306,1.95,2.03
2012.08.20 10:02:18.557,5.92959,5.93062,2.03,2.03
2012.08.20 10:02:18.733,5.92974,5.9308,2.03,2.03
2012.08.20 10:02:18.942,5.92952,5.93053,2.03,2.03
2012.08.20 10:02:19.062,5.92948,5.93053,2.78,2.03
2012.08.20 10:02:19.124,5.92948,5.93053,2.78,2.03
2012.08.20 10:02:19.457,5.92965,5.93071,2.03,2.03
2012.08.20 10:02:20.486,5.92943,5.93031,2.25,2.03
2012.08.20 10:02:20.605,5.92943,5.93031,2.03,2.03
2012.08.20 10:02:20.969,5.92923,5.93027,3.00,2.03
2012.08.20 10:02:21.317,5.92973,5.93076,2.03,2.25
2012.08.20 10:02:21.492,5.92973,5.93076,2.03,2.03
2012.08.20 10:02:21.667,5.92956,5.93056,1.73,2.03
2012.08.20 10:02:21.884,5.92968,5.93072,2.03,2.03
2012.08.20 10:02:21.951,5.92946,5.9305,2.63,2.03
2012.08.20 10:02:22.319,5.92946,5.9305,2.03,2.03
2012.08.20 10:02:22.440,5.92922,5.9302,2.63,2.03
2012.08.20 10:02:22.560,5.92931,5.93035,2.25,2.03
2012.08.20 10:02:22.680,5.92931,5.93035,2.03,2.03
2012.08.20 10:02:23.548,5.92926,5.93014,1.13,2.03
2012.08.20 10:02:23.877,5.92926,5.93014,1.13,2.03
2012.08.20 10:02:24.166,5.9292,5.93014,1.50,2.03
2012.08.20 10:02:24.452,5.9291,5.93014,2.78,2.03
2012.08.20 10:02:24.910,5.9291,5.93014,2.25,2.03
2012.08.20 10:02:25.145,5.92948,5.93046,2.03,2.25
2012.08.20 10:02:25.265,5.92919,5.93023,2.03,2.03
2012.08.20 10:02:25.443,5.92898,5.93002,2.25,2.03
2012.08.20 10:02:25.561,5.92898,5.93002,2.03,2.03
2012.08.20 10:02:25.850,5.92897,5.92983,1.73,2.03
2012.08.20 10:02:26.200,5.92842,5.92943,1.73,2.03
2012.08.20 10:02:26.643,5.92817,5.92921,3.00,2.03
2012.08.20 10:02:26.710,5.92827,5.92912,1.50,2.03
2012.08.20 10:02:26.774,5.92815,5.92889,1.13,2.03
2012.08.20 10:02:26.837,5.92805,5.92889,1.99,2.03
2012.08.20 10:02:26.964,5.92805,5.92889,1.35,2.03
2012.08.20 10:02:27.564,5.92794,5.92889,1.73,2.03
2012.08.20 10:02:27.627,5.92817,5.92912,2.40,2.03
2012.08.20 10:02:27.690,5.92817,5.92923,2.40,2.03
2012.08.20 10:02:28.098,5.92817,5.92923,2.63,2.03
2012.08.20 10:02:28.219,5.92841,5.92944,2.03,2.03
2012.08.20 10:02:28.752,5.92819,5.92924,2.25,2.03
2012.08.20 10:02:29.388,5.92819,5.92924,2.03,2.03
2012.08.20 10:02:29.790,5.92807,5.92905,1.50,2.03
2012.08.20 10:02:31.123,5.92824,5.92927,2.03,2.03
2012.08.20 10:02:31.939,5.92824,5.92927,2.25,2.03
2012.08.20 10:02:32.372,5.92824,5.92927,3.00,2.03
2012.08.20 10:02:32.934,5.92824,5.92927,2.25,2.03
2012.08.20 10:02:33.156,5.92819,5.92922,2.25,2.03
2012.08.20 10:02:33.276,5.92847,5.92952,2.03,2.03
2012.08.20 10:02:33.401,5.92832,5.92938,2.40,2.03
2012.08.20 10:02:35.664,5.92832,5.92938,2.03,2.03
2012.08.20 10:02:40.593,5.92816,5.92922,2.25,2.03
2012.08.20 10:02:42.495,5.92816,5.92922,3.00,2.03
2012.08.20 10:02:42.726,5.92853,5.92957,2.03,2.03
2012.08.20 10:02:42.789,5.92847,5.92952,2.03,2.03
2012.08.20 10:02:44.062,5.92803,5.92909,2.25,2.03
2012.08.20 10:02:44.128,5.92803,5.92909,2.03,2.03
2012.08.20 10:02:44.250,5.92803,5.92909,2.78,2.03
2012.08.20 10:02:44.552,5.92798,5.92888,2.33,2.03
2012.08.20 10:02:44.865,5.92801,5.92888,1.13,2.03
2012.08.20 10:02:45.629,5.92798,5.92888,2.33,2.03
2012.08.20 10:02:45.823,5.92807,5.9291,2.03,2.03
2012.08.20 10:02:46.307,5.92826,5.92912,2.03,2.03
2012.08.20 10:02:46.370,5.92826,5.92931,2.03,2.03
2012.08.20 10:02:47.155,5.92826,5.92931,2.78,2.03
2012.08.20 10:02:47.724,5.92826,5.92931,2.03,2.03
2012.08.20 10:02:49.585,5.92805,5.92909,2.03,2.03
2012.08.20 10:02:49.932,5.92791,5.92894,3.00,2.03
2012.08.20 10:02:50.504,5.92807,5.9291,2.03,2.03
2012.08.20 10:02:50.817,5.92807,5.9291,2.78,2.03
2012.08.20 10:02:51.414,5.92807,5.9291,2.03,2.03
2012.08.20 10:02:51.671,5.92807,5.9291,2.78,2.03
2012.08.20 10:02:52.069,5.92807,5.9291,2.03,2.03
2012.08.20 10:02:52.133,5.9281,5.92913,2.03,2.03
2012.08.20 10:02:52.568,5.92793,5.92898,2.25,2.03
2012.08.20 10:02:53.118,5.92772,5.92876,3.00,2.03
2012.08.20 10:02:53.899,5.92772,5.92876,2.25,2.78
2012.08.20 10:02:54.042,5.92772,5.92876,2.25,2.03
2012.08.20 10:02:54.105,5.92775,5.92878,2.25,2.03
2012.08.20 10:02:54.763,5.92751,5.92855,5.03,2.03
2012.08.20 10:02:54.827,5.92751,5.92855,2.03,2.03
2012.08.20 10:02:55.004,5.92779,5.92878,2.03,2.78
2012.08.20 10:02:56.396,5.92779,5.92885,2.03,3.00
2012.08.20 10:02:56.459,5.92764,5.92869,2.03,2.78
2012.08.20 10:02:56.980,5.92736,5.9284,2.25,2.03
2012.08.20 10:02:57.353,5.92736,5.9284,2.03,2.78
2012.08.20 10:02:58.503,5.92715,5.92821,2.25,2.03
2012.08.20 10:02:59.337,5.92734,5.92837,2.03,2.03
2012.08.20 10:02:59.852,5.92734,5.92837,3.00,2.03
2012.08.20 10:03:00.029,5.92777,5.92881,2.03,2.40
2012.08.20 10:03:00.576,5.92777,5.92881,2.03,2.03
2012.08.20 10:03:00.916,5.9276,5.92866,2.03,2.03
2012.08.20 10:03:01.558,5.928,5.92888,2.03,2.03
2012.08.20 10:03:01.960,5.928,5.92904,2.03,2.03
2012.08.20 10:03:03.041,5.9278,5.92886,2.03,2.03
2012.08.20 10:03:03.650,5.92787,5.92891,2.03,2.03
2012.08.20 10:03:03.965,5.92807,5.9291,2.03,2.03
2012.08.20 10:03:06.075,5.92784,5.92888,4.05,2.03
2012.08.20 10:03:10.183,5.92766,5.9287,3.00,2.03
2012.08.20 10:03:11.519,5.92762,5.92893,1.35,2.03
2012.08.20 10:03:11.581,5.92762,5.92911,1.35,2.03
2012.08.20 10:03:12.708,5.92762,5.92933,1.35,5.58
2012.08.20 10:03:13.428,5.92762,5.92923,1.13,1.35
2012.08.20 10:03:14.065,5.9275,5.92922,1.50,1.35
2012.08.20 10:03:14.394,5.92762,5.92922,1.13,1.35
2012.08.20 10:03:14.613,5.92751,5.92922,1.50,1.35
2012.08.20 10:03:15.008,5.92762,5.92922,1.13,1.35
2012.08.20 10:03:16.012,5.9275,5.92922,1.50,1.35
2012.08.20 10:03:16.132,5.92762,5.92932,1.13,3.75
2012.08.20 10:03:16.934,5.92742,5.92912,1.35,1.73
2012.08.20 10:03:16.997,5.9273,5.92912,1.73,1.73
2012.08.20 10:03:17.912,5.92733,5.92855,1.50,2.03
2012.08.20 10:03:18.527,5.92733,5.92855,1.50,2.03
2012.08.20 10:03:18.647,5.92757,5.92862,2.03,2.25
2012.08.20 10:03:18.766,5.92776,5.92881,2.03,2.03
2012.08.20 10:03:19.112,5.92776,5.92881,3.00,2.03
2012.08.20 10:03:19.289,5.928,5.92904,2.03,2.03
2012.08.20 10:03:20.722,5.92826,5.92927,2.03,2.25
2012.08.20 10:03:21.303,5.92855,5.92932,1.50,2.03
2012.08.20 10:03:21.377,5.92894,5.92994,2.03,2.63
2012.08.20 10:03:21.440,5.92894,5.92994,2.03,2.25
2012.08.20 10:03:21.811,5.92894,5.92994,2.03,3.00
2012.08.20 10:03:21.875,5.92847,5.9295,2.78,2.03
2012.08.20 10:03:22.110,5.92871,5.9295,2.03,2.03
2012.08.20 10:03:22.229,5.92847,5.9295,2.03,2.03
2012.08.20 10:03:23.253,5.9283,5.92935,2.78,2.03
2012.08.20 10:03:23.595,5.92842,5.92947,2.03,4.05
2012.08.20 10:03:23.714,5.92837,5.92942,2.78,2.03
2012.08.20 10:03:23.832,5.92848,5.92952,2.03,2.03
2012.08.20 10:03:24.486,5.92868,5.92974,2.03,2.25
2012.08.20 10:03:24.559,5.92868,5.92974,2.78,2.03
2012.08.20 10:03:25.100,5.92868,5.92974,2.78,2.03
2012.08.20 10:03:25.163,5.92858,5.92957,1.50,2.03
2012.08.20 10:03:25.673,5.92858,5.92957,1.50,2.03
2012.08.20 10:03:26.405,5.92858,5.92957,1.50,2.03
2012.08.20 10:03:26.523,5.92858,5.92957,1.50,2.03
2012.08.20 10:03:26.840,5.92871,5.92977,2.03,2.03
2012.08.20 10:03:27.114,5.92871,5.92977,2.40,2.03
2012.08.20 10:03:27.961,5.92871,5.92977,2.03,2.03
2012.08.20 10:03:28.028,5.92871,5.92977,2.78,2.03
2012.08.20 10:03:28.374,5.92901,5.92992,1.13,2.03
2012.08.20 10:03:28.494,5.92907,5.93,2.03,2.03
2012.08.20 10:03:28.556,5.92907,5.93012,2.03,2.03
2012.08.20 10:03:28.737,5.92907,5.93012,3.53,2.03
2012.08.20 10:03:28.954,5.92907,5.93012,2.78,2.03
2012.08.20 10:03:29.074,5.92907,5.93012,2.78,2.03
2012.08.20 10:03:29.418,5.92911,5.93012,1.50,2.03
2012.08.20 10:03:29.595,5.92922,5.93026,2.25,2.03
2012.08.20 10:03:29.769,5.92922,5.93026,3.75,2.03
2012.08.20 10:03:29.834,5.92944,5.9305,2.03,2.03
2012.08.20 10:03:30.285,5.92944,5.9305,2.25,2.03
2012.08.20 10:03:30.530,5.92961,5.93064,2.03,2.03
2012.08.20 10:03:31.258,5.92961,5.93047,2.03,2.03
2012.08.20 10:03:31.607,5.92938,5.93024,1.73,2.03
2012.08.20 10:03:31.857,5.92938,5.93043,3.75,2.03
2012.08.20 10:03:32.706,5.92938,5.93043,3.00,2.03
2012.08.20 10:03:32.928,5.92938,5.93043,2.25,2.03
2012.08.20 10:03:33.348,5.92938,5.93043,3.00,2.03
2012.08.20 10:03:33.784,5.92917,5.93023,3.00,2.03
2012.08.20 10:03:33.908,5.92907,5.93006,1.95,2.03
2012.08.20 10:03:34.421,5.92912,5.93006,2.10,2.03
2012.08.20 10:03:34.709,5.92908,5.93006,1.73,2.03
2012.08.20 10:03:35.059,5.92907,5.93006,1.95,2.03
2012.08.20 10:03:39.433,5.92907,5.93006,3.45,2.03
2012.08.20 10:03:39.495,5.92937,5.93041,2.03,2.03
2012.08.20 10:03:39.558,5.92937,5.93041,2.25,2.03
2012.08.20 10:03:39.968,5.9296,5.93063,2.03,2.03
2012.08.20 10:03:40.853,5.9296,5.93063,2.25,2.03
2012.08.20 10:03:41.186,5.92983,5.93087,2.03,4.05
2012.08.20 10:03:41.261,5.93,5.93087,2.40,2.03
2012.08.20 10:03:41.518,5.93026,5.93132,2.03,2.03
2012.08.20 10:03:41.809,5.93005,5.93109,2.03,2.03
2012.08.20 10:03:42.154,5.92989,5.93095,2.25,2.03
2012.08.20 10:03:42.755,5.93004,5.93109,2.03,2.03
2012.08.20 10:03:47.827,5.92989,5.93093,3.00,2.03
2012.08.20 10:03:48.374,5.92989,5.93093,2.03,2.03
2012.08.20 10:03:48.689,5.92968,5.93071,1.35,2.03
2012.08.20 10:03:49.450,5.92966,5.93071,2.63,2.03
2012.08.20 10:03:49.661,5.92968,5.93071,1.35,2.03
2012.08.20 10:03:50.726,5.92966,5.93071,2.63,2.03
2012.08.20 10:03:51.015,5.92966,5.93071,3.00,2.03
2012.08.20 10:03:51.607,5.92977,5.93071,1.13,2.03
2012.08.20 10:03:52.043,5.92966,5.93071,3.00,2.03
2012.08.20 10:03:52.584,5.92981,5.93087,2.03,2.03
2012.08.20 10:03:53.400,5.92976,5.93065,1.13,2.03
2012.08.20 10:03:53.522,5.92959,5.93065,3.00,2.03
2012.08.20 10:03:53.641,5.92958,5.93042,1.73,2.03
2012.08.20 10:03:53.819,5.92941,5.93042,1.35,2.03
2012.08.20 10:03:54.077,5.92942,5.93042,1.73,2.03
2012.08.20 10:03:54.295,5.92958,5.93059,1.13,2.03
2012.08.20 10:03:54.356,5.92958,5.93059,1.13,2.03
2012.08.20 10:03:54.747,5.92965,5.93059,1.50,2.03
2012.08.20 10:03:55.094,5.93015,5.93082,1.35,2.03
2012.08.20 10:03:55.443,5.93045,5.93082,1.73,2.03
2012.08.20 10:03:55.564,5.93051,5.93105,1.35,2.03
2012.08.20 10:03:55.730,5.93051,5.9312,1.35,2.03
2012.08.20 10:03:55.806,5.93074,5.93142,2.03,2.03
2012.08.20 10:03:55.872,5.93075,5.93179,2.03,2.03
2012.08.20 10:03:56.160,5.93075,5.93179,2.03,2.25
2012.08.20 10:03:56.661,5.93051,5.93155,2.03,2.03
2012.08.20 10:03:56.733,5.93033,5.93134,1.13,2.03
2012.08.20 10:03:56.853,5.93052,5.93156,2.03,2.03
2012.08.20 10:03:56.916,5.93052,5.93156,2.78,2.03
2012.08.20 10:03:57.909,5.93073,5.93179,2.03,2.25
2012.08.20 10:03:58.928,5.93057,5.93163,2.03,2.25
2012.08.20 10:03:59.975,5.93057,5.93163,2.40,2.25
2012.08.20 10:04:00.341,5.93076,5.93181,2.03,2.03
2012.08.20 10:04:00.785,5.93077,5.93181,1.13,2.03
2012.08.20 10:04:01.144,5.93077,5.93181,1.35,2.03
2012.08.20 10:04:01.375,5.93093,5.93199,2.03,2.03
2012.08.20 10:04:03.291,5.93077,5.9318,1.35,2.03
2012.08.20 10:04:04.126,5.93068,5.93157,1.35,2.03
2012.08.20 10:04:04.662,5.93052,5.93157,3.00,2.03
2012.08.20 10:04:04.726,5.93052,5.93157,2.78,2.03
2012.08.20 10:04:04.788,5.93052,5.93157,2.03,2.03
2012.08.20 10:04:05.099,5.93034,5.9314,2.78,2.03
2012.08.20 10:04:05.613,5.93034,5.9314,2.78,2.03
2012.08.20 10:04:05.966,5.93034,5.9314,2.78,2.03
2012.08.20 10:04:07.084,5.93011,5.93108,2.25,2.03
2012.08.20 10:04:07.775,5.93007,5.93085,1.73,2.03
2012.08.20 10:04:07.895,5.92981,5.93085,3.00,2.03
2012.08.20 10:04:07.959,5.92981,5.93085,3.00,2.03
2012.08.20 10:04:08.304,5.92981,5.93085,2.25,2.03
2012.08.20 10:04:08.366,5.92967,5.9307,3.00,2.03
2012.08.20 10:04:08.517,5.93008,5.93109,2.03,2.03
2012.08.20 10:04:08.579,5.93008,5.93114,2.03,2.03
2012.08.20 10:04:08.870,5.92992,5.93097,2.40,2.03
2012.08.20 10:04:08.934,5.92992,5.93097,2.03,2.03
2012.08.20 10:04:08.996,5.92969,5.93075,5.03,2.03
2012.08.20 10:04:09.227,5.92985,5.93088,2.25,2.03
2012.08.20 10:04:11.348,5.92961,5.93065,3.00,2.03
2012.08.20 10:04:11.412,5.92961,5.93065,3.00,2.03
2012.08.20 10:04:11.677,5.92961,5.93065,3.00,2.03
2012.08.20 10:04:11.796,5.92961,5.93065,2.78,2.03
2012.08.20 10:04:11.979,5.92928,5.93032,1.35,2.03
2012.08.20 10:04:13.007,5.92913,5.93017,2.78,2.03
2012.08.20 10:04:14.730,5.92918,5.93017,1.50,2.03
2012.08.20 10:04:14.849,5.92928,5.93032,3.00,2.03
2012.08.20 10:04:15.690,5.92928,5.93032,2.78,2.03
2012.08.20 10:04:15.753,5.92909,5.9301,1.35,2.03
2012.08.20 10:04:15.929,5.92907,5.9301,2.70,2.03
2012.08.20 10:04:15.994,5.92907,5.92995,2.70,2.03
2012.08.20 10:04:16.415,5.92907,5.92995,1.73,2.03
2012.08.20 10:04:16.535,5.92896,5.92995,1.13,2.03
2012.08.20 10:04:16.653,5.92896,5.92995,1.13,2.03
2012.08.20 10:04:16.772,5.92892,5.92995,2.78,2.03
2012.08.20 10:04:16.892,5.92892,5.92995,2.03,2.03
2012.08.20 10:04:17.363,5.9289,5.92995,2.03,2.03
2012.08.20 10:04:17.426,5.92883,5.92988,3.00,2.03
2012.08.20 10:04:17.774,5.92864,5.92965,1.35,2.03
2012.08.20 10:04:18.199,5.92859,5.92965,3.00,2.03
2012.08.20 10:04:18.826,5.92864,5.92965,1.35,2.03
2012.08.20 10:04:19.635,5.92859,5.92965,2.25,2.03
2012.08.20 10:04:20.919,5.92875,5.9298,2.03,2.03
2012.08.20 10:04:21.681,5.92855,5.92958,3.00,2.03
2012.08.20 10:04:21.856,5.92855,5.92958,3.00,2.03
2012.08.20 10:04:22.388,5.92862,5.92958,1.73,2.03
2012.08.20 10:04:22.563,5.92875,5.92981,2.78,2.03
2012.08.20 10:04:22.625,5.92877,5.92981,1.50,2.03
2012.08.20 10:04:23.833,5.92875,5.92981,2.03,2.03
2012.08.20 10:04:24.059,5.92875,5.92981,2.78,2.03
2012.08.20 10:04:24.264,5.92875,5.92981,2.03,2.03
2012.08.20 10:04:24.542,5.92875,5.92981,2.78,2.03
2012.08.20 10:04:25.315,5.92875,5.92981,2.78,2.03
2012.08.20 10:04:26.453,5.92875,5.92981,2.03,2.03
2012.08.20 10:04:26.851,5.92877,5.92981,2.03,2.03
2012.08.20 10:04:27.186,5.92899,5.93004,2.03,2.25
2012.08.20 10:04:27.415,5.9288,5.92986,2.03,2.03
2012.08.20 10:04:27.645,5.92862,5.92967,3.00,2.03
2012.08.20 10:04:29.414,5.92862,5.92967,3.00,2.03
2012.08.20 10:04:30.256,5.92862,5.92967,2.25,2.03
2012.08.20 10:04:31.148,5.92885,5.92989,2.03,2.03
2012.08.20 10:04:31.921,5.92901,5.93004,2.03,2.03
2012.08.20 10:04:32.392,5.92886,5.9299,2.03,2.03
2012.08.20 10:04:32.510,5.92867,5.9297,3.00,2.03
2012.08.20 10:04:32.980,5.92846,5.92938,2.78,2.03
2012.08.20 10:04:33.157,5.92846,5.92938,2.03,2.03
2012.08.20 10:04:33.334,5.92835,5.92938,2.78,2.03
2012.08.20 10:04:34.265,5.92835,5.92938,2.03,2.03
2012.08.20 10:04:34.384,5.92851,5.92957,2.03,2.03
2012.08.20 10:04:35.223,5.92831,5.92935,2.78,2.03
2012.08.20 10:04:35.577,5.92815,5.92919,2.78,2.25
2012.08.20 10:04:35.922,5.92831,5.92937,2.78,2.03
2012.08.20 10:04:36.044,5.92831,5.92937,2.03,2.03
2012.08.20 10:04:36.162,5.92846,5.92943,2.78,1.83
2012.08.20 10:04:36.512,5.92827,5.92931,2.78,2.03
2012.08.20 10:04:36.866,5.92801,5.92906,2.03,2.03
2012.08.20 10:04:36.997,5.92801,5.92906,2.78,2.03
2012.08.20 10:04:37.109,5.92801,5.92906,2.78,2.03
2012.08.20 10:04:37.651,5.92801,5.92906,2.78,2.03
2012.08.20 10:04:38.247,5.92787,5.9289,2.78,2.03
2012.08.20 10:04:38.368,5.92787,5.9289,2.03,2.03
2012.08.20 10:04:38.599,5.92771,5.92875,2.03,2.03
2012.08.20 10:04:38.718,5.92771,5.92875,2.78,2.03
2012.08.20 10:04:38.900,5.92791,5.92896,2.78,2.03
2012.08.20 10:04:40.347,5.92822,5.92902,2.03,1.83
2012.08.20 10:04:40.816,5.92803,5.92902,2.78,1.83
2012.08.20 10:04:41.221,5.92786,5.92892,2.03,2.03
2012.08.20 10:04:41.284,5.92803,5.92902,2.78,1.83
2012.08.20 10:04:42.416,5.92784,5.92889,2.78,2.03
2012.08.20 10:04:43.105,5.92784,5.92889,2.03,2.03
2012.08.20 10:04:43.224,5.92784,5.92889,2.78,2.03
2012.08.20 10:04:45.474,5.92766,5.9287,2.78,2.03
2012.08.20 10:04:45.536,5.92766,5.9287,2.03,2.03
2012.08.20 10:04:47.938,5.92745,5.92851,2.25,2.03
2012.08.20 10:04:48.114,5.92745,5.92851,2.03,2.03
2012.08.20 10:04:50.177,5.92768,5.92871,2.03,2.03
2012.08.20 10:04:50.519,5.92781,5.92885,2.78,2.25
2012.08.20 10:04:50.797,5.92742,5.92845,2.78,2.03
2012.08.20 10:04:50.860,5.92742,5.92845,2.03,2.03
2012.08.20 10:04:51.131,5.9276,5.92863,2.03,2.03
2012.08.20 10:04:51.584,5.92744,5.9285,2.03,2.03
2012.08.20 10:04:51.701,5.92744,5.9285,2.78,2.03
2012.08.20 10:04:51.933,5.92769,5.92874,2.78,2.03
2012.08.20 10:04:52.052,5.92769,5.92874,2.03,2.03
2012.08.20 10:04:52.173,5.92799,5.92902,2.03,1.83
2012.08.20 10:04:52.631,5.92781,5.92887,2.78,2.03
2012.08.20 10:04:53.386,5.92781,5.92887,2.78,2.03
2012.08.20 10:04:55.559,5.92781,5.92887,3.00,2.03
2012.08.20 10:04:55.677,5.92799,5.92903,2.25,2.03
2012.08.20 10:04:55.743,5.92813,5.92918,2.03,2.03
2012.08.20 10:04:55.863,5.92832,5.92922,2.03,1.83
2012.08.20 10:04:56.263,5.92832,5.92936,2.03,2.03
2012.08.20 10:04:56.382,5.92853,5.92958,2.03,2.03
2012.08.20 10:04:57.808,5.92836,5.9294,2.03,2.03
2012.08.20 10:04:58.070,5.92841,5.92946,2.03,2.03
2012.08.20 10:04:58.400,5.92848,5.92946,2.03,2.03
2012.08.20 10:04:58.462,5.92871,5.92973,2.03,1.83
2012.08.20 10:04:58.580,5.92871,5.92973,2.78,1.83
2012.08.20 10:04:58.894,5.92871,5.92973,2.78,1.83
2012.08.20 10:04:59.452,5.92888,5.92973,2.78,1.83
2012.08.20 10:04:59.799,5.9291,5.92973,2.03,1.83
2012.08.20 10:04:59.862,5.9291,5.93017,2.03,2.03
2012.08.20 10:05:00.404,5.92894,5.93004,2.03,2.03
2012.08.20 10:05:00.691,5.9288,5.92984,2.78,2.03
2012.08.20 10:05:01.150,5.9288,5.92984,2.78,2.03
2012.08.20 10:05:01.324,5.9288,5.92984,2.78,2.03
2012.08.20 10:05:01.442,5.9288,5.92984,2.78,2.03
2012.08.20 10:05:01.560,5.92886,5.92991,2.78,2.03
2012.08.20 10:05:01.844,5.92886,5.92991,3.00,2.03
2012.08.20 10:05:02.018,5.92907,5.93013,2.03,4.05
2012.08.20 10:05:02.080,5.92907,5.93013,2.25,4.05
2012.08.20 10:05:02.425,5.92927,5.93032,2.78,2.03
2012.08.20 10:05:02.814,5.92948,5.93054,2.78,2.03
2012.08.20 10:05:02.887,5.92948,5.93054,2.03,2.03
2012.08.20 10:05:03.125,5.92952,5.93054,2.03,2.25
2012.08.20 10:05:03.301,5.92904,5.9301,2.03,2.03
2012.08.20 10:05:03.363,5.9292,5.93026,2.03,2.03
2012.08.20 10:05:03.722,5.92901,5.93006,2.03,2.03
2012.08.20 10:05:04.289,5.92922,5.93022,2.03,1.83
2012.08.20 10:05:04.406,5.92902,5.93005,2.03,2.03
2012.08.20 10:05:04.930,5.92922,5.93027,2.03,2.03
2012.08.20 10:05:06.790,5.92922,5.93027,2.03,2.25
2012.08.20 10:05:06.968,5.92909,5.93013,2.03,2.03
2012.08.20 10:05:07.031,5.92887,5.9299,2.78,2.03
2012.08.20 10:05:07.151,5.92905,5.9301,2.03,2.03
2012.08.20 10:05:07.685,5.92926,5.93031,2.03,2.03
2012.08.20 10:05:08.142,5.92926,5.93031,2.25,2.03
2012.08.20 10:05:08.741,5.92926,5.93031,3.00,2.03
2012.08.20 10:05:09.084,5.92926,5.93031,2.03,2.03
2012.08.20 10:05:09.317,5.92943,5.93049,2.78,2.03
2012.08.20 10:05:09.550,5.92943,5.93049,2.03,2.03
2012.08.20 10:05:09.782,5.92943,5.93043,2.78,1.83
2012.08.20 10:05:10.094,5.92967,5.93043,2.03,1.83
2012.08.20 10:05:10.156,5.92954,5.93043,2.03,1.83
2012.08.20 10:05:10.274,5.92948,5.93043,2.03,1.83
2012.08.20 10:05:10.346,5.92945,5.93043,4.05,1.83
2012.08.20 10:05:10.465,5.92945,5.93032,2.03,2.03
2012.08.20 10:05:10.527,5.9293,5.93032,2.78,2.03
2012.08.20 10:05:10.588,5.9294,5.93043,2.78,1.83
2012.08.20 10:05:10.979,5.9294,5.93043,2.03,1.83
2012.08.20 10:05:11.096,5.9294,5.93043,2.78,1.83
2012.08.20 10:05:11.613,5.9294,5.93043,2.78,1.83
2012.08.20 10:05:11.789,5.9294,5.93053,2.03,2.03
2012.08.20 10:05:12.018,5.92958,5.93062,2.03,1.83
2012.08.20 10:05:12.203,5.92939,5.93049,2.03,2.03
2012.08.20 10:05:12.979,5.92926,5.93029,2.03,2.03
2012.08.20 10:05:13.350,5.92926,5.93029,2.78,2.03
2012.08.20 10:05:13.525,5.92948,5.93054,2.03,2.03
2012.08.20 10:05:13.812,5.92966,5.93062,2.03,1.83
2012.08.20 10:05:14.996,5.92966,5.93071,2.78,2.03
2012.08.20 10:05:15.061,5.93021,5.93124,2.78,2.03
2012.08.20 10:05:15.123,5.93021,5.93124,2.78,2.03
2012.08.20 10:05:15.241,5.9305,5.93142,2.78,1.83
2012.08.20 10:05:15.416,5.93032,5.93137,2.78,2.03
2012.08.20 10:05:15.479,5.93032,5.93137,2.78,2.03
2012.08.20 10:05:16.219,5.93032,5.93137,2.78,2.03
2012.08.20 10:05:16.350,5.93032,5.93137,2.78,2.03
2012.08.20 10:05:16.472,5.93032,5.93137,2.78,2.03
2012.08.20 10:05:16.534,5.93032,5.93137,3.00,2.03
2012.08.20 10:05:16.600,5.93098,5.93204,2.25,2.03
2012.08.20 10:05:16.779,5.93098,5.93204,2.03,2.25
2012.08.20 10:05:17.126,5.93121,5.93204,2.03,2.25
2012.08.20 10:05:17.475,5.93139,5.93242,3.00,2.78
2012.08.20 10:05:17.597,5.93107,5.93198,1.73,3.00
2012.08.20 10:05:17.661,5.93092,5.93198,2.78,3.00
2012.08.20 10:05:17.724,5.93078,5.93171,1.13,2.40
2012.08.20 10:05:17.786,5.93078,5.93171,1.13,2.40
2012.08.20 10:05:17.849,5.93078,5.93151,1.13,2.03
2012.08.20 10:05:17.947,5.93069,5.93151,2.40,2.03
2012.08.20 10:05:18.243,5.93051,5.93155,2.40,2.03
2012.08.20 10:05:18.306,5.93051,5.93155,2.03,2.03
2012.08.20 10:05:18.623,5.93051,5.93155,2.78,2.03
2012.08.20 10:05:18.970,5.93071,5.93161,2.78,2.03
2012.08.20 10:05:19.033,5.93094,5.93198,2.03,2.63
2012.08.20 10:05:19.648,5.93076,5.9318,2.78,2.03
2012.08.20 10:05:20.197,5.93057,5.93169,2.48,2.03
2012.08.20 10:05:20.400,5.93057,5.93169,1.73,2.03
2012.08.20 10:05:20.653,5.93086,5.93191,2.03,2.25
2012.08.20 10:05:20.976,5.93086,5.93195,2.03,3.00
2012.08.20 10:05:21.046,5.93057,5.93155,2.70,2.03
2012.08.20 10:05:21.548,5.93062,5.93168,2.78,2.03
2012.08.20 10:05:21.667,5.93083,5.93189,2.03,2.40
2012.08.20 10:05:22.882,5.9306,5.93156,2.03,2.40
2012.08.20 10:05:23.228,5.93052,5.93156,2.03,2.63
2012.08.20 10:05:23.632,5.93031,5.93137,2.78,2.03
2012.08.20 10:05:24.635,5.93009,5.93115,4.80,2.03
2012.08.20 10:05:24.992,5.93009,5.931,2.78,2.03
2012.08.20 10:05:25.419,5.93017,5.93123,2.78,2.03
2012.08.20 10:05:26.288,5.92997,5.93103,3.00,2.03
2012.08.20 10:05:27.265,5.92989,5.93095,2.78,2.03
2012.08.20 10:05:27.898,5.92989,5.93095,2.78,2.78
2012.08.20 10:05:27.961,5.92989,5.93095,2.03,3.00
2012.08.20 10:05:28.023,5.92967,5.93064,1.47,2.03
2012.08.20 10:05:28.199,5.92958,5.9305,1.73,2.03
2012.08.20 10:05:28.261,5.92958,5.9305,2.48,2.03
2012.08.20 10:05:28.606,5.92958,5.9305,2.48,2.03
2012.08.20 10:05:28.726,5.9296,5.93063,2.78,2.03
2012.08.20 10:05:29.255,5.9296,5.93063,2.03,2.03
2012.08.20 10:05:29.423,5.9296,5.93063,2.78,2.03
2012.08.20 10:05:30.082,5.9296,5.93063,2.78,2.03
2012.08.20 10:05:30.576,5.9296,5.93063,2.78,2.03
2012.08.20 10:05:30.810,5.9296,5.93063,2.03,2.03
2012.08.20 10:05:30.873,5.92958,5.93047,1.73,2.03
2012.08.20 10:05:31.227,5.92926,5.93031,3.00,2.03
2012.08.20 10:05:31.744,5.92907,5.9301,4.73,2.03
2012.08.20 10:05:31.940,5.92914,5.9301,1.13,2.03
2012.08.20 10:05:32.003,5.92921,5.93027,2.03,2.03
2012.08.20 10:05:32.065,5.92937,5.93043,2.03,2.25
2012.08.20 10:05:32.409,5.92937,5.93043,3.00,2.03
2012.08.20 10:05:32.538,5.92953,5.93059,2.78,2.03
2012.08.20 10:05:32.945,5.92953,5.93059,2.78,2.03
2012.08.20 10:05:33.457,5.92953,5.93059,2.78,2.03
2012.08.20 10:05:34.011,5.92953,5.93059,2.78,2.03
2012.08.20 10:05:34.148,5.92953,5.93059,2.03,2.03
2012.08.20 10:05:34.211,5.92976,5.93081,2.03,5.03
2012.08.20 10:05:34.442,5.92976,5.93081,2.03,4.05
2012.08.20 10:05:36.704,5.92958,5.93064,2.78,2.03
2012.08.20 10:05:38.647,5.92977,5.9308,2.03,2.03
2012.08.20 10:05:40.082,5.92962,5.93066,2.78,2.03
2012.08.20 10:05:42.330,5.92941,5.93047,2.78,2.03
2012.08.20 10:05:42.769,5.92919,5.93022,3.00,2.03
2012.08.20 10:05:43.120,5.92935,5.9304,2.78,2.03
2012.08.20 10:05:46.852,5.92935,5.9304,2.78,2.03
2012.08.20 10:05:47.164,5.92911,5.93017,2.78,2.03
2012.08.20 10:05:47.282,5.92952,5.93052,2.78,2.06
2012.08.20 10:05:47.574,5.92952,5.93052,2.78,1.83
2012.08.20 10:05:47.804,5.92933,5.93036,2.78,2.03
2012.08.20 10:05:48.715,5.92963,5.93052,2.78,1.83
2012.08.20 10:05:50.609,5.92948,5.93051,2.78,2.03
2012.08.20 10:05:51.637,5.92948,5.93051,2.78,2.25
2012.08.20 10:05:54.446,5.92919,5.93022,2.78,2.03
2012.08.20 10:05:55.703,5.92919,5.93022,2.78,2.03
2012.08.20 10:05:55.825,5.92919,5.93022,2.78,2.25
2012.08.20 10:05:56.170,5.92897,5.92982,1.13,2.03
2012.08.20 10:05:56.345,5.92897,5.92982,1.13,2.03
2012.08.20 10:05:56.464,5.92877,5.92982,1.62,2.25
2012.08.20 10:05:56.924,5.92877,5.92937,1.62,2.03
2012.08.20 10:05:57.343,5.92877,5.92951,1.62,2.03
2012.08.20 10:05:57.745,5.92828,5.92951,2.25,2.03
2012.08.20 10:05:57.808,5.92825,5.9293,2.25,2.03
2012.08.20 10:06:00.256,5.92825,5.9293,2.03,2.03
2012.08.20 10:06:00.488,5.92808,5.92913,3.00,2.03
2012.08.20 10:06:00.606,5.92823,5.92927,2.03,2.03
2012.08.20 10:06:00.980,5.92843,5.92935,2.03,2.03
2012.08.20 10:06:01.328,5.92889,5.92993,4.05,2.03
2012.08.20 10:06:01.449,5.92913,5.93012,2.03,1.83
2012.08.20 10:06:01.760,5.92897,5.93003,2.03,2.03
2012.08.20 10:06:02.751,5.92914,5.93012,2.03,1.83
2012.08.20 10:06:04.394,5.92892,5.92996,2.03,2.03
2012.08.20 10:06:04.614,5.92868,5.92982,4.80,2.03
2012.08.20 10:06:07.109,5.92848,5.92958,3.00,2.03
2012.08.20 10:06:07.228,5.92877,5.9298,2.03,2.03
2012.08.20 10:06:07.290,5.92877,5.92987,2.03,2.25
2012.08.20 10:06:07.408,5.92877,5.92987,2.03,2.03
2012.08.20 10:06:08.630,5.92859,5.92965,2.25,2.03
2012.08.20 10:06:08.693,5.92859,5.92965,2.03,2.03
2012.08.20 10:06:09.312,5.92876,5.92984,2.03,2.25
2012.08.20 10:06:09.599,5.92876,5.92984,2.03,2.03
2012.08.20 10:06:11.256,5.92892,5.93002,2.03,2.25
2012.08.20 10:06:11.474,5.92898,5.93002,2.03,2.25
2012.08.20 10:06:11.716,5.92935,5.93043,2.78,2.03
2012.08.20 10:06:11.778,5.92935,5.93043,2.03,2.03
2012.08.20 10:06:11.840,5.92947,5.93043,1.06,2.03
2012.08.20 10:06:12.187,5.92957,5.93028,1.13,2.25
2012.08.20 10:06:12.418,5.92947,5.93011,1.03,2.03
2012.08.20 10:06:12.707,5.92947,5.93001,1.03,2.03
2012.08.20 10:06:12.966,5.92898,5.93001,2.03,2.03
2012.08.20 10:06:13.767,5.92898,5.93001,2.03,2.25
2012.08.20 10:06:14.217,5.92898,5.92983,2.03,2.06
2012.08.20 10:06:14.397,5.92855,5.92959,2.78,2.03
2012.08.20 10:06:14.637,5.92904,5.92983,2.03,1.83
2012.08.20 10:06:14.830,5.92904,5.93008,2.03,2.03
2012.08.20 10:06:15.172,5.92898,5.93003,2.03,2.03
2012.08.20 10:06:16.351,5.9292,5.93024,2.03,2.25
2012.08.20 10:06:16.863,5.9292,5.93024,2.03,2.03
2012.08.20 10:06:16.987,5.92937,5.93041,2.03,2.03
2012.08.20 10:06:17.308,5.92937,5.93041,2.03,2.25
2012.08.20 10:06:17.444,5.92892,5.92996,2.03,2.03
2012.08.20 10:06:17.675,5.92892,5.92996,2.03,2.25
2012.08.20 10:06:17.738,5.92871,5.92984,2.03,2.03
2012.08.20 10:06:18.957,5.92871,5.92984,3.00,2.03
2012.08.20 10:06:19.076,5.92894,5.92999,2.25,2.03
2012.08.20 10:06:19.194,5.92926,5.93006,2.03,2.03
2012.08.20 10:06:19.546,5.92875,5.92988,2.03,2.03
2012.08.20 10:06:19.613,5.92872,5.92979,2.78,2.03
2012.08.20 10:06:20.126,5.92892,5.92998,2.03,2.25
2012.08.20 10:06:20.472,5.92908,5.93011,2.03,2.25
2012.08.20 10:06:21.365,5.92908,5.93011,2.03,2.03
2012.08.20 10:06:22.599,5.92908,5.93011,3.00,2.03
2012.08.20 10:06:22.664,5.9296,5.93065,2.78,2.25
2012.08.20 10:06:22.726,5.9296,5.93065,2.78,2.25
2012.08.20 10:06:22.845,5.92941,5.93045,2.03,2.03
2012.08.20 10:06:22.907,5.92941,5.93045,2.03,2.25
2012.08.20 10:06:23.173,5.92938,5.93026,2.03,2.25
2012.08.20 10:06:23.362,5.92938,5.9301,2.03,2.03
2012.08.20 10:06:23.424,5.92938,5.93024,2.03,2.25
2012.08.20 10:06:23.543,5.92919,5.93024,2.03,2.25
2012.08.20 10:06:24.255,5.92902,5.93007,2.03,2.03
2012.08.20 10:06:28.932,5.92902,5.92975,2.03,2.03
2012.08.20 10:06:29.164,5.92849,5.92952,2.78,2.03
2012.08.20 10:06:30.109,5.92849,5.92952,2.78,2.03
2012.08.20 10:06:30.869,5.92849,5.92952,2.78,2.03
2012.08.20 10:06:31.216,5.9288,5.92986,2.03,2.25
2012.08.20 10:06:32.465,5.92858,5.92958,2.78,2.03
2012.08.20 10:06:33.307,5.92852,5.92958,2.78,2.03
2012.08.20 10:06:33.743,5.92852,5.92958,2.03,2.03
2012.08.20 10:06:33.862,5.92871,5.92977,2.03,2.25
2012.08.20 10:06:33.980,5.92855,5.92961,2.03,2.03
2012.08.20 10:06:34.098,5.92855,5.92961,2.78,2.03
2012.08.20 10:06:34.448,5.92855,5.92961,2.78,2.03
2012.08.20 10:06:34.762,5.92875,5.92978,2.03,2.25
2012.08.20 10:06:38.058,5.92875,5.92978,2.03,2.03
2012.08.20 10:06:38.121,5.92892,5.92995,2.03,2.03
2012.08.20 10:06:38.466,5.92911,5.93013,2.78,2.06
2012.08.20 10:06:38.755,5.92949,5.93013,2.03,1.83
2012.08.20 10:06:39.400,5.92933,5.93013,2.78,1.83
2012.08.20 10:06:40.751,5.92953,5.93013,2.03,1.83
2012.08.20 10:06:40.871,5.92953,5.93059,2.03,2.03
2012.08.20 10:06:41.177,5.92953,5.93059,2.78,2.03
2012.08.20 10:06:41.825,5.92973,5.93077,2.03,2.25
2012.08.20 10:06:41.887,5.92973,5.93077,2.03,2.03
2012.08.20 10:06:42.824,5.92992,5.93097,2.03,2.25
2012.08.20 10:06:42.887,5.92992,5.93097,2.03,2.03
2012.08.20 10:06:43.062,5.93007,5.93102,2.03,1.83
2012.08.20 10:06:43.186,5.92993,5.93096,2.03,2.03
2012.08.20 10:06:43.362,5.92993,5.93096,2.03,2.25
2012.08.20 10:06:43.708,5.93018,5.93102,2.03,1.83
2012.08.20 10:06:45.003,5.93033,5.93102,2.03,1.83
2012.08.20 10:06:45.399,5.93063,5.93102,2.03,1.83
2012.08.20 10:06:45.461,5.93063,5.93169,2.78,2.25
2012.08.20 10:06:46.639,5.93081,5.93182,2.78,2.06
2012.08.20 10:06:47.714,5.9311,5.93182,2.03,1.83
2012.08.20 10:06:47.776,5.9311,5.93206,2.03,2.25
2012.08.20 10:06:47.839,5.93133,5.93237,2.03,2.25
2012.08.20 10:06:48.169,5.93133,5.93237,2.03,2.03
2012.08.20 10:06:48.235,5.93153,5.93252,2.03,2.06
2012.08.20 10:06:48.641,5.93153,5.93252,2.03,1.83
2012.08.20 10:06:48.761,5.93167,5.93252,2.03,1.83
2012.08.20 10:06:49.312,5.93183,5.93286,2.03,2.03
2012.08.20 10:06:49.431,5.93207,5.93295,2.03,2.25
2012.08.20 10:06:49.811,5.93223,5.93303,2.03,1.83
2012.08.20 10:06:50.199,5.93232,5.93303,2.78,1.83
2012.08.20 10:06:51.264,5.93226,5.93303,2.78,2.06
2012.08.20 10:06:51.385,5.93201,5.93303,2.03,2.06
2012.08.20 10:06:51.505,5.93201,5.93285,2.03,2.03
2012.08.20 10:06:51.738,5.93158,5.93261,2.78,2.03
2012.08.20 10:06:51.801,5.93146,5.93246,1.50,2.03
2012.08.20 10:06:52.173,5.93157,5.93252,2.78,1.83
2012.08.20 10:06:52.525,5.93157,5.93252,2.78,1.83
2012.08.20 10:06:53.077,5.93156,5.93259,2.78,2.03
2012.08.20 10:06:53.366,5.93156,5.93259,2.78,2.25
2012.08.20 10:06:53.429,5.93156,5.93259,2.78,2.25
2012.08.20 10:06:53.664,5.93156,5.93259,2.03,3.00
2012.08.20 10:06:53.727,5.93135,5.93239,2.03,2.25
2012.08.20 10:06:53.846,5.93135,5.93223,2.03,1.83
2012.08.20 10:06:54.154,5.93108,5.93201,1.13,2.03
2012.08.20 10:06:54.442,5.93108,5.93167,1.13,2.03
2012.08.20 10:06:54.562,5.93108,5.93195,1.13,2.03
2012.08.20 10:06:55.357,5.93108,5.93203,1.13,2.03
2012.08.20 10:06:55.420,5.93101,5.93203,1.13,2.03
2012.08.20 10:06:55.483,5.93101,5.93183,1.03,2.03
2012.08.20 10:06:55.547,5.93094,5.93198,2.83,2.03
2012.08.20 10:06:55.610,5.93094,5.93198,2.03,2.03
2012.08.20 10:06:55.729,5.93097,5.93198,1.09,2.03
2012.08.20 10:06:55.905,5.93109,5.93213,2.78,2.25
2012.08.20 10:06:56.488,5.93125,5.93223,2.03,1.83
2012.08.20 10:06:56.606,5.93125,5.93229,2.03,2.03
2012.08.20 10:06:56.783,5.93125,5.93229,2.78,2.03
2012.08.20 10:06:57.254,5.93147,5.93252,2.03,2.25
2012.08.20 10:06:57.770,5.93147,5.93252,2.03,2.25
2012.08.20 10:06:57.838,5.93124,5.93198,2.78,2.03
2012.08.20 10:06:57.958,5.93124,5.93222,2.78,2.25
2012.08.20 10:06:58.078,5.93124,5.93226,2.03,2.25
2012.08.20 10:06:58.197,5.93106,5.93211,2.30,2.03
2012.08.20 10:06:58.261,5.93148,5.93234,2.03,2.25
2012.08.20 10:06:58.550,5.93163,5.93253,2.03,1.83
2012.08.20 10:06:58.893,5.93146,5.9325,2.78,2.03
2012.08.20 10:06:59.012,5.93128,5.93232,2.78,2.03
2012.08.20 10:06:59.576,5.93148,5.93251,2.78,2.03
2012.08.20 10:06:59.807,5.93148,5.93251,2.03,2.03
2012.08.20 10:06:59.869,5.93134,5.93238,2.78,2.03
2012.08.20 10:07:00.213,5.9311,5.93213,3.00,2.03
2012.08.20 10:07:00.337,5.9311,5.93213,2.03,2.03
2012.08.20 10:07:00.456,5.9311,5.93216,4.05,2.03
2012.08.20 10:07:00.801,5.93126,5.93229,2.03,2.03
2012.08.20 10:07:00.920,5.93129,5.93233,2.03,2.25
2012.08.20 10:07:01.094,5.93129,5.93233,2.78,2.25
2012.08.20 10:07:01.427,5.93151,5.93233,1.03,2.25
2012.08.20 10:07:01.773,5.93153,5.9325,1.03,2.03
2012.08.20 10:07:01.892,5.93185,5.93273,2.03,1.83
2012.08.20 10:07:03.069,5.93165,5.93269,2.78,2.03
2012.08.20 10:07:03.188,5.93165,5.93269,2.78,2.03
2012.08.20 10:07:03.420,5.93165,5.93269,2.78,2.03
2012.08.20 10:07:03.766,5.93179,5.93284,2.78,2.25
2012.08.20 10:07:04.110,5.9318,5.93284,2.78,2.25
2012.08.20 10:07:04.512,5.93157,5.93263,2.78,2.03
2012.08.20 10:07:04.687,5.93157,5.93263,2.78,2.03
2012.08.20 10:07:04.806,5.93157,5.93263,2.03,2.03
2012.08.20 10:07:04.869,5.93174,5.93278,2.03,2.03
2012.08.20 10:07:05.214,5.93189,5.93295,2.03,2.25
2012.08.20 10:07:06.006,5.93189,5.93295,2.03,2.03
2012.08.20 10:07:06.079,5.93194,5.933,2.03,2.03
2012.08.20 10:07:06.718,5.93177,5.93281,2.78,2.03
2012.08.20 10:07:07.173,5.93171,5.93276,2.78,2.03
2012.08.20 10:07:07.485,5.93152,5.93258,3.00,2.03
2012.08.20 10:07:07.849,5.93149,5.93245,2.78,2.03
2012.08.20 10:07:07.911,5.93148,5.93245,1.25,2.03
2012.08.20 10:07:08.546,5.93156,5.93259,2.78,2.03
2012.08.20 10:07:09.076,5.93152,5.93258,2.78,2.03
2012.08.20 10:07:09.145,5.93147,5.93237,1.03,2.03
2012.08.20 10:07:09.557,5.93153,5.93257,2.78,2.03
2012.08.20 10:07:09.705,5.93171,5.93274,2.03,2.25
2012.08.20 10:07:09.827,5.93171,5.93274,2.03,2.25
2012.08.20 10:07:09.889,5.93155,5.93261,2.78,2.25
2012.08.20 10:07:10.279,5.93155,5.93253,2.03,2.06
2012.08.20 10:07:10.400,5.93122,5.93225,2.78,2.03
2012.08.20 10:07:10.465,5.93122,5.93225,2.03,2.03
2012.08.20 10:07:11.655,5.93104,5.93209,2.03,2.03
2012.08.20 10:07:14.875,5.93081,5.93186,2.03,2.03
2012.08.20 10:07:15.832,5.93062,5.93166,2.03,2.03
2012.08.20 10:07:16.259,5.93044,5.93147,2.78,2.25
2012.08.20 10:07:16.549,5.93021,5.93115,2.03,2.25
2012.08.20 10:07:16.914,5.93021,5.93081,2.03,2.03
2012.08.20 10:07:16.977,5.92977,5.93081,1.03,2.03
2012.08.20 10:07:17.155,5.92977,5.93081,1.03,2.03
2012.08.20 10:07:18.053,5.93012,5.93103,2.03,2.25
2012.08.20 10:07:19.609,5.92997,5.93103,2.78,2.25
2012.08.20 10:07:20.013,5.92997,5.93103,2.78,2.25
2012.08.20 10:07:20.355,5.93024,5.93126,2.78,2.25
2012.08.20 10:07:20.417,5.93043,5.93126,2.03,2.03
2012.08.20 10:07:20.536,5.93062,5.93126,2.03,2.03
2012.08.20 10:07:20.987,5.93085,5.9315,2.03,2.03
2012.08.20 10:07:21.050,5.93085,5.93188,2.03,2.25
2012.08.20 10:07:21.170,5.93063,5.93168,2.03,2.03
2012.08.20 10:07:21.986,5.93085,5.93189,2.03,2.25
2012.08.20 10:07:22.049,5.93085,5.93189,2.03,2.03
2012.08.20 10:07:22.860,5.93106,5.9321,2.03,2.25
2012.08.20 10:07:24.796,5.93124,5.93228,2.03,2.25
2012.08.20 10:07:26.241,5.93103,5.93212,2.03,2.25
2012.08.20 10:07:26.549,5.93103,5.93212,2.03,2.03
2012.08.20 10:07:26.928,5.93084,5.93189,2.03,2.03
2012.08.20 10:07:27.323,5.93105,5.93208,2.03,2.03
2012.08.20 10:07:29.661,5.93124,5.93229,2.03,2.25
2012.08.20 10:07:31.248,5.93107,5.93211,2.03,2.03
2012.08.20 10:07:32.658,5.93124,5.93228,2.03,2.25
2012.08.20 10:07:33.005,5.93139,5.93242,2.03,2.25
2012.08.20 10:07:33.235,5.93116,5.93221,2.03,2.03
2012.08.20 10:07:33.885,5.9314,5.93236,1.20,2.25
2012.08.20 10:07:34.242,5.9315,5.93221,1.03,2.03
2012.08.20 10:07:34.425,5.93118,5.93221,2.03,2.03
2012.08.20 10:07:35.766,5.93134,5.93238,2.03,2.03
2012.08.20 10:07:36.018,5.93159,5.93252,2.03,1.83
2012.08.20 10:07:36.361,5.93158,5.93252,2.78,1.83
2012.08.20 10:07:36.714,5.93181,5.93252,2.03,1.83
2012.08.20 10:07:36.833,5.93163,5.93269,2.78,2.03
2012.08.20 10:07:36.951,5.93182,5.93273,2.03,1.83
2012.08.20 10:07:37.404,5.93163,5.93268,2.78,2.03
2012.08.20 10:07:37.799,5.93163,5.93268,2.03,2.03
2012.08.20 10:07:37.861,5.93163,5.93268,2.78,2.03
2012.08.20 10:07:38.199,5.9316,5.93266,2.78,2.03
2012.08.20 10:07:38.507,5.93146,5.93246,1.03,2.03
2012.08.20 10:07:38.624,5.9316,5.93266,2.78,2.03
2012.08.20 10:07:38.745,5.93183,5.93273,2.03,1.83
2012.08.20 10:07:39.734,5.93167,5.93272,2.78,2.03
2012.08.20 10:07:40.101,5.93167,5.93272,2.78,2.03
2012.08.20 10:07:40.656,5.93185,5.93273,2.03,1.83
2012.08.20 10:07:40.778,5.93167,5.93273,2.78,3.86
2012.08.20 10:07:41.091,5.93167,5.93273,2.03,3.86
2012.08.20 10:07:41.153,5.93167,5.93273,2.78,3.86
2012.08.20 10:07:41.350,5.93149,5.93254,2.03,2.03
2012.08.20 10:07:46.215,5.93171,5.93273,2.03,1.83
2012.08.20 10:07:48.005,5.93174,5.93273,2.03,1.83
2012.08.20 10:07:48.219,5.93159,5.93271,2.03,2.03
2012.08.20 10:07:49.137,5.93173,5.93273,2.03,1.83
2012.08.20 10:07:49.772,5.93158,5.9327,2.03,2.03
2012.08.20 10:07:50.011,5.93137,5.93262,2.17,2.03
2012.08.20 10:07:50.295,5.93121,5.93246,2.55,2.03
2012.08.20 10:07:50.357,5.93121,5.93246,2.03,2.03
2012.08.20 10:07:50.475,5.93107,5.9323,2.03,2.03
2012.08.20 10:07:50.980,5.93084,5.93211,2.25,2.03
2012.08.20 10:07:51.048,5.93067,5.93211,2.03,2.03
2012.08.20 10:07:51.484,5.93067,5.93235,2.03,2.03
2012.08.20 10:07:51.625,5.93038,5.93234,1.95,2.03
2012.08.20 10:07:51.808,5.93038,5.93239,1.95,2.03
2012.08.20 10:07:52.109,5.93058,5.93252,2.03,2.06
2012.08.20 10:07:52.227,5.93058,5.93272,3.98,1.83
2012.08.20 10:07:52.416,5.93088,5.93272,1.10,1.83
2012.08.20 10:07:52.880,5.93058,5.93272,3.98,1.83
2012.08.20 10:07:54.517,5.93081,5.93272,2.03,1.83
2012.08.20 10:07:54.828,5.93081,5.93272,2.25,1.83
2012.08.20 10:07:54.945,5.93088,5.93302,1.95,3.86
2012.08.20 10:07:55.064,5.93088,5.9328,1.95,2.03
2012.08.20 10:07:55.396,5.93088,5.93255,1.95,2.03
2012.08.20 10:07:55.752,5.93088,5.93235,1.95,2.03
2012.08.20 10:07:56.904,5.93092,5.93215,2.03,2.03
2012.08.20 10:07:57.219,5.93088,5.93197,1.73,2.03
2012.08.20 10:07:57.282,5.93072,5.93197,2.03,2.03
2012.08.20 10:07:57.345,5.93073,5.93178,2.03,2.03
2012.08.20 10:07:58.128,5.93054,5.9316,2.03,2.03
2012.08.20 10:07:58.415,5.93038,5.93143,3.75,2.03
2012.08.20 10:07:58.756,5.93062,5.93167,2.03,2.03
2012.08.20 10:08:01.506,5.93048,5.93152,2.03,2.03
2012.08.20 10:08:01.818,5.93038,5.93132,1.73,2.03
2012.08.20 10:08:01.880,5.93043,5.93146,2.03,2.03
2012.08.20 10:08:02.166,5.93038,5.93125,1.73,2.03
2012.08.20 10:08:02.228,5.93022,5.93125,2.03,2.03
2012.08.20 10:08:02.289,5.93037,5.93141,2.03,2.03
2012.08.20 10:08:03.895,5.93021,5.93127,2.03,2.03
2012.08.20 10:08:03.958,5.93006,5.93112,2.03,2.03
2012.08.20 10:08:04.300,5.92989,5.93095,2.03,2.03
2012.08.20 10:08:04.856,5.92988,5.93079,1.73,2.03
2012.08.20 10:08:05.331,5.93002,5.93106,2.03,2.03
2012.08.20 10:08:06.930,5.93017,5.93121,2.03,2.03
2012.08.20 10:08:07.586,5.93013,5.93119,2.03,2.03
2012.08.20 10:08:07.703,5.93031,5.93134,2.03,2.03
2012.08.20 10:08:08.084,5.93016,5.9312,2.03,2.03
2012.08.20 10:08:10.618,5.93031,5.93137,2.03,2.03
2012.08.20 10:08:10.708,5.93046,5.93151,2.03,2.03
2012.08.20 10:08:12.585,5.93027,5.93131,2.03,2.03
2012.08.20 10:08:13.705,5.93008,5.93112,2.03,2.03
2012.08.20 10:08:17.624,5.93033,5.93136,2.03,2.03
2012.08.20 10:08:17.685,5.93033,5.93139,2.03,2.03
2012.08.20 10:08:18.083,5.93057,5.93161,2.03,2.03
2012.08.20 10:08:18.314,5.93063,5.93186,2.03,2.03
2012.08.20 10:08:18.563,5.93056,5.93202,2.03,1.83
2012.08.20 10:08:19.129,5.93032,5.93196,2.03,2.03
2012.08.20 10:08:19.190,5.93002,5.93184,2.03,2.03
2012.08.20 10:08:19.910,5.93018,5.93184,2.03,2.03
2012.08.20 10:08:20.083,5.93023,5.93202,2.03,1.83
2012.08.20 10:08:22.770,5.93025,5.93187,2.03,2.03
2012.08.20 10:08:23.340,5.9304,5.93202,2.03,1.83
2012.08.20 10:08:23.680,5.93054,5.93187,2.03,2.03
2012.08.20 10:08:24.023,5.93073,5.93198,2.03,2.03
2012.08.20 10:08:24.463,5.9309,5.93194,2.03,2.03
2012.08.20 10:08:24.806,5.93048,5.93154,2.03,2.03
2012.08.20 10:08:26.209,5.93065,5.93169,2.03,2.03
2012.08.20 10:08:26.442,5.93083,5.93188,2.03,2.03
2012.08.20 10:08:27.867,5.93061,5.93166,2.03,2.03
2012.08.20 10:08:28.370,5.9306,5.93166,2.03,2.03
2012.08.20 10:08:30.295,5.93078,5.93184,2.03,2.03
2012.08.20 10:08:31.714,5.93059,5.93162,2.03,2.03
2012.08.20 10:08:32.046,5.93074,5.9318,2.03,2.03
2012.08.20 10:08:33.794,5.9309,5.93196,2.03,2.03
2012.08.20 10:08:38.440,5.93076,5.93181,2.03,2.03
2012.08.20 10:08:40.749,5.93053,5.93159,4.05,2.03
2012.08.20 10:08:41.781,5.9307,5.93174,2.03,2.03
2012.08.20 10:08:42.216,5.93037,5.9314,2.03,2.03
2012.08.20 10:08:42.335,5.93021,5.93125,2.03,2.03
2012.08.20 10:08:42.619,5.93056,5.93148,2.03,2.03
2012.08.20 10:08:42.985,5.93056,5.93166,2.03,2.03
2012.08.20 10:08:43.601,5.93076,5.93181,2.03,2.03
2012.08.20 10:08:44.613,5.93076,5.93178,2.03,2.03
2012.08.20 10:08:44.674,5.93052,5.93155,2.03,2.03
2012.08.20 10:08:46.782,5.93031,5.93134,2.03,2.03
2012.08.20 10:08:47.019,5.93039,5.93155,2.03,2.03
2012.08.20 10:08:47.450,5.93051,5.93174,2.03,2.03
2012.08.20 10:08:48.089,5.93042,5.93155,2.03,2.03
2012.08.20 10:08:50.261,5.93064,5.93171,2.03,2.03
2012.08.20 10:08:50.690,5.93049,5.93155,2.03,2.03
2012.08.20 10:09:05.245,5.93028,5.93131,2.03,2.03
2012.08.20 10:09:05.307,5.92991,5.93096,2.03,2.03
2012.08.20 10:09:06.068,5.9299,5.93094,2.03,2.03
2012.08.20 10:09:06.408,5.93013,5.93117,2.03,2.03
2012.08.20 10:09:06.895,5.92999,5.93102,2.03,2.03
2012.08.20 10:09:07.070,5.92977,5.93081,2.03,2.03
2012.08.20 10:09:08.422,5.92953,5.93058,2.03,2.03
2012.08.20 10:09:08.656,5.92937,5.93039,1.73,2.03
2012.08.20 10:09:08.774,5.92935,5.93039,2.03,2.03
2012.08.20 10:09:08.836,5.92916,5.9302,2.03,2.03
2012.08.20 10:09:10.147,5.9293,5.93035,2.03,2.03
2012.08.20 10:09:10.824,5.92947,5.9305,2.03,2.03
2012.08.20 10:09:11.279,5.92968,5.93074,2.03,2.03
2012.08.20 10:09:13.786,5.92988,5.93093,2.03,2.03
2012.08.20 10:09:15.958,5.93003,5.93102,2.03,1.83
2012.08.20 10:09:16.595,5.93003,5.93107,2.03,2.03
2012.08.20 10:09:16.657,5.93025,5.93131,2.03,2.03
2012.08.20 10:09:19.101,5.93011,5.93115,2.03,2.03
2012.08.20 10:09:21.434,5.92988,5.93092,2.03,2.03
2012.08.20 10:09:22.785,5.93009,5.93112,2.03,2.78
2012.08.20 10:09:23.041,5.93009,5.93112,2.03,2.03
2012.08.20 10:09:23.197,5.93009,5.93112,2.78,2.03
2012.08.20 10:09:23.373,5.93055,5.93145,1.35,2.03
2012.08.20 10:09:23.641,5.93055,5.9316,2.63,2.03
2012.08.20 10:09:24.960,5.93055,5.9316,3.00,2.03
2012.08.20 10:09:25.080,5.93081,5.93187,2.03,2.03
2012.08.20 10:09:25.517,5.93081,5.93187,2.78,2.03
2012.08.20 10:09:25.852,5.93105,5.9321,2.03,2.25
2012.08.20 10:09:25.973,5.93083,5.93187,3.00,2.03
2012.08.20 10:09:26.120,5.93083,5.93187,3.00,2.78
2012.08.20 10:09:26.411,5.9306,5.93165,2.03,2.03
2012.08.20 10:09:28.267,5.9306,5.9316,2.03,2.03
2012.08.20 10:09:28.386,5.93033,5.93137,2.03,2.03
2012.08.20 10:09:28.504,5.93015,5.93115,2.03,2.03
2012.08.20 10:09:28.622,5.93037,5.93142,2.03,2.03
2012.08.20 10:09:28.899,5.93057,5.93142,1.13,2.03
2012.08.20 10:09:28.966,5.93094,5.932,2.03,3.00
2012.08.20 10:09:29.028,5.93094,5.93173,2.03,1.83
2012.08.20 10:09:29.153,5.93023,5.93127,2.03,2.03
2012.08.20 10:09:29.874,5.93001,5.93107,2.03,2.03
2012.08.20 10:09:30.554,5.93001,5.93107,2.03,2.25
2012.08.20 10:09:31.038,5.9298,5.93086,2.03,2.03
2012.08.20 10:09:31.158,5.92958,5.93059,2.03,2.03
2012.08.20 10:09:31.626,5.92951,5.93056,2.03,2.03
2012.08.20 10:09:31.876,5.92971,5.93076,2.03,2.03
2012.08.20 10:09:32.750,5.92992,5.93096,2.03,2.25
2012.08.20 10:09:33.103,5.92996,5.93114,2.03,2.25
2012.08.20 10:09:34.276,5.9305,5.93139,2.03,1.73
2012.08.20 10:09:34.834,5.9302,5.93136,2.03,3.00
2012.08.20 10:09:35.722,5.9302,5.93136,2.03,3.00
2012.08.20 10:09:35.842,5.93038,5.93158,2.03,3.00
2012.08.20 10:09:36.196,5.93053,5.93163,2.03,1.35
2012.08.20 10:09:37.542,5.93041,5.93157,2.03,2.25
2012.08.20 10:09:38.212,5.93041,5.93143,2.03,1.58
2012.08.20 10:09:38.387,5.92988,5.93104,2.03,3.00
2012.08.20 10:09:38.574,5.92988,5.93037,2.03,1.13
2012.08.20 10:09:39.028,5.92988,5.93026,2.03,1.13
2012.08.20 10:09:39.092,5.92988,5.93033,2.03,1.73
2012.08.20 10:09:39.214,5.92988,5.93078,2.03,1.73
2012.08.20 10:09:39.334,5.92988,5.93053,2.03,1.73
2012.08.20 10:09:39.631,5.92908,5.93023,2.03,2.25
2012.08.20 10:09:39.750,5.92884,5.93002,2.03,2.25
2012.08.20 10:09:40.266,5.92901,5.9302,2.03,2.25
2012.08.20 10:09:40.557,5.92884,5.93006,2.03,2.25
2012.08.20 10:09:40.843,5.92869,5.92987,2.03,2.03
2012.08.20 10:09:41.413,5.92849,5.9297,2.03,2.03
2012.08.20 10:09:41.671,5.92845,5.92948,2.03,2.03
2012.08.20 10:09:41.794,5.9283,5.92948,2.03,2.03
2012.08.20 10:09:41.913,5.92844,5.92965,2.03,2.03
2012.08.20 10:09:42.577,5.9286,5.9298,2.03,2.25
2012.08.20 10:09:43.095,5.9286,5.9298,2.03,2.03
2012.08.20 10:09:44.361,5.92882,5.92993,2.03,1.83
2012.08.20 10:09:44.480,5.92882,5.93001,2.03,2.03
2012.08.20 10:09:44.819,5.92928,5.93043,2.03,2.58
2012.08.20 10:09:45.053,5.92928,5.93043,2.03,2.58
2012.08.20 10:09:45.189,5.92928,5.93043,2.03,1.83
2012.08.20 10:09:45.365,5.92928,5.93046,2.03,2.78
2012.08.20 10:09:45.900,5.92927,5.93043,2.03,2.78
2012.08.20 10:09:46.562,5.9294,5.93057,2.03,1.13
2012.08.20 10:09:47.112,5.9294,5.93057,2.03,1.13
2012.08.20 10:09:47.776,5.9294,5.93057,2.03,1.13
2012.08.20 10:09:48.411,5.9294,5.93043,2.03,1.13
2012.08.20 10:09:49.201,5.9294,5.93041,2.03,1.13
2012.08.20 10:09:49.863,5.9294,5.93041,2.03,1.13
2012.08.20 10:09:50.239,5.9294,5.93058,2.03,2.25
2012.08.20 10:09:50.471,5.92939,5.93042,3.00,2.03
2012.08.20 10:09:50.534,5.92939,5.9306,3.00,2.03
2012.08.20 10:09:50.597,5.92982,5.93082,2.03,2.78
2012.08.20 10:09:50.885,5.92904,5.93022,2.03,2.25
2012.08.20 10:09:51.687,5.9289,5.93009,2.03,2.03
2012.08.20 10:09:51.917,5.9291,5.93028,2.03,2.25
2012.08.20 10:09:52.401,5.92945,5.93028,1.50,2.25
2012.08.20 10:09:52.622,5.92958,5.93042,3.00,1.83
2012.08.20 10:09:52.688,5.92999,5.93066,2.78,1.13
2012.08.20 10:09:52.807,5.92982,5.93052,2.25,1.83
2012.08.20 10:09:52.870,5.92982,5.93052,2.03,2.06
2012.08.20 10:09:52.933,5.92976,5.93052,2.03,2.06
2012.08.20 10:09:53.360,5.92959,5.93052,2.03,2.06
2012.08.20 10:09:53.422,5.92936,5.93052,2.03,2.06
2012.08.20 10:09:53.889,5.92915,5.93033,2.03,2.03
2012.08.20 10:09:54.407,5.92915,5.93033,2.78,2.03
2012.08.20 10:09:54.754,5.92973,5.93053,2.03,2.06
2012.08.20 10:09:54.873,5.92951,5.93053,2.03,2.06
2012.08.20 10:09:55.738,5.92951,5.93053,2.03,2.06
2012.08.20 10:09:55.970,5.92934,5.93052,2.03,2.25
2012.08.20 10:09:56.249,5.92968,5.93052,2.03,2.03
2012.08.20 10:09:56.484,5.92991,5.93093,2.78,1.83
2012.08.20 10:09:56.605,5.9299,5.93106,2.78,2.03
2012.08.20 10:09:56.683,5.93013,5.93115,2.03,1.73
2012.08.20 10:09:56.919,5.92986,5.93092,2.03,2.06
2012.08.20 10:09:57.096,5.92967,5.93084,2.03,2.63
2012.08.20 10:09:57.216,5.92975,5.93093,2.03,3.00
2012.08.20 10:09:57.392,5.92954,5.93072,2.03,3.00
2012.08.20 10:09:57.739,5.92954,5.93072,2.03,2.25
2012.08.20 10:09:57.861,5.92973,5.93092,2.03,2.06
2012.08.20 10:09:58.167,5.93011,5.93129,2.03,3.75
2012.08.20 10:09:58.616,5.93025,5.93144,2.78,2.25
2012.08.20 10:09:58.684,5.93044,5.9313,2.03,1.50
2012.08.20 10:09:58.747,5.93044,5.9313,2.03,1.73
2012.08.20 10:09:58.810,5.93025,5.9313,2.03,1.73
2012.08.20 10:09:58.873,5.93012,5.93128,2.03,3.00
2012.08.20 10:10:00.008,5.92978,5.93094,2.03,2.25
2012.08.20 10:10:00.071,5.92978,5.93094,2.03,3.00
2012.08.20 10:10:00.417,5.92978,5.93093,2.78,2.81
2012.08.20 10:10:00.480,5.92978,5.93093,3.00,1.83
2012.08.20 10:10:00.543,5.92998,5.93093,1.35,1.83
2012.08.20 10:10:00.777,5.93024,5.9314,2.03,3.75
2012.08.20 10:10:00.952,5.93024,5.93093,2.03,1.83
2012.08.20 10:10:01.261,5.92984,5.93093,2.03,2.06
2012.08.20 10:10:01.330,5.92958,5.93076,2.03,2.25
2012.08.20 10:10:01.564,5.92971,5.9309,2.03,2.25
2012.08.20 10:10:02.317,5.92987,5.93103,2.03,2.06
2012.08.20 10:10:02.438,5.92967,5.93087,3.00,2.03
2012.08.20 10:10:02.559,5.92978,5.93066,1.35,2.03
2012.08.20 10:10:02.679,5.92998,5.93116,2.78,2.25
2012.08.20 10:10:02.935,5.92998,5.93073,2.03,1.83
2012.08.20 10:10:03.110,5.92938,5.93059,2.03,2.25
2012.08.20 10:10:03.398,5.92954,5.93073,2.03,2.06
2012.08.20 10:10:03.968,5.92935,5.93054,2.03,2.25
2012.08.20 10:10:04.088,5.92956,5.93073,2.03,2.06
2012.08.20 10:10:04.441,5.92967,5.93074,2.70,2.03
2012.08.20 10:10:04.561,5.93002,5.9312,2.03,1.13
2012.08.20 10:10:04.624,5.93044,5.9312,2.03,1.13
2012.08.20 10:10:04.897,5.93026,5.93137,2.03,1.35
2012.08.20 10:10:05.074,5.93026,5.93113,2.03,2.06
2012.08.20 10:10:05.137,5.92997,5.93113,2.03,2.06
2012.08.20 10:10:05.724,5.92997,5.93113,2.03,2.06
2012.08.20 10:10:05.842,5.92964,5.93072,2.03,2.06
2012.08.20 10:10:06.333,5.92964,5.93072,2.78,2.06
2012.08.20 10:10:06.679,5.92999,5.93108,2.03,2.63
2012.08.20 10:10:07.125,5.92999,5.93108,2.03,2.25
2012.08.20 10:10:07.196,5.92959,5.93067,2.03,2.03
2012.08.20 10:10:07.259,5.92959,5.93067,2.78,2.03
2012.08.20 10:10:07.322,5.92974,5.93075,2.78,2.03
2012.08.20 10:10:07.384,5.92998,5.93113,2.03,1.73
2012.08.20 10:10:07.837,5.93016,5.93123,2.03,1.35
2012.08.20 10:10:08.490,5.93016,5.93132,2.03,1.35
2012.08.20 10:10:08.665,5.93035,5.93142,2.03,1.73
2012.08.20 10:10:08.985,5.93056,5.93162,2.03,2.81
2012.08.20 10:10:10.417,5.93075,5.93162,2.03,2.81
2012.08.20 10:10:10.482,5.93075,5.93162,2.03,2.06
2012.08.20 10:10:10.602,5.93075,5.93192,2.78,1.83
2012.08.20 10:10:10.666,5.93088,5.93192,2.03,1.83
2012.08.20 10:10:10.986,5.93126,5.93192,2.03,2.58
2012.08.20 10:10:11.107,5.9311,5.93192,2.03,3.56
2012.08.20 10:10:11.194,5.93103,5.93192,2.03,3.56
2012.08.20 10:10:11.645,5.93093,5.93192,2.03,3.56
2012.08.20 10:10:12.175,5.93098,5.93113,2.03,1.83
2012.08.20 10:10:12.295,5.93065,5.93113,2.03,2.06
2012.08.20 10:10:12.415,5.93092,5.93113,2.03,2.06
2012.08.20 10:10:12.591,5.93092,5.93193,2.03,1.13
2012.08.20 10:10:12.654,5.93113,5.93193,2.03,1.13
2012.08.20 10:10:12.996,5.93113,5.93185,2.03,1.35
2012.08.20 10:10:13.116,5.93113,5.93185,2.03,1.35
2012.08.20 10:10:13.179,5.93113,5.93153,2.03,2.06
2012.08.20 10:10:13.571,5.9308,5.93153,2.03,2.06
2012.08.20 10:10:13.692,5.93057,5.93153,2.03,2.06
2012.08.20 10:10:13.756,5.93044,5.93153,2.03,2.06
2012.08.20 10:10:14.100,5.93044,5.93153,2.03,2.06
2012.08.20 10:10:14.161,5.93066,5.93153,2.03,2.06
2012.08.20 10:10:14.505,5.93132,5.93212,2.03,1.13
2012.08.20 10:10:14.851,5.93109,5.9323,2.78,3.00
2012.08.20 10:10:14.914,5.93095,5.93214,2.03,3.00
2012.08.20 10:10:15.730,5.93095,5.93142,2.03,1.83
2012.08.20 10:10:15.904,5.93087,5.93142,2.03,1.83
2012.08.20 10:10:16.376,5.93072,5.93142,2.03,1.83
2012.08.20 10:10:16.811,5.93077,5.93142,2.03,1.83
2012.08.20 10:10:17.415,5.9309,5.93142,2.03,1.83
2012.08.20 10:10:17.815,5.9309,5.93172,2.03,2.06
2012.08.20 10:10:18.307,5.9309,5.93191,2.03,2.03
2012.08.20 10:10:18.369,5.93108,5.93213,2.03,3.00
2012.08.20 10:10:18.735,5.93131,5.93232,2.03,2.81
2012.08.20 10:10:19.281,5.93149,5.93232,2.03,1.83
2012.08.20 10:10:19.782,5.93149,5.93258,2.03,1.73
2012.08.20 10:10:19.847,5.93149,5.93258,2.03,1.50
2012.08.20 10:10:19.912,5.93182,5.93258,2.03,1.50
2012.08.20 10:10:20.202,5.93164,5.93267,2.03,1.73
2012.08.20 10:10:20.926,5.93156,5.93267,2.03,1.73
2012.08.20 10:10:21.703,5.93156,5.93276,2.03,2.03
2012.08.20 10:10:21.765,5.93179,5.933,2.03,3.00
2012.08.20 10:10:22.109,5.93164,5.93262,2.03,3.56
2012.08.20 10:10:22.398,5.93164,5.93262,2.03,1.83
2012.08.20 10:10:22.575,5.93164,5.93287,2.78,3.00
2012.08.20 10:10:22.638,5.93215,5.93288,2.03,1.73
2012.08.20 10:10:22.972,5.93215,5.93288,2.03,1.35
2012.08.20 10:10:23.264,5.9319,5.93302,2.03,2.81
2012.08.20 10:10:23.385,5.93172,5.93292,2.03,2.25
2012.08.20 10:10:23.616,5.93173,5.93262,1.50,2.06
2012.08.20 10:10:23.736,5.93221,5.93346,2.03,3.00
2012.08.20 10:10:23.800,5.93243,5.93347,2.03,1.13
2012.08.20 10:10:23.862,5.93243,5.93362,2.03,4.83
2012.08.20 10:10:23.925,5.93261,5.93362,2.03,2.81
2012.08.20 10:10:24.272,5.93166,5.93263,2.03,2.06
2012.08.20 10:10:24.564,5.93238,5.93263,2.03,2.06
2012.08.20 10:10:24.798,5.93199,5.93283,2.03,2.06
2012.08.20 10:10:24.861,5.93193,5.93283,2.03,2.06
2012.08.20 10:10:25.252,5.93193,5.93283,2.03,2.06
2012.08.20 10:10:25.371,5.93121,5.9323,2.78,2.03
2012.08.20 10:10:25.645,5.93137,5.9324,2.78,2.03
2012.08.20 10:10:25.713,5.93156,5.93261,2.03,2.25
2012.08.20 10:10:27.592,5.93184,5.93283,2.03,4.08
2012.08.20 10:10:28.274,5.93201,5.93283,2.03,2.06
2012.08.20 10:10:28.605,5.93194,5.93283,2.03,2.06
2012.08.20 10:10:28.667,5.93194,5.93283,2.03,2.06
2012.08.20 10:10:29.067,5.9324,5.93283,2.03,1.83
2012.08.20 10:10:29.130,5.9324,5.93345,2.03,1.35
2012.08.20 10:10:29.193,5.93261,5.9335,2.03,1.20
2012.08.20 10:10:29.532,5.93189,5.93283,2.03,2.06
2012.08.20 10:10:29.881,5.93209,5.93283,1.35,1.83
2012.08.20 10:10:29.944,5.93234,5.93325,2.03,2.03
2012.08.20 10:10:30.006,5.93256,5.93371,2.03,1.73
2012.08.20 10:10:30.069,5.93271,5.93372,2.03,1.73
2012.08.20 10:10:30.527,5.93267,5.93373,2.03,1.73
2012.08.20 10:10:30.867,5.93267,5.93382,2.03,1.35
2012.08.20 10:10:30.929,5.93246,5.93365,2.03,2.25
2012.08.20 10:10:31.047,5.93281,5.93382,2.03,1.35
2012.08.20 10:10:31.278,5.93277,5.93392,2.03,2.81
2012.08.20 10:10:31.340,5.93277,5.93392,2.03,2.81
2012.08.20 10:10:31.517,5.93258,5.93376,2.03,3.00
2012.08.20 10:10:31.755,5.93258,5.93375,2.03,3.00
2012.08.20 10:10:31.818,5.93234,5.93352,2.03,3.00
2012.08.20 10:10:32.050,5.93247,5.93353,2.03,2.81
2012.08.20 10:10:32.371,5.93247,5.93366,2.03,3.00
2012.08.20 10:10:32.433,5.9327,5.93373,2.03,2.81
2012.08.20 10:10:32.877,5.9327,5.93373,2.03,2.06
2012.08.20 10:10:32.940,5.9327,5.93373,2.03,1.83
2012.08.20 10:10:33.002,5.9327,5.93386,2.03,2.03
2012.08.20 10:10:33.121,5.9327,5.93386,2.78,2.03
2012.08.20 10:10:33.470,5.93281,5.93372,1.73,1.83
2012.08.20 10:10:33.533,5.93305,5.93376,1.35,2.03
2012.08.20 10:10:33.654,5.93343,5.93376,2.03,2.03
2012.08.20 10:10:33.718,5.93366,5.93442,2.03,1.83
2012.08.20 10:10:33.839,5.93387,5.93442,2.03,1.83
2012.08.20 10:10:33.959,5.93387,5.93465,2.03,1.35
2012.08.20 10:10:34.364,5.93373,5.93478,2.03,2.63
2012.08.20 10:10:34.596,5.93355,5.9346,2.03,2.25
2012.08.20 10:10:34.954,5.93373,5.93438,2.03,1.50
2012.08.20 10:10:35.269,5.93337,5.93396,2.03,2.63
2012.08.20 10:10:35.589,5.93337,5.93373,2.03,2.03
2012.08.20 10:10:35.810,5.93269,5.93373,2.78,2.03
2012.08.20 10:10:36.098,5.93269,5.93373,2.03,2.03
2012.08.20 10:10:36.328,5.93269,5.93373,2.78,2.03
2012.08.20 10:10:37.203,5.93288,5.93392,2.03,3.00
2012.08.20 10:10:37.266,5.93288,5.93392,2.03,2.03
2012.08.20 10:10:37.443,5.93313,5.93419,2.03,2.63
2012.08.20 10:10:37.782,5.93313,5.93419,2.03,3.00
2012.08.20 10:10:37.844,5.93313,5.93419,2.03,2.63
2012.08.20 10:10:38.299,5.93387,5.93472,2.03,2.06
2012.08.20 10:10:38.362,5.93387,5.93491,2.03,3.15
2012.08.20 10:10:38.424,5.93387,5.93491,2.78,3.15
2012.08.20 10:10:38.599,5.93387,5.93491,3.00,2.03
2012.08.20 10:10:38.661,5.93387,5.93491,2.78,3.00
2012.08.20 10:10:38.782,5.93342,5.93445,2.78,2.25
2012.08.20 10:10:38.902,5.93361,5.93452,2.03,2.81
2012.08.20 10:10:39.859,5.93344,5.93463,2.03,1.73
2012.08.20 10:10:39.979,5.93323,5.93448,2.03,2.25
2012.08.20 10:10:40.156,5.93301,5.93424,2.03,2.25
2012.08.20 10:10:40.220,5.933,5.93424,3.53,2.25
2012.08.20 10:10:40.570,5.9333,5.93475,2.78,1.73
2012.08.20 10:10:40.633,5.9333,5.93475,2.03,1.73
2012.08.20 10:10:40.924,5.93345,5.93451,2.03,2.63
2012.08.20 10:10:40.997,5.93353,5.93456,2.03,2.03
2012.08.20 10:10:41.061,5.93382,5.93462,2.03,1.83
2012.08.20 10:10:41.239,5.93382,5.93486,2.03,3.00
2012.08.20 10:10:41.302,5.93382,5.93486,2.03,2.78
2012.08.20 10:10:41.826,5.93383,5.93487,2.03,2.78
2012.08.20 10:10:42.191,5.93403,5.93507,2.03,3.00
2012.08.20 10:10:42.627,5.93403,5.93507,2.03,3.00
2012.08.20 10:10:42.747,5.93403,5.93502,2.03,1.50
2012.08.20 10:10:42.946,5.93387,5.93493,2.03,2.78
2012.08.20 10:10:43.021,5.93332,5.93438,3.00,2.03
2012.08.20 10:10:43.539,5.9331,5.93414,2.78,2.03
2012.08.20 10:10:43.768,5.93287,5.93391,2.78,2.03
2012.08.20 10:10:44.112,5.93287,5.93391,2.03,2.03
2012.08.20 10:10:44.289,5.93271,5.93377,3.00,2.03
2012.08.20 10:10:44.518,5.93296,5.934,2.03,2.03
2012.08.20 10:10:45.093,5.9331,5.93415,2.03,2.03
2012.08.20 10:10:45.567,5.9331,5.93415,2.03,2.78
2012.08.20 10:10:45.912,5.9328,5.93385,2.03,2.63
2012.08.20 10:10:47.906,5.93258,5.93364,4.05,2.03
2012.08.20 10:10:48.082,5.93258,5.93364,2.03,3.00
2012.08.20 10:10:48.374,5.93235,5.9334,2.03,2.03
2012.08.20 10:10:48.548,5.93235,5.9334,2.03,4.28
2012.08.20 10:10:48.724,5.93213,5.93316,2.03,2.03
2012.08.20 10:10:48.787,5.93213,5.93316,2.03,2.25
2012.08.20 10:10:48.965,5.93196,5.933,2.03,2.25
2012.08.20 10:10:49.327,5.93196,5.933,2.78,2.25
2012.08.20 10:10:49.593,5.9321,5.93316,2.03,2.25
2012.08.20 10:10:49.725,5.93226,5.93332,2.03,3.00
2012.08.20 10:10:51.120,5.93245,5.93351,2.03,3.00
2012.08.20 10:10:51.239,5.93218,5.93323,2.78,2.25
2012.08.20 10:10:51.302,5.93243,5.93323,2.03,2.03
2012.08.20 10:10:51.367,5.93267,5.93371,2.78,2.03
2012.08.20 10:10:51.650,5.93284,5.93388,2.03,2.03
2012.08.20 10:10:54.182,5.93301,5.93405,2.03,3.00
2012.08.20 10:10:54.301,5.93284,5.9339,2.03,2.03
2012.08.20 10:10:55.851,5.93299,5.93404,2.03,3.00
2012.08.20 10:10:58.990,5.93318,5.93413,2.03,2.06
2012.08.20 10:10:59.418,5.93318,5.93413,2.03,1.83
2012.08.20 10:10:59.481,5.93318,5.93422,2.03,2.03
2012.08.20 10:10:59.769,5.93336,5.9344,2.03,2.63
2012.08.20 10:10:59.888,5.93315,5.93421,2.03,2.03
2012.08.20 10:11:01.394,5.93331,5.93432,2.03,1.35
2012.08.20 10:11:01.734,5.93354,5.93463,2.03,2.06
2012.08.20 10:11:01.975,5.93373,5.93473,2.03,1.35
2012.08.20 10:11:03.390,5.93394,5.93499,2.03,1.35
2012.08.20 10:11:03.623,5.93365,5.93485,2.03,2.25
2012.08.20 10:11:03.911,5.93365,5.93485,2.25,2.03
2012.08.20 10:11:04.075,5.93365,5.93485,2.25,2.78
2012.08.20 10:11:04.195,5.93365,5.93485,2.25,2.03
2012.08.20 10:11:04.583,5.9338,5.93499,2.78,2.40
2012.08.20 10:11:04.918,5.9341,5.93503,2.03,1.83
2012.08.20 10:11:05.486,5.93395,5.93503,2.03,1.83
2012.08.20 10:11:05.549,5.93416,5.93503,2.03,1.83
2012.08.20 10:11:05.613,5.93416,5.93522,2.03,2.06
2012.08.20 10:11:05.732,5.93413,5.93522,2.03,2.06
2012.08.20 10:11:06.266,5.93413,5.93522,2.25,1.83
2012.08.20 10:11:06.329,5.93437,5.93533,2.70,2.03
2012.08.20 10:11:06.448,5.93437,5.93533,2.70,2.03
2012.08.20 10:11:06.510,5.93498,5.93556,2.03,2.03
2012.08.20 10:11:06.629,5.93479,5.93597,2.03,2.03
2012.08.20 10:11:07.620,5.93498,5.93613,2.03,2.06
2012.08.20 10:11:07.738,5.9348,5.93596,2.03,2.03
2012.08.20 10:11:08.289,5.93491,5.93612,2.03,2.03
2012.08.20 10:11:08.465,5.93463,5.93581,2.25,2.03
2012.08.20 10:11:08.696,5.93463,5.93581,2.03,2.03
2012.08.20 10:11:08.929,5.9343,5.9355,3.00,2.03
2012.08.20 10:11:09.048,5.9343,5.9355,2.03,2.03
2012.08.20 10:11:09.505,5.9345,5.9357,2.03,2.25
2012.08.20 10:11:10.411,5.93466,5.93582,2.03,2.25
2012.08.20 10:11:10.908,5.93451,5.93566,2.03,2.25
2012.08.20 10:11:11.444,5.93451,5.93566,2.03,3.00
2012.08.20 10:11:11.508,5.93428,5.93544,4.05,3.75
2012.08.20 10:11:11.628,5.93448,5.93544,2.03,1.73
2012.08.20 10:11:11.862,5.93448,5.93568,2.78,2.03
2012.08.20 10:11:11.925,5.93449,5.93567,2.03,2.40
2012.08.20 10:11:11.988,5.93432,5.93546,2.78,3.00
2012.08.20 10:11:12.052,5.93432,5.93517,2.03,1.73
2012.08.20 10:11:12.116,5.93381,5.93494,2.78,2.63
2012.08.20 10:11:12.178,5.93381,5.93494,2.03,2.63
2012.08.20 10:11:12.488,5.93381,5.93494,2.78,2.63
2012.08.20 10:11:12.810,5.93397,5.93508,2.03,2.25
2012.08.20 10:11:12.929,5.93389,5.93482,2.03,2.25
2012.08.20 10:11:13.048,5.93399,5.93504,2.03,2.25
2012.08.20 10:11:13.222,5.93399,5.93504,2.03,2.03
2012.08.20 10:11:13.285,5.93399,5.93504,2.78,4.05
2012.08.20 10:11:13.461,5.93416,5.93521,2.03,2.03
2012.08.20 10:11:13.581,5.93394,5.93498,2.03,2.03
2012.08.20 10:11:13.926,5.93379,5.93484,2.03,2.03
2012.08.20 10:11:13.990,5.9336,5.93461,1.35,2.03
2012.08.20 10:11:14.110,5.93375,5.93478,2.03,2.03
2012.08.20 10:11:14.472,5.93375,5.93478,2.78,2.03
2012.08.20 10:11:15.234,5.93375,5.93478,2.78,2.03
2012.08.20 10:11:15.547,5.93375,5.93478,2.78,2.03
2012.08.20 10:11:16.567,5.93375,5.93478,2.78,2.03
2012.08.20 10:11:16.881,5.93353,5.93457,2.78,2.03
2012.08.20 10:11:16.944,5.93353,5.93457,2.03,2.03
2012.08.20 10:11:17.007,5.93335,5.93432,1.13,2.03
2012.08.20 10:11:17.127,5.93335,5.93432,1.13,2.03
2012.08.20 10:11:17.513,5.93305,5.93393,3.00,2.03
2012.08.20 10:11:17.577,5.93305,5.93393,2.78,2.25
2012.08.20 10:11:17.640,5.93288,5.93393,2.78,3.00
2012.08.20 10:11:17.703,5.93288,5.93393,2.03,3.00
2012.08.20 10:11:17.766,5.93256,5.93359,3.00,2.03
2012.08.20 10:11:17.944,5.93256,5.93359,3.00,2.78
2012.08.20 10:11:18.123,5.93232,5.93318,2.78,2.03
2012.08.20 10:11:18.423,5.93232,5.93305,2.78,2.03
2012.08.20 10:11:18.657,5.93232,5.93305,2.78,2.03
2012.08.20 10:11:19.007,5.9322,5.93305,2.03,2.03
2012.08.20 10:11:19.071,5.932,5.93305,2.78,2.25
2012.08.20 10:11:19.362,5.93238,5.93344,2.78,2.03
2012.08.20 10:11:19.542,5.93238,5.93344,2.78,2.03
2012.08.20 10:11:19.661,5.93238,5.93344,2.78,2.03
2012.08.20 10:11:19.844,5.93254,5.93357,2.78,2.03
2012.08.20 10:11:20.787,5.93254,5.93357,2.78,2.03
2012.08.20 10:11:21.346,5.93237,5.9334,3.00,2.03
2012.08.20 10:11:21.523,5.93237,5.9334,3.00,2.03
2012.08.20 10:11:22.276,5.9325,5.9334,1.35,2.03
2012.08.20 10:11:22.340,5.93255,5.93359,3.00,2.03
2012.08.20 10:11:22.403,5.93255,5.93359,3.00,2.03
2012.08.20 10:11:23.225,5.93274,5.9338,2.78,2.03
2012.08.20 10:11:23.806,5.93258,5.93361,2.78,2.03
2012.08.20 10:11:24.846,5.93258,5.93361,2.78,2.03
2012.08.20 10:11:24.965,5.93275,5.9338,2.78,2.03
2012.08.20 10:11:25.535,5.93275,5.9338,2.78,2.03
2012.08.20 10:11:26.814,5.93257,5.93361,3.00,2.03
2012.08.20 10:11:27.165,5.93257,5.93361,3.00,2.03
2012.08.20 10:11:27.343,5.9328,5.93383,2.03,2.78
2012.08.20 10:11:28.032,5.93298,5.93403,2.03,2.43
2012.08.20 10:11:28.965,5.93298,5.93404,2.03,2.03
2012.08.20 10:11:32.773,5.93298,5.93404,2.78,2.03
2012.08.20 10:11:32.945,5.93305,5.93408,2.78,2.03
2012.08.20 10:11:33.007,5.93305,5.93408,2.03,2.03
2012.08.20 10:11:33.585,5.93304,5.93409,2.03,2.03
2012.08.20 10:11:33.647,5.93323,5.93429,2.03,2.63
2012.08.20 10:11:34.305,5.93341,5.93438,2.03,1.73
2012.08.20 10:11:34.727,5.93315,5.93419,2.03,2.03
2012.08.20 10:11:35.026,5.9333,5.93433,2.03,3.00
2012.08.20 10:11:35.632,5.93307,5.93409,2.03,2.03
2012.08.20 10:11:35.695,5.93305,5.93409,2.03,2.03
2012.08.20 10:11:36.367,5.93322,5.93425,2.03,2.25
2012.08.20 10:11:36.873,5.93322,5.93425,2.03,2.03
2012.08.20 10:11:38.618,5.93305,5.93414,2.03,2.03
2012.08.20 10:11:38.850,5.93305,5.93414,2.78,2.03
2012.08.20 10:11:39.193,5.93329,5.93437,3.00,2.03
2012.08.20 10:11:39.540,5.93435,5.93583,2.78,2.78
2012.08.20 10:11:39.713,5.93413,5.93562,2.78,2.78
2012.08.20 10:11:39.832,5.93392,5.93546,3.00,2.03
2012.08.20 10:11:40.292,5.93392,5.93546,3.00,2.03
2012.08.20 10:11:41.053,5.93412,5.93526,3.00,2.03
2012.08.20 10:11:41.583,5.93428,5.93549,2.48,2.03
2012.08.20 10:11:42.680,5.9344,5.93565,2.78,2.03
2012.08.20 10:11:45.068,5.9344,5.93565,2.78,2.03
2012.08.20 10:11:45.299,5.93466,5.93586,1.35,2.03
2012.08.20 10:11:45.474,5.93462,5.93568,3.00,2.03
2012.08.20 10:11:45.650,5.9345,5.93573,2.78,2.06
2012.08.20 10:11:46.256,5.9345,5.93573,3.00,1.83
2012.08.20 10:11:46.319,5.9344,5.93534,1.35,2.03
2012.08.20 10:11:46.439,5.93514,5.9362,2.03,1.73
2012.08.20 10:11:47.691,5.93498,5.93613,2.03,1.73
2012.08.20 10:11:48.332,5.93476,5.93607,2.78,3.00
2012.08.20 10:11:48.813,5.93469,5.93596,2.78,1.35
2012.08.20 10:11:48.885,5.93453,5.93589,3.00,2.03
2012.08.20 10:11:49.368,5.93453,5.93589,3.00,2.78
2012.08.20 10:11:50.459,5.93453,5.93589,3.00,2.78
2012.08.20 10:11:52.810,5.93453,5.93589,3.00,2.78
2012.08.20 10:11:55.240,5.93453,5.93587,3.00,1.13
2012.08.20 10:11:55.476,5.93453,5.93575,2.03,1.35
2012.08.20 10:11:57.181,5.93453,5.93589,2.78,3.00
2012.08.20 10:11:57.563,5.93471,5.93602,2.03,1.13
2012.08.20 10:11:57.729,5.93471,5.93607,2.78,3.00
2012.08.20 10:11:57.791,5.93471,5.93607,2.78,2.25
2012.08.20 10:11:57.911,5.93488,5.93607,2.03,2.03
2012.08.20 10:11:58.255,5.93516,5.93636,2.78,3.00
2012.08.20 10:11:58.374,5.93516,5.93636,2.03,3.00
2012.08.20 10:11:58.578,5.93516,5.93636,2.78,3.00
2012.08.20 10:11:59.264,5.93516,5.93636,2.78,3.00
2012.08.20 10:11:59.383,5.93516,5.9363,2.03,1.13
2012.08.20 10:12:00.519,5.93516,5.93636,2.03,3.00
2012.08.20 10:12:00.693,5.93516,5.93636,2.03,3.00
2012.08.20 10:12:01.294,5.93516,5.93636,2.03,2.25
2012.08.20 10:12:01.355,5.93516,5.93636,2.25,2.03
2012.08.20 10:12:02.184,5.93534,5.9365,2.03,3.15
2012.08.20 10:12:02.361,5.93519,5.93637,2.03,2.03
2012.08.20 10:12:02.914,5.93519,5.93637,2.03,2.78
2012.08.20 10:12:03.565,5.93519,5.93637,2.03,2.78
2012.08.20 10:12:03.669,5.93519,5.93637,2.03,2.03
2012.08.20 10:12:04.290,5.93519,5.93637,2.03,2.78
2012.08.20 10:12:04.728,5.93519,5.93637,2.03,2.25
2012.08.20 10:12:04.960,5.93514,5.93599,1.35,2.03
2012.08.20 10:12:05.097,5.93514,5.93634,3.38,2.03
2012.08.20 10:12:05.216,5.9353,5.93648,2.03,2.78
2012.08.20 10:12:05.448,5.93515,5.93636,3.00,2.03
2012.08.20 10:12:06.283,5.93539,5.93655,2.03,2.40
2012.08.20 10:12:06.346,5.93551,5.93658,2.03,2.03
2012.08.20 10:12:06.410,5.93551,5.93671,2.03,2.03
2012.08.20 10:12:06.806,5.93551,5.93671,2.03,2.78
2012.08.20 10:12:07.062,5.93551,5.93671,2.03,2.03
2012.08.20 10:12:08.507,5.93551,5.93671,2.03,3.15
2012.08.20 10:12:09.337,5.93574,5.93671,2.03,1.13
2012.08.20 10:12:12.561,5.93557,5.93671,2.03,1.13
2012.08.20 10:12:13.066,5.93557,5.93671,2.03,1.13
2012.08.20 10:12:13.186,5.93557,5.93671,2.03,1.13
2012.08.20 10:12:14.104,5.93557,5.93597,2.03,1.50
2012.08.20 10:12:14.333,5.93557,5.93634,2.03,1.49
2012.08.20 10:12:14.395,5.93417,5.93602,1.88,1.05
2012.08.20 10:12:14.458,5.93373,5.93602,3.00,2.03
2012.08.20 10:12:14.520,5.93398,5.93602,1.35,1.28
2012.08.20 10:12:14.639,5.93496,5.93613,2.03,2.81
2012.08.20 10:12:16.062,5.93516,5.93613,2.03,1.83
2012.08.20 10:12:16.124,5.93516,5.93637,2.03,2.25
2012.08.20 10:12:16.422,5.93516,5.9363,2.03,2.33
2012.08.20 10:12:16.964,5.93448,5.93543,2.03,2.06
2012.08.20 10:12:17.645,5.93426,5.93543,2.03,2.06
2012.08.20 10:12:18.538,5.93426,5.93523,2.03,1.83
2012.08.20 10:12:18.600,5.93411,5.9353,3.00,2.03
2012.08.20 10:12:18.831,5.93411,5.9353,2.78,2.25
2012.08.20 10:12:19.173,5.93474,5.93522,2.03,2.06
2012.08.20 10:12:19.235,5.93417,5.93522,2.03,2.06
2012.08.20 10:12:19.353,5.93398,5.93522,2.03,2.06
2012.08.20 10:12:20.245,5.93414,5.93522,2.03,2.06
2012.08.20 10:12:20.476,5.9339,5.93522,2.25,1.83
2012.08.20 10:12:20.539,5.93439,5.93528,2.03,2.03
2012.08.20 10:12:20.601,5.93461,5.9358,2.03,1.95
2012.08.20 10:12:20.720,5.93475,5.9358,2.03,1.95
2012.08.20 10:12:20.840,5.93445,5.93523,2.03,2.06
2012.08.20 10:12:20.957,5.93414,5.93523,2.03,2.06
2012.08.20 10:12:22.483,5.93414,5.93549,2.03,2.25
2012.08.20 10:12:22.546,5.93395,5.93519,1.35,2.03
2012.08.20 10:12:22.889,5.93419,5.93522,2.03,2.06
2012.08.20 10:12:24.519,5.93399,5.93493,2.03,2.06
2012.08.20 10:12:24.639,5.93399,5.93539,2.03,3.00
2012.08.20 10:12:24.700,5.93399,5.93472,2.03,1.83
2012.08.20 10:12:24.932,5.93342,5.93472,2.03,2.06
2012.08.20 10:12:24.994,5.93391,5.93472,2.03,2.06
2012.08.20 10:12:25.305,5.93408,5.93472,2.03,2.06
2012.08.20 10:12:25.798,5.93413,5.93472,2.03,2.06
2012.08.20 10:12:26.407,5.93413,5.93472,2.03,1.83
2012.08.20 10:12:26.583,5.93401,5.93464,2.03,2.03
2012.08.20 10:12:26.702,5.93425,5.93543,2.03,4.08
2012.08.20 10:12:26.819,5.93425,5.93472,2.03,1.83
2012.08.20 10:12:26.993,5.93393,5.93472,2.03,2.06
2012.08.20 10:12:28.525,5.93441,5.93535,2.03,2.63
2012.08.20 10:12:28.587,5.93441,5.93498,2.03,2.03
2012.08.20 10:12:28.650,5.93441,5.93543,2.03,2.66
2012.08.20 10:12:28.768,5.93441,5.93472,2.03,1.83
2012.08.20 10:12:28.887,5.93427,5.93472,2.03,2.06
2012.08.20 10:12:28.949,5.93404,5.93472,2.03,2.06
2012.08.20 10:12:29.296,5.93382,5.93472,2.03,2.06
2012.08.20 10:12:30.474,5.93382,5.935,2.03,2.03
2012.08.20 10:12:30.593,5.9343,5.93512,2.03,2.25
2012.08.20 10:12:30.935,5.93382,5.93473,2.03,2.06
2012.08.20 10:12:32.474,5.93382,5.93473,2.03,1.83
2012.08.20 10:12:32.536,5.93422,5.93473,2.03,1.83
2012.08.20 10:12:32.655,5.93422,5.9351,2.03,2.03
2012.08.20 10:12:32.717,5.93422,5.93542,2.03,2.85
2012.08.20 10:12:32.780,5.93399,5.93472,2.03,2.06
2012.08.20 10:12:32.842,5.93384,5.93472,2.03,2.06
2012.08.20 10:12:34.465,5.93384,5.93505,2.03,2.03
2012.08.20 10:12:34.528,5.93433,5.93484,2.03,2.03
2012.08.20 10:12:34.647,5.93433,5.93542,2.03,2.66
2012.08.20 10:12:34.709,5.93433,5.93542,2.03,2.66
2012.08.20 10:12:34.828,5.9338,5.93472,2.03,2.06
2012.08.20 10:12:35.048,5.93364,5.93472,2.03,2.06
2012.08.20 10:12:36.014,5.93379,5.93472,2.03,2.06
2012.08.20 10:12:36.414,5.93381,5.93472,1.13,2.06
2012.08.20 10:12:36.477,5.93381,5.93472,1.35,1.83
2012.08.20 10:12:36.540,5.93395,5.93472,1.50,1.83
2012.08.20 10:12:36.889,5.93454,5.93472,2.03,1.83
2012.08.20 10:12:37.317,5.93456,5.93592,2.03,2.25
2012.08.20 10:12:38.267,5.93436,5.93543,2.03,2.06
2012.08.20 10:12:38.555,5.93452,5.93523,2.03,1.83
2012.08.20 10:12:38.673,5.93489,5.93523,2.03,1.83
2012.08.20 10:12:38.906,5.93417,5.93523,2.03,2.06
2012.08.20 10:12:40.429,5.93417,5.93534,2.03,2.03
2012.08.20 10:12:40.604,5.93452,5.93525,2.03,2.03
2012.08.20 10:12:40.947,5.93408,5.93522,2.03,2.06
2012.08.20 10:12:42.446,5.93388,5.93504,2.78,2.25
2012.08.20 10:12:42.510,5.93394,5.93504,1.35,2.03
2012.08.20 10:12:42.854,5.93426,5.93522,2.03,2.06
2012.08.20 10:12:44.474,5.93426,5.93544,2.03,2.78
2012.08.20 10:12:44.594,5.93472,5.93544,2.03,2.03
2012.08.20 10:12:44.906,5.93439,5.93522,2.03,2.06
2012.08.20 10:12:44.968,5.93427,5.93522,2.03,2.06
2012.08.20 10:12:46.373,5.93427,5.93522,2.03,2.06
2012.08.20 10:12:46.438,5.93427,5.93522,2.78,2.06
2012.08.20 10:12:46.500,5.93427,5.93522,3.00,1.83
2012.08.20 10:12:46.620,5.93495,5.93522,2.03,1.83
2012.08.20 10:12:46.739,5.93474,5.93589,2.03,2.25
2012.08.20 10:12:46.857,5.93455,5.93523,2.03,2.06
2012.08.20 10:12:48.467,5.93437,5.93523,2.03,1.83
2012.08.20 10:12:48.532,5.93437,5.93523,2.78,1.83
2012.08.20 10:12:48.595,5.93437,5.93553,2.78,2.03
2012.08.20 10:12:48.658,5.93437,5.93553,2.78,2.25
2012.08.20 10:12:49.005,5.93393,5.93511,2.03,2.25
2012.08.20 10:12:49.124,5.93378,5.93492,2.03,2.06
2012.08.20 10:12:49.711,5.93393,5.93492,2.03,2.06
2012.08.20 10:12:50.018,5.93407,5.93492,2.03,2.06
2012.08.20 10:12:50.428,5.93407,5.93492,2.03,1.83
2012.08.20 10:12:50.489,5.93385,5.93491,3.00,2.03
2012.08.20 10:12:50.552,5.9339,5.93491,1.13,2.03
2012.08.20 10:12:50.896,5.93414,5.93492,2.03,2.06
2012.08.20 10:12:51.249,5.93428,5.93492,2.03,2.06
2012.08.20 10:12:51.898,5.93409,5.93492,2.03,2.06
2012.08.20 10:12:52.017,5.93392,5.93492,2.03,2.06
2012.08.20 10:12:52.399,5.93392,5.93512,2.78,2.03
2012.08.20 10:12:52.517,5.93392,5.93502,2.78,2.03
2012.08.20 10:12:52.861,5.93441,5.93493,2.03,2.06
2012.08.20 10:12:52.923,5.93407,5.93493,2.03,2.06
2012.08.20 10:12:52.985,5.9339,5.93493,2.03,2.06
2012.08.20 10:12:53.863,5.93404,5.93493,2.03,2.06
2012.08.20 10:12:54.437,5.93381,5.93479,2.78,2.25
2012.08.20 10:12:54.499,5.93381,5.93479,3.00,2.03
2012.08.20 10:12:54.563,5.9344,5.93502,2.03,2.03
2012.08.20 10:12:54.682,5.9344,5.93556,2.03,2.85
2012.08.20 10:12:54.744,5.9344,5.93492,2.03,2.06
2012.08.20 10:12:54.862,5.93395,5.93492,2.03,2.06
2012.08.20 10:12:55.093,5.93414,5.93492,2.03,2.06
2012.08.20 10:12:56.257,5.93393,5.93492,2.03,2.06
2012.08.20 10:12:56.431,5.93393,5.93492,2.78,2.06
2012.08.20 10:12:56.493,5.9339,5.93492,3.15,1.83
2012.08.20 10:12:56.612,5.93451,5.9353,2.03,2.25
2012.08.20 10:12:56.962,5.93428,5.9348,2.03,2.25
2012.08.20 10:12:57.025,5.93362,5.9348,2.03,2.25
2012.08.20 10:12:57.742,5.93385,5.93493,2.03,2.06
2012.08.20 10:12:58.484,5.93358,5.93472,2.70,2.03
2012.08.20 10:12:58.547,5.93412,5.93472,2.03,2.03
2012.08.20 10:12:58.609,5.93435,5.93548,2.03,1.73
2012.08.20 10:12:58.672,5.93435,5.93492,2.03,1.83
2012.08.20 10:12:58.902,5.93403,5.93492,2.03,2.06
2012.08.20 10:13:00.150,5.93389,5.93492,2.03,2.06
2012.08.20 10:13:00.485,5.93389,5.93492,2.03,1.83
2012.08.20 10:13:00.610,5.93422,5.93492,2.03,1.83
2012.08.20 10:13:00.674,5.93422,5.93529,2.03,2.25
2012.08.20 10:13:00.738,5.93422,5.93529,2.03,2.25
2012.08.20 10:13:00.802,5.93376,5.93492,2.03,2.06
2012.08.20 10:13:02.457,5.93376,5.93473,2.78,1.83
2012.08.20 10:13:02.520,5.93404,5.93478,2.03,2.03
2012.08.20 10:13:02.583,5.93404,5.93512,2.03,1.35
2012.08.20 10:13:02.758,5.93423,5.93473,2.03,1.83
2012.08.20 10:13:02.878,5.93383,5.93473,2.03,2.06
2012.08.20 10:13:03.223,5.934,5.93493,2.03,2.06
2012.08.20 10:13:03.671,5.9338,5.93493,2.03,2.06
2012.08.20 10:13:03.881,5.93366,5.93484,2.03,2.25
2012.08.20 10:13:04.439,5.93386,5.93473,2.03,1.83
2012.08.20 10:13:04.502,5.93387,5.93504,2.03,2.25
2012.08.20 10:13:04.565,5.9341,5.93522,2.03,1.73
2012.08.20 10:13:04.907,5.93376,5.93472,2.03,2.06
2012.08.20 10:13:06.587,5.93433,5.93516,2.03,2.03
2012.08.20 10:13:06.704,5.93433,5.93473,2.03,1.83
2012.08.20 10:13:07.046,5.93385,5.93473,2.03,2.06
2012.08.20 10:13:08.511,5.93385,5.93473,2.03,1.83
2012.08.20 10:13:08.573,5.93385,5.93506,2.03,2.25
2012.08.20 10:13:08.636,5.93374,5.93493,3.00,2.03
2012.08.20 10:13:08.981,5.93377,5.93473,2.03,2.06
2012.08.20 10:13:09.306,5.93389,5.93473,2.03,2.06
2012.08.20 10:13:09.817,5.93402,5.93473,2.03,1.83
2012.08.20 10:13:10.047,5.93402,5.93493,2.03,2.06
2012.08.20 10:13:10.484,5.93386,5.93493,2.63,1.83
2012.08.20 10:13:10.547,5.93389,5.93507,1.35,2.03
2012.08.20 10:13:10.610,5.93439,5.93558,2.03,3.00
2012.08.20 10:13:10.952,5.93394,5.93492,2.03,2.06
2012.08.20 10:13:12.465,5.93356,5.93474,2.78,2.25
2012.08.20 10:13:12.529,5.93376,5.93474,1.13,2.25
2012.08.20 10:13:12.704,5.93409,5.93498,2.03,2.03
2012.08.20 10:13:12.766,5.93425,5.93493,2.03,1.83
2012.08.20 10:13:12.884,5.93384,5.93493,2.03,2.06
2012.08.20 10:13:13.041,5.93387,5.93493,2.03,2.06
2012.08.20 10:13:13.172,5.93384,5.93493,2.03,2.06
2012.08.20 10:13:13.845,5.93401,5.93493,2.03,2.06
2012.08.20 10:13:14.502,5.93401,5.93493,2.78,1.83
2012.08.20 10:13:14.621,5.93437,5.93546,2.03,2.10
2012.08.20 10:13:14.978,5.934,5.93492,2.03,2.06
2012.08.20 10:13:15.385,5.93382,5.93492,2.03,2.06
2012.08.20 10:13:16.540,5.93416,5.93492,2.03,1.83
2012.08.20 10:13:16.604,5.93416,5.93534,2.03,3.00
2012.08.20 10:13:16.721,5.93416,5.93534,2.03,3.00
2012.08.20 10:13:16.784,5.934,5.93518,2.03,2.25
2012.08.20 10:13:16.901,5.93373,5.93489,2.03,2.25
2012.08.20 10:13:17.403,5.93388,5.93492,2.03,2.06
2012.08.20 10:13:18.474,5.93388,5.93489,2.03,2.03
2012.08.20 10:13:18.536,5.93382,5.93489,2.03,2.03
2012.08.20 10:13:18.598,5.93404,5.93503,2.03,2.25
2012.08.20 10:13:18.943,5.93387,5.93492,2.03,2.06
2012.08.20 10:13:20.472,5.93368,5.93489,2.03,2.03
2012.08.20 10:13:20.535,5.93404,5.93489,2.03,2.03
2012.08.20 10:13:20.882,5.93427,5.93493,2.03,2.06
2012.08.20 10:13:20.946,5.93384,5.93493,2.03,2.06
2012.08.20 10:13:22.486,5.93384,5.935,2.78,2.25
2012.08.20 10:13:22.549,5.9336,5.93474,1.13,2.03
2012.08.20 10:13:22.893,5.93382,5.93492,2.03,2.06
2012.08.20 10:13:24.402,5.93382,5.93497,2.03,2.03
2012.08.20 10:13:24.464,5.93382,5.93497,2.78,2.03
2012.08.20 10:13:24.807,5.93402,5.93524,2.78,1.58
2012.08.20 10:13:24.869,5.93383,5.93492,4.80,2.06
2012.08.20 10:13:24.932,5.9337,5.93486,2.03,2.25
2012.08.20 10:13:25.130,5.93385,5.93492,2.03,2.06
2012.08.20 10:13:25.754,5.93363,5.93443,2.03,2.06
2012.08.20 10:13:25.873,5.93363,5.93443,2.03,2.06
2012.08.20 10:13:26.520,5.9334,5.93436,2.03,2.25
2012.08.20 10:13:26.588,5.93395,5.93493,2.03,1.73
2012.08.20 10:13:26.706,5.93371,5.93485,2.03,2.25
2012.08.20 10:13:26.769,5.93366,5.93485,2.03,3.00
2012.08.20 10:13:26.831,5.93343,5.93463,4.05,2.25
2012.08.20 10:13:27.369,5.93329,5.93443,2.03,2.06
2012.08.20 10:13:28.484,5.93329,5.93447,2.03,2.03
2012.08.20 10:13:28.547,5.93316,5.93418,1.13,2.03
2012.08.20 10:13:28.617,5.9332,5.93439,2.78,2.03
2012.08.20 10:13:28.679,5.93353,5.93439,2.03,2.03
2012.08.20 10:13:29.116,5.93333,5.93442,2.03,2.06
2012.08.20 10:13:29.947,5.93311,5.93418,2.03,2.25
2012.08.20 10:13:30.123,5.93297,5.93418,2.03,2.25
2012.08.20 10:13:30.514,5.93297,5.93372,2.03,1.83
2012.08.20 10:13:30.578,5.93294,5.93415,2.03,2.25
2012.08.20 10:13:30.641,5.93317,5.93435,2.03,2.25
2012.08.20 10:13:30.942,5.93297,5.93362,2.03,2.06
2012.08.20 10:13:31.004,5.93284,5.93362,2.03,2.06
2012.08.20 10:13:31.122,5.93265,5.93362,2.03,2.06
2012.08.20 10:13:32.035,5.93279,5.93362,2.03,2.06
2012.08.20 10:13:32.417,5.9326,5.93362,1.13,2.06
2012.08.20 10:13:32.479,5.93329,5.93416,2.03,1.35
2012.08.20 10:13:32.654,5.93306,5.9343,2.03,1.95
2012.08.20 10:13:32.827,5.93284,5.93363,2.03,2.06
2012.08.20 10:13:34.571,5.93284,5.93402,2.03,2.25
2012.08.20 10:13:34.690,5.93296,5.93414,2.03,2.25
2012.08.20 10:13:34.809,5.93278,5.93362,2.03,2.06
2012.08.20 10:13:35.436,5.93263,5.93362,2.03,2.06
2012.08.20 10:13:35.556,5.93243,5.93343,2.03,2.06
2012.08.20 10:13:36.568,5.93282,5.93343,2.03,2.06
2012.08.20 10:13:36.634,5.93282,5.93343,2.03,1.83
2012.08.20 10:13:36.697,5.93297,5.93343,2.03,2.06
2012.08.20 10:13:36.816,5.93284,5.93399,2.03,3.00
2012.08.20 10:13:36.934,5.93258,5.93343,2.03,2.06
2012.08.20 10:13:38.486,5.93258,5.93343,2.78,2.06
2012.08.20 10:13:38.550,5.933,5.93343,2.03,1.83
2012.08.20 10:13:38.614,5.933,5.93414,2.03,1.35
2012.08.20 10:13:38.676,5.93316,5.93414,2.03,1.35
2012.08.20 10:13:39.031,5.93292,5.93342,2.03,2.06
2012.08.20 10:13:39.364,5.9328,5.93342,2.03,2.06
2012.08.20 10:13:39.429,5.93267,5.93342,2.03,2.06
2012.08.20 10:13:40.411,5.93267,5.93342,2.03,1.83
2012.08.20 10:13:40.473,5.93267,5.93383,2.03,2.25
2012.08.20 10:13:40.536,5.93304,5.934,2.03,1.35
2012.08.20 10:13:40.888,5.93282,5.93343,2.03,2.06
2012.08.20 10:13:40.957,5.93273,5.93343,2.03,2.06
2012.08.20 10:13:41.518,5.93255,5.93343,2.03,2.06
2012.08.20 10:13:42.529,5.93255,5.93343,2.78,1.83
2012.08.20 10:13:42.648,5.93303,5.93343,2.03,1.83
2012.08.20 10:13:42.710,5.93303,5.93411,2.03,2.10
2012.08.20 10:13:42.773,5.93303,5.93411,2.03,1.35
2012.08.20 10:13:42.948,5.93285,5.93343,2.03,2.06
2012.08.20 10:13:43.273,5.93271,5.93343,2.03,2.06
2012.08.20 10:13:44.003,5.93271,5.93343,2.03,2.06
2012.08.20 10:13:44.436,5.93253,5.93343,2.03,2.06
2012.08.20 10:13:44.498,5.93222,5.93342,2.03,2.25
2012.08.20 10:13:44.561,5.93252,5.93342,2.03,2.25
2012.08.20 10:13:44.623,5.93252,5.93342,2.03,2.03
2012.08.20 10:13:44.685,5.93264,5.93342,2.03,2.03
2012.08.20 10:13:45.007,5.9326,5.93343,2.03,2.06
2012.08.20 10:13:46.599,5.93258,5.93343,2.03,2.06
2012.08.20 10:13:46.663,5.93298,5.93397,2.03,2.70
2012.08.20 10:13:46.725,5.93275,5.9338,2.03,1.58
2012.08.20 10:13:46.901,5.93253,5.93342,2.03,2.06
2012.08.20 10:13:46.979,5.93239,5.93342,2.03,2.06
2012.08.20 10:13:48.299,5.93251,5.93342,2.03,2.06
2012.08.20 10:13:48.475,5.93235,5.93353,2.03,2.25
2012.08.20 10:13:48.594,5.9329,5.9338,2.03,1.58
2012.08.20 10:13:48.938,5.93243,5.93343,2.03,2.06
2012.08.20 10:13:50.418,5.93243,5.93343,2.03,1.83
2012.08.20 10:13:50.479,5.93243,5.93363,2.03,2.25
2012.08.20 10:13:50.655,5.93243,5.93363,2.03,2.25
2012.08.20 10:13:50.979,5.93237,5.93343,2.03,2.06
2012.08.20 10:13:51.332,5.9325,5.93343,2.03,2.06
2012.08.20 10:13:52.429,5.9325,5.93343,2.03,1.83
2012.08.20 10:13:52.491,5.93227,5.93341,1.13,2.03
2012.08.20 10:13:52.555,5.933,5.93363,2.03,2.25
2012.08.20 10:13:52.788,5.93278,5.93368,2.03,3.00
2012.08.20 10:13:52.851,5.9325,5.93368,2.03,3.00
2012.08.20 10:13:54.613,5.93284,5.93379,2.03,1.73
2012.08.20 10:13:54.735,5.93284,5.93397,2.03,1.58
2012.08.20 10:13:54.855,5.93267,5.93342,2.03,2.06
2012.08.20 10:13:54.974,5.93253,5.93342,2.03,2.06
2012.08.20 10:13:55.205,5.93267,5.93342,2.03,2.06
2012.08.20 10:13:55.324,5.93253,5.93342,2.03,2.06
2012.08.20 10:13:55.444,5.93266,5.93342,2.03,2.06
2012.08.20 10:13:55.901,5.93248,5.93342,2.03,2.06
2012.08.20 10:13:56.363,5.93248,5.93342,2.03,2.06
2012.08.20 10:13:56.484,5.93248,5.93342,2.78,2.06
2012.08.20 10:13:56.605,5.9327,5.93341,2.03,2.03
2012.08.20 10:13:56.725,5.93293,5.93353,2.03,2.06
2012.08.20 10:13:56.845,5.93275,5.93353,2.03,2.06
2012.08.20 10:13:57.093,5.93259,5.93353,2.03,2.06
2012.08.20 10:13:57.884,5.93242,5.93353,2.03,2.06
2012.08.20 10:13:58.498,5.93242,5.93353,2.78,2.06
2012.08.20 10:13:58.618,5.93282,5.9338,2.03,2.03
2012.08.20 10:13:58.682,5.93305,5.93413,2.03,1.58
2012.08.20 10:13:59.016,5.93311,5.93353,2.03,2.06
2012.08.20 10:13:59.139,5.9328,5.93353,2.03,2.06
2012.08.20 10:13:59.256,5.9326,5.93353,2.03,2.06
2012.08.20 10:13:59.487,5.93238,5.93353,2.03,2.06
2012.08.20 10:14:00.317,5.93238,5.93353,2.78,2.06
2012.08.20 10:14:00.662,5.93282,5.93403,2.03,2.63
2012.08.20 10:14:00.726,5.93307,5.93421,2.03,1.58
2012.08.20 10:14:01.196,5.93264,5.93353,2.03,2.06
2012.08.20 10:14:02.206,5.93253,5.93353,2.03,2.06
2012.08.20 10:14:02.566,5.9329,5.93359,2.03,2.03
2012.08.20 10:14:02.628,5.9329,5.93408,2.03,3.00
2012.08.20 10:14:02.803,5.93237,5.93352,2.03,2.06
2012.08.20 10:14:04.354,5.93237,5.93352,2.78,2.06
2012.08.20 10:14:04.415,5.93237,5.93357,3.00,2.03
2012.08.20 10:14:04.478,5.93244,5.93357,1.35,2.03
2012.08.20 10:14:04.540,5.93272,5.9338,2.03,2.03
2012.08.20 10:14:04.658,5.93272,5.93393,2.03,2.25
2012.08.20 10:14:04.777,5.93272,5.93352,2.03,2.06
2012.08.20 10:14:04.894,5.93225,5.93342,2.03,2.25
2012.08.20 10:14:05.830,5.93267,5.93352,2.03,2.06
2012.08.20 10:14:05.892,5.93267,5.93352,2.03,2.06
2012.08.20 10:14:06.318,5.93267,5.93352,2.03,2.06
2012.08.20 10:14:06.381,5.93245,5.93352,2.03,2.06
2012.08.20 10:14:06.681,5.9325,5.93352,2.03,2.06
2012.08.20 10:14:06.917,5.93231,5.93351,2.03,2.25
2012.08.20 10:14:07.933,5.93247,5.93353,2.03,2.06
2012.08.20 10:14:08.484,5.93247,5.93353,2.03,1.83
2012.08.20 10:14:08.547,5.93261,5.93336,2.03,2.03
2012.08.20 10:14:08.666,5.93285,5.93404,2.03,3.00
2012.08.20 10:14:08.727,5.93285,5.93404,2.03,3.00
2012.08.20 10:14:08.902,5.93246,5.93353,2.03,2.06
2012.08.20 10:14:10.440,5.93216,5.93332,3.00,2.03
2012.08.20 10:14:10.502,5.93262,5.93332,2.03,2.03
2012.08.20 10:14:10.622,5.93285,5.9339,2.03,1.35
2012.08.20 10:14:10.683,5.93285,5.93401,2.03,3.00
2012.08.20 10:14:10.858,5.93269,5.93353,2.03,2.06
2012.08.20 10:14:10.976,5.93254,5.93353,2.03,2.06
2012.08.20 10:14:12.439,5.93254,5.93372,2.03,2.03
2012.08.20 10:14:12.501,5.93262,5.93381,2.03,2.25
2012.08.20 10:14:12.845,5.93243,5.93358,2.03,2.25
2012.08.20 10:14:14.466,5.93243,5.93358,2.03,2.03
2012.08.20 10:14:14.528,5.93261,5.93358,2.03,2.03
2012.08.20 10:14:14.871,5.93266,5.93352,2.03,2.06
2012.08.20 10:14:14.933,5.93261,5.93352,2.03,2.06
2012.08.20 10:14:15.106,5.9325,5.93352,2.03,2.06
2012.08.20 10:14:16.553,5.93293,5.93358,2.03,2.03
2012.08.20 10:14:16.616,5.93293,5.93402,2.03,1.58
2012.08.20 10:14:16.734,5.93293,5.93402,2.03,1.58
2012.08.20 10:14:16.853,5.93242,5.93352,2.03,2.06
2012.08.20 10:14:18.589,5.93258,5.93322,2.03,2.06
2012.08.20 10:14:18.652,5.93258,5.93337,2.03,2.03
2012.08.20 10:14:18.714,5.93281,5.93322,2.03,1.83
2012.08.20 10:14:19.069,5.9321,5.93322,2.03,2.06
2012.08.20 10:14:19.134,5.9321,5.93322,2.03,2.06
2012.08.20 10:14:19.198,5.93191,5.93272,2.78,2.06
2012.08.20 10:14:19.428,5.93191,5.93272,2.03,2.06
2012.08.20 10:14:19.546,5.93208,5.93272,2.03,2.06
2012.08.20 10:14:19.856,5.93237,5.93322,2.03,2.06
2012.08.20 10:14:19.918,5.93237,5.93322,2.03,2.06
2012.08.20 10:14:20.229,5.93257,5.93322,2.03,2.06
2012.08.20 10:14:20.518,5.9329,5.93378,2.03,2.63
2012.08.20 10:14:20.749,5.93267,5.9338,2.03,3.00
2012.08.20 10:14:20.812,5.93261,5.9338,2.03,3.00
2012.08.20 10:14:20.874,5.93238,5.93354,2.03,2.25
2012.08.20 10:14:22.531,5.93238,5.93354,2.78,2.25
2012.08.20 10:14:22.594,5.9328,5.93377,2.03,3.00
2012.08.20 10:14:22.656,5.9328,5.93348,2.03,2.03
2012.08.20 10:14:23.031,5.93241,5.93323,2.03,2.06
2012.08.20 10:14:24.483,5.93215,5.93316,1.13,2.03
2012.08.20 10:14:24.546,5.93269,5.93339,2.03,2.03
2012.08.20 10:14:24.609,5.93269,5.93382,2.03,1.58
2012.08.20 10:14:24.784,5.93223,5.93323,2.78,2.06
2012.08.20 10:14:24.845,5.93223,5.93323,2.03,2.06
2012.08.20 10:14:26.439,5.93223,5.93323,2.03,1.83
2012.08.20 10:14:26.502,5.93276,5.93323,2.03,1.83
2012.08.20 10:14:26.565,5.93276,5.93364,2.03,2.25
2012.08.20 10:14:26.738,5.93276,5.93323,2.03,2.06
2012.08.20 10:14:26.855,5.93233,5.93323,2.03,2.06
2012.08.20 10:14:28.368,5.9321,5.93313,2.78,2.25
2012.08.20 10:14:28.431,5.93207,5.93313,1.35,2.03
2012.08.20 10:14:28.495,5.93274,5.93335,2.03,2.03
2012.08.20 10:14:28.557,5.93274,5.93376,2.03,1.58
2012.08.20 10:14:28.825,5.93274,5.93323,2.03,1.83
2012.08.20 10:14:29.148,5.93235,5.93323,2.03,2.06
2012.08.20 10:14:29.497,5.93255,5.93323,2.03,2.06
2012.08.20 10:14:30.415,5.93255,5.93323,2.03,2.06
2012.08.20 10:14:30.535,5.93242,5.93323,2.03,1.83
2012.08.20 10:14:30.597,5.93242,5.93361,2.03,2.25
2012.08.20 10:14:30.716,5.93242,5.93323,2.03,2.06
2012.08.20 10:14:30.890,5.9324,5.93323,2.03,2.06
2012.08.20 10:14:32.449,5.9324,5.93323,2.03,1.83
2012.08.20 10:14:32.569,5.93222,5.93323,2.78,1.83
2012.08.20 10:14:32.631,5.93222,5.93342,2.78,2.03
2012.08.20 10:14:32.693,5.93272,5.93365,2.03,2.25
2012.08.20 10:14:32.811,5.93232,5.93323,2.03,2.06
2012.08.20 10:14:32.941,5.93249,5.93323,2.03,2.06
2012.08.20 10:14:33.072,5.93232,5.93323,2.03,2.06
2012.08.20 10:14:33.246,5.93248,5.93323,2.03,2.06
2012.08.20 10:14:34.430,5.93225,5.93323,2.03,2.06
2012.08.20 10:14:34.493,5.93225,5.93323,3.00,1.83
2012.08.20 10:14:34.556,5.93284,5.93391,2.03,3.00
2012.08.20 10:14:34.972,5.93247,5.93322,2.03,2.06
2012.08.20 10:14:36.413,5.93224,5.93322,2.03,2.06
2012.08.20 10:14:36.478,5.93206,5.93322,2.78,2.06
2012.08.20 10:14:36.540,5.93283,5.93349,2.03,2.25
2012.08.20 10:14:36.772,5.93268,5.93323,2.03,2.06
2012.08.20 10:14:36.891,5.93245,5.93323,2.03,2.06
2012.08.20 10:14:36.953,5.93243,5.93323,2.03,2.06
2012.08.20 10:14:37.810,5.9326,5.93323,2.03,2.06
2012.08.20 10:14:38.509,5.93256,5.93323,2.03,2.06
2012.08.20 10:14:38.629,5.9331,5.93323,2.03,1.83
2012.08.20 10:14:38.747,5.9331,5.93396,2.03,1.58
2012.08.20 10:14:38.865,5.93286,5.93323,2.03,1.83
2012.08.20 10:14:39.187,5.93289,5.93323,2.03,1.83
2012.08.20 10:14:39.254,5.93289,5.93372,2.03,2.06
2012.08.20 10:14:39.767,5.93272,5.93372,2.03,2.06
2012.08.20 10:14:40.500,5.93328,5.93372,2.03,2.06
2012.08.20 10:14:40.563,5.93328,5.93372,2.03,1.83
2012.08.20 10:14:40.625,5.93328,5.93412,2.03,1.73
2012.08.20 10:14:40.746,5.93306,5.93427,2.03,2.85
2012.08.20 10:14:40.864,5.93289,5.93373,2.03,2.06
2012.08.20 10:14:42.411,5.93289,5.93373,2.40,2.06
2012.08.20 10:14:42.532,5.93303,5.93373,2.03,1.83
2012.08.20 10:14:42.594,5.93355,5.93373,2.03,1.83
2012.08.20 10:14:42.713,5.93355,5.93429,2.03,1.13
2012.08.20 10:14:43.002,5.9333,5.93429,2.03,1.35
2012.08.20 10:14:43.238,5.93313,5.93403,2.03,2.06
2012.08.20 10:14:43.908,5.9333,5.93403,2.03,2.06
2012.08.20 10:14:44.386,5.93308,5.93403,2.03,2.06
2012.08.20 10:14:44.448,5.93308,5.93403,2.78,2.06
2012.08.20 10:14:44.511,5.93311,5.93403,2.78,1.83
2012.08.20 10:14:44.574,5.93345,5.93403,2.03,1.83
2012.08.20 10:14:44.921,5.93318,5.93402,2.03,2.06
2012.08.20 10:14:44.988,5.93312,5.93402,2.03,2.06
2012.08.20 10:14:45.252,5.93329,5.93402,2.03,2.06
2012.08.20 10:14:45.879,5.93317,5.93402,2.03,2.06
2012.08.20 10:14:46.524,5.93317,5.93402,2.78,2.06
2012.08.20 10:14:46.587,5.93308,5.93402,3.00,1.83
2012.08.20 10:14:46.650,5.93347,5.93448,2.03,3.00
2012.08.20 10:14:46.713,5.93347,5.93448,2.03,2.25
2012.08.20 10:14:46.775,5.93325,5.93428,2.03,2.03
2012.08.20 10:14:46.838,5.93325,5.93428,2.03,2.25
2012.08.20 10:14:46.901,5.93308,5.93428,2.03,2.25
2012.08.20 10:14:48.440,5.93289,5.93392,2.25,1.83
2012.08.20 10:14:48.504,5.93289,5.93405,3.00,2.03
2012.08.20 10:14:48.568,5.93362,5.93428,2.03,2.03
2012.08.20 10:14:48.631,5.93362,5.93462,2.03,2.81
2012.08.20 10:14:48.750,5.93362,5.93455,2.03,1.58
2012.08.20 10:14:49.278,5.93326,5.93392,2.03,1.83
2012.08.20 10:14:50.503,5.93326,5.93444,2.03,2.03
2012.08.20 10:14:50.565,5.93326,5.93444,2.78,2.03
2012.08.20 10:14:50.926,5.93328,5.93392,2.03,1.83
2012.08.20 10:14:52.465,5.93328,5.93448,2.03,2.03
2012.08.20 10:14:52.528,5.93328,5.93445,2.78,2.03
2012.08.20 10:14:52.874,5.93339,5.93453,2.03,2.25
2012.08.20 10:14:52.938,5.9331,5.93393,2.03,2.06
2012.08.20 10:14:53.056,5.93303,5.93393,2.03,2.06
2012.08.20 10:14:53.408,5.93319,5.93393,2.03,2.06
2012.08.20 10:14:53.528,5.93319,5.93393,2.03,1.83
2012.08.20 10:14:53.648,5.93339,5.93393,2.03,1.83
2012.08.20 10:14:54.104,5.93339,5.93443,2.03,2.81
2012.08.20 10:14:54.224,5.93362,5.93443,2.03,2.81
2012.08.20 10:14:54.512,5.93362,5.93443,2.03,1.83
2012.08.20 10:14:54.575,5.9337,5.93474,2.03,2.03
2012.08.20 10:14:54.693,5.93393,5.93509,2.03,1.73
2012.08.20 10:14:55.068,5.93374,5.93463,2.03,2.06
2012.08.20 10:14:55.409,5.93394,5.93463,2.03,2.06
2012.08.20 10:14:55.888,5.93382,5.93463,2.03,2.06
2012.08.20 10:14:56.503,5.93382,5.93463,2.03,1.83
2012.08.20 10:14:56.566,5.93382,5.93498,2.03,2.78
2012.08.20 10:14:56.629,5.93412,5.93521,2.03,3.00
2012.08.20 10:14:56.979,5.93375,5.93463,2.03,2.06
2012.08.20 10:14:57.931,5.9339,5.93463,2.03,2.06
2012.08.20 10:14:58.400,5.9339,5.93463,2.78,2.06
2012.08.20 10:14:58.577,5.93396,5.93514,3.00,2.03
2012.08.20 10:14:58.696,5.93424,5.93542,2.03,3.00
2012.08.20 10:14:58.870,5.9338,5.93472,2.03,1.83
2012.08.20 10:14:59.235,5.93367,5.93472,2.03,1.83
2012.08.20 10:15:00.009,5.9335,5.93471,2.03,2.25
2012.08.20 10:15:00.354,5.9335,5.93471,2.03,2.25
2012.08.20 10:15:00.534,5.93332,5.93443,1.35,1.83
2012.08.20 10:15:00.598,5.93362,5.9348,2.03,2.03
2012.08.20 10:15:00.661,5.93411,5.93522,2.03,1.35
2012.08.20 10:15:01.007,5.9341,5.93493,2.03,2.06
2012.08.20 10:15:01.533,5.9341,5.93493,2.03,2.06
2012.08.20 10:15:01.654,5.93387,5.93493,2.03,2.06
2012.08.20 10:15:01.931,5.93383,5.93493,2.03,2.06
2012.08.20 10:15:02.420,5.93383,5.93493,2.03,1.83
2012.08.20 10:15:02.483,5.93383,5.93493,2.78,1.83
2012.08.20 10:15:02.603,5.9339,5.93504,2.78,2.03
2012.08.20 10:15:02.665,5.93414,5.93525,2.03,1.20
2012.08.20 10:15:03.012,5.9337,5.93483,2.03,2.06
2012.08.20 10:15:03.357,5.9339,5.93483,2.03,2.06
2012.08.20 10:15:03.588,5.93405,5.93483,2.03,2.06
2012.08.20 10:15:04.291,5.93431,5.93483,2.03,2.06
2012.08.20 10:15:04.580,5.93464,5.93555,2.03,2.03
2012.08.20 10:15:04.642,5.93488,5.93558,2.03,1.13
2012.08.20 10:15:05.080,5.93464,5.93483,2.03,1.83
2012.08.20 10:15:05.272,5.93464,5.93483,2.03,1.83
2012.08.20 10:15:05.428,5.93452,5.93483,2.03,1.83
2012.08.20 10:15:06.420,5.93409,5.93483,2.78,1.83
2012.08.20 10:15:06.484,5.93456,5.93483,2.03,1.83
2012.08.20 10:15:06.546,5.93479,5.93562,2.03,1.83
2012.08.20 10:15:06.721,5.93479,5.93562,2.03,2.81
2012.08.20 10:15:07.179,5.93451,5.93483,2.03,1.83
2012.08.20 10:15:07.430,5.93433,5.93483,2.03,1.83
2012.08.20 10:15:08.420,5.93433,5.93551,2.03,2.25
2012.08.20 10:15:08.482,5.93407,5.93525,3.00,2.03
2012.08.20 10:15:08.601,5.93454,5.93542,2.03,2.03
2012.08.20 10:15:08.970,5.93439,5.93492,2.78,1.83
2012.08.20 10:15:09.032,5.93439,5.93492,2.03,1.83
2012.08.20 10:15:09.151,5.93423,5.93492,2.03,1.83
2012.08.20 10:15:10.568,5.93423,5.93492,2.78,1.83
2012.08.20 10:15:10.631,5.9342,5.93536,2.78,2.03
2012.08.20 10:15:10.692,5.9342,5.93536,2.03,2.03
2012.08.20 10:15:10.755,5.9342,5.93536,2.03,2.25
2012.08.20 10:15:11.103,5.93404,5.93493,2.03,2.06
2012.08.20 10:15:11.910,5.93404,5.93493,2.03,2.06
2012.08.20 10:15:11.974,5.93384,5.93473,2.03,2.06
2012.08.20 10:15:12.248,5.93388,5.93473,2.03,2.06
2012.08.20 10:15:12.482,5.93388,5.93473,2.25,1.83
2012.08.20 10:15:12.544,5.93424,5.93473,2.03,1.83
2012.08.20 10:15:12.606,5.93424,5.93524,2.03,1.35
2012.08.20 10:15:12.669,5.93441,5.93543,2.03,2.81
2012.08.20 10:15:12.733,5.93418,5.93515,2.03,2.03
2012.08.20 10:15:12.796,5.93418,5.93515,2.03,3.00
2012.08.20 10:15:12.860,5.93373,5.93489,2.03,2.25
2012.08.20 10:15:12.978,5.93391,5.93462,2.03,2.06
2012.08.20 10:15:14.484,5.93368,5.93461,2.78,2.25
2012.08.20 10:15:14.547,5.93347,5.93461,1.35,2.03
2012.08.20 10:15:14.610,5.93404,5.93462,2.03,1.83
2012.08.20 10:15:14.673,5.93404,5.9352,2.03,1.58
2012.08.20 10:15:14.736,5.93418,5.9352,2.03,1.58
2012.08.20 10:15:14.856,5.93366,5.93463,2.03,2.06
2012.08.20 10:15:15.793,5.93389,5.93463,2.03,2.06
2012.08.20 10:15:15.856,5.93389,5.93463,2.03,1.83
2012.08.20 10:15:15.920,5.93403,5.93463,2.03,1.83
2012.08.20 10:15:16.563,5.93379,5.93475,2.78,2.03
2012.08.20 10:15:16.682,5.93418,5.93533,2.03,2.81
2012.08.20 10:15:16.745,5.93418,5.93522,2.03,1.58
2012.08.20 10:15:16.965,5.93374,5.93462,2.03,2.06
2012.08.20 10:15:17.633,5.93393,5.93462,2.03,2.06
2012.08.20 10:15:18.326,5.93381,5.93462,2.03,2.06
2012.08.20 10:15:18.502,5.93381,5.93497,2.03,2.03
2012.08.20 10:15:18.565,5.93413,5.93519,2.03,1.35
2012.08.20 10:15:18.910,5.93374,5.93462,2.03,2.06
2012.08.20 10:15:20.410,5.93351,5.93462,2.40,2.25
2012.08.20 10:15:20.472,5.93351,5.93462,2.63,2.03
2012.08.20 10:15:20.818,5.93424,5.93462,2.03,2.06
2012.08.20 10:15:20.881,5.934,5.93462,2.03,2.06
2012.08.20 10:15:20.998,5.93383,5.93462,2.03,2.06
2012.08.20 10:15:22.221,5.93402,5.93462,2.03,2.06
2012.08.20 10:15:22.559,5.93434,5.93542,2.03,2.06
2012.08.20 10:15:22.623,5.93465,5.93542,2.03,1.83
2012.08.20 10:15:22.855,5.93465,5.93542,2.03,2.06
2012.08.20 10:15:22.917,5.93442,5.93533,2.03,2.25
2012.08.20 10:15:23.035,5.93442,5.93472,2.03,1.83
2012.08.20 10:15:23.289,5.9342,5.93522,2.03,2.06
2012.08.20 10:15:23.351,5.93442,5.93522,2.03,2.06
2012.08.20 10:15:24.474,5.9342,5.93524,3.00,2.03
2012.08.20 10:15:24.538,5.93429,5.93524,1.35,2.03
2012.08.20 10:15:24.658,5.93487,5.93593,2.03,2.06
2012.08.20 10:15:24.720,5.93487,5.93523,2.03,2.06
2012.08.20 10:15:24.894,5.93438,5.93523,2.03,2.06
2012.08.20 10:15:26.003,5.93419,5.93523,2.03,2.06
2012.08.20 10:15:26.502,5.93419,5.93523,2.78,2.06
2012.08.20 10:15:26.678,5.93454,5.93572,2.03,2.25
2012.08.20 10:15:26.795,5.93454,5.93523,2.03,2.06
2012.08.20 10:15:26.858,5.93414,5.93523,2.03,2.06
2012.08.20 10:15:27.792,5.93458,5.93523,2.03,2.06
2012.08.20 10:15:28.419,5.93458,5.93523,2.03,1.83
2012.08.20 10:15:28.482,5.93492,5.93523,2.03,1.83
2012.08.20 10:15:28.544,5.93492,5.93582,2.03,1.50
2012.08.20 10:15:28.607,5.93511,5.93579,2.03,1.35
2012.08.20 10:15:28.949,5.93452,5.93522,2.03,2.06
2012.08.20 10:15:30.420,5.93452,5.93574,2.03,3.00
2012.08.20 10:15:30.538,5.9343,5.93549,3.00,2.03
2012.08.20 10:15:30.601,5.93425,5.93549,3.00,2.03
2012.08.20 10:15:30.664,5.93498,5.93571,2.03,2.03
2012.08.20 10:15:30.965,5.93446,5.93523,2.03,2.06
2012.08.20 10:15:31.729,5.93435,5.93523,2.03,2.06
2012.08.20 10:15:32.515,5.93415,5.93523,2.78,2.06
2012.08.20 10:15:32.797,5.93471,5.93581,2.03,1.20
2012.08.20 10:15:32.862,5.93449,5.93523,2.03,2.06
2012.08.20 10:15:32.934,5.93426,5.93523,2.03,2.06
2012.08.20 10:15:32.997,5.93423,5.93523,2.03,2.06
2012.08.20 10:15:33.058,5.93408,5.93523,2.03,2.06
2012.08.20 10:15:33.289,5.93408,5.93493,2.03,1.83
2012.08.20 10:15:33.352,5.93389,5.93493,2.03,1.83
2012.08.20 10:15:33.414,5.93389,5.93493,2.03,2.06
2012.08.20 10:15:33.778,5.93401,5.93493,2.03,2.06
2012.08.20 10:15:34.107,5.93433,5.93493,2.03,1.83
2012.08.20 10:15:34.483,5.93408,5.93493,1.35,1.83
2012.08.20 10:15:34.547,5.93448,5.93493,2.03,1.83
2012.08.20 10:15:34.610,5.93471,5.93562,2.03,1.83
2012.08.20 10:15:34.729,5.93471,5.93562,2.03,2.81
2012.08.20 10:15:34.791,5.93432,5.93547,2.03,2.25
2012.08.20 10:15:34.853,5.9343,5.93492,2.03,1.83
2012.08.20 10:15:36.141,5.9343,5.93547,2.03,2.25
2012.08.20 10:15:36.259,5.93441,5.93547,2.03,2.03
2012.08.20 10:15:36.321,5.93464,5.93552,2.03,1.83
2012.08.20 10:15:36.502,5.93479,5.9358,2.03,2.03
2012.08.20 10:15:36.564,5.93503,5.93614,2.03,1.35
2012.08.20 10:15:36.683,5.9351,5.93623,2.03,2.06
2012.08.20 10:15:36.913,5.93449,5.93553,2.03,1.83
2012.08.20 10:15:37.125,5.93471,5.93553,2.03,1.83
2012.08.20 10:15:37.470,5.93495,5.93553,2.03,1.83
2012.08.20 10:15:38.465,5.93495,5.93617,2.63,2.03
2012.08.20 10:15:38.583,5.93516,5.93617,2.03,2.03
2012.08.20 10:15:38.928,5.93516,5.93553,2.03,1.83
2012.08.20 10:15:38.991,5.93498,5.93553,2.03,1.83
2012.08.20 10:15:40.240,5.93479,5.93553,2.03,1.83
2012.08.20 10:15:40.356,5.93479,5.93553,2.78,1.83
2012.08.20 10:15:40.650,5.93515,5.93597,2.03,2.03
2012.08.20 10:15:40.768,5.93479,5.93597,2.78,2.03
2012.08.20 10:15:40.831,5.93496,5.93612,2.03,2.25
2012.08.20 10:15:40.893,5.93496,5.93552,2.03,1.83
2012.08.20 10:15:42.395,5.93496,5.93552,2.63,1.83
2012.08.20 10:15:42.628,5.93501,5.93597,2.25,2.03
2012.08.20 10:15:42.690,5.93523,5.93632,2.03,1.13
2012.08.20 10:15:42.752,5.93539,5.93632,2.03,1.35
2012.08.20 10:15:43.059,5.93496,5.93553,2.03,1.83
2012.08.20 10:15:43.679,5.93475,5.93553,2.03,1.83
2012.08.20 10:15:44.067,5.93349,5.93432,1.05,1.83
2012.08.20 10:15:44.130,5.93355,5.93432,2.03,1.83
2012.08.20 10:15:44.248,5.9334,5.93432,2.03,1.83
2012.08.20 10:15:44.478,5.9334,5.93499,2.03,2.03
2012.08.20 10:15:44.598,5.9334,5.93499,2.25,2.03
2012.08.20 10:15:44.661,5.93356,5.93514,2.25,2.03
2012.08.20 10:15:44.723,5.93411,5.93514,2.03,2.25
2012.08.20 10:15:45.063,5.93411,5.93463,2.03,1.83
2012.08.20 10:15:45.133,5.93384,5.93443,2.03,1.83
2012.08.20 10:15:46.490,5.93384,5.93443,2.78,1.83
2012.08.20 10:15:46.610,5.93421,5.93533,2.03,1.13
2012.08.20 10:15:46.673,5.93445,5.93533,2.03,1.13
2012.08.20 10:15:47.022,5.93409,5.93442,2.03,1.83
2012.08.20 10:15:48.476,5.93409,5.93527,2.25,2.78
2012.08.20 10:15:48.538,5.93456,5.93506,2.03,2.03
2012.08.20 10:15:48.852,5.9348,5.93562,2.03,2.81
2012.08.20 10:15:49.300,5.93418,5.93463,2.03,1.83
2012.08.20 10:15:50.454,5.93418,5.93538,2.03,3.00
2012.08.20 10:15:50.630,5.93477,5.93562,2.03,2.81
2012.08.20 10:15:50.691,5.93477,5.93562,2.03,2.81
2012.08.20 10:15:50.754,5.93477,5.93562,2.03,2.06
2012.08.20 10:15:51.096,5.93407,5.93462,2.03,1.83
2012.08.20 10:15:52.411,5.93407,5.93525,3.00,2.03
2012.08.20 10:15:52.529,5.93447,5.93554,2.03,1.50
2012.08.20 10:15:52.591,5.93455,5.93563,2.03,4.83
2012.08.20 10:15:52.654,5.93477,5.93562,2.03,1.35
2012.08.20 10:15:52.716,5.93477,5.93563,2.03,2.66
2012.08.20 10:15:52.779,5.93438,5.93463,2.03,1.83
2012.08.20 10:15:52.953,5.93396,5.93463,2.03,1.83
2012.08.20 10:15:53.532,5.93381,5.93463,2.03,1.83
2012.08.20 10:15:53.803,5.93357,5.93443,2.03,1.83
2012.08.20 10:15:53.869,5.93353,5.93443,2.03,1.83
2012.08.20 10:15:54.459,5.93353,5.93443,2.25,1.83
2012.08.20 10:15:54.636,5.93417,5.93496,2.03,2.03
2012.08.20 10:15:54.754,5.93417,5.93443,2.03,1.83
2012.08.20 10:15:54.817,5.93394,5.93443,2.03,1.83
2012.08.20 10:15:54.879,5.9336,5.93443,2.03,1.83
2012.08.20 10:15:54.940,5.93341,5.93443,2.03,1.83
2012.08.20 10:15:56.051,5.93365,5.93443,2.03,1.83
2012.08.20 10:15:56.449,5.93365,5.93443,2.78,1.83
2012.08.20 10:15:56.512,5.93381,5.93497,3.00,2.78
2012.08.20 10:15:56.576,5.93433,5.93507,2.03,1.50
2012.08.20 10:15:56.924,5.93429,5.93443,2.03,1.83
2012.08.20 10:15:56.986,5.9336,5.93443,2.03,1.83
2012.08.20 10:15:57.049,5.9336,5.93443,3.00,1.83
2012.08.20 10:15:57.379,5.93421,5.93501,2.03,2.03
2012.08.20 10:15:57.613,5.93431,5.93539,2.03,2.25
2012.08.20 10:15:57.675,5.93453,5.93555,2.03,1.73
2012.08.20 10:15:58.526,5.93463,5.93563,2.03,1.83
2012.08.20 10:15:58.589,5.93486,5.93592,2.03,2.43
2012.08.20 10:15:58.935,5.93452,5.93552,2.03,1.35
2012.08.20 10:16:00.473,5.93452,5.93572,2.03,3.00
2012.08.20 10:16:00.592,5.93452,5.93572,2.03,3.00
2012.08.20 10:16:00.937,5.93453,5.93539,2.03,1.73
2012.08.20 10:16:02.468,5.93453,5.93579,2.03,3.00
2012.08.20 10:16:02.531,5.93475,5.93588,2.03,1.73
2012.08.20 10:16:02.876,5.93449,5.93559,2.03,1.20
2012.08.20 10:16:02.995,5.93418,5.93528,2.03,2.85
2012.08.20 10:16:03.056,5.93418,5.93443,2.03,1.83
2012.08.20 10:16:03.118,5.93377,5.93443,2.03,1.83
2012.08.20 10:16:04.052,5.93363,5.93443,2.03,1.83
2012.08.20 10:16:04.285,5.93363,5.93423,2.03,1.83
2012.08.20 10:16:04.629,5.93417,5.93505,2.03,1.35
2012.08.20 10:16:04.748,5.9343,5.93505,2.03,1.35
2012.08.20 10:16:05.223,5.93351,5.93422,2.03,1.83
2012.08.20 10:16:05.342,5.93347,5.93422,2.03,1.83
2012.08.20 10:16:06.307,5.93347,5.93422,2.40,1.83
2012.08.20 10:16:06.481,5.9335,5.93487,1.35,2.03
2012.08.20 10:16:06.544,5.93401,5.93503,2.03,1.35
2012.08.20 10:16:06.889,5.93391,5.93422,2.03,1.83
2012.08.20 10:16:07.118,5.93369,5.93422,2.03,1.83
2012.08.20 10:16:08.494,5.93351,5.93422,3.00,1.83
2012.08.20 10:16:08.556,5.93362,5.93491,1.35,2.03
2012.08.20 10:16:08.619,5.93421,5.93513,2.03,2.78
2012.08.20 10:16:08.965,5.93359,5.93423,2.03,1.83
2012.08.20 10:16:09.826,5.93391,5.93423,2.03,1.83
2012.08.20 10:16:09.888,5.93391,5.93473,2.03,1.83
2012.08.20 10:16:09.950,5.93409,5.93473,2.03,1.83
2012.08.20 10:16:10.369,5.93409,5.93473,2.78,1.83
2012.08.20 10:16:10.658,5.93476,5.93537,2.03,2.03
2012.08.20 10:16:10.719,5.93476,5.93592,2.03,2.66
2012.08.20 10:16:10.782,5.93454,5.93555,2.03,2.78
2012.08.20 10:16:10.900,5.93416,5.9352,2.03,2.25
2012.08.20 10:16:10.962,5.934,5.93472,2.03,1.83
2012.08.20 10:16:12.302,5.93381,5.93472,2.03,1.83
2012.08.20 10:16:12.420,5.93381,5.93497,2.40,2.03
2012.08.20 10:16:12.483,5.93385,5.93497,1.35,2.03
2012.08.20 10:16:12.827,5.93462,5.93472,2.03,1.83
2012.08.20 10:16:12.889,5.93419,5.93472,2.03,1.83
2012.08.20 10:16:13.007,5.93383,5.93472,2.03,1.83
2012.08.20 10:16:14.334,5.93383,5.93472,2.78,1.83
2012.08.20 10:16:14.567,5.93448,5.93556,2.03,1.35
2012.08.20 10:16:14.685,5.93448,5.93556,2.03,1.58
2012.08.20 10:16:14.747,5.93424,5.93472,2.03,1.83
2012.08.20 10:16:14.810,5.9339,5.93472,2.03,1.83
2012.08.20 10:16:16.361,5.93403,5.93472,1.13,1.83
2012.08.20 10:16:16.480,5.93426,5.93541,2.03,1.35
2012.08.20 10:16:16.542,5.9346,5.93569,2.03,2.63
2012.08.20 10:16:16.774,5.93437,5.93524,2.03,2.25
2012.08.20 10:16:16.836,5.93408,5.93524,2.03,3.00
2012.08.20 10:16:16.897,5.93392,5.93472,2.78,1.83
2012.08.20 10:16:16.959,5.93392,5.93472,2.03,1.83
2012.08.20 10:16:18.553,5.93384,5.93485,1.13,2.03
2012.08.20 10:16:18.619,5.93448,5.93548,2.03,1.35
2012.08.20 10:16:18.850,5.93403,5.93524,2.03,3.00
2012.08.20 10:16:18.969,5.93385,5.93503,2.03,2.25
2012.08.20 10:16:19.031,5.93385,5.93472,2.03,1.83
2012.08.20 10:16:20.375,5.93385,5.93472,2.78,1.83
2012.08.20 10:16:20.607,5.93445,5.93563,2.03,2.25
2012.08.20 10:16:20.725,5.93445,5.93563,2.03,2.25
2012.08.20 10:16:20.843,5.9343,5.93549,2.03,3.00
2012.08.20 10:16:20.961,5.93382,5.935,2.03,2.25
2012.08.20 10:16:21.078,5.93382,5.93472,2.03,1.83
2012.08.20 10:16:22.478,5.93382,5.93472,2.40,1.83
2012.08.20 10:16:22.658,5.93407,5.9352,2.03,2.03
2012.08.20 10:16:22.720,5.93431,5.9353,2.03,1.73
2012.08.20 10:16:22.949,5.93375,5.93494,2.03,2.25
2012.08.20 10:16:23.010,5.93375,5.93472,2.03,1.83
2012.08.20 10:16:24.374,5.93378,5.93494,1.73,2.25
2012.08.20 10:16:24.436,5.93378,5.93494,2.70,2.03
2012.08.20 10:16:24.781,5.93447,5.93535,2.03,3.00
2012.08.20 10:16:24.843,5.93392,5.93513,2.03,3.00
2012.08.20 10:16:24.959,5.93392,5.93473,2.03,1.83
2012.08.20 10:16:25.077,5.93373,5.93473,2.03,1.83
2012.08.20 10:16:26.386,5.93384,5.93473,1.13,1.83
2012.08.20 10:16:26.733,5.93463,5.93567,2.03,1.58
2012.08.20 10:16:26.963,5.93404,5.93523,2.03,2.25
2012.08.20 10:16:27.248,5.93404,5.93472,2.03,1.83
2012.08.20 10:16:27.746,5.93419,5.93472,2.03,1.83
2012.08.20 10:16:28.458,5.93406,5.93472,1.35,1.83
2012.08.20 10:16:28.578,5.93488,5.93562,2.03,1.35
2012.08.20 10:16:28.753,5.93488,5.93554,2.03,1.73
2012.08.20 10:16:28.816,5.93472,5.93566,2.03,1.58
2012.08.20 10:16:29.045,5.93423,5.93472,2.03,1.83
2012.08.20 10:16:30.471,5.93423,5.93472,2.78,1.83
2012.08.20 10:16:30.592,5.9346,5.93547,2.03,3.00
2012.08.20 10:16:30.656,5.93483,5.93592,2.03,3.56
2012.08.20 10:16:30.948,5.93483,5.93574,2.03,1.20
2012.08.20 10:16:31.341,5.9346,5.93493,2.03,1.83
2012.08.20 10:16:31.403,5.93442,5.93493,2.03,1.83
2012.08.20 10:16:31.473,5.93411,5.93493,2.03,1.83
2012.08.20 10:16:32.416,5.93411,5.93473,2.40,1.83
2012.08.20 10:16:32.593,5.93468,5.93555,2.03,1.13
2012.08.20 10:16:32.797,5.93468,5.9357,2.03,1.20
2012.08.20 10:16:32.915,5.93468,5.93586,2.03,1.58
2012.08.20 10:16:33.089,5.93416,5.93493,2.03,1.83
2012.08.20 10:16:33.207,5.93398,5.93493,2.03,1.83
2012.08.20 10:16:34.321,5.93377,5.93473,2.03,1.83
2012.08.20 10:16:34.566,5.93356,5.93473,2.78,1.83
2012.08.20 10:16:34.629,5.93424,5.93473,2.03,1.83
2012.08.20 10:16:34.749,5.93439,5.93555,2.03,3.00
2012.08.20 10:16:34.947,5.93439,5.93555,2.03,2.85
2012.08.20 10:16:35.065,5.93416,5.93473,2.03,1.83
2012.08.20 10:16:35.127,5.93393,5.93473,2.03,1.83
2012.08.20 10:16:35.189,5.93378,5.93473,2.03,1.83
2012.08.20 10:16:35.626,5.93393,5.93473,2.03,1.83
2012.08.20 10:16:35.967,5.93404,5.93473,2.03,1.83
2012.08.20 10:16:36.351,5.93404,5.93473,2.78,1.83
2012.08.20 10:16:36.695,5.93473,5.93595,2.03,2.43
2012.08.20 10:16:36.757,5.93473,5.93606,2.03,2.10
2012.08.20 10:16:36.819,5.93484,5.93606,2.03,2.10
2012.08.20 10:16:37.165,5.93412,5.93493,2.03,1.83
2012.08.20 10:16:37.702,5.93434,5.93493,2.03,1.83
2012.08.20 10:16:38.587,5.93484,5.93595,2.03,1.35
2012.08.20 10:16:38.706,5.93505,5.93595,2.03,1.35
2012.08.20 10:16:38.853,5.93491,5.93602,2.03,2.06
2012.08.20 10:16:38.971,5.93491,5.93602,2.03,2.06
2012.08.20 10:16:39.200,5.9342,5.93493,2.03,1.83
2012.08.20 10:16:40.463,5.9342,5.93539,2.03,2.25
2012.08.20 10:16:40.527,5.93437,5.93539,1.50,2.25
2012.08.20 10:16:40.591,5.93437,5.93539,1.73,2.03
2012.08.20 10:16:40.767,5.93447,5.93539,1.13,2.03
2012.08.20 10:16:41.114,5.93419,5.93563,2.03,1.83
2012.08.20 10:16:41.388,5.93511,5.93563,2.03,1.83
2012.08.20 10:16:41.518,5.93501,5.93563,2.03,1.83
2012.08.20 10:16:41.668,5.9352,5.93563,2.03,1.83
2012.08.20 10:16:42.422,5.93506,5.93624,2.78,2.25
2012.08.20 10:16:42.542,5.93521,5.93642,2.03,2.25
2012.08.20 10:16:42.854,5.9359,5.93662,2.03,1.50
2012.08.20 10:16:43.199,5.93514,5.93563,2.03,1.83
2012.08.20 10:16:43.682,5.9353,5.93563,2.03,1.83
2012.08.20 10:16:44.546,5.93533,5.93651,2.25,2.03
2012.08.20 10:16:44.837,5.93563,5.93681,2.03,3.00
2012.08.20 10:16:44.908,5.93534,5.9365,2.25,2.03
2012.08.20 10:16:44.971,5.93534,5.9365,2.25,2.78
2012.08.20 10:16:45.146,5.9348,5.93601,2.78,2.03
2012.08.20 10:16:45.209,5.9348,5.93562,2.78,1.83
2012.08.20 10:16:45.440,5.9348,5.93562,2.03,1.83
2012.08.20 10:16:45.559,5.93502,5.93562,2.03,1.83
2012.08.20 10:16:45.733,5.93483,5.93562,2.03,1.83
2012.08.20 10:16:46.386,5.93467,5.93562,2.03,1.83
2012.08.20 10:16:46.449,5.93481,5.93562,1.73,1.83
2012.08.20 10:16:46.512,5.93481,5.93587,1.73,2.03
2012.08.20 10:16:46.574,5.93528,5.93587,2.03,2.03
2012.08.20 10:16:46.637,5.9355,5.93652,2.03,1.73
2012.08.20 10:16:46.938,5.93531,5.93646,2.03,1.58
2012.08.20 10:16:47.224,5.93485,5.93563,2.03,1.83
2012.08.20 10:16:48.425,5.93473,5.93563,3.00,1.83
2012.08.20 10:16:48.489,5.93489,5.93604,2.25,2.03
2012.08.20 10:16:48.552,5.93507,5.93604,2.03,2.03
2012.08.20 10:16:48.871,5.9353,5.93619,2.03,1.13
2012.08.20 10:16:48.932,5.9353,5.93643,2.03,1.20
2012.08.20 10:16:48.994,5.9353,5.93643,2.03,1.20
2012.08.20 10:16:49.057,5.93487,5.93607,2.03,3.00
2012.08.20 10:16:49.232,5.9347,5.93562,2.78,1.83
2012.08.20 10:16:50.249,5.9347,5.93562,2.03,1.83
2012.08.20 10:16:50.369,5.93491,5.93562,2.03,1.83
2012.08.20 10:16:50.488,5.93471,5.93562,2.03,1.83
2012.08.20 10:16:50.551,5.93474,5.93562,1.73,1.83
2012.08.20 10:16:50.614,5.9355,5.93612,2.03,2.03
2012.08.20 10:16:50.676,5.9355,5.93632,2.03,1.13
2012.08.20 10:16:50.768,5.9355,5.93662,2.03,1.73
2012.08.20 10:16:50.957,5.9355,5.93666,2.03,1.58
2012.08.20 10:16:51.076,5.93534,5.93623,2.03,2.25
2012.08.20 10:16:51.138,5.93481,5.936,2.03,2.25
2012.08.20 10:16:51.255,5.93481,5.93562,2.03,1.83
2012.08.20 10:16:51.372,5.93467,5.93562,2.03,1.83
2012.08.20 10:16:52.378,5.93482,5.93562,1.50,1.83
2012.08.20 10:16:52.439,5.93482,5.93586,1.50,2.03
2012.08.20 10:16:52.501,5.93482,5.93586,1.73,2.03
2012.08.20 10:16:52.828,5.93538,5.93608,2.03,2.03
2012.08.20 10:16:52.948,5.93538,5.93642,2.03,2.03
2012.08.20 10:16:53.010,5.93498,5.93619,2.25,2.78
2012.08.20 10:16:53.380,5.9348,5.93563,2.03,1.83
2012.08.20 10:16:54.349,5.9349,5.93563,1.50,1.83
2012.08.20 10:16:54.410,5.9349,5.93601,1.50,2.25
2012.08.20 10:16:54.472,5.9349,5.93601,1.73,2.03
2012.08.20 10:16:54.702,5.93532,5.9365,2.03,1.35
2012.08.20 10:16:54.764,5.93532,5.93652,2.03,3.38
2012.08.20 10:16:54.899,5.93532,5.93652,2.03,3.00
2012.08.20 10:16:55.074,5.93489,5.93563,2.78,1.83
2012.08.20 10:16:55.135,5.93475,5.93563,2.03,1.83
2012.08.20 10:16:55.421,5.93453,5.93563,2.03,1.83
2012.08.20 10:16:55.484,5.93448,5.93563,2.03,1.83
2012.08.20 10:16:56.292,5.93433,5.93553,2.03,2.03
2012.08.20 10:16:56.411,5.93433,5.93522,2.78,1.83
2012.08.20 10:16:56.754,5.9349,5.93575,2.03,2.03
2012.08.20 10:16:57.217,5.93477,5.93522,2.03,1.83
2012.08.20 10:16:57.286,5.93399,5.93492,2.03,1.83
2012.08.20 10:16:57.518,5.93384,5.93492,2.03,1.83
2012.08.20 10:16:57.750,5.93384,5.93473,2.03,1.83
2012.08.20 10:16:58.405,5.93406,5.93473,2.03,1.83
2012.08.20 10:16:58.637,5.93442,5.93525,2.03,2.03
2012.08.20 10:16:58.867,5.93442,5.93562,2.03,2.03
2012.08.20 10:16:58.932,5.93463,5.93583,2.03,4.83
2012.08.20 10:16:59.276,5.93405,5.93493,2.03,1.83
2012.08.20 10:16:59.598,5.93391,5.93493,2.03,1.83
2012.08.20 10:16:59.827,5.93391,5.93473,2.03,1.83
2012.08.20 10:17:00.433,5.93391,5.93473,2.78,1.83
2012.08.20 10:17:00.614,5.93447,5.9355,2.03,1.13
2012.08.20 10:17:00.732,5.93447,5.93565,2.03,2.25
2012.08.20 10:17:00.907,5.93447,5.93565,2.03,3.00
2012.08.20 10:17:01.158,5.93392,5.93473,2.03,1.83
2012.08.20 10:17:02.303,5.93392,5.93473,2.78,1.83
2012.08.20 10:17:02.602,5.93447,5.93553,2.03,1.35
2012.08.20 10:17:02.664,5.93459,5.93553,2.03,1.35
2012.08.20 10:17:02.725,5.93459,5.9358,2.03,3.00
2012.08.20 10:17:02.956,5.93459,5.9358,2.03,2.85
2012.08.20 10:17:03.130,5.93393,5.93492,2.03,1.83
2012.08.20 10:17:04.371,5.93393,5.93472,2.78,1.83
2012.08.20 10:17:04.433,5.93396,5.93511,2.78,2.25
2012.08.20 10:17:04.495,5.93396,5.93511,3.00,2.03
2012.08.20 10:17:04.825,5.9346,5.93578,2.03,3.00
2012.08.20 10:17:05.167,5.93401,5.93492,2.03,1.83
2012.08.20 10:17:06.519,5.93426,5.93519,1.35,2.03
2012.08.20 10:17:06.711,5.93465,5.93541,2.03,2.03
2012.08.20 10:17:07.017,5.93465,5.93473,2.03,1.83
2012.08.20 10:17:07.080,5.93427,5.93473,2.03,1.83
2012.08.20 10:17:07.197,5.93397,5.93473,2.03,1.83
2012.08.20 10:17:08.376,5.93397,5.93515,2.03,2.25
2012.08.20 10:17:08.438,5.93397,5.93515,3.00,2.03
2012.08.20 10:17:08.556,5.93431,5.93539,2.03,2.03
2012.08.20 10:17:08.619,5.93431,5.93551,2.03,2.03
2012.08.20 10:17:08.682,5.93459,5.93561,2.03,1.13
2012.08.20 10:17:08.801,5.93459,5.9358,2.03,3.00
2012.08.20 10:17:08.975,5.93459,5.9358,2.03,3.00
2012.08.20 10:17:09.038,5.93437,5.93534,2.03,2.25
2012.08.20 10:17:09.100,5.93416,5.93534,2.03,2.25
2012.08.20 10:17:09.162,5.9339,5.93472,2.03,1.83
2012.08.20 10:17:10.358,5.9339,5.93472,2.78,1.83
2012.08.20 10:17:10.476,5.93409,5.93508,1.73,2.03
2012.08.20 10:17:10.594,5.93437,5.93508,2.03,2.03
2012.08.20 10:17:10.656,5.93459,5.93573,2.03,1.73
2012.08.20 10:17:10.922,5.93459,5.93577,2.03,3.00
2012.08.20 10:17:11.331,5.934,5.93492,2.03,1.83
2012.08.20 10:17:11.968,5.93382,5.93492,2.03,1.83
2012.08.20 10:17:12.401,5.93382,5.93472,2.78,1.83
2012.08.20 10:17:12.463,5.93407,5.93498,1.13,2.03
2012.08.20 10:17:12.526,5.93407,5.93498,1.35,2.03
2012.08.20 10:17:12.646,5.93456,5.93562,2.03,1.35
2012.08.20 10:17:12.934,5.93439,5.93559,2.03,2.25
2012.08.20 10:17:13.186,5.93417,5.93472,2.03,1.83
2012.08.20 10:17:13.251,5.93372,5.93472,2.03,1.83
2012.08.20 10:17:14.369,5.93352,5.93443,2.78,1.83
2012.08.20 10:17:14.603,5.93375,5.9347,2.25,2.03
2012.08.20 10:17:14.666,5.93414,5.93522,2.03,2.06
2012.08.20 10:17:14.784,5.93414,5.93515,2.03,2.10
2012.08.20 10:17:14.901,5.93414,5.93515,2.03,1.35
2012.08.20 10:17:14.963,5.93414,5.93515,2.03,1.35
2012.08.20 10:17:15.026,5.934,5.93517,2.03,2.85
2012.08.20 10:17:15.144,5.93343,5.93423,2.03,1.83
2012.08.20 10:17:15.211,5.93329,5.93423,2.03,1.83
2012.08.20 10:17:16.360,5.93329,5.93423,2.78,1.83
2012.08.20 10:17:16.478,5.93331,5.93445,1.73,2.03
2012.08.20 10:17:16.596,5.9338,5.93445,2.03,2.03
2012.08.20 10:17:16.658,5.93403,5.93514,2.03,2.10
2012.08.20 10:17:16.896,5.93403,5.93423,2.03,1.83
2012.08.20 10:17:17.072,5.9338,5.93423,2.03,1.83
2012.08.20 10:17:17.134,5.93344,5.93423,2.03,1.83
2012.08.20 10:17:17.307,5.93324,5.93423,2.03,1.83
2012.08.20 10:17:17.729,5.93301,5.93412,2.03,2.03
2012.08.20 10:17:18.137,5.93309,5.93423,2.03,1.83
2012.08.20 10:17:18.254,5.93312,5.93423,2.03,1.83
2012.08.20 10:17:18.598,5.93368,5.93432,2.03,2.03
2012.08.20 10:17:18.716,5.9339,5.93488,2.03,1.13
2012.08.20 10:17:18.947,5.9339,5.93488,2.03,1.88
2012.08.20 10:17:19.177,5.93323,5.93422,2.03,1.83
2012.08.20 10:17:19.641,5.93341,5.93422,2.03,1.83
2012.08.20 10:17:20.070,5.93329,5.93422,2.03,1.83
2012.08.20 10:17:20.368,5.93329,5.93422,2.78,1.83
2012.08.20 10:17:20.545,5.93391,5.93485,2.03,1.13
2012.08.20 10:17:20.608,5.93391,5.93509,2.03,2.25
2012.08.20 10:17:21.031,5.93391,5.93509,2.03,3.00
2012.08.20 10:17:21.093,5.93368,5.93475,2.03,3.00
2012.08.20 10:17:21.155,5.93359,5.93475,2.03,3.00
2012.08.20 10:17:21.217,5.93336,5.9345,2.03,2.03
2012.08.20 10:17:21.278,5.93332,5.93423,2.03,1.83
2012.08.20 10:17:22.309,5.93332,5.93423,2.78,1.83
2012.08.20 10:17:22.598,5.93392,5.93502,2.03,1.13
2012.08.20 10:17:22.671,5.93412,5.93502,2.03,1.13
2012.08.20 10:17:23.000,5.93412,5.93521,2.03,1.58
2012.08.20 10:17:23.176,5.93368,5.93422,2.03,1.83
2012.08.20 10:17:23.293,5.9334,5.93422,2.03,1.83
2012.08.20 10:17:24.391,5.9334,5.93422,2.78,1.83
2012.08.20 10:17:24.509,5.9334,5.93458,3.00,2.03
2012.08.20 10:17:24.573,5.93407,5.935,2.03,1.13
2012.08.20 10:17:24.690,5.93407,5.93522,2.03,1.35
2012.08.20 10:17:24.921,5.93407,5.93442,2.03,1.83
2012.08.20 10:17:25.095,5.93344,5.93442,2.03,1.83
2012.08.20 10:17:26.371,5.93344,5.93422,2.78,1.83
2012.08.20 10:17:26.547,5.93396,5.93514,2.03,2.78
2012.08.20 10:17:26.977,5.93396,5.93514,2.03,2.78
2012.08.20 10:17:27.264,5.93326,5.93422,2.03,1.83
2012.08.20 10:17:28.436,5.93364,5.93422,1.35,1.83
2012.08.20 10:17:28.555,5.93364,5.93476,1.35,2.03
2012.08.20 10:17:28.618,5.93405,5.9352,2.03,1.35
2012.08.20 10:17:28.898,5.93405,5.93523,2.03,2.25
2012.08.20 10:17:28.962,5.93405,5.9351,2.03,1.35
2012.08.20 10:17:29.253,5.93326,5.93422,2.78,1.83
2012.08.20 10:17:29.315,5.93326,5.93422,2.03,1.83
2012.08.20 10:17:29.377,5.93324,5.93422,2.03,1.83
2012.08.20 10:17:30.406,5.93324,5.93443,3.00,2.03
2012.08.20 10:17:30.639,5.93399,5.93493,2.03,1.50
2012.08.20 10:17:30.985,5.93399,5.93422,2.03,1.83
2012.08.20 10:17:31.159,5.93376,5.93422,2.03,1.83
2012.08.20 10:17:31.220,5.93328,5.93422,2.03,1.83
2012.08.20 10:17:32.379,5.93328,5.93422,2.78,1.83
2012.08.20 10:17:32.744,5.93387,5.93422,2.03,1.83
2012.08.20 10:17:32.806,5.93387,5.93506,2.03,3.00
2012.08.20 10:17:32.868,5.93387,5.93506,2.03,2.25
2012.08.20 10:17:32.986,5.93387,5.93506,2.03,2.25
2012.08.20 10:17:33.048,5.93328,5.93423,2.03,1.83
2012.08.20 10:17:34.414,5.93328,5.93423,2.78,1.83
2012.08.20 10:17:34.477,5.93356,5.93448,1.35,2.03
2012.08.20 10:17:34.540,5.93399,5.93452,2.03,2.03
2012.08.20 10:17:34.659,5.93399,5.93506,2.03,1.35
2012.08.20 10:17:34.720,5.93399,5.93513,2.03,1.35
2012.08.20 10:17:34.898,5.93399,5.93423,2.03,1.83
2012.08.20 10:17:35.072,5.93328,5.93423,2.03,1.83
2012.08.20 10:17:36.534,5.93372,5.93423,1.13,1.83
2012.08.20 10:17:36.654,5.93399,5.9352,2.03,3.00
2012.08.20 10:17:36.946,5.93399,5.93514,2.03,1.58
2012.08.20 10:17:37.064,5.93349,5.93423,2.78,1.83
2012.08.20 10:17:37.127,5.93329,5.93423,2.03,1.83
2012.08.20 10:17:38.346,5.93329,5.93423,2.78,1.83
2012.08.20 10:17:38.408,5.93329,5.93448,2.78,2.03
2012.08.20 10:17:38.469,5.93329,5.93448,3.00,2.03
2012.08.20 10:17:38.644,5.93403,5.93524,2.03,3.00
2012.08.20 10:17:38.902,5.93403,5.93524,2.03,2.85
2012.08.20 10:17:39.198,5.93338,5.93443,2.03,1.83
2012.08.20 10:17:40.061,5.93315,5.93443,2.03,1.83
2012.08.20 10:17:40.385,5.93315,5.93423,2.78,1.83
2012.08.20 10:17:40.618,5.93372,5.93456,1.35,2.03
2012.08.20 10:17:40.736,5.93398,5.93457,2.03,2.03
2012.08.20 10:17:41.231,5.93387,5.93423,2.03,1.83
2012.08.20 10:17:41.294,5.93349,5.93423,2.03,1.83
2012.08.20 10:17:41.356,5.93333,5.93423,2.03,1.83
2012.08.20 10:17:42.406,5.93358,5.93423,1.35,1.83
2012.08.20 10:17:42.581,5.93358,5.93451,1.35,2.03
2012.08.20 10:17:42.673,5.93398,5.93474,2.03,2.03
2012.08.20 10:17:42.736,5.93398,5.93517,2.03,2.63
2012.08.20 10:17:42.932,5.93398,5.93423,2.03,1.83
2012.08.20 10:17:43.051,5.93364,5.93423,2.03,1.83
2012.08.20 10:17:43.112,5.93337,5.93423,2.03,1.83
2012.08.20 10:17:44.293,5.93337,5.93423,2.78,1.83
2012.08.20 10:17:44.467,5.93341,5.93455,1.73,2.03
2012.08.20 10:17:44.586,5.93383,5.93455,2.03,2.03
2012.08.20 10:17:44.648,5.93407,5.93498,2.03,1.13
2012.08.20 10:17:44.789,5.93407,5.93525,2.03,3.38
2012.08.20 10:17:45.019,5.93407,5.93442,2.03,1.83
2012.08.20 10:17:45.082,5.93389,5.93442,2.03,1.83
2012.08.20 10:17:45.199,5.93347,5.93442,2.03,1.83
2012.08.20 10:17:46.360,5.93347,5.93442,2.78,1.83
2012.08.20 10:17:46.478,5.93347,5.93463,3.00,2.03
2012.08.20 10:17:46.541,5.93382,5.93463,2.03,2.03
2012.08.20 10:17:46.603,5.93404,5.93522,2.03,2.25
2012.08.20 10:17:46.961,5.93404,5.93522,2.03,2.25
2012.08.20 10:17:47.197,5.93379,5.93453,2.03,1.83
2012.08.20 10:17:47.315,5.93357,5.93453,2.03,1.83
2012.08.20 10:17:48.358,5.93357,5.93453,2.78,1.83
2012.08.20 10:17:48.534,5.9337,5.93489,1.13,2.25
2012.08.20 10:17:48.596,5.9337,5.93489,1.35,2.03
2012.08.20 10:17:48.658,5.93406,5.93526,2.03,3.38
2012.08.20 10:17:49.008,5.93406,5.93452,2.03,1.83
2012.08.20 10:17:49.129,5.93386,5.93452,2.03,1.83
2012.08.20 10:17:49.545,5.93401,5.93452,2.03,1.83
2012.08.20 10:17:49.721,5.9342,5.93502,2.03,2.06
2012.08.20 10:17:50.350,5.9342,5.93502,2.78,2.06
2012.08.20 10:17:50.467,5.9342,5.93502,3.00,1.83
2012.08.20 10:17:50.530,5.9342,5.93538,3.00,2.03
2012.08.20 10:17:50.593,5.93406,5.93524,3.00,2.03
2012.08.20 10:17:50.655,5.93457,5.93562,2.03,2.03
2012.08.20 10:17:50.718,5.93457,5.93575,2.03,2.03
2012.08.20 10:17:51.068,5.93457,5.93502,2.03,1.83
2012.08.20 10:17:51.242,5.93434,5.93502,2.03,1.83
2012.08.20 10:17:51.304,5.93414,5.93502,2.03,1.83
2012.08.20 10:17:52.301,5.93414,5.93502,2.78,1.83
2012.08.20 10:17:52.419,5.9342,5.93534,1.35,2.03
2012.08.20 10:17:52.481,5.93464,5.93556,2.03,2.03
2012.08.20 10:17:52.544,5.93464,5.93583,2.03,1.73
2012.08.20 10:17:52.946,5.93464,5.93502,2.03,1.83
2012.08.20 10:17:53.064,5.93441,5.93502,2.03,1.83
2012.08.20 10:17:53.126,5.9342,5.93502,2.03,1.83
2012.08.20 10:17:54.423,5.9342,5.93502,3.00,1.83
2012.08.20 10:17:54.486,5.93432,5.93538,1.35,2.03
2012.08.20 10:17:54.549,5.93474,5.93562,2.03,2.03
2012.08.20 10:17:54.611,5.93474,5.93581,2.03,2.78
2012.08.20 10:17:54.771,5.93474,5.93592,2.03,1.35
2012.08.20 10:17:54.946,5.93474,5.93502,2.03,1.83
2012.08.20 10:17:55.009,5.93451,5.93502,2.03,1.83
2012.08.20 10:17:55.071,5.9342,5.93502,2.03,1.83
2012.08.20 10:17:56.359,5.9342,5.93502,2.40,1.83
2012.08.20 10:17:56.476,5.9342,5.93538,2.63,2.03
2012.08.20 10:17:56.539,5.93464,5.93562,2.03,2.03
2012.08.20 10:17:56.858,5.93464,5.93533,2.03,1.13
2012.08.20 10:17:57.149,5.93396,5.93467,2.03,2.03
2012.08.20 10:17:57.211,5.93395,5.93482,2.03,2.06
2012.08.20 10:17:57.329,5.93363,5.93482,2.03,2.06
2012.08.20 10:17:58.436,5.93378,5.93482,1.13,2.06
2012.08.20 10:17:58.498,5.93396,5.93482,2.78,1.83
2012.08.20 10:17:58.561,5.93419,5.93534,2.03,1.35
2012.08.20 10:17:58.924,5.93419,5.93537,2.03,3.00
2012.08.20 10:17:59.098,5.9338,5.93482,2.03,2.06
2012.08.20 10:18:00.624,5.9338,5.93482,2.78,2.06
2012.08.20 10:18:00.915,5.93455,5.93559,2.03,1.13
2012.08.20 10:18:00.978,5.93455,5.93482,2.03,1.83
2012.08.20 10:18:01.154,5.93407,5.93482,2.03,1.83
2012.08.20 10:18:01.552,5.93419,5.93482,2.03,1.83
2012.08.20 10:18:01.922,5.93399,5.93482,2.03,1.83
2012.08.20 10:18:02.156,5.93381,5.93482,2.03,1.83
2012.08.20 10:18:02.492,5.93388,5.93476,1.13,2.03
2012.08.20 10:18:02.669,5.93417,5.93535,2.03,2.03
2012.08.20 10:18:02.919,5.93417,5.93535,2.03,2.78
2012.08.20 10:18:03.413,5.93381,5.93482,2.03,2.06
2012.08.20 10:18:04.196,5.93399,5.93482,2.03,1.83
2012.08.20 10:18:04.259,5.93399,5.93502,2.03,2.06
2012.08.20 10:18:04.377,5.9342,5.93502,2.03,2.06
2012.08.20 10:18:04.610,5.93449,5.93564,2.03,2.25
2012.08.20 10:18:04.914,5.93449,5.93502,2.03,1.83
2012.08.20 10:18:05.034,5.93433,5.93502,2.03,2.06
2012.08.20 10:18:05.098,5.9341,5.935,2.03,2.25
2012.08.20 10:18:05.271,5.9341,5.93482,2.03,1.83
2012.08.20 10:18:05.805,5.93382,5.93482,2.03,1.83
2012.08.20 10:18:06.415,5.93394,5.93482,1.35,1.83
2012.08.20 10:18:06.591,5.93407,5.935,2.25,2.03
2012.08.20 10:18:06.653,5.9343,5.93545,2.03,2.25
2012.08.20 10:18:06.883,5.93441,5.93555,2.03,1.58
2012.08.20 10:18:07.333,5.93391,5.93483,2.03,2.06
2012.08.20 10:18:08.489,5.93391,5.93483,2.25,1.83
2012.08.20 10:18:08.719,5.93391,5.93507,3.00,2.03
2012.08.20 10:18:08.788,5.93462,5.93571,2.03,1.73
2012.08.20 10:18:09.133,5.93406,5.93482,2.03,1.83
2012.08.20 10:18:10.103,5.93391,5.93482,2.03,1.83
2012.08.20 10:18:10.451,5.93391,5.93482,2.25,1.83
2012.08.20 10:18:10.569,5.93391,5.93509,2.25,2.03
2012.08.20 10:18:10.632,5.93358,5.93466,2.70,2.03
2012.08.20 10:18:10.751,5.9343,5.93542,2.03,1.35
2012.08.20 10:18:10.926,5.93429,5.93546,2.03,3.00
2012.08.20 10:18:11.239,5.93407,5.93482,2.03,2.06
2012.08.20 10:18:11.728,5.93392,5.93482,2.03,2.06
2012.08.20 10:18:12.682,5.93392,5.93508,2.78,2.25
2012.08.20 10:18:12.746,5.93431,5.93549,2.03,3.00
2012.08.20 10:18:12.901,5.93431,5.93549,2.03,3.60
2012.08.20 10:18:13.244,5.93385,5.93483,2.03,2.06
2012.08.20 10:18:13.999,5.93405,5.93483,2.03,2.06
2012.08.20 10:18:14.353,5.93425,5.93483,2.03,1.83
2012.08.20 10:18:14.417,5.93425,5.93502,2.03,2.06
2012.08.20 10:18:14.480,5.93404,5.93492,1.13,2.03
2012.08.20 10:18:14.544,5.93424,5.93492,2.03,2.03
2012.08.20 10:18:14.606,5.93446,5.93564,2.03,3.38
2012.08.20 10:18:14.987,5.93446,5.93564,2.03,2.25
2012.08.20 10:18:15.050,5.93436,5.93502,2.03,1.83
2012.08.20 10:18:15.169,5.93419,5.93502,2.03,1.83
2012.08.20 10:18:16.380,5.93419,5.93502,2.40,1.83
2012.08.20 10:18:16.612,5.93432,5.9353,2.78,2.03
2012.08.20 10:18:16.674,5.93455,5.9357,2.03,1.13
2012.08.20 10:18:16.736,5.93455,5.93574,2.03,2.25
2012.08.20 10:18:16.854,5.93455,5.93574,2.03,2.85
2012.08.20 10:18:17.196,5.9341,5.93503,2.03,2.06
2012.08.20 10:18:18.438,5.93403,5.93488,1.13,2.03
2012.08.20 10:18:18.671,5.93421,5.93511,2.03,2.03
2012.08.20 10:18:19.018,5.93421,5.93452,2.03,1.83
2012.08.20 10:18:19.250,5.93371,5.93452,2.03,1.83
2012.08.20 10:18:20.439,5.93371,5.93491,3.00,2.03
2012.08.20 10:18:20.500,5.93378,5.93491,1.35,2.03
2012.08.20 10:18:20.960,5.93431,5.93535,2.03,1.35
2012.08.20 10:18:21.026,5.93431,5.93548,2.03,2.85
2012.08.20 10:18:21.088,5.93408,5.93453,2.03,2.06
2012.08.20 10:18:21.149,5.93375,5.93453,2.03,2.06
2012.08.20 10:18:22.419,5.93375,5.93495,2.25,2.03
2012.08.20 10:18:22.481,5.93352,5.93454,3.00,2.03
2012.08.20 10:18:22.657,5.93416,5.93533,2.03,1.73
2012.08.20 10:18:22.944,5.93416,5.93452,2.03,1.83
2012.08.20 10:18:23.066,5.93395,5.93452,2.03,1.83
2012.08.20 10:18:23.173,5.93376,5.93452,2.03,1.83
2012.08.20 10:18:24.426,5.93376,5.93452,2.63,1.83
2012.08.20 10:18:24.488,5.93376,5.93493,3.38,2.03
2012.08.20 10:18:24.662,5.93385,5.93504,2.78,2.03
2012.08.20 10:18:24.724,5.93409,5.93504,2.03,2.03
2012.08.20 10:18:25.066,5.93432,5.93453,2.03,2.06
2012.08.20 10:18:25.194,5.93377,5.93453,2.03,2.06
2012.08.20 10:18:26.569,5.93421,5.93453,2.03,1.83
2012.08.20 10:18:26.630,5.93421,5.9348,2.03,2.03
2012.08.20 10:18:26.692,5.93421,5.93532,2.03,1.73
2012.08.20 10:18:26.951,5.93421,5.93453,2.03,2.06
2012.08.20 10:18:27.125,5.93398,5.93453,2.03,2.06
2012.08.20 10:18:27.582,5.93377,5.93453,2.03,2.06
2012.08.20 10:18:28.358,5.93377,5.93453,2.78,2.06
2012.08.20 10:18:28.477,5.93408,5.93495,2.03,2.03
2012.08.20 10:18:28.594,5.9343,5.9353,2.03,2.10
2012.08.20 10:18:28.936,5.9343,5.93452,2.03,2.06
2012.08.20 10:18:29.111,5.93387,5.93452,2.03,2.06
2012.08.20 10:18:29.193,5.93377,5.93452,2.03,2.06
2012.08.20 10:18:30.475,5.93377,5.93452,2.25,1.83
2012.08.20 10:18:30.651,5.9341,5.93452,2.03,1.83
2012.08.20 10:18:30.713,5.9341,5.93502,2.03,2.03
2012.08.20 10:18:30.775,5.93422,5.9353,2.03,2.10
2012.08.20 10:18:31.118,5.93376,5.93453,2.03,2.06
2012.08.20 10:18:32.405,5.93376,5.93453,2.78,2.06
2012.08.20 10:18:32.466,5.93376,5.93493,3.00,2.03
2012.08.20 10:18:32.586,5.93373,5.93478,1.35,2.03
2012.08.20 10:18:32.704,5.93432,5.93533,2.03,1.35
2012.08.20 10:18:32.933,5.93432,5.93453,2.03,1.83
2012.08.20 10:18:33.052,5.93408,5.93453,2.03,2.06
2012.08.20 10:18:33.113,5.93378,5.93453,2.78,2.06
2012.08.20 10:18:33.231,5.93378,5.93453,2.03,2.06
2012.08.20 10:18:34.483,5.93378,5.93453,2.25,1.83
2012.08.20 10:18:34.547,5.93388,5.93496,2.03,2.03
2012.08.20 10:18:34.721,5.9341,5.9353,2.03,3.00
2012.08.20 10:18:35.046,5.93389,5.93452,2.03,1.83
2012.08.20 10:18:35.165,5.93374,5.93452,2.03,1.83
2012.08.20 10:18:36.491,5.93374,5.93452,2.25,1.83
2012.08.20 10:18:36.554,5.93389,5.9349,2.03,2.03
2012.08.20 10:18:36.617,5.93411,5.93524,2.03,1.35
2012.08.20 10:18:36.679,5.93427,5.93524,2.03,1.35
2012.08.20 10:18:36.984,5.93427,5.93517,2.03,2.10
2012.08.20 10:18:37.048,5.93408,5.93517,2.03,2.10
2012.08.20 10:18:37.224,5.93384,5.93423,2.03,2.06
2012.08.20 10:18:37.287,5.93384,5.93423,2.03,2.06
2012.08.20 10:18:37.797,5.93309,5.93423,2.03,2.06
2012.08.20 10:18:38.426,5.93309,5.93403,2.78,2.06
2012.08.20 10:18:38.602,5.93308,5.93423,1.35,2.03
2012.08.20 10:18:38.665,5.93354,5.93473,2.03,1.73
2012.08.20 10:18:38.784,5.93354,5.93463,2.03,1.73
2012.08.20 10:18:39.016,5.93354,5.93472,2.03,2.66
2012.08.20 10:18:39.079,5.93354,5.93472,2.03,3.41
2012.08.20 10:18:39.254,5.93331,5.93394,2.03,2.25
2012.08.20 10:18:39.372,5.93276,5.93383,2.03,2.06
2012.08.20 10:18:39.490,5.93295,5.93383,2.03,2.06
2012.08.20 10:18:40.503,5.93295,5.93383,2.25,1.83
2012.08.20 10:18:40.565,5.93263,5.93381,3.00,2.03
2012.08.20 10:18:40.629,5.93325,5.93441,2.03,2.78
2012.08.20 10:18:40.724,5.93325,5.93441,2.03,2.03
2012.08.20 10:18:40.867,5.93337,5.93456,2.03,2.85
2012.08.20 10:18:41.203,5.93284,5.93382,2.03,2.06
2012.08.20 10:18:42.387,5.93284,5.93382,2.78,2.06
2012.08.20 10:18:42.620,5.93334,5.93441,2.03,2.03
2012.08.20 10:18:42.740,5.93355,5.93441,2.03,2.03
2012.08.20 10:18:43.042,5.93355,5.93441,2.03,3.00
2012.08.20 10:18:43.162,5.93341,5.93383,2.03,2.06
2012.08.20 10:18:43.280,5.93283,5.93383,2.03,2.06
2012.08.20 10:18:43.701,5.93305,5.93383,2.03,2.06
2012.08.20 10:18:44.055,5.9329,5.93383,2.03,2.06
2012.08.20 10:18:44.421,5.9329,5.93383,2.03,1.83
2012.08.20 10:18:44.595,5.93341,5.93383,2.03,1.83
2012.08.20 10:18:44.772,5.93341,5.9346,2.03,2.25
2012.08.20 10:18:45.018,5.93341,5.93382,2.03,1.83
2012.08.20 10:18:45.138,5.93304,5.93382,2.03,2.06
2012.08.20 10:18:45.403,5.93279,5.93382,2.03,2.06
2012.08.20 10:18:45.819,5.93279,5.93332,2.03,1.83
2012.08.20 10:18:45.938,5.93261,5.93332,2.03,1.83
2012.08.20 10:18:46.113,5.93238,5.93332,2.03,2.06
2012.08.20 10:18:46.175,5.93217,5.93332,2.03,2.06
2012.08.20 10:18:46.350,5.93234,5.93332,2.03,2.06
2012.08.20 10:18:46.468,5.93211,5.93297,2.78,2.25
2012.08.20 10:18:46.643,5.93211,5.93297,2.78,2.03
2012.08.20 10:18:46.705,5.93217,5.93297,1.13,2.03
2012.08.20 10:18:46.881,5.93247,5.93332,2.03,1.83
2012.08.20 10:18:47.000,5.93247,5.93363,2.03,1.73
2012.08.20 10:18:47.118,5.93201,5.93321,2.03,2.25
2012.08.20 10:18:47.595,5.93217,5.93333,2.03,2.06
2012.08.20 10:18:48.412,5.93195,5.93313,2.03,2.25
2012.08.20 10:18:48.588,5.93195,5.93313,2.78,2.25
2012.08.20 10:18:48.651,5.93256,5.93333,2.03,1.83
2012.08.20 10:18:48.883,5.93256,5.93361,2.03,1.58
2012.08.20 10:18:48.945,5.9324,5.93356,2.03,2.25
2012.08.20 10:18:49.064,5.93258,5.93361,2.03,1.58
2012.08.20 10:18:49.183,5.93197,5.93283,2.03,2.06
2012.08.20 10:18:49.303,5.93181,5.93283,2.03,2.06
2012.08.20 10:18:49.669,5.93203,5.93283,2.03,2.06
2012.08.20 10:18:49.991,5.93223,5.93283,2.03,2.06
2012.08.20 10:18:50.629,5.93208,5.93283,2.03,2.06
2012.08.20 10:18:50.701,5.93269,5.93283,2.03,1.83
2012.08.20 10:18:50.820,5.93251,5.93283,2.03,1.83
2012.08.20 10:18:50.883,5.93251,5.93369,2.03,3.00
2012.08.20 10:18:50.947,5.93251,5.93369,2.03,2.85
2012.08.20 10:18:51.122,5.93247,5.93282,2.03,2.06
2012.08.20 10:18:51.240,5.93208,5.93282,2.03,2.06
2012.08.20 10:18:52.127,5.93189,5.93282,2.03,2.06
2012.08.20 10:18:52.484,5.93189,5.93282,2.03,1.83
2012.08.20 10:18:52.548,5.93154,5.93274,3.00,2.03
2012.08.20 10:18:52.859,5.9323,5.9335,2.03,3.00
2012.08.20 10:18:52.922,5.9323,5.9335,2.03,2.25
2012.08.20 10:18:52.985,5.93232,5.9335,2.03,3.00
2012.08.20 10:18:53.333,5.93202,5.93282,2.03,1.83
2012.08.20 10:18:54.188,5.93178,5.93282,2.03,1.83
2012.08.20 10:18:54.468,5.93178,5.93282,2.25,1.83
2012.08.20 10:18:54.708,5.93223,5.93342,2.03,2.78
2012.08.20 10:18:55.041,5.93201,5.93301,2.25,2.03
2012.08.20 10:18:55.215,5.93168,5.93283,2.03,2.06
2012.08.20 10:18:56.627,5.93168,5.93283,2.25,1.83
2012.08.20 10:18:56.746,5.93186,5.93305,3.00,2.03
2012.08.20 10:18:56.814,5.93249,5.93328,2.03,2.78
2012.08.20 10:18:56.877,5.93249,5.93354,2.03,1.58
2012.08.20 10:18:56.938,5.93249,5.93352,2.03,1.73
2012.08.20 10:18:57.057,5.93181,5.93301,2.03,2.25
2012.08.20 10:18:58.463,5.93158,5.93269,2.03,2.03
2012.08.20 10:18:58.525,5.9315,5.93269,2.03,2.03
2012.08.20 10:18:58.642,5.93158,5.93269,1.73,2.03
2012.08.20 10:18:58.993,5.93198,5.93286,2.03,2.25
2012.08.20 10:18:59.054,5.93162,5.93286,2.03,2.25
2012.08.20 10:19:00.227,5.93179,5.93283,2.03,2.06
2012.08.20 10:19:00.689,5.93182,5.93283,2.03,2.06
2012.08.20 10:19:00.867,5.93235,5.93359,2.03,3.00
2012.08.20 10:19:00.930,5.93248,5.93357,2.03,1.73
2012.08.20 10:19:00.992,5.93228,5.93354,2.03,3.00
2012.08.20 10:19:01.167,5.93228,5.93282,2.03,1.83
2012.08.20 10:19:01.306,5.93224,5.93282,2.03,1.83
2012.08.20 10:19:01.708,5.93204,5.93282,2.03,1.83
2012.08.20 10:19:01.770,5.93188,5.93282,2.03,1.83
2012.08.20 10:19:02.003,5.93183,5.93282,2.03,1.83
2012.08.20 10:19:02.068,5.93183,5.93305,2.03,2.25
2012.08.20 10:19:02.130,5.93207,5.93329,2.03,4.28
2012.08.20 10:19:02.442,5.93184,5.93307,2.03,3.00
2012.08.20 10:19:02.617,5.93183,5.93307,2.03,2.25
2012.08.20 10:19:02.736,5.93183,5.93307,2.25,2.03
2012.08.20 10:19:03.085,5.93197,5.93282,2.03,2.81
2012.08.20 10:19:03.264,5.93138,5.93256,2.78,2.78
2012.08.20 10:19:03.383,5.93138,5.93256,2.03,2.78
2012.08.20 10:19:04.502,5.93155,5.93269,2.03,1.73
2012.08.20 10:19:04.573,5.93155,5.93269,2.03,1.35
2012.08.20 10:19:04.692,5.93155,5.93269,2.03,1.13
2012.08.20 10:19:04.867,5.93162,5.93271,2.03,2.78
2012.08.20 10:19:05.258,5.93146,5.93266,2.03,3.75
2012.08.20 10:19:06.688,5.93127,5.93242,1.73,2.25
2012.08.20 10:19:06.808,5.93171,5.93266,2.03,1.50
2012.08.20 10:19:07.113,5.93171,5.93258,2.03,1.73
2012.08.20 10:19:07.231,5.93152,5.93258,2.03,1.73
2012.08.20 10:19:07.415,5.93129,5.93246,2.03,3.00
2012.08.20 10:19:07.645,5.93145,5.93258,2.03,1.73
2012.08.20 10:19:08.036,5.93133,5.93251,2.03,3.00
2012.08.20 10:19:08.264,5.93146,5.93258,2.03,1.73
2012.08.20 10:19:08.729,5.93146,5.93265,2.03,2.63
2012.08.20 10:19:08.792,5.93123,5.93241,2.03,2.25
2012.08.20 10:19:08.855,5.93175,5.93262,2.03,1.35
2012.08.20 10:19:09.185,5.9315,5.93257,2.03,1.73
2012.08.20 10:19:10.515,5.93168,5.93257,2.03,1.73
2012.08.20 10:19:10.671,5.93168,5.93267,2.03,1.35
2012.08.20 10:19:10.848,5.93187,5.93298,2.03,1.58
2012.08.20 10:19:10.911,5.93187,5.93298,2.03,1.58
2012.08.20 10:19:11.031,5.9317,5.93267,2.03,1.73
2012.08.20 10:19:11.149,5.93156,5.93267,2.03,1.73
2012.08.20 10:19:12.602,5.93156,5.93271,2.03,3.00
2012.08.20 10:19:12.665,5.93169,5.93275,2.03,1.35
2012.08.20 10:19:12.786,5.93137,5.93253,2.78,2.25
2012.08.20 10:19:12.848,5.93137,5.93253,3.00,2.03
2012.08.20 10:19:12.911,5.93206,5.93314,2.03,2.10
2012.08.20 10:19:13.265,5.93164,5.93276,2.03,1.73
2012.08.20 10:19:14.314,5.93164,5.93276,2.03,1.73
2012.08.20 10:19:14.442,5.93148,5.93266,2.03,3.00
2012.08.20 10:19:14.672,5.93148,5.93266,2.03,2.25
2012.08.20 10:19:14.735,5.93148,5.93266,2.25,2.03
2012.08.20 10:19:14.854,5.9317,5.93266,2.03,2.03
2012.08.20 10:19:15.201,5.93194,5.93268,2.03,1.73
2012.08.20 10:19:15.264,5.93174,5.93268,2.03,1.73
2012.08.20 10:19:15.326,5.93144,5.93259,2.03,3.00
2012.08.20 10:19:15.388,5.93156,5.93268,2.03,1.73
2012.08.20 10:19:16.549,5.93156,5.93268,2.03,1.73
2012.08.20 10:19:16.667,5.93156,5.93273,2.03,1.13
2012.08.20 10:19:16.786,5.93162,5.93281,2.03,2.78
2012.08.20 10:19:17.132,5.93154,5.93273,2.03,1.73
2012.08.20 10:19:18.731,5.93178,5.93282,2.03,2.58
2012.08.20 10:19:18.794,5.93178,5.93293,2.03,1.73
2012.08.20 10:19:18.857,5.93194,5.9331,2.03,3.00
2012.08.20 10:19:19.088,5.93157,5.93269,2.03,1.73
2012.08.20 10:19:20.687,5.93157,5.93275,2.03,2.25
2012.08.20 10:19:20.749,5.93133,5.93249,2.63,2.03
2012.08.20 10:19:20.941,5.9318,5.93292,2.03,1.13
2012.08.20 10:19:21.005,5.9318,5.9327,2.03,1.73
2012.08.20 10:19:21.067,5.93165,5.9327,2.03,1.73
2012.08.20 10:19:21.186,5.93149,5.93264,2.03,3.00
2012.08.20 10:19:22.666,5.93149,5.93264,2.03,2.25
2012.08.20 10:19:22.729,5.93149,5.93264,2.25,2.03
2012.08.20 10:19:22.837,5.93152,5.9327,2.25,2.03
2012.08.20 10:19:22.902,5.9319,5.93311,2.03,3.00
2012.08.20 10:19:23.022,5.93175,5.93295,2.03,3.00
2012.08.20 10:19:23.140,5.93151,5.93269,2.03,3.00
2012.08.20 10:19:23.349,5.93166,5.93272,2.03,1.73
2012.08.20 10:19:24.187,5.93166,5.93282,2.03,2.43
2012.08.20 10:19:24.308,5.93166,5.93282,2.03,2.43
2012.08.20 10:19:24.383,5.93177,5.93282,2.03,2.43
2012.08.20 10:19:24.713,5.93216,5.93282,2.03,2.43
2012.08.20 10:19:24.840,5.93257,5.93342,2.03,2.21
2012.08.20 10:19:24.960,5.93257,5.93341,2.03,1.13
2012.08.20 10:19:25.311,5.93235,5.93333,2.03,2.06
2012.08.20 10:19:25.431,5.93273,5.93333,2.03,1.83
2012.08.20 10:19:25.494,5.93273,5.93362,2.03,2.81
2012.08.20 10:19:25.726,5.93291,5.93362,2.03,2.06
2012.08.20 10:19:26.676,5.93291,5.93382,2.03,1.83
2012.08.20 10:19:26.795,5.93286,5.93382,2.03,1.83
2012.08.20 10:19:26.916,5.93309,5.93427,2.03,3.00
2012.08.20 10:19:27.147,5.93293,5.93383,2.03,2.81
2012.08.20 10:19:27.681,5.93293,5.93383,2.03,2.06
2012.08.20 10:19:27.801,5.93312,5.93402,2.03,2.81
2012.08.20 10:19:28.665,5.9329,5.93402,2.40,2.06
2012.08.20 10:19:28.728,5.93286,5.93402,3.00,1.83
2012.08.20 10:19:29.074,5.93321,5.93427,2.03,1.73
2012.08.20 10:19:29.136,5.93304,5.93403,2.03,2.81
2012.08.20 10:19:30.627,5.93304,5.93403,2.03,2.06
2012.08.20 10:19:30.746,5.93308,5.93403,2.03,1.83
2012.08.20 10:19:30.809,5.93308,5.93426,2.03,2.03
2012.08.20 10:19:30.873,5.93341,5.93454,2.03,1.73
2012.08.20 10:19:30.992,5.93324,5.93426,2.03,1.73
2012.08.20 10:19:31.110,5.93312,5.93403,2.03,2.81
2012.08.20 10:19:32.607,5.93312,5.93403,2.03,2.06
2012.08.20 10:19:32.727,5.93287,5.93403,2.63,2.03
2012.08.20 10:19:32.847,5.93349,5.93427,2.03,2.03
2012.08.20 10:19:33.201,5.93304,5.93403,2.03,2.81
2012.08.20 10:19:34.742,5.93304,5.93422,2.03,2.25
2012.08.20 10:19:34.806,5.93317,5.93437,2.03,3.00
2012.08.20 10:19:35.153,5.93313,5.93402,2.03,2.58
2012.08.20 10:19:36.556,5.93313,5.93402,2.03,1.83
2012.08.20 10:19:36.619,5.93287,5.93402,2.03,1.83
2012.08.20 10:19:36.681,5.93287,5.93402,2.25,1.83
2012.08.20 10:19:36.744,5.93287,5.93405,2.25,2.03
2012.08.20 10:19:36.863,5.93319,5.93422,2.03,2.78
2012.08.20 10:19:37.207,5.93305,5.93403,2.03,2.81
2012.08.20 10:19:38.609,5.93305,5.93403,2.03,2.06
2012.08.20 10:19:38.671,5.93305,5.93403,2.25,1.83
2012.08.20 10:19:38.734,5.93325,5.93421,2.03,2.03
2012.08.20 10:19:38.796,5.93348,5.93463,2.03,2.48
2012.08.20 10:19:39.248,5.93308,5.93402,2.03,2.81
2012.08.20 10:19:39.311,5.93295,5.93402,2.03,2.81
2012.08.20 10:19:40.592,5.93295,5.93402,2.03,2.06
2012.08.20 10:19:40.655,5.93276,5.93394,3.00,2.03
2012.08.20 10:19:40.831,5.93327,5.93445,2.03,3.00
2012.08.20 10:19:40.950,5.93327,5.93445,2.03,3.75
2012.08.20 10:19:41.013,5.9331,5.93403,2.03,2.81
2012.08.20 10:19:41.132,5.93294,5.93403,2.03,2.81
2012.08.20 10:19:42.581,5.93315,5.93403,2.03,2.81
2012.08.20 10:19:42.700,5.93318,5.93403,2.03,2.06
2012.08.20 10:19:42.820,5.93351,5.93443,2.03,1.73
2012.08.20 10:19:43.053,5.93328,5.93403,2.03,2.81
2012.08.20 10:19:43.115,5.93317,5.93403,2.03,2.81
2012.08.20 10:19:44.542,5.93301,5.93403,2.03,2.81
2012.08.20 10:19:44.831,5.93344,5.93403,2.03,1.83
2012.08.20 10:19:44.893,5.93344,5.93438,2.03,1.35
2012.08.20 10:19:44.956,5.93344,5.93403,2.03,2.81
2012.08.20 10:19:45.018,5.93322,5.93403,2.03,2.81
2012.08.20 10:19:45.137,5.93311,5.93403,2.03,2.81
2012.08.20 10:19:45.599,5.93311,5.93403,2.03,2.81
2012.08.20 10:19:45.662,5.93287,5.93395,2.03,1.73
2012.08.20 10:19:45.925,5.93275,5.93363,2.03,2.81
2012.08.20 10:19:45.990,5.93252,5.93363,2.03,2.81
2012.08.20 10:19:46.733,5.93252,5.93363,2.03,1.83
2012.08.20 10:19:46.795,5.93271,5.93363,2.03,1.83
2012.08.20 10:19:46.859,5.93271,5.93387,2.03,3.00
2012.08.20 10:19:46.921,5.93288,5.93389,2.03,1.35
2012.08.20 10:19:47.268,5.93257,5.93363,2.03,2.81
2012.08.20 10:19:47.765,5.9327,5.93363,2.03,2.81
2012.08.20 10:19:48.678,5.9327,5.93363,2.03,1.83
2012.08.20 10:19:48.795,5.9327,5.93388,2.03,2.03
2012.08.20 10:19:48.858,5.93309,5.93403,2.03,1.35
2012.08.20 10:19:49.271,5.93271,5.93363,2.03,2.81
2012.08.20 10:19:49.567,5.93285,5.93363,2.03,2.06
2012.08.20 10:19:49.630,5.9329,5.93363,2.03,2.06
2012.08.20 10:19:50.769,5.93241,5.93378,3.53,3.00
2012.08.20 10:19:50.831,5.93273,5.93378,2.03,3.00
2012.08.20 10:19:51.179,5.93281,5.93391,2.03,1.73
2012.08.20 10:19:51.241,5.93265,5.93391,2.03,1.73
2012.08.20 10:19:51.828,5.93279,5.93391,2.03,1.73
2012.08.20 10:19:52.787,5.9332,5.93393,2.03,2.03
2012.08.20 10:19:53.111,5.9332,5.9339,2.03,1.73
2012.08.20 10:19:53.191,5.93282,5.9339,2.03,1.73
2012.08.20 10:19:54.750,5.93282,5.93398,2.03,2.78
2012.08.20 10:19:54.869,5.93253,5.93371,2.25,2.78
2012.08.20 10:19:55.245,5.93278,5.93392,2.03,1.73
2012.08.20 10:19:56.167,5.93296,5.93392,2.03,1.73
2012.08.20 10:19:56.818,5.93282,5.93401,2.03,2.03
2012.08.20 10:19:56.881,5.93282,5.93401,2.03,2.78
2012.08.20 10:19:57.226,5.93293,5.93391,2.03,1.73
2012.08.20 10:19:58.764,5.93293,5.93402,2.03,4.08
2012.08.20 10:19:58.828,5.9329,5.93378,2.03,2.03
2012.08.20 10:19:58.890,5.9329,5.93378,2.03,2.78
2012.08.20 10:19:59.248,5.93283,5.93392,2.03,1.73
2012.08.20 10:19:59.967,5.93283,5.93386,2.03,1.73
2012.08.20 10:20:00.029,5.93268,5.93386,2.03,1.73
2012.08.20 10:20:00.149,5.93284,5.93382,2.03,1.50
2012.08.20 10:20:00.691,5.93284,5.93363,2.03,1.83
2012.08.20 10:20:01.037,5.9329,5.93401,2.03,1.73
2012.08.20 10:20:01.314,5.93276,5.93394,2.03,3.00
2012.08.20 10:20:02.617,5.93276,5.93394,2.03,3.00
2012.08.20 10:20:02.682,5.93276,5.93394,2.03,2.78
2012.08.20 10:20:02.802,5.93276,5.93393,2.03,1.50
2012.08.20 10:20:03.146,5.93289,5.93392,2.03,1.73
2012.08.20 10:20:03.268,5.93257,5.93377,2.03,3.00
2012.08.20 10:20:03.544,5.9325,5.93359,2.03,2.03
2012.08.20 10:20:04.067,5.93239,5.93345,2.03,2.03
2012.08.20 10:20:05.525,5.93239,5.93345,2.03,3.53
2012.08.20 10:20:05.759,5.93223,5.93329,2.03,2.25
2012.08.20 10:20:05.883,5.93223,5.93329,2.25,2.78
2012.08.20 10:20:06.119,5.93183,5.93286,2.03,2.03
2012.08.20 10:20:06.239,5.93213,5.9331,2.03,2.25
2012.08.20 10:20:07.958,5.93213,5.93319,2.03,2.03
2012.08.20 10:20:08.312,5.93232,5.93335,2.03,2.03
2012.08.20 10:20:08.659,5.93226,5.9333,2.03,3.00
2012.08.20 10:20:08.722,5.93202,5.93295,2.03,2.03
2012.08.20 10:20:08.841,5.9319,5.93295,2.03,2.03
2012.08.20 10:20:08.962,5.9319,5.93295,2.03,2.40
2012.08.20 10:20:09.263,5.9319,5.93295,2.03,2.63
2012.08.20 10:20:10.198,5.93205,5.93309,2.03,2.25
2012.08.20 10:20:10.260,5.93205,5.93309,2.25,2.03
2012.08.20 10:20:10.379,5.93223,5.93328,2.03,2.03
2012.08.20 10:20:10.499,5.93244,5.93343,2.03,2.81
2012.08.20 10:20:10.973,5.93222,5.93294,2.03,2.25
2012.08.20 10:20:11.038,5.93189,5.93294,2.03,2.25
2012.08.20 10:20:11.161,5.93189,5.93294,2.25,2.03
2012.08.20 10:20:11.506,5.93251,5.93317,2.03,3.00
2012.08.20 10:20:11.683,5.93203,5.93306,2.03,3.00
2012.08.20 10:20:12.117,5.93204,5.93306,1.50,2.25
2012.08.20 10:20:12.261,5.93259,5.93362,2.03,1.73
2012.08.20 10:20:14.058,5.9328,5.93383,2.03,2.25
2012.08.20 10:20:14.217,5.9328,5.93383,2.03,2.03
2012.08.20 10:20:14.745,5.9328,5.93383,2.03,2.78
2012.08.20 10:20:16.031,5.9328,5.93383,2.03,2.03
2012.08.20 10:20:17.063,5.9328,5.93383,2.03,2.78
2012.08.20 10:20:17.365,5.9328,5.93383,2.03,2.78
2012.08.20 10:20:17.707,5.9328,5.93382,2.03,1.35
2012.08.20 10:20:17.769,5.9326,5.93364,2.03,2.25
2012.08.20 10:20:20.341,5.9328,5.93383,2.03,2.25
2012.08.20 10:20:20.460,5.93265,5.93369,2.03,2.25
2012.08.20 10:20:21.876,5.93246,5.9335,2.03,2.03
2012.08.20 10:20:21.995,5.93246,5.93339,2.03,1.50
2012.08.20 10:20:22.228,5.93228,5.93334,2.03,3.00
2012.08.20 10:20:24.067,5.93213,5.93319,2.03,2.03
2012.08.20 10:20:26.876,5.93213,5.93319,2.03,2.78
2012.08.20 10:20:26.938,5.93197,5.93301,2.03,2.03
2012.08.20 10:20:27.137,5.93197,5.93301,2.03,2.25
2012.08.20 10:20:28.383,5.93193,5.93318,2.03,3.00
2012.08.20 10:20:28.896,5.932,5.93333,2.03,1.73
2012.08.20 10:20:29.127,5.932,5.93333,2.03,1.73
2012.08.20 10:20:29.433,5.93185,5.93333,2.25,1.73
2012.08.20 10:20:30.612,5.932,5.93333,2.03,1.73
2012.08.20 10:20:32.617,5.93177,5.93339,2.25,3.00
2012.08.20 10:20:32.956,5.93177,5.93339,2.25,3.00
2012.08.20 10:20:33.411,5.93177,5.93334,2.25,1.73
2012.08.20 10:20:33.530,5.93152,5.93316,2.25,3.00
2012.08.20 10:20:34.383,5.93152,5.93316,2.25,3.00
2012.08.20 10:20:34.502,5.93168,5.93323,2.03,2.81
2012.08.20 10:20:35.891,5.93171,5.93302,2.03,3.00
2012.08.20 10:20:36.291,5.93163,5.93288,2.03,2.03
2012.08.20 10:20:36.436,5.93163,5.93288,2.03,2.78
2012.08.20 10:20:38.442,5.93163,5.93288,2.03,2.03
2012.08.20 10:20:38.561,5.93163,5.93288,2.40,2.03
2012.08.20 10:20:38.908,5.93229,5.93333,2.03,3.00
2012.08.20 10:20:41.293,5.93244,5.93343,2.03,2.06
2012.08.20 10:20:41.526,5.93223,5.93328,2.03,2.63
2012.08.20 10:20:42.505,5.93244,5.93348,2.03,2.63
2012.08.20 10:20:46.489,5.93221,5.93325,2.03,2.25
2012.08.20 10:20:46.606,5.93219,5.93325,2.03,2.25
2012.08.20 10:20:47.118,5.93238,5.93347,2.03,5.03
2012.08.20 10:20:48.406,5.93238,5.93347,2.03,3.00
2012.08.20 10:20:48.523,5.93221,5.93325,2.03,3.00
2012.08.20 10:21:00.935,5.93221,5.93325,2.03,2.25
2012.08.20 10:21:00.998,5.9325,5.93349,2.03,1.73
2012.08.20 10:21:01.408,5.9325,5.93349,2.03,1.73
2012.08.20 10:21:01.640,5.93265,5.93362,2.03,2.06
2012.08.20 10:21:01.702,5.93265,5.93362,2.03,1.83
2012.08.20 10:21:01.828,5.93265,5.93371,2.03,2.03
2012.08.20 10:21:06.615,5.93289,5.93393,2.03,3.00
2012.08.20 10:21:07.450,5.93289,5.93342,2.03,1.83
2012.08.20 10:21:07.515,5.93206,5.93309,2.03,2.03
2012.08.20 10:21:07.634,5.93211,5.93315,2.03,2.03
2012.08.20 10:21:08.874,5.93225,5.93331,2.03,2.03
2012.08.20 10:21:13.083,5.93241,5.93342,2.03,2.06
2012.08.20 10:21:13.393,5.93241,5.93342,2.03,2.81
2012.08.20 10:21:13.534,5.93227,5.9333,2.03,2.40
2012.08.20 10:21:14.577,5.93227,5.9333,2.03,2.78
2012.08.20 10:21:14.999,5.93227,5.9333,2.03,2.03
2012.08.20 10:21:15.312,5.93247,5.93342,2.03,2.06
2012.08.20 10:21:16.080,5.93247,5.93353,2.03,2.03
2012.08.20 10:21:16.142,5.93265,5.93362,2.03,2.06
2012.08.20 10:21:16.499,5.93284,5.93378,2.03,1.35
2012.08.20 10:21:17.114,5.93284,5.93387,2.03,2.63
2012.08.20 10:21:22.309,5.93284,5.93387,2.03,3.00
2012.08.20 10:21:22.454,5.93266,5.9337,2.03,2.03
2012.08.20 10:21:23.529,5.93266,5.9337,2.03,2.78
2012.08.20 10:21:23.974,5.93243,5.93348,2.03,2.03
2012.08.20 10:21:24.151,5.93243,5.93348,2.03,2.78
2012.08.20 10:21:24.328,5.93222,5.93327,2.03,2.03
2012.08.20 10:21:27.476,5.93236,5.93342,2.03,2.40
2012.08.20 10:21:27.957,5.93236,5.93342,2.03,2.78
2012.08.20 10:21:28.020,5.93214,5.9332,2.25,2.03
2012.08.20 10:21:28.081,5.93214,5.9332,2.03,2.03
2012.08.20 10:21:30.808,5.93214,5.9332,2.03,2.40
2012.08.20 10:21:31.667,5.93214,5.9332,2.03,2.03
2012.08.20 10:21:40.199,5.9323,5.93334,2.03,2.25
2012.08.20 10:21:40.666,5.9323,5.93334,2.03,2.03
2012.08.20 10:21:40.785,5.9325,5.93355,2.03,2.63
2012.08.20 10:21:41.813,5.9325,5.93355,2.03,3.00
2012.08.20 10:21:41.933,5.93206,5.93312,2.03,2.03
2012.08.20 10:21:52.720,5.93206,5.93312,2.40,2.03
2012.08.20 10:21:53.067,5.93264,5.93369,2.03,3.00
2012.08.20 10:22:02.478,5.93264,5.93369,2.03,3.00
2012.08.20 10:22:02.674,5.93249,5.93353,2.03,3.00
2012.08.20 10:22:14.283,5.93249,5.93353,2.03,3.00
2012.08.20 10:22:14.459,5.93219,5.93324,2.03,2.78
2012.08.20 10:22:14.800,5.93219,5.93324,2.03,3.00
2012.08.20 10:22:14.863,5.93198,5.93301,2.03,2.03
2012.08.20 10:22:17.337,5.93221,5.93324,2.03,3.00
2012.08.20 10:22:17.640,5.93243,5.93342,2.03,2.81
2012.08.20 10:22:20.512,5.93224,5.93327,2.03,3.00
2012.08.20 10:22:24.379,5.93224,5.93293,2.03,2.58
2012.08.20 10:22:24.726,5.9319,5.93293,2.03,2.81
2012.08.20 10:22:24.789,5.9319,5.93293,2.03,2.81
2012.08.20 10:22:24.851,5.93166,5.93272,2.03,2.03
2012.08.20 10:22:24.983,5.93193,5.93293,2.03,2.81
2012.08.20 10:22:25.292,5.93212,5.93293,2.03,2.81
2012.08.20 10:22:26.066,5.93188,5.93269,2.03,2.03
2012.08.20 10:22:26.132,5.93165,5.93269,2.03,2.03
2012.08.20 10:22:26.195,5.93165,5.93269,2.03,2.25
2012.08.20 10:22:29.372,5.93165,5.93269,2.03,3.00
2012.08.20 10:22:29.546,5.93141,5.93239,2.03,2.03
2012.08.20 10:22:29.608,5.93136,5.93239,2.03,2.03
2012.08.20 10:22:29.671,5.93136,5.93239,2.03,3.00
2012.08.20 10:22:29.958,5.93119,5.93222,2.03,2.25
2012.08.20 10:22:30.019,5.93119,5.93222,2.03,2.25
2012.08.20 10:22:30.303,5.93073,5.93143,2.03,1.83
2012.08.20 10:22:31.292,5.93086,5.93143,2.03,1.83
2012.08.20 10:22:34.269,5.93086,5.93163,2.03,1.83
2012.08.20 10:22:34.948,5.93086,5.93143,2.03,1.83
2012.08.20 10:22:35.375,5.93072,5.93143,2.03,1.83
2012.08.20 10:22:42.302,5.93072,5.93177,2.03,2.03
2012.08.20 10:22:42.477,5.93086,5.93177,2.03,2.03
2012.08.20 10:22:42.595,5.9311,5.93214,2.03,2.25
2012.08.20 10:22:45.671,5.93149,5.93238,2.03,2.25
2012.08.20 10:22:47.590,5.93124,5.93227,2.03,2.25
2012.08.20 10:22:57.741,5.93124,5.93227,2.03,2.03
2012.08.20 10:22:57.859,5.93108,5.93211,2.03,2.03
2012.08.20 10:22:58.203,5.93173,5.93234,2.03,2.06
2012.08.20 10:22:58.265,5.93173,5.93262,2.03,2.06
2012.08.20 10:23:00.488,5.9315,5.93255,2.03,2.25
2012.08.20 10:23:01.149,5.93149,5.93255,2.03,2.25
2012.08.20 10:23:02.678,5.93149,5.93255,2.03,2.03
2012.08.20 10:23:02.799,5.93154,5.9326,2.03,2.03
2012.08.20 10:23:03.593,5.93154,5.9326,2.03,2.25
2012.08.20 10:23:03.712,5.9312,5.93224,2.03,2.03
2012.08.20 10:23:04.385,5.93135,5.93238,2.03,2.25
2012.08.20 10:23:07.290,5.93153,5.93163,2.03,1.83
2012.08.20 10:23:07.465,5.93118,5.93163,2.03,1.83
2012.08.20 10:23:08.991,5.93104,5.93163,2.03,1.83
2012.08.20 10:23:09.709,5.93104,5.93209,2.03,2.03
2012.08.20 10:23:09.772,5.93088,5.93193,2.03,2.03
2012.08.20 10:23:09.890,5.93107,5.93213,2.03,2.03
2012.08.20 10:23:10.202,5.93127,5.93223,2.03,1.83
2012.08.20 10:23:22.301,5.93109,5.93214,2.03,2.03
2012.08.20 10:23:22.903,5.93109,5.93214,2.03,2.25
2012.08.20 10:23:24.613,5.93109,5.93214,2.03,2.25
2012.08.20 10:23:24.745,5.93128,5.93223,2.03,2.06
2012.08.20 10:23:27.784,5.93149,5.93223,2.03,2.06
2012.08.20 10:23:29.714,5.93135,5.93223,2.03,2.06
2012.08.20 10:23:33.620,5.9315,5.93223,2.03,2.06
2012.08.20 10:23:47.570,5.93133,5.93223,2.03,2.06
2012.08.20 10:23:50.108,5.93118,5.93223,2.03,4.08
2012.08.20 10:23:51.724,5.93134,5.93223,2.03,2.06
2012.08.20 10:23:59.182,5.9314,5.93223,2.03,2.06
2012.08.20 10:24:04.759,5.93117,5.93221,2.03,2.25
2012.08.20 10:24:06.722,5.93132,5.93223,2.03,2.06
2012.08.20 10:24:09.089,5.93132,5.93223,2.03,2.06
2012.08.20 10:24:09.266,5.93087,5.9319,2.03,2.25
2012.08.20 10:24:10.148,5.93072,5.93175,2.03,2.03
2012.08.20 10:24:11.242,5.93124,5.93193,2.03,1.83
2012.08.20 10:24:12.271,5.9314,5.93193,2.03,1.83
2012.08.20 10:24:12.971,5.93119,5.93193,2.03,1.83
2012.08.20 10:24:15.023,5.93119,5.93193,2.03,2.06
2012.08.20 10:24:15.254,5.93084,5.93187,2.03,2.25
2012.08.20 10:24:15.316,5.93076,5.9318,2.03,2.03
2012.08.20 10:24:21.967,5.93099,5.93193,2.03,2.06
2012.08.20 10:24:22.491,5.93114,5.93193,2.03,1.83
2012.08.20 10:24:23.022,5.93141,5.93223,2.03,2.06
2012.08.20 10:24:24.218,5.93124,5.93223,2.03,2.06
2012.08.20 10:24:24.457,5.93124,5.93223,2.03,2.06
2012.08.20 10:24:25.033,5.93085,5.93191,2.03,2.25
2012.08.20 10:24:27.715,5.93072,5.93175,2.03,2.03
2012.08.20 10:24:28.267,5.93091,5.93192,2.03,2.06
2012.08.20 10:24:28.467,5.93091,5.93192,2.03,1.83
2012.08.20 10:24:28.761,5.93106,5.93192,2.03,1.83
2012.08.20 10:24:29.110,5.93085,5.9319,2.03,2.03
2012.08.20 10:24:30.560,5.93085,5.9319,2.03,2.25
2012.08.20 10:24:31.467,5.93066,5.93172,2.03,2.03
2012.08.20 10:24:32.530,5.93066,5.93172,2.03,2.25
2012.08.20 10:24:38.320,5.93066,5.93172,2.78,2.25
2012.08.20 10:24:38.660,5.93128,5.9319,1.09,2.25
2012.08.20 10:24:41.579,5.93127,5.9319,1.28,2.25
2012.08.20 10:24:41.880,5.93127,5.9326,1.28,1.80
2012.08.20 10:24:41.941,5.93127,5.93192,1.28,2.03
2012.08.20 10:24:42.265,5.93127,5.93185,1.28,2.03
2012.08.20 10:24:42.562,5.93079,5.93185,2.03,2.03
2012.08.20 10:24:42.698,5.93128,5.93185,1.01,2.03
2012.08.20 10:24:43.000,5.93079,5.93185,2.78,2.03
2012.08.20 10:24:43.688,5.93079,5.93185,2.03,2.03
2012.08.20 10:24:43.923,5.93128,5.93185,1.28,2.03
2012.08.20 10:24:44.205,5.93079,5.93185,2.03,2.03
2012.08.20 10:24:44.898,5.93079,5.93185,2.78,2.03
2012.08.20 10:24:44.959,5.93127,5.93185,1.12,2.03
2012.08.20 10:24:45.290,5.93079,5.93185,2.03,2.03
2012.08.20 10:24:45.998,5.93079,5.93185,2.78,2.03
2012.08.20 10:24:46.060,5.93127,5.93185,1.07,2.03
2012.08.20 10:24:46.334,5.93079,5.93185,2.78,2.03
2012.08.20 10:24:47.073,5.93128,5.93185,1.18,2.03
2012.08.20 10:24:47.190,5.93128,5.932,1.18,2.03
2012.08.20 10:24:47.381,5.93094,5.932,2.03,2.03
2012.08.20 10:24:48.255,5.93118,5.932,1.07,2.03
2012.08.20 10:24:48.543,5.93094,5.932,2.03,2.03
2012.08.20 10:24:48.829,5.93071,5.93177,2.03,2.03
2012.08.20 10:24:49.213,5.93088,5.93194,2.03,2.03
2012.08.20 10:24:49.905,5.93127,5.93194,1.26,2.03
2012.08.20 10:24:50.559,5.93127,5.93209,1.26,2.03
2012.08.20 10:24:51.272,5.93118,5.93209,1.35,2.03
2012.08.20 10:24:51.557,5.93118,5.93191,1.35,2.03
2012.08.20 10:24:52.220,5.93086,5.93191,2.03,2.03
2012.08.20 10:24:55.863,5.93052,5.93156,2.03,2.03
2012.08.20 10:24:57.812,5.93083,5.9318,2.03,2.03
2012.08.20 10:24:57.874,5.93083,5.93186,2.03,2.03
2012.08.20 10:24:59.612,5.93067,5.93173,2.03,2.03
2012.08.20 10:25:01.740,5.93083,5.93186,2.03,2.03
2012.08.20 10:25:13.936,5.93061,5.93167,2.03,2.03
2012.08.20 10:25:13.999,5.93061,5.93167,2.03,2.25
2012.08.20 10:25:14.685,5.9308,5.93186,2.03,2.25
2012.08.20 10:25:15.202,5.9308,5.93186,2.03,2.25
2012.08.20 10:25:19.542,5.9308,5.93186,2.03,3.00
2012.08.20 10:25:19.717,5.93047,5.93159,2.03,2.25
2012.08.20 10:25:20.176,5.93047,5.93159,2.03,3.00
2012.08.20 10:25:20.260,5.93024,5.93124,2.03,2.25
2012.08.20 10:25:20.716,5.93034,5.93143,2.03,2.25
2012.08.20 10:25:20.894,5.93034,5.93143,2.03,2.25
2012.08.20 10:25:24.220,5.93057,5.93161,2.03,2.25
2012.08.20 10:25:25.502,5.93038,5.93143,2.03,2.25
2012.08.20 10:25:26.064,5.93057,5.93161,2.03,2.25
2012.08.20 10:25:28.534,5.93057,5.93161,2.03,2.25
2012.08.20 10:25:34.669,5.93074,5.93163,2.03,2.06
2012.08.20 10:25:35.016,5.93096,5.93206,2.03,3.00
2012.08.20 10:25:37.275,5.93079,5.93184,2.03,2.25
2012.08.20 10:25:39.226,5.93056,5.93162,4.05,2.25
2012.08.20 10:25:39.689,5.93072,5.93178,2.03,2.25
2012.08.20 10:25:40.154,5.93064,5.93168,2.03,2.25
2012.08.20 10:25:40.394,5.93085,5.93188,2.03,2.25
2012.08.20 10:25:55.978,5.93085,5.93188,2.03,2.03
2012.08.20 10:25:56.153,5.93102,5.93208,2.03,2.03
2012.08.20 10:25:56.271,5.93118,5.93224,2.03,2.25
2012.08.20 10:25:56.618,5.9314,5.93245,2.03,2.25
2012.08.20 10:25:56.804,5.93122,5.93226,2.03,2.25
2012.08.20 10:25:56.867,5.93122,5.93212,2.03,2.06
2012.08.20 10:25:57.043,5.93098,5.93202,2.03,2.25
2012.08.20 10:25:59.215,5.931,5.93203,2.03,2.25
2012.08.20 10:25:59.743,5.93114,5.93212,2.03,2.06
2012.08.20 10:26:01.941,5.93129,5.93234,2.03,3.00
2012.08.20 10:26:03.069,5.93114,5.93217,2.40,2.25
2012.08.20 10:26:03.416,5.93128,5.93233,2.03,2.25
2012.08.20 10:26:03.646,5.93128,5.93233,2.03,2.25
2012.08.20 10:26:06.103,5.93149,5.93242,2.03,2.06
2012.08.20 10:26:07.638,5.93187,5.93242,2.03,2.06
2012.08.20 10:26:07.756,5.9318,5.93242,2.03,2.06
2012.08.20 10:26:07.930,5.9318,5.93242,2.03,1.83
2012.08.20 10:26:07.993,5.93195,5.93242,2.03,1.83
2012.08.20 10:26:08.111,5.9317,5.93242,2.03,1.83
2012.08.20 10:26:08.230,5.93188,5.93283,2.03,2.06
2012.08.20 10:26:08.349,5.93206,5.93283,2.03,2.06
2012.08.20 10:26:09.270,5.93206,5.93283,2.03,2.81
2012.08.20 10:26:09.617,5.93227,5.93318,2.03,1.73
2012.08.20 10:26:10.554,5.93242,5.93318,2.03,1.73
2012.08.20 10:26:10.680,5.93242,5.93318,2.25,1.50
2012.08.20 10:26:10.799,5.93242,5.93347,2.63,2.78
2012.08.20 10:26:10.919,5.93242,5.93347,2.63,2.03
2012.08.20 10:26:11.039,5.93267,5.9337,3.00,2.03
2012.08.20 10:26:11.413,5.9331,5.93394,2.03,2.03
2012.08.20 10:26:11.475,5.9331,5.93415,2.03,2.25
2012.08.20 10:26:14.995,5.93325,5.93431,2.03,3.00
2012.08.20 10:26:15.113,5.93311,5.93414,2.03,2.25
2012.08.20 10:26:15.871,5.93346,5.93437,2.03,1.35
2012.08.20 10:26:19.669,5.93329,5.93435,2.03,2.25
2012.08.20 10:26:22.209,5.9333,5.93435,2.03,2.25
2012.08.20 10:26:22.273,5.93353,5.93452,2.03,2.06
2012.08.20 10:26:22.335,5.93353,5.93452,2.03,2.06
2012.08.20 10:26:25.073,5.93353,5.93456,2.03,2.03
2012.08.20 10:26:25.136,5.93346,5.9345,2.03,2.03
2012.08.20 10:26:25.895,5.93369,5.93472,2.03,2.03
2012.08.20 10:26:31.670,5.93352,5.93457,2.03,2.03
2012.08.20 10:26:33.502,5.93338,5.93442,2.03,2.03
2012.08.20 10:26:37.642,5.93322,5.93427,3.00,2.03
2012.08.20 10:26:37.874,5.93336,5.93442,2.03,2.03
2012.08.20 10:26:39.514,5.9332,5.93422,1.73,2.03
2012.08.20 10:26:39.715,5.93352,5.93457,2.03,2.03
2012.08.20 10:26:40.724,5.93367,5.93471,2.03,2.03
2012.08.20 10:26:41.573,5.93367,5.93471,2.03,2.78
2012.08.20 10:26:41.824,5.93348,5.93451,2.03,2.03
2012.08.20 10:26:51.821,5.93369,5.93472,2.03,2.78
2012.08.20 10:26:52.266,5.93369,5.93472,2.03,2.78
2012.08.20 10:26:52.327,5.93369,5.93472,2.03,2.03
2012.08.20 10:26:53.014,5.93369,5.93472,2.03,2.78
2012.08.20 10:26:53.895,5.93369,5.93472,2.03,2.03
2012.08.20 10:27:01.561,5.93346,5.9345,2.03,2.03
2012.08.20 10:27:01.624,5.93364,5.93469,2.03,2.03
2012.08.20 10:27:04.955,5.93364,5.93422,2.03,2.06
2012.08.20 10:27:05.019,5.93349,5.93422,2.03,2.06
2012.08.20 10:27:05.137,5.93326,5.93407,2.03,2.25
2012.08.20 10:27:05.255,5.93301,5.93407,2.03,2.25
2012.08.20 10:27:05.485,5.93325,5.93422,2.03,2.06
2012.08.20 10:27:07.802,5.93325,5.93422,2.03,1.83
2012.08.20 10:27:07.865,5.93347,5.93422,2.03,1.83
2012.08.20 10:27:08.638,5.93347,5.93451,2.03,2.25
2012.08.20 10:27:16.638,5.93347,5.93451,2.03,2.03
2012.08.20 10:27:16.701,5.93359,5.93463,2.03,2.25
2012.08.20 10:27:17.086,5.93339,5.93445,2.03,2.03
2012.08.20 10:27:17.156,5.93339,5.93445,2.03,2.25
2012.08.20 10:27:21.887,5.93359,5.93463,2.03,2.25
2012.08.20 10:27:25.428,5.9334,5.93445,2.03,2.25
2012.08.20 10:27:25.947,5.9334,5.93445,2.03,2.03
2012.08.20 10:27:26.010,5.93356,5.93462,2.03,2.25
2012.08.20 10:27:40.927,5.93371,5.93477,2.03,2.25
2012.08.20 10:27:56.912,5.9339,5.93493,2.03,3.00
2012.08.20 10:27:57.928,5.9339,5.93493,2.03,2.25
2012.08.20 10:28:08.684,5.93368,5.93471,2.03,2.03
2012.08.20 10:28:10.853,5.93368,5.93467,2.03,2.03
2012.08.20 10:28:10.917,5.9334,5.93443,2.03,2.03
2012.08.20 10:28:11.322,5.93318,5.93423,2.25,2.03
2012.08.20 10:28:14.150,5.93332,5.93438,2.03,2.03
2012.08.20 10:28:34.270,5.93328,5.93434,2.03,2.03
2012.08.20 10:28:36.673,5.93348,5.93453,2.03,2.63
2012.08.20 10:28:37.607,5.93363,5.93463,2.03,1.73
2012.08.20 10:28:38.118,5.93363,5.93467,2.03,3.00
2012.08.20 10:28:41.223,5.93363,5.9345,2.03,1.13
2012.08.20 10:28:41.286,5.93341,5.93447,2.03,2.78
2012.08.20 10:28:41.351,5.93328,5.93431,2.03,2.78
2012.08.20 10:28:41.471,5.93311,5.93417,2.03,2.03
2012.08.20 10:28:41.590,5.93311,5.93417,2.03,2.78
2012.08.20 10:28:41.823,5.93288,5.93392,2.03,2.78
2012.08.20 10:28:44.086,5.93304,5.93403,2.03,1.35
2012.08.20 10:28:44.361,5.93286,5.9339,2.03,2.78
2012.08.20 10:28:44.537,5.93286,5.9339,2.03,2.78
2012.08.20 10:28:44.769,5.93263,5.93366,2.03,1.35
2012.08.20 10:28:44.888,5.93241,5.93345,2.03,2.78
2012.08.20 10:28:45.075,5.93262,5.93365,2.03,3.00
2012.08.20 10:28:45.139,5.93262,5.93365,2.03,3.00
2012.08.20 10:28:45.500,5.93283,5.93378,2.03,1.35
2012.08.20 10:28:46.109,5.93265,5.93371,2.03,3.00
2012.08.20 10:28:46.227,5.93265,5.93371,2.03,3.00
2012.08.20 10:28:47.870,5.9328,5.93378,2.03,1.35
2012.08.20 10:28:48.197,5.93237,5.93341,2.03,2.25
2012.08.20 10:28:48.542,5.9326,5.93353,2.03,1.73
2012.08.20 10:28:49.179,5.9326,5.93364,2.03,3.00
2012.08.20 10:28:49.412,5.93272,5.93364,2.03,2.25
2012.08.20 10:28:49.476,5.93272,5.93364,2.03,2.03
2012.08.20 10:28:49.539,5.93295,5.93399,2.03,2.25
2012.08.20 10:28:51.805,5.93295,5.93399,2.03,3.00
2012.08.20 10:28:52.448,5.93295,5.93399,2.03,2.25
2012.08.20 10:28:54.885,5.93295,5.93399,2.03,2.03
2012.08.20 10:28:54.947,5.93318,5.93422,2.03,4.28
2012.08.20 10:28:55.545,5.93318,5.93422,2.03,3.38
2012.08.20 10:28:55.608,5.93295,5.93398,2.03,2.03
2012.08.20 10:28:55.868,5.93295,5.93398,2.03,2.78
2012.08.20 10:28:56.207,5.93295,5.93398,2.03,2.78
2012.08.20 10:28:56.837,5.93295,5.93397,2.03,1.35
2012.08.20 10:28:56.899,5.93272,5.93376,2.03,2.03
2012.08.20 10:28:58.882,5.93293,5.93397,2.03,2.63
2012.08.20 10:29:02.686,5.93269,5.93373,4.05,2.25
2012.08.20 10:29:02.804,5.9325,5.93356,2.03,2.25
2012.08.20 10:29:03.317,5.93265,5.9337,2.03,2.25
2012.08.20 10:29:04.737,5.93251,5.93355,2.03,2.25
2012.08.20 10:29:05.872,5.93229,5.93335,2.03,2.25
2012.08.20 10:29:17.162,5.93244,5.93349,2.03,2.25
2012.08.20 10:29:33.978,5.93271,5.93371,2.03,2.25
2012.08.20 10:29:34.416,5.93249,5.93355,2.03,2.25
2012.08.20 10:29:38.842,5.93227,5.93331,2.03,2.03
2012.08.20 10:29:40.479,5.93247,5.93351,2.03,2.25
2012.08.20 10:29:43.120,5.93267,5.93372,2.03,2.25
2012.08.20 10:29:44.981,5.93248,5.93351,2.03,2.25
2012.08.20 10:29:57.968,5.93262,5.93366,2.03,2.25
2012.08.20 10:29:58.199,5.93262,5.93366,2.03,2.03
2012.08.20 10:29:58.488,5.9328,5.93385,2.03,2.25
2012.08.20 10:29:58.972,5.93318,5.93421,2.03,2.25
2012.08.20 10:29:59.557,5.93303,5.93407,2.03,2.25
2012.08.20 10:29:59.869,5.93282,5.93388,2.03,2.25
2012.08.20 10:30:00.571,5.93268,5.93373,2.03,2.03
2012.08.20 10:30:00.746,5.93268,5.93373,2.03,2.25
2012.08.20 10:30:01.443,5.93268,5.93373,2.03,2.03
2012.08.20 10:30:01.506,5.93289,5.93395,2.03,2.25
2012.08.20 10:30:01.980,5.93304,5.93409,2.03,2.25
2012.08.20 10:30:02.331,5.93284,5.93389,2.03,2.03
2012.08.20 10:30:02.952,5.93284,5.93389,2.03,2.25
2012.08.20 10:30:03.515,5.93268,5.93374,2.03,2.25
2012.08.20 10:30:08.202,5.9329,5.93394,2.03,2.25
2012.08.20 10:30:09.675,5.9327,5.93374,2.03,2.25
2012.08.20 10:30:10.565,5.93289,5.93395,2.03,2.25
2012.08.20 10:30:10.756,5.93289,5.93395,2.03,2.25
2012.08.20 10:30:16.545,5.9331,5.93414,2.03,2.25
2012.08.20 10:30:16.662,5.9331,5.93414,2.03,2.25
2012.08.20 10:30:17.177,5.9329,5.93396,2.03,2.03
2012.08.20 10:30:17.239,5.9329,5.93396,2.03,2.25
2012.08.20 10:30:20.341,5.93307,5.93411,2.03,2.25
2012.08.20 10:30:20.573,5.93307,5.93411,2.03,2.25
2012.08.20 10:30:21.479,5.9329,5.93396,2.03,2.03
2012.08.20 10:30:21.766,5.9329,5.93396,2.03,2.25
2012.08.20 10:30:22.056,5.93268,5.93371,2.03,2.03
2012.08.20 10:30:22.176,5.93246,5.9335,2.03,2.03
2012.08.20 10:30:22.518,5.93266,5.93372,2.03,2.25
2012.08.20 10:30:23.436,5.93246,5.93352,2.03,2.03
2012.08.20 10:30:33.349,5.93263,5.93367,2.03,2.03
2012.08.20 10:30:33.692,5.93299,5.93403,2.03,2.06
2012.08.20 10:30:34.784,5.93283,5.93387,2.03,2.25
2012.08.20 10:30:35.070,5.93263,5.93368,2.03,2.03
2012.08.20 10:30:36.263,5.9328,5.93385,2.03,2.25
2012.08.20 10:30:39.680,5.93304,5.93385,2.03,2.25
2012.08.20 10:30:40.090,5.93327,5.93422,2.03,2.06
2012.08.20 10:30:41.684,5.93312,5.93422,2.03,2.06
2012.08.20 10:30:43.749,5.93312,5.93422,2.03,2.06
2012.08.20 10:30:43.811,5.93336,5.93422,2.03,2.06
2012.08.20 10:30:44.157,5.93313,5.93426,2.03,2.25
2012.08.20 10:30:44.275,5.93332,5.93439,2.03,3.00
2012.08.20 10:30:44.760,5.93332,5.93439,2.03,3.00
2012.08.20 10:30:46.115,5.93312,5.93425,2.03,2.25
2012.08.20 10:30:50.551,5.93312,5.93425,2.03,2.25
2012.08.20 10:30:50.989,5.93335,5.93441,2.03,2.25
2012.08.20 10:30:51.052,5.93313,5.93419,2.03,2.25
2012.08.20 10:30:51.226,5.93313,5.93419,2.03,2.25
2012.08.20 10:30:53.390,5.93292,5.93396,2.03,2.25
2012.08.20 10:30:57.453,5.93313,5.93416,2.03,2.25
2012.08.20 10:30:57.977,5.93334,5.93439,2.03,4.28
2012.08.20 10:30:58.096,5.93334,5.93439,2.03,2.25
2012.08.20 10:30:59.617,5.93314,5.93417,2.03,2.25
2012.08.20 10:31:02.476,5.93314,5.93417,2.03,2.25
2012.08.20 10:31:08.891,5.93314,5.93417,2.03,2.25
2012.08.20 10:31:08.954,5.93335,5.93438,2.03,2.25
2012.08.20 10:31:11.292,5.93314,5.93417,2.03,2.25
2012.08.20 10:31:15.582,5.93333,5.93438,2.03,2.25
2012.08.20 10:31:16.786,5.9331,5.93416,4.05,2.25
2012.08.20 10:31:17.317,5.9331,5.93416,2.03,2.25
2012.08.20 10:31:20.789,5.93325,5.9343,2.03,2.25
2012.08.20 10:31:24.298,5.93343,5.93447,2.03,2.25
2012.08.20 10:31:26.417,5.93343,5.93447,2.03,2.03
2012.08.20 10:31:26.593,5.93391,5.93492,2.03,2.06
2012.08.20 10:31:26.713,5.93376,5.93482,2.03,2.25
2012.08.20 10:31:27.256,5.93363,5.93466,2.03,2.25
2012.08.20 10:31:32.581,5.93414,5.93492,2.03,2.06
2012.08.20 10:31:32.643,5.93414,5.93492,2.03,1.83
2012.08.20 10:31:33.333,5.93414,5.93518,2.03,2.25
2012.08.20 10:31:37.136,5.93414,5.93518,2.03,2.85
2012.08.20 10:31:37.199,5.93414,5.93492,2.03,1.35
2012.08.20 10:31:37.545,5.93278,5.93404,2.78,2.25
2012.08.20 10:31:37.608,5.93278,5.93404,2.03,2.25
2012.08.20 10:31:42.095,5.93298,5.93391,2.03,2.03
2012.08.20 10:31:42.215,5.93264,5.93367,2.03,2.03
2012.08.20 10:31:42.486,5.93264,5.93367,2.03,2.25
2012.08.20 10:31:42.961,5.93245,5.93351,2.03,2.03
2012.08.20 10:31:47.382,5.93265,5.9337,2.03,2.25
2012.08.20 10:31:48.523,5.93287,5.93373,2.03,2.06
2012.08.20 10:31:48.699,5.93287,5.93391,2.03,3.00
2012.08.20 10:31:48.762,5.93303,5.93407,2.03,3.00
2012.08.20 10:31:49.200,5.93282,5.93386,2.03,2.25
2012.08.20 10:31:50.043,5.93301,5.93404,2.03,2.25
2012.08.20 10:31:55.242,5.93317,5.93422,2.03,2.06
2012.08.20 10:31:55.304,5.93317,5.93422,2.03,2.06
2012.08.20 10:31:57.748,5.93337,5.93422,2.03,2.06
2012.08.20 10:31:58.181,5.93354,5.93422,2.03,2.06
2012.08.20 10:31:58.524,5.93369,5.93453,2.03,2.06
2012.08.20 10:31:58.643,5.93369,5.93453,2.03,2.06
2012.08.20 10:31:58.763,5.93386,5.93453,2.03,2.06
2012.08.20 10:31:59.289,5.93363,5.93472,2.03,2.06
2012.08.20 10:31:59.522,5.9334,5.93433,2.03,2.25
2012.08.20 10:31:59.584,5.93326,5.93433,2.03,2.25
2012.08.20 10:31:59.647,5.93306,5.93416,2.03,2.25
2012.08.20 10:32:01.250,5.9332,5.93423,2.03,2.06
2012.08.20 10:32:06.940,5.93301,5.93408,2.03,2.25
2012.08.20 10:32:09.933,5.9332,5.93423,2.03,2.06
2012.08.20 10:32:10.050,5.9332,5.93423,2.03,2.06
2012.08.20 10:32:11.298,5.933,5.93415,2.03,2.25
2012.08.20 10:32:11.361,5.933,5.93415,2.03,2.25
2012.08.20 10:32:12.796,5.93317,5.93423,2.03,2.06
2012.08.20 10:32:13.025,5.93347,5.93423,2.03,1.83
2012.08.20 10:32:13.143,5.93347,5.93453,2.03,2.06
2012.08.20 10:32:13.317,5.93367,5.93453,2.03,2.06
2012.08.20 10:32:18.801,5.9335,5.93453,2.03,2.06
2012.08.20 10:32:21.693,5.9335,5.93453,2.03,1.83
2012.08.20 10:32:21.755,5.93368,5.93453,2.03,1.83
2012.08.20 10:32:21.929,5.93368,5.93479,2.03,2.25
2012.08.20 10:32:22.178,5.93382,5.93493,2.03,2.06
2012.08.20 10:32:22.297,5.93399,5.93493,2.03,2.06
2012.08.20 10:32:22.625,5.93381,5.93493,2.03,2.06
2012.08.20 10:32:25.005,5.93397,5.93493,2.03,2.06
2012.08.20 10:32:25.123,5.93397,5.9351,2.03,2.03
2012.08.20 10:32:25.352,5.93419,5.93522,2.03,2.06
2012.08.20 10:32:25.721,5.93433,5.93522,2.03,2.06
2012.08.20 10:32:30.135,5.93419,5.93522,2.03,2.06
2012.08.20 10:32:30.998,5.93419,5.93522,2.03,1.83
2012.08.20 10:32:31.172,5.93419,5.9353,2.03,2.03
2012.08.20 10:32:31.235,5.93434,5.93545,2.03,2.25
2012.08.20 10:32:31.577,5.93468,5.93572,2.03,2.06
2012.08.20 10:32:33.327,5.93455,5.93565,2.03,2.25
2012.08.20 10:32:34.830,5.93455,5.93565,2.03,2.25
2012.08.20 10:32:35.061,5.93473,5.93581,2.03,2.03
2012.08.20 10:32:35.347,5.93501,5.93604,2.03,2.25
2012.08.20 10:32:35.716,5.93484,5.93592,2.03,2.25
2012.08.20 10:32:36.565,5.93466,5.93574,2.03,2.03
2012.08.20 10:32:38.037,5.9345,5.93564,2.03,2.25
2012.08.20 10:32:38.212,5.9345,5.93564,2.03,2.25
2012.08.20 10:32:38.274,5.9345,5.93564,2.03,2.25
2012.08.20 10:32:38.449,5.93424,5.93532,2.03,2.25
2012.08.20 10:32:39.895,5.93412,5.93516,2.03,2.03
2012.08.20 10:32:42.710,5.93439,5.93542,2.03,2.25
2012.08.20 10:32:42.772,5.93439,5.93542,2.03,2.03
2012.08.20 10:32:42.834,5.93457,5.93563,2.03,2.25
2012.08.20 10:32:43.238,5.93472,5.93577,2.03,2.25
2012.08.20 10:32:43.301,5.93472,5.93577,2.03,2.25
2012.08.20 10:32:44.302,5.93472,5.93577,2.03,2.25
2012.08.20 10:32:44.535,5.93456,5.9356,2.03,2.25
2012.08.20 10:32:44.598,5.93435,5.9354,2.03,2.03
2012.08.20 10:32:44.660,5.93435,5.9354,2.03,2.25
2012.08.20 10:32:45.421,5.93435,5.9354,2.03,2.03
2012.08.20 10:32:45.653,5.93454,5.93559,2.03,2.25
2012.08.20 10:32:45.772,5.93477,5.9358,2.03,2.03
2012.08.20 10:32:46.121,5.9349,5.93592,2.03,2.06
2012.08.20 10:32:46.714,5.93506,5.93609,2.03,2.25
2012.08.20 10:32:47.060,5.93484,5.93587,2.03,2.25
2012.08.20 10:32:48.026,5.93484,5.93587,2.03,2.03
2012.08.20 10:32:48.264,5.93506,5.93612,2.03,4.08
2012.08.20 10:32:48.723,5.93549,5.93612,2.03,1.83
2012.08.20 10:32:48.785,5.93549,5.93643,2.03,2.06
2012.08.20 10:32:49.576,5.93549,5.93643,2.03,2.81
2012.08.20 10:32:49.807,5.93525,5.93596,2.03,2.03
2012.08.20 10:32:50.179,5.93493,5.93596,2.03,2.03
2012.08.20 10:32:50.299,5.93503,5.93596,2.03,2.03
2012.08.20 10:32:50.641,5.93527,5.93631,2.03,2.25
2012.08.20 10:32:51.858,5.93507,5.93611,2.03,2.25
2012.08.20 10:32:55.839,5.93507,5.93611,2.25,2.03
2012.08.20 10:32:55.902,5.93524,5.93628,2.03,2.03
2012.08.20 10:32:56.243,5.93543,5.93647,2.03,2.03
2012.08.20 10:32:56.721,5.93543,5.93647,2.03,2.25
2012.08.20 10:32:56.954,5.93516,5.93621,2.03,2.03
2012.08.20 10:32:59.130,5.93516,5.93613,2.03,1.83
2012.08.20 10:32:59.195,5.93484,5.93588,2.03,2.03
2012.08.20 10:33:03.050,5.93502,5.93606,2.03,2.25
2012.08.20 10:33:03.574,5.93491,5.93595,2.03,2.25
2012.08.20 10:33:03.653,5.93517,5.93613,2.03,2.06
2012.08.20 10:33:04.064,5.93498,5.93602,2.03,2.25
2012.08.20 10:33:06.369,5.93513,5.93613,2.03,2.06
2012.08.20 10:33:06.430,5.93513,5.93613,2.03,1.83
2012.08.20 10:33:06.606,5.93497,5.93603,2.03,2.03
2012.08.20 10:33:06.724,5.93497,5.93603,2.03,2.25
2012.08.20 10:33:07.621,5.93497,5.93603,2.03,2.03
2012.08.20 10:33:07.885,5.93497,5.93601,2.03,2.03
2012.08.20 10:33:08.119,5.93536,5.93641,2.03,4.05
2012.08.20 10:33:11.070,5.93517,5.93623,2.03,2.03
2012.08.20 10:33:13.342,5.93517,5.93623,2.03,2.25
2012.08.20 10:33:13.551,5.93481,5.93585,2.03,2.03
2012.08.20 10:33:19.953,5.93463,5.93568,2.03,2.03
2012.08.20 10:33:20.023,5.93463,5.93568,2.03,2.25
2012.08.20 10:33:20.087,5.93463,5.93568,2.03,2.03
2012.08.20 10:33:20.265,5.93484,5.93589,2.03,2.03
2012.08.20 10:33:20.681,5.93465,5.9357,2.03,2.03
2012.08.20 10:33:20.801,5.93486,5.93592,2.03,2.25
2012.08.20 10:33:22.823,5.93472,5.93577,2.03,2.03
2012.08.20 10:33:25.301,5.93455,5.93559,2.25,2.03
2012.08.20 10:33:27.451,5.93477,5.93582,2.03,2.03
2012.08.20 10:33:33.229,5.93457,5.93562,2.25,2.03
2012.08.20 10:33:36.112,5.93471,5.93577,2.03,2.03
2012.08.20 10:33:41.403,5.93494,5.93599,2.03,2.25
2012.08.20 10:33:41.755,5.93473,5.93577,2.03,2.03
2012.08.20 10:33:49.449,5.93487,5.93593,2.03,2.63
2012.08.20 10:33:49.735,5.93507,5.936,2.03,2.78
2012.08.20 10:33:49.967,5.93486,5.93592,2.03,2.03
2012.08.20 10:33:51.073,5.93506,5.93611,2.03,2.03
2012.08.20 10:33:51.486,5.93525,5.93631,2.03,2.03
2012.08.20 10:33:52.919,5.93503,5.93606,4.05,2.03
2012.08.20 10:34:00.855,5.93522,5.93627,2.03,2.40
2012.08.20 10:34:01.264,5.93522,5.93627,2.03,2.78
2012.08.20 10:34:06.368,5.93522,5.93627,2.03,2.03
2012.08.20 10:34:07.395,5.93544,5.93632,2.03,2.21
2012.08.20 10:34:08.411,5.93544,5.93632,2.03,2.43
2012.08.20 10:34:08.658,5.93494,5.93608,2.03,2.78
2012.08.20 10:34:08.777,5.93494,5.93608,2.03,3.00
2012.08.20 10:34:09.100,5.93494,5.93608,2.03,3.00
2012.08.20 10:34:09.400,5.93473,5.93583,2.03,3.00
2012.08.20 10:34:11.504,5.9349,5.93593,2.03,3.00
2012.08.20 10:34:17.723,5.9349,5.93583,2.03,2.81
2012.08.20 10:34:17.900,5.93448,5.93553,2.03,3.00
2012.08.20 10:34:18.301,5.93422,5.93528,2.03,2.03
2012.08.20 10:34:18.363,5.93437,5.93542,2.03,3.00
2012.08.20 10:34:20.624,5.93437,5.93542,2.03,2.63
2012.08.20 10:34:32.345,5.93454,5.93557,2.03,3.00
2012.08.20 10:34:52.214,5.93443,5.93547,2.03,3.00
2012.08.20 10:34:52.989,5.93443,5.93547,2.03,2.78
2012.08.20 10:34:53.051,5.93466,5.93569,2.03,2.78
2012.08.20 10:34:53.283,5.93466,5.93569,2.03,2.78
2012.08.20 10:34:53.721,5.93466,5.93569,2.03,2.03
2012.08.20 10:34:53.897,5.93486,5.93581,2.03,1.73
2012.08.20 10:34:54.715,5.93486,5.93582,2.03,2.81
2012.08.20 10:34:54.777,5.93466,5.93569,2.03,2.40
2012.08.20 10:34:54.953,5.9343,5.93534,2.03,2.03
2012.08.20 10:34:55.519,5.93451,5.93557,2.03,2.40
2012.08.20 10:34:55.877,5.93471,5.93567,2.03,1.50
2012.08.20 10:34:57.748,5.93471,5.93575,2.03,3.00
2012.08.20 10:34:57.811,5.9349,5.93582,2.03,2.43
2012.08.20 10:35:24.015,5.9349,5.93582,2.03,2.21
2012.08.20 10:35:24.326,5.9349,5.93582,2.03,1.83
2012.08.20 10:35:25.182,5.93515,5.93582,2.03,1.83
2012.08.20 10:35:25.300,5.93515,5.93618,2.03,3.00
2012.08.20 10:35:25.635,5.93515,5.93618,2.03,3.00
2012.08.20 10:35:25.880,5.93494,5.93619,2.03,3.75
2012.08.20 10:35:27.672,5.93494,5.93619,2.03,3.75
2012.08.20 10:35:27.849,5.93529,5.93632,2.03,2.06
2012.08.20 10:35:27.969,5.93529,5.93633,2.03,2.25
2012.08.20 10:35:28.032,5.93551,5.93652,2.03,2.81
2012.08.20 10:35:28.207,5.93551,5.93652,2.03,2.81
2012.08.20 10:35:29.672,5.93551,5.93652,2.03,2.06
2012.08.20 10:35:32.654,5.93567,5.93671,2.03,2.25
2012.08.20 10:35:32.717,5.93567,5.93671,2.03,2.03
2012.08.20 10:35:32.780,5.93589,5.93692,2.03,3.00
2012.08.20 10:35:34.824,5.93565,5.9367,2.03,2.03
2012.08.20 10:35:35.389,5.93564,5.9367,2.03,2.03
2012.08.20 10:35:45.051,5.93584,5.93687,2.03,3.00
2012.08.20 10:35:45.114,5.93584,5.93687,2.03,2.25
2012.08.20 10:35:45.665,5.93609,5.93699,2.03,1.73
2012.08.20 10:35:52.912,5.93589,5.93699,2.03,1.73
2012.08.20 10:35:57.944,5.93589,5.93686,2.03,1.58
2012.08.20 10:35:58.235,5.93547,5.93652,2.03,2.78
2012.08.20 10:35:58.466,5.93526,5.93632,2.03,2.03
2012.08.20 10:36:16.051,5.93548,5.93651,2.03,2.03
2012.08.20 10:36:16.320,5.93575,5.9368,2.03,2.03
2012.08.20 10:36:18.209,5.9356,5.93664,2.03,2.03
2012.08.20 10:36:18.644,5.93575,5.93679,2.03,2.03
2012.08.20 10:36:19.448,5.93575,5.93679,2.03,2.40
2012.08.20 10:36:19.794,5.93575,5.93679,2.03,2.25
2012.08.20 10:36:20.183,5.93572,5.93676,2.03,2.03
2012.08.20 10:36:20.304,5.93599,5.93676,2.03,2.03
2012.08.20 10:36:20.650,5.93606,5.93703,2.03,2.81
2012.08.20 10:36:22.014,5.93606,5.93703,2.03,1.83
2012.08.20 10:36:26.037,5.93592,5.93697,2.03,2.03
2012.08.20 10:36:26.709,5.93577,5.93683,2.03,2.03
2012.08.20 10:36:27.568,5.93612,5.93703,2.03,1.83
2012.08.20 10:36:28.150,5.93633,5.93703,2.03,1.83
2012.08.20 10:36:28.212,5.93633,5.93739,2.03,2.78
2012.08.20 10:36:28.444,5.93633,5.93739,2.03,2.03
2012.08.20 10:36:28.621,5.93658,5.93752,2.03,2.06
2012.08.20 10:36:30.587,5.93641,5.93747,2.03,2.25
2012.08.20 10:36:31.947,5.93657,5.93752,2.03,2.06
2012.08.20 10:36:32.066,5.93634,5.93737,4.05,2.03
2012.08.20 10:36:38.041,5.93654,5.93752,2.03,2.06
2012.08.20 10:36:38.162,5.93654,5.93752,2.03,1.83
2012.08.20 10:36:38.225,5.93654,5.9376,2.03,2.03
2012.08.20 10:36:38.287,5.93676,5.93782,2.03,2.03
2012.08.20 10:36:39.446,5.93662,5.93766,2.03,2.03
2012.08.20 10:36:39.684,5.9364,5.93745,2.03,2.03
2012.08.20 10:36:39.747,5.93663,5.93767,2.03,3.00
2012.08.20 10:36:41.235,5.93663,5.93767,2.03,3.75
2012.08.20 10:36:41.629,5.93639,5.93737,2.03,2.03
2012.08.20 10:36:41.691,5.93631,5.93737,2.03,2.03
2012.08.20 10:36:48.622,5.93632,5.93737,2.03,2.03
2012.08.20 10:36:48.820,5.93655,5.93752,2.03,1.83
2012.08.20 10:36:48.892,5.93655,5.93759,2.03,2.03
2012.08.20 10:36:50.875,5.93678,5.93772,2.03,2.06
2012.08.20 10:36:52.556,5.93657,5.93761,2.03,2.03
2012.08.20 10:36:53.301,5.93642,5.93745,2.03,2.03
2012.08.20 10:36:54.062,5.93622,5.93726,2.03,2.03
2012.08.20 10:36:58.946,5.93622,5.93726,2.25,2.03
2012.08.20 10:36:59.009,5.93641,5.93744,2.25,2.03
2012.08.20 10:36:59.072,5.93641,5.93744,3.00,2.03
2012.08.20 10:36:59.328,5.93662,5.93767,2.03,2.03
2012.08.20 10:36:59.652,5.9368,5.93786,2.03,2.25
2012.08.20 10:36:59.974,5.9368,5.93786,2.03,3.00
2012.08.20 10:37:00.150,5.93662,5.93768,2.03,2.03
2012.08.20 10:37:00.214,5.93642,5.93745,2.25,2.03
2012.08.20 10:37:00.588,5.93642,5.93745,2.03,2.03
2012.08.20 10:37:05.564,5.93642,5.93745,2.03,2.25
2012.08.20 10:37:08.655,5.93619,5.93723,2.03,2.03
2012.08.20 10:37:09.238,5.93634,5.93738,2.03,2.25
2012.08.20 10:37:13.460,5.93652,5.93756,2.03,2.25
2012.08.20 10:37:13.691,5.9363,5.93734,2.03,2.25
2012.08.20 10:37:22.985,5.9363,5.93734,2.03,3.00
2012.08.20 10:37:23.334,5.93617,5.93702,2.03,2.81
2012.08.20 10:37:23.761,5.93601,5.93702,2.03,2.81
2012.08.20 10:37:23.889,5.93577,5.93678,2.03,2.25
2012.08.20 10:37:24.393,5.93596,5.93691,2.03,1.73
2012.08.20 10:37:24.626,5.93596,5.93701,2.03,2.63
2012.08.20 10:37:24.936,5.9362,5.93702,2.03,2.43
2012.08.20 10:37:25.605,5.93618,5.93702,2.03,2.06
2012.08.20 10:37:25.669,5.93618,5.93702,2.03,1.83
2012.08.20 10:37:25.731,5.93646,5.93746,2.03,3.00
2012.08.20 10:37:25.794,5.93646,5.93746,2.03,3.00
2012.08.20 10:37:26.435,5.93646,5.93725,2.03,1.73
2012.08.20 10:37:26.496,5.93625,5.93725,2.03,1.73
2012.08.20 10:37:26.727,5.93622,5.93709,2.03,2.25
2012.08.20 10:37:26.952,5.93624,5.93725,2.03,1.73
2012.08.20 10:37:30.037,5.93624,5.93728,2.03,3.00
2012.08.20 10:37:30.099,5.93645,5.93733,2.03,2.81
2012.08.20 10:37:34.758,5.93673,5.93752,2.03,2.06
2012.08.20 10:37:34.830,5.93673,5.93752,2.03,2.06
2012.08.20 10:37:34.933,5.93686,5.93752,2.03,2.06
2012.08.20 10:37:36.716,5.93668,5.93752,2.03,2.06
2012.08.20 10:37:38.804,5.93668,5.93752,2.03,2.81
2012.08.20 10:37:38.922,5.93655,5.93752,2.03,2.81
2012.08.20 10:37:46.206,5.93655,5.93752,2.03,2.06
2012.08.20 10:37:46.492,5.93677,5.93752,2.03,2.06
2012.08.20 10:37:46.725,5.93677,5.93775,2.03,1.73
2012.08.20 10:37:46.788,5.93677,5.93781,2.03,2.63
2012.08.20 10:37:46.908,5.93699,5.93782,2.03,2.63
2012.08.20 10:37:47.758,5.93699,5.9378,2.03,1.20
2012.08.20 10:37:47.822,5.93654,5.9376,2.03,3.00
2012.08.20 10:37:48.521,5.93655,5.93759,2.03,3.00
2012.08.20 10:37:55.995,5.93674,5.93773,2.03,2.81
2012.08.20 10:37:56.114,5.93696,5.93773,2.03,1.83
2012.08.20 10:37:56.232,5.93696,5.93791,2.03,1.73
2012.08.20 10:37:58.460,5.93716,5.93802,2.03,2.81
2012.08.20 10:37:58.750,5.93736,5.93837,2.03,1.73
2012.08.20 10:38:00.483,5.93755,5.93852,2.03,2.81
2012.08.20 10:38:00.602,5.93732,5.93838,2.03,3.00
2012.08.20 10:38:01.075,5.93732,5.93838,2.03,3.00
2012.08.20 10:38:03.388,5.93732,5.93838,2.03,2.25
2012.08.20 10:38:03.507,5.93754,5.93852,2.03,2.06
2012.08.20 10:38:03.570,5.93754,5.93852,2.03,1.83
2012.08.20 10:38:03.689,5.93754,5.93858,2.03,2.03
2012.08.20 10:38:04.165,5.93774,5.9388,2.03,3.00
2012.08.20 10:38:04.519,5.9379,5.93892,2.03,1.73
2012.08.20 10:38:04.582,5.93774,5.93878,2.03,2.63
2012.08.20 10:38:05.373,5.93774,5.93878,2.03,3.00
2012.08.20 10:38:05.436,5.93771,5.93875,2.03,3.00
2012.08.20 10:38:05.498,5.93771,5.93872,2.03,2.06
2012.08.20 10:38:05.738,5.9378,5.93885,2.03,3.00
2012.08.20 10:38:06.038,5.93796,5.93892,2.03,2.81
2012.08.20 10:38:06.758,5.93773,5.93876,2.03,2.25
2012.08.20 10:38:06.989,5.93811,5.93892,2.03,2.81
2012.08.20 10:38:08.305,5.93811,5.93892,2.03,2.58
2012.08.20 10:38:08.972,5.9379,5.93892,2.03,2.58
2012.08.20 10:38:09.786,5.93777,5.9388,2.03,2.03
2012.08.20 10:38:09.852,5.93777,5.9388,2.03,2.78
2012.08.20 10:38:09.974,5.93756,5.93862,2.03,2.03
2012.08.20 10:38:10.093,5.93734,5.93838,2.03,2.03
2012.08.20 10:38:12.433,5.93716,5.9382,2.25,2.03
2012.08.20 10:38:12.789,5.93716,5.9382,2.03,2.78
2012.08.20 10:38:14.760,5.93701,5.93805,2.03,2.03
2012.08.20 10:38:15.761,5.93701,5.93805,2.03,2.25
2012.08.20 10:38:16.795,5.93717,5.93823,2.03,3.00
2012.08.20 10:38:16.863,5.93717,5.93823,2.03,3.00
2012.08.20 10:38:17.038,5.93741,5.93843,2.03,2.06
2012.08.20 10:38:18.245,5.93718,5.93824,2.03,2.25
2012.08.20 10:38:18.365,5.93718,5.93824,2.03,3.00
2012.08.20 10:38:18.485,5.93696,5.93802,2.03,2.25
2012.08.20 10:38:18.793,5.93716,5.93813,2.03,1.73
2012.08.20 10:38:19.082,5.93731,5.93838,2.03,1.73
2012.08.20 10:38:19.496,5.93731,5.93838,2.03,1.50
2012.08.20 10:38:19.567,5.9377,5.93865,2.03,1.73
2012.08.20 10:38:19.630,5.9377,5.93865,2.03,1.73
2012.08.20 10:38:19.901,5.93786,5.93865,2.03,1.73
2012.08.20 10:38:20.743,5.93782,5.93888,2.03,3.00
2012.08.20 10:38:22.173,5.93782,5.93888,2.03,3.00
2012.08.20 10:38:23.671,5.93782,5.93888,2.03,3.00
2012.08.20 10:38:25.240,5.9376,5.93856,2.03,2.78
2012.08.20 10:38:25.303,5.93753,5.93856,2.03,2.78
2012.08.20 10:38:25.479,5.93753,5.93856,2.03,3.00
2012.08.20 10:38:25.542,5.93731,5.93835,2.03,2.25
2012.08.20 10:38:27.535,5.93754,5.93858,2.03,2.63
2012.08.20 10:38:28.355,5.93759,5.93858,2.03,2.63
2012.08.20 10:38:28.699,5.93782,5.93863,2.03,2.81
2012.08.20 10:38:30.033,5.93768,5.93863,2.03,2.81
2012.08.20 10:38:30.396,5.93748,5.93852,2.03,2.25
2012.08.20 10:38:30.515,5.93725,5.93823,2.03,2.25
2012.08.20 10:38:30.578,5.93725,5.93804,2.03,2.03
2012.08.20 10:38:30.640,5.93693,5.93804,2.03,2.03
2012.08.20 10:38:31.266,5.93677,5.93788,2.25,2.03
2012.08.20 10:38:32.272,5.93657,5.93773,1.73,2.03
2012.08.20 10:38:32.961,5.93656,5.93773,2.03,2.03
2012.08.20 10:38:34.666,5.93672,5.93785,2.03,2.25
2012.08.20 10:38:35.144,5.93657,5.93769,2.03,2.03
2012.08.20 10:38:35.453,5.93642,5.93755,2.25,2.03
2012.08.20 10:38:35.520,5.93642,5.93755,2.03,2.03
2012.08.20 10:38:35.587,5.93642,5.93754,2.03,2.25
2012.08.20 10:38:35.819,5.93619,5.9373,2.03,2.03
2012.08.20 10:38:35.939,5.93601,5.93713,2.03,2.03
2012.08.20 10:38:38.660,5.93621,5.93729,2.03,2.03
2012.08.20 10:38:42.418,5.93634,5.93747,2.03,2.25
2012.08.20 10:38:43.064,5.93639,5.93749,2.03,3.00
2012.08.20 10:38:51.759,5.93639,5.93749,2.03,3.00
2012.08.20 10:38:52.103,5.93617,5.93709,2.03,3.00
2012.08.20 10:38:52.448,5.93617,5.93677,2.03,2.03
2012.08.20 10:38:52.663,5.93575,5.93677,2.03,2.03
2012.08.20 10:38:52.838,5.93568,5.93677,2.03,2.03
2012.08.20 10:38:53.894,5.93587,5.93693,2.03,2.25
2012.08.20 10:38:54.240,5.93587,5.93693,2.25,2.03
2012.08.20 10:38:54.303,5.93595,5.93693,2.03,2.03
2012.08.20 10:38:54.365,5.93617,5.93722,2.03,3.86
2012.08.20 10:38:54.655,5.93639,5.93745,2.03,3.00
2012.08.20 10:39:05.910,5.93639,5.93709,2.03,1.50
2012.08.20 10:39:06.086,5.93558,5.93658,1.95,2.03
2012.08.20 10:39:06.148,5.93552,5.93658,2.03,2.25
2012.08.20 10:39:06.324,5.93598,5.9368,2.03,2.25
2012.08.20 10:39:06.444,5.93573,5.93676,2.40,2.25
2012.08.20 10:39:06.886,5.93597,5.9368,2.03,2.25
2012.08.20 10:39:06.957,5.93597,5.937,2.03,3.00
2012.08.20 10:39:08.341,5.93556,5.93662,2.03,2.40
2012.08.20 10:39:08.404,5.93556,5.93662,2.03,2.63
2012.08.20 10:39:08.917,5.93556,5.93662,2.03,3.00
2012.08.20 10:39:09.038,5.93523,5.93629,2.03,3.00
2012.08.20 10:39:09.272,5.93523,5.93629,2.25,2.03
2012.08.20 10:39:09.509,5.93604,5.93652,2.03,1.83
2012.08.20 10:39:09.573,5.93604,5.93691,2.03,1.13
2012.08.20 10:39:09.792,5.93604,5.93708,2.03,2.25
2012.08.20 10:39:11.251,5.93604,5.93708,2.03,2.25
2012.08.20 10:39:11.315,5.93586,5.93689,2.03,2.25
2012.08.20 10:39:11.549,5.93563,5.93667,2.03,2.03
2012.08.20 10:39:11.612,5.93548,5.93653,2.40,2.03
2012.08.20 10:39:12.720,5.93571,5.93677,2.03,2.25
2012.08.20 10:39:12.839,5.93554,5.93658,2.03,2.03
2012.08.20 10:39:13.583,5.93554,5.93658,2.78,2.03
2012.08.20 10:39:13.930,5.93583,5.93687,2.03,2.25
2012.08.20 10:39:14.451,5.93604,5.93708,2.03,2.25
2012.08.20 10:39:14.977,5.93604,5.93708,2.03,2.25
2012.08.20 10:39:15.208,5.93604,5.93708,2.03,2.03
2012.08.20 10:39:15.328,5.9365,5.93731,2.03,2.03
2012.08.20 10:39:15.391,5.93634,5.93733,2.03,2.06
2012.08.20 10:39:16.132,5.93634,5.93733,2.03,1.73
2012.08.20 10:39:16.254,5.93614,5.93717,2.03,2.03
2012.08.20 10:39:16.317,5.93598,5.93701,2.03,2.25
2012.08.20 10:39:16.638,5.93616,5.9372,2.03,3.00
2012.08.20 10:39:17.052,5.93602,5.93705,2.03,3.00
2012.08.20 10:39:17.971,5.93602,5.93702,2.03,1.73
2012.08.20 10:39:20.177,5.93602,5.93665,2.03,1.58
2012.08.20 10:39:20.423,5.93524,5.93616,2.78,2.25
2012.08.20 10:39:20.485,5.93524,5.93616,2.78,2.03
2012.08.20 10:39:20.547,5.93586,5.93673,2.03,3.00
2012.08.20 10:39:21.097,5.93586,5.93692,2.03,3.00
2012.08.20 10:39:21.506,5.93604,5.93709,2.03,3.00
2012.08.20 10:39:21.569,5.93604,5.93709,2.03,3.00
2012.08.20 10:39:21.934,5.93627,5.93723,2.03,1.58
2012.08.20 10:39:23.593,5.93603,5.93707,2.03,2.25
2012.08.20 10:39:23.999,5.93601,5.93707,2.03,3.00
2012.08.20 10:39:25.900,5.93603,5.93707,2.03,2.25
2012.08.20 10:39:26.219,5.93626,5.93729,2.03,2.25
2012.08.20 10:39:27.212,5.93605,5.9371,2.03,2.25
2012.08.20 10:39:27.870,5.93582,5.93686,4.05,2.25
2012.08.20 10:39:30.408,5.93582,5.93686,2.03,2.85
2012.08.20 10:39:30.750,5.93529,5.93623,2.03,2.06
2012.08.20 10:39:31.059,5.93546,5.93623,2.03,2.06
2012.08.20 10:39:32.671,5.93565,5.93623,2.03,2.06
2012.08.20 10:39:34.437,5.93544,5.93623,2.03,2.06
2012.08.20 10:39:40.489,5.93591,5.93652,2.03,2.06
2012.08.20 10:39:40.554,5.93591,5.93652,2.03,1.83
2012.08.20 10:39:40.827,5.93594,5.93652,2.03,1.83
2012.08.20 10:39:42.169,5.93595,5.93652,2.03,1.83
2012.08.20 10:39:42.471,5.93595,5.93623,2.03,1.83
2012.08.20 10:39:42.645,5.93562,5.93623,2.03,1.83
2012.08.20 10:39:42.986,5.93586,5.93623,2.03,1.83
2012.08.20 10:39:43.159,5.93586,5.93652,2.03,2.06
2012.08.20 10:39:43.284,5.93605,5.93652,2.03,2.06
2012.08.20 10:39:43.402,5.93605,5.93652,2.03,1.83
2012.08.20 10:39:45.397,5.93582,5.93652,2.03,1.83
2012.08.20 10:39:46.801,5.93568,5.93652,2.03,1.83
2012.08.20 10:39:48.809,5.93588,5.93652,2.03,1.83
2012.08.20 10:39:50.432,5.93571,5.93652,2.03,1.83
2012.08.20 10:39:51.574,5.93585,5.93652,2.03,1.83
2012.08.20 10:39:51.881,5.93628,5.93652,2.03,1.83
2012.08.20 10:39:52.057,5.93648,5.93723,2.03,2.06
2012.08.20 10:39:52.119,5.93648,5.93723,2.03,1.83
2012.08.20 10:39:55.249,5.93631,5.93723,2.03,1.83
2012.08.20 10:39:55.820,5.93653,5.93723,2.03,1.83
2012.08.20 10:39:58.798,5.93688,5.93723,2.03,1.83
2012.08.20 10:39:58.860,5.93688,5.93743,2.03,1.83
2012.08.20 10:40:00.973,5.93671,5.93743,2.03,1.83
2012.08.20 10:40:01.428,5.93671,5.93723,2.03,1.83
2012.08.20 10:40:01.622,5.93665,5.93723,2.03,1.83
2012.08.20 10:40:01.785,5.93652,5.93723,2.03,1.83
2012.08.20 10:40:01.889,5.93629,5.93723,2.03,1.83
2012.08.20 10:40:09.610,5.93651,5.93723,2.03,1.83
2012.08.20 10:40:10.197,5.9367,5.93723,2.03,1.83
2012.08.20 10:40:10.427,5.9367,5.93779,2.03,2.25
2012.08.20 10:40:10.488,5.93677,5.93779,2.03,2.25
2012.08.20 10:40:10.933,5.937,5.93782,2.03,2.06
2012.08.20 10:40:11.738,5.93684,5.93782,2.03,2.81
2012.08.20 10:40:15.885,5.93678,5.93765,2.03,1.35
2012.08.20 10:40:16.013,5.93678,5.93733,2.03,2.21
2012.08.20 10:40:16.076,5.9366,5.93733,2.03,2.21
2012.08.20 10:40:16.138,5.93644,5.93733,2.03,2.21
2012.08.20 10:40:17.022,5.93637,5.93733,2.03,2.21
2012.08.20 10:40:17.949,5.93637,5.93733,2.03,2.58
2012.08.20 10:40:18.166,5.93637,5.93733,2.03,2.21
2012.08.20 10:40:19.479,5.93656,5.93733,2.03,2.21
2012.08.20 10:40:19.597,5.93656,5.9376,2.03,2.78
2012.08.20 10:40:19.925,5.93656,5.9376,2.03,2.78
2012.08.20 10:40:20.178,5.9364,5.93745,2.03,2.78
2012.08.20 10:40:21.740,5.93655,5.93759,2.03,2.78
2012.08.20 10:40:23.049,5.93637,5.93743,2.03,2.78
2012.08.20 10:40:24.388,5.93637,5.93743,2.03,2.78
2012.08.20 10:40:30.773,5.93637,5.93743,2.03,2.78
2012.08.20 10:40:31.372,5.93654,5.93757,2.03,2.78
2012.08.20 10:40:31.548,5.93654,5.93757,2.03,2.78
2012.08.20 10:40:31.723,5.93674,5.93762,2.03,2.81
2012.08.20 10:40:34.405,5.93674,5.93762,2.03,1.83
2012.08.20 10:40:34.528,5.93694,5.93762,2.03,1.83
2012.08.20 10:40:34.872,5.93694,5.93762,2.03,2.58
2012.08.20 10:40:34.992,5.93678,5.93762,2.03,2.81
2012.08.20 10:40:35.056,5.93678,5.93762,2.03,2.81
2012.08.20 10:40:35.119,5.9366,5.93762,2.03,3.56
2012.08.20 10:40:35.239,5.93637,5.9374,2.03,3.00
2012.08.20 10:40:36.672,5.93637,5.9374,2.03,3.00
2012.08.20 10:40:38.727,5.93637,5.93722,2.03,1.73
2012.08.20 10:40:39.074,5.93621,5.93693,2.03,1.50
2012.08.20 10:40:39.137,5.93579,5.93673,2.03,2.78
2012.08.20 10:40:39.200,5.9357,5.93673,2.03,3.00
2012.08.20 10:40:39.546,5.9355,5.93656,2.03,3.00
2012.08.20 10:40:40.199,5.93565,5.93662,2.03,2.81
2012.08.20 10:40:40.945,5.93565,5.93646,2.03,1.13
2012.08.20 10:40:41.008,5.93534,5.93639,2.03,2.03
2012.08.20 10:40:41.072,5.93534,5.93633,2.03,1.50
2012.08.20 10:40:41.587,5.93518,5.93621,2.03,2.78
2012.08.20 10:40:43.101,5.93533,5.93612,2.03,1.13
2012.08.20 10:40:43.454,5.93533,5.93612,2.03,2.81
2012.08.20 10:40:43.517,5.93495,5.93601,2.03,3.00
2012.08.20 10:40:43.909,5.9351,5.93612,2.03,2.81
2012.08.20 10:40:45.440,5.93529,5.93612,2.03,2.81
2012.08.20 10:40:45.672,5.93511,5.93612,2.03,2.81
2012.08.20 10:40:46.153,5.93513,5.93612,2.03,2.81
2012.08.20 10:40:46.545,5.93536,5.93612,2.03,2.21
2012.08.20 10:40:47.603,5.93514,5.93612,2.03,2.21
2012.08.20 10:40:50.267,5.93514,5.93612,2.03,2.81
2012.08.20 10:40:51.867,5.93514,5.93612,2.03,2.81
2012.08.20 10:40:52.040,5.93528,5.93612,2.03,2.81
2012.08.20 10:40:52.367,5.93518,5.93612,2.03,2.81
2012.08.20 10:40:52.430,5.9354,5.93612,2.03,2.81
2012.08.20 10:40:54.044,5.9353,5.93612,2.03,2.81
2012.08.20 10:40:58.616,5.9353,5.93612,2.03,2.81
2012.08.20 10:41:03.264,5.9353,5.93612,2.03,2.81
2012.08.20 10:41:05.801,5.9353,5.93612,2.03,1.83
2012.08.20 10:41:05.864,5.93551,5.93612,2.03,1.83
2012.08.20 10:41:11.618,5.93551,5.93612,2.03,2.58
2012.08.20 10:41:11.682,5.93516,5.93612,2.03,2.58
2012.08.20 10:41:11.743,5.93516,5.93612,2.03,2.81
2012.08.20 10:41:15.812,5.93538,5.93612,2.03,2.81
2012.08.20 10:41:16.108,5.93538,5.93612,2.03,2.58
2012.08.20 10:41:16.489,5.93538,5.93612,2.03,1.83
2012.08.20 10:41:16.721,5.93545,5.93612,2.03,1.83
2012.08.20 10:41:16.954,5.93568,5.93674,2.03,3.00
2012.08.20 10:41:17.427,5.93582,5.93682,2.03,1.73
2012.08.20 10:41:18.105,5.93567,5.93662,2.03,1.73
2012.08.20 10:41:18.224,5.93567,5.93653,2.03,1.73
2012.08.20 10:41:18.287,5.93544,5.93648,2.03,2.78
2012.08.20 10:41:19.066,5.93544,5.93643,2.03,2.81
2012.08.20 10:41:20.240,5.93544,5.93643,2.03,2.81
2012.08.20 10:41:21.518,5.93544,5.93643,2.03,2.81
2012.08.20 10:41:21.638,5.93584,5.93643,2.03,1.83
2012.08.20 10:41:21.812,5.93584,5.93687,2.03,3.00
2012.08.20 10:41:24.488,5.93564,5.93663,2.03,1.73
2012.08.20 10:41:32.063,5.93564,5.93663,2.03,1.73
2012.08.20 10:41:32.617,5.93564,5.93663,2.03,2.81
2012.08.20 10:41:32.941,5.93584,5.93663,2.03,2.81
2012.08.20 10:41:33.149,5.93584,5.93663,2.03,2.43
2012.08.20 10:41:34.388,5.93584,5.93663,2.03,2.81
2012.08.20 10:41:34.451,5.93567,5.93663,2.03,2.81
2012.08.20 10:41:34.785,5.93567,5.93662,2.03,1.73
2012.08.20 10:41:34.847,5.93545,5.93649,2.03,2.78
2012.08.20 10:41:34.967,5.93543,5.93649,2.03,3.00
2012.08.20 10:41:35.232,5.93543,5.93649,2.03,2.25
2012.08.20 10:41:35.295,5.93573,5.93663,2.03,2.81
2012.08.20 10:41:35.527,5.93573,5.93663,2.03,2.81
2012.08.20 10:41:36.577,5.93593,5.93663,2.03,2.81
2012.08.20 10:41:38.586,5.93584,5.93663,2.03,2.81
2012.08.20 10:41:42.742,5.9356,5.93659,2.03,2.25
2012.08.20 10:41:42.803,5.93554,5.93659,2.03,2.25
2012.08.20 10:41:45.052,5.93554,5.93659,2.03,3.00
2012.08.20 10:41:45.170,5.93536,5.93642,2.03,2.40
2012.08.20 10:41:45.812,5.93551,5.93657,2.03,3.00
2012.08.20 10:41:46.059,5.93531,5.93654,2.03,3.00
2012.08.20 10:41:46.178,5.93531,5.93653,2.03,1.73
2012.08.20 10:41:46.421,5.93531,5.93643,2.03,2.81
2012.08.20 10:41:46.822,5.9355,5.93643,2.03,2.81
2012.08.20 10:41:55.678,5.93532,5.93643,2.03,2.81
2012.08.20 10:41:58.250,5.93552,5.93643,2.03,2.81
2012.08.20 10:41:59.088,5.93552,5.93643,2.03,2.81
2012.08.20 10:41:59.208,5.93532,5.93643,2.03,3.56
2012.08.20 10:41:59.383,5.93532,5.93633,2.03,1.73
2012.08.20 10:42:02.551,5.93534,5.93639,2.03,3.00
2012.08.20 10:42:04.180,5.93534,5.93622,2.03,1.73
2012.08.20 10:42:04.299,5.93512,5.93618,4.05,3.00
2012.08.20 10:42:04.418,5.93512,5.93612,2.03,1.73
2012.08.20 10:42:04.870,5.93489,5.93595,4.05,2.63
2012.08.20 10:42:04.933,5.93489,5.93595,2.03,3.00
2012.08.20 10:42:05.675,5.93489,5.93592,2.03,1.73
2012.08.20 10:42:11.603,5.93475,5.93579,2.03,3.00
2012.08.20 10:42:15.231,5.93461,5.93564,2.03,3.00
2012.08.20 10:42:20.885,5.93488,5.93573,2.03,1.73
2012.08.20 10:42:21.005,5.93465,5.9357,2.03,3.00
2012.08.20 10:42:25.389,5.93426,5.93532,2.03,3.15
2012.08.20 10:42:25.508,5.93408,5.93511,2.25,2.03
2012.08.20 10:42:25.866,5.93408,5.93511,2.03,2.25
2012.08.20 10:42:25.985,5.93401,5.93505,2.03,2.25
2012.08.20 10:42:29.370,5.93417,5.93512,2.03,1.35
2012.08.20 10:42:30.361,5.93435,5.93512,2.03,1.35
2012.08.20 10:42:32.647,5.93435,5.93503,2.03,1.73
2012.08.20 10:42:33.023,5.93416,5.93474,2.03,1.35
2012.08.20 10:42:33.086,5.93395,5.93474,2.03,1.35
2012.08.20 10:42:35.802,5.93372,5.93472,2.03,3.56
2012.08.20 10:42:36.718,5.93372,5.93452,2.03,1.73
2012.08.20 10:42:36.838,5.93357,5.93442,2.03,1.73
2012.08.20 10:42:36.958,5.93339,5.93434,2.03,1.35
2012.08.20 10:42:37.133,5.93339,5.93434,2.03,1.35
2012.08.20 10:42:40.285,5.9335,5.93434,2.03,1.35
2012.08.20 10:42:41.833,5.9335,5.93434,2.03,1.35
2012.08.20 10:42:42.124,5.9338,5.93472,2.03,2.06
2012.08.20 10:42:42.456,5.93393,5.93472,2.03,2.06
2012.08.20 10:42:44.350,5.93393,5.93472,2.03,2.06
2012.08.20 10:42:48.759,5.9342,5.93472,2.03,2.43
2012.08.20 10:42:48.993,5.93383,5.93465,2.03,1.35
2012.08.20 10:42:50.298,5.9336,5.93444,2.03,3.00
2012.08.20 10:42:50.421,5.9334,5.93444,2.03,3.00
2012.08.20 10:42:54.005,5.9334,5.93422,2.03,1.50
2012.08.20 10:42:54.314,5.9334,5.93402,2.03,1.73
2012.08.20 10:42:54.465,5.93317,5.93402,2.03,1.73
2012.08.20 10:42:54.616,5.93298,5.93402,2.03,1.73
2012.08.20 10:42:57.380,5.93282,5.93388,2.03,3.00
2012.08.20 10:42:57.638,5.93308,5.93392,2.03,1.73
2012.08.20 10:43:00.796,5.93308,5.93402,2.03,3.56
2012.08.20 10:43:00.859,5.93308,5.93402,2.03,3.56
2012.08.20 10:43:01.132,5.93301,5.93393,2.03,1.73
2012.08.20 10:43:01.599,5.93301,5.93393,2.03,1.35
2012.08.20 10:43:01.662,5.93319,5.93402,2.03,2.81
2012.08.20 10:43:02.379,5.93319,5.93392,2.03,1.73
2012.08.20 10:43:02.554,5.93302,5.93392,2.03,1.73
2012.08.20 10:43:05.011,5.93302,5.93402,2.03,2.81
2012.08.20 10:43:05.330,5.93341,5.93402,2.03,1.83
2012.08.20 10:43:05.450,5.93341,5.93452,2.03,1.73
2012.08.20 10:43:05.513,5.93358,5.93452,2.03,1.73
2012.08.20 10:43:06.711,5.93377,5.93453,2.03,2.06
2012.08.20 10:43:06.886,5.93377,5.93453,2.03,2.06
2012.08.20 10:43:07.229,5.93392,5.93453,2.03,2.06
2012.08.20 10:43:07.491,5.93378,5.93453,2.03,2.81
2012.08.20 10:43:07.554,5.93378,5.93435,2.03,1.13
2012.08.20 10:43:07.617,5.93356,5.93435,2.03,1.13
2012.08.20 10:43:07.737,5.93341,5.93435,2.03,1.35
2012.08.20 10:43:13.120,5.93341,5.93432,2.03,1.73
2012.08.20 10:43:13.182,5.93318,5.93425,2.03,3.00
2012.08.20 10:43:13.245,5.93312,5.93423,2.03,1.73
2012.08.20 10:43:13.368,5.93322,5.93423,2.03,1.73
2012.08.20 10:43:13.683,5.93322,5.93423,2.03,1.73
2012.08.20 10:43:14.029,5.93322,5.93392,2.03,1.50
2012.08.20 10:43:14.205,5.93305,5.93392,2.03,1.73
2012.08.20 10:43:14.759,5.93324,5.93403,2.03,2.81
2012.08.20 10:43:14.828,5.93315,5.93403,2.03,2.81
2012.08.20 10:43:16.992,5.93332,5.93403,2.03,2.81
2012.08.20 10:43:17.339,5.93349,5.93423,2.03,2.81
2012.08.20 10:43:17.662,5.93349,5.93423,2.03,2.81
2012.08.20 10:43:19.392,5.93366,5.93452,2.03,2.43
2012.08.20 10:43:20.726,5.93366,5.93443,2.03,1.35
2012.08.20 10:43:20.901,5.93355,5.93443,2.03,1.35
2012.08.20 10:43:21.381,5.93355,5.93452,2.03,2.81
2012.08.20 10:43:21.750,5.93376,5.93452,2.03,2.81
2012.08.20 10:43:22.247,5.93355,5.93445,2.03,1.35
2012.08.20 10:43:27.089,5.93355,5.93442,2.03,1.50
2012.08.20 10:43:27.377,5.93319,5.93423,2.03,3.00
2012.08.20 10:43:27.440,5.93319,5.93423,2.03,2.63
2012.08.20 10:43:27.691,5.93343,5.93446,2.03,3.00
2012.08.20 10:43:27.867,5.93343,5.93446,2.03,3.00
2012.08.20 10:43:28.102,5.93352,5.93446,2.03,2.03
2012.08.20 10:43:28.165,5.93393,5.93472,2.03,1.35
2012.08.20 10:43:28.484,5.93373,5.93472,2.03,1.73
2012.08.20 10:43:30.426,5.93392,5.93483,2.03,1.73
2012.08.20 10:43:30.978,5.93392,5.93493,2.03,2.81
2012.08.20 10:43:31.209,5.93413,5.93516,2.03,3.00
2012.08.20 10:43:31.726,5.93437,5.93523,2.03,2.81
2012.08.20 10:43:35.041,5.93419,5.93523,2.03,4.83
2012.08.20 10:43:40.102,5.93396,5.935,2.03,3.00
2012.08.20 10:43:40.629,5.93395,5.935,2.03,3.00
2012.08.20 10:43:42.179,5.93395,5.935,2.03,3.00
2012.08.20 10:43:42.624,5.93395,5.93479,2.03,1.13
2012.08.20 10:43:42.970,5.93395,5.93472,2.03,2.81
2012.08.20 10:43:43.033,5.93375,5.93472,2.03,2.81
2012.08.20 10:43:59.343,5.9339,5.93472,2.03,2.43
2012.08.20 10:44:03.529,5.93375,5.93472,2.03,2.81
2012.08.20 10:44:23.338,5.93359,5.93462,2.03,3.00
2012.08.20 10:44:23.512,5.93375,5.93472,2.03,2.43
2012.08.20 10:44:26.591,5.9336,5.93464,2.03,3.00
2012.08.20 10:44:27.000,5.9336,5.93459,2.03,1.35
2012.08.20 10:44:27.177,5.93337,5.93439,2.03,3.00
2012.08.20 10:44:27.242,5.93334,5.93439,2.03,3.00
2012.08.20 10:44:27.361,5.93334,5.93433,2.03,1.35
2012.08.20 10:44:27.480,5.93319,5.93422,2.03,1.35
2012.08.20 10:44:46.505,5.93319,5.93422,2.03,1.35
2012.08.20 10:44:46.625,5.93319,5.93422,2.03,1.35
2012.08.20 10:44:46.800,5.93296,5.93397,2.03,1.35
2012.08.20 10:44:46.918,5.93293,5.93397,2.03,1.35
2012.08.20 10:44:49.458,5.93263,5.93366,2.03,3.00
2012.08.20 10:44:55.708,5.93263,5.93358,2.03,1.35
2012.08.20 10:44:59.255,5.93263,5.93358,2.03,1.35
2012.08.20 10:44:59.557,5.93263,5.93358,2.03,1.35
2012.08.20 10:45:01.648,5.93263,5.93358,2.03,1.35
2012.08.20 10:45:03.416,5.93263,5.93358,2.03,1.35
2012.08.20 10:45:09.250,5.93263,5.93359,2.03,1.35
2012.08.20 10:45:09.603,5.93274,5.93359,2.03,1.35
2012.08.20 10:45:09.688,5.93274,5.93359,2.03,1.35
2012.08.20 10:45:10.452,5.93274,5.93359,2.03,1.35
2012.08.20 10:45:11.557,5.93274,5.93359,2.03,1.35
2012.08.20 10:45:12.211,5.93274,5.93359,2.03,1.35
2012.08.20 10:45:12.355,5.93274,5.93359,2.03,1.35
2012.08.20 10:45:12.669,5.93274,5.93359,2.03,1.35
2012.08.20 10:45:13.209,5.93274,5.93359,2.03,1.35
2012.08.20 10:45:13.269,5.93274,5.93359,2.03,1.35
2012.08.20 10:45:13.457,5.93274,5.93359,2.03,1.35
2012.08.20 10:45:14.225,5.93274,5.93359,2.03,1.35
2012.08.20 10:45:14.903,5.93274,5.93359,2.03,1.35
2012.08.20 10:45:14.965,5.93259,5.93359,2.03,1.35
2012.08.20 10:45:15.345,5.93237,5.93317,2.03,1.35
2012.08.20 10:45:15.757,5.93231,5.93317,2.03,1.35
2012.08.20 10:45:16.086,5.93247,5.93323,2.03,1.73
2012.08.20 10:45:17.156,5.93263,5.93345,2.03,1.35
2012.08.20 10:45:17.219,5.93263,5.93345,2.03,1.35
2012.08.20 10:45:28.995,5.93263,5.93343,2.03,1.73
2012.08.20 10:45:29.338,5.93227,5.93328,2.78,1.35
2012.08.20 10:45:29.714,5.93227,5.93328,2.03,1.35
2012.08.20 10:45:29.958,5.93227,5.93328,2.03,1.35
2012.08.20 10:45:36.050,5.93243,5.93331,2.03,1.35
2012.08.20 10:45:37.307,5.93256,5.93331,2.03,1.35
2012.08.20 10:45:40.270,5.93256,5.9333,2.03,1.35
2012.08.20 10:45:46.765,5.93256,5.9333,2.03,1.35
2012.08.20 10:45:47.559,5.93279,5.93353,2.03,2.81
2012.08.20 10:45:51.939,5.93279,5.93353,2.03,1.35
2012.08.20 10:45:54.586,5.93279,5.93353,2.03,1.35
2012.08.20 10:45:54.818,5.93298,5.93373,2.03,2.81
2012.08.20 10:45:55.563,5.93298,5.93373,2.03,2.81
2012.08.20 10:45:55.627,5.93332,5.93373,2.03,2.81
2012.08.20 10:45:55.804,5.93332,5.93373,2.03,1.83
2012.08.20 10:45:55.923,5.93332,5.93402,2.03,1.73
2012.08.20 10:45:56.928,5.93332,5.93423,2.03,2.81
2012.08.20 10:45:59.732,5.93332,5.93423,2.03,2.81
2012.08.20 10:46:07.149,5.93353,5.93418,2.03,1.35
2012.08.20 10:46:09.534,5.93353,5.93423,2.03,2.58
2012.08.20 10:46:09.630,5.93353,5.93423,2.03,2.58
2012.08.20 10:46:09.755,5.93353,5.93423,2.03,2.58
2012.08.20 10:46:16.564,5.93374,5.93423,2.03,1.83
2012.08.20 10:46:16.738,5.93374,5.93447,2.03,1.35
2012.08.20 10:46:16.801,5.93374,5.93447,2.03,1.13
2012.08.20 10:46:17.122,5.93374,5.93447,2.03,1.13
2012.08.20 10:46:20.410,5.93374,5.93447,2.03,1.13
2012.08.20 10:46:20.520,5.93374,5.93447,2.03,1.13
2012.08.20 10:46:24.376,5.93374,5.93447,2.03,1.13
2012.08.20 10:46:24.438,5.93374,5.93465,2.03,1.35
2012.08.20 10:46:24.556,5.93392,5.93465,2.03,1.35
2012.08.20 10:46:27.341,5.93392,5.93465,2.03,1.13
2012.08.20 10:46:27.462,5.93392,5.93465,2.03,1.13
2012.08.20 10:46:28.669,5.93392,5.93465,2.03,1.13
2012.08.20 10:46:29.441,5.93392,5.93465,2.03,1.13
2012.08.20 10:46:32.312,5.93392,5.93457,2.03,1.13
2012.08.20 10:46:32.432,5.93356,5.93427,2.03,1.35
2012.08.20 10:46:32.553,5.93338,5.93427,2.03,1.35
2012.08.20 10:46:35.911,5.93321,5.93416,2.03,1.13
2012.08.20 10:46:36.144,5.93303,5.93407,2.03,2.78
2012.08.20 10:46:36.941,5.93303,5.93407,2.03,3.00
2012.08.20 10:46:37.005,5.93325,5.93416,2.03,1.35
2012.08.20 10:46:38.451,5.93325,5.93416,2.03,1.35
2012.08.20 10:46:39.466,5.93325,5.93416,2.03,1.35
2012.08.20 10:46:41.531,5.93325,5.93406,2.03,1.13
2012.08.20 10:46:41.900,5.93302,5.93391,2.03,2.78
2012.08.20 10:46:41.963,5.93287,5.93391,2.03,2.78
2012.08.20 10:46:42.026,5.93287,5.93391,2.03,2.78
2012.08.20 10:46:42.202,5.93287,5.93367,2.03,1.35
2012.08.20 10:46:42.988,5.93266,5.93352,2.03,1.35
2012.08.20 10:46:43.987,5.93266,5.93352,2.03,1.35
2012.08.20 10:46:44.720,5.93266,5.93352,2.03,1.35
2012.08.20 10:46:48.042,5.93286,5.93352,2.03,1.35
2012.08.20 10:46:51.112,5.93286,5.93352,2.03,1.35
2012.08.20 10:46:51.406,5.93257,5.93322,2.03,1.35
2012.08.20 10:46:52.138,5.93257,5.93342,2.03,1.35
2012.08.20 10:46:57.568,5.93257,5.93342,2.03,1.35
2012.08.20 10:46:57.988,5.93257,5.93342,2.03,1.35
2012.08.20 10:46:58.866,5.93257,5.93342,2.03,1.35
2012.08.20 10:47:02.272,5.93257,5.93354,2.03,1.35
2012.08.20 10:47:03.047,5.93257,5.93354,2.03,1.35
2012.08.20 10:47:04.067,5.93257,5.93354,2.03,1.35
2012.08.20 10:47:08.789,5.93277,5.93354,2.03,1.35
2012.08.20 10:47:10.707,5.93277,5.9338,2.03,2.78
2012.08.20 10:47:10.769,5.93277,5.9338,2.03,2.03
2012.08.20 10:47:10.920,5.93322,5.93404,2.03,3.00
2012.08.20 10:47:11.249,5.93344,5.9341,2.03,1.35
2012.08.20 10:47:12.975,5.93344,5.93372,2.03,1.50
2012.08.20 10:47:13.318,5.93296,5.93396,2.03,1.35
2012.08.20 10:47:13.658,5.93296,5.93396,2.03,1.35
2012.08.20 10:47:19.375,5.93296,5.93402,2.03,3.00
2012.08.20 10:47:19.493,5.93296,5.93402,2.03,3.00
2012.08.20 10:47:19.610,5.93274,5.93378,2.03,2.25
2012.08.20 10:47:24.900,5.93256,5.93362,2.03,2.03
2012.08.20 10:47:27.384,5.93272,5.93375,2.03,2.25
2012.08.20 10:47:42.645,5.93308,5.93398,2.03,3.00
2012.08.20 10:47:42.764,5.93285,5.93383,2.03,1.73
2012.08.20 10:47:43.482,5.93284,5.93383,2.03,1.73
2012.08.20 10:47:44.406,5.93284,5.9337,2.03,1.35
2012.08.20 10:47:45.395,5.93284,5.9337,2.03,1.35
2012.08.20 10:47:46.503,5.93284,5.9337,2.03,1.35
2012.08.20 10:47:47.201,5.93284,5.9337,2.03,1.35
2012.08.20 10:47:52.441,5.93284,5.9337,2.03,1.35
2012.08.20 10:47:52.963,5.93284,5.9337,2.03,1.35
2012.08.20 10:47:56.408,5.93284,5.93362,2.03,1.35
2012.08.20 10:47:56.582,5.9326,5.93362,2.03,1.35
2012.08.20 10:47:56.644,5.9326,5.93362,2.03,1.35
2012.08.20 10:47:59.920,5.9326,5.93343,2.03,1.35
2012.08.20 10:48:01.918,5.9326,5.93343,2.03,1.35
2012.08.20 10:48:02.263,5.93239,5.93311,2.03,1.35
2012.08.20 10:48:02.444,5.93224,5.93311,2.03,1.35
2012.08.20 10:48:02.506,5.93224,5.93311,2.03,1.35
2012.08.20 10:48:02.867,5.93245,5.93311,2.03,1.35
2012.08.20 10:48:03.445,5.93245,5.93333,2.03,1.35
2012.08.20 10:48:06.895,5.93245,5.93333,2.03,1.35
2012.08.20 10:48:08.450,5.93245,5.93333,2.03,1.35
2012.08.20 10:48:13.904,5.93245,5.93325,2.03,1.35
2012.08.20 10:48:14.776,5.93245,5.93325,2.03,1.35
2012.08.20 10:48:22.929,5.93245,5.93325,2.03,1.35
2012.08.20 10:48:22.991,5.93232,5.93325,2.03,1.35
2012.08.20 10:48:26.044,5.93232,5.93325,2.03,1.35
2012.08.20 10:48:42.838,5.93236,5.93325,2.03,1.35
2012.08.20 10:48:50.084,5.93236,5.93325,2.03,1.35
2012.08.20 10:48:51.074,5.93236,5.93325,2.03,1.35
2012.08.20 10:48:59.361,5.93236,5.93325,2.03,1.35
2012.08.20 10:48:59.652,5.93204,5.93282,2.03,1.35
2012.08.20 10:48:59.826,5.93204,5.93282,2.03,1.35
2012.08.20 10:48:59.889,5.93183,5.93282,2.78,1.35
2012.08.20 10:49:07.794,5.93183,5.93282,2.78,1.35
2012.08.20 10:49:11.923,5.93201,5.93292,2.03,1.35
2012.08.20 10:49:12.332,5.93201,5.93305,2.03,3.00
2012.08.20 10:49:12.395,5.93215,5.93314,2.03,1.35
2012.08.20 10:49:12.458,5.93215,5.93321,2.03,3.00
2012.08.20 10:49:12.579,5.93215,5.93321,2.03,2.78
2012.08.20 10:49:12.642,5.93215,5.93321,2.03,2.03
2012.08.20 10:49:12.705,5.93229,5.93321,2.03,2.03
2012.08.20 10:49:13.055,5.93253,5.93335,2.03,1.35
2012.08.20 10:49:13.564,5.93253,5.93335,2.03,1.35
2012.08.20 10:49:17.773,5.93236,5.93335,2.03,1.35
2012.08.20 10:49:17.835,5.93236,5.93335,2.03,1.35
2012.08.20 10:49:18.286,5.93236,5.93335,2.03,1.35
2012.08.20 10:49:18.852,5.93236,5.9334,2.78,2.03
2012.08.20 10:49:18.970,5.93236,5.9334,2.78,2.03
2012.08.20 10:49:19.311,5.93298,5.9338,2.03,1.35
2012.08.20 10:49:20.449,5.93298,5.9338,2.03,1.35
2012.08.20 10:49:21.031,5.93298,5.9338,2.03,1.35
2012.08.20 10:49:23.326,5.93298,5.9338,2.03,1.35
2012.08.20 10:49:23.855,5.93298,5.9338,2.03,1.35
2012.08.20 10:49:24.664,5.93298,5.9338,2.03,1.35
2012.08.20 10:49:25.187,5.93298,5.9338,2.03,1.35
2012.08.20 10:49:25.615,5.93298,5.93393,2.03,1.35
2012.08.20 10:49:26.095,5.93298,5.93393,2.03,1.35
2012.08.20 10:49:28.123,5.93298,5.93393,2.03,1.35
2012.08.20 10:49:38.979,5.93292,5.93393,2.03,1.35
2012.08.20 10:49:41.001,5.93292,5.93393,2.03,1.35
2012.08.20 10:49:41.747,5.93306,5.9339,2.03,1.35
2012.08.20 10:49:48.495,5.93322,5.93408,2.03,1.35
2012.08.20 10:49:48.557,5.93322,5.93408,2.03,1.35
2012.08.20 10:49:48.697,5.93322,5.93408,2.03,1.35
2012.08.20 10:49:49.705,5.93322,5.93408,2.03,1.35
2012.08.20 10:49:50.598,5.93301,5.93405,2.03,3.00
2012.08.20 10:49:51.557,5.93301,5.93405,2.03,3.00
2012.08.20 10:49:51.732,5.93323,5.93408,2.03,1.35
2012.08.20 10:49:52.163,5.93323,5.93408,2.03,1.35
2012.08.20 10:49:58.856,5.93341,5.93408,2.03,1.35
2012.08.20 10:49:58.919,5.93341,5.93433,2.03,1.35
2012.08.20 10:49:59.205,5.93321,5.93424,2.03,3.00
2012.08.20 10:49:59.267,5.93321,5.9342,2.03,1.35
2012.08.20 10:49:59.450,5.93299,5.93403,2.03,2.78
2012.08.20 10:49:59.512,5.93299,5.93396,2.03,1.13
2012.08.20 10:50:00.023,5.93299,5.93396,2.03,1.35
2012.08.20 10:50:00.594,5.93276,5.9338,2.03,1.13
2012.08.20 10:50:00.914,5.93276,5.9338,2.03,1.13
2012.08.20 10:50:07.498,5.93276,5.9338,2.03,1.13
2012.08.20 10:50:15.853,5.93276,5.93371,2.03,1.13
2012.08.20 10:50:16.001,5.93276,5.93371,2.03,1.13
2012.08.20 10:50:17.980,5.93276,5.93371,2.03,1.13
2012.08.20 10:50:18.045,5.93262,5.93366,2.03,2.78
2012.08.20 10:50:18.108,5.93262,5.93366,2.03,2.78
2012.08.20 10:50:18.172,5.93247,5.9335,2.03,2.78
2012.08.20 10:50:18.292,5.93228,5.93331,2.78,2.78
2012.08.20 10:50:18.355,5.93228,5.93331,2.78,2.78
2012.08.20 10:50:18.418,5.93228,5.93331,2.78,2.78
2012.08.20 10:50:18.479,5.93228,5.93331,2.78,2.78
2012.08.20 10:50:18.948,5.93228,5.93331,2.78,2.78
2012.08.20 10:50:19.399,5.93228,5.93331,2.78,2.78
2012.08.20 10:50:22.595,5.93228,5.93331,2.78,2.78
2012.08.20 10:50:22.980,5.93228,5.93331,2.78,2.78
2012.08.20 10:50:23.317,5.93242,5.93347,2.03,3.38
2012.08.20 10:50:23.565,5.93242,5.93339,2.03,1.35
2012.08.20 10:50:23.828,5.93264,5.93355,2.03,1.35
2012.08.20 10:50:24.177,5.93264,5.93355,2.03,1.35
2012.08.20 10:50:24.507,5.93243,5.93348,2.03,3.00
2012.08.20 10:50:28.150,5.93242,5.93355,2.03,1.35
2012.08.20 10:50:28.213,5.93242,5.93355,2.03,1.35
2012.08.20 10:50:28.333,5.9326,5.93355,2.03,1.13
2012.08.20 10:50:28.482,5.93242,5.93355,2.03,1.13
2012.08.20 10:50:30.211,5.93242,5.93355,2.03,1.13
2012.08.20 10:50:33.566,5.93242,5.93355,2.03,1.13
2012.08.20 10:50:34.594,5.93272,5.93355,2.03,1.13
2012.08.20 10:50:35.591,5.93272,5.93337,2.03,1.13
2012.08.20 10:50:36.537,5.93246,5.93337,2.03,1.35
2012.08.20 10:50:40.495,5.93246,5.93337,2.03,1.35
2012.08.20 10:50:40.612,5.9326,5.93337,2.03,1.35
2012.08.20 10:50:40.990,5.9326,5.93385,2.03,3.00
2012.08.20 10:50:41.234,5.93278,5.93392,2.03,1.73
2012.08.20 10:50:41.569,5.93301,5.93392,2.03,1.73
2012.08.20 10:50:41.916,5.93343,5.93402,2.03,2.06
2012.08.20 10:50:42.543,5.93325,5.93402,2.03,2.06
2012.08.20 10:50:50.988,5.9331,5.93402,2.03,2.81
2012.08.20 10:51:03.465,5.9331,5.93402,2.03,2.81
2012.08.20 10:51:03.528,5.93278,5.93384,2.03,3.00
2012.08.20 10:51:03.592,5.93278,5.93384,2.03,3.00
2012.08.20 10:51:03.654,5.93261,5.93367,2.78,2.78
2012.08.20 10:51:04.271,5.93261,5.93367,2.03,2.78
2012.08.20 10:51:08.256,5.93261,5.93367,2.03,2.78
2012.08.20 10:51:08.317,5.93261,5.93367,2.03,2.78
2012.08.20 10:51:13.010,5.93261,5.93367,2.03,2.78
2012.08.20 10:51:13.074,5.93239,5.93343,3.00,2.78
2012.08.20 10:51:13.457,5.93239,5.93343,2.03,2.78
2012.08.20 10:51:15.408,5.93239,5.93343,2.03,2.78
2012.08.20 10:51:20.435,5.93258,5.93362,2.03,3.00
2012.08.20 10:51:24.804,5.93258,5.93362,2.03,2.03
2012.08.20 10:51:24.922,5.93258,5.93362,2.03,2.78
2012.08.20 10:51:25.517,5.93261,5.93367,2.03,3.00
2012.08.20 10:51:26.083,5.93261,5.93367,2.03,3.00
2012.08.20 10:51:27.450,5.93261,5.93367,2.03,3.00
2012.08.20 10:51:27.798,5.93261,5.93367,2.03,3.00
2012.08.20 10:51:28.059,5.93261,5.93367,2.03,3.00
2012.08.20 10:51:35.768,5.93261,5.93367,2.03,3.00
2012.08.20 10:51:45.119,5.93271,5.93377,2.03,3.00
2012.08.20 10:51:47.563,5.93271,5.93377,2.03,3.00
2012.08.20 10:51:47.625,5.93293,5.93398,2.03,3.00
2012.08.20 10:51:49.428,5.93293,5.93398,2.03,3.00
2012.08.20 10:51:49.806,5.93276,5.9338,2.03,2.03
2012.08.20 10:52:07.743,5.93252,5.93358,2.78,2.03
2012.08.20 10:52:08.107,5.93252,5.93358,2.03,2.03
2012.08.20 10:52:08.266,5.93252,5.93358,2.03,2.25
2012.08.20 10:52:11.155,5.93252,5.93358,2.03,2.03
2012.08.20 10:52:11.353,5.93256,5.93359,2.03,2.03
2012.08.20 10:52:11.531,5.93241,5.93345,2.78,2.03
2012.08.20 10:52:21.153,5.93241,5.93345,2.03,2.25
2012.08.20 10:52:26.253,5.93273,5.93377,2.03,3.00
2012.08.20 10:52:27.160,5.9325,5.93347,2.03,2.25
2012.08.20 10:52:27.221,5.93243,5.93347,2.03,2.25
2012.08.20 10:52:36.831,5.93255,5.93347,2.03,2.25
2012.08.20 10:52:37.172,5.93278,5.93381,2.03,2.25
2012.08.20 10:52:37.405,5.93278,5.93381,2.03,2.03
2012.08.20 10:52:37.524,5.93295,5.93401,2.03,2.25
2012.08.20 10:52:37.917,5.93311,5.93414,2.03,2.25
2012.08.20 10:52:50.029,5.93312,5.93414,2.03,2.25
2012.08.20 10:52:50.372,5.93383,5.93486,2.03,2.78
2012.08.20 10:52:51.028,5.93383,5.93486,2.03,2.78
2012.08.20 10:52:55.731,5.93421,5.9351,2.03,2.78
2012.08.20 10:52:55.795,5.93421,5.9351,2.03,2.78
2012.08.20 10:52:55.863,5.93421,5.9351,2.03,2.78
2012.08.20 10:52:58.094,5.93437,5.9351,2.03,2.78
2012.08.20 10:52:59.205,5.93413,5.93519,2.03,2.78
2012.08.20 10:52:59.378,5.93437,5.93543,2.03,2.78
2012.08.20 10:52:59.495,5.93416,5.93522,2.03,2.78
2012.08.20 10:53:05.093,5.93432,5.93536,2.03,2.78
2012.08.20 10:53:09.380,5.93432,5.93536,2.03,2.78
2012.08.20 10:53:10.463,5.93414,5.93518,2.03,2.78
2012.08.20 10:53:10.841,5.93414,5.93518,2.03,2.78
2012.08.20 10:53:12.643,5.93398,5.93503,2.78,2.78
2012.08.20 10:53:15.269,5.93398,5.93503,2.03,2.78
2012.08.20 10:53:15.331,5.93383,5.93489,2.03,2.78
2012.08.20 10:53:16.686,5.93363,5.93467,2.03,2.03
2012.08.20 10:53:18.309,5.93381,5.93485,2.03,2.78
2012.08.20 10:53:20.698,5.93357,5.93462,4.05,2.03
2012.08.20 10:53:21.777,5.93378,5.93481,2.03,2.78
2012.08.20 10:53:22.260,5.934,5.93506,2.03,2.78
2012.08.20 10:53:22.406,5.934,5.93506,2.03,2.78
2012.08.20 10:53:24.020,5.93386,5.93491,2.03,2.78
2012.08.20 10:53:24.138,5.93386,5.93491,2.03,2.78
2012.08.20 10:53:24.807,5.93367,5.93473,2.03,2.03
2012.08.20 10:53:25.588,5.93388,5.93492,2.03,2.78
2012.08.20 10:53:26.880,5.93388,5.93492,2.03,2.78
2012.08.20 10:53:27.117,5.9341,5.93513,2.03,2.81
2012.08.20 10:53:27.642,5.9341,5.93513,2.03,2.81
2012.08.20 10:53:28.711,5.93389,5.93493,2.03,2.78
2012.08.20 10:53:32.371,5.93438,5.93493,2.03,2.78
2012.08.20 10:53:32.547,5.93438,5.93542,2.03,2.25
2012.08.20 10:53:32.665,5.93422,5.93528,2.03,2.25
2012.08.20 10:53:32.728,5.93405,5.93511,2.78,2.03
2012.08.20 10:53:33.372,5.93421,5.93525,2.03,2.25
2012.08.20 10:53:33.434,5.93421,5.93525,2.03,2.03
2012.08.20 10:53:33.663,5.93438,5.93543,2.03,2.03
2012.08.20 10:53:36.662,5.93458,5.93543,2.03,2.03
2012.08.20 10:53:36.894,5.93481,5.93587,2.03,2.03
2012.08.20 10:53:37.103,5.93467,5.93571,2.03,2.03
2012.08.20 10:53:39.027,5.9347,5.93571,2.03,2.03
2012.08.20 10:53:39.146,5.93467,5.93571,2.03,2.03
2012.08.20 10:53:39.372,5.93492,5.93598,2.03,2.03
2012.08.20 10:53:39.434,5.93476,5.9358,2.03,2.03
2012.08.20 10:53:42.364,5.93476,5.9358,2.03,2.25
2012.08.20 10:53:42.596,5.93452,5.93549,2.03,2.03
2012.08.20 10:53:42.659,5.93422,5.93528,2.25,2.03
2012.08.20 10:53:43.612,5.93464,5.93551,2.03,2.03
2012.08.20 10:53:43.673,5.93464,5.93553,2.03,1.83
2012.08.20 10:53:43.905,5.93464,5.93568,2.03,2.03
2012.08.20 10:53:44.080,5.93461,5.93566,2.03,2.03
2012.08.20 10:53:44.738,5.93479,5.93572,2.03,2.06
2012.08.20 10:53:47.784,5.93463,5.93569,2.03,2.03
2012.08.20 10:53:49.156,5.93463,5.93569,2.03,2.78
2012.08.20 10:53:49.416,5.93443,5.93546,2.03,2.03
2012.08.20 10:53:50.747,5.9346,5.93563,2.03,2.78
2012.08.20 10:53:50.997,5.93441,5.93546,2.03,2.03
2012.08.20 10:53:51.271,5.93441,5.93546,2.03,3.00
2012.08.20 10:53:51.690,5.93421,5.93526,2.03,2.03
2012.08.20 10:53:53.496,5.934,5.93505,2.78,2.03
2012.08.20 10:53:54.016,5.934,5.93505,2.03,2.03
2012.08.20 10:53:54.360,5.93447,5.93528,2.03,2.03
2012.08.20 10:53:54.422,5.93447,5.9355,2.03,2.25
2012.08.20 10:53:54.484,5.93427,5.93533,2.03,2.03
2012.08.20 10:53:58.973,5.93443,5.93549,2.25,2.03
2012.08.20 10:53:59.318,5.93456,5.93552,2.03,1.83
2012.08.20 10:53:59.939,5.93471,5.93576,2.03,2.78
2012.08.20 10:54:01.391,5.93471,5.93576,2.03,2.03
2012.08.20 10:54:01.453,5.93487,5.93588,2.03,1.13
2012.08.20 10:54:01.738,5.93487,5.93593,2.03,2.78
2012.08.20 10:54:01.833,5.93487,5.93593,2.03,2.78
2012.08.20 10:54:02.502,5.93487,5.93593,2.03,2.78
2012.08.20 10:54:02.662,5.93507,5.9361,2.03,2.78
2012.08.20 10:54:04.461,5.93507,5.9361,2.03,2.78
2012.08.20 10:54:07.032,5.93524,5.93613,2.03,1.73
2012.08.20 10:54:10.856,5.93524,5.93623,2.03,2.81
2012.08.20 10:54:10.973,5.93524,5.93622,2.03,1.73
2012.08.20 10:54:11.034,5.93485,5.93588,2.03,2.25
2012.08.20 10:54:12.604,5.93468,5.93571,2.78,2.03
2012.08.20 10:54:13.113,5.93468,5.93571,2.03,2.03
2012.08.20 10:54:14.025,5.93468,5.93553,2.03,1.83
2012.08.20 10:54:15.483,5.93485,5.93553,2.03,1.83
2012.08.20 10:54:23.687,5.93468,5.93553,2.78,1.83
2012.08.20 10:54:26.607,5.93468,5.93553,2.03,1.83
2012.08.20 10:54:26.669,5.93449,5.93553,2.03,1.83
2012.08.20 10:54:46.813,5.93448,5.93553,2.03,1.83
2012.08.20 10:54:51.317,5.93448,5.93553,2.78,1.83
2012.08.20 10:54:56.834,5.93425,5.9353,2.78,2.03
2012.08.20 10:54:57.136,5.93425,5.9353,2.78,2.03
2012.08.20 10:54:57.840,5.93442,5.93545,2.78,2.03
2012.08.20 10:54:58.260,5.93442,5.93545,2.78,2.03
2012.08.20 10:55:02.642,5.93457,5.93553,2.78,1.83
2012.08.20 10:55:03.218,5.93442,5.93547,2.78,2.03
2012.08.20 10:55:03.393,5.93442,5.93547,2.03,2.03
2012.08.20 10:55:03.454,5.93442,5.93547,2.03,2.25
2012.08.20 10:55:03.796,5.93398,5.93504,2.78,2.03
2012.08.20 10:55:03.972,5.93413,5.93518,2.78,2.03
2012.08.20 10:55:04.091,5.93397,5.93501,2.78,2.03
2012.08.20 10:55:04.211,5.93412,5.93515,2.03,2.03
2012.08.20 10:55:04.442,5.93397,5.93501,2.03,2.03
2012.08.20 10:55:05.506,5.93391,5.93486,2.03,2.03
2012.08.20 10:55:05.569,5.93414,5.93518,2.03,2.03
2012.08.20 10:55:05.631,5.93377,5.93481,2.78,2.03
2012.08.20 10:55:07.481,5.93391,5.93496,2.03,2.03
2012.08.20 10:55:08.881,5.93391,5.93496,2.03,2.78
2012.08.20 10:55:09.261,5.93391,5.93472,2.03,2.06
2012.08.20 10:55:09.331,5.93335,5.93441,2.78,2.03
2012.08.20 10:55:11.324,5.93387,5.93463,2.03,2.25
2012.08.20 10:55:12.037,5.93406,5.93511,2.03,1.35
2012.08.20 10:55:12.156,5.93458,5.93511,2.03,1.35
2012.08.20 10:55:12.791,5.9348,5.93523,2.03,1.35
2012.08.20 10:55:13.183,5.93457,5.93523,2.03,1.35
2012.08.20 10:55:13.245,5.93429,5.93523,2.03,1.35
2012.08.20 10:55:13.553,5.93429,5.93523,2.03,1.35
2012.08.20 10:55:14.542,5.93429,5.93523,2.03,1.35
2012.08.20 10:55:15.532,5.93429,5.93523,2.03,1.35
2012.08.20 10:55:16.964,5.93429,5.93513,2.03,1.35
2012.08.20 10:55:18.204,5.93451,5.93513,2.03,1.35
2012.08.20 10:55:18.869,5.93451,5.93528,2.03,1.35
2012.08.20 10:55:18.987,5.93451,5.93511,2.03,1.35
2012.08.20 10:55:19.434,5.93428,5.93495,2.03,1.73
2012.08.20 10:55:19.553,5.93405,5.93472,2.03,2.06
2012.08.20 10:55:19.672,5.9339,5.93472,2.03,1.83
2012.08.20 10:55:19.734,5.9339,5.93495,2.03,1.50
2012.08.20 10:55:19.797,5.93431,5.93507,2.03,1.35
2012.08.20 10:55:19.859,5.93431,5.93507,2.03,1.35
2012.08.20 10:55:21.360,5.93431,5.93507,2.03,1.35
2012.08.20 10:55:22.058,5.93431,5.93513,2.03,1.35
2012.08.20 10:55:22.178,5.93431,5.93503,2.03,1.73
2012.08.20 10:55:22.240,5.93408,5.93472,2.03,2.06
2012.08.20 10:55:22.415,5.93386,5.93472,2.03,1.83
2012.08.20 10:55:22.476,5.93386,5.93472,2.78,1.83
2012.08.20 10:55:22.799,5.93444,5.93519,2.03,1.35
2012.08.20 10:55:23.151,5.9342,5.93482,2.03,1.35
2012.08.20 10:55:23.215,5.93417,5.93465,2.03,1.13
2012.08.20 10:55:23.277,5.93417,5.93465,2.03,1.13
2012.08.20 10:55:23.566,5.93379,5.93465,2.03,1.13
2012.08.20 10:55:23.691,5.93379,5.93465,2.03,1.13
2012.08.20 10:55:23.867,5.93394,5.93465,2.03,1.13
2012.08.20 10:55:23.930,5.93394,5.93465,2.03,1.13
2012.08.20 10:55:24.056,5.93394,5.93465,2.03,1.13
2012.08.20 10:55:24.386,5.93394,5.93474,2.03,1.35
2012.08.20 10:55:24.504,5.93394,5.93472,2.03,1.73
2012.08.20 10:55:24.955,5.93398,5.93472,2.03,1.50
2012.08.20 10:55:25.025,5.93398,5.93526,2.03,2.03
2012.08.20 10:55:25.090,5.93455,5.93526,2.03,2.03
2012.08.20 10:55:25.457,5.93476,5.93563,2.03,1.73
2012.08.20 10:55:25.790,5.93501,5.93562,2.03,1.73
2012.08.20 10:55:26.463,5.93501,5.93548,2.03,1.35
2012.08.20 10:55:27.536,5.93501,5.93548,2.03,1.35
2012.08.20 10:55:27.657,5.93485,5.93541,2.03,1.13
2012.08.20 10:55:27.777,5.93485,5.93552,2.03,1.35
2012.08.20 10:55:28.015,5.93472,5.9354,2.03,1.13
2012.08.20 10:55:28.593,5.93455,5.9354,2.03,1.13
2012.08.20 10:55:28.655,5.93455,5.9354,2.03,1.13
2012.08.20 10:55:29.955,5.93455,5.9354,2.03,1.13
2012.08.20 10:55:30.018,5.93455,5.9354,2.03,1.13
2012.08.20 10:55:32.382,5.93455,5.93531,2.03,1.13
2012.08.20 10:55:33.593,5.93455,5.93531,2.03,1.13
2012.08.20 10:55:34.750,5.93455,5.93531,2.03,1.13
2012.08.20 10:55:34.813,5.93475,5.93546,2.03,1.35
2012.08.20 10:55:34.932,5.93475,5.93546,2.03,1.35
2012.08.20 10:55:34.994,5.93496,5.93546,2.03,1.35
2012.08.20 10:55:35.721,5.93496,5.93546,2.03,1.35
2012.08.20 10:55:40.776,5.93478,5.93583,2.03,2.81
2012.08.20 10:55:40.951,5.93481,5.93583,2.03,1.73
2012.08.20 10:55:41.299,5.93522,5.93612,2.03,1.35
2012.08.20 10:55:41.360,5.93522,5.93612,2.03,1.35
2012.08.20 10:55:41.422,5.93522,5.93563,2.03,1.50
2012.08.20 10:55:41.541,5.93479,5.93581,2.03,1.73
2012.08.20 10:55:41.716,5.93479,5.93593,2.03,1.73
2012.08.20 10:55:41.778,5.93474,5.93592,2.03,3.00
2012.08.20 10:55:41.840,5.93494,5.93593,2.03,1.73
2012.08.20 10:55:42.736,5.93494,5.93574,2.03,1.35
2012.08.20 10:55:42.855,5.93476,5.93554,2.03,1.13
2012.08.20 10:55:43.088,5.93455,5.93554,2.03,1.35
2012.08.20 10:55:43.207,5.93455,5.93554,2.03,1.35
2012.08.20 10:55:43.269,5.93455,5.93554,2.03,1.35
2012.08.20 10:55:43.389,5.93455,5.93543,2.03,1.73
2012.08.20 10:55:43.731,5.93477,5.93543,2.03,1.73
2012.08.20 10:55:46.034,5.93477,5.93537,2.03,1.13
2012.08.20 10:55:49.710,5.93464,5.93544,2.03,1.35
2012.08.20 10:55:49.827,5.93464,5.93544,2.03,1.35
2012.08.20 10:55:53.536,5.93464,5.9352,2.03,1.13
2012.08.20 10:55:53.771,5.93443,5.9352,2.03,1.13
2012.08.20 10:55:55.316,5.93428,5.9352,2.03,1.13
2012.08.20 10:55:55.663,5.93408,5.93484,2.03,1.13
2012.08.20 10:55:55.725,5.93408,5.93484,2.03,1.13
2012.08.20 10:55:56.168,5.93408,5.93484,2.03,1.35
2012.08.20 10:55:56.402,5.93408,5.93495,2.03,1.35
2012.08.20 10:55:56.465,5.93422,5.93495,2.03,1.35
2012.08.20 10:55:56.641,5.93422,5.93495,2.03,1.35
2012.08.20 10:55:57.822,5.93422,5.93495,2.03,1.35
2012.08.20 10:55:57.942,5.93422,5.93495,2.03,1.35
2012.08.20 10:55:58.071,5.9344,5.93495,2.03,1.35
2012.08.20 10:55:58.188,5.9344,5.93495,2.03,1.35
2012.08.20 10:55:58.443,5.9344,5.93495,2.03,1.35
2012.08.20 10:55:58.617,5.9344,5.93495,2.03,1.35
2012.08.20 10:55:58.806,5.93456,5.93495,2.03,1.35
2012.08.20 10:56:01.728,5.93456,5.93524,2.03,1.35
2012.08.20 10:56:02.560,5.93456,5.93524,2.03,1.35
2012.08.20 10:56:02.874,5.93456,5.93511,2.03,1.13
2012.08.20 10:56:03.109,5.93456,5.93511,2.03,1.13
2012.08.20 10:56:06.586,5.93456,5.93523,2.03,1.35
2012.08.20 10:56:08.554,5.93456,5.93523,2.03,1.35
2012.08.20 10:56:08.790,5.93456,5.93523,2.03,1.35
2012.08.20 10:56:09.013,5.93456,5.93523,2.03,1.35
2012.08.20 10:56:09.318,5.93456,5.93523,2.03,1.35
2012.08.20 10:56:10.088,5.93456,5.93532,2.03,1.73
2012.08.20 10:56:10.374,5.93476,5.93562,2.03,2.81
2012.08.20 10:56:10.436,5.93476,5.93578,2.03,1.35
2012.08.20 10:56:10.499,5.93442,5.9356,2.03,2.78
2012.08.20 10:56:10.562,5.93473,5.9356,2.03,2.78
2012.08.20 10:56:10.683,5.93496,5.93593,2.03,2.81
2012.08.20 10:56:10.745,5.93496,5.93593,2.03,2.58
2012.08.20 10:56:10.808,5.93524,5.93593,2.03,2.21
2012.08.20 10:56:10.871,5.93524,5.93593,2.03,1.83
2012.08.20 10:56:11.158,5.93531,5.93593,2.03,1.83
2012.08.20 10:56:11.277,5.93529,5.93593,2.03,1.83
2012.08.20 10:56:12.043,5.93524,5.93593,2.03,1.83
2012.08.20 10:56:12.163,5.93545,5.93593,2.03,1.83
2012.08.20 10:56:12.226,5.93545,5.93639,2.03,1.35
2012.08.20 10:56:12.288,5.93545,5.93639,2.03,1.35
2012.08.20 10:56:12.597,5.93562,5.93639,2.03,1.35
2012.08.20 10:56:12.944,5.93562,5.93639,2.03,1.35
2012.08.20 10:56:13.312,5.93562,5.93639,2.03,1.35
2012.08.20 10:56:13.544,5.93584,5.93642,2.03,2.81
2012.08.20 10:56:13.606,5.93584,5.93642,2.03,2.81
2012.08.20 10:56:15.741,5.93584,5.93642,2.03,2.81
2012.08.20 10:56:15.917,5.93569,5.93642,2.03,2.06
2012.08.20 10:56:16.036,5.93576,5.93642,2.03,2.06
2012.08.20 10:56:16.155,5.9355,5.93642,2.03,2.06
2012.08.20 10:56:16.217,5.9355,5.93642,2.03,1.83
2012.08.20 10:56:16.280,5.93568,5.93686,2.03,3.00
2012.08.20 10:56:16.457,5.93607,5.93693,2.03,1.83
2012.08.20 10:56:16.519,5.93583,5.93693,2.03,1.83
2012.08.20 10:56:16.581,5.93608,5.93693,2.03,1.83
2012.08.20 10:56:17.005,5.93631,5.93693,2.03,2.58
2012.08.20 10:56:17.679,5.93631,5.93693,2.03,2.58
2012.08.20 10:56:17.857,5.93615,5.93693,2.03,2.58
2012.08.20 10:56:17.920,5.93615,5.93693,2.03,2.58
2012.08.20 10:56:18.454,5.936,5.93693,2.03,2.06
2012.08.20 10:56:20.074,5.936,5.93693,2.03,3.56
2012.08.20 10:56:20.305,5.93586,5.93656,2.03,1.73
2012.08.20 10:56:20.424,5.93566,5.93685,2.03,3.00
2012.08.20 10:56:20.543,5.9358,5.93692,2.03,3.18
2012.08.20 10:56:20.890,5.93564,5.93633,2.03,2.43
2012.08.20 10:56:21.055,5.93552,5.93633,2.03,2.43
2012.08.20 10:56:23.670,5.9354,5.93633,2.03,2.43
2012.08.20 10:56:24.268,5.93561,5.93633,2.03,2.06
2012.08.20 10:56:24.498,5.93561,5.93633,2.03,1.83
2012.08.20 10:56:24.660,5.93561,5.93662,2.03,1.73
2012.08.20 10:56:25.328,5.93583,5.93683,2.03,2.81
2012.08.20 10:56:25.693,5.93583,5.93683,2.78,2.81
2012.08.20 10:56:25.814,5.93599,5.93703,2.03,3.00
2012.08.20 10:56:25.876,5.93622,5.93719,2.03,1.35
2012.08.20 10:56:26.366,5.93622,5.93719,2.03,1.35
2012.08.20 10:56:26.433,5.93602,5.93703,2.03,1.35
2012.08.20 10:56:26.566,5.93602,5.93703,2.03,1.35
2012.08.20 10:56:26.685,5.93602,5.93703,2.03,1.35
2012.08.20 10:56:26.875,5.93622,5.93703,2.03,1.35
2012.08.20 10:56:26.938,5.93622,5.93714,2.03,1.35
2012.08.20 10:56:27.738,5.93601,5.93707,2.03,3.00
2012.08.20 10:56:27.800,5.93601,5.93707,2.03,3.00
2012.08.20 10:56:28.093,5.93578,5.93684,2.03,3.38
2012.08.20 10:56:29.318,5.93578,5.93684,2.03,3.38
2012.08.20 10:56:29.437,5.93596,5.93701,2.03,2.78
2012.08.20 10:56:29.728,5.93596,5.93684,2.03,1.35
2012.08.20 10:56:29.848,5.93582,5.93685,2.03,3.00
2012.08.20 10:56:29.911,5.93582,5.93685,2.03,3.00
2012.08.20 10:56:30.249,5.93597,5.937,2.03,2.78
2012.08.20 10:56:30.682,5.93597,5.937,2.03,2.78
2012.08.20 10:56:31.227,5.93597,5.937,2.03,2.78
2012.08.20 10:56:31.776,5.93618,5.93712,2.03,1.35
2012.08.20 10:56:32.066,5.93565,5.93669,2.03,1.73
2012.08.20 10:56:32.129,5.93605,5.93669,2.03,1.73
2012.08.20 10:56:32.192,5.93605,5.93683,2.03,1.50
2012.08.20 10:56:32.255,5.93605,5.93711,2.03,3.00
2012.08.20 10:56:33.855,5.93605,5.93682,2.03,1.50
2012.08.20 10:56:34.199,5.9357,5.93674,2.40,2.03
2012.08.20 10:56:34.262,5.93582,5.93674,2.03,2.03
2012.08.20 10:56:35.005,5.93606,5.9371,2.03,3.00
2012.08.20 10:56:35.566,5.93606,5.9371,2.03,3.00
2012.08.20 10:56:35.628,5.93606,5.9371,2.03,3.00
2012.08.20 10:56:35.806,5.93622,5.93719,2.03,1.35
2012.08.20 10:56:35.869,5.93622,5.93719,2.03,1.35
2012.08.20 10:56:35.932,5.93622,5.93692,2.03,2.06
2012.08.20 10:56:36.280,5.93622,5.93692,2.03,1.83
2012.08.20 10:56:36.342,5.93597,5.93692,2.03,1.83
2012.08.20 10:56:36.404,5.93597,5.93702,2.03,2.03
2012.08.20 10:56:36.678,5.93599,5.93702,2.03,2.78
2012.08.20 10:56:37.001,5.93599,5.93702,2.03,2.78
2012.08.20 10:56:37.176,5.93599,5.93702,2.03,2.78
2012.08.20 10:56:37.926,5.93599,5.93702,2.03,2.03
2012.08.20 10:56:38.044,5.93599,5.93702,2.03,3.00
2012.08.20 10:56:38.220,5.93582,5.93685,2.03,2.63
2012.08.20 10:56:38.730,5.93598,5.93693,2.03,2.81
2012.08.20 10:56:41.459,5.93598,5.93683,2.03,1.35
2012.08.20 10:56:42.897,5.93598,5.93703,2.03,3.00
2012.08.20 10:56:42.959,5.93598,5.93703,2.03,2.78
2012.08.20 10:56:43.076,5.93569,5.93673,3.00,2.03
2012.08.20 10:56:43.194,5.93616,5.93722,2.03,2.78
2012.08.20 10:56:50.187,5.93601,5.93705,2.03,2.78
2012.08.20 10:56:50.737,5.93617,5.93723,2.03,5.21
2012.08.20 10:56:52.924,5.93617,5.93722,2.03,1.50
2012.08.20 10:56:53.099,5.93603,5.93708,2.03,2.40
2012.08.20 10:56:56.056,5.93603,5.93708,2.03,3.15
2012.08.20 10:56:56.400,5.93603,5.93671,2.03,1.35
2012.08.20 10:56:56.463,5.93587,5.93671,2.03,1.35
2012.08.20 10:56:56.695,5.93573,5.93671,2.03,1.35
2012.08.20 10:56:58.718,5.93573,5.93646,2.03,1.50
2012.08.20 10:56:59.029,5.93573,5.93643,2.03,1.50
2012.08.20 10:56:59.588,5.93573,5.93635,2.03,1.50
2012.08.20 10:57:01.160,5.93542,5.93635,2.03,1.50
2012.08.20 10:57:01.278,5.93565,5.93646,2.03,2.78
2012.08.20 10:57:01.694,5.93588,5.93663,2.03,1.13
2012.08.20 10:57:02.165,5.93604,5.93682,2.03,1.50
2012.08.20 10:57:02.481,5.93604,5.93692,2.03,1.50
2012.08.20 10:57:03.418,5.93604,5.93692,2.03,1.50
2012.08.20 10:57:04.229,5.93604,5.93692,2.03,1.50
2012.08.20 10:57:04.349,5.93604,5.93692,2.03,1.50
2012.08.20 10:57:07.286,5.93604,5.93709,2.03,1.35
2012.08.20 10:57:08.138,5.93604,5.93709,2.25,1.13
2012.08.20 10:57:08.199,5.93604,5.9371,3.00,2.03
2012.08.20 10:57:08.530,5.93653,5.93713,2.03,2.58
2012.08.20 10:57:09.360,5.93653,5.93757,2.03,2.78
2012.08.20 10:57:09.849,5.93653,5.93757,2.03,2.78
2012.08.20 10:57:10.182,5.93653,5.93757,2.03,2.78
2012.08.20 10:57:11.447,5.93653,5.93757,2.03,2.78
2012.08.20 10:57:17.246,5.9363,5.93732,2.03,2.78
2012.08.20 10:57:17.973,5.93629,5.93732,2.03,2.78
2012.08.20 10:57:22.032,5.93629,5.93732,2.03,2.78
2012.08.20 10:57:22.564,5.93629,5.93732,2.03,2.78
2012.08.20 10:57:27.285,5.93651,5.93755,2.03,4.80
2012.08.20 10:57:29.175,5.93651,5.93755,2.03,2.78
2012.08.20 10:57:35.697,5.93651,5.93755,2.03,2.78
2012.08.20 10:57:38.956,5.93651,5.93755,2.03,2.78
2012.08.20 10:57:39.068,5.93651,5.93755,2.03,2.78
2012.08.20 10:57:39.615,5.93651,5.93755,2.03,2.78
2012.08.20 10:57:39.827,5.93651,5.93755,2.03,2.78
2012.08.20 10:57:46.990,5.93665,5.9377,2.03,2.78
2012.08.20 10:57:47.109,5.93665,5.9377,2.03,2.78
2012.08.20 10:57:47.227,5.93665,5.9377,2.25,2.78
2012.08.20 10:57:47.567,5.93684,5.93788,2.03,2.78
2012.08.20 10:57:47.985,5.93684,5.93788,2.25,2.78
2012.08.20 10:57:49.874,5.93684,5.93788,3.00,2.78
2012.08.20 10:57:49.992,5.93705,5.93809,2.03,2.78
2012.08.20 10:57:50.111,5.9372,5.93825,2.78,2.25
2012.08.20 10:57:50.230,5.93734,5.93833,3.00,1.83
2012.08.20 10:57:50.292,5.93734,5.9384,3.00,2.03
2012.08.20 10:57:50.355,5.93761,5.93862,2.03,2.78
2012.08.20 10:57:50.726,5.93761,5.93867,2.03,2.78
2012.08.20 10:57:50.998,5.93746,5.93851,2.25,2.78
2012.08.20 10:57:51.396,5.93746,5.93851,2.25,2.78
2012.08.20 10:57:51.927,5.93746,5.93851,2.25,2.78
2012.08.20 10:57:52.056,5.93746,5.93851,2.25,2.78
2012.08.20 10:57:52.175,5.93746,5.93851,2.25,2.78
2012.08.20 10:57:52.257,5.93746,5.93851,2.03,2.78
2012.08.20 10:57:53.101,5.93746,5.93851,2.03,2.78
2012.08.20 10:57:53.881,5.93746,5.93851,2.03,2.78
2012.08.20 10:57:57.198,5.93746,5.93851,2.03,2.78
2012.08.20 10:57:57.336,5.93746,5.93851,2.03,2.78
2012.08.20 10:57:57.400,5.93766,5.93871,2.03,2.78
2012.08.20 10:57:57.761,5.93787,5.93892,2.03,2.78
2012.08.20 10:57:58.113,5.93779,5.93884,3.00,2.78
2012.08.20 10:57:58.288,5.93807,5.93911,2.25,2.78
2012.08.20 10:57:58.351,5.93807,5.93911,3.00,2.78
2012.08.20 10:57:58.414,5.93807,5.93911,3.00,2.78
2012.08.20 10:57:58.476,5.93807,5.93911,3.75,2.78
2012.08.20 10:57:58.780,5.9385,5.93956,2.03,2.78
2012.08.20 10:57:58.852,5.93834,5.9394,2.25,2.78
2012.08.20 10:57:58.915,5.93834,5.9394,2.03,2.78
2012.08.20 10:57:58.977,5.93816,5.93922,2.25,2.78
2012.08.20 10:57:59.832,5.93816,5.93922,2.25,2.78
2012.08.20 10:58:01.482,5.93816,5.93922,2.25,2.78
2012.08.20 10:58:02.068,5.93816,5.93922,2.25,2.78
2012.08.20 10:58:02.411,5.93883,5.93986,2.03,2.78
2012.08.20 10:58:02.474,5.93883,5.93972,2.03,1.50
2012.08.20 10:58:02.593,5.93883,5.93953,2.03,1.73
2012.08.20 10:58:02.713,5.93819,5.93923,3.00,2.03
2012.08.20 10:58:02.833,5.93817,5.939,1.73,2.03
2012.08.20 10:58:02.896,5.93819,5.93923,3.00,2.03
2012.08.20 10:58:03.014,5.93849,5.93955,2.03,2.03
2012.08.20 10:58:03.291,5.93835,5.93939,2.25,2.03
2012.08.20 10:58:03.827,5.93812,5.93916,4.65,2.03
2012.08.20 10:58:03.949,5.9383,5.93934,2.63,2.03
2012.08.20 10:58:04.237,5.93848,5.93952,2.25,2.03
2012.08.20 10:58:04.412,5.93828,5.93932,2.25,2.03
2012.08.20 10:58:05.675,5.93854,5.93952,2.03,1.50
2012.08.20 10:58:05.906,5.9381,5.93916,2.03,2.03
2012.08.20 10:58:07.318,5.93825,5.93931,2.03,2.03
2012.08.20 10:58:07.786,5.93825,5.93931,2.25,2.78
2012.08.20 10:58:08.387,5.93825,5.93931,2.25,2.78
2012.08.20 10:58:08.894,5.93825,5.93931,2.25,2.78
2012.08.20 10:58:09.125,5.93841,5.93947,2.03,2.78
2012.08.20 10:58:09.863,5.93841,5.93947,2.03,2.78
2012.08.20 10:58:09.981,5.93859,5.93953,2.03,1.50
2012.08.20 10:58:10.101,5.93836,5.93937,2.25,2.78
2012.08.20 10:58:11.388,5.93831,5.93937,2.03,2.78
2012.08.20 10:58:11.506,5.93831,5.93937,2.03,2.78
2012.08.20 10:58:11.889,5.93784,5.93882,1.35,2.03
2012.08.20 10:58:17.370,5.93784,5.93882,1.35,2.03
2012.08.20 10:58:17.434,5.93857,5.93962,2.03,1.73
2012.08.20 10:58:18.397,5.93857,5.93963,2.03,2.78
2012.08.20 10:58:19.497,5.93857,5.93963,2.03,2.78
2012.08.20 10:58:20.412,5.93857,5.93963,2.03,2.78
2012.08.20 10:58:20.827,5.93857,5.93963,2.03,2.78
2012.08.20 10:58:21.385,5.93865,5.93963,2.03,2.78
2012.08.20 10:58:21.447,5.93888,5.93994,2.03,2.78
2012.08.20 10:58:21.510,5.93888,5.93994,2.78,2.78
2012.08.20 10:58:21.628,5.93888,5.93994,2.78,2.03
2012.08.20 10:58:21.748,5.93897,5.94003,3.00,2.03
2012.08.20 10:58:21.867,5.93897,5.94003,3.00,2.03
2012.08.20 10:58:24.313,5.93897,5.94003,3.00,2.03
2012.08.20 10:58:24.603,5.9398,5.94084,2.03,2.78
2012.08.20 10:58:24.720,5.9398,5.94052,2.03,1.83
2012.08.20 10:58:24.840,5.93899,5.94005,2.03,2.03
2012.08.20 10:58:25.853,5.93899,5.94005,2.78,2.03
2012.08.20 10:58:26.596,5.93902,5.94006,2.40,2.03
2012.08.20 10:58:26.937,5.9393,5.94006,1.73,2.03
2012.08.20 10:58:26.999,5.93971,5.94029,2.03,2.03
2012.08.20 10:58:27.062,5.93971,5.94076,2.03,2.78
2012.08.20 10:58:27.124,5.93971,5.94043,2.03,1.50
2012.08.20 10:58:27.244,5.93949,5.94022,2.03,2.81
2012.08.20 10:58:27.526,5.93908,5.94014,2.03,3.00
2012.08.20 10:58:27.590,5.93893,5.93997,2.03,2.03
2012.08.20 10:58:27.881,5.93878,5.93981,2.03,2.03
2012.08.20 10:58:28.226,5.93878,5.93981,2.03,2.78
2012.08.20 10:58:28.288,5.93858,5.93961,2.03,2.03
2012.08.20 10:58:28.847,5.93858,5.93961,2.03,2.78
2012.08.20 10:58:28.967,5.93829,5.93935,2.25,2.03
2012.08.20 10:58:29.086,5.93814,5.9392,2.25,2.03
2012.08.20 10:58:29.629,5.93816,5.93919,2.25,2.03
2012.08.20 10:58:29.747,5.93816,5.93919,2.25,2.03
2012.08.20 10:58:29.810,5.93836,5.93941,2.03,2.03
2012.08.20 10:58:30.041,5.93855,5.93961,2.03,3.00
2012.08.20 10:58:30.294,5.93855,5.93961,2.25,2.03
2012.08.20 10:58:30.361,5.93874,5.93979,2.03,2.03
2012.08.20 10:58:30.423,5.93897,5.94,2.03,2.03
2012.08.20 10:58:31.724,5.93874,5.93943,2.03,2.03
2012.08.20 10:58:31.786,5.9384,5.93943,2.03,2.03
2012.08.20 10:58:33.881,5.93854,5.9396,2.03,2.03
2012.08.20 10:58:36.687,5.93854,5.9396,2.78,2.03
2012.08.20 10:58:37.464,5.93854,5.9396,2.40,2.03
2012.08.20 10:58:37.526,5.93833,5.93937,2.78,2.03
2012.08.20 10:58:40.490,5.93833,5.93937,2.78,2.03
2012.08.20 10:58:41.666,5.93833,5.93937,2.78,2.03
2012.08.20 10:58:41.728,5.93833,5.93937,2.78,2.03
2012.08.20 10:58:41.790,5.93856,5.93962,2.03,2.78
2012.08.20 10:58:41.852,5.93835,5.93939,2.78,2.03
2012.08.20 10:58:42.582,5.93835,5.93939,2.78,2.78
2012.08.20 10:58:43.522,5.93835,5.93939,2.78,2.78
2012.08.20 10:58:43.967,5.93835,5.93939,2.78,2.78
2012.08.20 10:58:44.281,5.93835,5.93939,2.78,2.78
2012.08.20 10:58:44.693,5.9382,5.93924,2.78,2.78
2012.08.20 10:58:44.757,5.9382,5.93924,2.78,2.78
2012.08.20 10:58:44.930,5.9382,5.93924,2.03,2.78
2012.08.20 10:58:45.162,5.9382,5.93924,2.03,2.78
2012.08.20 10:58:45.280,5.9382,5.93924,2.78,2.78
2012.08.20 10:58:45.398,5.9382,5.93924,2.78,2.78
2012.08.20 10:58:46.501,5.9382,5.93924,2.78,2.78
2012.08.20 10:58:46.917,5.9382,5.93924,2.78,2.78
2012.08.20 10:58:47.164,5.93835,5.9394,2.03,2.78
2012.08.20 10:58:49.006,5.93835,5.9394,2.03,2.78
2012.08.20 10:58:49.248,5.93835,5.9394,2.03,2.78
2012.08.20 10:58:49.557,5.93835,5.9394,2.03,2.78
2012.08.20 10:58:51.497,5.93854,5.9396,2.03,2.78
2012.08.20 10:58:51.877,5.93854,5.9396,2.03,2.78
2012.08.20 10:58:52.109,5.93854,5.9396,2.03,2.78
2012.08.20 10:58:52.642,5.93854,5.9396,2.03,2.78
2012.08.20 10:58:53.240,5.93854,5.9396,2.03,2.78
2012.08.20 10:58:53.301,5.9387,5.93975,2.03,2.78
2012.08.20 10:58:53.968,5.9387,5.93975,2.03,2.78
2012.08.20 10:58:54.276,5.9387,5.93975,2.03,2.78
2012.08.20 10:58:55.418,5.93878,5.93975,2.48,2.78
2012.08.20 10:58:55.537,5.93913,5.94019,2.40,2.78
2012.08.20 10:58:55.656,5.93913,5.94012,2.03,1.73
2012.08.20 10:58:55.719,5.93904,5.94003,2.03,1.35
2012.08.20 10:58:55.838,5.93891,5.93994,2.03,2.03
2012.08.20 10:58:56.069,5.93891,5.93994,2.03,2.78
2012.08.20 10:58:56.187,5.93874,5.93979,2.03,2.03
2012.08.20 10:58:56.366,5.93874,5.93979,2.78,2.03
2012.08.20 10:58:56.429,5.93904,5.94001,3.00,2.03
2012.08.20 10:58:56.664,5.93926,5.94029,2.25,2.78
2012.08.20 10:58:57.015,5.93944,5.94048,2.03,2.78
2012.08.20 10:58:57.247,5.93925,5.9403,2.25,2.78
2012.08.20 10:58:57.479,5.93925,5.9403,2.25,2.78
2012.08.20 10:58:57.600,5.93925,5.9403,2.25,2.78
2012.08.20 10:58:58.819,5.93925,5.9403,2.25,2.78
2012.08.20 10:58:58.957,5.93925,5.9403,2.25,2.78
2012.08.20 10:58:59.076,5.93925,5.9403,2.25,2.78
2012.08.20 10:58:59.673,5.93925,5.9403,2.25,2.78
2012.08.20 10:58:59.793,5.93925,5.9403,3.00,2.78
2012.08.20 10:59:00.131,5.93906,5.9401,3.00,2.78
2012.08.20 10:59:01.644,5.93955,5.94033,2.03,2.78
2012.08.20 10:59:01.820,5.93955,5.94059,3.00,2.78
2012.08.20 10:59:01.883,5.93955,5.94059,3.00,2.78
2012.08.20 10:59:01.997,5.93955,5.94059,3.00,2.78
2012.08.20 10:59:03.098,5.93955,5.94059,2.78,2.78
2012.08.20 10:59:04.527,5.93955,5.94059,2.78,2.03
2012.08.20 10:59:06.759,5.93972,5.94075,2.78,2.78
2012.08.20 10:59:07.870,5.94003,5.94075,2.10,2.03
2012.08.20 10:59:08.101,5.94066,5.94171,2.78,2.78
2012.08.20 10:59:08.164,5.94066,5.94171,2.78,2.03
2012.08.20 10:59:08.773,5.94081,5.94171,1.50,2.03
2012.08.20 10:59:08.910,5.94081,5.94171,1.50,2.78
2012.08.20 10:59:09.030,5.94081,5.94171,1.50,2.03
2012.08.20 10:59:09.458,5.94081,5.94171,1.50,2.78
2012.08.20 10:59:09.607,5.94081,5.94171,1.50,2.03
2012.08.20 10:59:09.782,5.94064,5.94126,1.13,2.03
2012.08.20 10:59:11.231,5.94027,5.94126,1.50,2.03
2012.08.20 10:59:11.293,5.94027,5.94116,1.50,2.03
2012.08.20 10:59:11.610,5.94027,5.94096,1.50,2.03
2012.08.20 10:59:11.673,5.94027,5.94096,1.50,2.03
2012.08.20 10:59:12.347,5.94027,5.94096,1.50,2.03
2012.08.20 10:59:12.468,5.94027,5.94119,1.50,2.03
2012.08.20 10:59:13.137,5.9406,5.94143,1.13,2.03
2012.08.20 10:59:13.201,5.94069,5.94145,1.50,2.03
2012.08.20 10:59:14.300,5.94069,5.94158,1.50,2.03
2012.08.20 10:59:14.362,5.94069,5.94158,1.13,2.03
2012.08.20 10:59:14.595,5.94045,5.94135,1.35,2.03
2012.08.20 10:59:14.884,5.94042,5.94135,1.35,2.03
2012.08.20 10:59:14.947,5.94031,5.94135,2.78,2.03
2012.08.20 10:59:15.010,5.94055,5.94155,2.03,2.03
2012.08.20 10:59:15.073,5.94055,5.94155,2.03,2.78
2012.08.20 10:59:15.135,5.94002,5.94106,2.78,2.03
2012.08.20 10:59:16.648,5.94002,5.94106,2.78,2.03
2012.08.20 10:59:16.825,5.9404,5.9413,2.40,2.03
2012.08.20 10:59:16.887,5.9404,5.94146,2.40,2.03
2012.08.20 10:59:17.881,5.9404,5.94146,2.03,2.03
2012.08.20 10:59:17.944,5.9404,5.94146,2.03,2.78
2012.08.20 10:59:18.062,5.94025,5.94131,2.40,2.03
2012.08.20 10:59:18.181,5.94006,5.9411,2.78,2.03
2012.08.20 10:59:18.479,5.9402,5.94126,2.78,2.03
2012.08.20 10:59:18.945,5.94057,5.94161,2.78,2.03
2012.08.20 10:59:19.346,5.9404,5.94146,2.78,2.03
2012.08.20 10:59:19.760,5.9404,5.94146,2.78,2.03
2012.08.20 10:59:20.475,5.9404,5.94146,2.78,2.78
2012.08.20 10:59:20.538,5.9404,5.94146,2.03,2.78
2012.08.20 10:59:20.602,5.94023,5.94129,2.78,2.03
2012.08.20 10:59:20.834,5.94023,5.94129,2.40,2.03
2012.08.20 10:59:21.594,5.94023,5.94129,2.78,2.03
2012.08.20 10:59:22.375,5.94023,5.94129,2.40,2.03
2012.08.20 10:59:22.493,5.94023,5.94127,2.40,2.03
2012.08.20 10:59:22.989,5.94008,5.94103,2.48,2.03
2012.08.20 10:59:24.289,5.94008,5.94088,2.48,2.03
2012.08.20 10:59:24.408,5.94008,5.94088,2.10,2.03
2012.08.20 10:59:26.656,5.94008,5.94111,2.10,2.03
2012.08.20 10:59:26.933,5.94008,5.94111,2.48,2.03
2012.08.20 10:59:27.052,5.94055,5.94159,2.40,2.78
2012.08.20 10:59:27.744,5.94055,5.94159,2.78,2.78
2012.08.20 10:59:27.806,5.94055,5.94159,2.78,2.03
2012.08.20 10:59:27.926,5.94055,5.94159,2.78,2.78
2012.08.20 10:59:28.702,5.94055,5.94159,2.78,2.78
2012.08.20 10:59:28.949,5.94055,5.94159,2.03,2.78
2012.08.20 10:59:29.011,5.94031,5.94114,2.78,2.03
2012.08.20 10:59:29.187,5.94009,5.94114,2.78,2.03
2012.08.20 10:59:30.816,5.94009,5.94114,2.03,2.03
2012.08.20 10:59:30.879,5.93989,5.94088,1.13,2.03
2012.08.20 10:59:34.166,5.93987,5.94088,2.70,2.03
2012.08.20 10:59:34.453,5.94002,5.94106,2.63,2.03
2012.08.20 10:59:36.694,5.94017,5.94121,2.63,2.03
2012.08.20 10:59:36.986,5.94017,5.94121,3.00,2.03
2012.08.20 10:59:38.530,5.9405,5.94154,2.03,2.78
2012.08.20 10:59:38.877,5.9405,5.94145,2.25,1.50
2012.08.20 10:59:39.225,5.94026,5.9413,2.25,2.03
2012.08.20 10:59:39.344,5.94026,5.9413,2.25,2.78
2012.08.20 10:59:39.464,5.94026,5.9413,2.25,2.03
2012.08.20 10:59:39.527,5.94048,5.94132,2.03,1.50
2012.08.20 10:59:39.646,5.94028,5.94131,2.03,2.78
2012.08.20 10:59:41.461,5.94028,5.94122,2.03,1.50
2012.08.20 10:59:42.649,5.94028,5.94122,2.03,1.50
2012.08.20 10:59:43.323,5.94028,5.94131,2.03,2.03
2012.08.20 10:59:43.852,5.94028,5.94131,2.78,2.03
2012.08.20 10:59:44.195,5.9407,5.94173,2.03,2.03
2012.08.20 10:59:44.257,5.9407,5.94173,2.03,2.78
2012.08.20 10:59:44.431,5.9404,5.94146,2.25,2.03
2012.08.20 10:59:45.006,5.94025,5.94131,3.00,2.03
2012.08.20 10:59:45.449,5.94045,5.94149,2.25,2.03
2012.08.20 10:59:48.950,5.94068,5.94165,2.03,1.50
2012.08.20 10:59:49.180,5.94053,5.94159,2.03,2.03
2012.08.20 10:59:49.607,5.94096,5.94159,1.50,2.03
2012.08.20 10:59:49.950,5.94164,5.9429,2.25,2.78
2012.08.20 10:59:50.181,5.94164,5.9429,2.25,2.03
2012.08.20 10:59:50.302,5.94145,5.94271,2.25,2.03
2012.08.20 10:59:50.535,5.94145,5.94271,2.25,2.78
2012.08.20 10:59:50.598,5.94145,5.94271,2.25,2.78
2012.08.20 10:59:50.718,5.94145,5.94271,3.00,2.03
2012.08.20 10:59:50.837,5.94145,5.94271,3.00,2.03
2012.08.20 10:59:51.187,5.94147,5.94235,2.70,2.03
2012.08.20 10:59:51.467,5.94159,5.94263,2.78,2.78
2012.08.20 10:59:51.836,5.94173,5.94278,2.03,2.78
2012.08.20 10:59:52.819,5.94173,5.94278,2.03,2.78
2012.08.20 10:59:53.187,5.94173,5.94278,2.03,2.03
2012.08.20 10:59:53.439,5.94173,5.94278,2.03,2.78
2012.08.20 10:59:53.868,5.94173,5.94278,2.03,2.03
2012.08.20 10:59:53.932,5.94173,5.94278,2.78,2.03
2012.08.20 10:59:54.276,5.94173,5.9427,2.03,1.58
2012.08.20 10:59:54.398,5.94146,5.94215,2.03,1.35
2012.08.20 10:59:54.520,5.94097,5.942,2.03,2.03
2012.08.20 10:59:55.192,5.94081,5.94185,2.03,2.03
2012.08.20 10:59:55.383,5.94103,5.94202,2.03,1.50
2012.08.20 10:59:55.505,5.94085,5.94189,2.03,2.03
2012.08.20 10:59:55.843,5.94085,5.94189,2.03,2.78
2012.08.20 10:59:57.223,5.94064,5.9417,2.25,2.03
2012.08.20 10:59:57.679,5.94155,5.9417,3.75,2.03
2012.08.20 10:59:57.741,5.94228,5.9429,1.73,1.13
2012.08.20 10:59:57.802,5.94237,5.9429,2.03,1.13
2012.08.20 10:59:57.863,5.94237,5.94295,2.03,1.13
2012.08.20 10:59:57.925,5.94251,5.94295,2.03,1.13
2012.08.20 10:59:58.043,5.94235,5.94295,2.25,1.13
2012.08.20 10:59:58.162,5.94235,5.94359,2.25,2.03
2012.08.20 10:59:58.372,5.94235,5.94356,2.25,1.35
2012.08.20 10:59:58.663,5.94156,5.94237,1.13,2.03
2012.08.20 10:59:58.726,5.9413,5.94237,1.88,2.03
2012.08.20 10:59:58.790,5.94149,5.94275,2.78,2.25
2012.08.20 10:59:59.034,5.94149,5.94275,2.78,2.03
2012.08.20 10:59:59.110,5.94201,5.94324,2.03,3.00
2012.08.20 10:59:59.174,5.94201,5.94324,2.78,2.03
2012.08.20 10:59:59.238,5.94207,5.94332,2.78,2.03
2012.08.20 10:59:59.360,5.94223,5.94349,2.78,2.03
2012.08.20 10:59:59.676,5.94223,5.94329,2.40,2.03
2012.08.20 10:59:59.738,5.94208,5.94313,3.00,2.03
