2016.07.12 18:00:00.475,8.42352,8.42685,1.07,1.35
2016.07.12 18:00:00.540,8.42352,8.42685,1.37,1.35
2016.07.12 18:00:01.101,8.42352,8.42654,1.07,1.75
2016.07.12 18:00:02.342,8.42354,8.42679,1.35,1.75
2016.07.12 18:00:02.443,8.42354,8.42679,1.35,1.75
2016.07.12 18:00:02.654,8.42354,8.42671,1.35,1.75
2016.07.12 18:00:05.853,8.42382,8.42683,1.57,1.75
2016.07.12 18:00:15.659,8.42402,8.42685,1.00,1.35
2016.07.12 18:00:18.278,8.42402,8.42697,1.00,1.75
2016.07.12 18:00:18.915,8.42352,8.4267,1.97,1.75
2016.07.12 18:00:25.972,8.42354,8.42679,1.75,1.75
2016.07.12 18:00:26.425,8.42354,8.42679,1.97,1.75
2016.07.12 18:00:30.157,8.42362,8.42679,1.75,1.75
2016.07.12 18:00:32.885,8.42362,8.42666,1.37,1.35
2016.07.12 18:00:35.300,8.42362,8.42666,1.00,1.35
2016.07.12 18:00:35.988,8.42362,8.42666,1.37,1.35
2016.07.12 18:00:38.290,8.42362,8.42666,1.00,2.10
2016.07.12 18:00:38.951,8.42382,8.42666,1.00,2.10
2016.07.12 18:00:47.201,8.42382,8.42666,1.00,1.35
2016.07.12 18:00:47.302,8.42382,8.42666,1.00,1.35
2016.07.12 18:00:48.877,8.42342,8.42653,1.37,1.75
2016.07.12 18:00:49.303,8.42342,8.42643,1.07,1.75
2016.07.12 18:00:49.955,8.42342,8.42666,1.37,2.10
2016.07.12 18:00:51.751,8.42362,8.4268,1.00,1.75
2016.07.12 18:00:52.093,8.42366,8.4269,1.35,1.75
2016.07.12 18:00:52.145,8.42363,8.4269,1.37,1.75
2016.07.12 18:00:52.474,8.42364,8.42691,1.50,2.10
2016.07.12 18:00:55.362,8.4238,8.42694,1.37,1.35
2016.07.12 18:01:00.570,8.42406,8.42726,1.60,1.75
2016.07.12 18:01:00.621,8.42415,8.42741,1.35,1.75
2016.07.12 18:01:00.732,8.42422,8.42741,1.35,1.75
2016.07.12 18:01:02.482,8.42403,8.42725,1.12,1.75
2016.07.12 18:01:02.831,8.42403,8.42703,1.00,1.75
2016.07.12 18:01:03.142,8.42403,8.42726,1.37,2.25
2016.07.12 18:01:03.737,8.42403,8.42726,1.37,2.25
2016.07.12 18:01:04.915,8.42422,8.42742,1.72,1.75
2016.07.12 18:01:07.769,8.42422,8.42748,2.10,1.75
2016.07.12 18:01:09.851,8.4244,8.42768,1.35,2.25
2016.07.12 18:01:10.182,8.42451,8.42777,1.75,2.25
2016.07.12 18:01:10.940,8.42452,8.42777,1.35,1.00
2016.07.12 18:01:12.151,8.42459,8.42777,1.75,1.00
2016.07.12 18:01:12.934,8.42501,8.42789,1.07,1.00
2016.07.12 18:01:13.035,8.42474,8.42789,1.75,1.00
2016.07.12 18:01:13.475,8.42479,8.42789,1.75,1.37
2016.07.12 18:01:15.690,8.42479,8.42789,1.75,1.75
2016.07.12 18:01:20.310,8.42479,8.42804,2.25,1.75
2016.07.12 18:01:22.979,8.42507,8.42808,1.35,1.37
2016.07.12 18:01:25.590,8.42499,8.42798,1.97,1.75
2016.07.12 18:01:29.388,8.42499,8.42805,1.97,1.75
2016.07.12 18:01:29.539,8.42508,8.42808,1.35,1.75
2016.07.12 18:01:29.640,8.4252,8.42808,1.35,1.07
2016.07.12 18:01:31.662,8.4253,8.42808,1.35,1.07
2016.07.12 18:01:32.314,8.4253,8.42808,1.35,1.00
2016.07.12 18:01:34.090,8.4253,8.42808,1.27,1.07
2016.07.12 18:01:34.305,8.4253,8.42808,1.27,1.00
2016.07.12 18:01:34.619,8.42521,8.42808,1.97,1.00
2016.07.12 18:01:34.929,8.42568,8.42808,1.00,1.00
2016.07.12 18:01:35.310,8.42568,8.42808,1.07,1.00
2016.07.12 18:01:37.232,8.42573,8.42808,1.10,1.00
2016.07.12 18:01:43.416,8.42557,8.42808,1.35,1.00
2016.07.12 18:01:50.659,8.42561,8.42808,1.41,1.00
2016.07.12 18:01:50.889,8.42561,8.42808,1.41,1.00
2016.07.12 18:01:52.780,8.42572,8.42808,1.35,1.00
2016.07.12 18:01:59.262,8.42585,8.42877,1.37,1.57
2016.07.12 18:01:59.457,8.42548,8.42857,1.79,1.00
2016.07.12 18:01:59.508,8.42548,8.42857,1.41,1.07
2016.07.12 18:02:00.274,8.42547,8.42868,1.39,1.07
2016.07.12 18:02:00.375,8.42547,8.42848,1.39,1.00
2016.07.12 18:02:00.554,8.42547,8.42858,1.39,1.00
2016.07.12 18:02:00.721,8.42547,8.42847,1.39,1.00
2016.07.12 18:02:01.061,8.42547,8.42837,1.39,1.00
2016.07.12 18:02:01.556,8.42547,8.42848,1.39,1.00
2016.07.12 18:02:02.083,8.42547,8.42871,1.39,1.07
2016.07.12 18:02:02.253,8.42573,8.42871,1.13,1.00
2016.07.12 18:02:02.354,8.42547,8.42871,1.39,1.00
2016.07.12 18:02:02.556,8.42547,8.42871,1.39,1.07
2016.07.12 18:02:02.809,8.42595,8.42871,1.07,1.00
2016.07.12 18:02:04.475,8.42595,8.42878,1.07,1.00
2016.07.12 18:02:04.582,8.42604,8.42878,1.00,1.00
2016.07.12 18:02:05.412,8.42587,8.42878,1.07,1.57
2016.07.12 18:02:05.856,8.42587,8.42878,1.97,1.07
2016.07.12 18:02:07.758,8.42592,8.42882,1.79,1.57
2016.07.12 18:02:08.064,8.42608,8.42881,1.75,1.00
2016.07.12 18:02:08.615,8.42608,8.42882,1.75,1.00
2016.07.12 18:02:09.389,8.42608,8.42883,1.75,1.00
2016.07.12 18:02:10.020,8.42608,8.42882,1.75,1.00
2016.07.12 18:02:10.339,8.4261,8.42882,1.35,1.00
2016.07.12 18:02:10.680,8.42619,8.42885,1.35,1.00
2016.07.12 18:02:11.130,8.42619,8.42885,1.35,1.00
2016.07.12 18:02:11.449,8.42647,8.42885,1.35,1.00
2016.07.12 18:02:11.699,8.42646,8.42885,1.35,1.00
2016.07.12 18:02:12.206,8.42647,8.42892,1.72,1.00
2016.07.12 18:02:13.569,8.42647,8.42892,1.42,1.00
2016.07.12 18:02:14.775,8.42647,8.42892,1.39,1.00
2016.07.12 18:02:15.203,8.42658,8.42892,1.35,1.00
2016.07.12 18:02:15.405,8.42703,8.42958,1.01,1.00
2016.07.12 18:02:15.456,8.4271,8.42958,1.97,1.00
2016.07.12 18:02:15.507,8.4271,8.42988,1.97,1.00
2016.07.12 18:02:15.559,8.42717,8.42988,1.35,1.00
2016.07.12 18:02:16.149,8.42717,8.43038,1.35,1.37
2016.07.12 18:02:16.200,8.42717,8.43038,1.35,1.00
2016.07.12 18:02:16.427,8.42717,8.43038,1.35,2.25
2016.07.12 18:02:16.528,8.42717,8.43038,1.35,1.00
2016.07.12 18:02:16.893,8.42717,8.43038,2.14,1.00
2016.07.12 18:02:17.073,8.42738,8.43038,1.50,1.37
2016.07.12 18:02:17.184,8.42738,8.43037,1.75,1.00
2016.07.12 18:02:17.778,8.42754,8.43017,1.37,1.00
2016.07.12 18:02:17.879,8.42754,8.43037,1.37,1.00
2016.07.12 18:02:19.431,8.42754,8.43038,1.37,1.00
2016.07.12 18:02:19.983,8.42754,8.43037,1.37,1.00
2016.07.12 18:02:21.883,8.42754,8.43008,1.37,1.00
2016.07.12 18:02:22.034,8.42754,8.43008,1.00,1.00
2016.07.12 18:02:22.085,8.42754,8.42998,1.00,1.00
2016.07.12 18:02:22.344,8.42716,8.42998,1.35,1.00
2016.07.12 18:02:22.607,8.42716,8.42988,1.35,1.00
2016.07.12 18:02:22.888,8.42716,8.42998,1.35,1.00
2016.07.12 18:02:23.387,8.42716,8.43008,1.35,1.00
2016.07.12 18:02:23.605,8.42723,8.42998,1.37,1.00
2016.07.12 18:02:23.994,8.42723,8.42988,1.37,1.10
2016.07.12 18:02:24.145,8.42723,8.42987,1.07,1.00
2016.07.12 18:02:24.196,8.42723,8.43008,1.07,1.00
2016.07.12 18:02:24.350,8.42726,8.43008,1.35,1.00
2016.07.12 18:02:24.856,8.42738,8.43007,1.37,1.00
2016.07.12 18:02:25.397,8.42738,8.42998,1.37,1.00
2016.07.12 18:02:25.622,8.42738,8.43008,1.37,1.00
2016.07.12 18:02:26.717,8.42738,8.43018,1.37,1.50
2016.07.12 18:02:26.768,8.42738,8.43018,1.75,1.50
2016.07.12 18:02:29.393,8.42751,8.43017,1.37,1.00
2016.07.12 18:02:30.094,8.42751,8.43008,1.37,1.00
2016.07.12 18:02:30.395,8.42751,8.43018,1.37,1.50
2016.07.12 18:02:30.620,8.42751,8.43008,1.37,1.00
2016.07.12 18:02:31.076,8.42751,8.43008,1.10,1.00
2016.07.12 18:02:31.147,8.42751,8.42998,1.10,1.00
2016.07.12 18:02:31.321,8.42751,8.43008,1.10,1.00
2016.07.12 18:02:31.372,8.42751,8.43008,1.37,1.00
2016.07.12 18:02:32.247,8.42751,8.43008,1.75,1.00
2016.07.12 18:02:34.231,8.42775,8.43018,1.07,1.50
2016.07.12 18:02:34.742,8.42775,8.43017,1.07,1.00
2016.07.12 18:02:34.793,8.42775,8.43017,1.37,1.00
2016.07.12 18:02:36.122,8.42775,8.43018,1.37,1.00
2016.07.12 18:02:36.509,8.42775,8.43018,1.75,1.00
2016.07.12 18:02:36.882,8.42794,8.43018,1.75,1.00
2016.07.12 18:02:36.984,8.42794,8.43018,1.50,1.00
2016.07.12 18:02:38.504,8.42803,8.43068,1.97,1.00
2016.07.12 18:02:38.555,8.42849,8.43068,1.60,1.00
2016.07.12 18:02:38.606,8.4287,8.43168,1.00,1.75
2016.07.12 18:02:38.657,8.42891,8.43168,1.75,1.00
2016.07.12 18:02:38.758,8.4293,8.43168,1.37,1.00
2016.07.12 18:02:38.917,8.4296,8.43218,1.37,1.00
2016.07.12 18:02:38.968,8.4296,8.43218,1.75,1.00
2016.07.12 18:02:39.313,8.4298,8.43218,1.37,1.50
2016.07.12 18:02:39.662,8.4298,8.43208,1.37,1.00
2016.07.12 18:02:39.727,8.4298,8.43218,1.37,1.00
2016.07.12 18:02:40.423,8.42967,8.43218,1.79,1.00
2016.07.12 18:02:40.810,8.42967,8.43208,1.79,1.00
2016.07.12 18:02:40.907,8.42967,8.43208,1.41,1.00
2016.07.12 18:02:41.620,8.42967,8.43208,1.37,1.00
2016.07.12 18:02:42.285,8.42967,8.43208,1.37,1.00
2016.07.12 18:02:42.896,8.42967,8.43207,1.37,1.00
2016.07.12 18:02:43.714,8.42962,8.43208,1.37,1.00
2016.07.12 18:02:43.927,8.42957,8.43228,1.50,1.50
2016.07.12 18:02:44.184,8.42976,8.43228,1.37,1.00
2016.07.12 18:02:44.817,8.4298,8.43228,1.75,1.00
2016.07.12 18:02:45.011,8.42992,8.43258,1.37,1.00
2016.07.12 18:02:45.062,8.42992,8.43278,1.37,1.50
2016.07.12 18:02:45.163,8.42992,8.43268,1.75,1.00
2016.07.12 18:02:45.495,8.42995,8.43258,1.75,1.00
2016.07.12 18:02:45.930,8.42992,8.43268,1.75,1.00
2016.07.12 18:02:46.281,8.42995,8.43277,1.75,1.00
2016.07.12 18:02:46.828,8.42997,8.43278,1.37,1.00
2016.07.12 18:02:47.729,8.42997,8.43268,1.37,1.00
2016.07.12 18:02:48.230,8.42992,8.43258,2.25,1.00
2016.07.12 18:02:48.729,8.42992,8.43248,2.25,1.00
2016.07.12 18:02:49.822,8.42992,8.43258,2.25,1.00
2016.07.12 18:02:52.399,8.42992,8.43258,2.25,1.00
2016.07.12 18:02:53.033,8.43014,8.43268,1.37,1.00
2016.07.12 18:02:53.842,8.43014,8.43258,1.37,1.00
2016.07.12 18:02:53.926,8.43014,8.43267,1.37,1.00
2016.07.12 18:02:56.628,8.43014,8.43278,1.37,1.50
2016.07.12 18:02:58.370,8.43035,8.43278,1.00,1.00
2016.07.12 18:02:58.422,8.43033,8.43278,1.00,1.00
2016.07.12 18:02:58.473,8.43033,8.43278,1.37,1.00
2016.07.12 18:02:59.031,8.43042,8.43268,1.97,1.00
2016.07.12 18:02:59.332,8.43042,8.43278,1.97,1.50
2016.07.12 18:03:00.069,8.43028,8.43267,1.35,1.00
2016.07.12 18:03:00.221,8.43023,8.43258,1.97,1.00
2016.07.12 18:03:00.272,8.43023,8.43248,1.97,1.00
2016.07.12 18:03:00.533,8.43023,8.43258,1.67,1.00
2016.07.12 18:03:02.186,8.42999,8.43258,1.37,1.00
2016.07.12 18:03:02.237,8.42999,8.43228,1.37,1.00
2016.07.12 18:03:02.339,8.42982,8.43208,1.01,1.00
2016.07.12 18:03:02.440,8.42972,8.43197,1.04,1.00
2016.07.12 18:03:02.591,8.42972,8.43197,1.00,1.00
2016.07.12 18:03:02.643,8.42938,8.43198,1.35,1.00
2016.07.12 18:03:02.745,8.42936,8.43198,1.70,1.00
2016.07.12 18:03:02.837,8.42936,8.43188,1.70,1.00
2016.07.12 18:03:03.085,8.42936,8.43198,1.70,1.00
2016.07.12 18:03:03.243,8.42936,8.43188,1.70,1.00
2016.07.12 18:03:03.838,8.42936,8.43198,1.70,1.00
2016.07.12 18:03:04.480,8.42936,8.43207,1.60,1.00
2016.07.12 18:03:05.188,8.42936,8.43198,1.60,1.00
2016.07.12 18:03:05.238,8.42936,8.43198,1.00,1.00
2016.07.12 18:03:05.289,8.42936,8.43188,1.00,1.00
2016.07.12 18:03:07.765,8.42936,8.43207,1.00,1.00
2016.07.12 18:03:07.991,8.42922,8.43207,1.00,1.00
2016.07.12 18:03:08.042,8.42922,8.43128,1.00,1.00
2016.07.12 18:03:08.152,8.42893,8.43128,1.01,1.00
2016.07.12 18:03:08.203,8.42893,8.43088,1.01,7.12
2016.07.12 18:03:09.612,8.42852,8.43088,1.00,7.12
2016.07.12 18:03:09.764,8.42852,8.43086,1.00,7.12
2016.07.12 18:03:09.865,8.42852,8.43088,1.00,7.12
2016.07.12 18:03:09.916,8.42793,8.43088,1.60,7.12
2016.07.12 18:03:12.247,8.42819,8.43088,1.00,7.12
2016.07.12 18:03:12.551,8.42831,8.43088,1.60,7.12
2016.07.12 18:03:12.804,8.42829,8.43088,1.00,7.12
2016.07.12 18:03:12.855,8.42819,8.4301,1.00,1.00
2016.07.12 18:03:12.956,8.42792,8.4301,1.00,1.00
2016.07.12 18:03:13.117,8.42792,8.43055,1.00,1.00
2016.07.12 18:03:13.168,8.42759,8.43055,1.00,1.37
2016.07.12 18:03:13.219,8.42742,8.43055,1.00,1.00
2016.07.12 18:03:13.320,8.42742,8.43055,1.00,1.37
2016.07.12 18:03:13.536,8.42692,8.43055,1.00,1.37
2016.07.12 18:03:13.739,8.42692,8.43002,1.00,1.00
2016.07.12 18:03:14.059,8.42692,8.43002,1.00,1.07
2016.07.12 18:03:14.368,8.42692,8.42956,1.00,1.07
2016.07.12 18:03:14.938,8.42693,8.42956,1.00,1.07
2016.07.12 18:03:16.077,8.42653,8.42956,1.00,1.07
2016.07.12 18:03:16.489,8.42653,8.42956,1.00,1.07
2016.07.12 18:03:16.819,8.42653,8.42918,1.00,1.00
2016.07.12 18:03:17.618,8.42652,8.42918,1.00,1.00
2016.07.12 18:03:18.821,8.42652,8.42926,1.00,1.00
2016.07.12 18:03:19.637,8.42653,8.42926,1.00,1.00
2016.07.12 18:03:20.022,8.42653,8.42928,1.00,1.00
2016.07.12 18:03:21.069,8.42671,8.42928,1.00,1.00
2016.07.12 18:03:21.119,8.42671,8.42979,1.00,1.37
2016.07.12 18:03:21.220,8.42671,8.43014,1.00,1.07
2016.07.12 18:03:21.322,8.42671,8.43014,1.00,1.00
2016.07.12 18:03:22.431,8.42671,8.43014,1.07,1.00
2016.07.12 18:03:22.734,8.4271,8.4304,1.00,1.00
2016.07.12 18:03:23.080,8.42705,8.4304,1.07,1.00
2016.07.12 18:03:23.872,8.42725,8.4304,1.00,1.00
2016.07.12 18:03:23.992,8.42705,8.4304,1.07,1.00
2016.07.12 18:03:24.128,8.42714,8.43067,1.07,1.00
2016.07.12 18:03:24.360,8.42727,8.43052,1.00,1.00
2016.07.12 18:03:24.675,8.42695,8.4302,1.07,1.00
2016.07.12 18:03:24.744,8.42686,8.43029,1.07,1.00
2016.07.12 18:03:24.848,8.42686,8.43029,1.00,1.07
2016.07.12 18:03:25.067,8.42692,8.43029,1.00,1.07
2016.07.12 18:03:25.400,8.42714,8.43029,1.00,1.00
2016.07.12 18:03:25.451,8.42714,8.43041,1.00,1.00
2016.07.12 18:03:25.552,8.42695,8.43052,1.50,1.00
2016.07.12 18:03:25.729,8.42695,8.43052,1.57,1.07
2016.07.12 18:03:26.070,8.42714,8.43024,1.00,1.00
2016.07.12 18:03:26.171,8.42714,8.43041,1.00,1.00
2016.07.12 18:03:26.297,8.42723,8.43041,1.00,1.07
2016.07.12 18:03:26.522,8.42742,8.43054,1.00,1.07
2016.07.12 18:03:26.573,8.42721,8.43054,1.00,1.07
2016.07.12 18:03:26.662,8.42737,8.43054,1.00,1.07
2016.07.12 18:03:27.071,8.42715,8.43039,1.00,1.00
2016.07.12 18:03:29.688,8.42715,8.43032,1.00,1.00
2016.07.12 18:03:30.274,8.42722,8.43032,1.00,1.00
2016.07.12 18:03:30.583,8.42715,8.43012,1.00,1.00
2016.07.12 18:03:31.015,8.42703,8.43012,1.00,1.00
2016.07.12 18:03:31.558,8.42703,8.43011,1.00,1.00
2016.07.12 18:03:32.179,8.42703,8.4304,1.00,1.37
2016.07.12 18:03:32.331,8.42704,8.43031,1.00,1.07
2016.07.12 18:03:34.595,8.42723,8.43031,1.00,1.07
2016.07.12 18:03:34.797,8.42732,8.43049,1.00,1.00
2016.07.12 18:03:34.949,8.42744,8.43057,1.00,1.07
2016.07.12 18:03:35.101,8.42752,8.43087,1.00,1.07
2016.07.12 18:03:35.282,8.42744,8.43078,1.00,1.07
2016.07.12 18:03:35.582,8.42752,8.43078,1.00,1.07
2016.07.12 18:03:35.728,8.42752,8.43087,1.00,1.00
2016.07.12 18:03:35.782,8.42772,8.43087,1.00,1.00
2016.07.12 18:03:35.934,8.42772,8.43123,1.00,1.97
2016.07.12 18:03:36.058,8.42772,8.43123,1.00,1.67
2016.07.12 18:03:36.283,8.42767,8.43123,1.00,1.67
2016.07.12 18:03:36.357,8.42753,8.43103,1.07,1.00
2016.07.12 18:03:36.784,8.42756,8.43083,1.07,1.00
2016.07.12 18:03:37.869,8.42769,8.43126,1.00,1.07
2016.07.12 18:03:37.970,8.42816,8.43126,1.00,1.00
2016.07.12 18:03:38.071,8.42816,8.43151,1.00,1.00
2016.07.12 18:03:38.172,8.42816,8.43151,1.00,1.07
2016.07.12 18:03:38.504,8.42816,8.43151,1.00,1.00
2016.07.12 18:03:38.960,8.42817,8.43157,1.00,1.00
2016.07.12 18:03:39.393,8.42787,8.43125,1.37,1.00
2016.07.12 18:03:39.594,8.42801,8.43125,1.00,1.00
2016.07.12 18:03:40.055,8.42769,8.43125,1.00,1.07
2016.07.12 18:03:40.162,8.42778,8.43105,1.00,1.00
2016.07.12 18:03:40.862,8.42778,8.43103,1.00,1.00
2016.07.12 18:03:41.062,8.42761,8.43103,1.07,1.00
2016.07.12 18:03:41.182,8.42767,8.43094,1.10,1.00
2016.07.12 18:03:41.940,8.42762,8.43103,1.00,1.07
2016.07.12 18:03:41.990,8.42762,8.43085,1.00,1.00
2016.07.12 18:03:42.091,8.42753,8.43085,1.00,1.00
2016.07.12 18:03:42.193,8.42755,8.43071,1.00,1.00
2016.07.12 18:03:42.294,8.42755,8.43082,1.00,1.00
2016.07.12 18:03:42.345,8.42783,8.43084,1.00,1.00
2016.07.12 18:03:42.395,8.42783,8.43108,1.00,1.07
2016.07.12 18:03:42.446,8.42783,8.43108,1.00,1.00
2016.07.12 18:03:42.562,8.42772,8.43128,1.00,1.00
2016.07.12 18:03:42.613,8.42766,8.43111,1.00,1.00
2016.07.12 18:03:42.916,8.42758,8.43084,1.00,1.00
2016.07.12 18:03:43.183,8.42755,8.43084,1.00,1.00
2016.07.12 18:03:43.284,8.42755,8.43067,1.00,1.00
2016.07.12 18:03:43.385,8.42753,8.43067,1.00,1.00
2016.07.12 18:03:43.549,8.42753,8.43067,1.00,1.07
2016.07.12 18:03:44.002,8.42753,8.4306,1.00,1.00
2016.07.12 18:03:44.322,8.42753,8.43067,1.00,1.07
2016.07.12 18:03:44.373,8.42753,8.43038,1.00,1.00
2016.07.12 18:03:44.713,8.42753,8.43044,1.00,1.07
2016.07.12 18:03:45.382,8.42753,8.43039,1.00,1.00
2016.07.12 18:03:45.864,8.42742,8.43039,1.00,1.00
2016.07.12 18:03:53.604,8.42742,8.43031,1.00,1.00
2016.07.12 18:03:53.930,8.42742,8.43015,1.00,1.00
2016.07.12 18:03:55.882,8.42712,8.43015,1.00,1.00
2016.07.12 18:03:56.902,8.42712,8.43018,1.00,1.00
2016.07.12 18:04:01.342,8.42712,8.43017,1.00,1.00
2016.07.12 18:04:01.919,8.42712,8.43018,1.00,1.00
2016.07.12 18:04:02.513,8.4272,8.43018,1.00,1.00
2016.07.12 18:04:03.122,8.4272,8.43009,1.00,1.00
2016.07.12 18:04:03.866,8.4272,8.43018,1.00,1.00
2016.07.12 18:04:04.516,8.42712,8.43018,1.00,1.00
2016.07.12 18:04:05.515,8.42727,8.43018,1.00,1.00
2016.07.12 18:04:11.603,8.42727,8.43038,1.00,1.07
2016.07.12 18:04:11.654,8.42781,8.43088,1.00,1.00
2016.07.12 18:04:12.551,8.42781,8.43067,1.00,1.00
2016.07.12 18:04:13.442,8.42773,8.43067,1.00,1.00
2016.07.12 18:04:18.927,8.42781,8.43067,1.00,1.00
2016.07.12 18:04:21.479,8.42781,8.43067,1.00,1.07
2016.07.12 18:04:21.580,8.42766,8.4306,1.00,1.10
2016.07.12 18:04:21.631,8.42766,8.4306,1.00,1.12
2016.07.12 18:04:21.953,8.42766,8.43038,1.00,1.00
2016.07.12 18:04:23.472,8.42744,8.43038,1.00,1.00
2016.07.12 18:04:25.015,8.42744,8.43062,1.00,1.37
2016.07.12 18:04:25.066,8.42744,8.43062,1.00,1.00
2016.07.12 18:04:26.535,8.42758,8.43062,1.00,1.00
2016.07.12 18:04:27.434,8.42758,8.43041,1.00,1.00
2016.07.12 18:04:28.117,8.42758,8.43058,1.00,1.00
2016.07.12 18:04:28.227,8.42758,8.43058,1.00,1.07
2016.07.12 18:04:28.553,8.42758,8.43021,1.00,1.00
2016.07.12 18:04:30.582,8.42743,8.43021,1.00,1.00
2016.07.12 18:04:31.583,8.42743,8.43018,1.00,1.00
2016.07.12 18:04:33.344,8.42759,8.43018,1.00,1.00
2016.07.12 18:04:36.745,8.42743,8.43018,1.00,1.00
2016.07.12 18:04:38.683,8.4272,8.43018,1.00,1.00
2016.07.12 18:04:45.853,8.42735,8.43018,1.00,1.00
2016.07.12 18:04:48.219,8.42735,8.43014,1.00,1.00
2016.07.12 18:04:50.057,8.4275,8.43014,1.00,1.00
2016.07.12 18:04:50.469,8.4275,8.43018,1.00,1.00
2016.07.12 18:04:50.623,8.4275,8.42997,1.00,1.00
2016.07.12 18:04:51.759,8.42735,8.42997,1.00,1.00
2016.07.12 18:04:52.884,8.42735,8.42988,1.00,1.00
2016.07.12 18:04:53.223,8.42735,8.42978,1.00,1.00
2016.07.12 18:04:53.392,8.42697,8.42978,1.00,1.00
2016.07.12 18:04:54.462,8.4272,8.42978,1.00,1.00
2016.07.12 18:04:56.677,8.42697,8.42978,1.00,1.00
2016.07.12 18:05:00.444,8.42697,8.42996,1.00,1.00
2016.07.12 18:05:01.573,8.42702,8.43023,1.00,1.00
2016.07.12 18:05:01.674,8.42702,8.43038,1.00,1.00
2016.07.12 18:05:01.775,8.42697,8.43038,1.07,1.00
2016.07.12 18:05:01.876,8.42702,8.43038,1.00,1.00
2016.07.12 18:05:02.207,8.42712,8.43038,1.00,1.00
2016.07.12 18:05:02.791,8.4272,8.43068,1.00,1.87
2016.07.12 18:05:02.892,8.42721,8.43046,1.00,1.00
2016.07.12 18:05:04.971,8.42722,8.43046,1.00,1.00
2016.07.12 18:05:05.502,8.42721,8.43046,1.00,1.00
2016.07.12 18:05:07.445,8.42721,8.43022,1.00,1.00
2016.07.12 18:05:07.975,8.4272,8.43022,1.00,1.00
2016.07.12 18:05:08.339,8.4272,8.43013,1.00,1.00
2016.07.12 18:05:10.073,8.42697,8.43013,1.07,1.00
2016.07.12 18:05:10.225,8.42697,8.43022,1.07,1.00
2016.07.12 18:05:10.276,8.42692,8.42991,1.00,1.00
2016.07.12 18:05:10.328,8.42638,8.42978,1.37,1.00
2016.07.12 18:05:10.380,8.42637,8.42951,1.00,1.00
2016.07.12 18:05:11.674,8.42632,8.42951,1.00,1.00
2016.07.12 18:05:12.090,8.42632,8.42948,1.00,1.00
2016.07.12 18:05:12.433,8.42606,8.42915,1.00,1.00
2016.07.12 18:05:12.975,8.42606,8.42897,1.00,1.00
2016.07.12 18:05:13.026,8.42582,8.42897,1.00,1.00
2016.07.12 18:05:13.177,8.42582,8.429,1.00,1.07
2016.07.12 18:05:13.803,8.42582,8.429,1.00,1.00
2016.07.12 18:05:17.486,8.42595,8.42907,1.00,1.00
2016.07.12 18:05:17.681,8.42595,8.42921,1.00,1.07
2016.07.12 18:05:17.833,8.42603,8.42921,1.00,1.00
2016.07.12 18:05:19.591,8.42612,8.42921,1.00,1.00
2016.07.12 18:05:19.752,8.42617,8.42943,1.00,1.07
2016.07.12 18:05:24.173,8.42617,8.42914,1.00,1.00
2016.07.12 18:05:30.562,8.42612,8.42914,1.00,1.00
2016.07.12 18:05:30.682,8.42612,8.42892,1.00,1.00
2016.07.12 18:05:30.882,8.42612,8.42913,1.00,1.00
2016.07.12 18:05:32.406,8.42598,8.42911,1.00,1.00
2016.07.12 18:05:39.004,8.42598,8.42917,1.00,1.00
2016.07.12 18:05:41.078,8.42612,8.42927,1.00,1.07
2016.07.12 18:05:43.804,8.42621,8.42928,1.00,1.07
2016.07.12 18:05:44.676,8.42621,8.42928,1.00,1.00
2016.07.12 18:05:44.727,8.42622,8.42937,1.00,1.00
2016.07.12 18:05:44.996,8.42626,8.42951,1.00,1.50
2016.07.12 18:05:45.621,8.42632,8.42951,1.00,1.50
2016.07.12 18:05:46.224,8.42637,8.42951,1.00,1.00
2016.07.12 18:05:47.623,8.42642,8.42951,1.00,1.00
2016.07.12 18:05:48.524,8.42637,8.42951,1.00,1.00
2016.07.12 18:05:48.724,8.42642,8.42951,1.00,1.00
2016.07.12 18:05:50.661,8.42653,8.42978,1.50,1.07
2016.07.12 18:06:00.661,8.42652,8.42978,1.00,1.07
2016.07.12 18:06:08.219,8.42652,8.42953,1.00,1.00
2016.07.12 18:06:10.665,8.42628,8.42953,1.00,1.00
2016.07.12 18:06:13.246,8.42628,8.4295,1.00,1.00
2016.07.12 18:06:14.477,8.42628,8.42953,1.00,1.00
2016.07.12 18:06:16.058,8.42628,8.42945,1.00,1.00
2016.07.12 18:06:16.483,8.42628,8.42937,1.00,1.00
2016.07.12 18:06:16.584,8.42628,8.42945,1.00,1.00
2016.07.12 18:06:17.319,8.42623,8.42927,1.00,1.00
2016.07.12 18:06:17.421,8.42634,8.42961,1.00,1.07
2016.07.12 18:06:17.472,8.42642,8.42967,1.00,1.00
2016.07.12 18:06:18.049,8.42649,8.42967,1.00,1.00
2016.07.12 18:06:18.559,8.4265,8.42967,1.00,1.00
2016.07.12 18:06:18.812,8.42674,8.42999,1.00,1.00
2016.07.12 18:06:18.862,8.42682,8.42999,1.00,1.00
2016.07.12 18:06:19.898,8.42682,8.43008,1.00,1.00
2016.07.12 18:06:20.028,8.42684,8.43008,1.00,1.00
2016.07.12 18:06:20.339,8.42697,8.43008,1.00,1.00
2016.07.12 18:06:21.065,8.42697,8.43006,1.00,1.00
2016.07.12 18:06:23.870,8.42697,8.43011,1.00,1.00
2016.07.12 18:06:28.946,8.42689,8.43011,1.00,1.00
2016.07.12 18:06:30.347,8.42684,8.43011,1.60,1.00
2016.07.12 18:06:30.398,8.42693,8.43011,1.00,1.00
2016.07.12 18:06:31.271,8.42702,8.43011,1.00,1.00
2016.07.12 18:06:31.388,8.42703,8.43018,1.00,1.00
2016.07.12 18:06:32.528,8.4269,8.43008,1.00,1.00
2016.07.12 18:06:32.629,8.42681,8.43008,1.60,1.00
2016.07.12 18:06:33.906,8.42692,8.43008,1.00,1.00
2016.07.12 18:06:34.149,8.42685,8.43012,1.35,1.00
2016.07.12 18:06:34.376,8.42692,8.43012,1.00,1.00
2016.07.12 18:06:34.576,8.42685,8.43012,1.00,1.00
2016.07.12 18:06:34.627,8.42685,8.43,1.00,1.00
2016.07.12 18:06:34.896,8.42682,8.43,1.00,1.00
2016.07.12 18:06:34.978,8.42693,8.43,1.00,1.00
2016.07.12 18:06:35.319,8.42692,8.42987,1.00,1.00
2016.07.12 18:06:35.657,8.42725,8.42987,1.00,1.00
2016.07.12 18:06:35.758,8.42725,8.43018,1.00,1.00
2016.07.12 18:06:36.074,8.42702,8.43019,1.00,1.00
2016.07.12 18:06:36.419,8.42713,8.43019,1.00,1.00
2016.07.12 18:06:36.680,8.42702,8.43019,1.50,1.00
2016.07.12 18:06:36.881,8.42702,8.43005,1.00,1.00
2016.07.12 18:06:45.780,8.42712,8.43005,1.00,1.00
2016.07.12 18:06:47.193,8.42722,8.43005,1.00,1.00
2016.07.12 18:06:47.585,8.42732,8.43005,1.00,1.00
2016.07.12 18:06:47.636,8.42723,8.43005,1.00,1.00
2016.07.12 18:06:48.144,8.42722,8.43005,1.00,1.00
2016.07.12 18:06:49.515,8.42732,8.43005,1.00,1.00
2016.07.12 18:06:59.538,8.42713,8.43005,1.00,1.00
2016.07.12 18:07:09.595,8.42713,8.43,1.00,1.00
2016.07.12 18:07:10.168,8.42713,8.42983,1.00,1.00
2016.07.12 18:07:10.974,8.42713,8.42982,1.00,1.00
2016.07.12 18:07:15.485,8.42713,8.43001,1.00,1.07
2016.07.12 18:07:17.827,8.42723,8.43,1.00,1.07
2016.07.12 18:07:18.039,8.42713,8.43,1.00,1.07
2016.07.12 18:07:18.198,8.42713,8.43022,1.00,1.00
2016.07.12 18:07:18.400,8.42713,8.43031,1.00,1.00
2016.07.12 18:07:18.664,8.42713,8.43025,1.00,1.00
2016.07.12 18:07:19.379,8.42713,8.43032,1.00,1.00
2016.07.12 18:07:19.430,8.42713,8.43012,1.00,1.00
2016.07.12 18:07:19.733,8.42742,8.43034,1.00,1.00
2016.07.12 18:07:19.784,8.42742,8.43067,1.00,1.37
2016.07.12 18:07:19.885,8.42742,8.43052,1.00,1.00
2016.07.12 18:07:20.336,8.42722,8.43005,1.00,1.00
2016.07.12 18:07:20.538,8.42722,8.43018,1.00,1.07
2016.07.12 18:07:20.639,8.42723,8.43038,1.00,1.07
2016.07.12 18:07:21.194,8.42722,8.43038,1.00,1.07
2016.07.12 18:07:21.245,8.42738,8.4304,1.00,1.07
2016.07.12 18:07:21.457,8.42738,8.43078,1.00,1.37
2016.07.12 18:07:21.733,8.42742,8.43078,1.00,1.37
2016.07.12 18:07:21.835,8.42738,8.43064,1.00,1.07
2016.07.12 18:07:22.248,8.42738,8.43052,1.00,1.00
2016.07.12 18:07:22.576,8.42742,8.43052,1.00,1.00
2016.07.12 18:07:23.135,8.42753,8.43052,1.00,1.00
2016.07.12 18:07:23.236,8.42742,8.43052,1.00,1.00
2016.07.12 18:07:24.036,8.42752,8.43052,1.00,1.00
2016.07.12 18:07:24.086,8.42752,8.43064,1.00,1.00
2016.07.12 18:07:24.387,8.42742,8.43064,1.00,1.00
2016.07.12 18:07:24.462,8.42737,8.43064,1.00,1.00
2016.07.12 18:07:24.513,8.42737,8.43047,1.00,1.00
2016.07.12 18:07:24.614,8.42732,8.43043,1.00,1.00
2016.07.12 18:07:31.821,8.42742,8.43043,1.00,1.00
2016.07.12 18:07:33.526,8.42742,8.43044,1.00,1.00
2016.07.12 18:07:33.577,8.42742,8.43075,1.00,1.07
2016.07.12 18:07:33.798,8.42748,8.43075,1.00,1.57
2016.07.12 18:07:34.418,8.42748,8.43044,1.00,1.00
2016.07.12 18:07:34.570,8.42742,8.43044,1.00,1.00
2016.07.12 18:07:35.400,8.42749,8.43044,1.00,1.00
2016.07.12 18:07:35.551,8.42749,8.43059,1.00,1.10
2016.07.12 18:07:37.102,8.42749,8.43043,1.00,1.00
2016.07.12 18:07:37.377,8.42749,8.43059,1.00,1.50
2016.07.12 18:07:39.209,8.42742,8.4305,1.00,1.00
2016.07.12 18:07:41.835,8.42762,8.4305,1.00,1.00
2016.07.12 18:07:42.613,8.42762,8.43048,1.00,1.00
2016.07.12 18:07:42.919,8.42762,8.4304,1.00,1.00
2016.07.12 18:07:46.527,8.42762,8.43027,1.00,1.00
2016.07.12 18:07:51.747,8.42743,8.43027,1.00,1.00
2016.07.12 18:07:52.664,8.42743,8.4304,1.00,1.10
2016.07.12 18:07:53.893,8.42743,8.43025,1.00,1.00
2016.07.12 18:07:54.924,8.42743,8.43049,1.00,1.00
2016.07.12 18:07:55.508,8.42743,8.43036,1.00,1.00
2016.07.12 18:07:56.128,8.42743,8.43028,1.00,1.00
2016.07.12 18:07:58.349,8.42743,8.43036,1.00,1.00
2016.07.12 18:07:58.423,8.42743,8.43047,1.00,1.00
2016.07.12 18:07:58.474,8.42743,8.43049,1.00,1.00
2016.07.12 18:07:58.525,8.42752,8.43049,1.00,1.00
2016.07.12 18:07:58.581,8.42743,8.43049,1.00,1.00
2016.07.12 18:07:58.963,8.42743,8.43035,1.00,1.00
2016.07.12 18:07:59.934,8.42743,8.43056,1.00,1.10
2016.07.12 18:08:01.604,8.42743,8.43053,1.00,1.00
2016.07.12 18:08:02.087,8.42727,8.43034,1.00,1.00
2016.07.12 18:08:02.708,8.42743,8.43034,1.00,1.00
2016.07.12 18:08:02.960,8.42642,8.42961,1.00,1.00
2016.07.12 18:08:03.112,8.42666,8.42979,1.00,1.07
2016.07.12 18:08:03.162,8.42666,8.42979,1.00,1.00
2016.07.12 18:08:04.141,8.42666,8.42959,1.00,1.00
2016.07.12 18:08:04.575,8.4266,8.42959,1.00,1.00
2016.07.12 18:08:04.955,8.4266,8.42969,1.00,1.00
2016.07.12 18:08:05.241,8.42662,8.42975,1.00,1.00
2016.07.12 18:08:06.125,8.42667,8.42975,1.00,1.00
2016.07.12 18:08:08.646,8.42667,8.42964,1.00,1.00
2016.07.12 18:08:12.947,8.42667,8.42943,1.00,1.00
2016.07.12 18:08:13.083,8.42657,8.42943,1.00,1.00
2016.07.12 18:08:14.249,8.42657,8.42961,1.00,1.00
2016.07.12 18:08:15.551,8.42657,8.42939,1.00,1.00
2016.07.12 18:08:15.807,8.42636,8.42939,1.00,1.00
2016.07.12 18:08:16.355,8.42636,8.42918,1.00,1.00
2016.07.12 18:08:17.508,8.42636,8.42937,1.00,1.00
2016.07.12 18:08:17.559,8.42636,8.42956,1.00,1.00
2016.07.12 18:08:18.066,8.42636,8.42955,1.00,1.00
2016.07.12 18:08:19.111,8.4265,8.42955,1.00,1.00
2016.07.12 18:08:19.560,8.4265,8.42938,1.00,1.00
2016.07.12 18:08:19.676,8.4265,8.42955,1.00,1.00
2016.07.12 18:08:31.826,8.42634,8.42955,1.00,1.00
2016.07.12 18:08:31.929,8.42634,8.42936,1.00,1.00
2016.07.12 18:08:36.987,8.42634,8.42934,1.00,1.00
2016.07.12 18:08:37.038,8.42611,8.42934,1.00,1.00
2016.07.12 18:08:37.139,8.4259,8.42934,1.60,1.00
2016.07.12 18:08:37.306,8.4259,8.42912,1.60,1.00
2016.07.12 18:08:38.229,8.42606,8.42912,1.00,1.00
2016.07.12 18:08:41.856,8.42629,8.42912,1.00,1.00
2016.07.12 18:08:43.589,8.42629,8.42888,1.00,1.00
2016.07.12 18:08:44.788,8.42629,8.42873,1.00,1.00
2016.07.12 18:08:46.072,8.42606,8.42873,1.00,1.00
2016.07.12 18:08:50.561,8.42592,8.42873,1.00,1.00
2016.07.12 18:08:53.059,8.42546,8.42873,1.00,1.00
2016.07.12 18:08:53.110,8.42518,8.42838,1.07,1.00
2016.07.12 18:08:53.413,8.42518,8.42885,1.00,1.00
2016.07.12 18:08:53.514,8.4253,8.42857,1.00,1.00
2016.07.12 18:08:54.446,8.42495,8.42865,1.00,1.00
2016.07.12 18:08:54.651,8.4253,8.42857,1.00,1.50
2016.07.12 18:08:56.395,8.42565,8.42857,1.00,1.00
2016.07.12 18:08:56.518,8.42565,8.42872,1.00,1.00
2016.07.12 18:08:57.315,8.42565,8.42879,1.00,1.00
2016.07.12 18:08:58.956,8.42565,8.4285,1.00,1.00
2016.07.12 18:09:03.396,8.42551,8.4285,1.00,1.00
2016.07.12 18:09:04.876,8.42542,8.4285,1.00,1.00
2016.07.12 18:09:05.385,8.42542,8.42869,1.50,1.00
2016.07.12 18:09:07.867,8.42544,8.42869,1.00,1.00
2016.07.12 18:09:13.399,8.42544,8.42868,1.00,1.00
2016.07.12 18:09:19.868,8.42544,8.42847,1.00,1.00
2016.07.12 18:09:30.777,8.42538,8.42847,1.00,1.00
2016.07.12 18:09:34.166,8.42538,8.42824,1.00,1.00
2016.07.12 18:09:34.217,8.42523,8.42848,1.00,1.00
2016.07.12 18:09:34.336,8.42523,8.42838,1.00,1.00
2016.07.12 18:09:35.108,8.42523,8.428,1.00,1.00
2016.07.12 18:09:35.168,8.42523,8.42832,1.00,1.00
2016.07.12 18:09:35.395,8.42523,8.42827,1.00,1.00
2016.07.12 18:09:35.706,8.42523,8.42825,1.00,1.00
2016.07.12 18:09:36.033,8.42485,8.42802,1.00,1.00
2016.07.12 18:09:36.397,8.42485,8.4278,1.00,1.00
2016.07.12 18:09:36.622,8.42452,8.4278,1.00,1.00
2016.07.12 18:09:36.673,8.42452,8.4278,1.00,1.37
2016.07.12 18:09:37.632,8.42453,8.42778,1.00,1.37
2016.07.12 18:09:37.986,8.42453,8.4278,1.00,1.00
2016.07.12 18:09:38.098,8.42462,8.4278,1.00,1.00
2016.07.12 18:09:38.407,8.42472,8.42809,1.00,1.37
2016.07.12 18:09:38.735,8.42472,8.42768,1.00,1.00
2016.07.12 18:09:39.332,8.42452,8.42768,1.50,1.00
2016.07.12 18:09:39.488,8.42452,8.42787,1.50,1.00
2016.07.12 18:09:39.599,8.42462,8.42787,1.00,1.00
2016.07.12 18:09:39.942,8.42472,8.42787,1.00,1.00
2016.07.12 18:09:40.400,8.42483,8.42787,1.00,1.00
2016.07.12 18:09:40.822,8.42474,8.42792,1.00,1.00
2016.07.12 18:09:41.086,8.42474,8.42838,1.00,1.07
2016.07.12 18:09:41.321,8.42483,8.42838,1.00,1.07
2016.07.12 18:09:41.694,8.42482,8.42791,1.00,1.00
2016.07.12 18:09:42.102,8.42492,8.42791,1.00,1.00
2016.07.12 18:09:42.188,8.42492,8.42813,1.00,1.07
2016.07.12 18:09:42.725,8.42491,8.42813,1.00,1.00
2016.07.12 18:09:42.907,8.42491,8.42838,1.00,1.00
2016.07.12 18:09:42.958,8.42491,8.42838,1.00,1.07
2016.07.12 18:09:43.230,8.42472,8.42814,1.00,1.00
2016.07.12 18:09:43.468,8.42472,8.4278,1.00,1.00
2016.07.12 18:09:43.840,8.42482,8.4278,1.00,1.00
2016.07.12 18:09:44.013,8.42482,8.42808,1.00,1.00
2016.07.12 18:09:44.114,8.42491,8.42808,1.00,1.00
2016.07.12 18:09:44.441,8.42502,8.42808,1.00,1.00
2016.07.12 18:09:44.828,8.42502,8.42786,1.00,1.00
2016.07.12 18:09:45.428,8.42502,8.42808,1.00,1.00
2016.07.12 18:09:45.991,8.42502,8.42786,1.00,1.00
2016.07.12 18:09:46.605,8.42503,8.42786,1.00,1.00
2016.07.12 18:09:46.857,8.42502,8.42815,1.50,1.07
2016.07.12 18:09:47.009,8.42502,8.42815,1.50,1.00
2016.07.12 18:09:47.110,8.42505,8.42819,1.00,1.00
2016.07.12 18:09:47.211,8.42505,8.42868,1.00,1.50
2016.07.12 18:09:47.262,8.42505,8.42868,1.00,1.00
2016.07.12 18:09:47.313,8.42505,8.42871,1.00,1.00
2016.07.12 18:09:47.415,8.42503,8.42871,1.00,1.00
2016.07.12 18:09:47.485,8.42504,8.42831,1.00,1.00
2016.07.12 18:09:48.548,8.42503,8.42808,1.00,1.00
2016.07.12 18:09:48.882,8.42502,8.42831,1.00,1.07
2016.07.12 18:09:48.983,8.42502,8.42808,1.00,1.00
2016.07.12 18:09:53.138,8.42532,8.42829,1.00,1.07
2016.07.12 18:09:53.189,8.42532,8.42833,1.50,1.00
2016.07.12 18:09:53.240,8.42532,8.42889,1.50,1.75
2016.07.12 18:09:53.291,8.42532,8.42889,1.50,1.37
2016.07.12 18:09:53.341,8.42542,8.42889,1.00,1.37
2016.07.12 18:09:53.392,8.42542,8.42889,1.00,1.07
2016.07.12 18:09:53.443,8.42553,8.42889,1.00,1.07
2016.07.12 18:09:54.116,8.42542,8.42889,1.00,1.07
2016.07.12 18:09:54.608,8.42542,8.42866,1.00,1.00
2016.07.12 18:09:54.717,8.4254,8.42866,1.00,1.00
2016.07.12 18:09:54.819,8.4254,8.42863,1.00,1.00
2016.07.12 18:09:55.619,8.42532,8.42846,1.00,1.00
2016.07.12 18:09:55.941,8.42532,8.42846,1.00,1.07
2016.07.12 18:09:57.302,8.42532,8.42846,1.00,1.65
2016.07.12 18:09:57.616,8.42533,8.42846,1.00,1.65
2016.07.12 18:09:57.717,8.42533,8.42835,1.00,1.00
2016.07.12 18:09:58.377,8.42533,8.42901,1.00,1.95
2016.07.12 18:09:59.172,8.42535,8.42862,1.00,1.57
2016.07.12 18:10:03.153,8.42572,8.42862,1.00,1.57
2016.07.12 18:10:03.306,8.42572,8.42862,1.00,1.57
2016.07.12 18:10:03.926,8.42572,8.42834,1.00,1.00
2016.07.12 18:10:05.073,8.42572,8.42853,1.00,1.65
2016.07.12 18:10:05.280,8.42572,8.42828,1.00,1.00
2016.07.12 18:10:06.580,8.42572,8.42847,1.00,1.00
2016.07.12 18:10:10.340,8.42572,8.42883,1.00,1.37
2016.07.12 18:10:11.102,8.42572,8.42868,1.00,1.00
2016.07.12 18:10:11.166,8.42572,8.42901,1.00,1.95
2016.07.12 18:10:11.286,8.42572,8.42869,1.00,1.00
2016.07.12 18:10:12.586,8.42572,8.42835,1.00,1.00
2016.07.12 18:10:12.687,8.42572,8.42858,1.00,1.00
2016.07.12 18:10:20.286,8.42572,8.42874,1.00,1.07
2016.07.12 18:10:21.205,8.42572,8.42855,1.00,1.00
2016.07.12 18:10:24.291,8.42572,8.4288,1.00,1.00
2016.07.12 18:10:24.392,8.42572,8.42913,1.00,1.95
2016.07.12 18:10:24.786,8.42572,8.42887,1.00,1.00
2016.07.12 18:10:25.465,8.42572,8.42864,1.00,1.00
2016.07.12 18:10:25.516,8.42572,8.42885,1.00,1.50
2016.07.12 18:10:25.746,8.42572,8.42864,1.00,1.00
2016.07.12 18:10:26.024,8.42572,8.4287,1.00,1.00
2016.07.12 18:10:26.226,8.42572,8.42852,1.00,1.00
2016.07.12 18:10:27.041,8.42572,8.42884,1.00,1.07
2016.07.12 18:10:27.192,8.42572,8.42874,1.00,1.00
2016.07.12 18:10:27.293,8.42572,8.42887,1.00,1.00
2016.07.12 18:10:28.754,8.42572,8.42859,1.00,1.00
2016.07.12 18:10:29.810,8.42572,8.42859,1.00,1.07
2016.07.12 18:10:29.912,8.42572,8.42859,1.00,1.00
2016.07.12 18:10:30.013,8.42572,8.4287,1.00,1.00
2016.07.12 18:10:30.064,8.42572,8.42877,1.00,1.00
2016.07.12 18:10:30.291,8.42572,8.42916,1.00,1.00
2016.07.12 18:10:30.341,8.42572,8.42888,1.00,1.00
2016.07.12 18:10:31.679,8.42572,8.42888,1.00,1.07
2016.07.12 18:10:32.014,8.42572,8.42859,1.00,1.00
2016.07.12 18:10:33.096,8.42582,8.42859,1.00,1.00
2016.07.12 18:10:37.172,8.42582,8.42878,1.00,1.00
2016.07.12 18:10:38.208,8.42582,8.42875,1.00,1.00
2016.07.12 18:10:38.593,8.42582,8.42849,1.00,1.00
2016.07.12 18:10:39.458,8.42582,8.42873,1.00,1.07
2016.07.12 18:10:42.086,8.42582,8.42838,1.00,1.00
2016.07.12 18:10:42.415,8.42582,8.42835,1.00,1.00
2016.07.12 18:10:42.604,8.42582,8.42853,1.00,1.00
2016.07.12 18:10:42.707,8.42582,8.42853,1.00,1.07
2016.07.12 18:10:43.117,8.42582,8.42825,1.00,1.00
2016.07.12 18:10:43.167,8.42552,8.42825,1.00,1.00
2016.07.12 18:10:43.472,8.42552,8.42847,1.00,1.00
2016.07.12 18:10:43.590,8.42552,8.42867,1.00,1.00
2016.07.12 18:10:43.641,8.42552,8.42848,1.00,1.00
2016.07.12 18:10:44.178,8.42552,8.42847,1.00,1.00
2016.07.12 18:10:44.481,8.42552,8.42801,1.00,1.00
2016.07.12 18:10:44.531,8.42552,8.42823,1.00,1.00
2016.07.12 18:10:44.646,8.42552,8.42816,1.00,1.00
2016.07.12 18:10:45.231,8.42552,8.42837,1.00,1.00
2016.07.12 18:10:45.332,8.42552,8.42837,1.00,1.07
2016.07.12 18:10:45.672,8.42552,8.42799,1.00,1.00
2016.07.12 18:10:45.952,8.42502,8.42789,1.00,1.00
2016.07.12 18:10:46.866,8.42502,8.42777,1.00,1.00
2016.07.12 18:10:46.986,8.42502,8.42789,1.00,1.00
2016.07.12 18:10:47.256,8.42502,8.42776,1.00,1.00
2016.07.12 18:10:55.034,8.42502,8.42796,1.00,1.57
2016.07.12 18:10:55.224,8.42502,8.42816,1.00,1.07
2016.07.12 18:10:55.971,8.42512,8.42807,1.94,1.07
2016.07.12 18:10:58.262,8.42512,8.42796,1.94,1.00
2016.07.12 18:10:58.688,8.42512,8.42777,1.94,1.00
2016.07.12 18:10:59.165,8.42512,8.42802,1.94,1.07
2016.07.12 18:11:05.890,8.42522,8.42808,1.59,1.07
2016.07.12 18:11:10.729,8.42522,8.42808,1.59,1.00
2016.07.12 18:11:11.504,8.42522,8.42835,1.59,1.07
2016.07.12 18:11:12.496,8.42522,8.42813,1.59,1.00
2016.07.12 18:11:13.780,8.42522,8.42807,1.59,1.00
2016.07.12 18:11:14.136,8.42522,8.42807,1.59,1.07
2016.07.12 18:11:14.560,8.42522,8.42796,1.59,1.00
2016.07.12 18:11:14.637,8.42522,8.42807,1.59,1.07
2016.07.12 18:11:14.688,8.42522,8.42793,1.59,1.00
2016.07.12 18:11:14.739,8.42466,8.42793,1.00,1.00
2016.07.12 18:11:14.790,8.42463,8.42807,1.00,1.07
2016.07.12 18:11:14.942,8.42452,8.4278,1.56,1.00
2016.07.12 18:11:15.316,8.42452,8.42774,1.56,1.00
2016.07.12 18:11:15.620,8.42452,8.4277,2.02,1.00
2016.07.12 18:11:18.017,8.42463,8.4277,1.00,1.00
2016.07.12 18:11:18.342,8.42463,8.42774,1.00,1.00
2016.07.12 18:11:19.344,8.42459,8.42774,1.37,1.00
2016.07.12 18:11:19.562,8.42472,8.42799,1.00,1.37
2016.07.12 18:11:19.749,8.42472,8.42799,1.00,1.00
2016.07.12 18:11:20.020,8.4247,8.42829,1.00,1.37
2016.07.12 18:11:20.071,8.42481,8.42829,1.00,1.37
2016.07.12 18:11:20.172,8.42466,8.42828,1.00,1.37
2016.07.12 18:11:20.236,8.42472,8.42799,1.00,1.00
2016.07.12 18:11:24.734,8.42502,8.42799,2.05,1.00
2016.07.12 18:11:32.389,8.42502,8.42822,2.05,1.07
2016.07.12 18:11:32.490,8.42502,8.42834,2.05,1.00
2016.07.12 18:11:32.654,8.42544,8.42874,1.00,1.37
2016.07.12 18:11:32.756,8.42544,8.42868,1.00,1.00
2016.07.12 18:11:32.806,8.42542,8.42861,1.00,1.00
2016.07.12 18:11:32.907,8.42515,8.42861,1.45,1.00
2016.07.12 18:11:33.160,8.42512,8.42833,1.65,1.00
2016.07.12 18:11:33.687,8.42512,8.42833,1.57,1.00
2016.07.12 18:11:34.100,8.42512,8.42811,1.57,1.00
2016.07.12 18:11:34.884,8.42512,8.42817,1.57,1.07
2016.07.12 18:11:35.139,8.42512,8.42806,1.57,1.00
2016.07.12 18:11:35.473,8.42512,8.42794,1.00,1.07
2016.07.12 18:11:36.046,8.42512,8.42787,1.00,1.00
2016.07.12 18:11:40.072,8.42512,8.42784,1.74,1.00
2016.07.12 18:11:40.192,8.42512,8.42787,1.09,1.00
2016.07.12 18:11:40.329,8.42512,8.42801,1.09,1.07
2016.07.12 18:11:40.430,8.42512,8.42841,1.47,1.00
2016.07.12 18:11:40.531,8.42512,8.42846,1.47,1.10
2016.07.12 18:11:40.776,8.42512,8.42811,1.47,1.00
2016.07.12 18:11:41.225,8.42512,8.42811,1.47,1.07
2016.07.12 18:11:41.646,8.42512,8.42788,1.47,1.00
2016.07.12 18:11:41.984,8.42512,8.42784,1.47,1.00
2016.07.12 18:11:42.516,8.42513,8.42766,1.52,1.00
2016.07.12 18:11:42.721,8.42462,8.42766,1.65,1.00
2016.07.12 18:11:44.801,8.42464,8.42788,1.97,1.07
2016.07.12 18:11:44.967,8.42462,8.42788,2.40,1.00
2016.07.12 18:11:51.680,8.42482,8.4279,1.12,1.00
2016.07.12 18:11:51.730,8.42462,8.42773,1.65,1.00
2016.07.12 18:11:52.039,8.42462,8.42752,1.65,1.00
2016.07.12 18:11:52.603,8.42462,8.42752,1.52,1.00
2016.07.12 18:11:53.313,8.42462,8.42776,1.52,1.07
2016.07.12 18:11:56.648,8.42472,8.42791,1.12,1.00
2016.07.12 18:11:57.115,8.42472,8.42799,1.12,1.07
2016.07.12 18:11:58.545,8.42476,8.42799,1.00,1.07
2016.07.12 18:12:02.247,8.42476,8.42789,1.00,1.00
2016.07.12 18:12:02.648,8.42523,8.42789,1.00,1.00
2016.07.12 18:12:04.331,8.42523,8.42867,1.00,1.00
2016.07.12 18:12:04.382,8.42522,8.42873,1.00,1.00
2016.07.12 18:12:04.438,8.42522,8.42885,1.00,1.00
2016.07.12 18:12:04.539,8.42522,8.42885,1.07,1.00
2016.07.12 18:12:04.989,8.42522,8.42885,1.07,1.10
2016.07.12 18:12:05.617,8.42522,8.42871,1.07,1.00
2016.07.12 18:12:06.004,8.42526,8.42851,1.00,1.00
2016.07.12 18:12:06.307,8.42522,8.42806,1.00,1.00
2016.07.12 18:12:07.058,8.42522,8.42843,1.00,1.12
2016.07.12 18:12:07.109,8.42522,8.42807,1.00,1.00
2016.07.12 18:12:07.210,8.42522,8.4282,1.00,1.00
2016.07.12 18:12:08.117,8.42522,8.42829,1.00,1.00
2016.07.12 18:12:08.168,8.42522,8.42829,1.00,1.07
2016.07.12 18:12:08.514,8.42522,8.42806,1.00,1.00
2016.07.12 18:12:14.198,8.42522,8.42806,1.00,1.07
2016.07.12 18:12:14.951,8.42522,8.42781,1.00,1.00
2016.07.12 18:12:15.259,8.42522,8.42781,1.00,1.07
2016.07.12 18:12:15.388,8.42472,8.42781,1.00,1.07
2016.07.12 18:12:15.922,8.42472,8.42775,1.00,1.00
2016.07.12 18:12:16.306,8.42472,8.42762,1.00,1.07
2016.07.12 18:12:19.278,8.42472,8.42743,1.00,1.00
2016.07.12 18:12:24.007,8.42472,8.42743,1.00,1.07
2016.07.12 18:12:25.290,8.42452,8.42743,1.00,1.07
2016.07.12 18:12:28.939,8.42452,8.42721,1.00,1.00
2016.07.12 18:12:32.043,8.42452,8.42721,1.00,1.07
2016.07.12 18:12:32.381,8.42452,8.42675,1.00,1.00
2016.07.12 18:12:32.432,8.42403,8.42675,1.00,1.00
2016.07.12 18:12:32.645,8.42403,8.42658,1.00,1.00
2016.07.12 18:12:33.359,8.42403,8.42648,1.00,1.00
2016.07.12 18:12:33.461,8.42402,8.42673,1.00,1.07
2016.07.12 18:12:33.562,8.42402,8.42673,1.00,1.00
2016.07.12 18:12:33.862,8.42402,8.42693,1.00,1.00
2016.07.12 18:12:33.913,8.42402,8.42688,1.00,1.00
2016.07.12 18:12:34.065,8.42402,8.427,1.00,1.50
2016.07.12 18:12:34.166,8.42402,8.42675,1.00,1.00
2016.07.12 18:12:34.351,8.42402,8.42688,1.00,1.00
2016.07.12 18:12:34.452,8.42402,8.427,1.00,1.10
2016.07.12 18:12:34.894,8.42402,8.42684,1.00,1.07
2016.07.12 18:12:35.361,8.42402,8.42641,1.00,1.00
2016.07.12 18:12:35.690,8.42402,8.42638,1.00,1.00
2016.07.12 18:12:35.893,8.42402,8.42665,1.00,1.00
2016.07.12 18:12:35.994,8.42402,8.42689,1.00,1.00
2016.07.12 18:12:37.486,8.42402,8.42665,1.00,1.00
2016.07.12 18:12:37.990,8.42402,8.42689,1.00,1.07
2016.07.12 18:12:38.091,8.42402,8.42691,1.00,1.00
2016.07.12 18:12:39.691,8.42402,8.42698,1.00,1.00
2016.07.12 18:12:39.900,8.42402,8.42666,1.00,1.00
2016.07.12 18:12:41.069,8.42402,8.42699,1.00,1.37
2016.07.12 18:12:41.170,8.42402,8.42699,1.00,1.00
2016.07.12 18:12:41.671,8.42402,8.42695,1.00,1.00
2016.07.12 18:12:42.139,8.42402,8.42695,1.00,1.07
2016.07.12 18:12:42.381,8.42392,8.42695,1.00,1.07
2016.07.12 18:12:42.734,8.42392,8.42689,1.00,1.00
2016.07.12 18:12:43.154,8.42392,8.42689,1.00,1.07
2016.07.12 18:12:43.872,8.42392,8.42674,1.00,1.00
2016.07.12 18:12:44.376,8.42392,8.42699,1.00,1.00
2016.07.12 18:12:44.573,8.42392,8.42725,1.00,1.07
2016.07.12 18:12:44.674,8.42392,8.42699,1.00,1.00
2016.07.12 18:12:44.978,8.42392,8.42699,1.00,1.07
2016.07.12 18:12:45.323,8.42395,8.42722,1.00,1.37
2016.07.12 18:12:45.574,8.42392,8.42699,1.00,1.07
2016.07.12 18:12:46.075,8.42392,8.42668,1.00,1.00
2016.07.12 18:12:48.461,8.42392,8.42705,1.00,1.00
2016.07.12 18:12:48.511,8.42392,8.42685,1.00,1.00
2016.07.12 18:12:48.828,8.42392,8.42678,1.00,1.00
2016.07.12 18:12:49.169,8.42392,8.42666,1.00,1.00
2016.07.12 18:12:49.279,8.42392,8.42692,1.00,1.00
2016.07.12 18:12:49.331,8.42392,8.42712,1.00,1.00
2016.07.12 18:12:49.483,8.42392,8.4273,1.00,1.07
2016.07.12 18:12:49.624,8.42392,8.4273,1.00,1.07
2016.07.12 18:12:49.948,8.42392,8.42708,1.00,1.07
2016.07.12 18:12:50.380,8.42392,8.42675,1.00,1.00
2016.07.12 18:12:51.508,8.42392,8.42648,1.00,1.00
2016.07.12 18:12:52.375,8.42392,8.4271,1.00,1.07
2016.07.12 18:12:52.588,8.42392,8.4272,1.00,1.07
2016.07.12 18:12:52.887,8.42392,8.42692,1.00,1.00
2016.07.12 18:12:53.877,8.42392,8.42675,1.00,1.00
2016.07.12 18:12:53.985,8.42392,8.42692,1.00,1.00
2016.07.12 18:12:55.899,8.42392,8.42712,1.00,1.00
2016.07.12 18:12:56.149,8.42392,8.42708,1.00,1.00
2016.07.12 18:12:56.769,8.42392,8.42686,1.00,1.00
2016.07.12 18:12:57.325,8.42392,8.42716,1.00,1.00
2016.07.12 18:12:57.389,8.42392,8.42698,1.00,1.00
2016.07.12 18:12:57.762,8.42392,8.42673,1.00,1.00
2016.07.12 18:12:58.803,8.42392,8.42696,1.00,1.07
2016.07.12 18:12:59.172,8.42392,8.42674,1.00,1.00
2016.07.12 18:13:00.235,8.42392,8.42693,1.00,1.07
2016.07.12 18:13:00.543,8.42392,8.42674,1.00,1.00
2016.07.12 18:13:01.058,8.42392,8.42674,1.00,1.07
2016.07.12 18:13:01.444,8.42392,8.42652,1.00,1.00
2016.07.12 18:13:01.838,8.42392,8.42673,1.00,1.07
2016.07.12 18:13:01.940,8.42392,8.42673,1.00,1.00
2016.07.12 18:13:02.382,8.42402,8.42673,1.00,1.00
2016.07.12 18:13:03.597,8.42402,8.4268,1.00,1.00
2016.07.12 18:13:03.911,8.42402,8.42661,1.00,1.00
2016.07.12 18:13:05.392,8.42402,8.42641,1.00,1.00
2016.07.12 18:13:05.946,8.42402,8.42664,1.00,1.00
2016.07.12 18:13:06.098,8.42402,8.42691,1.00,1.37
2016.07.12 18:13:06.149,8.42402,8.42691,1.00,1.00
2016.07.12 18:13:06.200,8.42402,8.4271,1.00,1.00
2016.07.12 18:13:06.301,8.42402,8.42724,1.00,1.07
2016.07.12 18:13:06.352,8.42402,8.42724,1.00,1.00
2016.07.12 18:13:06.504,8.42402,8.42755,1.00,1.00
2016.07.12 18:13:06.605,8.42402,8.42755,1.00,1.07
2016.07.12 18:13:06.931,8.42402,8.42755,1.00,1.37
2016.07.12 18:13:07.288,8.42402,8.42709,1.00,1.00
2016.07.12 18:13:07.601,8.42402,8.42683,1.00,1.00
2016.07.12 18:13:07.918,8.42402,8.42661,1.00,1.00
2016.07.12 18:13:09.460,8.42402,8.42676,1.00,1.00
2016.07.12 18:13:10.108,8.42402,8.42675,1.00,1.07
2016.07.12 18:13:10.411,8.42402,8.42638,1.00,1.00
2016.07.12 18:13:10.512,8.42402,8.42708,1.00,1.10
2016.07.12 18:13:10.675,8.42402,8.4265,1.00,1.00
2016.07.12 18:13:11.080,8.42402,8.42627,1.00,1.00
2016.07.12 18:13:11.605,8.42402,8.42649,1.00,1.00
2016.07.12 18:13:11.976,8.42402,8.42706,1.00,1.00
2016.07.12 18:13:12.275,8.42402,8.42671,1.00,1.00
2016.07.12 18:13:12.427,8.42382,8.42671,1.00,1.00
2016.07.12 18:13:12.515,8.42382,8.4265,1.00,1.00
2016.07.12 18:13:13.055,8.42382,8.42672,1.00,1.00
2016.07.12 18:13:13.385,8.42382,8.42712,1.00,1.00
2016.07.12 18:13:13.453,8.42382,8.42721,1.00,1.00
2016.07.12 18:13:13.655,8.42382,8.42737,1.00,1.07
2016.07.12 18:13:13.775,8.42382,8.42684,1.00,1.00
2016.07.12 18:13:14.706,8.42382,8.42661,1.00,1.00
2016.07.12 18:13:14.807,8.42382,8.42686,1.00,1.00
2016.07.12 18:13:14.858,8.42392,8.42686,1.00,1.00
2016.07.12 18:13:15.185,8.42392,8.42672,1.00,1.00
2016.07.12 18:13:15.379,8.42382,8.42672,1.50,1.00
2016.07.12 18:13:15.614,8.42411,8.42672,1.00,1.00
2016.07.12 18:13:15.855,8.42411,8.42699,1.00,1.00
2016.07.12 18:13:15.956,8.42411,8.42684,1.00,1.00
2016.07.12 18:13:16.815,8.42394,8.42684,1.00,1.00
2016.07.12 18:13:17.597,8.42394,8.42661,1.00,1.00
2016.07.12 18:13:17.799,8.42394,8.42694,1.00,1.07
2016.07.12 18:13:17.850,8.42382,8.42685,1.00,1.00
2016.07.12 18:13:17.901,8.42382,8.42685,1.00,1.07
2016.07.12 18:13:17.952,8.42332,8.4266,1.00,1.00
2016.07.12 18:13:18.130,8.42332,8.42685,1.00,1.07
2016.07.12 18:13:18.332,8.42332,8.42673,1.00,1.00
2016.07.12 18:13:18.535,8.42332,8.42638,1.00,1.00
2016.07.12 18:13:18.912,8.42372,8.42638,1.00,1.00
2016.07.12 18:13:18.963,8.42372,8.4266,1.00,1.00
2016.07.12 18:13:19.165,8.42372,8.42724,1.00,1.00
2016.07.12 18:13:19.323,8.42372,8.42724,1.00,1.07
2016.07.12 18:13:19.687,8.42372,8.42683,1.00,1.07
2016.07.12 18:13:20.037,8.42372,8.42672,1.00,1.00
2016.07.12 18:13:20.358,8.42372,8.42661,1.00,1.00
2016.07.12 18:13:20.510,8.42372,8.42692,1.00,1.00
2016.07.12 18:13:20.560,8.42394,8.42692,1.00,1.00
2016.07.12 18:13:20.939,8.42394,8.42683,1.00,1.00
2016.07.12 18:13:21.064,8.42332,8.42675,1.57,1.00
2016.07.12 18:13:21.215,8.42342,8.42675,1.00,1.00
2016.07.12 18:13:21.540,8.42342,8.42667,1.00,1.00
2016.07.12 18:13:21.869,8.42389,8.42667,1.00,1.00
2016.07.12 18:13:21.970,8.42389,8.42722,1.00,1.00
2016.07.12 18:13:22.021,8.42457,8.42722,1.00,1.00
2016.07.12 18:13:22.122,8.42457,8.42725,1.00,1.00
2016.07.12 18:13:22.278,8.42457,8.42748,1.00,1.00
2016.07.12 18:13:22.639,8.42457,8.42734,1.00,1.00
2016.07.12 18:13:22.995,8.42457,8.42711,1.00,1.00
2016.07.12 18:13:23.555,8.42457,8.42689,1.00,1.00
2016.07.12 18:13:23.865,8.42406,8.42689,1.00,1.00
2016.07.12 18:13:24.198,8.42406,8.42703,1.00,1.10
2016.07.12 18:13:24.400,8.42406,8.42667,1.00,1.00
2016.07.12 18:13:24.600,8.42406,8.42689,1.00,1.00
2016.07.12 18:13:24.770,8.42406,8.42685,1.00,1.00
2016.07.12 18:13:25.106,8.42406,8.42666,1.00,1.00
2016.07.12 18:13:25.235,8.42406,8.42693,1.00,1.00
2016.07.12 18:13:25.675,8.42406,8.42666,1.00,1.00
2016.07.12 18:13:25.828,8.42402,8.42666,1.00,1.00
2016.07.12 18:13:26.015,8.42402,8.42688,1.00,1.00
2016.07.12 18:13:26.328,8.42402,8.42666,1.00,1.00
2016.07.12 18:13:26.915,8.42402,8.42683,1.00,1.00
2016.07.12 18:13:27.035,8.42402,8.42655,1.00,1.00
2016.07.12 18:13:27.370,8.42339,8.42655,1.00,1.00
2016.07.12 18:13:27.451,8.42332,8.42658,1.00,1.00
2016.07.12 18:13:27.815,8.42332,8.42644,1.00,1.00
2016.07.12 18:13:28.117,8.42363,8.42644,1.00,1.00
2016.07.12 18:13:31.507,8.42363,8.42667,1.00,1.00
2016.07.12 18:13:31.696,8.42363,8.42698,1.00,1.00
2016.07.12 18:13:31.967,8.42363,8.42698,1.07,1.00
2016.07.12 18:13:32.282,8.42363,8.42686,1.07,1.00
2016.07.12 18:13:32.598,8.42363,8.42653,1.07,1.00
2016.07.12 18:13:32.700,8.42372,8.42677,1.00,1.00
2016.07.12 18:13:32.751,8.42363,8.42648,1.00,1.00
2016.07.12 18:13:32.898,8.42363,8.42682,1.00,1.00
2016.07.12 18:13:33.101,8.42363,8.4267,1.00,1.07
2016.07.12 18:13:33.640,8.42363,8.42631,1.00,1.00
2016.07.12 18:13:34.040,8.42363,8.42663,1.00,1.50
2016.07.12 18:13:34.645,8.42363,8.42649,1.00,1.00
2016.07.12 18:13:35.207,8.42363,8.42625,1.00,1.00
2016.07.12 18:13:35.836,8.42363,8.42688,1.00,1.00
2016.07.12 18:13:36.038,8.42363,8.42691,1.00,1.00
2016.07.12 18:13:36.448,8.42363,8.42686,1.00,1.00
2016.07.12 18:13:36.764,8.42363,8.42658,1.00,1.00
2016.07.12 18:13:37.067,8.42363,8.42637,1.00,1.00
2016.07.12 18:13:37.378,8.42363,8.42655,1.00,1.07
2016.07.12 18:13:37.839,8.42363,8.42625,1.00,1.00
2016.07.12 18:13:37.889,8.42333,8.42625,1.00,1.00
2016.07.12 18:13:38.496,8.42333,8.42633,1.00,1.00
2016.07.12 18:13:38.696,8.42333,8.42614,1.00,1.00
2016.07.12 18:13:38.900,8.42333,8.42676,1.00,1.50
2016.07.12 18:13:39.052,8.42333,8.42645,1.00,1.00
2016.07.12 18:13:42.858,8.42345,8.42645,1.00,1.00
2016.07.12 18:13:42.959,8.42333,8.42645,1.00,1.00
2016.07.12 18:13:43.262,8.42333,8.42622,1.00,1.00
2016.07.12 18:13:43.726,8.42333,8.42647,1.00,1.00
2016.07.12 18:13:44.211,8.42333,8.42644,1.00,1.00
2016.07.12 18:13:45.757,8.42333,8.42645,1.00,1.00
2016.07.12 18:13:46.129,8.42352,8.4261,1.00,1.00
2016.07.12 18:13:46.299,8.42347,8.4261,1.00,1.00
2016.07.12 18:13:46.507,8.42342,8.42633,1.00,1.00
2016.07.12 18:13:46.600,8.42333,8.42633,1.00,1.00
2016.07.12 18:13:47.201,8.42334,8.42633,1.00,1.00
2016.07.12 18:13:47.477,8.42334,8.42633,1.07,1.00
2016.07.12 18:13:47.952,8.42372,8.42633,1.00,1.00
2016.07.12 18:13:48.497,8.42372,8.42638,1.00,1.00
2016.07.12 18:13:48.774,8.42372,8.42623,1.00,1.00
2016.07.12 18:13:49.731,8.42372,8.42645,1.00,1.00
2016.07.12 18:13:49.782,8.42372,8.42691,1.00,1.00
2016.07.12 18:13:49.956,8.42372,8.42656,1.00,1.00
2016.07.12 18:13:50.075,8.42372,8.42693,1.00,1.00
2016.07.12 18:13:50.315,8.42372,8.42656,1.00,1.00
2016.07.12 18:13:57.368,8.42372,8.42628,1.00,1.00
2016.07.12 18:13:57.651,8.42322,8.42628,1.00,1.00
2016.07.12 18:13:58.854,8.42328,8.42628,1.00,1.00
2016.07.12 18:14:00.116,8.42322,8.42628,1.50,1.00
2016.07.12 18:14:07.673,8.42352,8.42628,1.00,1.00
2016.07.12 18:14:08.064,8.42352,8.42672,1.00,1.00
2016.07.12 18:14:08.317,8.42352,8.4263,1.00,1.00
2016.07.12 18:14:08.847,8.42352,8.42606,1.00,1.00
2016.07.12 18:14:09.034,8.42352,8.42632,1.00,1.00
2016.07.12 18:14:09.415,8.42352,8.42607,1.00,1.00
2016.07.12 18:14:10.457,8.42352,8.42619,1.00,1.00
2016.07.12 18:14:10.610,8.42352,8.42595,1.00,1.00
2016.07.12 18:14:10.805,8.42352,8.42645,1.00,1.00
2016.07.12 18:14:10.966,8.42352,8.4263,1.00,1.00
2016.07.12 18:14:11.952,8.42352,8.42677,1.00,1.50
2016.07.12 18:14:12.734,8.42352,8.4264,1.00,1.00
2016.07.12 18:14:13.267,8.42352,8.42638,1.00,1.00
2016.07.12 18:14:13.925,8.42352,8.42607,1.00,1.00
2016.07.12 18:14:14.681,8.42352,8.42645,1.00,1.00
2016.07.12 18:14:14.825,8.42352,8.42634,1.00,1.00
2016.07.12 18:14:15.630,8.42352,8.4269,1.00,1.00
2016.07.12 18:14:15.915,8.4236,8.4269,1.00,1.00
2016.07.12 18:14:16.237,8.42352,8.42628,1.00,1.00
2016.07.12 18:14:16.805,8.42352,8.42646,1.00,1.00
2016.07.12 18:14:17.232,8.42352,8.42617,1.00,1.00
2016.07.12 18:14:17.642,8.42362,8.42617,1.00,1.00
2016.07.12 18:14:18.347,8.42362,8.4264,1.00,1.00
2016.07.12 18:14:18.549,8.42362,8.42671,1.00,1.00
2016.07.12 18:14:18.650,8.42362,8.42678,1.00,1.00
2016.07.12 18:14:18.725,8.42362,8.4264,1.00,1.00
2016.07.12 18:14:19.583,8.42362,8.42617,1.00,1.00
2016.07.12 18:14:25.728,8.42362,8.4264,1.00,1.00
2016.07.12 18:14:26.059,8.42362,8.42685,1.00,1.00
2016.07.12 18:14:26.160,8.42362,8.42651,1.00,1.00
2016.07.12 18:14:27.655,8.42372,8.42685,1.00,1.00
2016.07.12 18:14:27.767,8.42372,8.42662,1.00,1.00
2016.07.12 18:14:28.196,8.42372,8.42639,1.00,1.00
2016.07.12 18:14:29.306,8.42372,8.42662,1.00,1.00
2016.07.12 18:14:29.557,8.42372,8.42707,1.00,1.00
2016.07.12 18:14:29.823,8.42372,8.42662,1.00,1.00
2016.07.12 18:14:30.177,8.42372,8.4264,1.00,1.00
2016.07.12 18:14:32.886,8.42372,8.42668,1.00,1.00
2016.07.12 18:14:33.097,8.42372,8.42638,1.00,1.00
2016.07.12 18:14:35.605,8.42372,8.42661,1.00,1.00
2016.07.12 18:14:36.026,8.42372,8.42637,1.00,1.00
2016.07.12 18:14:37.526,8.42372,8.42696,1.00,1.00
2016.07.12 18:14:37.793,8.42372,8.42642,1.00,1.00
2016.07.12 18:14:38.382,8.42372,8.42619,1.00,1.00
2016.07.12 18:14:38.725,8.42372,8.42647,1.00,1.00
2016.07.12 18:14:38.882,8.42372,8.42608,1.00,1.00
2016.07.12 18:14:38.983,8.42372,8.42631,1.00,1.00
2016.07.12 18:14:39.237,8.42372,8.42637,1.00,1.00
2016.07.12 18:14:39.424,8.42372,8.42608,1.00,1.00
2016.07.12 18:14:39.565,8.42372,8.42631,1.00,1.00
2016.07.12 18:14:47.671,8.42383,8.42631,1.00,1.00
2016.07.12 18:14:47.975,8.42383,8.42653,1.00,1.00
2016.07.12 18:14:48.133,8.42383,8.42702,1.00,1.07
2016.07.12 18:14:48.215,8.42383,8.42653,1.00,1.00
2016.07.12 18:14:48.539,8.42383,8.42631,1.00,1.00
2016.07.12 18:14:49.521,8.42383,8.42652,1.00,1.00
2016.07.12 18:14:52.177,8.42383,8.42676,1.00,1.00
2016.07.12 18:14:52.715,8.42383,8.42642,1.00,1.00
2016.07.12 18:14:55.808,8.42383,8.42665,1.00,1.00
2016.07.12 18:14:56.110,8.42383,8.42706,1.00,1.00
2016.07.12 18:14:56.161,8.42383,8.42706,1.00,1.12
2016.07.12 18:14:56.531,8.42383,8.42642,1.00,1.00
2016.07.12 18:14:57.383,8.42383,8.4263,1.00,1.00
2016.07.12 18:14:57.636,8.42332,8.4263,1.00,1.00
2016.07.12 18:14:57.686,8.42332,8.42576,1.00,1.00
2016.07.12 18:14:58.193,8.42332,8.42599,1.00,1.00
2016.07.12 18:14:58.244,8.42332,8.42619,1.00,1.00
2016.07.12 18:14:58.655,8.42332,8.42609,1.00,1.00
2016.07.12 18:14:59.662,8.42332,8.42619,1.00,1.00
2016.07.12 18:15:00.071,8.42332,8.42637,1.00,1.00
2016.07.12 18:15:00.789,8.42332,8.4262,1.00,1.00
2016.07.12 18:15:04.054,8.42332,8.42638,1.00,1.00
2016.07.12 18:15:07.594,8.42392,8.42638,1.00,1.00
2016.07.12 18:15:13.076,8.42392,8.42664,1.00,1.00
2016.07.12 18:15:13.533,8.42392,8.42658,1.00,1.00
2016.07.12 18:15:13.834,8.42392,8.42664,1.00,1.00
2016.07.12 18:15:14.086,8.42392,8.42674,1.00,1.00
2016.07.12 18:15:14.137,8.42392,8.42698,1.00,1.07
2016.07.12 18:15:14.363,8.42392,8.42664,1.00,1.00
2016.07.12 18:15:15.121,8.42392,8.42641,1.00,1.00
2016.07.12 18:15:15.776,8.42392,8.42659,1.00,1.00
2016.07.12 18:15:15.827,8.42392,8.42662,1.00,1.00
2016.07.12 18:15:17.604,8.42383,8.42662,1.00,1.00
2016.07.12 18:15:22.874,8.42383,8.4263,1.00,1.00
2016.07.12 18:15:23.202,8.42383,8.42661,1.00,1.00
2016.07.12 18:15:23.455,8.42383,8.42658,1.00,1.00
2016.07.12 18:15:23.765,8.42383,8.4262,1.00,1.00
2016.07.12 18:15:24.108,8.42383,8.42644,1.00,1.00
2016.07.12 18:15:24.261,8.42383,8.42614,1.00,1.00
2016.07.12 18:15:27.531,8.42352,8.42614,1.00,1.00
2016.07.12 18:15:32.235,8.42352,8.42641,1.00,1.00
2016.07.12 18:15:32.464,8.42352,8.42649,1.00,1.00
2016.07.12 18:15:37.554,8.42372,8.42649,1.00,1.00
2016.07.12 18:15:41.644,8.42372,8.42653,1.00,1.00
2016.07.12 18:15:43.733,8.42372,8.42672,1.00,1.00
2016.07.12 18:15:44.129,8.42372,8.42676,1.00,1.00
2016.07.12 18:15:44.602,8.42392,8.42676,1.00,1.00
2016.07.12 18:15:52.173,8.42392,8.42646,1.00,1.00
2016.07.12 18:15:52.444,8.42392,8.42664,1.00,1.00
2016.07.12 18:15:52.596,8.42392,8.42646,1.00,1.00
2016.07.12 18:15:54.614,8.42372,8.42646,1.00,1.00
2016.07.12 18:15:54.875,8.42372,8.42623,1.00,1.00
2016.07.12 18:15:55.841,8.42372,8.42646,1.00,1.00
2016.07.12 18:16:04.529,8.42383,8.42646,1.00,1.00
2016.07.12 18:16:12.401,8.42383,8.42638,1.00,1.00
2016.07.12 18:16:12.739,8.42383,8.42622,1.00,1.00
2016.07.12 18:16:13.159,8.42333,8.42622,1.00,1.00
2016.07.12 18:16:13.210,8.42333,8.42638,1.00,1.00
2016.07.12 18:16:13.671,8.42333,8.42602,1.00,1.00
2016.07.12 18:16:14.808,8.42333,8.4259,1.00,1.00
2016.07.12 18:16:15.326,8.42333,8.42589,1.00,1.00
2016.07.12 18:16:16.078,8.42333,8.42588,1.00,1.00
2016.07.12 18:16:20.731,8.42333,8.42607,1.00,1.00
2016.07.12 18:16:20.963,8.42333,8.42584,1.00,1.00
2016.07.12 18:16:21.188,8.42333,8.42605,1.00,1.00
2016.07.12 18:16:21.407,8.42333,8.42585,1.00,1.00
2016.07.12 18:16:21.787,8.42333,8.42597,1.00,1.00
2016.07.12 18:16:21.989,8.42333,8.42567,1.00,1.00
2016.07.12 18:16:23.154,8.42323,8.42567,1.00,1.00
2016.07.12 18:16:23.705,8.42323,8.42589,1.00,1.00
2016.07.12 18:16:29.023,8.42323,8.42567,1.00,1.00
2016.07.12 18:16:30.825,8.42323,8.42583,1.00,1.00
2016.07.12 18:16:30.930,8.42323,8.4259,1.00,1.00
2016.07.12 18:16:31.881,8.42323,8.42583,1.00,1.00
2016.07.12 18:16:32.184,8.42323,8.42562,1.00,1.00
2016.07.12 18:16:33.173,8.42282,8.42562,1.00,1.00
2016.07.12 18:16:34.185,8.42282,8.42585,1.00,1.00
2016.07.12 18:16:34.550,8.42282,8.42544,1.00,1.00
2016.07.12 18:16:43.094,8.42262,8.42544,1.00,1.00
2016.07.12 18:16:47.869,8.42262,8.42542,1.00,1.00
2016.07.12 18:16:48.263,8.42262,8.42522,1.00,1.00
2016.07.12 18:16:48.392,8.42262,8.42525,1.00,1.00
2016.07.12 18:16:48.444,8.42262,8.42542,1.00,1.00
2016.07.12 18:16:48.649,8.42262,8.42551,1.00,1.50
2016.07.12 18:16:48.699,8.42262,8.42521,1.00,1.00
2016.07.12 18:16:49.201,8.42262,8.42543,1.00,1.00
2016.07.12 18:16:49.302,8.42218,8.42543,1.00,1.00
2016.07.12 18:16:49.555,8.42232,8.42543,1.00,1.00
2016.07.12 18:16:49.843,8.42247,8.42577,1.12,1.00
2016.07.12 18:16:50.674,8.42253,8.42577,1.00,1.50
2016.07.12 18:16:50.784,8.42247,8.42556,1.07,1.00
2016.07.12 18:16:50.885,8.42213,8.42559,1.07,1.00
2016.07.12 18:16:50.986,8.42213,8.42533,1.07,1.00
2016.07.12 18:16:51.143,8.42213,8.42544,1.07,1.00
2016.07.12 18:16:51.194,8.42213,8.42544,1.00,1.00
2016.07.12 18:16:51.332,8.42213,8.42527,1.00,1.00
2016.07.12 18:16:51.484,8.42223,8.42544,1.00,1.00
2016.07.12 18:16:52.273,8.42223,8.4255,1.00,1.00
2016.07.12 18:16:52.888,8.42231,8.4255,1.00,1.00
2016.07.12 18:16:52.989,8.42228,8.4255,1.00,1.00
2016.07.12 18:16:53.202,8.42223,8.4255,1.37,1.00
2016.07.12 18:16:56.843,8.42242,8.4257,1.07,1.00
2016.07.12 18:16:57.080,8.42242,8.42555,1.07,1.00
2016.07.12 18:16:57.441,8.42242,8.4253,1.07,1.00
2016.07.12 18:16:58.116,8.42242,8.42555,1.07,1.00
2016.07.12 18:16:58.387,8.42242,8.42534,1.00,1.00
2016.07.12 18:17:00.015,8.42242,8.42555,1.00,1.00
2016.07.12 18:17:00.104,8.42242,8.42493,1.00,1.00
2016.07.12 18:17:00.811,8.42242,8.42525,1.00,1.00
2016.07.12 18:17:00.965,8.42242,8.42494,1.00,1.00
2016.07.12 18:17:01.234,8.42242,8.42517,1.00,1.00
2016.07.12 18:17:03.410,8.42213,8.42517,1.00,1.00
2016.07.12 18:17:04.165,8.42213,8.42563,1.00,1.07
2016.07.12 18:17:04.315,8.42224,8.42577,1.00,1.00
2016.07.12 18:17:04.366,8.42224,8.42544,1.00,1.00
2016.07.12 18:17:07.683,8.42219,8.42544,1.07,1.00
2016.07.12 18:17:08.493,8.42213,8.42523,1.07,1.00
2016.07.12 18:17:09.380,8.4222,8.42544,1.07,1.00
2016.07.12 18:17:09.882,8.42213,8.42524,1.07,1.00
2016.07.12 18:17:10.742,8.42213,8.4254,1.07,1.00
2016.07.12 18:17:10.793,8.42213,8.4254,1.00,1.00
2016.07.12 18:17:10.953,8.42213,8.42507,1.00,1.00
2016.07.12 18:17:12.314,8.42213,8.42522,1.00,1.00
2016.07.12 18:17:12.420,8.42213,8.42501,1.00,1.00
2016.07.12 18:17:12.521,8.42213,8.42522,1.00,1.00
2016.07.12 18:17:12.873,8.42213,8.42492,1.00,1.00
2016.07.12 18:17:13.365,8.42222,8.42492,1.00,1.00
2016.07.12 18:17:19.965,8.42222,8.42515,1.00,1.00
2016.07.12 18:17:21.743,8.42222,8.42493,1.00,1.00
2016.07.12 18:17:22.316,8.42222,8.42481,1.00,1.00
2016.07.12 18:17:22.917,8.42222,8.42504,1.00,1.00
2016.07.12 18:17:23.357,8.42212,8.42504,1.00,1.00
2016.07.12 18:17:25.423,8.42212,8.42481,1.00,1.00
2016.07.12 18:17:25.860,8.42212,8.42504,1.00,1.00
2016.07.12 18:17:26.762,8.42212,8.42522,1.00,1.00
2016.07.12 18:17:26.813,8.42212,8.4255,1.00,1.07
2016.07.12 18:17:26.863,8.42212,8.42521,1.00,1.00
2016.07.12 18:17:27.025,8.42212,8.4255,1.00,1.00
2016.07.12 18:17:27.233,8.42212,8.4251,1.00,1.00
2016.07.12 18:17:31.887,8.42212,8.42518,1.00,1.00
2016.07.12 18:17:31.938,8.42212,8.4251,1.00,1.00
2016.07.12 18:17:38.146,8.42212,8.42532,1.00,1.00
2016.07.12 18:17:38.566,8.42212,8.42552,1.00,1.00
2016.07.12 18:17:38.686,8.42242,8.42552,1.00,1.00
2016.07.12 18:17:39.005,8.42242,8.42543,1.00,1.00
2016.07.12 18:17:39.523,8.42242,8.4252,1.00,1.00
2016.07.12 18:17:40.024,8.42242,8.42519,1.00,1.50
2016.07.12 18:17:40.413,8.42242,8.42509,1.00,1.00
2016.07.12 18:17:42.363,8.42242,8.42507,1.00,1.00
2016.07.12 18:17:42.414,8.42192,8.42507,1.00,1.00
2016.07.12 18:17:42.515,8.42192,8.42487,1.00,1.00
2016.07.12 18:17:42.632,8.42192,8.42507,1.00,1.00
2016.07.12 18:17:42.724,8.42192,8.42487,1.00,1.00
2016.07.12 18:17:44.944,8.42192,8.42469,1.00,1.00
2016.07.12 18:17:45.171,8.42192,8.42487,1.00,1.00
2016.07.12 18:17:47.646,8.42192,8.4251,1.00,1.00
2016.07.12 18:17:50.877,8.42192,8.42505,1.00,1.00
2016.07.12 18:17:51.194,8.42199,8.42491,1.00,1.00
2016.07.12 18:17:52.331,8.42199,8.4249,1.00,1.00
2016.07.12 18:17:52.381,8.42192,8.4249,1.00,1.00
2016.07.12 18:17:52.432,8.42203,8.4249,1.00,1.00
2016.07.12 18:17:53.730,8.42203,8.42476,1.00,1.00
2016.07.12 18:17:55.143,8.42203,8.42495,1.00,1.00
2016.07.12 18:17:55.383,8.42203,8.42472,1.00,1.00
2016.07.12 18:17:56.066,8.42207,8.42472,1.00,1.50
2016.07.12 18:17:56.380,8.42203,8.42472,1.00,1.00
2016.07.12 18:17:57.350,8.42203,8.42484,1.00,1.00
2016.07.12 18:17:57.843,8.42203,8.42505,1.00,1.00
2016.07.12 18:17:58.887,8.42203,8.42484,1.00,1.00
2016.07.12 18:17:59.333,8.42203,8.42507,1.00,1.00
2016.07.12 18:18:02.466,8.42212,8.42507,1.00,1.00
2016.07.12 18:18:06.794,8.42212,8.42535,1.00,1.00
2016.07.12 18:18:06.895,8.42212,8.42507,1.00,1.00
2016.07.12 18:18:07.047,8.42212,8.42526,1.00,1.00
2016.07.12 18:18:07.894,8.42212,8.42528,1.00,1.00
2016.07.12 18:18:07.945,8.42212,8.42503,1.00,1.00
2016.07.12 18:18:08.077,8.42212,8.42523,1.00,1.00
2016.07.12 18:18:08.178,8.42212,8.42492,1.00,1.00
2016.07.12 18:18:12.199,8.42212,8.42518,1.00,1.00
2016.07.12 18:18:12.461,8.42223,8.42518,1.00,1.00
2016.07.12 18:18:13.738,8.42223,8.42496,1.00,1.00
2016.07.12 18:18:14.685,8.42223,8.42518,1.00,1.00
2016.07.12 18:18:14.787,8.42223,8.42547,1.00,1.10
2016.07.12 18:18:15.013,8.42223,8.42507,1.00,1.00
2016.07.12 18:18:19.813,8.42223,8.42501,1.00,1.00
2016.07.12 18:18:20.957,8.42223,8.42509,1.00,1.00
2016.07.12 18:18:21.159,8.42223,8.42478,1.00,1.00
2016.07.12 18:18:21.958,8.42223,8.425,1.00,1.00
2016.07.12 18:18:22.108,8.42173,8.425,1.00,1.00
2016.07.12 18:18:22.159,8.42172,8.42504,1.00,1.00
2016.07.12 18:18:22.210,8.42172,8.42459,1.00,1.00
2016.07.12 18:18:22.535,8.42172,8.42452,1.00,1.00
2016.07.12 18:18:22.874,8.42172,8.42443,1.00,1.00
2016.07.12 18:18:23.086,8.42132,8.42443,1.00,1.10
2016.07.12 18:18:23.851,8.42132,8.42424,1.00,1.00
2016.07.12 18:18:24.863,8.42132,8.42443,1.00,1.10
2016.07.12 18:18:25.329,8.42132,8.42446,1.00,1.00
2016.07.12 18:18:33.121,8.42162,8.42446,1.00,1.00
2016.07.12 18:18:38.353,8.42173,8.42507,1.00,1.37
2016.07.12 18:18:38.455,8.42173,8.42507,1.07,1.00
2016.07.12 18:18:38.506,8.42173,8.42511,1.07,1.00
2016.07.12 18:18:39.233,8.42173,8.4249,1.07,1.00
2016.07.12 18:18:39.314,8.42173,8.4249,1.00,1.00
2016.07.12 18:18:44.395,8.42173,8.42467,1.00,1.00
2016.07.12 18:18:44.979,8.42173,8.4248,1.00,1.00
2016.07.12 18:18:45.176,8.42173,8.42478,1.00,1.00
2016.07.12 18:18:45.523,8.42173,8.42473,1.00,1.10
2016.07.12 18:18:45.844,8.42173,8.42464,1.00,1.00
2016.07.12 18:18:46.170,8.42173,8.42456,1.00,1.00
2016.07.12 18:18:46.479,8.42173,8.42422,1.00,1.00
2016.07.12 18:18:47.228,8.42173,8.42442,1.00,1.00
2016.07.12 18:18:47.599,8.42173,8.42418,1.00,1.00
2016.07.12 18:18:48.383,8.42152,8.42418,1.00,1.00
2016.07.12 18:18:51.053,8.42152,8.42474,1.00,1.00
2016.07.12 18:18:51.243,8.42152,8.42435,1.00,1.00
2016.07.12 18:18:51.518,8.42152,8.42474,1.00,1.00
2016.07.12 18:18:51.569,8.42152,8.42493,1.00,1.10
2016.07.12 18:18:52.408,8.42152,8.42468,1.00,1.00
2016.07.12 18:18:52.509,8.42152,8.42493,1.00,1.10
2016.07.12 18:18:52.647,8.42172,8.42493,1.00,1.10
2016.07.12 18:18:52.849,8.42172,8.42511,1.00,1.00
2016.07.12 18:18:53.000,8.42182,8.42512,1.00,1.00
2016.07.12 18:18:53.862,8.42172,8.42508,1.00,1.00
2016.07.12 18:18:53.933,8.42172,8.42482,1.00,1.00
2016.07.12 18:18:54.243,8.42179,8.42461,1.00,1.00
2016.07.12 18:18:54.435,8.42172,8.42461,1.00,1.00
2016.07.12 18:18:55.557,8.42172,8.42471,1.00,1.00
2016.07.12 18:18:55.998,8.42182,8.42471,1.00,1.00
2016.07.12 18:18:58.168,8.42186,8.42471,1.00,1.00
2016.07.12 18:18:58.323,8.42186,8.42489,1.00,1.00
2016.07.12 18:18:58.861,8.42186,8.42519,1.00,1.00
2016.07.12 18:18:59.693,8.42194,8.42519,1.00,1.00
2016.07.12 18:19:02.679,8.42242,8.42519,1.00,1.00
2016.07.12 18:19:02.981,8.42242,8.42519,1.00,1.37
2016.07.12 18:19:04.173,8.42242,8.42519,1.00,1.50
2016.07.12 18:19:04.509,8.42242,8.42474,1.00,1.00
2016.07.12 18:19:06.574,8.42242,8.42476,1.00,1.00
2016.07.12 18:19:06.739,8.42242,8.42499,1.00,1.37
2016.07.12 18:19:06.941,8.42242,8.42499,1.00,1.07
2016.07.12 18:19:07.341,8.42212,8.42499,1.00,1.07
2016.07.12 18:19:12.154,8.42242,8.42519,1.00,1.37
2016.07.12 18:19:12.423,8.42242,8.42519,1.00,1.00
2016.07.12 18:19:12.994,8.42242,8.42533,1.00,1.37
2016.07.12 18:19:15.393,8.42242,8.42533,1.07,1.00
2016.07.12 18:19:15.444,8.42242,8.42577,1.07,1.75
2016.07.12 18:19:15.613,8.42242,8.42577,1.87,1.75
2016.07.12 18:19:15.914,8.42282,8.42577,1.37,1.37
2016.07.12 18:19:16.284,8.42292,8.42555,1.07,1.00
2016.07.12 18:19:16.385,8.42292,8.42555,1.00,1.00
2016.07.12 18:19:16.566,8.42242,8.42555,1.50,1.00
2016.07.12 18:19:16.616,8.42242,8.42529,1.50,1.00
2016.07.12 18:19:16.933,8.42242,8.42529,1.07,1.00
2016.07.12 18:19:17.628,8.42242,8.42555,1.07,1.37
2016.07.12 18:19:17.746,8.42242,8.42555,1.75,1.07
2016.07.12 18:19:18.913,8.42247,8.42574,1.07,1.75
2016.07.12 18:19:19.343,8.42252,8.42537,1.07,1.00
2016.07.12 18:19:21.682,8.42252,8.42558,1.07,1.37
2016.07.12 18:19:22.139,8.42302,8.42558,1.00,1.37
2016.07.12 18:19:22.956,8.42302,8.42559,1.00,1.12
2016.07.12 18:19:23.203,8.42302,8.42559,1.00,1.07
2016.07.12 18:19:23.434,8.42302,8.42559,1.07,1.00
2016.07.12 18:19:23.485,8.42302,8.42575,1.07,1.00
2016.07.12 18:19:24.193,8.42302,8.42575,1.00,1.12
2016.07.12 18:19:24.535,8.42302,8.42558,1.00,1.00
2016.07.12 18:19:25.884,8.42302,8.42537,1.00,1.07
2016.07.12 18:19:26.739,8.42302,8.42526,1.00,1.00
2016.07.12 18:19:26.890,8.42252,8.4253,1.00,1.00
2016.07.12 18:19:26.992,8.42252,8.4253,1.00,1.07
2016.07.12 18:19:27.211,8.42252,8.4253,1.00,1.00
2016.07.12 18:19:27.263,8.42252,8.42513,1.00,1.00
2016.07.12 18:19:27.933,8.42252,8.42513,1.07,1.00
2016.07.12 18:19:28.185,8.42252,8.4253,1.00,1.07
2016.07.12 18:19:28.419,8.42252,8.42525,1.07,1.00
2016.07.12 18:19:29.374,8.42252,8.42525,1.00,1.00
2016.07.12 18:19:29.603,8.42252,8.4254,1.00,1.37
2016.07.12 18:19:29.843,8.42252,8.42526,1.00,1.00
2016.07.12 18:19:36.871,8.42262,8.42526,1.00,1.00
2016.07.12 18:19:39.350,8.42262,8.42515,1.00,1.00
2016.07.12 18:19:39.655,8.42262,8.42515,1.00,1.37
2016.07.12 18:19:41.884,8.42212,8.42515,1.00,1.37
2016.07.12 18:19:41.935,8.42212,8.42515,1.00,1.75
2016.07.12 18:19:42.238,8.42212,8.42508,1.00,1.75
2016.07.12 18:19:42.513,8.42212,8.42508,1.00,1.37
2016.07.12 18:19:42.903,8.42212,8.4247,1.00,1.00
2016.07.12 18:19:43.988,8.42212,8.42495,1.00,1.07
2016.07.12 18:19:44.179,8.42212,8.42495,1.07,1.00
2016.07.12 18:19:44.493,8.42212,8.42495,1.00,1.00
2016.07.12 18:19:44.695,8.42212,8.42495,1.07,1.00
2016.07.12 18:19:44.746,8.42212,8.42545,1.07,1.07
2016.07.12 18:19:45.223,8.42212,8.42508,1.07,1.00
2016.07.12 18:19:46.479,8.42224,8.42508,1.00,1.00
2016.07.12 18:19:46.787,8.42224,8.42554,1.00,1.37
2016.07.12 18:19:47.180,8.42224,8.42531,1.00,1.00
2016.07.12 18:19:47.599,8.42224,8.42554,1.00,1.37
2016.07.12 18:19:48.110,8.42252,8.42541,1.00,1.07
2016.07.12 18:19:55.158,8.42252,8.42541,1.00,1.00
2016.07.12 18:19:55.449,8.42252,8.4252,1.00,1.00
2016.07.12 18:19:56.281,8.42252,8.4253,1.00,1.07
2016.07.12 18:19:56.458,8.42252,8.42507,1.00,1.00
2016.07.12 18:19:57.181,8.42252,8.4253,1.00,1.50
2016.07.12 18:19:58.143,8.42272,8.4253,1.00,1.50
2016.07.12 18:20:05.839,8.42272,8.42541,1.00,1.07
2016.07.12 18:20:05.890,8.42222,8.42541,1.00,1.07
2016.07.12 18:20:05.941,8.42222,8.42541,1.00,1.75
2016.07.12 18:20:06.197,8.42222,8.42541,1.00,1.12
2016.07.12 18:20:06.435,8.42222,8.42497,1.00,1.00
2016.07.12 18:20:08.142,8.42222,8.42497,1.07,1.00
2016.07.12 18:20:08.624,8.42222,8.42558,1.07,1.37
2016.07.12 18:20:08.675,8.42222,8.42558,1.75,1.07
2016.07.12 18:20:09.942,8.42235,8.42549,1.37,1.00
2016.07.12 18:20:12.077,8.42282,8.42549,1.00,1.00
2016.07.12 18:20:12.648,8.42282,8.42549,1.12,1.00
2016.07.12 18:20:12.946,8.42282,8.4257,1.37,1.00
2016.07.12 18:20:13.098,8.42292,8.42637,1.57,1.75
2016.07.12 18:20:13.199,8.42292,8.42637,1.87,1.75
2016.07.12 18:20:13.257,8.42322,8.42634,1.00,1.75
2016.07.12 18:20:13.308,8.42312,8.42634,1.00,1.75
2016.07.12 18:20:13.477,8.42312,8.42634,1.75,1.00
2016.07.12 18:20:14.548,8.42337,8.42682,1.37,1.75
2016.07.12 18:20:14.643,8.42352,8.42682,1.00,1.75
2016.07.12 18:20:14.696,8.42352,8.42682,1.37,1.37
2016.07.12 18:20:14.853,8.42337,8.4269,1.75,1.37
2016.07.12 18:20:14.954,8.42337,8.4269,1.75,1.75
2016.07.12 18:20:15.156,8.42342,8.42661,1.37,1.75
2016.07.12 18:20:15.532,8.42342,8.42621,1.37,1.00
2016.07.12 18:20:15.892,8.42333,8.42599,1.00,1.00
2016.07.12 18:20:17.954,8.42333,8.42617,1.00,1.07
2016.07.12 18:20:18.005,8.42333,8.42617,1.00,1.37
2016.07.12 18:20:18.308,8.42332,8.42617,1.00,1.75
2016.07.12 18:20:19.002,8.42332,8.42573,1.00,1.00
2016.07.12 18:20:19.279,8.42332,8.4259,1.00,1.07
2016.07.12 18:20:19.502,8.42332,8.42558,1.00,1.00
2016.07.12 18:20:19.603,8.42332,8.4259,1.00,1.75
2016.07.12 18:20:19.656,8.42283,8.4259,1.00,1.75
2016.07.12 18:20:20.358,8.42283,8.42567,1.00,1.75
2016.07.12 18:20:20.688,8.42283,8.42567,1.00,1.07
2016.07.12 18:20:20.882,8.42283,8.42523,1.00,1.00
2016.07.12 18:20:28.645,8.42282,8.42523,1.00,1.00
2016.07.12 18:20:28.695,8.42282,8.4258,1.00,1.07
2016.07.12 18:20:29.352,8.42282,8.42558,1.00,1.00
2016.07.12 18:20:29.772,8.42282,8.42523,1.00,1.00
2016.07.12 18:20:30.568,8.42282,8.42547,1.00,1.00
2016.07.12 18:20:31.174,8.42282,8.42596,1.00,1.37
2016.07.12 18:20:31.692,8.42282,8.42569,1.00,1.00
2016.07.12 18:20:32.861,8.42282,8.42569,1.00,1.07
2016.07.12 18:20:33.763,8.42282,8.42523,1.00,1.00
2016.07.12 18:20:34.573,8.42282,8.42547,1.00,1.00
2016.07.12 18:20:35.531,8.42282,8.42524,1.00,1.00
2016.07.12 18:20:35.933,8.42282,8.42555,1.00,1.37
2016.07.12 18:20:36.067,8.42282,8.42555,1.00,1.00
2016.07.12 18:20:36.218,8.42282,8.42524,1.00,1.00
2016.07.12 18:20:37.991,8.42282,8.42567,1.00,1.07
2016.07.12 18:20:38.582,8.42282,8.42561,1.00,1.00
2016.07.12 18:20:38.651,8.42282,8.42567,1.00,1.00
2016.07.12 18:20:39.055,8.42282,8.42612,1.00,1.37
2016.07.12 18:20:39.551,8.42282,8.42583,1.00,1.00
2016.07.12 18:20:40.127,8.42293,8.42583,1.00,1.00
2016.07.12 18:20:44.089,8.42293,8.42583,1.00,1.37
2016.07.12 18:20:44.309,8.42293,8.42606,1.00,1.07
2016.07.12 18:20:44.726,8.42293,8.42586,1.00,1.00
2016.07.12 18:20:45.391,8.42293,8.42599,1.00,1.50
2016.07.12 18:20:45.845,8.42293,8.42579,1.00,1.00
2016.07.12 18:20:48.801,8.42293,8.42579,1.37,1.00
2016.07.12 18:20:49.132,8.42293,8.42579,1.07,1.00
2016.07.12 18:20:49.599,8.42293,8.42579,1.00,1.37
2016.07.12 18:20:50.027,8.42303,8.42579,1.00,1.37
2016.07.12 18:20:51.300,8.42303,8.42553,1.00,1.00
2016.07.12 18:20:51.527,8.42303,8.42579,1.00,1.37
2016.07.12 18:20:51.801,8.42303,8.42555,1.00,1.00
2016.07.12 18:20:52.388,8.42303,8.42541,1.00,1.00
2016.07.12 18:20:53.542,8.42303,8.42555,1.00,1.07
2016.07.12 18:20:53.643,8.42252,8.42555,1.00,1.07
2016.07.12 18:20:54.262,8.42252,8.42518,1.00,1.00
2016.07.12 18:20:54.631,8.42252,8.42518,1.07,1.00
2016.07.12 18:20:54.837,8.42252,8.42541,1.07,1.00
2016.07.12 18:20:56.421,8.42252,8.42541,1.00,1.00
2016.07.12 18:20:56.606,8.42252,8.42545,1.00,1.10
2016.07.12 18:20:57.111,8.42252,8.42507,1.00,1.00
2016.07.12 18:20:57.801,8.42252,8.42529,1.00,1.00
2016.07.12 18:20:57.957,8.42252,8.42529,1.07,1.00
2016.07.12 18:20:58.608,8.42252,8.42529,1.00,1.00
2016.07.12 18:20:58.868,8.42252,8.42537,1.00,1.50
2016.07.12 18:20:59.020,8.42252,8.42515,1.00,1.00
2016.07.12 18:20:59.841,8.42252,8.42542,1.00,1.00
2016.07.12 18:21:00.141,8.42252,8.4252,1.00,1.00
2016.07.12 18:21:00.512,8.42252,8.42535,1.00,1.00
2016.07.12 18:21:00.571,8.42252,8.42535,1.00,1.12
2016.07.12 18:21:00.875,8.42252,8.42493,1.00,1.00
2016.07.12 18:21:01.524,8.42252,8.42492,1.00,1.00
2016.07.12 18:21:02.027,8.42253,8.42492,1.00,1.00
2016.07.12 18:21:03.629,8.42252,8.42492,1.00,1.00
2016.07.12 18:21:03.861,8.42252,8.42514,1.00,1.00
2016.07.12 18:21:04.224,8.42252,8.42514,1.37,1.00
2016.07.12 18:21:04.275,8.42252,8.42561,1.37,1.10
2016.07.12 18:21:05.180,8.42252,8.42561,1.00,1.37
2016.07.12 18:21:05.545,8.42252,8.42532,1.00,1.00
2016.07.12 18:21:07.871,8.42252,8.42532,1.12,1.00
2016.07.12 18:21:08.621,8.42252,8.42532,1.00,1.00
2016.07.12 18:21:08.902,8.42252,8.42513,1.00,1.00
2016.07.12 18:21:10.123,8.42252,8.42538,1.00,1.00
2016.07.12 18:21:10.324,8.42252,8.42504,1.00,1.00
2016.07.12 18:21:10.539,8.42252,8.42528,1.00,1.00
2016.07.12 18:21:11.591,8.42272,8.42528,1.00,1.00
2016.07.12 18:21:11.932,8.42272,8.42551,1.00,1.00
2016.07.12 18:21:12.227,8.42272,8.42581,1.00,1.37
2016.07.12 18:21:12.582,8.42272,8.42561,1.00,1.00
2016.07.12 18:21:15.130,8.42272,8.42561,1.00,1.07
2016.07.12 18:21:15.674,8.42272,8.4255,1.00,1.00
2016.07.12 18:21:19.401,8.42272,8.42578,1.00,1.07
2016.07.12 18:21:21.604,8.42302,8.42559,1.00,1.00
2016.07.12 18:21:25.695,8.42302,8.42573,1.00,1.00
2016.07.12 18:21:25.925,8.42302,8.42547,1.00,1.00
2016.07.12 18:21:31.597,8.42262,8.42547,1.37,1.00
2016.07.12 18:21:35.550,8.42262,8.42547,1.00,1.00
2016.07.12 18:21:35.706,8.42262,8.42527,1.00,1.00
2016.07.12 18:21:35.812,8.42262,8.42559,1.00,1.07
2016.07.12 18:21:35.913,8.42262,8.42551,1.00,1.37
2016.07.12 18:21:36.474,8.42262,8.42505,1.00,1.00
2016.07.12 18:21:38.852,8.42262,8.42517,1.00,1.00
2016.07.12 18:21:39.091,8.42262,8.42483,1.00,1.00
2016.07.12 18:21:40.771,8.42262,8.42505,1.00,1.00
2016.07.12 18:21:40.982,8.42262,8.42472,1.00,1.00
2016.07.12 18:21:41.344,8.42262,8.42494,1.00,1.00
2016.07.12 18:21:41.508,8.42232,8.42494,1.00,1.00
2016.07.12 18:21:41.839,8.42232,8.42494,1.07,1.00
2016.07.12 18:21:42.090,8.42232,8.42494,1.00,1.00
2016.07.12 18:21:43.051,8.42232,8.42472,1.00,1.00
2016.07.12 18:21:43.291,8.42232,8.42494,1.00,1.00
2016.07.12 18:21:43.842,8.42232,8.42494,1.07,1.00
2016.07.12 18:21:44.130,8.42232,8.42494,1.00,1.00
2016.07.12 18:21:46.519,8.42183,8.42494,1.75,1.00
2016.07.12 18:21:46.570,8.42183,8.42501,1.00,1.75
2016.07.12 18:21:46.774,8.42182,8.42455,1.00,1.00
2016.07.12 18:21:46.875,8.42182,8.42481,1.00,1.37
2016.07.12 18:21:47.569,8.42182,8.42471,1.00,1.00
2016.07.12 18:21:47.675,8.42182,8.42488,1.00,1.10
2016.07.12 18:21:47.732,8.42182,8.42437,1.00,1.00
2016.07.12 18:21:47.872,8.42182,8.42473,1.00,1.07
2016.07.12 18:21:48.271,8.42182,8.42427,1.00,1.00
2016.07.12 18:21:48.821,8.42182,8.4245,1.00,1.00
2016.07.12 18:21:49.341,8.42182,8.42426,1.00,1.00
2016.07.12 18:21:50.383,8.42182,8.4244,1.00,1.00
2016.07.12 18:21:50.535,8.42182,8.42406,1.00,1.00
2016.07.12 18:21:51.151,8.42182,8.42429,1.00,1.00
2016.07.12 18:21:51.426,8.42182,8.42476,1.00,1.07
2016.07.12 18:21:51.527,8.42182,8.42446,1.00,1.00
2016.07.12 18:21:53.791,8.42182,8.42423,1.00,1.00
2016.07.12 18:21:56.581,8.42162,8.42423,1.07,1.00
2016.07.12 18:21:56.682,8.42162,8.42445,1.07,1.00
2016.07.12 18:21:57.091,8.42162,8.42461,1.07,1.00
2016.07.12 18:21:57.422,8.42162,8.42457,1.07,1.00
2016.07.12 18:21:57.872,8.42162,8.42477,1.07,1.00
2016.07.12 18:21:57.928,8.42162,8.42484,1.07,1.07
2016.07.12 18:21:58.096,8.42162,8.42468,1.07,1.00
2016.07.12 18:21:58.411,8.42162,8.42449,1.00,1.00
2016.07.12 18:21:58.831,8.42162,8.42429,1.00,1.00
2016.07.12 18:22:06.386,8.42162,8.42429,1.07,1.00
2016.07.12 18:22:06.437,8.42162,8.42483,1.07,1.07
2016.07.12 18:22:06.792,8.42163,8.42449,1.10,1.00
2016.07.12 18:22:07.681,8.42167,8.42449,1.00,1.00
2016.07.12 18:22:07.864,8.42167,8.42492,1.00,1.37
2016.07.12 18:22:07.967,8.42167,8.42459,1.00,1.00
2016.07.12 18:22:08.080,8.42167,8.42511,1.00,1.75
2016.07.12 18:22:08.130,8.42167,8.42511,1.37,1.37
2016.07.12 18:22:09.339,8.42163,8.42483,1.37,1.00
2016.07.12 18:22:09.702,8.42163,8.42461,1.00,1.00
2016.07.12 18:22:10.398,8.42163,8.42473,1.00,1.00
2016.07.12 18:22:10.711,8.42163,8.42437,1.00,1.00
2016.07.12 18:22:12.237,8.42163,8.42464,1.00,1.00
2016.07.12 18:22:12.638,8.42163,8.42464,1.00,1.07
2016.07.12 18:22:13.038,8.42163,8.4243,1.00,1.00
2016.07.12 18:22:13.380,8.42163,8.42459,1.00,1.00
2016.07.12 18:22:13.431,8.42163,8.42459,1.00,1.07
2016.07.12 18:22:13.760,8.42163,8.42459,1.00,1.00
2016.07.12 18:22:16.551,8.42193,8.42459,1.00,1.00
2016.07.12 18:22:18.400,8.42193,8.4248,1.00,1.00
2016.07.12 18:22:18.570,8.42193,8.4248,1.00,1.12
2016.07.12 18:22:19.140,8.42193,8.42456,1.00,1.00
2016.07.12 18:22:19.441,8.42193,8.42456,1.00,1.07
2016.07.12 18:22:19.593,8.42193,8.42461,1.00,1.00
2016.07.12 18:22:19.711,8.42193,8.42446,1.00,1.00
2016.07.12 18:22:20.853,8.42193,8.42462,1.00,1.07
2016.07.12 18:22:21.092,8.42193,8.42428,1.00,1.00
2016.07.12 18:22:22.911,8.42193,8.42451,1.00,1.00
2016.07.12 18:22:23.467,8.42193,8.42485,1.00,1.07
2016.07.12 18:22:23.568,8.42193,8.42468,1.00,1.00
2016.07.12 18:22:23.698,8.42193,8.42485,1.00,1.07
2016.07.12 18:22:23.857,8.42193,8.42485,1.00,1.00
2016.07.12 18:22:25.353,8.42193,8.42502,1.00,1.37
2016.07.12 18:22:26.540,8.42222,8.42502,1.00,1.37
2016.07.12 18:22:32.337,8.42222,8.42502,1.00,1.07
2016.07.12 18:22:32.650,8.42222,8.42502,1.07,1.00
2016.07.12 18:22:36.560,8.42242,8.42502,1.00,1.00
2016.07.12 18:22:39.092,8.42252,8.42525,1.00,1.37
2016.07.12 18:22:39.827,8.42252,8.42503,1.00,1.00
2016.07.12 18:22:43.870,8.42252,8.42503,1.00,1.07
2016.07.12 18:22:44.175,8.42252,8.42454,1.00,1.00
2016.07.12 18:22:45.121,8.42252,8.42458,1.00,1.00
2016.07.12 18:22:45.323,8.42202,8.42458,1.00,1.00
2016.07.12 18:22:45.472,8.42202,8.42485,1.00,1.37
2016.07.12 18:22:45.745,8.42202,8.42458,1.00,1.00
2016.07.12 18:22:46.315,8.42202,8.42481,1.00,1.00
2016.07.12 18:22:47.451,8.42202,8.42523,1.00,1.75
2016.07.12 18:22:53.892,8.42202,8.42502,1.07,1.07
2016.07.12 18:22:55.131,8.42202,8.42502,1.00,1.37
2016.07.12 18:22:55.509,8.42222,8.42481,1.00,1.00
2016.07.12 18:22:57.070,8.42222,8.42481,1.00,1.37
2016.07.12 18:22:57.971,8.42222,8.42448,1.00,1.00
2016.07.12 18:22:58.697,8.42222,8.42477,1.00,1.00
2016.07.12 18:22:59.571,8.42222,8.42515,1.00,1.75
2016.07.12 18:22:59.622,8.42222,8.42525,1.00,1.75
2016.07.12 18:23:03.597,8.42222,8.42485,1.00,1.00
2016.07.12 18:23:05.320,8.42223,8.42485,1.00,1.00
2016.07.12 18:23:15.342,8.42242,8.42485,1.00,1.00
2016.07.12 18:23:16.583,8.42242,8.42485,1.00,1.07
2016.07.12 18:23:17.097,8.42242,8.42485,1.00,1.00
2016.07.12 18:23:25.363,8.42232,8.42485,1.00,1.00
2016.07.12 18:23:34.200,8.42183,8.42485,1.75,1.00
2016.07.12 18:23:34.305,8.42183,8.42454,1.75,1.00
2016.07.12 18:23:34.356,8.42183,8.42454,1.07,1.00
2016.07.12 18:23:35.403,8.42183,8.42476,1.07,1.00
2016.07.12 18:23:35.505,8.42183,8.42476,1.75,1.00
2016.07.12 18:23:35.903,8.42183,8.42476,1.07,1.07
2016.07.12 18:23:36.119,8.42183,8.42476,1.50,1.00
2016.07.12 18:23:36.370,8.42183,8.42476,1.00,1.07
2016.07.12 18:23:36.582,8.42183,8.42467,1.07,1.00
2016.07.12 18:23:36.737,8.42183,8.42474,1.07,1.00
2016.07.12 18:23:36.788,8.42183,8.42451,1.07,1.00
2016.07.12 18:23:39.108,8.42183,8.42451,1.00,1.00
2016.07.12 18:23:41.602,8.42132,8.42451,1.75,1.00
2016.07.12 18:23:42.525,8.42132,8.42427,1.75,1.00
2016.07.12 18:23:42.918,8.42132,8.42454,1.75,1.00
2016.07.12 18:23:42.969,8.42132,8.42454,1.00,1.37
2016.07.12 18:23:43.070,8.42132,8.42376,1.00,1.00
2016.07.12 18:23:43.569,8.42132,8.42421,1.00,1.37
2016.07.12 18:23:43.670,8.42132,8.42421,1.00,1.00
2016.07.12 18:23:43.838,8.42132,8.42394,1.00,1.00
2016.07.12 18:23:44.674,8.42132,8.42417,1.37,1.00
2016.07.12 18:23:45.557,8.42132,8.42421,1.37,1.00
2016.07.12 18:23:46.143,8.42132,8.42428,1.37,1.00
2016.07.12 18:23:47.883,8.42132,8.42428,1.75,1.00
2016.07.12 18:23:50.274,8.42137,8.42456,1.75,1.00
2016.07.12 18:23:53.169,8.42162,8.42456,1.75,1.00
2016.07.12 18:23:58.959,8.42162,8.42456,1.75,1.00
2016.07.12 18:24:00.421,8.42172,8.42456,1.75,1.00
2016.07.12 18:24:00.573,8.42172,8.42497,1.75,1.07
2016.07.12 18:24:00.623,8.42162,8.42456,2.25,1.00
2016.07.12 18:24:00.725,8.42162,8.42456,2.25,1.00
2016.07.12 18:24:02.371,8.42202,8.42456,1.37,1.00
2016.07.12 18:24:02.421,8.42202,8.42479,1.37,1.00
2016.07.12 18:24:02.771,8.42202,8.42497,1.37,1.37
2016.07.12 18:24:02.922,8.42202,8.4249,1.37,1.00
2016.07.12 18:24:03.838,8.42202,8.42466,1.37,1.00
2016.07.12 18:24:04.098,8.42202,8.4253,1.37,1.75
2016.07.12 18:24:04.149,8.42202,8.4253,1.00,1.75
2016.07.12 18:24:04.301,8.42202,8.42475,1.00,1.00
2016.07.12 18:24:04.629,8.42202,8.42486,1.00,1.37
2016.07.12 18:24:05.023,8.42202,8.42463,1.07,1.00
2016.07.12 18:24:05.074,8.42202,8.42486,1.07,1.00
2016.07.12 18:24:05.696,8.42202,8.42486,1.37,1.00
2016.07.12 18:24:10.081,8.42202,8.42551,1.75,1.07
2016.07.12 18:24:10.182,8.42204,8.42561,1.75,1.00
2016.07.12 18:24:10.532,8.42202,8.42544,1.75,1.00
2016.07.12 18:24:10.871,8.42202,8.42514,1.75,1.00
2016.07.12 18:24:13.050,8.42207,8.42514,1.75,1.00
2016.07.12 18:24:20.145,8.42262,8.42514,1.00,1.00
2016.07.12 18:24:30.132,8.42252,8.42514,1.00,1.00
2016.07.12 18:24:33.423,8.42252,8.42534,1.37,1.00
2016.07.12 18:24:34.022,8.42252,8.42551,1.37,1.37
2016.07.12 18:24:34.072,8.42252,8.42551,1.75,1.00
2016.07.12 18:24:34.123,8.42252,8.42566,1.75,1.07
2016.07.12 18:24:34.881,8.42272,8.42559,1.37,1.00
2016.07.12 18:24:35.334,8.42272,8.42581,1.37,1.37
2016.07.12 18:24:35.629,8.42272,8.42581,1.75,1.00
2016.07.12 18:24:35.960,8.42272,8.4257,1.75,1.00
2016.07.12 18:24:36.901,8.42272,8.42542,1.75,1.00
2016.07.12 18:24:36.951,8.42272,8.42542,1.07,1.00
2016.07.12 18:24:37.489,8.42272,8.42565,1.07,1.10
2016.07.12 18:24:37.612,8.42272,8.42565,1.37,1.00
2016.07.12 18:24:37.741,8.42272,8.42582,1.37,1.07
2016.07.12 18:24:39.114,8.42272,8.4258,2.25,1.00
2016.07.12 18:24:39.896,8.42272,8.4258,1.75,1.00
2016.07.12 18:24:41.118,8.42312,8.4258,1.00,1.37
2016.07.12 18:24:41.168,8.42302,8.4258,1.00,1.37
2016.07.12 18:24:41.310,8.42272,8.42535,1.00,1.00
2016.07.12 18:24:41.412,8.42272,8.42558,1.00,1.00
2016.07.12 18:24:41.564,8.42278,8.42558,1.00,1.10
2016.07.12 18:24:41.761,8.42278,8.42607,1.00,1.75
2016.07.12 18:24:42.172,8.42295,8.426,1.00,1.37
2016.07.12 18:24:42.408,8.42295,8.42613,1.00,1.37
2016.07.12 18:24:42.671,8.42295,8.42611,1.37,1.37
2016.07.12 18:24:43.241,8.42312,8.42611,1.00,1.37
2016.07.12 18:24:43.571,8.42314,8.42611,1.00,1.37
2016.07.12 18:24:45.939,8.42314,8.42611,1.07,1.07
2016.07.12 18:24:46.172,8.42313,8.42611,1.00,1.37
2016.07.12 18:24:46.560,8.42312,8.42588,1.00,1.00
2016.07.12 18:24:47.075,8.42322,8.42588,1.00,1.00
2016.07.12 18:24:47.776,8.42332,8.42588,1.00,1.00
2016.07.12 18:24:48.894,8.42342,8.42588,1.00,1.00
2016.07.12 18:24:49.108,8.42332,8.42588,1.00,1.00
2016.07.12 18:24:49.278,8.42343,8.42588,1.00,1.00
2016.07.12 18:24:49.859,8.42342,8.42588,1.00,1.00
2016.07.12 18:24:51.080,8.42352,8.42588,1.00,1.00
2016.07.12 18:24:51.131,8.42352,8.42618,1.00,1.50
2016.07.12 18:24:51.282,8.42322,8.42618,1.00,1.50
2016.07.12 18:24:51.333,8.42322,8.42618,1.07,1.07
2016.07.12 18:24:51.827,8.42342,8.42618,1.00,1.07
2016.07.12 18:24:51.981,8.42332,8.42618,1.00,1.07
2016.07.12 18:24:52.100,8.42343,8.42618,1.00,1.07
2016.07.12 18:24:52.434,8.42342,8.42613,1.00,1.37
2016.07.12 18:24:52.535,8.42343,8.42613,1.00,1.07
2016.07.12 18:24:52.586,8.42362,8.42613,1.00,1.07
2016.07.12 18:24:52.749,8.42362,8.42613,1.00,1.00
2016.07.12 18:24:52.910,8.42362,8.42635,1.00,1.12
2016.07.12 18:24:53.120,8.42353,8.42635,1.00,1.37
2016.07.12 18:24:53.189,8.42353,8.42635,1.00,1.75
2016.07.12 18:24:53.520,8.42362,8.42635,1.00,1.50
2016.07.12 18:24:53.631,8.42352,8.42635,1.57,1.37
2016.07.12 18:24:53.879,8.42352,8.42635,1.07,1.07
2016.07.12 18:24:54.216,8.42352,8.42664,1.07,1.75
2016.07.12 18:24:55.085,8.42372,8.42624,1.00,1.07
2016.07.12 18:24:55.309,8.42352,8.42663,1.37,1.50
2016.07.12 18:24:55.360,8.42352,8.42633,1.37,1.00
2016.07.12 18:24:55.411,8.42352,8.42633,1.00,1.00
2016.07.12 18:24:55.569,8.42352,8.42614,1.00,1.00
2016.07.12 18:24:56.108,8.42352,8.42636,1.07,1.37
2016.07.12 18:24:56.646,8.42353,8.42636,1.37,1.37
2016.07.12 18:24:56.829,8.42352,8.42636,1.00,1.37
2016.07.12 18:24:57.570,8.42352,8.42614,1.00,1.00
2016.07.12 18:24:57.876,8.42352,8.42636,1.50,1.75
2016.07.12 18:24:57.927,8.42352,8.42636,1.50,1.75
2016.07.12 18:24:58.289,8.42362,8.42614,1.00,1.37
2016.07.12 18:24:58.625,8.42352,8.42614,1.00,1.00
2016.07.12 18:24:58.941,8.42352,8.42636,1.00,1.75
2016.07.12 18:24:59.954,8.42352,8.42591,1.00,1.00
2016.07.12 18:25:00.481,8.42352,8.42614,1.00,1.37
2016.07.12 18:25:00.828,8.42322,8.42614,1.07,1.37
2016.07.12 18:25:00.930,8.42342,8.42614,1.00,1.37
2016.07.12 18:25:02.895,8.42342,8.42585,1.00,1.00
2016.07.12 18:25:04.490,8.42342,8.42607,1.00,1.07
2016.07.12 18:25:06.391,8.42342,8.42585,1.00,1.00
2016.07.12 18:25:06.560,8.42342,8.42614,1.00,1.75
2016.07.12 18:25:07.350,8.42342,8.42564,1.00,1.00
2016.07.12 18:25:07.884,8.42342,8.42568,1.00,1.00
2016.07.12 18:25:10.904,8.42302,8.42568,1.07,1.00
2016.07.12 18:25:12.584,8.42302,8.42549,1.07,1.00
2016.07.12 18:25:12.789,8.42302,8.42576,1.00,1.12
2016.07.12 18:25:13.307,8.42302,8.42549,1.00,1.00
2016.07.12 18:25:14.212,8.42302,8.42561,1.00,1.00
2016.07.12 18:25:14.492,8.42302,8.42525,1.00,1.00
2016.07.12 18:25:14.650,8.42302,8.42556,1.00,1.00
2016.07.12 18:25:14.889,8.42302,8.42526,1.00,1.00
2016.07.12 18:25:15.249,8.42302,8.42548,1.00,1.00
2016.07.12 18:25:16.029,8.42302,8.42526,1.00,1.00
2016.07.12 18:25:17.268,8.42302,8.42549,1.00,1.00
2016.07.12 18:25:19.689,8.42302,8.42526,1.00,1.00
2016.07.12 18:25:20.109,8.42302,8.42549,1.00,1.00
2016.07.12 18:25:20.856,8.42302,8.42525,1.00,1.00
2016.07.12 18:25:20.907,8.42293,8.42525,1.00,1.00
2016.07.12 18:25:21.116,8.42293,8.42548,1.00,1.00
2016.07.12 18:25:21.268,8.42293,8.42548,1.00,1.07
2016.07.12 18:25:21.635,8.42293,8.42515,1.00,1.00
2016.07.12 18:25:21.851,8.42293,8.42542,1.00,1.10
2016.07.12 18:25:22.053,8.42293,8.42565,1.00,1.00
2016.07.12 18:25:22.329,8.42293,8.42553,1.00,1.00
2016.07.12 18:25:23.061,8.42293,8.42526,1.00,1.00
2016.07.12 18:25:25.005,8.42293,8.42548,1.00,1.00
2016.07.12 18:25:30.927,8.42302,8.42548,1.00,1.00
2016.07.12 18:25:31.479,8.42262,8.42548,1.00,1.00
2016.07.12 18:25:31.530,8.42256,8.42548,1.00,1.00
2016.07.12 18:25:31.603,8.42252,8.42473,1.00,1.75
2016.07.12 18:25:31.756,8.42162,8.42473,1.50,1.75
2016.07.12 18:25:32.293,8.42163,8.42473,1.00,1.75
2016.07.12 18:25:33.242,8.42162,8.42496,1.00,1.75
2016.07.12 18:25:34.485,8.42162,8.42428,1.00,1.00
2016.07.12 18:25:34.984,8.42162,8.42455,1.00,1.37
2016.07.12 18:25:35.249,8.42162,8.42417,1.00,1.00
2016.07.12 18:25:37.436,8.42162,8.42435,1.00,1.00
2016.07.12 18:25:37.487,8.42112,8.42427,1.75,1.00
2016.07.12 18:25:37.538,8.42112,8.42427,1.50,1.75
2016.07.12 18:25:37.742,8.42132,8.42429,1.00,1.07
2016.07.12 18:25:37.850,8.42143,8.42429,1.00,1.07
2016.07.12 18:25:38.234,8.42152,8.42387,1.00,1.00
2016.07.12 18:25:38.335,8.42153,8.42412,1.00,1.00
2016.07.12 18:25:38.487,8.42173,8.42412,1.00,1.00
2016.07.12 18:25:38.820,8.42182,8.42412,1.00,1.00
2016.07.12 18:25:39.448,8.42193,8.42412,1.00,1.00
2016.07.12 18:25:39.939,8.42203,8.42412,1.00,1.00
2016.07.12 18:25:39.990,8.42203,8.42476,1.00,1.75
2016.07.12 18:25:40.041,8.42192,8.42476,1.00,1.75
2016.07.12 18:25:40.140,8.42202,8.42476,1.00,1.75
2016.07.12 18:25:40.241,8.42192,8.42476,1.00,1.75
2016.07.12 18:25:40.342,8.42202,8.42476,1.00,1.75
2016.07.12 18:25:40.443,8.42192,8.42441,1.00,1.00
2016.07.12 18:25:40.540,8.42212,8.42441,1.00,1.00
2016.07.12 18:25:40.693,8.42222,8.42511,1.00,1.75
2016.07.12 18:25:40.838,8.42242,8.42511,1.00,1.75
2016.07.12 18:25:41.090,8.42232,8.42511,1.00,1.75
2016.07.12 18:25:41.242,8.42242,8.42511,1.00,1.75
2016.07.12 18:25:41.783,8.42262,8.42511,1.00,1.75
2016.07.12 18:25:41.834,8.42262,8.42527,1.00,1.07
2016.07.12 18:25:41.935,8.42252,8.42549,1.00,1.75
2016.07.12 18:25:41.985,8.42263,8.42549,1.00,1.75
2016.07.12 18:25:42.392,8.42253,8.42536,1.00,1.37
2016.07.12 18:25:43.001,8.42253,8.42501,1.00,1.00
2016.07.12 18:25:43.173,8.42242,8.42501,1.00,1.00
2016.07.12 18:25:43.446,8.42232,8.42501,1.00,1.00
2016.07.12 18:25:43.616,8.42212,8.42479,1.07,1.00
2016.07.12 18:25:43.717,8.42202,8.42496,1.50,1.37
2016.07.12 18:25:43.889,8.42202,8.4246,1.50,1.00
2016.07.12 18:25:44.272,8.42212,8.4246,1.00,1.00
2016.07.12 18:25:44.717,8.42212,8.42485,1.00,1.00
2016.07.12 18:25:44.767,8.42212,8.42454,1.00,1.00
2016.07.12 18:25:44.818,8.42212,8.42477,1.00,1.00
2016.07.12 18:25:45.264,8.42222,8.42477,1.00,1.00
2016.07.12 18:25:45.447,8.42212,8.42477,1.00,1.00
2016.07.12 18:25:46.565,8.42222,8.42477,1.00,1.00
2016.07.12 18:25:47.878,8.42212,8.42477,1.00,1.00
2016.07.12 18:25:47.929,8.42212,8.42473,1.00,1.00
2016.07.12 18:25:48.233,8.42212,8.42473,1.00,1.75
2016.07.12 18:25:48.501,8.42212,8.42456,1.00,1.37
2016.07.12 18:25:48.552,8.42203,8.42456,1.00,1.37
2016.07.12 18:25:48.886,8.42203,8.42456,1.00,1.00
2016.07.12 18:25:49.887,8.42212,8.42456,1.00,1.00
2016.07.12 18:25:50.374,8.42212,8.42474,1.00,1.12
2016.07.12 18:25:50.544,8.42203,8.42474,1.00,1.12
2016.07.12 18:25:50.938,8.42203,8.42452,1.00,1.00
2016.07.12 18:25:51.288,8.42203,8.42452,1.07,1.00
2016.07.12 18:25:51.819,8.42192,8.42452,1.07,1.00
2016.07.12 18:25:52.084,8.42202,8.42452,1.00,1.00
2016.07.12 18:25:53.486,8.42212,8.42452,1.00,1.00
2016.07.12 18:25:53.750,8.42212,8.42475,1.00,1.37
2016.07.12 18:25:53.987,8.42243,8.42475,1.00,1.37
2016.07.12 18:25:54.091,8.42202,8.42475,1.00,1.37
2016.07.12 18:25:54.142,8.42202,8.42522,1.07,1.75
2016.07.12 18:25:54.356,8.42212,8.4248,1.00,1.07
2016.07.12 18:25:54.507,8.42202,8.4248,1.07,1.07
2016.07.12 18:25:54.921,8.42213,8.4248,1.00,1.07
2016.07.12 18:25:55.262,8.42232,8.4248,1.00,1.07
2016.07.12 18:25:55.314,8.42202,8.4248,1.07,1.07
2016.07.12 18:25:56.144,8.42192,8.42503,1.75,1.37
2016.07.12 18:25:56.446,8.42192,8.42505,1.75,1.37
2016.07.12 18:26:01.720,8.42263,8.42514,1.00,1.75
2016.07.12 18:26:02.400,8.42263,8.42514,1.00,1.75
2016.07.12 18:26:03.389,8.42263,8.42491,1.00,1.37
2016.07.12 18:26:08.255,8.42263,8.42491,1.00,1.75
2016.07.12 18:26:10.159,8.42212,8.42468,1.00,1.07
2016.07.12 18:26:14.707,8.42212,8.42468,1.00,1.00
2016.07.12 18:26:15.715,8.42212,8.42468,1.07,1.00
2016.07.12 18:26:15.967,8.42212,8.4253,1.07,1.00
2016.07.12 18:26:16.165,8.42212,8.4253,1.37,1.00
2016.07.12 18:26:16.879,8.42212,8.42509,1.37,1.00
2016.07.12 18:26:21.021,8.42232,8.42537,1.07,1.00
2016.07.12 18:26:21.072,8.42232,8.42564,1.07,1.00
2016.07.12 18:26:21.123,8.42232,8.42564,1.37,1.00
2016.07.12 18:26:21.425,8.42232,8.42532,1.37,1.00
2016.07.12 18:26:21.771,8.42232,8.42524,1.37,1.00
2016.07.12 18:26:25.880,8.42242,8.42545,1.37,1.00
2016.07.12 18:26:25.931,8.42242,8.42545,1.87,1.00
2016.07.12 18:26:26.381,8.42252,8.42574,1.75,1.00
2016.07.12 18:26:26.731,8.42242,8.42561,2.25,1.00
2016.07.12 18:26:29.365,8.42272,8.42561,1.00,1.00
2016.07.12 18:26:29.466,8.42252,8.42561,1.07,1.00
2016.07.12 18:26:29.935,8.42263,8.42561,1.00,1.00
2016.07.12 18:26:30.235,8.42252,8.42561,1.07,1.00
2016.07.12 18:26:30.508,8.42242,8.42559,1.37,1.00
2016.07.12 18:26:30.559,8.42242,8.42559,1.37,1.00
2016.07.12 18:26:30.803,8.42242,8.42525,1.37,1.00
2016.07.12 18:26:33.077,8.42232,8.42525,1.00,1.00
2016.07.12 18:26:33.390,8.42232,8.42535,1.00,1.00
2016.07.12 18:26:33.526,8.42232,8.42501,1.00,1.00
2016.07.12 18:26:42.349,8.42213,8.42501,1.37,1.00
2016.07.12 18:26:43.025,8.42213,8.42501,1.07,1.00
2016.07.12 18:26:44.716,8.42213,8.4248,1.07,1.00
2016.07.12 18:26:45.252,8.42213,8.4248,1.12,1.00
2016.07.12 18:26:57.978,8.42212,8.4248,1.37,1.00
2016.07.12 18:26:58.307,8.42182,8.42461,1.75,1.00
2016.07.12 18:27:11.480,8.42182,8.42461,1.75,1.00
2016.07.12 18:27:18.544,8.42167,8.42437,1.75,1.00
2016.07.12 18:27:18.595,8.42167,8.42459,1.75,1.00
2016.07.12 18:27:18.646,8.42167,8.42459,1.75,1.00
2016.07.12 18:27:18.923,8.42167,8.42424,1.75,1.00
2016.07.12 18:27:37.255,8.42144,8.42424,1.75,1.00
2016.07.12 18:27:38.876,8.42144,8.42424,1.00,1.50
2016.07.12 18:27:38.938,8.42144,8.42421,1.00,1.00
2016.07.12 18:27:39.108,8.42071,8.42395,1.50,1.00
2016.07.12 18:27:39.358,8.42071,8.42399,1.50,1.00
2016.07.12 18:27:39.409,8.42071,8.42399,1.75,1.00
2016.07.12 18:27:39.786,8.42071,8.42374,1.75,1.00
2016.07.12 18:27:40.358,8.42071,8.42367,1.75,1.00
2016.07.12 18:27:40.459,8.42071,8.42374,1.75,1.00
2016.07.12 18:27:40.560,8.42071,8.42365,1.75,1.00
2016.07.12 18:27:41.367,8.42071,8.42374,1.75,1.00
2016.07.12 18:27:42.045,8.42099,8.42374,1.75,1.00
2016.07.12 18:27:44.355,8.42099,8.42374,1.75,1.00
2016.07.12 18:27:45.676,8.42106,8.42374,1.75,1.00
2016.07.12 18:27:45.784,8.42106,8.42361,1.75,1.00
2016.07.12 18:27:45.895,8.42106,8.42361,1.00,1.00
2016.07.12 18:27:46.013,8.42106,8.42336,1.00,1.00
2016.07.12 18:27:46.215,8.42106,8.42356,1.37,1.00
2016.07.12 18:27:46.322,8.42106,8.42347,1.37,1.00
2016.07.12 18:27:46.723,8.42106,8.42347,1.37,1.00
2016.07.12 18:27:46.774,8.42106,8.42367,1.37,1.00
2016.07.12 18:27:46.979,8.42106,8.42334,1.37,1.00
2016.07.12 18:27:48.082,8.4209,8.42364,1.75,1.00
2016.07.12 18:27:48.133,8.4209,8.42405,1.75,1.00
2016.07.12 18:27:48.454,8.42104,8.42411,1.75,1.00
2016.07.12 18:27:49.090,8.42104,8.42422,1.75,1.00
2016.07.12 18:27:49.635,8.42135,8.42422,1.75,1.00
2016.07.12 18:27:50.158,8.42135,8.42411,1.75,1.00
2016.07.12 18:27:51.937,8.42135,8.42458,1.75,1.00
2016.07.12 18:27:52.387,8.42135,8.42434,1.75,1.00
2016.07.12 18:27:52.635,8.42114,8.42434,1.37,1.00
2016.07.12 18:27:52.787,8.42114,8.42411,1.37,1.00
2016.07.12 18:27:52.918,8.42114,8.42434,1.37,1.00
2016.07.12 18:27:53.183,8.42122,8.42434,1.75,1.00
2016.07.12 18:27:53.773,8.42122,8.42469,1.75,1.00
2016.07.12 18:27:53.824,8.42128,8.42482,1.75,1.00
2016.07.12 18:27:53.925,8.42128,8.42482,1.75,1.00
2016.07.12 18:27:54.892,8.42159,8.42488,1.75,1.00
2016.07.12 18:27:55.198,8.42159,8.42479,1.75,1.00
2016.07.12 18:28:03.287,8.42182,8.42527,1.37,1.07
2016.07.12 18:28:03.548,8.42182,8.42502,1.37,1.00
2016.07.12 18:28:03.849,8.42212,8.42502,1.00,1.00
2016.07.12 18:28:04.002,8.42212,8.42527,1.00,1.07
2016.07.12 18:28:04.053,8.42212,8.42527,1.00,1.00
2016.07.12 18:28:04.154,8.42212,8.42562,1.00,1.87
2016.07.12 18:28:04.205,8.42212,8.42562,1.07,1.87
2016.07.12 18:28:04.580,8.42212,8.42506,1.07,1.00
2016.07.12 18:28:04.959,8.42223,8.42506,1.00,1.00
2016.07.12 18:28:05.060,8.42243,8.42562,1.00,1.37
2016.07.12 18:28:05.161,8.42243,8.42562,1.00,1.00
2016.07.12 18:28:05.386,8.42262,8.42568,1.00,1.00
2016.07.12 18:28:05.587,8.42252,8.42568,1.00,1.00
2016.07.12 18:28:05.638,8.42262,8.42568,1.00,1.00
2016.07.12 18:28:05.950,8.42262,8.42529,1.00,1.00
2016.07.12 18:28:06.339,8.42282,8.42529,1.00,1.00
2016.07.12 18:28:06.562,8.42263,8.42529,1.00,1.00
2016.07.12 18:28:06.663,8.42263,8.42568,1.00,1.00
2016.07.12 18:28:06.815,8.42262,8.4254,1.00,1.00
2016.07.12 18:28:07.168,8.42263,8.4255,1.00,1.00
2016.07.12 18:28:07.441,8.42252,8.4255,1.00,1.00
2016.07.12 18:28:07.588,8.42262,8.42529,1.00,1.00
2016.07.12 18:28:08.260,8.42263,8.42529,1.00,1.00
2016.07.12 18:28:08.343,8.42253,8.42529,1.00,1.00
2016.07.12 18:28:08.590,8.42233,8.42529,1.37,1.00
2016.07.12 18:28:08.889,8.42233,8.42529,1.07,1.00
2016.07.12 18:28:09.581,8.42242,8.42529,1.00,1.00
2016.07.12 18:28:10.133,8.42233,8.42529,1.07,1.00
2016.07.12 18:28:10.559,8.42242,8.42529,1.00,1.00
2016.07.12 18:28:10.900,8.42233,8.42506,1.57,1.00
2016.07.12 18:28:11.294,8.42233,8.42526,1.07,1.00
2016.07.12 18:28:11.415,8.42233,8.42495,1.07,1.00
2016.07.12 18:28:11.769,8.42233,8.42521,1.00,1.00
2016.07.12 18:28:11.973,8.42232,8.42495,1.00,1.00
2016.07.12 18:28:12.503,8.42233,8.42495,1.00,1.00
2016.07.12 18:28:12.883,8.42233,8.4251,1.00,1.00
2016.07.12 18:28:13.323,8.42233,8.42472,1.00,1.00
2016.07.12 18:28:13.872,8.42232,8.42472,1.00,1.00
2016.07.12 18:28:14.705,8.42233,8.42472,1.00,1.00
2016.07.12 18:28:16.805,8.42233,8.42505,1.00,1.00
2016.07.12 18:28:17.452,8.42232,8.42505,1.00,1.00
2016.07.12 18:28:19.152,8.42232,8.42528,1.00,1.00
2016.07.12 18:28:22.931,8.42232,8.42504,1.00,1.00
2016.07.12 18:28:25.142,8.42212,8.4249,1.00,1.00
2016.07.12 18:28:25.244,8.42212,8.42496,1.00,1.00
2016.07.12 18:28:26.067,8.42212,8.42493,1.00,1.00
2016.07.12 18:28:26.418,8.42212,8.42475,1.00,1.00
2016.07.12 18:28:26.468,8.42162,8.42475,1.75,1.00
2016.07.12 18:28:26.631,8.42162,8.42475,1.37,1.00
2016.07.12 18:28:26.732,8.42162,8.4245,1.37,1.00
2016.07.12 18:28:27.478,8.42162,8.4247,1.37,1.00
2016.07.12 18:28:27.718,8.42162,8.42438,1.37,1.00
2016.07.12 18:28:30.073,8.42162,8.42498,1.37,1.37
2016.07.12 18:28:30.124,8.42162,8.42498,1.37,1.07
2016.07.12 18:28:30.175,8.42162,8.42495,1.37,1.00
2016.07.12 18:28:30.477,8.42162,8.42492,1.37,1.00
2016.07.12 18:28:30.789,8.42162,8.42481,1.37,1.00
2016.07.12 18:28:31.090,8.42162,8.42481,1.50,1.00
2016.07.12 18:28:31.819,8.42162,8.42455,1.50,1.00
2016.07.12 18:28:32.377,8.42162,8.42476,1.50,1.00
2016.07.12 18:28:32.435,8.42162,8.42476,1.00,1.00
2016.07.12 18:28:32.687,8.42162,8.42464,1.00,1.00
2016.07.12 18:28:33.023,8.42162,8.42457,1.00,1.00
2016.07.12 18:28:33.148,8.42162,8.4246,1.00,1.00
2016.07.12 18:28:33.683,8.42162,8.4246,1.00,1.07
2016.07.12 18:28:33.734,8.42162,8.42416,1.00,1.00
2016.07.12 18:28:35.532,8.42162,8.42435,1.00,1.00
2016.07.12 18:28:35.633,8.42113,8.42398,1.00,1.07
2016.07.12 18:28:35.684,8.42113,8.4239,1.00,1.00
2016.07.12 18:28:36.021,8.42112,8.42388,1.00,1.00
2016.07.12 18:28:36.223,8.42112,8.42421,1.00,1.00
2016.07.12 18:28:36.324,8.42112,8.42421,1.00,1.07
2016.07.12 18:28:36.635,8.42112,8.42373,1.00,1.00
2016.07.12 18:28:36.736,8.42112,8.42404,1.00,1.00
2016.07.12 18:28:36.837,8.42112,8.42364,1.00,1.00
2016.07.12 18:28:36.951,8.42063,8.42364,1.00,1.00
2016.07.12 18:28:37.203,8.42073,8.42363,1.00,1.00
2016.07.12 18:28:37.406,8.42087,8.42389,1.00,1.00
2016.07.12 18:28:37.676,8.42108,8.42389,1.00,1.00
2016.07.12 18:28:37.813,8.42108,8.4245,1.00,1.37
2016.07.12 18:28:37.863,8.42111,8.4245,1.00,1.37
2016.07.12 18:28:37.966,8.42113,8.4245,1.07,1.07
2016.07.12 18:28:38.225,8.42095,8.42412,1.37,1.00
2016.07.12 18:28:39.262,8.42105,8.42423,1.37,1.00
2016.07.12 18:28:39.363,8.42105,8.42459,1.37,1.37
2016.07.12 18:28:39.414,8.42105,8.42459,1.75,1.07
2016.07.12 18:28:39.515,8.42124,8.42459,1.75,1.00
2016.07.12 18:28:40.189,8.42124,8.42439,1.75,1.00
2016.07.12 18:28:48.682,8.42162,8.42438,1.07,1.00
2016.07.12 18:28:49.199,8.42162,8.42439,1.07,1.00
2016.07.12 18:28:49.883,8.42162,8.42438,1.07,1.00
2016.07.12 18:28:50.574,8.42162,8.42439,1.07,1.00
2016.07.12 18:28:57.644,8.42152,8.42439,1.37,1.00
2016.07.12 18:28:57.695,8.42152,8.42482,1.37,1.07
2016.07.12 18:28:57.838,8.42152,8.42465,1.37,1.00
2016.07.12 18:28:58.684,8.42152,8.42441,1.37,1.00
2016.07.12 18:28:59.194,8.42152,8.42441,1.50,1.00
2016.07.12 18:29:01.150,8.42152,8.42477,1.75,1.00
2016.07.12 18:29:01.201,8.42152,8.42461,1.75,1.00
2016.07.12 18:29:01.360,8.42173,8.42477,1.37,1.00
2016.07.12 18:29:01.411,8.42173,8.42505,1.37,1.87
2016.07.12 18:29:01.512,8.42173,8.42505,1.75,1.07
2016.07.12 18:29:02.458,8.42173,8.42491,1.75,1.00
2016.07.12 18:29:03.156,8.42173,8.42504,1.75,1.07
2016.07.12 18:29:03.454,8.42177,8.42504,1.00,1.57
2016.07.12 18:29:07.084,8.42177,8.42504,1.00,1.87
2016.07.12 18:29:07.140,8.42173,8.42493,1.00,1.07
2016.07.12 18:29:07.207,8.42173,8.4247,1.00,1.00
2016.07.12 18:29:07.415,8.42173,8.42478,1.00,1.00
2016.07.12 18:29:07.618,8.42173,8.42468,1.00,1.00
2016.07.12 18:29:08.109,8.42173,8.42479,1.00,1.00
2016.07.12 18:29:08.610,8.42173,8.42463,1.00,1.00
2016.07.12 18:29:08.923,8.42173,8.42449,1.00,1.00
2016.07.12 18:29:09.319,8.42173,8.42428,1.00,1.00
2016.07.12 18:29:09.718,8.42173,8.4245,1.00,1.00
2016.07.12 18:29:11.279,8.42162,8.4245,1.00,1.00
2016.07.12 18:29:13.233,8.42162,8.42427,1.00,1.00
2016.07.12 18:29:20.398,8.42162,8.42473,1.00,1.00
2016.07.12 18:29:20.550,8.42162,8.42452,1.00,1.00
2016.07.12 18:29:21.332,8.42183,8.42452,1.00,1.00
2016.07.12 18:29:23.256,8.42183,8.42422,1.00,1.00
2016.07.12 18:29:26.178,8.42183,8.42444,1.00,1.07
2016.07.12 18:29:29.178,8.42183,8.4242,1.00,1.00
2016.07.12 18:29:29.288,8.42183,8.42452,1.00,1.12
2016.07.12 18:29:29.460,8.42183,8.42452,1.00,1.75
2016.07.12 18:29:29.794,8.42183,8.42409,1.00,1.00
2016.07.12 18:29:30.707,8.42183,8.42431,1.00,1.07
2016.07.12 18:29:30.808,8.42183,8.42399,1.00,1.00
2016.07.12 18:29:31.347,8.42162,8.42399,1.00,1.00
2016.07.12 18:29:33.331,8.42162,8.42421,1.00,1.37
2016.07.12 18:29:33.558,8.42162,8.42391,1.00,1.00
2016.07.12 18:29:34.441,8.42162,8.42419,1.00,1.00
2016.07.12 18:29:34.878,8.42162,8.42396,1.00,1.00
2016.07.12 18:29:35.029,8.42162,8.42419,1.00,1.12
2016.07.12 18:29:35.134,8.42162,8.42419,1.00,1.00
2016.07.12 18:29:35.314,8.42162,8.42397,1.00,1.00
2016.07.12 18:29:35.553,8.42162,8.42412,1.00,1.07
2016.07.12 18:29:35.707,8.42162,8.42397,1.00,1.00
2016.07.12 18:29:38.683,8.42162,8.42419,1.00,1.00
2016.07.12 18:29:38.838,8.42162,8.42452,1.00,1.37
2016.07.12 18:29:38.984,8.42162,8.42452,1.00,1.07
2016.07.12 18:29:39.348,8.42162,8.4243,1.00,1.00
2016.07.12 18:29:41.361,8.42172,8.4243,1.00,1.00
2016.07.12 18:29:46.399,8.42172,8.42446,1.00,1.07
2016.07.12 18:29:46.578,8.42172,8.42412,1.00,1.00
2016.07.12 18:29:46.969,8.42172,8.4244,1.00,1.37
2016.07.12 18:29:47.143,8.42172,8.4244,1.00,1.07
2016.07.12 18:29:47.193,8.42172,8.42411,1.00,1.00
2016.07.12 18:29:48.248,8.42172,8.42435,1.00,1.00
2016.07.12 18:29:49.434,8.42172,8.42435,1.07,1.00
2016.07.12 18:29:50.206,8.42172,8.42435,1.00,1.00
2016.07.12 18:29:50.424,8.42172,8.42435,1.00,1.37
2016.07.12 18:29:50.725,8.42172,8.42424,1.00,1.37
2016.07.12 18:29:50.897,8.42172,8.42424,1.00,1.07
2016.07.12 18:29:51.038,8.42172,8.424,1.00,1.00
2016.07.12 18:29:51.368,8.42162,8.424,1.00,1.00
2016.07.12 18:29:51.818,8.42162,8.42423,1.00,1.00
2016.07.12 18:29:53.305,8.42162,8.42426,1.00,1.00
2016.07.12 18:29:53.415,8.42162,8.42401,1.00,1.00
2016.07.12 18:29:55.679,8.42162,8.42423,1.00,1.00
2016.07.12 18:29:56.820,8.42162,8.42423,1.37,1.00
2016.07.12 18:29:58.929,8.42162,8.42479,1.37,1.37
2016.07.12 18:29:59.031,8.42182,8.42479,1.07,1.37
2016.07.12 18:29:59.132,8.42183,8.42515,1.37,1.75
2016.07.12 18:29:59.444,8.42183,8.42527,1.75,1.75
2016.07.12 18:30:00.358,8.42193,8.42539,1.75,1.75
2016.07.12 18:30:00.459,8.42213,8.42568,1.75,1.75
2016.07.12 18:30:02.711,8.42262,8.42554,1.00,1.37
2016.07.12 18:30:03.180,8.42252,8.42554,1.07,1.37
2016.07.12 18:30:03.280,8.42262,8.42554,1.00,1.37
2016.07.12 18:30:03.379,8.42253,8.42554,1.07,1.37
2016.07.12 18:30:03.580,8.42263,8.42554,1.00,1.37
2016.07.12 18:30:04.605,8.42293,8.42554,1.00,1.37
2016.07.12 18:30:04.944,8.42293,8.42554,1.00,1.00
2016.07.12 18:30:04.995,8.42293,8.42588,1.00,1.37
2016.07.12 18:30:06.184,8.42293,8.42576,1.00,1.75
2016.07.12 18:30:06.615,8.42293,8.42554,1.00,1.75
2016.07.12 18:30:07.385,8.42293,8.42564,1.00,2.25
2016.07.12 18:30:08.354,8.42293,8.42548,1.00,1.75
2016.07.12 18:30:08.684,8.42293,8.42548,1.00,1.75
2016.07.12 18:30:09.658,8.42293,8.4249,1.00,1.00
2016.07.12 18:30:12.853,8.42242,8.4249,1.00,1.00
2016.07.12 18:30:16.319,8.42242,8.42472,1.00,1.00
2016.07.12 18:30:16.571,8.42242,8.425,1.00,1.37
2016.07.12 18:30:16.919,8.42242,8.4246,1.00,1.00
2016.07.12 18:30:18.226,8.42242,8.42483,1.00,1.07
2016.07.12 18:30:18.822,8.42242,8.42483,1.00,1.00
2016.07.12 18:30:19.026,8.42242,8.42464,1.00,1.00
2016.07.12 18:30:19.407,8.42242,8.42487,1.00,1.00
2016.07.12 18:30:19.954,8.42242,8.42441,1.00,1.00
2016.07.12 18:30:20.055,8.42242,8.42463,1.00,1.00
2016.07.12 18:30:20.819,8.42242,8.42441,1.00,1.00
2016.07.12 18:30:21.336,8.42242,8.42474,1.00,1.00
2016.07.12 18:30:22.154,8.42242,8.42441,1.00,1.00
2016.07.12 18:30:22.682,8.42242,8.42464,1.00,1.00
2016.07.12 18:30:22.816,8.42223,8.42464,1.00,1.00
2016.07.12 18:30:27.089,8.42223,8.42488,1.00,1.07
2016.07.12 18:30:27.164,8.42223,8.42488,1.00,1.00
2016.07.12 18:30:27.329,8.42223,8.42463,1.00,1.00
2016.07.12 18:30:32.824,8.42212,8.42463,1.00,1.00
2016.07.12 18:30:38.645,8.42222,8.42463,1.00,1.00
2016.07.12 18:30:39.647,8.42213,8.42463,1.00,1.00
2016.07.12 18:30:42.349,8.42223,8.42463,1.00,1.00
2016.07.12 18:30:42.650,8.42232,8.42463,1.00,1.00
2016.07.12 18:30:44.898,8.42242,8.42527,1.00,1.07
2016.07.12 18:30:45.403,8.42243,8.42541,1.00,1.37
2016.07.12 18:30:45.548,8.42243,8.42507,1.00,1.00
2016.07.12 18:30:45.953,8.42252,8.42507,1.00,1.00
2016.07.12 18:30:46.053,8.42243,8.42507,1.00,1.00
2016.07.12 18:30:46.563,8.42232,8.42507,1.07,1.00
2016.07.12 18:30:47.555,8.42242,8.42507,1.00,1.00
2016.07.12 18:30:47.855,8.42232,8.42507,1.07,1.00
2016.07.12 18:30:48.879,8.42232,8.42507,1.00,1.07
2016.07.12 18:30:49.194,8.42232,8.4248,1.00,1.00
2016.07.12 18:30:49.646,8.42232,8.42507,1.00,1.37
2016.07.12 18:30:50.153,8.42232,8.42507,1.00,1.00
2016.07.12 18:30:50.204,8.42232,8.4248,1.00,1.00
2016.07.12 18:30:52.761,8.42202,8.4248,1.00,1.00
2016.07.12 18:30:53.061,8.42212,8.4248,1.00,1.00
2016.07.12 18:30:53.473,8.42233,8.4248,1.00,1.00
2016.07.12 18:30:53.776,8.42302,8.42595,1.00,1.75
2016.07.12 18:30:53.890,8.42292,8.42629,1.00,1.75
2016.07.12 18:30:54.363,8.42292,8.42629,1.00,1.75
2016.07.12 18:30:54.414,8.42272,8.42629,1.12,1.75
2016.07.12 18:30:54.716,8.42272,8.4259,1.12,1.00
2016.07.12 18:30:55.048,8.42272,8.42549,1.12,1.00
2016.07.12 18:30:56.367,8.42292,8.42549,1.00,1.00
2016.07.12 18:30:56.468,8.42302,8.42617,1.00,1.37
2016.07.12 18:30:56.570,8.42342,8.42617,1.00,1.37
2016.07.12 18:30:56.918,8.42352,8.42641,1.00,1.75
2016.07.12 18:30:56.969,8.42342,8.42641,1.00,1.75
2016.07.12 18:30:57.069,8.42332,8.42641,1.00,1.75
2016.07.12 18:30:57.377,8.42342,8.42637,1.00,1.75
2016.07.12 18:30:57.578,8.42333,8.42637,1.00,1.75
2016.07.12 18:30:59.072,8.42342,8.42596,1.00,1.07
2016.07.12 18:30:59.273,8.42322,8.42596,1.50,1.07
2016.07.12 18:31:02.335,8.42323,8.42596,1.00,1.07
2016.07.12 18:31:02.386,8.42323,8.42596,1.00,1.07
2016.07.12 18:31:03.087,8.42322,8.42596,1.50,1.07
2016.07.12 18:31:03.917,8.42332,8.42596,1.00,1.07
2016.07.12 18:31:05.120,8.42322,8.42596,1.50,1.07
2016.07.12 18:31:07.671,8.42322,8.42596,2.25,1.00
2016.07.12 18:31:07.846,8.42322,8.42659,2.25,1.75
2016.07.12 18:31:17.549,8.42323,8.42597,1.75,1.00
2016.07.12 18:31:17.701,8.42323,8.42625,1.37,1.07
2016.07.12 18:31:17.803,8.42323,8.42616,1.07,1.00
2016.07.12 18:31:18.476,8.42323,8.4261,1.07,1.00
2016.07.12 18:31:19.053,8.42273,8.42593,1.75,1.00
2016.07.12 18:31:19.548,8.42273,8.42553,1.75,1.00
2016.07.12 18:31:27.888,8.42294,8.42548,1.37,1.00
2016.07.12 18:31:27.939,8.42294,8.42548,1.07,1.00
2016.07.12 18:31:28.048,8.42294,8.4258,1.07,1.00
2016.07.12 18:31:28.149,8.42273,8.4258,1.00,1.07
2016.07.12 18:31:28.557,8.42273,8.42536,1.00,1.00
2016.07.12 18:31:29.006,8.42282,8.42536,1.00,1.00
2016.07.12 18:31:29.557,8.42282,8.42536,1.57,1.00
2016.07.12 18:31:29.835,8.42282,8.42558,1.07,1.00
2016.07.12 18:31:29.887,8.42282,8.42558,1.37,1.00
2016.07.12 18:31:29.939,8.42282,8.42564,1.37,1.00
2016.07.12 18:31:30.098,8.42282,8.42564,1.00,1.00
2016.07.12 18:31:30.149,8.42282,8.42535,1.00,1.00
2016.07.12 18:31:38.507,8.42293,8.42535,1.00,1.00
2016.07.12 18:31:51.546,8.42302,8.42535,1.00,1.00
2016.07.12 18:31:51.790,8.42302,8.42604,1.37,1.00
2016.07.12 18:31:52.410,8.42302,8.42579,1.37,1.00
2016.07.12 18:31:52.742,8.42302,8.42557,1.00,1.00
2016.07.12 18:31:53.191,8.42302,8.42571,1.00,1.07
2016.07.12 18:31:53.349,8.42313,8.42571,1.00,1.07
2016.07.12 18:31:53.853,8.42313,8.42534,1.00,1.00
2016.07.12 18:31:53.969,8.42313,8.42557,1.00,1.00
2016.07.12 18:31:54.350,8.42323,8.42557,1.00,1.00
2016.07.12 18:31:54.401,8.42323,8.42623,1.00,1.75
2016.07.12 18:31:54.452,8.42323,8.42623,1.00,1.37
2016.07.12 18:31:54.513,8.42323,8.42623,1.12,1.37
2016.07.12 18:31:55.078,8.42323,8.42591,1.12,1.00
2016.07.12 18:31:55.652,8.42312,8.42591,1.00,1.07
2016.07.12 18:31:55.703,8.42312,8.42567,1.00,1.00
2016.07.12 18:31:56.052,8.42322,8.42567,1.00,1.00
2016.07.12 18:31:56.158,8.42322,8.42591,1.00,1.07
2016.07.12 18:31:56.208,8.42322,8.42591,1.37,1.00
2016.07.12 18:31:56.415,8.42322,8.42623,1.87,1.00
2016.07.12 18:31:56.516,8.42322,8.42627,1.87,1.00
2016.07.12 18:31:56.617,8.42322,8.42627,1.87,1.37
2016.07.12 18:31:57.242,8.42322,8.42602,1.87,1.00
2016.07.12 18:31:58.405,8.42322,8.42602,1.37,1.00
2016.07.12 18:32:03.913,8.42323,8.4261,1.00,1.37
2016.07.12 18:32:04.468,8.42322,8.42568,1.50,1.00
2016.07.12 18:32:05.075,8.42332,8.42568,1.00,1.00
2016.07.12 18:32:05.379,8.42322,8.42568,1.00,1.00
2016.07.12 18:32:06.416,8.42323,8.42568,1.00,1.00
2016.07.12 18:32:09.245,8.42323,8.42621,1.00,1.37
2016.07.12 18:32:09.594,8.42323,8.42585,1.00,1.00
2016.07.12 18:32:10.379,8.42272,8.42585,1.75,1.00
2016.07.12 18:32:10.731,8.42272,8.42585,1.00,1.37
2016.07.12 18:32:11.278,8.42282,8.42567,1.00,1.07
2016.07.12 18:32:11.679,8.42282,8.42529,1.00,1.00
2016.07.12 18:32:12.073,8.42292,8.42529,1.00,1.00
2016.07.12 18:32:12.174,8.42292,8.42562,1.07,1.00
2016.07.12 18:32:12.225,8.42292,8.42562,1.37,1.00
2016.07.12 18:32:12.276,8.42302,8.42614,1.37,1.07
2016.07.12 18:32:13.125,8.42292,8.42562,1.07,1.00
2016.07.12 18:32:13.377,8.42282,8.42616,1.37,2.25
2016.07.12 18:32:13.433,8.42282,8.42616,1.75,1.57
2016.07.12 18:32:13.484,8.42282,8.42584,1.75,1.00
2016.07.12 18:32:14.215,8.42323,8.42584,1.00,1.00
2016.07.12 18:32:14.330,8.42312,8.42584,1.07,1.00
2016.07.12 18:32:14.381,8.42312,8.42562,1.07,1.00
2016.07.12 18:32:14.431,8.42312,8.42562,1.00,1.00
2016.07.12 18:32:14.776,8.42322,8.42562,1.00,1.00
2016.07.12 18:32:14.928,8.42322,8.42585,1.07,1.00
2016.07.12 18:32:15.878,8.42302,8.42562,1.00,1.00
2016.07.12 18:32:16.158,8.42313,8.42585,1.00,1.00
2016.07.12 18:32:16.234,8.42313,8.42585,1.37,1.00
2016.07.12 18:32:17.186,8.42312,8.42585,1.00,1.00
2016.07.12 18:32:17.237,8.42312,8.42562,1.00,1.00
2016.07.12 18:32:17.287,8.42302,8.42562,1.00,1.00
2016.07.12 18:32:17.338,8.42302,8.42587,1.00,1.10
2016.07.12 18:32:17.548,8.42302,8.42551,1.00,1.00
2016.07.12 18:32:17.788,8.42312,8.4259,1.37,1.00
2016.07.12 18:32:18.630,8.42302,8.4259,1.00,1.07
2016.07.12 18:32:18.688,8.42302,8.42568,1.00,1.00
2016.07.12 18:32:20.382,8.42312,8.42568,1.00,1.00
2016.07.12 18:32:20.766,8.42322,8.42568,1.00,1.00
2016.07.12 18:32:21.806,8.42332,8.42568,1.00,1.00
2016.07.12 18:32:21.958,8.42332,8.4259,1.00,1.00
2016.07.12 18:32:22.109,8.42322,8.4259,1.57,1.00
2016.07.12 18:32:30.378,8.42342,8.4259,1.00,1.00
2016.07.12 18:32:31.693,8.42342,8.4259,1.07,1.00
2016.07.12 18:32:31.913,8.42342,8.4259,1.10,1.00
2016.07.12 18:32:40.392,8.42312,8.4259,1.37,1.00
2016.07.12 18:32:46.653,8.42312,8.4259,1.07,1.00
2016.07.12 18:32:47.513,8.42312,8.42597,1.07,1.00
2016.07.12 18:32:47.567,8.42312,8.42597,1.00,1.07
2016.07.12 18:32:47.862,8.42312,8.42597,1.00,1.37
2016.07.12 18:32:48.278,8.42312,8.4258,1.00,1.00
2016.07.12 18:32:48.412,8.42312,8.4258,1.00,1.07
2016.07.12 18:32:48.982,8.42312,8.42558,1.00,1.00
2016.07.12 18:32:50.415,8.42292,8.42558,1.07,1.00
2016.07.12 18:33:00.637,8.42302,8.42597,1.57,1.37
2016.07.12 18:33:00.862,8.42302,8.42582,1.37,1.00
2016.07.12 18:33:01.193,8.42302,8.42582,1.07,1.07
2016.07.12 18:33:01.618,8.42302,8.42553,1.07,1.00
2016.07.12 18:33:02.513,8.42302,8.42553,1.00,1.00
2016.07.12 18:33:03.276,8.42326,8.42553,1.00,1.00
2016.07.12 18:33:03.529,8.42328,8.42668,1.00,2.10
2016.07.12 18:33:03.630,8.42328,8.4264,1.07,1.10
2016.07.12 18:33:03.731,8.42322,8.4264,1.07,1.37
2016.07.12 18:33:04.058,8.42302,8.42563,1.37,1.00
2016.07.12 18:33:04.358,8.42302,8.42579,1.37,1.00
2016.07.12 18:33:04.658,8.42302,8.42552,1.37,1.00
2016.07.12 18:33:04.933,8.42302,8.42552,1.37,1.00
2016.07.12 18:33:06.703,8.42302,8.42552,1.00,1.00
2016.07.12 18:33:11.552,8.42292,8.42552,1.57,1.00
2016.07.12 18:33:12.157,8.42292,8.42575,1.07,1.07
2016.07.12 18:33:12.348,8.42292,8.42575,1.07,1.00
2016.07.12 18:33:13.182,8.42292,8.42575,1.57,1.07
2016.07.12 18:33:17.035,8.42303,8.42575,1.00,1.07
2016.07.12 18:33:18.337,8.42292,8.42575,1.57,1.07
2016.07.12 18:33:20.454,8.42312,8.42575,1.00,1.07
2016.07.12 18:33:22.871,8.42312,8.42601,1.57,1.35
2016.07.12 18:33:23.193,8.42312,8.42611,1.37,1.37
2016.07.12 18:33:23.666,8.42312,8.42597,1.07,1.37
2016.07.12 18:33:26.148,8.42333,8.42602,1.00,1.75
2016.07.12 18:33:26.374,8.42312,8.42602,1.07,1.75
2016.07.12 18:33:27.397,8.42323,8.4258,1.00,1.07
2016.07.12 18:33:28.005,8.42312,8.4258,1.07,1.07
2016.07.12 18:33:32.134,8.42322,8.4258,1.37,1.00
2016.07.12 18:33:32.432,8.42322,8.4258,1.07,1.07
2016.07.12 18:33:32.881,8.42322,8.4258,1.00,1.07
2016.07.12 18:33:33.259,8.42322,8.4258,1.07,1.07
2016.07.12 18:33:33.908,8.42322,8.4258,1.07,1.00
2016.07.12 18:33:34.192,8.42322,8.4258,1.07,1.07
2016.07.12 18:33:34.423,8.42322,8.4258,1.00,1.07
2016.07.12 18:33:35.193,8.42272,8.4258,1.75,1.00
2016.07.12 18:33:35.244,8.42272,8.42588,1.75,1.00
2016.07.12 18:33:35.295,8.42272,8.42591,1.37,1.97
2016.07.12 18:33:35.447,8.42272,8.42579,1.07,1.35
2016.07.12 18:33:36.544,8.42272,8.42551,1.37,1.00
2016.07.12 18:33:36.986,8.42272,8.42551,1.37,1.07
2016.07.12 18:33:38.263,8.42272,8.42551,1.07,1.07
2016.07.12 18:33:39.033,8.42272,8.42551,1.37,1.07
2016.07.12 18:33:39.400,8.42272,8.42551,1.75,1.00
2016.07.12 18:33:39.888,8.42272,8.42551,1.87,1.00
2016.07.12 18:33:43.074,8.42292,8.42551,1.00,1.00
2016.07.12 18:33:43.472,8.42273,8.42551,1.12,1.00
2016.07.12 18:33:43.706,8.42302,8.42551,1.00,1.00
2016.07.12 18:33:43.807,8.42322,8.42583,1.00,1.07
2016.07.12 18:33:44.009,8.42322,8.4259,1.10,1.10
2016.07.12 18:33:44.589,8.42333,8.4259,1.00,1.10
2016.07.12 18:33:46.076,8.42342,8.42597,1.00,1.07
2016.07.12 18:33:46.176,8.42332,8.42597,1.00,1.07
2016.07.12 18:33:46.623,8.42312,8.42597,1.75,1.00
2016.07.12 18:33:47.777,8.42342,8.42597,1.00,1.00
2016.07.12 18:33:48.514,8.42352,8.42597,1.00,1.00
2016.07.12 18:33:48.796,8.42342,8.42621,1.00,1.37
2016.07.12 18:33:48.897,8.42322,8.42612,1.37,1.37
2016.07.12 18:33:49.780,8.42342,8.42612,1.00,1.37
2016.07.12 18:33:50.294,8.42333,8.42612,1.07,1.37
2016.07.12 18:33:50.481,8.42352,8.42612,1.00,1.37
2016.07.12 18:33:50.781,8.42342,8.42646,1.00,1.75
2016.07.12 18:33:51.128,8.42362,8.42646,1.00,1.75
2016.07.12 18:33:51.283,8.42342,8.42646,1.00,1.75
2016.07.12 18:33:51.482,8.42352,8.42646,1.00,1.75
2016.07.12 18:33:51.782,8.42342,8.42646,1.00,1.75
2016.07.12 18:33:52.283,8.42362,8.42646,1.00,1.75
2016.07.12 18:33:53.332,8.42352,8.42628,1.00,1.75
2016.07.12 18:33:53.593,8.42342,8.42628,1.07,1.75
2016.07.12 18:33:54.285,8.42363,8.42628,1.00,1.75
2016.07.12 18:33:54.432,8.42363,8.42628,1.00,1.50
2016.07.12 18:33:54.785,8.42332,8.42628,1.00,1.50
2016.07.12 18:33:55.086,8.42342,8.42628,1.00,1.50
2016.07.12 18:33:55.523,8.42353,8.42628,1.00,1.50
2016.07.12 18:33:57.512,8.42353,8.42621,1.00,1.75
2016.07.12 18:34:00.391,8.42302,8.42607,1.37,1.37
2016.07.12 18:34:03.474,8.42302,8.42607,1.75,1.07
2016.07.12 18:34:03.669,8.42302,8.42607,1.75,1.00
2016.07.12 18:34:03.720,8.42302,8.42607,1.75,1.07
2016.07.12 18:34:07.556,8.42303,8.42621,1.37,1.75
2016.07.12 18:34:26.462,8.42313,8.42609,1.00,1.37
2016.07.12 18:34:29.768,8.42313,8.42586,1.00,1.00
2016.07.12 18:34:30.410,8.42282,8.42586,1.50,1.00
2016.07.12 18:34:33.830,8.42283,8.42586,1.37,1.00
2016.07.12 18:34:34.378,8.42282,8.42587,1.00,1.37
2016.07.12 18:34:34.530,8.42292,8.42587,1.00,1.37
2016.07.12 18:34:34.704,8.42292,8.42587,1.12,1.00
2016.07.12 18:34:34.755,8.42312,8.42587,1.00,1.00
2016.07.12 18:34:39.453,8.42302,8.42587,1.07,1.00
2016.07.12 18:34:40.381,8.42322,8.42587,1.00,1.00
2016.07.12 18:34:43.182,8.42322,8.42587,1.00,1.75
2016.07.12 18:34:43.622,8.42322,8.42587,1.00,1.37
2016.07.12 18:34:43.945,8.42322,8.42573,1.00,1.00
2016.07.12 18:34:44.098,8.42322,8.4261,1.00,1.37
2016.07.12 18:34:46.948,8.42322,8.42603,1.00,1.75
2016.07.12 18:34:47.121,8.42322,8.42603,1.00,1.75
2016.07.12 18:34:48.145,8.42322,8.42587,1.00,1.75
2016.07.12 18:34:48.441,8.42322,8.42587,1.00,1.37
2016.07.12 18:34:50.397,8.42312,8.42573,1.00,1.07
2016.07.12 18:34:54.622,8.42312,8.4257,1.00,1.00
2016.07.12 18:34:54.885,8.42312,8.42606,1.00,1.37
2016.07.12 18:34:56.468,8.42312,8.42598,1.07,1.37
2016.07.12 18:34:59.927,8.42312,8.42598,1.00,1.37
2016.07.12 18:35:00.207,8.42312,8.42577,1.00,1.00
2016.07.12 18:35:00.431,8.42303,8.42577,1.00,1.00
2016.07.12 18:35:01.112,8.42303,8.42594,1.00,1.37
2016.07.12 18:35:01.208,8.42303,8.42594,1.00,1.75
2016.07.12 18:35:01.428,8.42303,8.42561,1.00,1.00
2016.07.12 18:35:01.562,8.42303,8.42583,1.00,1.37
2016.07.12 18:35:06.259,8.42312,8.42583,1.00,1.37
2016.07.12 18:35:06.497,8.42303,8.42583,1.00,1.37
2016.07.12 18:35:06.558,8.42312,8.42583,1.00,1.37
2016.07.12 18:35:06.828,8.42322,8.42583,1.00,1.07
2016.07.12 18:35:07.359,8.42332,8.42583,1.00,1.07
2016.07.12 18:35:07.925,8.42333,8.42606,1.00,1.37
2016.07.12 18:35:10.426,8.42343,8.42606,1.00,1.37
2016.07.12 18:35:20.344,8.42372,8.42606,1.00,1.37
2016.07.12 18:35:22.474,8.42372,8.42606,1.00,1.75
2016.07.12 18:35:23.751,8.42373,8.42583,1.00,1.37
2016.07.12 18:35:24.253,8.42322,8.42583,1.00,1.37
2016.07.12 18:35:24.355,8.42322,8.42583,1.00,1.75
2016.07.12 18:35:24.762,8.42322,8.42583,1.00,1.75
2016.07.12 18:35:34.311,8.42312,8.42569,1.00,1.75
2016.07.12 18:35:44.299,8.42332,8.42566,1.00,1.75
2016.07.12 18:35:54.336,8.42322,8.4256,1.00,1.75
2016.07.12 18:35:57.060,8.42272,8.42555,1.00,1.75
2016.07.12 18:35:57.111,8.42272,8.42555,1.00,1.75
2016.07.12 18:36:01.715,8.42272,8.42538,1.00,1.75
2016.07.12 18:36:02.725,8.42272,8.42538,1.00,1.75
2016.07.12 18:36:02.865,8.42222,8.42538,1.87,1.75
2016.07.12 18:36:02.966,8.42222,8.42538,1.87,1.75
2016.07.12 18:36:03.815,8.42242,8.42516,1.00,1.37
2016.07.12 18:36:04.316,8.42223,8.42516,1.37,1.37
2016.07.12 18:36:04.476,8.42223,8.42516,1.37,1.07
2016.07.12 18:36:04.687,8.42222,8.42516,1.37,1.37
2016.07.12 18:36:05.317,8.42242,8.42516,1.00,1.37
2016.07.12 18:36:05.618,8.42252,8.42516,1.00,1.37
2016.07.12 18:36:11.324,8.42242,8.42516,1.00,1.37
2016.07.12 18:36:11.425,8.42222,8.42516,1.87,1.37
2016.07.12 18:36:11.627,8.42223,8.42516,1.00,1.75
2016.07.12 18:36:11.976,8.42222,8.42516,1.00,1.75
2016.07.12 18:36:12.901,8.42212,8.42488,1.00,1.07
2016.07.12 18:36:14.553,8.42202,8.42488,1.57,1.07
2016.07.12 18:36:14.736,8.42202,8.42503,1.50,1.75
2016.07.12 18:36:15.121,8.42212,8.42501,1.00,1.75
2016.07.12 18:36:16.863,8.42202,8.42458,1.50,1.07
2016.07.12 18:36:18.044,8.42212,8.42458,1.00,1.07
2016.07.12 18:36:18.632,8.42222,8.42458,1.00,1.07
2016.07.12 18:36:22.736,8.42212,8.42458,1.00,1.07
2016.07.12 18:36:29.053,8.42203,8.42458,1.00,1.07
2016.07.12 18:36:30.357,8.42212,8.42458,1.00,1.07
2016.07.12 18:36:32.846,8.42222,8.42458,1.00,1.07
2016.07.12 18:36:36.449,8.42212,8.42458,1.00,1.07
2016.07.12 18:36:36.950,8.42203,8.42458,1.00,1.07
2016.07.12 18:36:37.250,8.42212,8.42458,1.00,1.07
2016.07.12 18:36:43.056,8.42203,8.42458,1.50,1.07
2016.07.12 18:36:52.268,8.42222,8.42479,1.00,1.75
2016.07.12 18:36:55.367,8.42212,8.42479,1.00,1.75
2016.07.12 18:36:55.574,8.42222,8.42479,1.00,1.75
2016.07.12 18:36:55.735,8.42222,8.42479,1.00,1.37
2016.07.12 18:36:55.786,8.42212,8.42479,1.00,1.37
2016.07.12 18:36:55.969,8.42222,8.42479,1.00,1.37
2016.07.12 18:36:56.270,8.42242,8.42479,1.00,1.00
2016.07.12 18:36:56.669,8.42232,8.42479,1.00,1.00
2016.07.12 18:36:57.069,8.42222,8.42479,1.00,1.00
2016.07.12 18:37:00.194,8.42232,8.42479,1.00,1.00
2016.07.12 18:37:00.392,8.42222,8.42499,1.00,1.37
2016.07.12 18:37:00.573,8.42232,8.42499,1.00,1.37
2016.07.12 18:37:01.177,8.42222,8.42499,1.00,1.37
2016.07.12 18:37:05.078,8.42213,8.42499,1.00,1.37
2016.07.12 18:37:05.579,8.42222,8.42499,1.00,1.37
2016.07.12 18:37:06.112,8.42232,8.42499,1.00,1.37
2016.07.12 18:37:08.082,8.42223,8.42499,1.00,1.37
2016.07.12 18:37:08.314,8.42233,8.42499,1.00,1.37
2016.07.12 18:37:08.366,8.42233,8.42499,1.00,1.07
2016.07.12 18:37:08.524,8.42223,8.42499,1.00,1.07
2016.07.12 18:37:09.505,8.42232,8.42499,1.00,1.07
2016.07.12 18:37:16.189,8.42233,8.42507,1.00,1.37
2016.07.12 18:37:22.095,8.42243,8.42507,1.00,1.37
2016.07.12 18:37:22.722,8.42232,8.42507,1.50,1.37
2016.07.12 18:37:25.998,8.42223,8.42507,1.00,1.37
2016.07.12 18:37:29.197,8.42223,8.42507,1.00,1.75
2016.07.12 18:37:29.500,8.42223,8.42507,1.00,1.75
2016.07.12 18:37:29.987,8.42223,8.42507,1.00,1.75
2016.07.12 18:37:30.378,8.42223,8.42483,1.00,1.00
2016.07.12 18:37:30.554,8.42223,8.42505,1.00,1.07
2016.07.12 18:37:30.803,8.42232,8.42507,1.00,1.37
2016.07.12 18:37:31.304,8.42223,8.42507,1.00,1.37
2016.07.12 18:37:31.366,8.42223,8.42507,1.00,1.75
2016.07.12 18:37:31.683,8.42232,8.42507,1.00,1.75
2016.07.12 18:37:31.734,8.42232,8.42507,1.00,1.37
2016.07.12 18:37:32.621,8.42233,8.42507,1.00,1.37
2016.07.12 18:37:32.907,8.42233,8.42507,1.00,1.75
2016.07.12 18:37:39.082,8.42242,8.42494,1.00,1.37
2016.07.12 18:37:39.812,8.42233,8.42494,1.00,1.37
2016.07.12 18:37:40.524,8.42242,8.42494,1.00,1.37
2016.07.12 18:37:45.117,8.42252,8.42494,1.00,1.37
2016.07.12 18:37:46.919,8.42242,8.42494,1.50,1.37
2016.07.12 18:37:49.218,8.42242,8.4251,1.00,1.37
2016.07.12 18:37:49.319,8.42242,8.4251,1.00,1.75
2016.07.12 18:37:50.618,8.42242,8.42475,1.00,1.37
2016.07.12 18:37:52.876,8.42233,8.42475,1.00,1.37
2016.07.12 18:37:53.026,8.42223,8.42475,1.00,1.37
2016.07.12 18:37:56.029,8.42233,8.42475,1.00,1.37
2016.07.12 18:37:56.477,8.42223,8.42475,1.00,1.37
2016.07.12 18:38:02.882,8.42233,8.42475,1.00,1.37
2016.07.12 18:38:03.596,8.42233,8.42475,1.50,1.07
2016.07.12 18:38:03.933,8.42233,8.42503,1.00,1.37
2016.07.12 18:38:04.146,8.42233,8.42503,1.00,1.75
2016.07.12 18:38:06.131,8.42233,8.42494,1.00,1.07
2016.07.12 18:38:06.676,8.42233,8.42494,1.00,1.75
2016.07.12 18:38:12.951,8.42222,8.42494,1.00,1.75
2016.07.12 18:38:13.488,8.42232,8.42494,1.00,1.75
2016.07.12 18:38:13.640,8.42243,8.42529,1.00,1.75
2016.07.12 18:38:13.690,8.42263,8.42529,1.00,1.75
2016.07.12 18:38:13.741,8.42263,8.42529,1.00,1.37
2016.07.12 18:38:13.846,8.42252,8.42529,1.00,1.37
2016.07.12 18:38:14.651,8.42262,8.42529,1.00,1.37
2016.07.12 18:38:18.081,8.42252,8.42532,1.00,1.97
2016.07.12 18:38:20.653,8.42242,8.42532,1.07,1.97
2016.07.12 18:38:23.735,8.42232,8.42527,1.57,1.12
2016.07.12 18:38:29.824,8.42242,8.42516,1.00,1.10
2016.07.12 18:38:30.262,8.42253,8.42516,1.00,1.10
2016.07.12 18:38:30.915,8.42253,8.42533,1.00,1.97
2016.07.12 18:38:33.305,8.42242,8.42533,1.57,1.97
2016.07.12 18:38:35.056,8.42242,8.42533,1.00,1.97
2016.07.12 18:38:38.815,8.42242,8.42508,1.00,1.00
2016.07.12 18:38:42.880,8.42223,8.42508,1.12,1.00
2016.07.12 18:38:55.724,8.42222,8.425,1.37,1.00
2016.07.12 18:38:55.775,8.42222,8.425,1.00,1.00
2016.07.12 18:38:57.443,8.42222,8.42489,1.00,1.00
2016.07.12 18:38:57.899,8.42222,8.42487,1.00,1.00
2016.07.12 18:38:58.249,8.42222,8.42496,1.00,1.75
2016.07.12 18:38:58.910,8.42222,8.42467,1.00,1.00
2016.07.12 18:38:59.849,8.42192,8.42467,1.00,1.00
2016.07.12 18:39:03.794,8.42202,8.42467,1.00,1.00
2016.07.12 18:39:03.926,8.42202,8.42485,1.00,1.00
2016.07.12 18:39:04.865,8.42202,8.42485,1.00,1.37
2016.07.12 18:39:07.243,8.42192,8.42478,1.00,1.37
2016.07.12 18:39:07.297,8.42182,8.42478,1.00,1.37
2016.07.12 18:39:08.235,8.42192,8.42478,1.00,1.37
2016.07.12 18:39:08.298,8.42182,8.42478,1.00,1.37
2016.07.12 18:39:08.699,8.42203,8.42478,1.00,1.37
2016.07.12 18:39:09.299,8.42212,8.42478,1.00,1.37
2016.07.12 18:39:09.375,8.42212,8.42478,1.00,1.07
2016.07.12 18:39:09.605,8.42203,8.42493,1.00,1.37
2016.07.12 18:39:10.337,8.42192,8.42493,1.07,1.37
2016.07.12 18:39:10.396,8.42192,8.42493,1.00,1.75
2016.07.12 18:39:16.306,8.42202,8.42459,1.00,1.07
2016.07.12 18:39:21.816,8.42192,8.42459,1.00,1.07
2016.07.12 18:39:22.312,8.42202,8.42459,1.00,1.07
2016.07.12 18:39:28.163,8.42213,8.42459,1.00,1.07
2016.07.12 18:39:29.057,8.42212,8.42459,1.00,1.07
2016.07.12 18:39:29.285,8.42212,8.42479,1.00,1.12
2016.07.12 18:39:29.336,8.42222,8.42482,1.00,1.37
2016.07.12 18:39:29.437,8.42212,8.42504,1.00,1.75
2016.07.12 18:39:30.045,8.42202,8.42489,1.00,1.37
2016.07.12 18:39:30.115,8.42202,8.42466,1.00,1.00
2016.07.12 18:39:30.510,8.42202,8.42466,1.00,1.37
2016.07.12 18:39:31.605,8.42202,8.42466,1.00,1.50
2016.07.12 18:39:31.935,8.42202,8.42466,1.00,1.37
2016.07.12 18:39:33.222,8.42212,8.42466,1.00,1.37
2016.07.12 18:39:35.770,8.42222,8.42466,1.00,1.37
2016.07.12 18:39:38.645,8.42222,8.42466,1.00,1.00
2016.07.12 18:39:38.823,8.42222,8.42483,1.00,1.37
2016.07.12 18:39:38.874,8.42232,8.42483,1.00,1.37
2016.07.12 18:39:39.127,8.42222,8.42483,1.00,1.37
2016.07.12 18:39:40.405,8.42222,8.42488,1.00,1.37
2016.07.12 18:39:43.130,8.42213,8.42488,1.00,1.37
2016.07.12 18:39:43.932,8.42213,8.42466,1.00,1.37
2016.07.12 18:39:44.331,8.42202,8.42481,1.50,1.75
2016.07.12 18:39:46.333,8.42203,8.42455,1.00,1.07
2016.07.12 18:39:47.441,8.42202,8.42455,1.50,1.07
2016.07.12 18:39:51.838,8.42212,8.42455,1.00,1.07
2016.07.12 18:39:51.945,8.42212,8.42455,1.00,1.00
2016.07.12 18:39:52.092,8.42212,8.42481,1.00,1.37
2016.07.12 18:39:53.368,8.42222,8.42481,1.00,1.37
2016.07.12 18:39:55.556,8.42223,8.42481,1.00,1.37
2016.07.12 18:39:56.165,8.42222,8.42488,1.00,1.37
2016.07.12 18:39:56.877,8.42212,8.42489,1.00,1.37
2016.07.12 18:39:59.849,8.42213,8.42489,1.00,1.37
2016.07.12 18:40:06.053,8.42222,8.42489,1.00,1.37
2016.07.12 18:40:06.420,8.42213,8.42481,1.00,1.75
2016.07.12 18:40:06.915,8.42213,8.42481,1.00,1.37
2016.07.12 18:40:07.905,8.42213,8.42481,1.00,1.75
2016.07.12 18:40:08.125,8.42222,8.42481,1.00,1.37
2016.07.12 18:40:09.091,8.42213,8.42464,1.00,1.00
2016.07.12 18:40:09.141,8.42213,8.42464,1.00,1.37
2016.07.12 18:40:09.863,8.42202,8.42458,1.50,1.07
2016.07.12 18:40:16.565,8.42212,8.42481,1.00,1.75
2016.07.12 18:40:16.704,8.42212,8.42481,1.00,1.37
2016.07.12 18:40:17.393,8.42212,8.42489,1.00,1.75
2016.07.12 18:40:17.915,8.42212,8.42489,1.00,1.37
2016.07.12 18:40:22.898,8.42212,8.42468,1.00,1.37
2016.07.12 18:40:23.415,8.42213,8.42468,1.00,1.00
2016.07.12 18:40:23.949,8.42213,8.4249,1.00,1.37
2016.07.12 18:40:24.293,8.42202,8.4249,1.50,1.37
2016.07.12 18:40:24.405,8.42202,8.4249,1.50,1.75
2016.07.12 18:40:27.298,8.42212,8.42457,1.00,1.07
2016.07.12 18:40:36.292,8.42222,8.42457,1.00,1.07
2016.07.12 18:40:42.689,8.42212,8.42457,1.00,1.07
2016.07.12 18:40:42.990,8.42203,8.42457,1.00,1.07
2016.07.12 18:40:44.124,8.42212,8.42475,1.00,1.50
2016.07.12 18:40:44.468,8.42252,8.42503,1.00,1.75
2016.07.12 18:40:44.693,8.42262,8.42503,1.00,1.37
2016.07.12 18:40:45.192,8.42272,8.42503,1.00,1.37
2016.07.12 18:40:45.415,8.42282,8.42503,1.00,1.00
2016.07.12 18:40:45.516,8.42282,8.42522,1.00,1.37
2016.07.12 18:40:46.194,8.42282,8.42522,1.00,1.75
2016.07.12 18:40:46.453,8.42282,8.42522,1.00,1.37
2016.07.12 18:40:46.825,8.42272,8.42522,1.00,1.37
2016.07.12 18:40:47.295,8.42262,8.42522,1.00,1.37
2016.07.12 18:40:47.430,8.42262,8.42513,1.00,1.75
2016.07.12 18:40:47.766,8.42262,8.42522,1.00,1.75
2016.07.12 18:40:48.597,8.42253,8.42513,1.00,1.75
2016.07.12 18:40:48.844,8.42242,8.42513,1.00,1.75
2016.07.12 18:40:49.341,8.42252,8.42507,1.00,1.75
2016.07.12 18:40:49.392,8.42252,8.42507,1.00,1.07
2016.07.12 18:40:50.243,8.42262,8.42507,1.00,1.07
2016.07.12 18:40:50.298,8.42252,8.42507,1.00,1.07
2016.07.12 18:40:50.399,8.42252,8.42522,1.00,1.75
2016.07.12 18:40:50.899,8.42262,8.42514,1.00,1.75
2016.07.12 18:40:51.025,8.42262,8.42514,1.00,1.75
2016.07.12 18:40:51.245,8.42262,8.42514,1.00,1.37
2016.07.12 18:40:51.600,8.42242,8.42514,1.00,1.37
2016.07.12 18:40:52.167,8.42253,8.42514,1.00,1.37
2016.07.12 18:40:57.404,8.42253,8.42514,1.00,1.75
2016.07.12 18:40:59.107,8.42252,8.42514,1.00,1.75
2016.07.12 18:40:59.208,8.42243,8.42494,1.00,1.07
2016.07.12 18:40:59.605,8.42243,8.42494,1.00,1.00
2016.07.12 18:40:59.706,8.42243,8.42517,1.00,1.07
2016.07.12 18:41:00.308,8.42253,8.42517,1.00,1.07
2016.07.12 18:41:00.608,8.42243,8.42517,1.00,1.07
2016.07.12 18:41:00.925,8.42243,8.42517,1.00,1.37
2016.07.12 18:41:01.127,8.42202,8.42456,1.00,1.00
2016.07.12 18:41:01.336,8.42213,8.42512,1.00,1.37
2016.07.12 18:41:01.437,8.42213,8.42512,1.00,1.00
2016.07.12 18:41:01.626,8.42223,8.42512,1.00,1.00
2016.07.12 18:41:02.612,8.42212,8.42512,1.00,1.00
2016.07.12 18:41:05.156,8.42202,8.42512,1.07,1.00
2016.07.12 18:41:05.457,8.42192,8.4249,1.50,1.37
2016.07.12 18:41:05.874,8.42192,8.42492,1.37,1.07
2016.07.12 18:41:07.064,8.42192,8.42477,1.37,1.00
2016.07.12 18:41:07.341,8.4216,8.42459,1.07,1.07
2016.07.12 18:41:07.442,8.4216,8.42467,1.00,1.75
2016.07.12 18:41:07.661,8.4216,8.42438,1.00,1.00
2016.07.12 18:41:07.878,8.42143,8.42438,1.07,1.00
2016.07.12 18:41:08.625,8.42143,8.42438,1.00,1.37
2016.07.12 18:41:09.331,8.42152,8.42436,1.00,1.37
2016.07.12 18:41:09.523,8.42143,8.42438,1.00,1.37
2016.07.12 18:41:11.879,8.42131,8.42423,1.07,1.07
2016.07.12 18:41:21.272,8.42152,8.42423,1.00,1.07
2016.07.12 18:41:21.583,8.42232,8.42492,1.00,1.75
2016.07.12 18:41:21.634,8.42232,8.42492,1.00,1.00
2016.07.12 18:41:21.685,8.42232,8.42511,1.00,1.37
2016.07.12 18:41:21.735,8.42222,8.42523,1.00,1.75
2016.07.12 18:41:22.836,8.42232,8.42523,1.00,1.75
2016.07.12 18:41:23.144,8.42232,8.42467,1.00,1.00
2016.07.12 18:41:23.333,8.42232,8.42535,1.00,1.75
2016.07.12 18:41:23.837,8.42242,8.425,1.00,1.37
2016.07.12 18:41:24.538,8.42252,8.425,1.00,1.37
2016.07.12 18:41:25.037,8.42252,8.42547,1.00,1.75
2016.07.12 18:41:25.439,8.42262,8.42547,1.00,1.75
2016.07.12 18:41:26.040,8.42272,8.42534,1.00,1.75
2016.07.12 18:41:26.140,8.42262,8.42534,1.00,1.75
2016.07.12 18:41:26.587,8.42272,8.42534,1.00,1.75
2016.07.12 18:41:30.053,8.42283,8.42534,1.00,1.75
2016.07.12 18:41:30.473,8.42302,8.42557,1.00,1.75
2016.07.12 18:41:30.753,8.42303,8.42557,1.00,1.75
2016.07.12 18:41:31.046,8.42292,8.42557,1.00,1.75
2016.07.12 18:41:35.354,8.42292,8.42559,1.00,1.75
2016.07.12 18:41:37.094,8.42272,8.4258,1.00,1.75
2016.07.12 18:41:37.352,8.42253,8.4258,1.00,1.75
2016.07.12 18:41:37.696,8.42252,8.42546,1.50,1.37
2016.07.12 18:41:37.774,8.42252,8.42546,1.50,1.75
2016.07.12 18:41:37.994,8.42252,8.42558,1.50,1.75
2016.07.12 18:41:38.096,8.42283,8.42546,1.00,1.75
2016.07.12 18:41:38.263,8.42312,8.42558,1.00,1.00
2016.07.12 18:41:38.364,8.42312,8.42564,1.00,1.00
2016.07.12 18:41:38.415,8.42312,8.42596,1.00,1.37
2016.07.12 18:41:38.466,8.42312,8.42596,1.00,1.75
2016.07.12 18:41:38.567,8.42302,8.42596,1.00,1.75
2016.07.12 18:41:38.883,8.42302,8.42578,1.00,1.37
2016.07.12 18:41:39.204,8.42302,8.42578,1.00,1.37
2016.07.12 18:41:39.557,8.42292,8.42578,1.00,1.37
2016.07.12 18:41:40.073,8.42292,8.42556,1.00,1.00
2016.07.12 18:41:40.420,8.42322,8.42556,1.00,1.00
2016.07.12 18:41:40.572,8.42313,8.42556,1.00,1.00
2016.07.12 18:41:40.623,8.42313,8.42589,1.00,1.37
2016.07.12 18:41:40.870,8.42322,8.42602,1.00,1.75
2016.07.12 18:41:41.404,8.42322,8.42602,1.00,1.37
2016.07.12 18:41:41.873,8.42312,8.42612,1.00,1.75
2016.07.12 18:41:42.058,8.42322,8.42612,1.00,1.75
2016.07.12 18:41:42.394,8.42322,8.42612,1.00,1.75
2016.07.12 18:41:42.596,8.42292,8.42578,1.00,1.07
2016.07.12 18:41:42.893,8.42278,8.42601,1.00,1.75
2016.07.12 18:41:42.944,8.42278,8.42601,1.07,1.07
2016.07.12 18:41:43.983,8.42283,8.42599,1.00,1.75
2016.07.12 18:41:44.374,8.42283,8.42567,1.00,1.07
2016.07.12 18:41:46.563,8.42312,8.42567,1.00,1.07
2016.07.12 18:41:46.906,8.42312,8.42599,1.00,1.75
2016.07.12 18:41:47.145,8.42312,8.42583,1.00,1.07
2016.07.12 18:41:48.965,8.42322,8.42599,1.00,1.37
2016.07.12 18:41:49.866,8.42332,8.42599,1.00,1.37
2016.07.12 18:41:50.814,8.42342,8.42599,1.00,1.37
2016.07.12 18:41:52.761,8.42342,8.42583,1.00,1.50
2016.07.12 18:41:52.954,8.42342,8.42606,1.00,1.75
2016.07.12 18:41:53.073,8.42303,8.42606,1.00,1.75
2016.07.12 18:41:54.116,8.42342,8.42606,1.00,1.75
2016.07.12 18:41:54.571,8.42332,8.42606,1.00,1.75
2016.07.12 18:42:01.077,8.42322,8.42606,1.00,1.75
2016.07.12 18:42:01.224,8.42322,8.42606,1.00,1.75
2016.07.12 18:42:01.277,8.42313,8.42606,1.00,1.75
2016.07.12 18:42:01.644,8.42313,8.42626,1.00,1.75
2016.07.12 18:42:02.278,8.42322,8.42595,1.00,1.07
2016.07.12 18:42:04.405,8.42313,8.42595,1.00,1.07
2016.07.12 18:42:06.185,8.42322,8.42613,1.00,1.37
2016.07.12 18:42:08.388,8.42313,8.42613,1.50,1.37
2016.07.12 18:42:08.788,8.42323,8.42613,1.00,1.37
2016.07.12 18:42:08.920,8.42323,8.42613,1.07,1.00
2016.07.12 18:42:09.466,8.42323,8.42623,1.07,1.07
2016.07.12 18:42:10.089,8.42333,8.42623,1.00,1.07
2016.07.12 18:42:16.795,8.42343,8.42639,1.00,1.37
2016.07.12 18:42:17.835,8.42352,8.42639,1.00,1.37
2016.07.12 18:42:18.135,8.42313,8.4264,1.37,1.50
2016.07.12 18:42:18.186,8.42313,8.4264,1.75,1.37
2016.07.12 18:42:21.601,8.42352,8.4264,1.00,1.37
2016.07.12 18:42:22.316,8.42313,8.4264,3.00,1.37
2016.07.12 18:42:23.883,8.42342,8.4264,1.00,1.75
2016.07.12 18:42:29.140,8.42352,8.4263,1.00,1.75
2016.07.12 18:42:29.191,8.42352,8.4263,1.00,1.37
2016.07.12 18:42:33.413,8.42362,8.4263,1.00,1.37
2016.07.12 18:42:35.756,8.42353,8.4263,1.00,1.37
2016.07.12 18:42:35.857,8.42342,8.4263,1.00,1.75
2016.07.12 18:42:37.153,8.42322,8.4263,1.37,1.75
2016.07.12 18:42:37.204,8.42322,8.4263,1.37,1.37
2016.07.12 18:42:37.634,8.42322,8.4263,1.37,1.75
2016.07.12 18:42:38.359,8.42342,8.4263,1.00,1.75
2016.07.12 18:42:38.518,8.42322,8.4263,1.37,1.75
2016.07.12 18:42:38.723,8.42322,8.4263,1.37,1.07
2016.07.12 18:42:42.903,8.42313,8.4263,2.25,1.37
2016.07.12 18:42:48.429,8.42302,8.4263,1.50,1.75
2016.07.12 18:42:48.634,8.42302,8.4263,1.50,1.75
2016.07.12 18:42:49.003,8.42302,8.42601,1.50,1.37
2016.07.12 18:43:02.541,8.42312,8.42598,1.00,1.37
2016.07.12 18:43:02.842,8.42302,8.42598,1.00,1.37
2016.07.12 18:43:03.047,8.42313,8.42598,1.00,1.37
2016.07.12 18:43:03.554,8.42332,8.42601,1.00,1.00
2016.07.12 18:43:10.023,8.42332,8.42618,1.00,1.37
2016.07.12 18:43:14.352,8.42322,8.42618,1.50,1.37
2016.07.12 18:43:24.061,8.42303,8.42609,1.07,1.07
2016.07.12 18:43:30.374,8.42293,8.42592,1.37,1.00
2016.07.12 18:43:30.708,8.42282,8.42567,1.00,1.07
2016.07.12 18:43:32.862,8.42282,8.42567,1.37,1.00
2016.07.12 18:43:34.279,8.42282,8.42589,1.87,1.07
2016.07.12 18:43:34.393,8.42282,8.42589,2.25,1.00
2016.07.12 18:43:35.324,8.42302,8.42594,1.07,1.07
2016.07.12 18:43:35.933,8.42302,8.42594,1.37,1.00
2016.07.12 18:43:38.309,8.42282,8.4258,1.75,1.00
2016.07.12 18:43:38.511,8.42214,8.42505,1.00,1.00
2016.07.12 18:43:38.713,8.42172,8.42505,1.00,1.12
2016.07.12 18:43:38.814,8.4217,8.42505,1.00,1.12
2016.07.12 18:43:39.112,8.42162,8.42529,1.00,1.75
2016.07.12 18:43:39.163,8.42162,8.42529,1.37,1.00
2016.07.12 18:43:39.711,8.42171,8.42527,1.07,1.00
2016.07.12 18:43:40.090,8.42167,8.42529,1.07,1.00
2016.07.12 18:43:40.522,8.4217,8.42497,1.57,1.00
2016.07.12 18:43:41.873,8.42203,8.42497,1.07,1.00
2016.07.12 18:43:42.004,8.42203,8.42518,1.07,1.00
2016.07.12 18:43:42.198,8.42203,8.42518,1.37,1.00
2016.07.12 18:43:42.616,8.42203,8.42518,1.37,1.07
2016.07.12 18:43:43.193,8.42203,8.42518,1.37,1.00
2016.07.12 18:43:43.323,8.42203,8.42505,1.37,1.00
2016.07.12 18:43:43.424,8.42212,8.42518,1.37,1.00
2016.07.12 18:43:43.685,8.42212,8.42527,1.37,1.00
2016.07.12 18:43:44.050,8.42213,8.42527,1.37,1.00
2016.07.12 18:43:44.419,8.42212,8.42504,1.37,1.00
2016.07.12 18:43:44.733,8.42212,8.42504,1.07,1.00
2016.07.12 18:43:44.947,8.42212,8.42504,1.07,1.00
2016.07.12 18:43:45.149,8.42212,8.42506,1.07,1.00
2016.07.12 18:43:45.200,8.42212,8.42529,1.07,1.00
2016.07.12 18:43:45.301,8.42213,8.42531,1.75,1.00
2016.07.12 18:43:45.623,8.42191,8.42508,1.75,1.10
2016.07.12 18:43:46.702,8.42191,8.42509,1.37,1.00
2016.07.12 18:43:46.933,8.42212,8.42509,1.07,1.00
2016.07.12 18:43:47.189,8.42213,8.4254,1.07,1.00
2016.07.12 18:43:47.240,8.42212,8.42548,1.07,1.00
2016.07.12 18:43:47.291,8.42212,8.42548,1.75,1.00
2016.07.12 18:43:47.342,8.42212,8.42564,1.75,1.00
2016.07.12 18:43:47.392,8.42212,8.42564,1.75,1.00
2016.07.12 18:43:47.839,8.42225,8.42552,1.75,1.00
2016.07.12 18:43:48.229,8.42225,8.42531,1.75,1.00
2016.07.12 18:43:49.331,8.42232,8.42531,1.37,1.00
2016.07.12 18:43:49.382,8.42232,8.42531,1.37,1.07
2016.07.12 18:43:50.123,8.42233,8.42529,1.37,1.00
2016.07.12 18:43:50.372,8.42235,8.42531,1.07,1.00
2016.07.12 18:43:50.423,8.42235,8.42552,1.07,1.00
2016.07.12 18:43:50.474,8.42235,8.42552,1.37,1.00
2016.07.12 18:43:50.642,8.42235,8.4256,1.37,1.00
2016.07.12 18:43:50.693,8.42235,8.4256,1.50,1.07
2016.07.12 18:43:51.020,8.42235,8.42529,1.37,1.00
2016.07.12 18:43:51.644,8.42235,8.42552,1.37,1.37
2016.07.12 18:43:51.859,8.42235,8.42552,1.37,1.00
2016.07.12 18:43:52.174,8.42225,8.42537,1.75,1.00
2016.07.12 18:43:52.523,8.42207,8.42523,1.75,1.00
2016.07.12 18:43:52.763,8.42207,8.42523,1.75,1.00
2016.07.12 18:43:53.282,8.42232,8.42523,1.07,1.00
2016.07.12 18:43:53.442,8.42243,8.42537,1.00,1.00
2016.07.12 18:43:53.576,8.42243,8.42545,1.00,1.00
2016.07.12 18:43:53.627,8.42232,8.42566,1.07,1.37
2016.07.12 18:43:53.779,8.42232,8.42566,1.75,1.00
2016.07.12 18:43:54.125,8.42227,8.42566,1.75,1.00
2016.07.12 18:43:54.482,8.42237,8.42564,1.75,1.00
2016.07.12 18:43:54.565,8.42237,8.42564,1.50,1.00
2016.07.12 18:43:56.922,8.42234,8.42541,1.75,1.00
2016.07.12 18:43:57.042,8.42238,8.42563,1.37,1.00
2016.07.12 18:43:57.702,8.42238,8.42563,1.75,1.00
2016.07.12 18:43:58.283,8.42238,8.42563,1.37,1.00
2016.07.12 18:43:58.923,8.42227,8.42541,1.75,1.00
2016.07.12 18:43:59.924,8.42237,8.42564,1.75,1.00
2016.07.12 18:44:00.463,8.42237,8.42564,1.37,1.00
2016.07.12 18:44:00.614,8.42237,8.42552,1.37,1.00
2016.07.12 18:44:00.962,8.42227,8.42541,1.75,1.00
2016.07.12 18:44:01.013,8.42227,8.42541,1.75,1.00
2016.07.12 18:44:01.064,8.42227,8.42552,1.75,1.00
2016.07.12 18:44:01.242,8.42227,8.4253,1.75,1.00
2016.07.12 18:44:01.482,8.42242,8.42552,1.37,1.00
2016.07.12 18:44:01.893,8.42233,8.42552,1.75,1.00
2016.07.12 18:44:02.443,8.42226,8.42552,1.75,1.00
2016.07.12 18:44:02.721,8.42223,8.42529,1.75,1.00
2016.07.12 18:44:03.647,8.42227,8.42529,1.75,1.00
2016.07.12 18:44:03.748,8.42227,8.42552,1.75,1.00
2016.07.12 18:44:04.235,8.42226,8.42552,1.75,1.00
2016.07.12 18:44:04.423,8.42223,8.4253,1.75,1.00
2016.07.12 18:44:05.186,8.42228,8.4253,1.75,1.00
2016.07.12 18:44:05.237,8.42228,8.42553,1.75,1.00
2016.07.12 18:44:05.583,8.42228,8.42529,1.75,1.00
2016.07.12 18:44:05.633,8.42223,8.42529,1.75,1.00
2016.07.12 18:44:06.837,8.42226,8.42553,1.75,1.00
2016.07.12 18:44:07.189,8.42226,8.42553,1.75,1.00
2016.07.12 18:44:07.606,8.42226,8.42553,1.75,1.00
2016.07.12 18:44:08.383,8.42226,8.42549,1.75,1.00
2016.07.12 18:44:09.383,8.42226,8.42553,1.75,1.00
2016.07.12 18:44:11.022,8.42248,8.42557,1.75,1.00
2016.07.12 18:44:11.188,8.42248,8.42569,1.75,1.00
2016.07.12 18:44:11.238,8.42228,8.42553,1.75,1.00
2016.07.12 18:44:11.562,8.42202,8.42545,2.25,1.00
2016.07.12 18:44:11.683,8.42202,8.42545,2.25,1.00
2016.07.12 18:44:11.982,8.42203,8.4253,1.75,1.00
2016.07.12 18:44:12.483,8.42227,8.4253,1.75,1.00
2016.07.12 18:44:12.585,8.42237,8.42553,1.75,1.00
2016.07.12 18:44:12.686,8.42237,8.42553,1.75,1.00
2016.07.12 18:44:12.890,8.42222,8.42538,1.37,1.00
2016.07.12 18:44:12.991,8.42222,8.42532,1.37,1.00
2016.07.12 18:44:13.399,8.42212,8.4253,1.75,1.00
2016.07.12 18:44:13.450,8.42212,8.42532,1.75,1.00
2016.07.12 18:44:13.567,8.42203,8.42518,1.75,1.00
2016.07.12 18:44:20.952,8.42222,8.42532,1.37,1.00
2016.07.12 18:44:23.901,8.42222,8.42541,1.87,1.00
2016.07.12 18:44:24.982,8.42222,8.42541,1.00,1.00
2016.07.12 18:44:25.092,8.42222,8.42541,1.07,1.00
2016.07.12 18:44:26.307,8.42222,8.42541,1.75,1.00
2016.07.12 18:44:31.802,8.42242,8.42541,1.00,1.00
2016.07.12 18:44:35.473,8.42242,8.42538,1.00,1.00
2016.07.12 18:44:35.816,8.42242,8.42538,1.00,1.07
2016.07.12 18:44:37.091,8.42242,8.42519,1.00,1.00
2016.07.12 18:44:37.403,8.42242,8.42517,1.00,1.00
2016.07.12 18:44:38.392,8.42242,8.42519,1.00,1.00
2016.07.12 18:44:38.493,8.42242,8.42534,1.00,1.00
2016.07.12 18:44:38.648,8.42202,8.42534,1.75,1.00
2016.07.12 18:44:38.920,8.42215,8.4252,1.37,1.00
2016.07.12 18:44:38.970,8.42215,8.4252,1.00,1.00
2016.07.12 18:44:39.062,8.42202,8.42518,1.07,1.00
2016.07.12 18:44:40.173,8.42202,8.42518,1.75,1.00
2016.07.12 18:44:40.224,8.4221,8.42566,1.75,1.00
2016.07.12 18:44:40.424,8.42202,8.42549,2.25,1.00
2016.07.12 18:44:40.736,8.42204,8.42531,1.37,1.00
2016.07.12 18:44:41.377,8.42204,8.42531,1.00,1.07
2016.07.12 18:44:41.624,8.42204,8.42518,1.00,1.00
2016.07.12 18:44:42.192,8.42204,8.42529,1.37,1.00
2016.07.12 18:44:42.372,8.42204,8.42529,1.07,1.00
2016.07.12 18:44:44.399,8.42203,8.42548,1.07,1.37
2016.07.12 18:44:44.452,8.42203,8.42548,1.75,1.00
2016.07.12 18:44:44.604,8.42222,8.42565,1.37,1.00
2016.07.12 18:44:44.705,8.42223,8.42565,1.07,1.37
2016.07.12 18:44:45.008,8.42222,8.42534,1.37,1.00
2016.07.12 18:44:45.514,8.42242,8.42534,1.00,1.00
2016.07.12 18:44:45.822,8.42242,8.42546,1.00,1.57
2016.07.12 18:44:45.923,8.42242,8.42566,1.75,1.00
2016.07.12 18:44:46.126,8.42232,8.42566,1.75,1.10
2016.07.12 18:44:46.176,8.42234,8.42561,1.75,1.00
2016.07.12 18:44:46.520,8.42232,8.42538,1.37,1.00
2016.07.12 18:44:47.430,8.42222,8.42538,1.75,1.00
2016.07.12 18:44:47.632,8.42222,8.42576,1.75,1.00
2016.07.12 18:44:47.690,8.42222,8.42558,1.75,1.00
2016.07.12 18:44:47.791,8.42223,8.4255,1.37,1.00
2016.07.12 18:44:47.892,8.42223,8.42544,1.37,1.00
2016.07.12 18:44:48.353,8.42222,8.42526,1.07,1.00
2016.07.12 18:44:48.545,8.42223,8.42544,1.07,1.07
2016.07.12 18:44:48.646,8.42223,8.42548,1.75,1.00
2016.07.12 18:44:48.974,8.42223,8.4255,1.75,1.00
2016.07.12 18:44:49.104,8.42232,8.42581,1.75,1.00
2016.07.12 18:44:49.155,8.42232,8.42583,1.75,1.00
2016.07.12 18:44:49.206,8.42235,8.4256,1.50,1.00
2016.07.12 18:44:49.556,8.42235,8.42538,1.37,1.00
2016.07.12 18:44:49.973,8.42222,8.42538,2.25,1.07
2016.07.12 18:44:50.075,8.42222,8.42532,1.50,1.00
2016.07.12 18:44:50.474,8.42222,8.42529,1.50,1.00
2016.07.12 18:44:50.905,8.42222,8.42538,1.50,1.07
2016.07.12 18:44:50.956,8.42222,8.42538,1.37,1.00
2016.07.12 18:44:51.695,8.42222,8.42531,1.37,1.00
2016.07.12 18:44:52.012,8.42222,8.4252,1.37,1.00
2016.07.12 18:44:52.923,8.42222,8.4254,1.75,1.00
2016.07.12 18:44:53.143,8.42228,8.4254,1.75,1.00
2016.07.12 18:44:53.409,8.42228,8.42553,1.37,1.37
2016.07.12 18:44:54.142,8.42228,8.42553,1.75,1.00
2016.07.12 18:44:54.486,8.42222,8.42558,2.25,1.00
2016.07.12 18:44:54.692,8.42222,8.42558,2.25,1.00
2016.07.12 18:44:54.944,8.42242,8.42533,1.07,1.00
2016.07.12 18:44:55.324,8.42242,8.42531,1.07,1.00
2016.07.12 18:44:55.682,8.42242,8.42531,1.87,1.00
2016.07.12 18:44:55.949,8.42242,8.42554,1.75,1.00
2016.07.12 18:44:56.151,8.42242,8.42555,1.37,1.00
2016.07.12 18:44:56.382,8.42242,8.42548,1.37,1.00
2016.07.12 18:44:56.684,8.42242,8.42533,1.07,1.00
2016.07.12 18:44:57.039,8.42242,8.42519,1.57,1.00
2016.07.12 18:44:57.440,8.42242,8.42519,1.07,1.00
2016.07.12 18:44:57.630,8.42242,8.42536,1.07,1.00
2016.07.12 18:44:57.681,8.42242,8.42536,1.00,1.00
2016.07.12 18:44:57.852,8.42242,8.42531,1.00,1.00
2016.07.12 18:44:58.264,8.42242,8.42515,1.00,1.00
2016.07.12 18:44:58.872,8.42242,8.42515,1.07,1.00
2016.07.12 18:44:58.923,8.42242,8.42526,1.07,1.00
2016.07.12 18:44:59.024,8.42242,8.42533,1.07,1.00
2016.07.12 18:44:59.392,8.42242,8.4253,1.07,1.00
2016.07.12 18:44:59.740,8.42242,8.42514,1.00,1.00
2016.07.12 18:45:00.623,8.42242,8.42529,1.07,1.00
2016.07.12 18:45:00.737,8.42242,8.42537,1.07,1.00
2016.07.12 18:45:00.889,8.42242,8.42525,1.07,1.00
2016.07.12 18:45:00.996,8.4221,8.42525,1.75,1.00
2016.07.12 18:45:01.046,8.4221,8.42511,1.75,1.00
2016.07.12 18:45:01.280,8.4221,8.42511,1.07,1.00
2016.07.12 18:45:01.580,8.42206,8.42507,1.07,1.00
2016.07.12 18:45:01.732,8.42206,8.42502,1.00,1.00
2016.07.12 18:45:01.833,8.42192,8.42502,1.07,1.00
2016.07.12 18:45:01.950,8.42192,8.42494,1.37,1.00
2016.07.12 18:45:02.130,8.42192,8.42502,1.37,1.00
2016.07.12 18:45:03.415,8.42192,8.42495,1.37,1.00
2016.07.12 18:45:03.619,8.42192,8.42502,1.37,1.00
2016.07.12 18:45:03.945,8.42192,8.42502,1.37,1.00
2016.07.12 18:45:04.158,8.42192,8.42502,1.10,1.37
2016.07.12 18:45:05.017,8.42192,8.42476,1.10,1.00
2016.07.12 18:45:05.423,8.42192,8.42494,1.10,1.07
2016.07.12 18:45:05.686,8.42192,8.42494,1.07,1.00
2016.07.12 18:45:05.777,8.42192,8.42503,1.07,1.00
2016.07.12 18:45:05.928,8.42192,8.42482,1.00,1.00
2016.07.12 18:45:07.137,8.42192,8.42492,1.00,1.07
2016.07.12 18:45:07.580,8.42192,8.42476,1.00,1.00
2016.07.12 18:45:08.025,8.42192,8.42461,1.00,1.00
2016.07.12 18:45:11.045,8.42171,8.42461,1.07,1.00
2016.07.12 18:45:35.960,8.42152,8.42469,1.37,1.00
2016.07.12 18:45:40.081,8.42171,8.42498,1.07,1.37
2016.07.12 18:45:40.516,8.42163,8.42502,1.75,1.10
2016.07.12 18:45:40.781,8.42201,8.42521,1.37,1.00
2016.07.12 18:45:40.883,8.42202,8.42558,1.12,1.75
2016.07.12 18:45:41.109,8.42202,8.42558,2.25,1.37
2016.07.12 18:45:42.665,8.42232,8.42557,1.00,1.37
2016.07.12 18:45:47.709,8.42232,8.42557,1.75,1.10
2016.07.12 18:45:48.044,8.42252,8.42599,1.75,1.07
2016.07.12 18:45:51.142,8.42262,8.42579,1.37,1.07
2016.07.12 18:45:59.227,8.4228,8.42607,1.00,1.75
2016.07.12 18:45:59.822,8.42282,8.42607,1.00,1.75
2016.07.12 18:46:01.153,8.42282,8.42607,1.00,1.75
2016.07.12 18:46:01.506,8.42282,8.42589,1.00,1.37
2016.07.12 18:46:02.132,8.42282,8.42566,1.00,1.00
2016.07.12 18:46:04.649,8.42282,8.42566,1.00,1.07
2016.07.12 18:46:05.780,8.42282,8.42566,1.00,1.37
2016.07.12 18:46:07.179,8.42282,8.42566,1.00,1.37
2016.07.12 18:46:08.420,8.42282,8.42614,1.07,1.75
2016.07.12 18:46:08.499,8.42282,8.42614,1.37,1.75
2016.07.12 18:46:08.655,8.42282,8.42614,1.00,1.75
2016.07.12 18:46:09.368,8.42275,8.42602,1.00,1.37
2016.07.12 18:46:09.709,8.42275,8.42602,1.10,1.37
2016.07.12 18:46:10.054,8.42272,8.42611,1.75,1.37
2016.07.12 18:46:11.396,8.42287,8.42611,1.75,1.37
2016.07.12 18:46:12.697,8.42283,8.42601,1.00,1.12
2016.07.12 18:46:12.899,8.42282,8.42601,1.00,1.37
2016.07.12 18:46:13.042,8.42272,8.42621,1.00,1.75
2016.07.12 18:46:13.244,8.42272,8.42591,1.00,1.37
2016.07.12 18:46:13.547,8.42292,8.42619,1.07,1.75
2016.07.12 18:46:13.889,8.42292,8.42619,1.37,1.37
2016.07.12 18:46:14.120,8.42292,8.42611,1.00,1.75
2016.07.12 18:46:14.231,8.42272,8.42611,1.37,1.75
2016.07.12 18:46:14.449,8.42272,8.42584,1.00,1.07
2016.07.12 18:46:14.659,8.42272,8.42584,1.12,1.12
2016.07.12 18:46:15.000,8.42282,8.42606,1.75,1.37
2016.07.12 18:46:15.579,8.42272,8.42585,1.75,1.00
2016.07.12 18:46:15.649,8.42272,8.42585,1.37,1.07
2016.07.12 18:46:15.901,8.42272,8.42585,1.00,1.07
2016.07.12 18:46:16.199,8.42272,8.42585,1.12,1.37
2016.07.12 18:46:16.502,8.42272,8.42585,1.75,1.00
2016.07.12 18:46:17.041,8.42292,8.42614,1.37,1.75
2016.07.12 18:46:17.189,8.42292,8.42617,1.00,1.75
2016.07.12 18:46:17.240,8.42272,8.42585,1.12,1.00
2016.07.12 18:46:17.442,8.42272,8.42585,1.00,1.07
2016.07.12 18:46:17.724,8.42272,8.42585,1.12,1.12
2016.07.12 18:46:18.032,8.42272,8.42585,1.75,1.10
2016.07.12 18:46:18.423,8.42272,8.42637,1.75,1.75
2016.07.12 18:46:18.619,8.42272,8.42637,1.75,1.75
2016.07.12 18:46:28.421,8.42313,8.42618,1.75,1.07
2016.07.12 18:46:28.654,8.42313,8.4262,1.00,1.37
2016.07.12 18:46:28.719,8.42303,8.42616,1.07,1.07
2016.07.12 18:46:29.447,8.42282,8.42579,1.00,1.00
2016.07.12 18:46:29.779,8.42282,8.42579,1.07,1.07
2016.07.12 18:46:30.090,8.4229,8.42615,1.75,1.75
2016.07.12 18:46:30.609,8.4229,8.42615,1.07,1.75
2016.07.12 18:46:41.653,8.42272,8.4258,1.37,1.37
2016.07.12 18:46:42.158,8.42272,8.4258,1.00,1.37
2016.07.12 18:46:42.419,8.42272,8.42583,1.00,1.75
2016.07.12 18:46:42.768,8.42272,8.42563,1.00,1.37
2016.07.12 18:46:42.983,8.42272,8.42583,1.07,1.37
2016.07.12 18:46:43.699,8.42272,8.42583,1.00,1.37
2016.07.12 18:46:43.959,8.42272,8.42563,1.00,1.37
2016.07.12 18:46:44.144,8.42236,8.42563,1.07,1.37
2016.07.12 18:46:44.381,8.42228,8.42583,1.75,1.87
2016.07.12 18:46:45.128,8.42259,8.42583,1.00,2.25
2016.07.12 18:46:45.179,8.42236,8.42563,1.07,1.37
2016.07.12 18:46:45.459,8.42236,8.42563,1.00,1.37
2016.07.12 18:46:45.560,8.42228,8.42582,1.00,1.75
2016.07.12 18:46:45.711,8.42225,8.42552,1.37,1.07
2016.07.12 18:46:46.069,8.42247,8.42568,1.75,1.07
2016.07.12 18:46:46.549,8.42226,8.42551,1.75,1.00
2016.07.12 18:46:46.668,8.42226,8.42551,1.37,1.07
2016.07.12 18:46:46.893,8.42232,8.42551,1.00,1.37
2016.07.12 18:46:47.147,8.42232,8.42551,1.37,1.07
2016.07.12 18:46:47.594,8.42255,8.42568,1.07,1.07
2016.07.12 18:46:47.918,8.42255,8.4258,1.37,1.37
2016.07.12 18:46:48.506,8.42276,8.42608,1.75,1.07
2016.07.12 18:46:48.658,8.42276,8.42599,1.75,1.00
2016.07.12 18:46:48.961,8.42276,8.42592,1.75,1.00
2016.07.12 18:46:49.420,8.42276,8.42592,1.00,1.37
2016.07.12 18:46:49.538,8.42252,8.42577,1.37,1.07
2016.07.12 18:46:49.640,8.42252,8.42592,1.50,1.75
2016.07.12 18:46:50.014,8.42252,8.42564,1.07,1.07
2016.07.12 18:46:53.184,8.42252,8.42564,1.75,1.00
2016.07.12 18:46:53.929,8.42252,8.42564,1.00,1.37
2016.07.12 18:46:54.476,8.42252,8.42573,1.00,1.37
2016.07.12 18:46:57.699,8.42252,8.42573,2.25,1.07
2016.07.12 18:46:57.888,8.42252,8.42573,1.50,1.37
2016.07.12 18:46:58.646,8.42262,8.42556,1.00,1.10
2016.07.12 18:46:59.026,8.42262,8.42556,1.00,1.07
2016.07.12 18:47:00.440,8.42262,8.42579,1.37,1.37
2016.07.12 18:47:08.256,8.42262,8.42559,1.37,1.00
2016.07.12 18:47:08.798,8.42252,8.42558,1.37,1.00
2016.07.12 18:47:09.001,8.42252,8.42541,1.07,1.00
2016.07.12 18:47:09.438,8.42252,8.42541,1.37,1.00
2016.07.12 18:47:09.640,8.42252,8.42548,1.37,1.00
2016.07.12 18:47:09.741,8.42202,8.42548,1.75,1.07
2016.07.12 18:47:10.319,8.42202,8.42529,1.75,1.00
2016.07.12 18:47:10.470,8.42202,8.42511,1.00,1.07
2016.07.12 18:47:10.878,8.42202,8.42511,1.07,1.00
2016.07.12 18:47:11.274,8.42202,8.42504,1.07,1.50
2016.07.12 18:47:15.752,8.42202,8.42504,1.00,1.07
2016.07.12 18:47:16.181,8.42202,8.42512,1.00,1.75
2016.07.12 18:47:16.282,8.42152,8.42512,2.25,1.75
2016.07.12 18:47:16.918,8.42152,8.42476,2.25,1.00
2016.07.12 18:47:17.020,8.42173,8.42498,1.75,1.00
2016.07.12 18:47:17.385,8.42186,8.42498,1.75,1.00
2016.07.12 18:47:17.688,8.42186,8.42498,1.75,1.37
2016.07.12 18:47:19.477,8.42173,8.42498,1.75,1.07
2016.07.12 18:47:19.680,8.42173,8.42496,1.50,1.00
2016.07.12 18:47:19.830,8.42173,8.42498,1.50,1.00
2016.07.12 18:47:19.888,8.42173,8.42498,1.75,1.07
2016.07.12 18:47:20.220,8.42162,8.42477,1.37,1.07
2016.07.12 18:47:20.647,8.42162,8.42465,1.37,1.00
2016.07.12 18:47:20.979,8.42163,8.42465,1.75,1.00
2016.07.12 18:47:21.080,8.42174,8.42488,1.75,1.00
2016.07.12 18:47:21.218,8.42174,8.42488,1.75,1.00
2016.07.12 18:47:21.442,8.42174,8.42488,1.75,1.00
2016.07.12 18:47:21.669,8.42162,8.42488,1.37,1.37
2016.07.12 18:47:21.980,8.42162,8.4246,1.37,1.00
2016.07.12 18:47:22.423,8.42162,8.4246,1.37,1.00
2016.07.12 18:47:22.569,8.42174,8.42494,1.07,1.07
2016.07.12 18:47:22.673,8.42174,8.42494,1.75,1.00
2016.07.12 18:47:22.774,8.42174,8.42503,1.75,1.00
2016.07.12 18:47:22.876,8.42174,8.42503,1.75,1.07
2016.07.12 18:47:22.977,8.42174,8.42483,1.75,1.00
2016.07.12 18:47:23.984,8.42174,8.42483,1.37,1.37
2016.07.12 18:47:24.260,8.42174,8.42483,1.75,1.00
2016.07.12 18:47:24.979,8.42174,8.42483,1.75,1.00
2016.07.12 18:47:25.185,8.42174,8.42501,1.75,1.07
2016.07.12 18:47:25.387,8.42174,8.42471,1.75,1.00
2016.07.12 18:47:25.929,8.42174,8.4246,1.75,1.00
2016.07.12 18:47:25.980,8.42174,8.4246,1.37,1.00
2016.07.12 18:47:26.393,8.42174,8.4246,1.75,1.00
2016.07.12 18:47:26.595,8.42162,8.42482,1.75,1.00
2016.07.12 18:47:26.928,8.42157,8.42482,1.75,1.00
2016.07.12 18:47:27.478,8.42153,8.42523,1.75,1.50
2016.07.12 18:47:27.579,8.42178,8.42505,1.75,1.00
2016.07.12 18:47:27.734,8.42162,8.4251,1.75,1.00
2016.07.12 18:47:27.878,8.42173,8.42512,1.75,1.00
2016.07.12 18:47:27.929,8.42173,8.42512,1.75,1.37
2016.07.12 18:47:28.329,8.42167,8.42494,1.75,1.00
2016.07.12 18:47:28.688,8.42167,8.42494,1.37,1.50
2016.07.12 18:47:29.468,8.42163,8.4247,1.37,1.00
2016.07.12 18:47:29.688,8.42169,8.4248,1.75,1.00
2016.07.12 18:47:30.136,8.42169,8.42493,1.75,1.00
2016.07.12 18:47:30.458,8.42169,8.42493,1.37,1.07
2016.07.12 18:47:30.637,8.42169,8.42482,1.37,1.00
2016.07.12 18:47:30.995,8.42169,8.42482,1.07,1.37
2016.07.12 18:47:31.658,8.42169,8.4246,1.00,1.00
2016.07.12 18:47:32.033,8.42153,8.4246,1.75,1.00
2016.07.12 18:47:32.083,8.42156,8.42483,1.75,1.00
2016.07.12 18:47:36.320,8.42193,8.42483,1.00,1.00
2016.07.12 18:47:36.948,8.42193,8.42499,1.00,1.07
2016.07.12 18:47:37.029,8.42193,8.42483,1.00,1.00
2016.07.12 18:47:37.367,8.42193,8.42481,1.00,1.12
2016.07.12 18:47:37.888,8.42193,8.4246,1.00,1.00
2016.07.12 18:47:38.198,8.42193,8.42483,1.07,1.00
2016.07.12 18:47:38.300,8.42193,8.425,1.07,1.00
2016.07.12 18:47:38.470,8.42193,8.425,1.07,1.07
2016.07.12 18:47:38.890,8.42193,8.42471,1.00,1.00
2016.07.12 18:47:39.368,8.42193,8.42471,1.07,1.00
2016.07.12 18:47:39.489,8.42193,8.42494,1.07,1.00
2016.07.12 18:47:39.699,8.42193,8.42494,1.75,1.00
2016.07.12 18:47:39.789,8.42193,8.42514,1.75,1.00
2016.07.12 18:47:39.942,8.42193,8.42514,1.37,1.07
2016.07.12 18:47:40.152,8.42193,8.42497,1.37,1.00
2016.07.12 18:47:40.518,8.42193,8.42483,1.37,1.00
2016.07.12 18:47:40.758,8.42193,8.42483,1.00,1.12
2016.07.12 18:47:40.938,8.42193,8.42471,1.00,1.07
2016.07.12 18:47:41.273,8.42203,8.42471,1.00,1.00
2016.07.12 18:47:41.583,8.42193,8.42471,1.07,1.00
2016.07.12 18:47:41.634,8.42193,8.42494,1.07,1.00
2016.07.12 18:47:41.685,8.42193,8.42494,1.37,1.00
2016.07.12 18:47:41.836,8.42193,8.42514,1.37,1.00
2016.07.12 18:47:41.937,8.42193,8.42523,1.37,1.37
2016.07.12 18:47:42.239,8.42193,8.42505,1.37,1.37
2016.07.12 18:47:42.568,8.42193,8.42483,1.37,1.00
2016.07.12 18:47:42.903,8.42193,8.42483,1.00,1.37
2016.07.12 18:47:43.220,8.42202,8.42483,1.00,1.00
2016.07.12 18:47:43.271,8.42202,8.42532,1.00,1.35
2016.07.12 18:47:43.321,8.42202,8.42541,1.37,1.97
2016.07.12 18:47:43.675,8.42212,8.42548,1.75,1.00
2016.07.12 18:47:43.889,8.42212,8.42533,1.75,1.00
2016.07.12 18:47:43.957,8.42212,8.42548,1.75,1.00
2016.07.12 18:47:44.008,8.42212,8.42548,1.75,1.37
2016.07.12 18:47:44.346,8.42195,8.42522,1.75,1.37
2016.07.12 18:47:44.691,8.42193,8.425,1.75,1.00
2016.07.12 18:47:45.018,8.42193,8.425,1.75,1.00
2016.07.12 18:47:45.198,8.42193,8.425,1.75,1.00
2016.07.12 18:47:45.309,8.42195,8.42513,1.75,1.00
2016.07.12 18:47:45.617,8.42195,8.42522,1.75,1.00
2016.07.12 18:47:45.668,8.42195,8.42519,1.75,1.00
2016.07.12 18:47:45.999,8.42193,8.42511,2.25,1.00
2016.07.12 18:47:46.178,8.42193,8.42511,1.50,1.07
2016.07.12 18:47:47.009,8.42192,8.42511,1.75,1.00
2016.07.12 18:47:47.350,8.42192,8.42511,1.75,1.00
2016.07.12 18:47:47.748,8.42192,8.42511,1.75,1.00
2016.07.12 18:47:47.968,8.42192,8.42511,1.37,1.37
2016.07.12 18:47:48.489,8.42192,8.42489,1.37,1.00
2016.07.12 18:47:48.820,8.42192,8.42489,1.75,1.00
2016.07.12 18:47:48.871,8.42192,8.42515,1.75,1.00
2016.07.12 18:47:50.104,8.42192,8.42518,1.75,1.50
2016.07.12 18:47:50.316,8.42192,8.42538,1.75,1.00
2016.07.12 18:47:50.417,8.42192,8.42538,1.75,1.07
2016.07.12 18:47:50.743,8.42192,8.42507,2.25,1.07
2016.07.12 18:47:51.188,8.42192,8.42507,1.87,1.37
2016.07.12 18:47:51.518,8.42192,8.42494,1.07,1.00
2016.07.12 18:47:51.569,8.42192,8.42507,1.07,1.00
2016.07.12 18:47:51.721,8.42192,8.42507,1.75,1.00
2016.07.12 18:47:51.942,8.42192,8.42528,1.75,1.07
2016.07.12 18:47:52.047,8.42193,8.42517,1.75,1.00
2016.07.12 18:47:52.639,8.42192,8.42496,1.75,1.00
2016.07.12 18:47:52.698,8.42192,8.42496,1.37,1.07
2016.07.12 18:47:53.168,8.42192,8.42496,1.75,1.00
2016.07.12 18:47:53.299,8.42192,8.42508,2.25,1.00
2016.07.12 18:47:53.688,8.42192,8.42508,2.25,1.00
2016.07.12 18:47:54.310,8.42192,8.4251,2.25,1.00
2016.07.12 18:47:54.436,8.42192,8.42484,2.25,1.00
2016.07.12 18:47:54.587,8.42192,8.42484,1.75,1.00
2016.07.12 18:47:54.911,8.42192,8.42492,1.75,1.00
2016.07.12 18:47:55.174,8.42192,8.42489,1.75,1.00
2016.07.12 18:47:55.275,8.42192,8.42498,1.37,1.00
2016.07.12 18:47:55.485,8.42132,8.42481,1.75,1.07
2016.07.12 18:47:56.275,8.42132,8.42472,2.25,1.00
2016.07.12 18:47:56.462,8.42132,8.42472,2.25,1.00
2016.07.12 18:47:56.995,8.42147,8.42471,1.75,1.00
2016.07.12 18:47:57.163,8.42167,8.42486,1.75,1.00
2016.07.12 18:47:57.286,8.42149,8.42506,1.75,1.07
2016.07.12 18:47:57.388,8.42147,8.42476,1.75,1.00
2016.07.12 18:47:57.690,8.42147,8.4249,1.75,1.37
2016.07.12 18:47:57.892,8.42132,8.42457,2.25,1.00
2016.07.12 18:47:58.442,8.42132,8.42484,2.25,1.37
2016.07.12 18:47:58.638,8.42143,8.42484,1.75,1.00
2016.07.12 18:47:58.693,8.42143,8.42453,1.75,1.00
2016.07.12 18:47:58.794,8.42149,8.42467,1.75,1.00
2016.07.12 18:47:58.958,8.42149,8.4247,1.75,1.00
2016.07.12 18:47:59.438,8.42149,8.4247,1.75,1.00
2016.07.12 18:47:59.885,8.42149,8.42476,1.75,1.00
2016.07.12 18:48:01.208,8.42149,8.42465,1.75,1.00
2016.07.12 18:48:04.490,8.42169,8.42476,1.12,1.00
2016.07.12 18:48:04.592,8.42175,8.42486,1.07,1.00
2016.07.12 18:48:04.779,8.42175,8.42486,1.75,1.00
2016.07.12 18:48:05.121,8.42175,8.42498,1.75,1.00
2016.07.12 18:48:05.222,8.42175,8.42482,1.75,1.00
2016.07.12 18:48:05.273,8.42175,8.42482,1.50,1.00
2016.07.12 18:48:05.427,8.42171,8.42465,1.75,1.00
2016.07.12 18:48:05.478,8.42171,8.42465,1.37,1.10
2016.07.12 18:48:06.038,8.42142,8.42473,1.75,1.37
2016.07.12 18:48:06.140,8.42142,8.42451,1.75,1.00
2016.07.12 18:48:06.448,8.42142,8.42451,1.37,1.00
2016.07.12 18:48:06.582,8.42142,8.42451,2.25,1.00
2016.07.12 18:48:06.834,8.42153,8.4248,1.75,1.00
2016.07.12 18:48:07.244,8.42153,8.4248,1.75,1.00
2016.07.12 18:48:07.295,8.42152,8.42511,1.75,1.00
2016.07.12 18:48:07.624,8.42165,8.42492,1.75,1.50
2016.07.12 18:48:07.675,8.42165,8.42492,1.75,1.87
2016.07.12 18:48:07.726,8.42152,8.42463,1.75,1.00
2016.07.12 18:48:07.928,8.42146,8.42471,1.75,1.00
2016.07.12 18:48:08.239,8.42146,8.42451,1.75,1.00
2016.07.12 18:48:08.390,8.42146,8.42471,1.75,1.00
2016.07.12 18:48:08.441,8.42146,8.42471,1.75,1.07
2016.07.12 18:48:08.676,8.42146,8.42452,1.75,1.00
2016.07.12 18:48:09.019,8.42152,8.42471,1.75,1.00
2016.07.12 18:48:09.427,8.42147,8.42471,1.75,1.00
2016.07.12 18:48:09.600,8.42142,8.42495,2.25,1.00
2016.07.12 18:48:09.701,8.42142,8.42473,1.75,1.00
2016.07.12 18:48:10.275,8.42142,8.42468,1.75,1.00
2016.07.12 18:48:10.399,8.42142,8.42476,1.75,1.00
2016.07.12 18:48:10.449,8.42142,8.42476,1.75,1.37
2016.07.12 18:48:10.888,8.42142,8.42445,1.75,1.00
2016.07.12 18:48:10.989,8.42142,8.42445,1.75,1.00
2016.07.12 18:48:11.093,8.42153,8.42471,1.37,1.00
2016.07.12 18:48:11.144,8.42153,8.42454,1.37,1.00
2016.07.12 18:48:11.449,8.42153,8.42471,1.37,1.00
2016.07.12 18:48:14.478,8.42169,8.42471,1.75,1.00
2016.07.12 18:48:15.131,8.42174,8.42497,1.75,1.50
2016.07.12 18:48:15.233,8.42174,8.42494,1.75,1.00
2016.07.12 18:48:15.833,8.42174,8.42476,1.75,1.00
2016.07.12 18:48:15.934,8.42174,8.42476,1.00,1.00
2016.07.12 18:48:16.331,8.42172,8.42476,1.00,1.00
2016.07.12 18:48:16.382,8.42172,8.4246,1.00,1.00
2016.07.12 18:48:17.007,8.42172,8.42454,1.00,1.00
2016.07.12 18:48:17.424,8.42172,8.4246,1.00,1.00
2016.07.12 18:48:19.637,8.42172,8.42441,1.00,1.00
2016.07.12 18:48:19.739,8.42172,8.4246,1.00,1.00
2016.07.12 18:48:19.917,8.42137,8.4246,1.75,1.00
2016.07.12 18:48:27.746,8.42135,8.42442,1.75,1.00
2016.07.12 18:48:27.928,8.42131,8.42424,1.10,1.00
2016.07.12 18:48:29.923,8.4213,8.42407,1.07,1.00
2016.07.12 18:48:30.533,8.42131,8.42389,1.10,1.00
2016.07.12 18:48:30.864,8.4213,8.42371,1.00,1.00
2016.07.12 18:48:30.924,8.4213,8.42407,1.00,1.50
2016.07.12 18:48:31.142,8.42131,8.42377,1.00,1.00
2016.07.12 18:48:31.700,8.42132,8.42377,1.00,1.00
2016.07.12 18:48:32.302,8.4213,8.42377,1.00,1.00
2016.07.12 18:48:40.430,8.42131,8.42377,1.00,1.00
2016.07.12 18:48:41.264,8.42131,8.42396,1.00,1.50
2016.07.12 18:48:41.814,8.4213,8.42396,1.00,1.00
2016.07.12 18:48:42.808,8.4213,8.42398,1.00,1.00
2016.07.12 18:48:49.882,8.4213,8.42421,1.00,1.50
2016.07.12 18:49:05.761,8.42133,8.42421,1.00,1.00
2016.07.12 18:49:06.391,8.42133,8.42448,1.00,1.07
2016.07.12 18:49:06.492,8.42131,8.42448,1.00,1.07
2016.07.12 18:49:06.948,8.42132,8.42452,1.07,1.00
2016.07.12 18:49:07.150,8.42131,8.42456,1.07,1.00
2016.07.12 18:49:07.265,8.42131,8.42498,1.07,2.25
2016.07.12 18:49:07.417,8.42131,8.42454,1.07,1.00
2016.07.12 18:49:07.743,8.42132,8.42446,1.07,1.00
2016.07.12 18:49:07.938,8.42132,8.42446,1.00,1.10
2016.07.12 18:49:07.988,8.42132,8.4244,1.00,1.00
2016.07.12 18:49:18.299,8.42132,8.42446,1.00,1.00
2016.07.12 18:49:18.497,8.42132,8.42446,1.37,1.00
2016.07.12 18:49:18.548,8.42132,8.42464,1.37,1.00
2016.07.12 18:49:18.599,8.42133,8.42478,1.37,1.00
2016.07.12 18:49:18.650,8.42139,8.42466,1.07,1.00
2016.07.12 18:49:26.657,8.42139,8.42466,1.75,1.00
2016.07.12 18:49:26.789,8.42166,8.42488,1.10,1.00
2016.07.12 18:49:27.141,8.42166,8.42493,1.10,1.00
2016.07.12 18:49:27.192,8.42142,8.42497,1.37,1.00
2016.07.12 18:49:27.297,8.42142,8.42497,1.75,1.00
2016.07.12 18:49:28.058,8.42188,8.42497,1.00,1.00
2016.07.12 18:49:28.419,8.42162,8.42497,1.37,1.00
2016.07.12 18:49:28.779,8.42201,8.42497,1.00,1.00
2016.07.12 18:49:31.466,8.42201,8.42525,1.00,1.00
2016.07.12 18:49:32.071,8.42201,8.42526,1.00,1.00
2016.07.12 18:49:33.723,8.42201,8.42526,1.07,1.00
2016.07.12 18:49:48.243,8.42201,8.42526,1.37,1.00
2016.07.12 18:49:49.823,8.42192,8.42506,1.37,1.00
2016.07.12 18:49:58.591,8.42206,8.42531,1.07,1.00
2016.07.12 18:49:58.693,8.42192,8.42548,1.75,1.50
2016.07.12 18:49:58.743,8.42209,8.42536,1.37,1.00
2016.07.12 18:49:59.006,8.42202,8.42548,1.75,1.00
2016.07.12 18:49:59.107,8.42218,8.42545,1.12,1.00
2016.07.12 18:50:01.567,8.42198,8.42525,1.75,1.00
2016.07.12 18:50:09.251,8.42198,8.42525,1.00,1.00
2016.07.12 18:50:09.352,8.4219,8.42535,1.07,1.00
2016.07.12 18:50:09.403,8.42168,8.42522,1.75,1.00
2016.07.12 18:50:09.453,8.42168,8.42522,1.00,1.00
2016.07.12 18:50:09.701,8.42162,8.42498,1.07,1.00
2016.07.12 18:50:09.755,8.42162,8.42498,1.00,1.00
2016.07.12 18:50:10.284,8.42162,8.42478,1.00,1.00
2016.07.12 18:50:10.703,8.42162,8.42456,1.00,1.00
2016.07.12 18:50:11.023,8.42162,8.42436,1.00,1.00
2016.07.12 18:50:11.215,8.42162,8.42463,1.00,1.00
2016.07.12 18:50:11.509,8.42142,8.42463,1.07,1.00
2016.07.12 18:50:11.982,8.42142,8.42437,1.07,1.00
2016.07.12 18:50:12.676,8.42142,8.42459,1.07,1.00
2016.07.12 18:50:20.265,8.42242,8.42459,2.10,1.00
2016.07.12 18:50:20.316,8.42242,8.42469,2.10,1.00
2016.07.12 18:50:20.534,8.42243,8.42479,1.75,1.00
2016.07.12 18:50:20.635,8.42243,8.42479,1.00,1.00
2016.07.12 18:50:20.736,8.42145,8.42472,1.00,1.00
2016.07.12 18:50:20.890,8.42145,8.42472,1.07,1.00
2016.07.12 18:50:29.036,8.42145,8.42472,1.00,1.00
2016.07.12 18:50:30.232,8.42147,8.42472,1.00,1.00
2016.07.12 18:50:31.007,8.42145,8.42472,1.00,1.00
2016.07.12 18:50:32.058,8.42132,8.42452,1.10,1.00
2016.07.12 18:50:33.507,8.42131,8.42466,1.07,1.00
2016.07.12 18:50:33.709,8.42131,8.42435,1.00,1.00
2016.07.12 18:50:44.650,8.42131,8.42456,1.50,1.00
2016.07.12 18:50:47.927,8.42145,8.42456,1.00,1.00
2016.07.12 18:50:48.129,8.42131,8.42456,1.57,1.00
2016.07.12 18:50:49.308,8.42131,8.42456,1.50,1.00
2016.07.12 18:50:49.881,8.42132,8.42456,1.00,1.00
2016.07.12 18:50:50.591,8.42131,8.42456,1.50,1.00
2016.07.12 18:50:51.383,8.42131,8.42425,1.00,1.00
2016.07.12 18:50:51.910,8.42132,8.42425,1.00,1.00
2016.07.12 18:50:53.344,8.42132,8.42448,1.37,1.00
2016.07.12 18:50:56.017,8.42131,8.42424,1.37,1.00
2016.07.12 18:50:56.502,8.42131,8.42471,1.37,1.07
2016.07.12 18:50:56.797,8.42131,8.42448,1.37,1.00
2016.07.12 18:51:00.963,8.42132,8.42432,1.37,1.00
2016.07.12 18:51:01.667,8.42131,8.42438,1.37,1.00
2016.07.12 18:51:03.675,8.42132,8.42438,1.75,1.00
2016.07.12 18:51:07.907,8.42145,8.42437,1.37,1.00
2016.07.12 18:51:08.456,8.42145,8.42438,1.37,1.00
2016.07.12 18:51:10.765,8.42145,8.42438,1.75,1.00
2016.07.12 18:51:11.309,8.42145,8.42458,1.75,1.00
2016.07.12 18:51:11.410,8.42145,8.42454,1.75,1.00
2016.07.12 18:51:11.511,8.42145,8.42454,1.37,1.00
2016.07.12 18:51:12.914,8.42145,8.42458,1.37,1.00
2016.07.12 18:51:13.137,8.42132,8.42458,1.07,1.00
2016.07.12 18:51:13.188,8.42132,8.42449,1.07,1.00
2016.07.12 18:51:14.171,8.42131,8.42449,1.07,1.00
2016.07.12 18:51:15.110,8.42131,8.42437,1.07,1.00
2016.07.12 18:51:17.543,8.42133,8.42437,1.00,1.00
2016.07.12 18:51:19.089,8.42133,8.42438,1.00,1.00
2016.07.12 18:51:19.493,8.42133,8.42429,1.00,1.00
2016.07.12 18:51:21.654,8.42131,8.42429,1.00,1.00
2016.07.12 18:51:28.879,8.42131,8.42429,1.75,1.00
2016.07.12 18:51:28.930,8.42131,8.42445,1.75,1.00
2016.07.12 18:51:31.640,8.42131,8.42445,1.07,1.00
2016.07.12 18:51:32.825,8.42131,8.42445,1.75,1.00
2016.07.12 18:51:37.110,8.42133,8.42452,1.75,1.00
2016.07.12 18:51:38.762,8.42149,8.42474,1.37,1.00
2016.07.12 18:51:39.223,8.42158,8.42485,1.37,1.00
2016.07.12 18:51:39.274,8.42133,8.4249,1.75,1.00
2016.07.12 18:51:39.324,8.42172,8.4249,1.75,1.00
2016.07.12 18:51:39.400,8.42211,8.42508,1.75,1.00
2016.07.12 18:51:39.451,8.42211,8.42528,1.75,1.00
2016.07.12 18:51:39.618,8.42142,8.42535,1.75,1.00
2016.07.12 18:51:39.669,8.42149,8.42535,1.75,1.07
2016.07.12 18:51:39.767,8.42178,8.42505,1.07,1.00
2016.07.12 18:51:40.102,8.42178,8.42505,1.00,1.00
2016.07.12 18:51:40.152,8.42178,8.4249,1.00,1.00
2016.07.12 18:51:40.203,8.42156,8.42483,1.07,1.00
2016.07.12 18:51:40.463,8.42156,8.42469,1.07,1.00
2016.07.12 18:51:40.716,8.42156,8.42483,1.07,1.00
2016.07.12 18:51:43.025,8.42193,8.42483,2.10,1.00
2016.07.12 18:51:43.176,8.42225,8.42508,1.97,1.00
2016.07.12 18:51:43.227,8.42221,8.42508,1.35,1.00
2016.07.12 18:51:43.278,8.42221,8.42518,1.35,1.00
2016.07.12 18:51:43.379,8.42258,8.42558,1.60,1.37
2016.07.12 18:51:43.430,8.4226,8.42558,1.35,1.00
2016.07.12 18:51:43.697,8.42284,8.42568,1.35,1.00
2016.07.12 18:51:43.825,8.42258,8.42568,1.97,1.00
2016.07.12 18:51:44.266,8.42261,8.42558,1.35,1.00
2016.07.12 18:51:44.602,8.42202,8.4255,1.00,1.00
2016.07.12 18:51:44.653,8.42195,8.42508,1.00,1.00
2016.07.12 18:51:44.704,8.42188,8.42508,1.00,1.00
2016.07.12 18:51:44.805,8.42152,8.42508,1.50,1.00
2016.07.12 18:51:44.856,8.42152,8.42508,2.25,1.00
2016.07.12 18:51:45.023,8.42152,8.42528,1.75,1.07
2016.07.12 18:51:45.340,8.42193,8.4252,1.75,1.37
2016.07.12 18:51:45.925,8.42143,8.42491,1.75,1.00
2016.07.12 18:51:46.548,8.42162,8.42489,1.75,1.00
2016.07.12 18:51:47.502,8.42162,8.42489,1.75,1.00
2016.07.12 18:51:47.553,8.42162,8.42474,1.75,1.00
2016.07.12 18:51:48.578,8.42133,8.42474,1.75,1.00
2016.07.12 18:51:49.122,8.42146,8.42473,1.75,1.00
2016.07.12 18:51:51.341,8.42146,8.42473,1.07,1.00
2016.07.12 18:51:51.813,8.4222,8.42473,2.10,1.00
2016.07.12 18:51:51.914,8.42226,8.42518,1.60,1.10
2016.07.12 18:51:52.024,8.42235,8.42518,1.00,1.00
2016.07.12 18:51:52.075,8.42215,8.42501,1.00,1.00
2016.07.12 18:51:52.176,8.42192,8.42501,1.00,1.00
2016.07.12 18:51:52.278,8.4214,8.42466,1.07,1.00
2016.07.12 18:51:52.530,8.4214,8.42466,1.37,1.00
2016.07.12 18:51:53.405,8.4214,8.42466,1.07,1.00
2016.07.12 18:51:53.456,8.4214,8.42463,1.07,1.00
2016.07.12 18:51:54.359,8.42133,8.42474,1.57,1.57
2016.07.12 18:51:54.409,8.42133,8.42443,1.50,1.00
2016.07.12 18:51:54.460,8.42133,8.42474,1.00,1.37
2016.07.12 18:51:54.691,8.42132,8.42446,1.00,1.00
2016.07.12 18:51:55.060,8.42132,8.42446,1.00,1.12
2016.07.12 18:51:56.057,8.42132,8.4241,1.00,1.00
2016.07.12 18:51:56.760,8.42133,8.4241,1.00,1.00
2016.07.12 18:52:04.735,8.42133,8.42427,1.00,1.00
2016.07.12 18:52:04.871,8.42133,8.42429,1.00,1.00
2016.07.12 18:52:05.087,8.42133,8.42408,1.00,1.00
2016.07.12 18:52:05.609,8.42133,8.42429,1.00,1.00
2016.07.12 18:52:06.335,8.42132,8.42429,1.00,1.00
2016.07.12 18:52:10.673,8.42132,8.42401,1.00,1.00
2016.07.12 18:52:10.775,8.42132,8.42419,1.00,1.00
2016.07.12 18:52:10.826,8.42132,8.42419,1.00,1.07
2016.07.12 18:52:11.155,8.42132,8.42385,1.00,1.00
2016.07.12 18:52:31.404,8.42132,8.42363,1.00,1.00
2016.07.12 18:52:31.804,8.42132,8.424,1.00,1.00
2016.07.12 18:52:31.956,8.42132,8.42397,1.00,1.00
2016.07.12 18:52:32.037,8.42132,8.424,1.00,1.00
2016.07.12 18:52:32.697,8.42133,8.424,1.00,1.00
2016.07.12 18:52:35.293,8.42133,8.42407,1.00,1.07
2016.07.12 18:52:35.344,8.42133,8.42407,1.00,1.00
2016.07.12 18:52:35.397,8.42133,8.42385,1.00,1.00
2016.07.12 18:52:45.549,8.42133,8.42417,1.00,1.07
2016.07.12 18:52:45.650,8.42133,8.42411,1.00,1.00
2016.07.12 18:52:46.173,8.42132,8.42411,1.00,1.00
2016.07.12 18:52:54.208,8.42133,8.42438,1.00,1.07
2016.07.12 18:52:54.309,8.42133,8.42438,1.00,1.00
2016.07.12 18:52:55.638,8.42133,8.42442,1.00,1.00
2016.07.12 18:52:56.366,8.42132,8.42442,1.50,1.00
2016.07.12 18:52:58.186,8.42136,8.42442,1.00,1.00
2016.07.12 18:52:58.485,8.42132,8.42442,1.50,1.00
2016.07.12 18:53:01.857,8.42132,8.4245,1.50,1.00
2016.07.12 18:53:01.917,8.42132,8.42419,1.50,1.00
2016.07.12 18:53:02.359,8.42134,8.42419,1.00,1.00
2016.07.12 18:53:02.732,8.42134,8.42442,1.00,1.00
2016.07.12 18:53:02.833,8.42132,8.42442,1.50,1.00
2016.07.12 18:53:08.737,8.42132,8.42423,1.00,1.00
2016.07.12 18:53:10.197,8.42132,8.42443,1.00,1.00
2016.07.12 18:53:11.217,8.42132,8.42419,1.00,1.00
2016.07.12 18:53:11.987,8.42133,8.42419,1.00,1.00
2016.07.12 18:53:21.417,8.42133,8.42452,1.00,1.00
2016.07.12 18:53:21.477,8.42133,8.42445,1.00,1.00
2016.07.12 18:53:54.212,8.42152,8.42445,1.00,1.00
2016.07.12 18:53:59.777,8.42152,8.4247,1.00,1.37
2016.07.12 18:54:00.343,8.42166,8.4247,1.00,1.37
2016.07.12 18:54:00.394,8.42166,8.4247,1.00,1.00
2016.07.12 18:54:00.445,8.42166,8.42517,1.00,1.75
2016.07.12 18:54:00.546,8.42166,8.42517,1.00,1.37
2016.07.12 18:54:00.798,8.42166,8.42486,1.00,1.00
2016.07.12 18:54:02.655,8.42162,8.42486,1.00,1.07
2016.07.12 18:54:02.983,8.42162,8.42467,1.00,1.00
2016.07.12 18:54:09.087,8.42162,8.42449,1.00,1.00
2016.07.12 18:54:10.397,8.42172,8.42449,1.00,1.00
2016.07.12 18:54:15.477,8.42172,8.4247,1.00,1.00
2016.07.12 18:54:20.469,8.42162,8.4247,1.00,1.00
2016.07.12 18:54:30.360,8.42172,8.4247,1.00,1.00
2016.07.12 18:54:49.807,8.42172,8.42484,1.00,1.07
2016.07.12 18:54:50.766,8.42181,8.42484,1.00,1.07
2016.07.12 18:54:51.624,8.42181,8.42502,1.37,1.07
2016.07.12 18:55:20.862,8.42192,8.42508,1.00,1.37
2016.07.12 18:55:21.286,8.42192,8.42486,1.00,1.37
2016.07.12 18:55:27.495,8.42212,8.4254,1.00,1.75
2016.07.12 18:55:27.546,8.42221,8.4254,1.00,1.75
2016.07.12 18:55:27.597,8.42221,8.4254,1.00,1.37
2016.07.12 18:55:27.698,8.42192,8.4254,1.00,1.87
2016.07.12 18:55:27.748,8.42206,8.4254,1.00,1.37
2016.07.12 18:55:28.175,8.4221,8.42565,1.00,1.75
2016.07.12 18:55:28.553,8.4221,8.42518,1.00,1.07
2016.07.12 18:55:28.654,8.42193,8.42518,1.00,1.07
2016.07.12 18:55:28.900,8.42192,8.42493,1.00,1.00
2016.07.12 18:55:29.045,8.42192,8.42527,1.00,1.37
2016.07.12 18:55:29.116,8.42201,8.42527,1.00,1.37
2016.07.12 18:55:29.646,8.42221,8.42527,1.00,1.37
2016.07.12 18:55:29.697,8.42221,8.42577,1.00,1.75
2016.07.12 18:55:29.747,8.42242,8.42598,1.00,1.75
2016.07.12 18:55:29.798,8.42242,8.42598,1.00,1.75
2016.07.12 18:55:29.963,8.42267,8.4262,1.00,1.75
2016.07.12 18:55:30.165,8.42267,8.4262,1.00,1.75
2016.07.12 18:55:30.376,8.42235,8.42602,1.00,1.07
2016.07.12 18:55:30.477,8.42235,8.42602,1.00,1.75
2016.07.12 18:55:30.797,8.42236,8.42563,1.00,1.00
2016.07.12 18:55:31.251,8.42212,8.42537,1.07,1.00
2016.07.12 18:55:31.407,8.42212,8.42537,1.00,1.00
2016.07.12 18:55:31.459,8.42223,8.42537,1.00,1.00
2016.07.12 18:55:32.252,8.42212,8.42537,1.00,1.00
2016.07.12 18:55:32.432,8.42212,8.42537,1.07,1.00
2016.07.12 18:55:32.657,8.42227,8.42583,1.00,1.75
2016.07.12 18:55:32.735,8.42235,8.42562,1.00,1.07
2016.07.12 18:55:33.345,8.42227,8.42542,1.00,1.00
2016.07.12 18:55:33.395,8.42215,8.42542,1.07,1.00
2016.07.12 18:55:33.446,8.42215,8.42542,1.00,1.07
2016.07.12 18:55:35.870,8.42212,8.42518,1.00,1.00
2016.07.12 18:55:39.556,8.42212,8.42539,1.50,1.07
2016.07.12 18:55:40.283,8.42212,8.42531,1.50,1.00
2016.07.12 18:55:40.615,8.42212,8.42513,1.00,1.37
2016.07.12 18:55:40.717,8.42212,8.42515,1.00,1.00
2016.07.12 18:55:40.782,8.42212,8.42498,1.00,1.00
2016.07.12 18:55:44.795,8.42212,8.42518,1.00,1.00
2016.07.12 18:55:45.140,8.42212,8.42518,1.00,1.37
2016.07.12 18:55:46.423,8.42212,8.42518,1.00,1.00
2016.07.12 18:55:46.636,8.42212,8.42521,1.00,1.00
2016.07.12 18:55:47.823,8.42212,8.42526,1.00,1.07
2016.07.12 18:55:48.436,8.42212,8.42514,1.00,1.00
2016.07.12 18:55:49.373,8.42212,8.42514,1.00,1.37
2016.07.12 18:55:49.672,8.42191,8.42514,1.00,1.37
2016.07.12 18:55:49.922,8.42191,8.42514,1.07,1.00
2016.07.12 18:55:50.077,8.42211,8.42537,1.00,1.07
2016.07.12 18:55:50.415,8.4221,8.42537,1.00,1.75
2016.07.12 18:55:50.727,8.4221,8.42537,1.00,1.07
2016.07.12 18:55:53.074,8.42191,8.42518,1.07,1.00
2016.07.12 18:55:53.221,8.42191,8.42518,1.07,1.07
2016.07.12 18:55:53.776,8.42214,8.4254,1.00,1.75
2016.07.12 18:55:53.975,8.42214,8.4254,1.07,1.12
2016.07.12 18:56:01.889,8.42236,8.42563,1.00,1.75
2016.07.12 18:56:02.295,8.42249,8.42573,1.00,1.75
2016.07.12 18:56:02.396,8.42249,8.42573,1.00,1.75
2016.07.12 18:56:03.766,8.42233,8.4262,1.57,1.75
2016.07.12 18:56:03.817,8.4227,8.4263,1.00,1.75
2016.07.12 18:56:04.142,8.42292,8.4265,1.37,1.75
2016.07.12 18:56:05.014,8.42312,8.42674,1.75,1.75
2016.07.12 18:56:08.731,8.42336,8.42661,1.37,1.37
2016.07.12 18:56:09.832,8.42336,8.42661,1.75,1.37
2016.07.12 18:56:12.605,8.42342,8.42661,1.00,1.37
2016.07.12 18:56:12.955,8.42342,8.42667,1.00,1.75
2016.07.12 18:56:13.306,8.42342,8.42667,1.50,1.75
2016.07.12 18:56:17.888,8.42342,8.42668,2.25,1.37
2016.07.12 18:56:18.113,8.42342,8.42668,1.87,1.75
2016.07.12 18:56:23.372,8.42337,8.42664,1.75,1.75
2016.07.12 18:56:23.615,8.42337,8.42664,1.00,1.75
2016.07.12 18:56:23.886,8.42313,8.42668,1.37,1.75
2016.07.12 18:56:24.681,8.42313,8.42635,1.75,1.07
2016.07.12 18:56:25.034,8.42332,8.42657,1.75,1.37
2016.07.12 18:56:26.931,8.42332,8.42657,1.75,1.37
2016.07.12 18:56:27.119,8.42332,8.42657,1.12,1.37
2016.07.12 18:56:27.921,8.42332,8.4265,1.00,1.37
2016.07.12 18:56:28.421,8.42332,8.4265,1.07,1.37
2016.07.12 18:56:29.114,8.42332,8.4265,1.75,1.37
2016.07.12 18:56:30.164,8.42311,8.42628,1.75,1.00
2016.07.12 18:56:30.215,8.42311,8.42628,1.12,1.50
2016.07.12 18:56:32.711,8.42302,8.42616,1.07,1.75
2016.07.12 18:56:33.617,8.42302,8.42615,1.75,1.00
2016.07.12 18:56:33.803,8.42302,8.42646,1.75,1.07
2016.07.12 18:56:33.921,8.42302,8.42646,1.37,1.75
2016.07.12 18:56:34.802,8.42302,8.42609,1.07,1.37
2016.07.12 18:56:38.658,8.42302,8.42609,1.37,1.07
2016.07.12 18:56:38.871,8.42302,8.42609,1.00,1.37
2016.07.12 18:56:39.645,8.42302,8.42609,1.00,1.75
2016.07.12 18:56:39.866,8.42302,8.4259,1.00,1.10
2016.07.12 18:56:39.917,8.42292,8.4259,1.00,1.10
2016.07.12 18:56:40.124,8.42292,8.4259,1.75,1.00
2016.07.12 18:56:40.309,8.42292,8.42647,1.75,1.75
2016.07.12 18:56:40.885,8.42309,8.42636,1.00,1.75
2016.07.12 18:56:41.148,8.42292,8.42602,1.00,1.00
2016.07.12 18:56:41.198,8.42292,8.42602,1.00,1.07
2016.07.12 18:56:41.517,8.42292,8.42591,1.00,1.07
2016.07.12 18:56:41.825,8.423,8.42649,1.75,1.75
2016.07.12 18:56:42.391,8.42307,8.42634,1.00,1.75
2016.07.12 18:56:42.552,8.423,8.42611,1.00,1.37
2016.07.12 18:56:42.603,8.42292,8.42611,1.07,1.37
2016.07.12 18:56:42.654,8.42292,8.42611,1.00,1.37
2016.07.12 18:56:43.042,8.42292,8.426,1.07,1.07
2016.07.12 18:56:43.470,8.42307,8.42634,1.37,1.75
2016.07.12 18:56:43.952,8.42307,8.42634,1.00,1.75
2016.07.12 18:56:44.053,8.42292,8.42631,1.07,1.75
2016.07.12 18:56:44.154,8.42292,8.426,1.00,1.37
2016.07.12 18:56:44.371,8.42292,8.42629,1.07,1.75
2016.07.12 18:56:44.632,8.42292,8.42611,1.75,1.07
2016.07.12 18:56:45.596,8.42292,8.42616,1.07,1.37
2016.07.12 18:56:55.967,8.42292,8.42602,1.37,1.12
2016.07.12 18:56:56.302,8.42292,8.42602,1.75,1.07
2016.07.12 18:57:01.794,8.42276,8.42594,1.75,1.00
2016.07.12 18:57:01.861,8.42276,8.42594,1.37,1.00
2016.07.12 18:57:01.912,8.42276,8.42577,1.37,1.00
2016.07.12 18:57:02.037,8.42212,8.4256,1.75,1.37
2016.07.12 18:57:02.088,8.42212,8.4256,1.75,1.75
2016.07.12 18:57:16.386,8.42227,8.42554,1.75,1.07
2016.07.12 18:57:19.681,8.4225,8.42575,1.75,1.12
2016.07.12 18:57:19.940,8.4225,8.42575,1.07,1.37
2016.07.12 18:57:20.671,8.4225,8.42575,1.00,1.37
2016.07.12 18:57:20.834,8.42252,8.42556,1.00,1.07
2016.07.12 18:57:21.175,8.42265,8.42584,1.75,1.37
2016.07.12 18:57:21.500,8.42282,8.42635,1.75,1.75
2016.07.12 18:57:22.564,8.42325,8.42672,1.75,1.75
2016.07.12 18:57:22.870,8.42343,8.42687,1.75,1.75
2016.07.12 18:57:23.096,8.42339,8.42687,1.35,1.75
2016.07.12 18:57:23.831,8.4232,8.42647,1.75,1.00
2016.07.12 18:57:23.882,8.4232,8.42647,1.37,1.37
2016.07.12 18:57:24.098,8.4232,8.42647,1.75,1.37
2016.07.12 18:57:24.432,8.42337,8.42688,1.75,1.75
2016.07.12 18:57:24.892,8.42338,8.42663,1.75,1.75
2016.07.12 18:57:25.219,8.42338,8.42663,1.00,1.75
2016.07.12 18:57:25.440,8.4232,8.42633,1.07,1.37
2016.07.12 18:57:25.542,8.42308,8.42633,1.00,1.37
2016.07.12 18:57:25.593,8.42329,8.42656,1.00,1.75
2016.07.12 18:57:25.935,8.42329,8.42656,1.07,1.75
2016.07.12 18:57:26.313,8.42329,8.42656,1.75,1.75
2016.07.12 18:57:26.721,8.42329,8.42656,1.07,1.75
2016.07.12 18:57:26.986,8.42304,8.42631,1.07,1.07
2016.07.12 18:57:27.099,8.42328,8.42653,1.00,1.75
2016.07.12 18:57:27.436,8.42328,8.42653,1.07,1.75
2016.07.12 18:57:27.782,8.42335,8.42653,1.75,1.50
2016.07.12 18:57:28.101,8.42335,8.42653,1.75,1.12
2016.07.12 18:57:28.152,8.42328,8.42653,1.75,1.37
2016.07.12 18:57:30.712,8.42328,8.42651,1.75,1.75
2016.07.12 18:57:32.474,8.42314,8.42611,1.75,1.00
2016.07.12 18:57:32.577,8.42274,8.42611,1.75,1.00
2016.07.12 18:57:32.678,8.42274,8.42611,1.75,1.07
2016.07.12 18:57:36.581,8.42272,8.42596,1.75,1.00
2016.07.12 18:57:36.805,8.42272,8.42596,1.37,1.07
2016.07.12 18:57:40.714,8.42282,8.42631,1.37,1.37
2016.07.12 18:57:41.240,8.42299,8.42626,1.75,1.07
2016.07.12 18:57:42.781,8.42299,8.42626,1.07,1.12
2016.07.12 18:57:45.679,8.42292,8.42602,1.37,1.00
2016.07.12 18:57:45.986,8.42292,8.42602,1.00,1.37
2016.07.12 18:57:46.743,8.42292,8.42615,1.37,1.37
2016.07.12 18:57:46.992,8.42293,8.42615,1.75,1.12
2016.07.12 18:57:47.311,8.42293,8.42615,1.75,1.07
2016.07.12 18:57:48.401,8.42292,8.42612,1.07,1.37
2016.07.12 18:57:50.862,8.42292,8.42578,1.07,1.00
2016.07.12 18:57:51.037,8.42242,8.42593,1.75,1.10
2016.07.12 18:57:51.088,8.42242,8.42571,1.75,1.00
2016.07.12 18:57:51.290,8.42192,8.42535,1.75,1.07
2016.07.12 18:57:51.391,8.42192,8.42516,1.37,1.07
2016.07.12 18:57:51.991,8.42192,8.4251,1.37,1.00
2016.07.12 18:57:54.720,8.42192,8.42518,1.37,1.07
2016.07.12 18:57:54.771,8.42192,8.42518,1.75,1.07
2016.07.12 18:57:55.247,8.42196,8.42521,1.37,1.07
2016.07.12 18:57:55.297,8.42196,8.42501,1.37,1.00
2016.07.12 18:57:55.449,8.42192,8.42501,1.07,1.07
2016.07.12 18:57:56.117,8.42192,8.42501,1.00,1.75
2016.07.12 18:57:57.149,8.42193,8.42485,1.00,1.37
2016.07.12 18:57:57.319,8.42162,8.42485,1.07,1.37
2016.07.12 18:57:57.411,8.42162,8.42485,1.37,1.07
2016.07.12 18:57:58.852,8.42189,8.42501,1.00,1.50
2016.07.12 18:58:00.288,8.42162,8.42486,1.37,1.07
2016.07.12 18:58:00.491,8.42162,8.42501,1.00,1.75
2016.07.12 18:58:00.719,8.42183,8.42501,1.00,1.10
2016.07.12 18:58:00.948,8.42183,8.42508,1.07,1.37
2016.07.12 18:58:06.111,8.42183,8.42508,1.37,1.37
2016.07.12 18:58:10.216,8.42182,8.42501,1.00,1.75
2016.07.12 18:58:10.876,8.42182,8.4248,1.07,1.10
2016.07.12 18:58:11.217,8.42182,8.42499,1.00,1.75
2016.07.12 18:58:11.871,8.42182,8.42478,1.00,1.75
2016.07.12 18:58:12.068,8.42182,8.42478,1.00,1.37
2016.07.12 18:58:12.429,8.42182,8.42499,1.37,1.37
2016.07.12 18:58:13.070,8.42182,8.42499,1.00,1.75
2016.07.12 18:58:13.371,8.42182,8.42499,1.00,1.75
2016.07.12 18:58:13.590,8.42182,8.42477,1.00,1.37
2016.07.12 18:58:13.833,8.42182,8.42489,1.37,1.37
2016.07.12 18:58:14.821,8.42182,8.42481,1.00,1.75
2016.07.12 18:58:15.174,8.42182,8.42489,1.00,1.75
2016.07.12 18:58:15.376,8.42182,8.42489,1.07,1.37
2016.07.12 18:58:16.373,8.42182,8.42489,1.00,1.75
2016.07.12 18:58:16.575,8.42182,8.42495,1.00,1.75
2016.07.12 18:58:16.820,8.42185,8.425,1.00,1.75
2016.07.12 18:58:16.917,8.42182,8.42527,1.37,1.75
2016.07.12 18:58:17.775,8.42189,8.42516,1.75,1.37
2016.07.12 18:58:18.416,8.4217,8.42497,1.00,1.75
2016.07.12 18:58:18.576,8.4217,8.42497,1.75,1.00
2016.07.12 18:58:18.627,8.42181,8.42508,1.37,1.00
2016.07.12 18:58:18.881,8.42181,8.42508,1.75,1.12
2016.07.12 18:58:19.878,8.42181,8.42508,1.00,1.75
2016.07.12 18:58:19.929,8.42163,8.42519,1.07,2.25
2016.07.12 18:58:20.080,8.42163,8.42519,1.75,2.25
2016.07.12 18:58:20.242,8.42182,8.42507,1.75,1.00
2016.07.12 18:58:20.354,8.422,8.42519,1.87,1.07
2016.07.12 18:58:20.456,8.422,8.42541,1.75,1.07
2016.07.12 18:58:21.311,8.422,8.4251,1.07,1.07
2016.07.12 18:58:21.708,8.42206,8.42519,1.00,1.37
2016.07.12 18:58:21.871,8.42206,8.42533,1.37,1.07
2016.07.12 18:58:25.375,8.42206,8.42533,1.00,1.75
2016.07.12 18:58:25.712,8.42206,8.42533,1.37,1.37
2016.07.12 18:58:26.043,8.42206,8.42533,1.75,1.07
2016.07.12 18:58:26.790,8.42206,8.42533,1.00,1.75
2016.07.12 18:58:27.082,8.42178,8.42535,1.37,1.75
2016.07.12 18:58:27.133,8.42178,8.42535,1.75,1.37
2016.07.12 18:58:28.330,8.42201,8.42527,1.10,1.75
2016.07.12 18:58:28.589,8.422,8.42527,1.75,1.37
2016.07.12 18:58:29.014,8.422,8.42527,2.25,1.07
2016.07.12 18:58:36.922,8.42232,8.4255,1.75,1.37
2016.07.12 18:58:40.089,8.42248,8.42573,1.97,1.75
2016.07.12 18:58:40.669,8.42248,8.42573,1.60,1.75
2016.07.12 18:58:41.050,8.42248,8.42573,1.00,1.75
2016.07.12 18:58:41.101,8.42248,8.42573,1.00,1.75
2016.07.12 18:58:41.210,8.42222,8.42573,1.00,1.75
2016.07.12 18:58:41.310,8.42222,8.42573,1.37,1.75
2016.07.12 18:58:41.640,8.42245,8.42562,1.35,1.37
2016.07.12 18:58:42.630,8.42237,8.42562,1.67,1.75
2016.07.12 18:58:42.851,8.42243,8.42562,1.97,1.37
2016.07.12 18:58:46.579,8.42395,8.42588,1.00,1.75
2016.07.12 18:58:46.629,8.42395,8.42588,1.00,1.00
2016.07.12 18:58:46.680,8.42327,8.42588,1.00,1.00
2016.07.12 18:58:46.731,8.42327,8.42612,1.00,1.00
2016.07.12 18:58:46.782,8.42491,8.42612,2.10,1.00
2016.07.12 18:58:46.883,8.4264,8.42738,1.00,1.00
2016.07.12 18:58:46.984,8.42648,8.42868,1.00,1.00
2016.07.12 18:58:47.145,8.42597,8.42868,1.00,1.00
2016.07.12 18:58:47.402,8.42542,8.42868,1.75,1.00
2016.07.12 18:58:47.503,8.42542,8.42867,1.37,1.00
2016.07.12 18:58:48.264,8.42542,8.4285,1.37,1.00
2016.07.12 18:58:49.686,8.42544,8.42817,1.37,1.00
2016.07.12 18:58:49.795,8.42544,8.42817,1.00,1.00
2016.07.12 18:58:50.014,8.42544,8.42817,1.00,1.37
2016.07.12 18:58:50.115,8.42445,8.42792,1.00,1.00
2016.07.12 18:58:50.216,8.42395,8.42751,1.37,1.00
2016.07.12 18:58:50.368,8.42373,8.42797,1.35,1.00
2016.07.12 18:58:50.418,8.42373,8.42768,1.35,1.00
2016.07.12 18:58:50.469,8.42353,8.42768,1.35,1.00
2016.07.12 18:58:50.621,8.42353,8.42778,1.35,2.25
2016.07.12 18:58:50.919,8.42313,8.42778,1.07,3.00
2016.07.12 18:58:51.121,8.42313,8.42778,1.75,2.62
2016.07.12 18:58:51.533,8.42347,8.42701,1.00,1.00
2016.07.12 18:58:52.275,8.42349,8.42701,1.00,1.00
2016.07.12 18:58:52.974,8.42395,8.42701,1.00,1.00
2016.07.12 18:58:53.367,8.42416,8.42701,1.00,1.00
2016.07.12 18:58:53.418,8.42416,8.42725,1.00,1.00
2016.07.12 18:58:54.118,8.42416,8.42725,1.00,1.07
2016.07.12 18:58:54.196,8.42369,8.42725,1.00,1.07
2016.07.12 18:58:54.419,8.4235,8.42706,1.00,1.00
2016.07.12 18:58:54.513,8.42342,8.42694,1.10,1.00
2016.07.12 18:58:54.819,8.42389,8.42694,1.00,1.00
2016.07.12 18:58:55.111,8.42347,8.42694,1.07,1.07
2016.07.12 18:58:55.236,8.42378,8.42694,1.00,1.07
2016.07.12 18:58:55.696,8.424,8.42694,1.00,1.07
2016.07.12 18:58:55.907,8.42385,8.42694,1.00,1.07
2016.07.12 18:58:55.958,8.42385,8.42694,1.00,1.00
2016.07.12 18:58:56.056,8.42385,8.42694,1.37,1.00
2016.07.12 18:58:56.521,8.42383,8.42709,1.37,1.00
2016.07.12 18:58:56.666,8.42419,8.42709,1.00,1.00
2016.07.12 18:58:56.875,8.42419,8.42711,1.00,1.00
2016.07.12 18:58:57.059,8.42419,8.42711,1.00,1.07
2016.07.12 18:58:58.377,8.42419,8.42684,1.00,1.00
2016.07.12 18:58:58.722,8.42419,8.42708,1.00,1.07
2016.07.12 18:58:59.806,8.42404,8.42739,1.37,1.37
2016.07.12 18:59:00.032,8.42436,8.42748,1.00,1.50
2016.07.12 18:59:00.341,8.42436,8.4273,1.75,1.00
2016.07.12 18:59:00.392,8.42406,8.42754,1.75,1.00
2016.07.12 18:59:00.594,8.42412,8.42768,1.75,1.07
2016.07.12 18:59:00.934,8.42459,8.42768,1.75,1.00
2016.07.12 18:59:01.128,8.42459,8.42815,1.75,1.00
2016.07.12 18:59:01.397,8.42459,8.42815,1.75,1.37
2016.07.12 18:59:02.330,8.42499,8.42815,1.00,1.37
2016.07.12 18:59:03.446,8.42486,8.42832,1.07,1.75
2016.07.12 18:59:03.639,8.42512,8.42832,1.00,1.75
2016.07.12 18:59:03.860,8.42512,8.42812,1.00,1.00
2016.07.12 18:59:04.301,8.42512,8.42812,1.00,1.75
2016.07.12 18:59:04.454,8.42489,8.42804,1.00,1.75
2016.07.12 18:59:04.505,8.42448,8.42804,1.00,1.75
2016.07.12 18:59:04.606,8.42419,8.42788,1.37,1.37
2016.07.12 18:59:05.426,8.42471,8.42788,1.00,1.37
2016.07.12 18:59:05.666,8.42464,8.42807,1.07,1.00
2016.07.12 18:59:05.835,8.42505,8.42807,1.00,1.00
2016.07.12 18:59:06.183,8.42505,8.42807,1.00,1.75
2016.07.12 18:59:06.336,8.42471,8.42785,1.00,1.07
2016.07.12 18:59:06.602,8.42471,8.42762,1.00,1.00
2016.07.12 18:59:06.965,8.42471,8.42762,1.07,1.00
2016.07.12 18:59:07.137,8.42489,8.42777,1.00,1.00
2016.07.12 18:59:07.239,8.42489,8.42803,1.00,1.37
2016.07.12 18:59:07.838,8.42489,8.42803,1.00,1.75
2016.07.12 18:59:08.213,8.42465,8.42792,1.00,1.37
2016.07.12 18:59:08.312,8.42446,8.42803,1.07,1.75
2016.07.12 18:59:08.363,8.42446,8.42803,1.00,1.75
2016.07.12 18:59:08.823,8.42458,8.42784,1.00,1.75
2016.07.12 18:59:10.790,8.42458,8.42784,1.00,1.37
2016.07.12 18:59:10.910,8.42475,8.42784,1.00,1.37
2016.07.12 18:59:11.036,8.42457,8.42814,1.00,1.75
2016.07.12 18:59:11.365,8.42489,8.42807,1.00,1.75
2016.07.12 18:59:11.830,8.42489,8.42807,1.00,1.75
2016.07.12 18:59:11.891,8.42489,8.42807,1.00,1.75
2016.07.12 18:59:12.070,8.42466,8.42793,1.00,1.75
2016.07.12 18:59:12.121,8.42473,8.42793,1.00,1.75
2016.07.12 18:59:12.436,8.42489,8.42807,1.07,1.37
2016.07.12 18:59:12.746,8.42501,8.42807,1.00,1.37
2016.07.12 18:59:12.987,8.42474,8.42807,1.37,1.37
2016.07.12 18:59:13.038,8.42491,8.42807,1.75,1.07
2016.07.12 18:59:13.139,8.42507,8.42807,1.00,1.07
2016.07.12 18:59:13.508,8.42511,8.42807,1.00,1.07
2016.07.12 18:59:24.473,8.42473,8.42821,1.00,1.75
2016.07.12 18:59:24.582,8.42462,8.42821,1.00,1.75
2016.07.12 18:59:24.985,8.42481,8.42808,1.00,1.75
2016.07.12 18:59:25.725,8.42462,8.42822,1.00,1.75
2016.07.12 18:59:26.175,8.42465,8.42792,1.00,1.75
2016.07.12 18:59:28.421,8.42465,8.42792,1.00,1.75
2016.07.12 18:59:29.081,8.42465,8.42792,1.00,1.75
2016.07.12 18:59:29.306,8.42451,8.42798,1.00,1.75
2016.07.12 18:59:29.357,8.42429,8.42785,1.07,1.75
2016.07.12 18:59:29.646,8.42444,8.42771,1.00,1.75
2016.07.12 18:59:29.970,8.42444,8.42771,1.75,1.37
2016.07.12 18:59:30.319,8.42482,8.42794,1.00,1.75
2016.07.12 18:59:30.621,8.42482,8.42794,1.07,1.75
2016.07.12 18:59:31.184,8.42495,8.42797,1.00,1.75
2016.07.12 18:59:32.284,8.42495,8.42817,1.00,2.25
2016.07.12 18:59:32.386,8.42495,8.42808,1.00,1.50
2016.07.12 18:59:32.495,8.42476,8.42808,1.37,1.50
2016.07.12 18:59:32.596,8.42484,8.42808,1.07,1.50
2016.07.12 18:59:32.840,8.42484,8.42807,1.07,1.50
2016.07.12 18:59:33.186,8.42513,8.42808,1.00,1.50
2016.07.12 18:59:33.889,8.42513,8.42808,1.00,1.87
2016.07.12 18:59:36.010,8.42666,8.42829,1.50,1.37
2016.07.12 18:59:36.123,8.42665,8.42848,1.00,1.00
2016.07.12 18:59:36.224,8.42682,8.42898,1.00,1.66
2016.07.12 18:59:36.427,8.42712,8.43018,1.25,1.00
2016.07.12 18:59:36.528,8.42634,8.43018,1.61,1.00
2016.07.12 18:59:36.630,8.42712,8.43018,1.30,1.00
2016.07.12 18:59:36.732,8.42712,8.43018,1.15,1.00
2016.07.12 18:59:36.833,8.42712,8.43018,1.75,1.00
2016.07.12 18:59:36.934,8.42726,8.43188,1.75,1.00
2016.07.12 18:59:37.149,8.42732,8.43206,1.00,1.72
2016.07.12 18:59:37.453,8.42766,8.43206,1.00,1.72
2016.07.12 18:59:37.779,8.42766,8.43206,1.60,1.72
2016.07.12 18:59:37.830,8.42798,8.43238,1.00,1.22
2016.07.12 18:59:37.881,8.4289,8.43238,1.00,1.22
2016.07.12 18:59:38.033,8.42891,8.43238,1.00,1.00
2016.07.12 18:59:38.084,8.4291,8.43238,1.75,1.00
2016.07.12 18:59:38.202,8.42937,8.43258,1.07,1.00
2016.07.12 18:59:38.304,8.42913,8.43257,1.00,1.00
2016.07.12 18:59:38.355,8.42913,8.433,1.00,1.22
2016.07.12 18:59:38.406,8.42867,8.43308,1.75,1.22
2016.07.12 18:59:38.557,8.42867,8.43308,1.07,1.22
2016.07.12 18:59:38.660,8.42867,8.43308,1.75,1.22
2016.07.12 18:59:38.846,8.42842,8.43308,1.75,1.22
2016.07.12 18:59:39.099,8.42842,8.43308,1.75,1.22
2016.07.12 18:59:39.348,8.42945,8.43308,1.37,1.00
2016.07.12 18:59:39.398,8.42945,8.43308,1.75,1.00
2016.07.12 18:59:39.601,8.42945,8.43338,1.75,1.00
2016.07.12 18:59:39.854,8.42933,8.43338,1.75,1.22
2016.07.12 18:59:40.056,8.42908,8.43337,1.75,1.00
2016.07.12 18:59:40.407,8.42908,8.43338,1.75,1.00
2016.07.12 18:59:40.867,8.42915,8.43337,1.75,1.00
2016.07.12 18:59:41.384,8.4296,8.43368,1.75,1.00
2016.07.12 18:59:42.385,8.43026,8.43368,1.75,1.00
2016.07.12 18:59:42.835,8.4306,8.43368,1.00,1.00
2016.07.12 18:59:42.937,8.43045,8.43368,1.00,1.00
2016.07.12 18:59:42.991,8.43027,8.43367,1.07,1.00
2016.07.12 18:59:43.143,8.43027,8.43367,1.75,1.00
2016.07.12 18:59:43.891,8.43027,8.43376,1.75,1.00
2016.07.12 18:59:44.205,8.43027,8.43387,1.75,1.00
2016.07.12 18:59:44.357,8.43002,8.43388,1.37,1.00
2016.07.12 18:59:44.599,8.43022,8.43388,1.00,1.22
2016.07.12 18:59:44.901,8.43024,8.4338,1.00,1.00
2016.07.12 18:59:45.230,8.42972,8.43353,1.75,1.00
2016.07.12 18:59:45.532,8.4303,8.43381,1.75,1.00
2016.07.12 18:59:45.820,8.43042,8.43388,1.97,1.00
2016.07.12 18:59:46.932,8.43032,8.4338,1.75,1.00
2016.07.12 18:59:47.239,8.42987,8.43362,1.35,1.00
2016.07.12 18:59:47.795,8.42987,8.43361,1.35,1.00
2016.07.12 18:59:48.300,8.43026,8.43361,1.00,1.00
2016.07.12 18:59:48.401,8.42976,8.43339,1.35,1.00
2016.07.12 18:59:48.560,8.42975,8.43339,1.75,1.22
2016.07.12 18:59:48.661,8.42972,8.43321,1.00,1.00
2016.07.12 18:59:48.712,8.42972,8.43301,1.00,1.00
2016.07.12 18:59:48.915,8.42972,8.43322,1.37,1.00
2016.07.12 18:59:49.611,8.42972,8.43306,1.37,1.00
2016.07.12 18:59:49.867,8.42922,8.43272,1.75,1.00
2016.07.12 18:59:50.072,8.42922,8.43272,1.00,1.00
2016.07.12 18:59:50.173,8.42872,8.43255,1.00,1.00
2016.07.12 18:59:50.224,8.42872,8.43186,1.00,1.00
2016.07.12 18:59:50.419,8.42802,8.43156,1.00,1.00
2016.07.12 18:59:50.621,8.42802,8.43156,1.37,1.00
2016.07.12 18:59:51.327,8.42802,8.43136,1.37,1.00
2016.07.12 18:59:51.747,8.42802,8.43155,1.37,1.00
2016.07.12 18:59:52.119,8.42803,8.43113,1.37,1.00
2016.07.12 18:59:52.382,8.42802,8.43113,1.00,1.00
2016.07.12 18:59:52.433,8.42743,8.43095,1.75,1.00
2016.07.12 18:59:53.690,8.42753,8.43095,1.37,1.00
2016.07.12 18:59:53.945,8.4278,8.43095,1.00,1.00
2016.07.12 18:59:54.228,8.42745,8.43095,1.00,1.00
2016.07.12 18:59:54.973,8.42794,8.43095,1.00,1.00
2016.07.12 18:59:55.873,8.42817,8.43095,1.00,1.00
2016.07.12 18:59:55.923,8.42817,8.43118,1.00,1.37
