2014.06.30 17:00:00.400,6.13223,6.1333,1.00,1.32
2014.06.30 17:00:00.706,6.13233,6.1333,1.50,1.32
2014.06.30 17:00:01.010,6.13239,6.13352,1.00,1.94
2014.06.30 17:00:06.199,6.13239,6.13339,1.00,1.94
2014.06.30 17:00:08.708,6.13239,6.13348,1.00,1.19
2014.06.30 17:00:11.219,6.13239,6.13346,1.00,1.19
2014.06.30 17:00:13.531,6.13239,6.13345,1.00,1.19
2014.06.30 17:00:15.842,6.13239,6.13354,1.00,1.19
2014.06.30 17:00:16.675,6.13239,6.13334,1.00,1.19
2014.06.30 17:00:16.726,6.13231,6.13334,1.00,1.19
2014.06.30 17:00:16.969,6.13217,6.13334,1.00,1.19
2014.06.30 17:00:18.073,6.13217,6.13322,1.00,1.19
2014.06.30 17:00:20.070,6.13217,6.13316,1.00,1.19
2014.06.30 17:00:22.697,6.13217,6.13324,1.00,1.19
2014.06.30 17:00:25.337,6.13217,6.13325,1.00,1.19
2014.06.30 17:00:25.729,6.13209,6.13325,1.00,1.19
2014.06.30 17:00:25.931,6.13209,6.13307,1.00,1.00
2014.06.30 17:00:25.982,6.132,6.13307,1.00,1.00
2014.06.30 17:00:27.405,6.132,6.13307,1.00,1.19
2014.06.30 17:00:30.221,6.132,6.13307,1.00,1.19
2014.06.30 17:00:32.250,6.132,6.13307,1.00,1.00
2014.06.30 17:00:38.370,6.132,6.13328,1.00,1.19
2014.06.30 17:00:38.923,6.132,6.13308,1.00,1.00
2014.06.30 17:00:39.075,6.132,6.13328,1.00,1.69
2014.06.30 17:00:39.127,6.13192,6.13328,1.50,1.69
2014.06.30 17:00:39.279,6.13191,6.1332,1.00,1.19
2014.06.30 17:00:39.751,6.13186,6.1332,1.00,1.19
2014.06.30 17:00:41.673,6.13186,6.13305,1.00,1.19
2014.06.30 17:00:44.585,6.13186,6.133,1.00,1.19
2014.06.30 17:00:46.731,6.13186,6.13296,1.00,1.19
2014.06.30 17:00:47.186,6.13186,6.13275,1.00,1.19
2014.06.30 17:00:47.243,6.13182,6.13275,1.00,1.19
2014.06.30 17:00:47.340,6.13177,6.13275,1.00,1.19
2014.06.30 17:00:49.893,6.13168,6.13276,1.00,1.19
2014.06.30 17:00:51.824,6.13168,6.13277,1.00,1.19
2014.06.30 17:00:54.433,6.13168,6.13275,1.00,1.19
2014.06.30 17:00:56.943,6.13168,6.13276,1.00,1.19
2014.06.30 17:00:57.670,6.13168,6.13288,1.00,1.19
2014.06.30 17:00:57.822,6.13173,6.13293,1.00,1.19
2014.06.30 17:00:58.158,6.13183,6.13293,1.00,1.19
2014.06.30 17:00:58.263,6.13177,6.13293,1.00,1.19
2014.06.30 17:00:58.555,6.13177,6.13286,1.00,1.19
2014.06.30 17:00:59.378,6.13173,6.13286,1.00,1.19
2014.06.30 17:01:01.296,6.13173,6.13272,1.00,1.19
2014.06.30 17:01:03.481,6.13173,6.13273,1.00,1.19
2014.06.30 17:01:07.095,6.13173,6.13285,1.00,1.19
2014.06.30 17:01:07.306,6.13168,6.13285,1.00,1.19
2014.06.30 17:01:09.707,6.13168,6.13279,1.00,1.19
2014.06.30 17:01:12.115,6.13168,6.13279,1.00,1.19
2014.06.30 17:01:14.926,6.13168,6.13278,1.00,1.19
2014.06.30 17:01:21.863,6.13168,6.13276,1.00,1.19
2014.06.30 17:01:24.692,6.13168,6.13267,1.00,1.19
2014.06.30 17:01:29.295,6.13168,6.13265,1.00,1.19
2014.06.30 17:01:30.688,6.13159,6.13265,1.00,1.19
2014.06.30 17:01:31.405,6.13159,6.13272,1.00,1.19
2014.06.30 17:01:32.370,6.1317,6.13272,1.00,1.19
2014.06.30 17:01:32.572,6.13161,6.13272,1.00,1.19
2014.06.30 17:01:32.989,6.13159,6.13272,1.00,1.19
2014.06.30 17:01:33.247,6.13148,6.13272,1.00,1.19
2014.06.30 17:01:33.918,6.13148,6.13266,1.00,1.19
2014.06.30 17:01:34.206,6.13135,6.13259,1.00,1.19
2014.06.30 17:01:34.359,6.13139,6.13259,1.00,1.19
2014.06.30 17:01:36.128,6.13139,6.13258,1.00,1.19
2014.06.30 17:01:38.840,6.13139,6.13256,1.00,1.19
2014.06.30 17:01:41.351,6.13142,6.13257,1.00,1.19
2014.06.30 17:01:43.194,6.13142,6.13255,1.00,1.19
2014.06.30 17:01:48.681,6.13142,6.13258,1.00,1.19
2014.06.30 17:01:52.534,6.13142,6.13259,1.00,1.19
2014.06.30 17:01:54.702,6.13142,6.13259,1.00,1.19
2014.06.30 17:01:57.310,6.13142,6.13259,1.00,1.19
2014.06.30 17:01:59.516,6.13142,6.13261,1.00,1.19
2014.06.30 17:02:00.993,6.13137,6.13261,1.00,1.19
2014.06.30 17:02:01.827,6.13137,6.13252,1.00,1.19
2014.06.30 17:02:03.834,6.13137,6.13248,1.00,1.19
2014.06.30 17:02:05.943,6.13137,6.13247,1.00,1.19
2014.06.30 17:02:06.258,6.13137,6.13267,1.00,1.19
2014.06.30 17:02:06.315,6.13142,6.13267,1.00,1.19
2014.06.30 17:02:06.366,6.13142,6.13277,1.00,1.00
2014.06.30 17:02:06.417,6.13142,6.13301,1.00,1.39
2014.06.30 17:02:06.620,6.13195,6.13304,1.00,1.19
2014.06.30 17:02:07.459,6.13195,6.13299,1.00,1.19
2014.06.30 17:02:09.997,6.13189,6.13299,1.00,1.19
2014.06.30 17:02:10.201,6.13189,6.13303,1.00,1.19
2014.06.30 17:02:12.378,6.13189,6.13304,1.00,1.19
2014.06.30 17:02:14.891,6.13189,6.13304,1.00,1.19
2014.06.30 17:02:17.100,6.13189,6.13304,1.00,1.19
2014.06.30 17:02:20.311,6.13189,6.13304,1.00,1.19
2014.06.30 17:02:22.660,6.13195,6.13302,1.00,1.19
2014.06.30 17:02:23.327,6.13195,6.133,1.00,1.19
2014.06.30 17:02:25.805,6.13195,6.13297,1.00,1.19
2014.06.30 17:02:27.122,6.13195,6.13302,1.00,1.00
2014.06.30 17:02:27.173,6.13199,6.13317,1.00,1.57
2014.06.30 17:02:27.482,6.13207,6.13317,1.00,1.57
2014.06.30 17:02:29.622,6.13207,6.13323,1.00,1.69
2014.06.30 17:02:33.328,6.13205,6.13323,1.00,1.19
2014.06.30 17:02:36.081,6.13205,6.13323,1.00,1.19
2014.06.30 17:02:39.160,6.13205,6.13323,1.00,1.19
2014.06.30 17:02:41.771,6.13205,6.13318,1.00,1.19
2014.06.30 17:02:43.983,6.13205,6.13318,1.00,1.19
2014.06.30 17:02:46.093,6.13205,6.13318,1.00,1.19
2014.06.30 17:02:48.205,6.13205,6.13318,1.00,1.19
2014.06.30 17:02:50.159,6.1321,6.13318,1.00,1.19
2014.06.30 17:02:53.123,6.1321,6.13318,1.00,1.19
2014.06.30 17:02:56.433,6.13202,6.13322,1.00,1.19
2014.06.30 17:02:57.201,6.13202,6.13307,1.00,1.00
2014.06.30 17:02:57.252,6.13197,6.13307,1.00,1.00
2014.06.30 17:02:58.957,6.13197,6.13307,1.00,1.19
2014.06.30 17:02:59.770,6.13193,6.13308,1.00,1.19
2014.06.30 17:03:02.671,6.13193,6.13299,1.00,1.19
2014.06.30 17:03:04.542,6.13187,6.13299,1.00,1.19
2014.06.30 17:03:06.100,6.13184,6.13299,1.00,1.69
2014.06.30 17:03:07.546,6.13184,6.13299,1.00,1.19
2014.06.30 17:03:10.019,6.13184,6.13299,1.00,1.19
2014.06.30 17:03:16.407,6.13187,6.13298,1.00,1.19
2014.06.30 17:03:16.845,6.13187,6.13284,1.00,1.19
2014.06.30 17:03:19.358,6.13187,6.13282,1.00,1.19
2014.06.30 17:03:21.466,6.13187,6.13286,1.00,1.19
2014.06.30 17:03:21.898,6.13178,6.13286,1.00,1.19
2014.06.30 17:03:23.978,6.13178,6.13285,1.00,1.19
2014.06.30 17:03:25.309,6.1317,6.13285,1.00,1.19
2014.06.30 17:03:26.609,6.1317,6.13278,1.00,1.19
2014.06.30 17:03:26.711,6.13186,6.1329,1.00,1.19
2014.06.30 17:03:27.398,6.13184,6.1329,1.00,1.19
2014.06.30 17:03:27.618,6.13175,6.1329,1.00,1.19
2014.06.30 17:03:28.908,6.13175,6.13302,1.00,1.39
2014.06.30 17:03:28.959,6.13183,6.13302,1.00,1.39
2014.06.30 17:03:30.240,6.13183,6.13298,1.00,1.00
2014.06.30 17:03:30.858,6.13175,6.13298,1.00,1.00
2014.06.30 17:03:31.020,6.13175,6.13298,1.00,1.19
2014.06.30 17:03:33.127,6.13175,6.13298,1.00,1.19
2014.06.30 17:03:35.234,6.13175,6.13298,1.00,1.19
2014.06.30 17:03:38.488,6.13175,6.13278,1.00,1.00
2014.06.30 17:03:38.539,6.13169,6.13278,1.00,1.00
2014.06.30 17:03:38.741,6.13162,6.13278,1.00,1.00
2014.06.30 17:03:38.990,6.13162,6.13288,1.00,1.00
2014.06.30 17:03:39.828,6.13166,6.13288,1.00,1.00
2014.06.30 17:03:40.291,6.1316,6.13288,1.00,1.00
2014.06.30 17:03:40.488,6.13165,6.13288,1.00,1.00
2014.06.30 17:03:43.590,6.13158,6.13288,1.00,1.00
2014.06.30 17:03:44.374,6.13158,6.13288,1.00,1.69
2014.06.30 17:03:44.593,6.13152,6.13278,1.00,1.19
2014.06.30 17:03:45.224,6.13148,6.13277,1.00,1.39
2014.06.30 17:03:45.899,6.13148,6.13267,1.00,1.00
2014.06.30 17:03:46.003,6.13144,6.13267,1.00,1.00
2014.06.30 17:03:47.558,6.13147,6.13267,1.00,1.00
2014.06.30 17:03:50.749,6.13149,6.13277,1.00,1.39
2014.06.30 17:03:51.405,6.13149,6.1327,1.00,1.19
2014.06.30 17:03:53.237,6.13148,6.1327,1.00,1.19
2014.06.30 17:03:53.719,6.13148,6.13275,1.00,1.19
2014.06.30 17:03:54.132,6.13148,6.13277,1.00,1.20
2014.06.30 17:03:54.234,6.13152,6.13277,1.00,1.20
2014.06.30 17:03:54.537,6.13166,6.13277,1.00,1.20
2014.06.30 17:03:54.915,6.13167,6.13295,1.00,1.19
2014.06.30 17:03:55.947,6.13166,6.13295,1.00,1.19
2014.06.30 17:03:56.537,6.13166,6.13292,1.00,1.19
2014.06.30 17:03:57.118,6.13167,6.13292,1.00,1.19
2014.06.30 17:03:58.646,6.13167,6.13296,1.00,1.19
2014.06.30 17:04:02.559,6.13167,6.13297,1.00,1.00
2014.06.30 17:04:05.806,6.13167,6.13298,1.00,1.00
2014.06.30 17:04:05.908,6.13168,6.13302,1.00,1.39
2014.06.30 17:04:06.617,6.13172,6.13302,1.00,1.39
2014.06.30 17:04:07.474,6.13172,6.13302,1.00,1.20
2014.06.30 17:04:12.134,6.13167,6.13302,1.00,1.20
2014.06.30 17:04:12.890,6.13167,6.13302,1.00,1.39
2014.06.30 17:04:15.501,6.13167,6.13308,1.00,1.39
2014.06.30 17:04:16.329,6.13163,6.13305,1.00,1.19
2014.06.30 17:04:16.538,6.13156,6.13305,1.00,1.19
2014.06.30 17:04:16.814,6.13156,6.13305,1.00,1.19
2014.06.30 17:04:17.256,6.1316,6.13305,1.00,1.19
2014.06.30 17:04:19.216,6.1316,6.13305,1.00,1.69
2014.06.30 17:04:20.369,6.13155,6.13305,1.00,1.69
2014.06.30 17:04:21.331,6.13155,6.13305,1.00,1.19
2014.06.30 17:04:21.932,6.13165,6.13307,1.00,1.19
2014.06.30 17:04:22.498,6.13162,6.13308,1.00,2.59
2014.06.30 17:04:24.352,6.13162,6.13301,1.00,1.19
2014.06.30 17:04:26.787,6.1316,6.13301,1.00,1.19
2014.06.30 17:04:27.262,6.1316,6.13301,1.00,1.19
2014.06.30 17:04:28.727,6.13165,6.13301,1.00,1.19
2014.06.30 17:04:29.575,6.13165,6.13308,1.00,2.59
2014.06.30 17:04:34.200,6.13165,6.13308,1.00,2.59
2014.06.30 17:04:36.509,6.13165,6.13302,1.00,1.39
2014.06.30 17:04:36.868,6.13171,6.13302,1.00,1.39
2014.06.30 17:04:37.222,6.13167,6.13302,1.00,1.39
2014.06.30 17:04:41.728,6.13167,6.13302,1.00,1.20
2014.06.30 17:04:46.950,6.13167,6.13302,1.00,1.39
2014.06.30 17:04:49.558,6.13167,6.13302,1.00,1.39
2014.06.30 17:04:52.068,6.13167,6.13302,1.00,1.39
2014.06.30 17:04:54.075,6.13167,6.13302,1.00,1.39
2014.06.30 17:04:57.381,6.13167,6.13302,1.00,1.39
2014.06.30 17:05:00.289,6.13167,6.13302,1.00,1.39
2014.06.30 17:05:01.867,6.13166,6.13302,1.00,1.39
2014.06.30 17:05:02.401,6.13166,6.13302,1.00,1.39
2014.06.30 17:05:05.231,6.13166,6.13302,1.00,1.39
2014.06.30 17:05:05.841,6.13167,6.13302,1.00,1.39
2014.06.30 17:05:06.321,6.13167,6.13302,1.00,1.20
2014.06.30 17:05:07.729,6.13166,6.13302,1.00,1.20
2014.06.30 17:05:10.034,6.13166,6.13302,1.00,1.39
2014.06.30 17:05:12.438,6.13166,6.13302,1.00,1.20
2014.06.30 17:05:14.552,6.13166,6.13302,1.00,1.39
2014.06.30 17:05:16.659,6.13166,6.13302,1.00,1.20
2014.06.30 17:05:29.406,6.13168,6.13302,1.00,1.20
2014.06.30 17:05:29.728,6.13166,6.13302,1.00,1.20
2014.06.30 17:05:31.477,6.13167,6.13302,1.00,1.20
2014.06.30 17:05:33.026,6.13166,6.13302,1.00,1.20
2014.06.30 17:05:35.047,6.13166,6.13302,1.00,1.39
2014.06.30 17:05:35.418,6.13164,6.13302,1.00,1.39
2014.06.30 17:05:36.737,6.13168,6.13304,1.00,1.84
2014.06.30 17:05:37.244,6.13168,6.13304,1.00,1.84
2014.06.30 17:05:39.651,6.13168,6.13304,1.00,1.84
2014.06.30 17:05:44.778,6.13168,6.13304,1.00,1.84
2014.06.30 17:05:46.987,6.13168,6.13304,1.00,2.59
2014.06.30 17:05:47.754,6.13162,6.13304,1.00,2.59
2014.06.30 17:05:48.068,6.13153,6.13294,1.00,1.19
2014.06.30 17:05:49.227,6.13153,6.13289,1.00,1.19
2014.06.30 17:05:51.210,6.13153,6.13293,1.00,1.19
2014.06.30 17:05:52.357,6.13149,6.13293,1.00,1.19
2014.06.30 17:05:53.491,6.13145,6.13287,1.00,1.69
2014.06.30 17:05:53.542,6.13145,6.13275,1.00,1.20
2014.06.30 17:05:54.081,6.13145,6.13275,1.00,1.39
2014.06.30 17:05:56.034,6.13145,6.13275,1.00,1.39
2014.06.30 17:06:01.086,6.13145,6.13275,1.00,1.39
2014.06.30 17:06:03.171,6.13145,6.13275,1.00,1.39
2014.06.30 17:06:12.504,6.13145,6.13275,1.00,1.39
2014.06.30 17:06:16.826,6.13145,6.13275,1.00,1.39
2014.06.30 17:06:19.332,6.13145,6.13275,1.00,1.20
2014.06.30 17:06:30.529,6.13142,6.13275,1.00,1.20
2014.06.30 17:06:34.176,6.13142,6.13277,1.00,1.20
2014.06.30 17:06:35.928,6.13124,6.13277,1.00,1.20
2014.06.30 17:06:46.116,6.1311,6.13277,1.19,1.20
2014.06.30 17:06:46.396,6.1311,6.13268,1.19,1.50
2014.06.30 17:06:46.700,6.13105,6.13264,1.00,1.19
2014.06.30 17:06:48.757,6.13108,6.13264,1.00,1.19
2014.06.30 17:06:49.268,6.13108,6.13277,1.00,1.39
2014.06.30 17:06:52.375,6.13108,6.13277,1.00,1.39
2014.06.30 17:06:54.311,6.13108,6.13261,1.00,1.20
2014.06.30 17:07:12.910,6.13108,6.13261,1.19,1.20
2014.06.30 17:07:14.976,6.13108,6.13262,1.19,1.20
2014.06.30 17:07:15.822,6.13108,6.13262,1.19,1.20
2014.06.30 17:07:19.348,6.13108,6.13262,1.19,1.20
2014.06.30 17:07:22.243,6.13108,6.13262,1.00,1.20
2014.06.30 17:07:25.495,6.13117,6.13262,1.00,1.20
2014.06.30 17:07:30.135,6.1312,6.13262,1.00,1.20
2014.06.30 17:07:30.438,6.13153,6.13262,1.00,1.20
2014.06.30 17:07:30.539,6.13153,6.13293,1.00,1.39
2014.06.30 17:07:31.396,6.13153,6.13293,1.00,1.20
2014.06.30 17:07:31.447,6.13161,6.13293,1.00,1.20
2014.06.30 17:07:31.732,6.13164,6.13314,1.00,1.19
2014.06.30 17:07:31.893,6.13168,6.13314,1.00,1.19
2014.06.30 17:07:32.553,6.13172,6.13314,1.00,1.19
2014.06.30 17:07:33.684,6.13172,6.13314,1.00,1.00
2014.06.30 17:07:33.872,6.13162,6.13314,1.00,1.00
2014.06.30 17:07:34.193,6.13164,6.13314,1.00,1.00
2014.06.30 17:07:36.196,6.13164,6.13314,1.00,1.19
2014.06.30 17:07:38.703,6.13164,6.13314,1.00,1.19
2014.06.30 17:07:41.922,6.13164,6.13314,1.00,1.00
2014.06.30 17:07:52.855,6.13164,6.13314,1.00,1.19
2014.06.30 17:07:54.999,6.13164,6.13315,1.00,1.39
2014.06.30 17:07:57.571,6.13164,6.13315,1.00,1.39
2014.06.30 17:08:00.713,6.13173,6.13315,1.00,1.20
2014.06.30 17:08:01.017,6.13209,6.1334,1.00,1.19
2014.06.30 17:08:03.800,6.13209,6.13343,1.00,1.39
2014.06.30 17:08:09.319,6.13209,6.13343,1.00,1.39
2014.06.30 17:08:12.027,6.13209,6.13343,1.00,1.09
2014.06.30 17:08:13.224,6.13212,6.13343,1.00,1.09
2014.06.30 17:08:20.044,6.13251,6.13343,1.00,1.09
2014.06.30 17:08:20.246,6.13251,6.13363,1.00,1.20
2014.06.30 17:08:20.297,6.13251,6.1337,1.00,1.20
2014.06.30 17:08:20.398,6.13257,6.13383,1.00,1.19
2014.06.30 17:08:20.700,6.13282,6.13401,1.00,1.20
2014.06.30 17:08:21.294,6.13283,6.13401,1.00,1.20
2014.06.30 17:08:21.409,6.13286,6.13401,1.00,1.20
2014.06.30 17:08:21.460,6.13286,6.13408,1.00,1.19
2014.06.30 17:08:21.612,6.133,6.13417,1.00,1.19
2014.06.30 17:08:21.865,6.133,6.13418,1.00,1.00
2014.06.30 17:08:22.258,6.13302,6.13418,1.00,1.00
2014.06.30 17:08:22.648,6.13337,6.13446,1.00,1.84
2014.06.30 17:08:22.700,6.13337,6.13456,1.00,1.20
2014.06.30 17:08:22.801,6.13342,6.13456,1.00,1.20
2014.06.30 17:08:23.137,6.13345,6.13456,1.00,1.20
2014.06.30 17:08:23.463,6.13347,6.13456,1.00,1.20
2014.06.30 17:08:23.796,6.13353,6.13456,1.00,1.20
2014.06.30 17:08:24.248,6.13354,6.13476,1.00,1.39
2014.06.30 17:08:24.576,6.13355,6.13467,1.00,1.00
2014.06.30 17:08:24.911,6.13362,6.13468,1.00,1.00
2014.06.30 17:08:25.430,6.13363,6.13468,1.00,1.00
2014.06.30 17:08:25.695,6.13389,6.13498,1.00,1.00
2014.06.30 17:08:25.873,6.13391,6.13498,1.00,1.00
2014.06.30 17:08:26.563,6.13396,6.13498,1.00,1.00
2014.06.30 17:08:26.874,6.13397,6.13507,1.00,1.20
2014.06.30 17:08:27.660,6.13401,6.13507,1.00,1.20
2014.06.30 17:08:27.838,6.13401,6.13518,1.00,1.00
2014.06.30 17:08:27.889,6.13406,6.13518,1.00,1.00
2014.06.30 17:08:28.420,6.13407,6.13518,1.00,1.00
2014.06.30 17:08:28.729,6.1341,6.13508,1.00,1.00
2014.06.30 17:08:29.077,6.13413,6.13507,1.00,1.00
2014.06.30 17:08:29.332,6.13414,6.13531,1.00,1.20
2014.06.30 17:08:29.534,6.13424,6.13531,1.00,1.20
2014.06.30 17:08:29.843,6.13425,6.13528,1.00,1.00
2014.06.30 17:08:30.183,6.13432,6.13528,1.00,1.00
2014.06.30 17:08:30.428,6.13433,6.13557,1.00,1.20
2014.06.30 17:08:30.530,6.13462,6.13557,1.00,1.20
2014.06.30 17:08:30.681,6.13462,6.13593,1.00,1.20
2014.06.30 17:08:30.732,6.13464,6.13593,1.00,1.20
2014.06.30 17:08:31.105,6.13472,6.13588,1.00,1.00
2014.06.30 17:08:31.604,6.13472,6.13593,1.00,1.20
2014.06.30 17:08:31.840,6.13476,6.13593,1.00,1.20
2014.06.30 17:08:32.152,6.13479,6.13593,1.00,1.20
2014.06.30 17:08:32.830,6.13483,6.13593,1.00,1.20
2014.06.30 17:08:32.982,6.13483,6.13598,1.00,1.00
2014.06.30 17:08:33.133,6.13483,6.13608,1.00,1.00
2014.06.30 17:08:33.184,6.13425,6.13608,1.00,1.00
2014.06.30 17:08:33.285,6.13425,6.13588,1.00,1.00
2014.06.30 17:08:33.387,6.13422,6.13606,1.20,1.00
2014.06.30 17:08:33.574,6.13422,6.13608,1.20,1.00
2014.06.30 17:08:33.793,6.13422,6.13588,1.20,1.00
2014.06.30 17:08:34.134,6.13422,6.13598,1.20,1.00
2014.06.30 17:08:34.784,6.13422,6.13588,1.20,1.00
2014.06.30 17:08:35.241,6.13401,6.13588,1.20,1.00
2014.06.30 17:08:35.933,6.134,6.13588,1.00,1.00
2014.06.30 17:08:36.340,6.13398,6.13588,1.00,1.00
2014.06.30 17:08:37.892,6.13394,6.13587,1.65,1.00
2014.06.30 17:08:38.320,6.13398,6.13588,1.00,1.00
2014.06.30 17:08:39.525,6.13398,6.13577,1.00,1.00
2014.06.30 17:08:39.641,6.13394,6.13588,1.20,1.50
2014.06.30 17:08:46.443,6.13398,6.13588,1.00,1.00
2014.06.30 17:08:48.547,6.13406,6.13588,1.00,1.00
2014.06.30 17:08:48.648,6.13406,6.13591,1.00,1.20
2014.06.30 17:08:48.755,6.13415,6.13591,1.00,1.20
2014.06.30 17:08:49.552,6.13422,6.13591,1.00,1.20
2014.06.30 17:08:52.315,6.13422,6.13588,1.00,1.00
2014.06.30 17:09:15.842,6.1342,6.13518,1.00,1.00
2014.06.30 17:09:16.045,6.13352,6.13508,1.00,1.00
2014.06.30 17:09:16.247,6.13348,6.13508,1.00,1.00
2014.06.30 17:09:16.300,6.13348,6.13507,1.00,1.19
2014.06.30 17:09:16.413,6.13302,6.13467,1.19,1.20
2014.06.30 17:09:16.565,6.13295,6.1344,1.19,1.20
2014.06.30 17:09:17.288,6.13293,6.1344,1.19,1.20
2014.06.30 17:09:17.630,6.13272,6.13437,1.19,1.00
2014.06.30 17:09:17.732,6.13247,6.13427,1.19,1.00
2014.06.30 17:09:17.783,6.13247,6.13412,1.19,1.20
2014.06.30 17:09:17.856,6.13247,6.13412,1.00,1.20
2014.06.30 17:09:17.908,6.13221,6.13406,1.69,1.00
2014.06.30 17:09:18.009,6.13221,6.13386,1.19,1.20
2014.06.30 17:09:18.509,6.13216,6.13386,1.00,1.20
2014.06.30 17:09:18.810,6.13201,6.13386,1.00,1.20
2014.06.30 17:09:18.911,6.13192,6.13366,1.19,1.00
2014.06.30 17:09:19.215,6.13159,6.13336,1.19,1.20
2014.06.30 17:09:19.318,6.13157,6.13336,1.00,1.09
2014.06.30 17:09:19.916,6.13162,6.13336,1.00,1.09
2014.06.30 17:09:20.585,6.13157,6.13336,1.00,1.09
2014.06.30 17:09:21.550,6.13162,6.13336,1.00,1.39
2014.06.30 17:09:24.834,6.13163,6.13336,1.00,1.39
2014.06.30 17:09:25.371,6.13163,6.13312,1.00,1.20
2014.06.30 17:09:30.557,6.13162,6.13312,1.00,1.20
2014.06.30 17:09:43.532,6.13149,6.13312,1.00,1.20
2014.06.30 17:09:43.897,6.13143,6.13312,1.00,1.20
2014.06.30 17:09:44.048,6.13143,6.13278,1.00,1.20
2014.06.30 17:09:44.099,6.13136,6.13278,1.19,1.20
2014.06.30 17:09:45.404,6.13122,6.13278,1.19,1.20
2014.06.30 17:09:50.042,6.13116,6.13278,1.00,1.20
2014.06.30 17:09:52.552,6.13122,6.13278,1.00,1.20
2014.06.30 17:10:04.325,6.13122,6.13277,1.00,1.20
2014.06.30 17:10:24.940,6.13122,6.13281,1.00,1.20
2014.06.30 17:10:26.216,6.13142,6.13281,1.00,1.20
2014.06.30 17:10:35.597,6.13122,6.13281,1.00,1.20
2014.06.30 17:10:36.033,6.13142,6.13281,1.00,1.20
2014.06.30 17:10:42.086,6.13122,6.1325,1.00,1.00
2014.06.30 17:10:42.338,6.13077,6.13238,1.00,1.20
2014.06.30 17:10:42.389,6.13115,6.13219,1.00,1.20
2014.06.30 17:10:42.642,6.13087,6.13219,1.00,1.09
2014.06.30 17:10:42.822,6.13083,6.13219,1.00,1.09
2014.06.30 17:10:43.538,6.13083,6.13212,1.00,1.19
2014.06.30 17:10:43.639,6.13041,6.13187,1.00,1.50
2014.06.30 17:10:43.841,6.13039,6.13156,1.00,1.20
2014.06.30 17:10:44.044,6.13013,6.13156,1.00,1.20
2014.06.30 17:10:44.592,6.13013,6.13152,1.00,1.20
2014.06.30 17:10:44.699,6.13008,6.13152,1.00,1.20
2014.06.30 17:10:44.856,6.13008,6.13152,1.00,1.39
2014.06.30 17:10:44.957,6.12978,6.13138,1.00,1.50
2014.06.30 17:10:45.530,6.12977,6.13138,1.00,1.50
2014.06.30 17:10:45.962,6.12977,6.13123,1.00,1.20
2014.06.30 17:10:46.570,6.12957,6.13123,1.00,1.20
2014.06.30 17:10:46.672,6.12957,6.13117,1.00,1.50
2014.06.30 17:10:46.975,6.12961,6.13117,1.00,1.50
2014.06.30 17:10:47.493,6.12963,6.13117,1.00,1.50
2014.06.30 17:10:48.150,6.13002,6.13117,1.00,1.50
2014.06.30 17:10:48.252,6.13002,6.13123,1.00,1.20
2014.06.30 17:10:48.354,6.13007,6.13148,1.00,1.20
2014.06.30 17:10:48.556,6.13017,6.13148,1.00,1.20
2014.06.30 17:10:49.313,6.13019,6.13148,1.00,1.20
2014.06.30 17:11:08.511,6.13019,6.13162,1.00,1.20
2014.06.30 17:11:19.390,6.13016,6.13162,1.00,1.20
2014.06.30 17:11:19.582,6.13011,6.13162,1.00,1.20
2014.06.30 17:11:42.493,6.1301,6.13162,1.00,1.20
2014.06.30 17:11:49.294,6.1301,6.1316,1.00,1.20
2014.06.30 17:11:52.121,6.13009,6.1316,1.00,1.20
2014.06.30 17:12:05.505,6.13005,6.1316,1.00,1.20
2014.06.30 17:12:05.707,6.13009,6.1316,1.00,1.20
2014.06.30 17:12:07.070,6.13014,6.1316,1.00,1.20
2014.06.30 17:12:08.791,6.13015,6.1316,1.00,1.20
2014.06.30 17:12:09.813,6.13015,6.13159,1.00,1.20
2014.06.30 17:12:20.973,6.13015,6.13184,1.00,1.20
2014.06.30 17:12:21.024,6.13044,6.13184,1.00,1.20
2014.06.30 17:12:21.333,6.1306,6.13184,1.00,1.20
2014.06.30 17:12:22.090,6.13065,6.13184,1.00,1.20
2014.06.30 17:12:22.414,6.13068,6.13184,1.00,1.20
2014.06.30 17:12:22.531,6.13066,6.13184,1.00,1.20
2014.06.30 17:12:23.080,6.13068,6.13184,1.00,1.20
2014.06.30 17:12:23.181,6.13068,6.13204,1.00,1.20
2014.06.30 17:12:23.283,6.13068,6.1321,1.00,1.20
2014.06.30 17:12:23.434,6.13071,6.1321,1.00,1.20
2014.06.30 17:12:24.190,6.13075,6.1321,1.00,1.20
2014.06.30 17:12:24.492,6.13107,6.1324,1.00,1.20
2014.06.30 17:12:25.021,6.13108,6.1324,1.00,1.20
2014.06.30 17:12:25.331,6.13116,6.1324,1.00,1.20
2014.06.30 17:12:26.389,6.13119,6.1324,1.00,1.20
2014.06.30 17:12:26.811,6.13122,6.1324,1.00,1.20
2014.06.30 17:12:26.862,6.13122,6.13265,1.00,1.39
2014.06.30 17:12:27.596,6.13125,6.13265,1.00,1.39
2014.06.30 17:12:27.901,6.13129,6.13265,1.00,1.39
2014.06.30 17:12:28.536,6.13129,6.13265,1.00,1.09
2014.06.30 17:12:28.792,6.13152,6.1329,1.00,1.20
2014.06.30 17:12:29.178,6.13158,6.1329,1.00,1.20
2014.06.30 17:12:29.575,6.13151,6.1329,1.00,1.20
2014.06.30 17:12:29.790,6.13155,6.1329,1.00,1.20
2014.06.30 17:12:30.161,6.13158,6.1329,1.00,1.20
2014.06.30 17:12:30.939,6.13161,6.1329,1.00,1.20
2014.06.30 17:12:31.316,6.13165,6.1329,1.00,1.20
2014.06.30 17:12:32.102,6.13169,6.1329,1.00,1.20
2014.06.30 17:12:32.640,6.1317,6.1329,1.00,1.20
2014.06.30 17:12:33.346,6.13175,6.1329,1.00,1.20
2014.06.30 17:12:33.528,6.13175,6.13314,1.00,1.20
2014.06.30 17:12:33.979,6.13178,6.13314,1.00,1.20
2014.06.30 17:12:34.310,6.13201,6.13314,1.00,1.20
2014.06.30 17:12:34.640,6.13207,6.13314,1.00,1.20
2014.06.30 17:12:35.138,6.13207,6.13339,1.00,1.20
2014.06.30 17:12:35.409,6.13212,6.13339,1.00,1.20
2014.06.30 17:12:35.721,6.13214,6.13339,1.00,1.20
2014.06.30 17:12:36.280,6.13215,6.13339,1.00,1.20
2014.06.30 17:12:36.608,6.13218,6.13339,1.00,1.20
2014.06.30 17:12:36.949,6.13245,6.13339,1.00,1.20
2014.06.30 17:12:37.138,6.13245,6.13364,1.00,1.20
2014.06.30 17:12:37.501,6.13248,6.13364,1.00,1.20
2014.06.30 17:12:37.653,6.13248,6.13389,1.00,1.39
2014.06.30 17:12:38.040,6.13251,6.13389,1.00,1.39
2014.06.30 17:12:38.370,6.13253,6.13389,1.00,1.39
2014.06.30 17:12:38.768,6.13257,6.13389,1.00,1.39
2014.06.30 17:12:39.016,6.13257,6.13389,1.00,1.20
2014.06.30 17:12:39.526,6.13258,6.13389,1.00,1.20
2014.06.30 17:12:39.589,6.13262,6.13389,1.00,1.20
2014.06.30 17:12:40.350,6.13264,6.13389,1.00,1.20
2014.06.30 17:12:40.661,6.13269,6.13389,1.00,1.20
2014.06.30 17:12:41.151,6.13305,6.13389,1.00,1.20
2014.06.30 17:12:41.202,6.13305,6.13415,1.00,1.20
2014.06.30 17:12:41.560,6.13311,6.13415,1.00,1.20
2014.06.30 17:12:41.762,6.13311,6.13442,1.00,1.20
2014.06.30 17:12:42.308,6.13312,6.13442,1.00,1.20
2014.06.30 17:12:42.359,6.13317,6.13442,1.00,1.20
2014.06.30 17:12:42.691,6.13319,6.13442,1.00,1.20
2014.06.30 17:12:43.320,6.13323,6.13442,1.00,1.20
2014.06.30 17:12:43.622,6.13327,6.13442,1.00,1.20
2014.06.30 17:12:44.063,6.13327,6.13457,1.00,1.00
2014.06.30 17:12:44.641,6.1333,6.13457,1.00,1.00
2014.06.30 17:12:44.692,6.1333,6.13466,1.00,1.39
2014.06.30 17:12:44.901,6.13334,6.13466,1.00,1.39
2014.06.30 17:12:45.578,6.13334,6.13466,1.00,1.20
2014.06.30 17:12:45.919,6.13337,6.13466,1.00,1.20
2014.06.30 17:12:46.705,6.13338,6.13466,1.00,1.20
2014.06.30 17:12:47.035,6.13345,6.13466,1.00,1.20
2014.06.30 17:12:47.364,6.13349,6.13466,1.00,1.20
2014.06.30 17:12:48.389,6.13333,6.13466,1.00,1.20
2014.06.30 17:12:48.600,6.13336,6.13466,1.00,1.20
2014.06.30 17:12:48.921,6.13339,6.13466,1.00,1.20
2014.06.30 17:12:49.590,6.13342,6.13466,1.00,1.20
2014.06.30 17:12:49.911,6.13346,6.13466,1.00,1.20
2014.06.30 17:12:50.801,6.1335,6.13466,1.00,1.20
2014.06.30 17:12:51.319,6.13351,6.13466,1.00,1.20
2014.06.30 17:12:51.658,6.13354,6.13466,1.00,1.20
2014.06.30 17:12:52.154,6.13334,6.13466,1.00,1.20
2014.06.30 17:12:52.469,6.13336,6.13466,1.00,1.20
2014.06.30 17:12:52.781,6.1334,6.13466,1.00,1.20
2014.06.30 17:12:53.473,6.13342,6.13466,1.00,1.20
2014.06.30 17:12:53.940,6.13347,6.13466,1.00,1.20
2014.06.30 17:12:54.540,6.13333,6.13466,1.00,1.20
2014.06.30 17:12:54.870,6.13336,6.13466,1.00,1.20
2014.06.30 17:12:55.191,6.13339,6.13466,1.00,1.20
2014.06.30 17:12:55.891,6.13342,6.13466,1.00,1.20
2014.06.30 17:12:56.278,6.13346,6.13466,1.00,1.20
2014.06.30 17:12:57.320,6.13333,6.13466,1.00,1.20
2014.06.30 17:12:57.661,6.13336,6.13466,1.00,1.20
2014.06.30 17:12:57.992,6.13339,6.13466,1.00,1.20
2014.06.30 17:12:58.652,6.13342,6.13466,1.00,1.20
2014.06.30 17:12:58.994,6.13346,6.13466,1.00,1.20
2014.06.30 17:13:00.194,6.13333,6.13466,1.00,1.20
2014.06.30 17:13:00.411,6.13336,6.13466,1.00,1.20
2014.06.30 17:13:00.907,6.13339,6.13466,1.00,1.20
2014.06.30 17:13:01.401,6.13343,6.13466,1.00,1.20
2014.06.30 17:13:01.752,6.13346,6.13466,1.00,1.20
2014.06.30 17:13:02.590,6.13333,6.13466,1.00,1.20
2014.06.30 17:13:02.791,6.13337,6.13466,1.00,1.20
2014.06.30 17:13:03.161,6.13339,6.13466,1.00,1.20
2014.06.30 17:13:03.490,6.13342,6.13466,1.00,1.20
2014.06.30 17:13:03.909,6.13385,6.13466,1.00,1.20
2014.06.30 17:13:04.161,6.1339,6.13518,1.00,1.00
2014.06.30 17:13:04.212,6.1339,6.13508,1.00,1.50
2014.06.30 17:13:04.263,6.1336,6.13508,1.20,1.50
2014.06.30 17:13:04.314,6.1336,6.13504,1.20,1.00
2014.06.30 17:13:04.466,6.13349,6.13496,1.00,1.20
2014.06.30 17:13:04.816,6.13352,6.13496,1.00,1.20
2014.06.30 17:13:05.119,6.13356,6.13496,1.00,1.20
2014.06.30 17:13:05.576,6.13352,6.13496,1.00,1.20
2014.06.30 17:13:05.627,6.13352,6.13487,1.00,1.19
2014.06.30 17:13:05.912,6.1335,6.13485,1.00,1.19
2014.06.30 17:13:06.110,6.13353,6.13485,1.00,1.19
2014.06.30 17:13:07.111,6.13353,6.13485,1.00,1.19
2014.06.30 17:13:07.333,6.13304,6.1341,1.00,1.19
2014.06.30 17:13:07.434,6.13304,6.13412,1.00,1.19
2014.06.30 17:13:07.485,6.13239,6.13412,1.00,1.19
2014.06.30 17:13:07.536,6.13239,6.13412,1.00,1.00
2014.06.30 17:13:07.586,6.13226,6.13398,1.00,2.03
2014.06.30 17:13:07.889,6.1328,6.13412,1.00,1.00
2014.06.30 17:13:07.940,6.1328,6.13428,1.00,1.20
2014.06.30 17:13:08.089,6.13278,6.13428,1.00,1.20
2014.06.30 17:13:08.420,6.1328,6.13428,1.00,1.20
2014.06.30 17:13:08.808,6.13283,6.13428,1.00,1.20
2014.06.30 17:13:09.156,6.13285,6.13428,1.00,1.20
2014.06.30 17:13:09.899,6.13288,6.13428,1.00,1.20
2014.06.30 17:13:10.477,6.13289,6.13428,1.00,1.20
2014.06.30 17:13:11.059,6.13296,6.13428,1.00,1.20
2014.06.30 17:13:11.502,6.13298,6.13428,1.00,1.20
2014.06.30 17:13:12.401,6.13302,6.13428,1.00,1.20
2014.06.30 17:13:12.751,6.13308,6.13452,1.00,1.39
2014.06.30 17:13:13.512,6.13312,6.13452,1.00,1.39
2014.06.30 17:13:13.830,6.13316,6.13452,1.00,1.39
2014.06.30 17:13:13.881,6.13316,6.13452,1.00,1.20
2014.06.30 17:13:14.409,6.13319,6.13452,1.00,1.20
2014.06.30 17:13:14.823,6.13317,6.13452,1.00,1.20
2014.06.30 17:13:15.430,6.13316,6.13452,1.00,1.20
2014.06.30 17:13:23.160,6.13318,6.13452,1.00,1.09
2014.06.30 17:13:23.970,6.13318,6.13452,1.00,1.39
2014.06.30 17:13:26.873,6.13318,6.13452,1.00,1.20
2014.06.30 17:13:28.330,6.13321,6.13452,1.00,1.20
2014.06.30 17:13:28.650,6.13325,6.13452,1.00,1.20
2014.06.30 17:13:28.900,6.13322,6.13452,1.00,1.20
2014.06.30 17:13:29.368,6.13322,6.13448,1.00,1.00
2014.06.30 17:13:29.429,6.1332,6.13448,1.00,1.00
2014.06.30 17:13:29.789,6.1332,6.13452,1.00,1.20
2014.06.30 17:13:29.891,6.13323,6.13452,1.00,1.39
2014.06.30 17:13:31.891,6.13323,6.13452,1.00,1.84
2014.06.30 17:13:33.895,6.13323,6.1345,1.00,1.84
2014.06.30 17:13:38.541,6.13314,6.13443,1.00,1.19
2014.06.30 17:13:38.693,6.1331,6.13438,1.00,1.19
2014.06.30 17:13:39.222,6.13311,6.13443,1.00,1.19
2014.06.30 17:13:39.415,6.13311,6.13443,1.00,1.00
2014.06.30 17:13:49.061,6.13306,6.13445,1.00,1.19
2014.06.30 17:13:49.891,6.13312,6.13445,1.00,1.19
2014.06.30 17:13:50.869,6.13312,6.13445,1.00,1.19
2014.06.30 17:13:53.189,6.13311,6.13445,1.00,1.19
2014.06.30 17:13:53.290,6.13311,6.13445,1.00,1.19
2014.06.30 17:13:53.861,6.13308,6.13445,1.00,1.19
2014.06.30 17:13:54.844,6.13311,6.13445,1.00,1.19
2014.06.30 17:13:55.410,6.13311,6.13442,1.00,1.00
2014.06.30 17:13:55.732,6.13311,6.13442,1.00,1.19
2014.06.30 17:13:57.760,6.13311,6.13442,1.00,1.19
2014.06.30 17:13:57.921,6.13307,6.13442,1.00,1.19
2014.06.30 17:13:58.806,6.1331,6.13442,1.00,1.19
2014.06.30 17:13:59.149,6.13307,6.13442,1.00,1.19
2014.06.30 17:14:00.109,6.13307,6.13438,1.00,1.19
2014.06.30 17:14:02.809,6.13307,6.13442,1.00,1.19
2014.06.30 17:14:09.139,6.13305,6.13442,1.00,1.19
2014.06.30 17:14:12.036,6.13305,6.13442,1.00,1.69
2014.06.30 17:14:13.868,6.13304,6.13442,1.00,1.84
2014.06.30 17:14:14.327,6.133,6.13442,1.00,1.84
2014.06.30 17:14:14.378,6.133,6.13442,1.00,1.39
2014.06.30 17:14:16.455,6.133,6.13442,1.00,1.39
2014.06.30 17:14:19.164,6.133,6.13442,1.00,1.39
2014.06.30 17:14:21.590,6.133,6.1344,1.00,1.19
2014.06.30 17:14:24.290,6.133,6.13442,1.00,1.39
2014.06.30 17:14:26.310,6.133,6.1344,1.00,1.19
2014.06.30 17:14:29.205,6.133,6.13442,1.00,1.39
2014.06.30 17:14:31.308,6.133,6.13442,1.00,1.84
2014.06.30 17:14:33.360,6.13309,6.13442,1.00,1.84
2014.06.30 17:14:34.086,6.13309,6.13442,1.00,1.39
2014.06.30 17:14:35.851,6.13309,6.13434,1.00,1.39
2014.06.30 17:14:38.348,6.13309,6.13434,1.00,1.39
2014.06.30 17:14:40.511,6.13314,6.13434,1.00,1.39
2014.06.30 17:14:40.958,6.13318,6.13434,1.00,1.20
2014.06.30 17:14:45.371,6.13318,6.13434,1.00,1.39
2014.06.30 17:14:47.680,6.13318,6.13434,1.00,1.39
2014.06.30 17:14:51.036,6.13318,6.13434,1.00,1.39
2014.06.30 17:14:51.922,6.13318,6.13434,1.00,1.39
2014.06.30 17:14:51.973,6.13255,6.13434,1.00,1.39
2014.06.30 17:14:52.175,6.13248,6.13403,1.00,1.00
2014.06.30 17:14:52.326,6.13229,6.13403,1.00,1.00
2014.06.30 17:14:52.597,6.13229,6.13398,1.00,1.00
2014.06.30 17:14:53.336,6.13213,6.13395,1.20,1.00
2014.06.30 17:15:01.359,6.13213,6.13377,1.20,1.00
2014.06.30 17:15:01.409,6.13208,6.13377,1.00,1.00
2014.06.30 17:15:01.460,6.13198,6.13377,1.00,1.00
2014.06.30 17:15:01.670,6.13198,6.13374,1.00,1.00
2014.06.30 17:15:02.036,6.13198,6.13371,1.00,1.00
2014.06.30 17:15:02.540,6.13198,6.1337,1.00,1.00
2014.06.30 17:15:07.485,6.13188,6.13367,1.20,1.00
2014.06.30 17:15:07.641,6.1318,6.13359,1.00,1.20
2014.06.30 17:15:17.830,6.13175,6.13359,1.00,1.20
2014.06.30 17:15:17.881,6.13144,6.13269,1.00,1.00
2014.06.30 17:15:17.982,6.13132,6.13261,1.00,1.20
2014.06.30 17:15:18.034,6.13132,6.13254,1.00,1.00
2014.06.30 17:15:18.093,6.13122,6.13254,1.00,1.00
2014.06.30 17:15:18.194,6.13122,6.13258,1.00,1.00
2014.06.30 17:15:18.346,6.13112,6.13258,1.00,1.00
2014.06.30 17:15:18.447,6.1313,6.13286,1.00,1.20
2014.06.30 17:15:18.498,6.1313,6.13314,1.00,1.19
2014.06.30 17:15:19.094,6.13127,6.13282,1.00,1.00
2014.06.30 17:15:19.196,6.13121,6.13282,1.20,1.00
2014.06.30 17:15:19.247,6.13108,6.13282,1.00,1.00
2014.06.30 17:15:19.619,6.13108,6.13284,1.00,1.00
2014.06.30 17:15:19.822,6.13108,6.1328,1.00,1.00
2014.06.30 17:15:20.400,6.13108,6.13284,1.00,1.00
2014.06.30 17:15:20.588,6.13108,6.13287,1.00,1.00
2014.06.30 17:15:21.578,6.13108,6.13289,1.00,1.00
2014.06.30 17:15:21.798,6.13108,6.13292,1.00,1.20
2014.06.30 17:15:23.074,6.13113,6.13292,1.00,1.20
2014.06.30 17:15:25.383,6.13108,6.13292,1.00,1.20
2014.06.30 17:15:25.693,6.13108,6.13276,1.00,1.00
2014.06.30 17:15:38.277,6.13101,6.13276,1.00,1.00
2014.06.30 17:15:53.297,6.13094,6.13276,1.00,1.00
2014.06.30 17:16:03.615,6.13085,6.13272,1.00,1.00
2014.06.30 17:16:03.868,6.13085,6.1324,1.00,1.00
2014.06.30 17:16:04.019,6.13066,6.1324,1.00,1.00
2014.06.30 17:16:04.378,6.13066,6.13234,1.00,1.00
2014.06.30 17:16:08.672,6.13066,6.13239,1.00,1.00
2014.06.30 17:16:09.255,6.13066,6.13238,1.00,1.00
2014.06.30 17:16:15.809,6.13066,6.13233,1.00,1.00
2014.06.30 17:16:19.378,6.13058,6.13223,1.20,1.00
2014.06.30 17:16:19.529,6.13055,6.13223,1.00,1.00
2014.06.30 17:16:19.580,6.13029,6.13216,1.65,1.00
2014.06.30 17:16:20.888,6.13029,6.13196,1.65,1.00
2014.06.30 17:16:21.329,6.13029,6.13184,1.65,1.00
2014.06.30 17:16:21.417,6.13029,6.13196,1.65,1.00
2014.06.30 17:16:21.905,6.13029,6.13185,1.65,1.00
2014.06.30 17:16:22.107,6.13012,6.13185,1.00,1.00
2014.06.30 17:16:22.894,6.1301,6.13185,1.00,1.00
2014.06.30 17:16:23.398,6.1301,6.13184,1.00,1.00
2014.06.30 17:16:24.103,6.1301,6.13181,1.00,1.00
2014.06.30 17:16:24.438,6.1301,6.13178,1.00,1.00
2014.06.30 17:16:24.759,6.1301,6.13165,1.00,1.00
2014.06.30 17:16:24.962,6.12999,6.13165,1.20,1.00
2014.06.30 17:16:25.707,6.12999,6.13151,1.20,1.00
2014.06.30 17:16:26.525,6.12991,6.13151,1.00,1.00
2014.06.30 17:16:26.688,6.12983,6.13151,1.00,1.00
2014.06.30 17:16:27.407,6.12982,6.13151,1.00,1.00
2014.06.30 17:16:28.175,6.12982,6.13132,1.00,1.00
2014.06.30 17:16:29.038,6.12972,6.13132,1.50,1.00
2014.06.30 17:16:30.206,6.12962,6.13132,1.00,1.00
2014.06.30 17:16:30.357,6.12951,6.13132,1.00,1.00
2014.06.30 17:16:30.598,6.12951,6.1309,1.00,1.00
2014.06.30 17:16:30.901,6.12945,6.13087,1.20,1.00
2014.06.30 17:16:30.952,6.12926,6.13087,1.20,1.00
2014.06.30 17:16:31.511,6.12925,6.13087,1.00,1.00
2014.06.30 17:16:31.572,6.12925,6.131,1.00,1.00
2014.06.30 17:16:31.797,6.12925,6.1311,1.00,1.50
2014.06.30 17:16:31.917,6.12925,6.13106,1.00,1.00
2014.06.30 17:16:32.527,6.12925,6.13108,1.00,1.00
2014.06.30 17:16:39.677,6.12925,6.13106,1.00,1.00
2014.06.30 17:16:39.995,6.12916,6.13081,1.20,1.00
2014.06.30 17:16:41.551,6.12916,6.1307,1.20,1.00
2014.06.30 17:16:49.646,6.12895,6.1307,1.00,1.00
2014.06.30 17:16:52.613,6.1289,6.1307,1.20,1.00
2014.06.30 17:17:09.781,6.12883,6.1307,1.65,1.50
2014.06.30 17:17:10.244,6.12883,6.1307,1.84,1.50
2014.06.30 17:17:15.963,6.12883,6.1307,1.84,1.50
2014.06.30 17:17:18.471,6.12883,6.1307,1.65,1.50
2014.06.30 17:17:23.185,6.12893,6.1307,1.00,1.00
2014.06.30 17:17:29.354,6.12916,6.1307,1.00,1.00
2014.06.30 17:17:29.405,6.12916,6.1308,1.00,1.65
2014.06.30 17:17:29.607,6.12914,6.1308,1.00,1.20
2014.06.30 17:17:29.708,6.12914,6.1309,1.00,1.00
2014.06.30 17:17:30.713,6.12915,6.1309,1.00,1.00
2014.06.30 17:17:33.897,6.12916,6.1309,1.00,1.00
2014.06.30 17:17:38.702,6.12924,6.13104,1.00,1.00
2014.06.30 17:18:08.370,6.12921,6.13104,1.00,1.00
2014.06.30 17:18:12.110,6.12921,6.13108,1.00,1.00
2014.06.30 17:18:12.161,6.12932,6.13108,1.00,1.00
2014.06.30 17:18:12.520,6.12938,6.13108,1.00,1.00
2014.06.30 17:18:19.620,6.12932,6.13108,1.00,1.00
2014.06.30 17:18:20.386,6.12941,6.13112,1.00,1.20
2014.06.30 17:18:27.126,6.12941,6.13101,1.00,1.00
2014.06.30 17:18:27.277,6.12941,6.13112,1.00,1.20
2014.06.30 17:18:27.786,6.12941,6.13101,1.00,1.00
2014.06.30 17:18:27.896,6.12941,6.13112,1.00,1.20
2014.06.30 17:18:28.459,6.12941,6.13102,1.00,1.00
2014.06.30 17:18:28.560,6.12941,6.13112,1.00,1.20
2014.06.30 17:18:29.106,6.12941,6.13097,1.00,1.00
2014.06.30 17:18:29.216,6.12941,6.13112,1.00,1.20
2014.06.30 17:18:29.632,6.12956,6.13112,1.00,1.20
2014.06.30 17:18:29.834,6.12956,6.1312,1.00,1.00
2014.06.30 17:18:29.981,6.12957,6.13138,1.00,1.20
2014.06.30 17:18:30.348,6.12958,6.13124,1.00,1.00
2014.06.30 17:18:30.449,6.12958,6.13138,1.00,1.20
2014.06.30 17:18:30.984,6.12958,6.1312,1.00,1.00
2014.06.30 17:18:31.112,6.12958,6.13138,1.00,1.20
2014.06.30 17:18:31.624,6.12959,6.13138,1.00,1.20
2014.06.30 17:18:31.674,6.12959,6.13125,1.00,1.00
2014.06.30 17:18:31.775,6.12959,6.13138,1.00,1.20
2014.06.30 17:18:31.826,6.12961,6.13138,1.00,1.20
2014.06.30 17:18:32.174,6.12966,6.13138,1.00,1.20
2014.06.30 17:18:33.255,6.12965,6.13138,1.00,1.20
2014.06.30 17:18:33.720,6.12967,6.13139,1.20,1.00
2014.06.30 17:18:34.747,6.12967,6.1313,1.20,1.00
2014.06.30 17:18:37.447,6.12951,6.1313,1.00,1.00
2014.06.30 17:18:44.144,6.12962,6.1313,1.00,1.00
2014.06.30 17:18:44.195,6.12962,6.13138,1.00,1.20
2014.06.30 17:18:44.246,6.12968,6.13147,1.20,1.00
2014.06.30 17:18:44.397,6.12987,6.13147,1.00,1.00
2014.06.30 17:18:44.606,6.12968,6.13147,1.20,1.00
2014.06.30 17:18:45.537,6.12968,6.1314,1.20,1.00
2014.06.30 17:18:45.638,6.12968,6.13147,1.20,1.00
2014.06.30 17:18:46.179,6.12968,6.1314,1.20,1.00
2014.06.30 17:18:46.280,6.12968,6.13147,1.20,1.00
2014.06.30 17:18:46.432,6.12979,6.13163,1.00,1.20
2014.06.30 17:18:46.832,6.12979,6.13145,1.00,1.00
2014.06.30 17:18:46.933,6.12979,6.13163,1.00,1.20
2014.06.30 17:18:47.488,6.12979,6.13153,1.00,1.00
2014.06.30 17:18:47.590,6.12979,6.13163,1.00,1.20
2014.06.30 17:18:48.817,6.12979,6.1315,1.00,1.00
2014.06.30 17:18:48.918,6.12979,6.13163,1.00,1.20
2014.06.30 17:18:52.461,6.12979,6.13149,1.00,1.00
2014.06.30 17:18:54.135,6.13003,6.13149,1.50,1.00
2014.06.30 17:18:54.337,6.13049,6.13209,1.20,1.50
2014.06.30 17:18:54.388,6.13152,6.13209,1.50,1.00
2014.06.30 17:18:54.489,6.1309,6.13209,1.09,1.00
2014.06.30 17:18:54.540,6.1309,6.13254,1.09,1.09
2014.06.30 17:18:54.641,6.13058,6.13215,1.20,1.00
2014.06.30 17:18:54.893,6.13007,6.13165,1.00,1.00
2014.06.30 17:18:54.994,6.13007,6.13173,1.00,1.00
2014.06.30 17:18:55.348,6.13019,6.13173,1.00,1.00
2014.06.30 17:18:55.550,6.13039,6.13204,1.00,1.00
2014.06.30 17:18:55.753,6.13039,6.13213,1.00,1.65
2014.06.30 17:18:56.071,6.13039,6.13207,1.00,1.00
2014.06.30 17:19:08.118,6.1305,6.13207,1.00,1.00
2014.06.30 17:19:08.729,6.1305,6.13227,1.00,1.00
2014.06.30 17:19:08.831,6.1305,6.13232,1.00,1.00
2014.06.30 17:19:08.932,6.13054,6.13237,1.00,1.00
2014.06.30 17:19:09.426,6.13052,6.13237,1.00,1.00
2014.06.30 17:19:09.632,6.1305,6.13237,1.00,1.00
2014.06.30 17:19:11.863,6.1305,6.13237,1.19,1.00
2014.06.30 17:19:14.672,6.1305,6.13237,1.19,1.00
2014.06.30 17:19:15.012,6.13072,6.13239,1.00,1.20
2014.06.30 17:19:17.746,6.13072,6.13235,1.00,1.00
2014.06.30 17:19:18.075,6.13072,6.13239,1.00,1.20
2014.06.30 17:19:23.159,6.13075,6.13239,1.00,1.20
2014.06.30 17:19:23.405,6.13076,6.13241,1.00,1.00
2014.06.30 17:19:24.476,6.1308,6.13241,1.00,1.00
2014.06.30 17:19:26.545,6.13085,6.13241,1.00,1.00
2014.06.30 17:19:26.876,6.13088,6.13241,1.00,1.00
2014.06.30 17:19:33.827,6.13089,6.13241,1.00,1.00
2014.06.30 17:19:51.075,6.1309,6.13241,1.00,1.00
2014.06.30 17:19:54.905,6.1309,6.13277,1.00,1.65
2014.06.30 17:19:55.575,6.1309,6.13253,1.00,1.00
2014.06.30 17:19:55.676,6.1309,6.13276,1.00,1.00
2014.06.30 17:19:56.231,6.1309,6.13254,1.00,1.00
2014.06.30 17:19:56.445,6.1309,6.13277,1.00,2.40
2014.06.30 17:19:57.018,6.1309,6.13272,1.00,1.00
2014.06.30 17:19:57.588,6.1309,6.13255,1.00,1.00
2014.06.30 17:20:07.837,6.13101,6.13255,1.00,1.00
2014.06.30 17:20:10.554,6.13134,6.13255,1.00,1.00
2014.06.30 17:20:10.776,6.13134,6.13306,1.00,1.20
2014.06.30 17:20:10.827,6.13142,6.13306,1.00,1.20
2014.06.30 17:20:11.626,6.13142,6.13304,1.00,1.00
2014.06.30 17:20:13.680,6.13165,6.13304,1.00,1.00
2014.06.30 17:20:13.730,6.13165,6.13306,1.00,1.20
2014.06.30 17:20:13.781,6.13165,6.13329,1.00,1.00
2014.06.30 17:20:13.882,6.13162,6.13329,1.00,1.00
2014.06.30 17:20:14.513,6.13162,6.1332,1.00,1.00
2014.06.30 17:20:14.635,6.13162,6.13329,1.00,1.00
2014.06.30 17:20:14.736,6.13162,6.13334,1.50,1.20
2014.06.30 17:20:15.454,6.13163,6.13334,1.00,1.20
2014.06.30 17:20:15.742,6.13163,6.13319,1.00,1.00
2014.06.30 17:20:15.843,6.13162,6.13334,1.00,1.20
2014.06.30 17:20:16.825,6.13162,6.13322,1.00,1.00
2014.06.30 17:20:18.355,6.13197,6.13322,1.20,1.00
2014.06.30 17:20:18.475,6.13222,6.13352,1.20,1.00
2014.06.30 17:20:18.645,6.13222,6.13378,1.20,1.00
2014.06.30 17:20:18.848,6.13232,6.13378,1.00,1.00
2014.06.30 17:20:18.899,6.13232,6.13412,1.00,1.00
2014.06.30 17:20:19.646,6.1328,6.13439,1.00,1.50
2014.06.30 17:20:19.747,6.1328,6.13444,1.00,1.20
2014.06.30 17:20:19.799,6.13288,6.13463,1.20,1.00
2014.06.30 17:20:20.972,6.13288,6.13433,1.20,1.00
2014.06.30 17:20:21.023,6.13276,6.1343,1.00,1.00
2014.06.30 17:20:21.124,6.13259,6.1343,1.20,1.00
2014.06.30 17:20:21.384,6.13259,6.13426,1.20,1.00
2014.06.30 17:20:21.824,6.13259,6.13424,1.20,1.00
2014.06.30 17:20:22.282,6.13259,6.13421,1.20,1.00
2014.06.30 17:20:22.587,6.13259,6.13408,1.20,1.00
2014.06.30 17:20:26.762,6.13235,6.13408,1.65,1.00
2014.06.30 17:20:37.334,6.13235,6.13406,1.65,1.00
2014.06.30 17:20:37.665,6.13235,6.13403,1.65,1.00
2014.06.30 17:20:37.985,6.13235,6.13401,1.65,1.00
2014.06.30 17:20:38.104,6.13235,6.13403,1.65,1.00
2014.06.30 17:20:38.155,6.13235,6.1339,1.65,1.00
2014.06.30 17:20:41.187,6.13235,6.13382,1.20,1.00
2014.06.30 17:20:41.407,6.13235,6.13385,1.20,1.00
2014.06.30 17:20:41.508,6.13214,6.13385,1.20,1.00
2014.06.30 17:20:41.559,6.13212,6.13385,1.00,1.00
2014.06.30 17:20:41.664,6.13212,6.13389,1.00,1.00
2014.06.30 17:20:41.986,6.13212,6.13386,1.00,1.00
2014.06.30 17:20:42.289,6.13212,6.13364,1.00,1.00
2014.06.30 17:20:42.665,6.13212,6.13382,1.00,1.00
2014.06.30 17:20:43.604,6.13212,6.13372,1.00,1.00
2014.06.30 17:20:44.045,6.13212,6.13362,1.00,1.00
2014.06.30 17:20:45.493,6.1321,6.13362,1.20,1.00
2014.06.30 17:20:49.362,6.13243,6.13362,1.00,1.00
2014.06.30 17:20:49.513,6.13243,6.13404,1.00,1.20
2014.06.30 17:20:49.614,6.13254,6.13438,1.00,1.00
2014.06.30 17:20:49.913,6.13254,6.13441,1.00,2.40
2014.06.30 17:20:50.243,6.13254,6.13417,1.00,1.00
2014.06.30 17:20:50.915,6.13254,6.13415,1.00,1.00
2014.06.30 17:20:51.305,6.13254,6.13417,1.00,1.00
2014.06.30 17:20:53.010,6.13244,6.13417,1.20,1.00
2014.06.30 17:20:53.213,6.13244,6.13399,1.20,1.00
2014.06.30 17:21:00.375,6.13233,6.13399,1.00,1.00
2014.06.30 17:21:02.276,6.13223,6.13399,1.00,1.00
2014.06.30 17:21:03.029,6.13223,6.13378,1.00,1.00
2014.06.30 17:21:06.033,6.13219,6.13378,1.20,1.00
2014.06.30 17:21:20.331,6.13209,6.13378,1.20,1.00
2014.06.30 17:21:29.955,6.13208,6.1336,1.00,1.00
2014.06.30 17:21:30.115,6.13187,6.1336,1.00,1.00
2014.06.30 17:21:37.800,6.1318,6.1336,1.20,1.00
2014.06.30 17:21:44.668,6.13225,6.1336,1.20,1.00
2014.06.30 17:21:44.819,6.1327,6.13406,1.00,1.00
2014.06.30 17:21:44.920,6.1326,6.13406,1.20,1.00
2014.06.30 17:21:44.971,6.13281,6.13406,1.20,1.00
2014.06.30 17:21:45.073,6.13223,6.13388,1.20,1.00
2014.06.30 17:21:45.174,6.13201,6.13388,1.00,1.00
2014.06.30 17:21:45.377,6.13201,6.13381,1.00,1.00
2014.06.30 17:21:47.765,6.13201,6.13388,1.00,1.00
2014.06.30 17:21:47.866,6.13234,6.13406,1.20,1.00
2014.06.30 17:21:47.917,6.13234,6.13409,1.20,1.00
2014.06.30 17:21:49.453,6.13243,6.13428,1.00,1.65
2014.06.30 17:21:50.555,6.13269,6.13449,1.20,1.00
2014.06.30 17:21:56.485,6.13283,6.13466,1.00,1.20
2014.06.30 17:21:56.535,6.13294,6.1347,1.20,1.00
2014.06.30 17:21:56.966,6.13305,6.13491,1.00,1.20
2014.06.30 17:22:00.036,6.13322,6.13492,1.20,1.00
2014.06.30 17:22:00.884,6.13322,6.13511,1.20,1.00
2014.06.30 17:22:00.985,6.13328,6.13513,1.00,1.00
2014.06.30 17:22:02.555,6.13346,6.13517,1.00,1.20
2014.06.30 17:22:02.606,6.13348,6.13533,1.20,1.00
2014.06.30 17:22:05.655,6.13366,6.13543,1.00,1.20
2014.06.30 17:22:05.783,6.13373,6.13553,1.20,1.00
2014.06.30 17:22:08.033,6.13374,6.13553,1.00,1.00
2014.06.30 17:22:08.405,6.13377,6.13553,1.00,1.00
2014.06.30 17:22:09.176,6.1338,6.13553,1.00,1.00
2014.06.30 17:22:09.361,6.13388,6.13569,1.00,1.20
2014.06.30 17:22:10.807,6.13391,6.13569,1.00,1.20
2014.06.30 17:22:11.110,6.13398,6.13575,1.20,1.00
2014.06.30 17:22:18.554,6.13398,6.13554,1.20,1.19
2014.06.30 17:22:18.655,6.13398,6.13558,1.20,1.00
2014.06.30 17:22:18.706,6.13398,6.13542,1.20,1.00
2014.06.30 17:22:18.756,6.13372,6.13542,1.19,1.00
2014.06.30 17:22:18.858,6.13371,6.13476,1.20,1.00
2014.06.30 17:22:19.116,6.13346,6.13469,1.20,1.00
2014.06.30 17:22:19.167,6.13319,6.13469,1.20,1.00
2014.06.30 17:22:19.319,6.13305,6.13469,1.00,1.00
2014.06.30 17:22:19.444,6.13305,6.13475,1.00,1.00
2014.06.30 17:22:20.160,6.13305,6.13478,1.00,1.00
2014.06.30 17:22:20.362,6.13305,6.13481,1.00,1.00
2014.06.30 17:22:21.380,6.13305,6.13484,1.00,1.00
2014.06.30 17:22:21.585,6.13305,6.13487,1.00,1.00
2014.06.30 17:22:22.365,6.13305,6.13488,1.00,1.20
2014.06.30 17:22:27.626,6.13308,6.13488,1.00,1.20
2014.06.30 17:22:27.934,6.13312,6.13488,1.00,1.20
2014.06.30 17:22:36.607,6.13317,6.13495,1.20,1.00
2014.06.30 17:22:40.626,6.13319,6.135,1.00,1.00
2014.06.30 17:22:40.843,6.13319,6.13503,1.00,1.00
2014.06.30 17:22:41.468,6.13319,6.13504,1.00,1.00
2014.06.30 17:22:56.766,6.13326,6.13504,1.20,1.00
2014.06.30 17:22:58.413,6.13328,6.13504,1.00,1.00
2014.06.30 17:22:59.046,6.13328,6.13515,1.50,1.00
2014.06.30 17:23:09.755,6.13334,6.13515,1.20,1.00
2014.06.30 17:23:10.060,6.13354,6.13527,1.00,1.00
2014.06.30 17:23:10.363,6.13362,6.13539,1.00,1.19
2014.06.30 17:23:10.464,6.1338,6.13555,1.20,1.00
2014.06.30 17:23:10.667,6.1338,6.13561,1.20,1.00
2014.06.30 17:23:12.598,6.1338,6.13561,1.20,1.19
2014.06.30 17:23:14.363,6.1338,6.13555,1.20,1.00
2014.06.30 17:23:15.265,6.1338,6.13555,1.20,1.19
2014.06.30 17:23:17.274,6.1338,6.13555,1.20,1.19
2014.06.30 17:23:19.684,6.1338,6.13555,1.20,1.19
2014.06.30 17:23:22.395,6.1338,6.13555,1.20,1.19
2014.06.30 17:23:24.811,6.1338,6.13555,1.20,1.19
2014.06.30 17:23:29.919,6.1338,6.13555,1.20,1.19
2014.06.30 17:23:31.084,6.13375,6.13555,1.00,1.19
2014.06.30 17:23:33.831,6.13375,6.13555,1.00,1.19
2014.06.30 17:23:36.141,6.13375,6.13555,1.00,1.19
2014.06.30 17:23:38.272,6.13363,6.13548,1.00,1.19
2014.06.30 17:23:38.595,6.13361,6.13548,1.20,1.19
2014.06.30 17:23:38.698,6.13361,6.1354,1.20,1.19
2014.06.30 17:23:38.799,6.13344,6.13528,1.00,1.19
2014.06.30 17:23:39.057,6.13341,6.13528,1.00,1.19
2014.06.30 17:23:41.662,6.13341,6.13528,1.00,1.19
2014.06.30 17:23:44.975,6.13341,6.13528,1.00,1.19
2014.06.30 17:23:47.785,6.13341,6.13527,1.00,1.19
2014.06.30 17:23:51.004,6.13341,6.13527,1.00,1.19
2014.06.30 17:23:53.914,6.13341,6.13527,1.00,1.19
2014.06.30 17:23:57.024,6.13341,6.13527,1.00,1.19
2014.06.30 17:23:59.634,6.13341,6.13527,1.65,1.19
2014.06.30 17:23:59.949,6.13351,6.13527,1.00,1.19
2014.06.30 17:24:00.051,6.13351,6.13536,1.00,1.00
2014.06.30 17:24:00.203,6.13351,6.13538,1.50,1.65
2014.06.30 17:24:01.260,6.13367,6.13538,1.20,1.00
2014.06.30 17:24:08.187,6.13367,6.13536,1.20,1.00
2014.06.30 17:24:08.491,6.1335,6.13536,1.00,1.65
2014.06.30 17:24:08.592,6.1335,6.13529,1.00,1.19
2014.06.30 17:24:08.964,6.13339,6.13517,1.20,1.19
2014.06.30 17:24:10.725,6.13339,6.13517,1.20,1.00
2014.06.30 17:24:14.283,6.13351,6.1353,1.00,1.19
2014.06.30 17:24:14.592,6.13353,6.13534,1.00,1.19
2014.06.30 17:24:15.404,6.13353,6.13536,1.00,1.20
2014.06.30 17:24:19.751,6.13353,6.13526,1.00,1.00
2014.06.30 17:24:19.801,6.13343,6.13526,1.00,1.00
2014.06.30 17:24:20.224,6.13343,6.13526,1.00,1.19
2014.06.30 17:24:22.979,6.13343,6.13526,1.00,1.19
2014.06.30 17:24:25.745,6.13343,6.13526,1.00,1.19
2014.06.30 17:24:30.861,6.13343,6.13526,1.00,1.19
2014.06.30 17:24:33.181,6.13343,6.13526,1.00,1.69
2014.06.30 17:24:36.080,6.13343,6.13525,1.00,1.19
2014.06.30 17:24:41.733,6.13343,6.13523,1.00,1.19
2014.06.30 17:24:43.197,6.1334,6.13523,1.00,1.19
2014.06.30 17:24:43.807,6.1334,6.13519,1.00,1.19
2014.06.30 17:24:45.393,6.13337,6.13519,1.65,1.19
2014.06.30 17:24:46.515,6.13337,6.13516,1.65,1.19
2014.06.30 17:24:49.726,6.13337,6.13515,1.65,1.19
2014.06.30 17:24:50.355,6.1334,6.13515,1.20,1.19
2014.06.30 17:24:53.137,6.1334,6.13521,1.20,1.19
2014.06.30 17:24:55.747,6.1334,6.13514,1.20,1.19
2014.06.30 17:24:57.862,6.1334,6.13516,1.20,1.19
2014.06.30 17:25:03.502,6.1334,6.13512,1.20,1.19
2014.06.30 17:25:06.080,6.1334,6.13516,1.20,1.19
2014.06.30 17:25:08.337,6.1334,6.13517,1.20,1.19
2014.06.30 17:25:11.098,6.1334,6.13515,1.20,1.19
2014.06.30 17:25:14.107,6.1334,6.13523,1.20,1.19
2014.06.30 17:25:17.117,6.1334,6.13518,1.20,1.19
2014.06.30 17:25:19.426,6.1334,6.13515,1.20,1.19
2014.06.30 17:25:22.436,6.1334,6.13514,1.20,1.19
2014.06.30 17:25:25.645,6.1334,6.13516,1.20,1.19
2014.06.30 17:25:27.991,6.1334,6.13523,1.20,1.19
2014.06.30 17:25:31.059,6.1334,6.13518,1.20,1.19
2014.06.30 17:25:31.430,6.13343,6.13518,1.20,1.19
2014.06.30 17:25:35.112,6.13343,6.13517,1.20,1.19
2014.06.30 17:25:37.777,6.13343,6.13518,1.20,1.19
2014.06.30 17:25:39.785,6.13343,6.13518,1.20,1.19
2014.06.30 17:25:44.194,6.13343,6.13517,1.20,1.19
2014.06.30 17:25:50.812,6.13343,6.1352,1.20,1.19
2014.06.30 17:25:52.253,6.13339,6.1352,1.20,1.19
2014.06.30 17:25:55.726,6.13339,6.1352,1.20,1.19
2014.06.30 17:26:00.844,6.13339,6.1352,1.20,1.19
2014.06.30 17:26:03.951,6.13339,6.1352,1.20,1.19
2014.06.30 17:26:06.936,6.13339,6.1352,1.20,1.19
2014.06.30 17:26:09.774,6.13339,6.13516,1.20,1.19
2014.06.30 17:26:13.461,6.13342,6.13516,1.20,1.19
2014.06.30 17:26:14.118,6.13342,6.13516,1.20,1.69
2014.06.30 17:26:18.902,6.13342,6.13514,1.20,1.19
2014.06.30 17:26:21.409,6.13342,6.13514,1.20,1.19
2014.06.30 17:26:23.713,6.13342,6.13514,1.20,1.19
2014.06.30 17:26:26.169,6.13342,6.13516,1.20,1.19
2014.06.30 17:26:29.131,6.13342,6.13515,1.20,1.19
2014.06.30 17:26:31.540,6.13342,6.13515,1.20,1.19
2014.06.30 17:26:33.321,6.13336,6.13515,1.20,1.19
2014.06.30 17:26:33.645,6.13336,6.13513,1.20,1.19
2014.06.30 17:26:35.855,6.13336,6.13516,1.20,1.19
2014.06.30 17:26:40.024,6.13336,6.13514,1.20,1.19
2014.06.30 17:26:42.972,6.13336,6.13514,1.20,1.19
2014.06.30 17:26:45.815,6.13336,6.13514,1.20,1.00
2014.06.30 17:26:53.356,6.13336,6.13516,1.20,1.00
2014.06.30 17:26:54.258,6.13332,6.13516,1.20,1.00
2014.06.30 17:27:00.011,6.13332,6.13516,1.20,1.19
2014.06.30 17:27:07.633,6.13332,6.13516,1.20,1.19
2014.06.30 17:27:12.447,6.13332,6.13516,1.20,1.19
2014.06.30 17:27:14.643,6.13331,6.13516,1.20,1.19
2014.06.30 17:27:15.662,6.13331,6.13516,1.20,1.19
2014.06.30 17:27:17.963,6.13331,6.13516,1.20,1.00
2014.06.30 17:27:20.497,6.13331,6.13516,1.20,1.19
2014.06.30 17:27:22.478,6.13331,6.13516,1.20,1.19
2014.06.30 17:27:25.121,6.13331,6.13517,1.20,1.19
2014.06.30 17:27:27.994,6.13331,6.13517,1.20,1.19
2014.06.30 17:27:30.804,6.13331,6.13517,1.20,1.19
2014.06.30 17:27:35.288,6.13334,6.13517,1.20,1.19
2014.06.30 17:27:37.625,6.13334,6.13517,1.20,1.19
2014.06.30 17:27:42.639,6.13334,6.13517,1.20,1.69
2014.06.30 17:27:44.741,6.13334,6.13516,1.20,1.19
2014.06.30 17:27:49.352,6.13334,6.13517,1.20,1.19
2014.06.30 17:27:53.212,6.13334,6.13517,1.20,1.19
2014.06.30 17:27:55.874,6.13334,6.13514,1.20,1.00
2014.06.30 17:27:57.980,6.13334,6.13514,1.20,1.19
2014.06.30 17:28:00.686,6.13334,6.13514,1.20,1.00
2014.06.30 17:28:16.167,6.1333,6.13514,1.20,1.25
2014.06.30 17:28:18.845,6.1333,6.13514,1.20,1.19
2014.06.30 17:28:21.155,6.1333,6.13504,1.20,1.00
2014.06.30 17:28:23.965,6.1333,6.13504,1.20,1.19
2014.06.30 17:28:24.430,6.13324,6.13498,1.00,1.09
2014.06.30 17:28:24.481,6.13324,6.13457,1.00,1.19
2014.06.30 17:28:24.532,6.13316,6.13451,1.00,1.20
2014.06.30 17:28:24.586,6.13316,6.1343,1.00,1.00
2014.06.30 17:28:24.738,6.13254,6.1343,1.00,1.19
2014.06.30 17:28:24.991,6.13266,6.13426,1.00,1.20
2014.06.30 17:28:25.295,6.13225,6.13401,1.39,1.00
2014.06.30 17:28:25.397,6.13226,6.13401,1.00,1.19
2014.06.30 17:28:27.705,6.13226,6.13401,1.00,1.65
2014.06.30 17:28:29.915,6.13226,6.13401,1.00,1.84
2014.06.30 17:28:31.534,6.13227,6.13401,1.20,1.19
2014.06.30 17:28:32.625,6.13227,6.13401,1.20,1.19
2014.06.30 17:28:35.835,6.13227,6.13401,1.20,1.19
2014.06.30 17:28:38.757,6.13227,6.1339,1.20,1.19
2014.06.30 17:28:40.153,6.13227,6.13392,1.20,1.00
2014.06.30 17:28:45.069,6.13228,6.13405,1.00,1.19
2014.06.30 17:28:45.120,6.13239,6.13405,1.00,1.19
2014.06.30 17:28:45.424,6.13265,6.13405,1.00,1.19
2014.06.30 17:28:45.526,6.13265,6.13431,1.00,1.00
2014.06.30 17:28:58.461,6.13274,6.13431,1.00,1.00
2014.06.30 17:28:59.453,6.13265,6.13431,1.00,1.00
2014.06.30 17:29:04.201,6.1327,6.13431,1.00,1.00
2014.06.30 17:29:08.321,6.1327,6.13446,1.00,1.19
2014.06.30 17:29:10.138,6.1327,6.13446,1.00,1.00
2014.06.30 17:29:12.401,6.1327,6.13446,1.00,1.19
2014.06.30 17:29:15.010,6.1327,6.13446,1.00,1.19
2014.06.30 17:29:17.819,6.1327,6.13446,1.00,1.19
2014.06.30 17:29:20.127,6.1327,6.13446,1.00,1.19
2014.06.30 17:29:23.737,6.1327,6.13446,1.00,1.19
2014.06.30 17:29:26.245,6.1327,6.13446,1.00,1.19
2014.06.30 17:29:28.453,6.1327,6.13446,1.00,1.69
2014.06.30 17:29:30.570,6.13268,6.13446,1.20,1.69
2014.06.30 17:29:30.760,6.13268,6.13446,1.20,1.19
2014.06.30 17:29:33.291,6.13268,6.13446,1.20,1.19
2014.06.30 17:29:35.477,6.13268,6.13446,1.20,1.19
2014.06.30 17:29:37.786,6.13268,6.13445,1.20,1.19
2014.06.30 17:29:38.488,6.13272,6.13444,1.00,1.19
2014.06.30 17:29:40.093,6.13272,6.13444,1.00,1.25
2014.06.30 17:29:45.711,6.13272,6.13444,1.65,1.19
2014.06.30 17:29:48.019,6.13272,6.13444,1.65,1.19
2014.06.30 17:29:50.630,6.13272,6.13444,1.65,1.19
2014.06.30 17:29:53.648,6.13272,6.13444,1.65,1.19
2014.06.30 17:29:56.757,6.13272,6.13444,1.65,1.19
2014.06.30 17:29:58.970,6.13272,6.13444,1.65,1.00
2014.06.30 17:30:02.084,6.13272,6.13444,1.65,1.19
2014.06.30 17:30:04.631,6.13272,6.13444,1.65,1.19
2014.06.30 17:30:06.809,6.13272,6.13444,1.00,1.19
2014.06.30 17:30:09.418,6.13272,6.13449,1.00,1.00
2014.06.30 17:30:13.330,6.13272,6.13449,1.00,1.19
2014.06.30 17:30:15.733,6.13272,6.13449,1.00,1.19
2014.06.30 17:30:18.044,6.13272,6.13449,1.00,1.19
2014.06.30 17:30:20.654,6.13272,6.13449,1.00,1.19
2014.06.30 17:30:23.517,6.13272,6.13445,1.00,1.19
2014.06.30 17:30:25.772,6.13272,6.13445,1.00,1.19
2014.06.30 17:30:27.980,6.13272,6.13445,1.00,1.19
2014.06.30 17:30:30.488,6.13272,6.13445,1.00,1.19
2014.06.30 17:30:33.200,6.13272,6.13445,1.00,1.19
2014.06.30 17:30:38.589,6.13268,6.13445,1.20,1.19
2014.06.30 17:30:40.429,6.13268,6.13445,1.20,1.19
2014.06.30 17:30:43.150,6.13268,6.13445,1.20,1.00
2014.06.30 17:30:44.903,6.1328,6.13445,1.00,1.00
2014.06.30 17:30:47.662,6.1328,6.13455,1.00,1.19
2014.06.30 17:30:48.173,6.1328,6.13455,1.00,1.19
2014.06.30 17:30:50.257,6.1328,6.13455,1.00,1.19
2014.06.30 17:30:53.190,6.1328,6.13445,1.00,1.00
2014.06.30 17:30:57.209,6.13275,6.13445,1.00,1.00
2014.06.30 17:30:58.006,6.13275,6.13445,1.00,1.19
2014.06.30 17:31:00.114,6.13275,6.13445,1.00,1.25
2014.06.30 17:31:04.729,6.13275,6.13445,1.00,1.19
2014.06.30 17:31:08.044,6.13275,6.13445,1.00,1.00
2014.06.30 17:31:08.385,6.13275,6.13447,1.00,1.00
2014.06.30 17:31:11.150,6.13275,6.13447,1.00,1.19
2014.06.30 17:31:16.168,6.13275,6.13447,1.00,1.00
2014.06.30 17:31:18.475,6.13275,6.13447,1.00,1.19
2014.06.30 17:31:20.917,6.13275,6.13447,1.00,1.19
2014.06.30 17:31:23.298,6.13275,6.13447,1.00,1.19
2014.06.30 17:31:25.538,6.13275,6.13449,1.00,1.19
2014.06.30 17:31:27.112,6.13276,6.13449,1.20,1.19
2014.06.30 17:31:27.521,6.13276,6.13449,1.20,1.19
2014.06.30 17:31:30.921,6.13276,6.13449,1.20,1.19
2014.06.30 17:31:33.739,6.13276,6.13449,1.20,1.25
2014.06.30 17:31:37.452,6.13276,6.13449,1.20,1.19
2014.06.30 17:31:40.662,6.13276,6.13449,1.20,1.19
2014.06.30 17:31:44.173,6.13276,6.13449,1.20,1.25
2014.06.30 17:31:47.177,6.13273,6.13449,1.65,1.25
2014.06.30 17:31:50.091,6.13273,6.13449,1.65,1.19
2014.06.30 17:31:52.400,6.13273,6.13448,1.65,1.19
2014.06.30 17:31:56.114,6.13273,6.13453,1.65,1.19
2014.06.30 17:31:58.920,6.13273,6.13453,1.65,1.19
2014.06.30 17:31:59.981,6.13279,6.13453,1.00,1.19
2014.06.30 17:32:00.637,6.13283,6.13453,1.00,1.19
2014.06.30 17:32:01.193,6.13283,6.13453,1.00,1.19
2014.06.30 17:32:02.263,6.13285,6.13459,1.00,1.19
2014.06.30 17:32:02.581,6.13299,6.13459,1.20,1.19
2014.06.30 17:32:02.889,6.13301,6.13459,1.00,1.19
2014.06.30 17:32:02.990,6.13299,6.13459,1.20,1.19
2014.06.30 17:32:03.989,6.13299,6.13471,1.20,1.19
2014.06.30 17:32:05.592,6.13299,6.13426,1.20,1.00
2014.06.30 17:32:05.788,6.13285,6.13426,1.00,1.00
2014.06.30 17:32:05.889,6.13271,6.13426,1.20,1.00
2014.06.30 17:32:06.142,6.13271,6.13429,1.20,1.00
2014.06.30 17:32:06.924,6.13271,6.13428,1.20,1.00
2014.06.30 17:32:07.283,6.13271,6.13424,1.20,1.00
2014.06.30 17:32:07.636,6.13271,6.13422,1.20,1.00
2014.06.30 17:32:08.122,6.13271,6.13418,1.20,1.00
2014.06.30 17:32:11.547,6.13271,6.13414,1.20,1.00
2014.06.30 17:32:12.865,6.13271,6.13409,1.20,1.00
2014.06.30 17:32:14.722,6.13271,6.13409,1.20,1.19
2014.06.30 17:32:19.885,6.13271,6.13409,1.20,1.25
2014.06.30 17:32:20.344,6.13271,6.13402,1.20,1.00
2014.06.30 17:32:23.536,6.13271,6.13415,1.20,1.19
2014.06.30 17:32:24.163,6.13271,6.13412,1.20,1.00
2014.06.30 17:32:25.947,6.13255,6.13412,1.20,1.00
2014.06.30 17:32:31.589,6.13255,6.13407,1.20,1.00
2014.06.30 17:32:31.845,6.13231,6.13385,1.20,1.00
2014.06.30 17:32:32.189,6.13244,6.13385,1.00,1.00
2014.06.30 17:32:32.240,6.13244,6.13389,1.00,1.00
2014.06.30 17:32:32.494,6.13244,6.13397,1.00,1.00
2014.06.30 17:32:35.391,6.13244,6.13395,1.00,1.00
2014.06.30 17:32:37.367,6.13244,6.13392,1.00,1.00
2014.06.30 17:32:39.396,6.13233,6.13392,1.00,1.00
2014.06.30 17:32:39.447,6.13233,6.1339,1.00,1.00
2014.06.30 17:32:39.851,6.13233,6.13384,1.00,1.00
2014.06.30 17:32:40.277,6.13233,6.13381,1.00,1.00
2014.06.30 17:32:40.891,6.13233,6.13378,1.00,1.00
2014.06.30 17:32:40.993,6.13231,6.13378,1.20,1.00
2014.06.30 17:32:41.144,6.13231,6.13372,1.20,1.00
2014.06.30 17:32:41.195,6.1319,6.13372,1.00,1.00
2014.06.30 17:32:41.721,6.1319,6.13371,1.00,1.00
2014.06.30 17:32:41.881,6.1319,6.13374,1.00,1.00
2014.06.30 17:32:42.639,6.13199,6.13377,1.00,1.19
2014.06.30 17:32:43.091,6.13197,6.13377,1.00,1.19
2014.06.30 17:32:43.627,6.132,6.13377,1.00,1.19
2014.06.30 17:32:44.236,6.132,6.13377,1.00,1.00
2014.06.30 17:32:44.618,6.1319,6.13377,1.00,1.00
2014.06.30 17:32:45.836,6.13191,6.13377,1.00,1.00
2014.06.30 17:32:50.557,6.13195,6.13377,1.00,1.00
2014.06.30 17:32:52.114,6.13199,6.13385,1.00,1.20
2014.06.30 17:32:52.315,6.13199,6.13379,1.00,1.00
2014.06.30 17:32:53.657,6.13199,6.13376,1.00,1.00
2014.06.30 17:32:53.958,6.13199,6.13373,1.00,1.00
2014.06.30 17:32:55.074,6.13199,6.1337,1.00,1.00
2014.06.30 17:32:55.386,6.13199,6.13368,1.00,1.00
2014.06.30 17:32:55.437,6.13188,6.13366,1.20,1.00
2014.06.30 17:32:56.728,6.13189,6.13366,1.00,1.00
2014.06.30 17:32:57.436,6.13188,6.13366,1.65,1.00
2014.06.30 17:33:11.457,6.13193,6.13366,1.00,1.00
2014.06.30 17:33:15.645,6.1319,6.13366,1.00,1.00
2014.06.30 17:33:16.306,6.13193,6.13366,1.00,1.00
2014.06.30 17:33:17.575,6.13194,6.13366,1.00,1.00
2014.06.30 17:33:18.401,6.13191,6.13366,1.00,1.00
2014.06.30 17:33:19.937,6.13195,6.13366,1.00,1.00
2014.06.30 17:33:23.372,6.13195,6.13371,1.00,1.00
2014.06.30 17:33:38.038,6.13191,6.13371,1.20,1.00
2014.06.30 17:33:42.060,6.1319,6.13371,1.20,1.00
2014.06.30 17:33:51.798,6.1319,6.1337,1.20,1.00
2014.06.30 17:33:53.300,6.1319,6.13375,1.20,1.00
2014.06.30 17:34:02.284,6.132,6.13375,1.20,1.00
2014.06.30 17:34:04.915,6.132,6.13373,1.20,1.00
2014.06.30 17:34:05.824,6.132,6.13371,1.20,1.00
2014.06.30 17:34:07.250,6.132,6.13377,1.20,1.00
2014.06.30 17:34:13.824,6.132,6.13371,1.20,1.00
2014.06.30 17:34:16.392,6.132,6.13377,1.20,1.00
2014.06.30 17:34:23.278,6.13195,6.13377,1.20,1.00
2014.06.30 17:34:23.379,6.13195,6.13375,1.20,1.00
2014.06.30 17:34:30.341,6.13195,6.13374,1.20,1.00
2014.06.30 17:34:33.045,6.13195,6.13371,1.20,1.00
2014.06.30 17:34:36.478,6.13195,6.13366,1.20,1.00
2014.06.30 17:34:36.838,6.13195,6.13362,1.20,1.00
2014.06.30 17:34:37.324,6.13195,6.13366,1.20,1.00
2014.06.30 17:34:43.304,6.13194,6.13366,1.20,1.00
2014.06.30 17:34:44.384,6.13194,6.13365,1.20,1.00
2014.06.30 17:34:45.243,6.13194,6.13364,1.20,1.00
2014.06.30 17:34:46.185,6.13194,6.13361,1.20,1.00
2014.06.30 17:34:52.395,6.13194,6.13365,1.20,1.00
2014.06.30 17:35:03.819,6.13185,6.13365,1.20,1.00
2014.06.30 17:35:08.353,6.13185,6.13366,1.20,1.50
2014.06.30 17:35:15.164,6.13185,6.13365,1.20,1.00
2014.06.30 17:35:15.823,6.13185,6.13366,1.20,1.00
2014.06.30 17:35:16.077,6.1319,6.13373,1.00,1.00
2014.06.30 17:35:17.623,6.1319,6.13377,1.00,1.00
2014.06.30 17:35:24.233,6.13203,6.13377,1.20,1.00
2014.06.30 17:35:34.909,6.13203,6.13378,1.20,1.00
2014.06.30 17:35:44.759,6.13197,6.13378,1.20,1.00
2014.06.30 17:35:53.338,6.13197,6.13375,1.20,1.00
2014.06.30 17:36:02.196,6.13197,6.13375,1.20,1.19
2014.06.30 17:36:05.105,6.13194,6.13375,1.20,1.19
2014.06.30 17:36:05.716,6.13194,6.13375,1.20,1.00
2014.06.30 17:36:09.075,6.13194,6.13366,1.20,1.00
2014.06.30 17:36:25.178,6.13192,6.13366,1.20,1.00
2014.06.30 17:36:37.513,6.13192,6.13365,1.20,1.00
2014.06.30 17:36:38.316,6.13192,6.13374,1.20,1.00
2014.06.30 17:36:45.767,6.13197,6.13374,1.20,1.00
2014.06.30 17:37:05.758,6.13198,6.13374,1.20,1.00
2014.06.30 17:37:08.266,6.13198,6.13379,1.20,1.00
2014.06.30 17:37:08.796,6.13198,6.1338,1.20,1.50
2014.06.30 17:37:26.284,6.13193,6.1338,1.00,1.50
2014.06.30 17:37:33.291,6.13193,6.13377,1.00,1.00
2014.06.30 17:37:35.425,6.13193,6.1338,1.00,1.00
2014.06.30 17:37:37.817,6.13187,6.13369,1.20,1.00
2014.06.30 17:37:39.489,6.13187,6.13367,1.20,1.00
2014.06.30 17:37:39.824,6.13187,6.13369,1.20,1.00
2014.06.30 17:38:07.293,6.13193,6.13369,1.20,1.00
2014.06.30 17:38:08.373,6.13193,6.13374,1.20,1.00
2014.06.30 17:38:33.240,6.13193,6.13373,1.20,1.00
2014.06.30 17:38:48.163,6.13192,6.13373,1.20,1.00
2014.06.30 17:38:57.031,6.13192,6.13374,1.20,1.00
2014.06.30 17:38:58.844,6.13192,6.13364,1.20,1.00
2014.06.30 17:38:59.232,6.13192,6.13362,1.20,1.00
2014.06.30 17:39:03.740,6.13192,6.13364,1.20,1.50
2014.06.30 17:39:03.892,6.13234,6.13364,1.00,1.00
2014.06.30 17:39:04.075,6.13235,6.13389,1.00,1.20
2014.06.30 17:39:04.226,6.13235,6.13396,1.00,1.00
2014.06.30 17:39:04.428,6.13243,6.13396,1.00,1.00
2014.06.30 17:39:05.059,6.13247,6.13396,1.00,1.00
2014.06.30 17:39:05.381,6.1325,6.13396,1.00,1.19
2014.06.30 17:39:05.734,6.13252,6.13406,1.00,1.19
2014.06.30 17:39:06.094,6.13259,6.13406,1.00,1.19
2014.06.30 17:39:06.398,6.13261,6.13406,1.00,1.19
2014.06.30 17:39:07.039,6.13266,6.13406,1.00,1.19
2014.06.30 17:39:07.191,6.13266,6.13415,1.00,1.39
2014.06.30 17:39:08.388,6.1327,6.13418,1.00,1.69
2014.06.30 17:39:08.725,6.13272,6.13418,1.00,1.69
2014.06.30 17:39:09.290,6.13272,6.13418,1.00,1.19
2014.06.30 17:39:09.710,6.1328,6.13425,1.00,1.19
2014.06.30 17:39:10.566,6.13284,6.13425,1.00,1.19
2014.06.30 17:39:10.870,6.13287,6.13425,1.00,1.19
2014.06.30 17:39:11.549,6.1329,6.13425,1.00,1.19
2014.06.30 17:39:11.701,6.1329,6.13436,1.00,1.19
2014.06.30 17:39:11.910,6.13303,6.13436,1.00,1.19
2014.06.30 17:39:12.255,6.13307,6.13443,1.00,1.19
2014.06.30 17:39:13.115,6.13281,6.13438,1.00,1.69
2014.06.30 17:39:13.317,6.13284,6.13438,1.00,1.69
2014.06.30 17:39:13.667,6.13287,6.13438,1.00,1.69
2014.06.30 17:39:14.176,6.13286,6.13443,1.00,1.19
2014.06.30 17:39:14.490,6.13286,6.13438,1.00,1.19
2014.06.30 17:39:14.629,6.1328,6.13438,1.00,1.19
2014.06.30 17:39:15.629,6.13283,6.13435,1.00,1.19
2014.06.30 17:39:15.960,6.13287,6.13435,1.00,1.19
2014.06.30 17:39:16.859,6.1329,6.13435,1.00,1.19
2014.06.30 17:39:17.163,6.13293,6.13435,1.00,1.19
2014.06.30 17:39:17.849,6.13297,6.13435,1.00,1.19
2014.06.30 17:39:18.190,6.133,6.13435,1.00,1.19
2014.06.30 17:39:18.839,6.13304,6.13435,1.00,1.19
2014.06.30 17:39:19.156,6.13307,6.13435,1.00,1.19
2014.06.30 17:39:20.399,6.1331,6.13435,1.00,1.19
2014.06.30 17:39:20.701,6.13314,6.13443,1.00,1.19
2014.06.30 17:39:21.123,6.13314,6.13451,1.00,1.19
2014.06.30 17:39:21.779,6.13283,6.13451,1.00,1.19
2014.06.30 17:39:22.293,6.13284,6.13438,1.00,1.50
2014.06.30 17:39:22.344,6.13288,6.13438,1.00,1.50
2014.06.30 17:39:22.984,6.13288,6.13433,1.00,1.00
2014.06.30 17:39:23.238,6.13228,6.13392,1.00,1.19
2014.06.30 17:39:23.440,6.1322,6.13392,1.00,1.19
2014.06.30 17:39:23.799,6.13224,6.13392,1.00,1.19
2014.06.30 17:39:24.103,6.13209,6.13371,1.00,1.00
2014.06.30 17:39:24.461,6.13204,6.13371,1.00,1.00
2014.06.30 17:39:24.663,6.13225,6.1338,1.00,1.39
2014.06.30 17:39:24.967,6.13233,6.13389,1.00,1.19
2014.06.30 17:39:25.123,6.13209,6.13389,1.20,1.19
2014.06.30 17:39:25.649,6.13211,6.13388,1.00,1.69
2014.06.30 17:39:25.950,6.13214,6.13388,1.00,1.69
2014.06.30 17:39:26.212,6.13192,6.13365,1.00,1.39
2014.06.30 17:39:26.414,6.13203,6.13365,1.00,1.39
2014.06.30 17:39:26.732,6.13213,6.13365,1.00,1.39
2014.06.30 17:39:27.070,6.13216,6.13365,1.00,1.39
2014.06.30 17:39:27.172,6.13207,6.13365,1.00,1.39
2014.06.30 17:39:27.720,6.1321,6.13365,1.00,1.39
2014.06.30 17:39:28.142,6.13216,6.13365,1.00,1.39
2014.06.30 17:39:28.396,6.13208,6.13353,1.00,1.19
2014.06.30 17:39:28.759,6.1322,6.13353,1.00,1.19
2014.06.30 17:39:29.073,6.13231,6.13364,1.00,1.19
2014.06.30 17:39:29.599,6.13232,6.13364,1.00,1.19
2014.06.30 17:39:30.253,6.13232,6.13372,1.00,1.00
2014.06.30 17:39:30.405,6.13224,6.13372,1.00,1.00
2014.06.30 17:39:30.800,6.13221,6.13372,1.00,1.00
2014.06.30 17:39:30.902,6.13221,6.13368,1.00,1.50
2014.06.30 17:39:31.020,6.13215,6.13368,1.00,1.50
2014.06.30 17:39:31.083,6.13215,6.13372,1.00,1.00
2014.06.30 17:39:31.244,6.13223,6.13372,1.00,1.00
2014.06.30 17:39:32.331,6.13223,6.13372,1.00,1.19
2014.06.30 17:39:34.542,6.13223,6.13372,1.00,1.19
2014.06.30 17:39:35.860,6.13194,6.13357,1.20,1.19
2014.06.30 17:39:36.012,6.13189,6.13348,1.00,1.69
2014.06.30 17:39:36.113,6.13185,6.13343,1.00,1.00
2014.06.30 17:39:36.322,6.13192,6.13343,1.00,1.00
2014.06.30 17:39:36.951,6.13192,6.13343,1.00,1.19
2014.06.30 17:39:37.254,6.13195,6.13343,1.00,1.19
2014.06.30 17:39:37.708,6.13199,6.13343,1.00,1.19
2014.06.30 17:39:38.059,6.13202,6.13343,1.00,1.19
2014.06.30 17:39:38.608,6.13206,6.13343,1.00,1.19
2014.06.30 17:39:39.049,6.1321,6.13343,1.00,1.19
2014.06.30 17:39:39.379,6.13212,6.13343,1.00,1.19
2014.06.30 17:39:39.635,6.13212,6.13364,1.00,1.84
2014.06.30 17:39:40.331,6.13216,6.13364,1.00,1.84
2014.06.30 17:39:41.318,6.13224,6.13364,1.00,1.84
2014.06.30 17:39:41.420,6.13224,6.13364,1.00,1.39
2014.06.30 17:39:41.530,6.13228,6.13364,1.00,1.39
2014.06.30 17:39:42.480,6.1323,6.13364,1.00,1.39
2014.06.30 17:39:43.390,6.1323,6.13386,1.00,1.19
2014.06.30 17:39:43.441,6.13239,6.13389,1.00,1.39
2014.06.30 17:39:43.644,6.13239,6.13403,1.00,1.00
2014.06.30 17:39:43.745,6.13262,6.13378,1.00,1.50
2014.06.30 17:39:43.847,6.13223,6.13378,1.20,1.50
2014.06.30 17:39:43.898,6.13219,6.13378,1.00,1.50
2014.06.30 17:39:44.101,6.13222,6.13378,1.00,1.50
2014.06.30 17:39:44.439,6.13225,6.13378,1.00,1.50
2014.06.30 17:39:44.839,6.13229,6.13378,1.00,1.69
2014.06.30 17:39:45.150,6.13232,6.13386,1.00,1.69
2014.06.30 17:39:45.629,6.13227,6.13386,1.00,1.69
2014.06.30 17:39:46.148,6.13228,6.13386,1.00,1.69
2014.06.30 17:39:46.198,6.13231,6.13386,1.00,1.69
2014.06.30 17:39:46.534,6.13235,6.13386,1.00,1.69
2014.06.30 17:39:46.996,6.13238,6.13386,1.00,1.69
2014.06.30 17:39:47.307,6.13242,6.13386,1.00,1.69
2014.06.30 17:39:47.358,6.13242,6.13386,1.00,1.00
2014.06.30 17:39:47.409,6.13245,6.13386,1.00,1.00
2014.06.30 17:39:48.398,6.13248,6.13386,1.00,1.00
2014.06.30 17:39:48.700,6.13252,6.13386,1.00,1.00
2014.06.30 17:39:49.027,6.13255,6.13401,1.00,1.19
2014.06.30 17:39:49.489,6.13259,6.13401,1.00,1.19
2014.06.30 17:39:49.640,6.13259,6.13406,1.00,1.19
2014.06.30 17:39:49.691,6.13263,6.13406,1.00,1.19
2014.06.30 17:39:51.102,6.13227,6.13406,1.00,1.19
2014.06.30 17:39:51.153,6.13227,6.13406,1.00,1.19
2014.06.30 17:39:51.204,6.13227,6.13387,1.00,1.50
2014.06.30 17:39:51.528,6.1323,6.13387,1.00,1.50
2014.06.30 17:39:51.579,6.13228,6.13387,1.00,1.50
2014.06.30 17:39:51.869,6.13233,6.13387,1.00,1.50
2014.06.30 17:39:52.339,6.13236,6.13387,1.00,1.50
2014.06.30 17:39:52.637,6.13236,6.13389,1.00,1.20
2014.06.30 17:39:52.688,6.1324,6.13389,1.00,1.20
2014.06.30 17:39:53.298,6.13242,6.13389,1.00,1.20
2014.06.30 17:39:53.629,6.13247,6.13389,1.00,1.20
2014.06.30 17:39:53.950,6.13259,6.13406,1.00,1.19
2014.06.30 17:39:54.288,6.13265,6.13406,1.00,1.19
2014.06.30 17:39:54.642,6.13269,6.13406,1.00,1.19
2014.06.30 17:39:55.658,6.13272,6.13408,1.00,1.19
2014.06.30 17:39:55.860,6.13277,6.13415,1.00,1.19
2014.06.30 17:39:56.648,6.1328,6.13415,1.00,1.19
2014.06.30 17:39:57.859,6.1328,6.13415,1.00,1.19
2014.06.30 17:39:58.398,6.13244,6.13415,1.00,1.19
2014.06.30 17:39:58.449,6.13244,6.13398,1.00,1.50
2014.06.30 17:39:58.751,6.13245,6.13392,1.00,1.00
2014.06.30 17:39:59.288,6.13248,6.13392,1.00,1.00
2014.06.30 17:39:59.602,6.13253,6.13392,1.00,1.00
2014.06.30 17:39:59.948,6.13256,6.13392,1.00,1.00
2014.06.30 17:40:00.778,6.13259,6.13392,1.00,1.00
2014.06.30 17:40:01.267,6.13262,6.13392,1.00,1.00
2014.06.30 17:40:01.878,6.13262,6.13407,1.00,2.44
2014.06.30 17:40:01.929,6.13265,6.13407,1.00,2.44
2014.06.30 17:40:02.249,6.1327,6.13407,1.00,1.19
2014.06.30 17:40:03.119,6.13273,6.13407,1.00,1.19
2014.06.30 17:40:03.384,6.13273,6.13412,1.00,1.69
2014.06.30 17:40:03.435,6.13276,6.13412,1.00,1.69
2014.06.30 17:40:04.299,6.13279,6.13412,1.00,1.69
2014.06.30 17:40:05.607,6.13279,6.13412,1.00,1.19
2014.06.30 17:40:05.796,6.13279,6.13412,1.00,1.19
2014.06.30 17:40:05.847,6.13244,6.13412,1.00,1.19
2014.06.30 17:40:05.898,6.13244,6.13397,1.00,1.50
2014.06.30 17:40:06.103,6.13242,6.13397,1.00,1.50
2014.06.30 17:40:06.439,6.13249,6.13397,1.00,1.50
2014.06.30 17:40:07.169,6.13252,6.13397,1.00,1.50
2014.06.30 17:40:07.490,6.13255,6.13407,1.00,1.50
2014.06.30 17:40:08.148,6.13255,6.134,1.00,1.19
2014.06.30 17:40:08.464,6.13261,6.134,1.00,1.19
2014.06.30 17:40:09.189,6.13265,6.134,1.00,1.19
2014.06.30 17:40:09.510,6.13268,6.134,1.00,1.19
2014.06.30 17:40:10.180,6.13269,6.134,1.00,1.19
2014.06.30 17:40:10.448,6.13272,6.13405,1.00,1.19
2014.06.30 17:40:10.701,6.13275,6.13405,1.00,1.19
2014.06.30 17:40:11.388,6.13279,6.13405,1.00,1.19
2014.06.30 17:40:12.330,6.13274,6.13405,1.00,1.19
2014.06.30 17:40:12.381,6.13274,6.13378,1.00,1.50
2014.06.30 17:40:12.524,6.13236,6.13378,1.00,1.50
2014.06.30 17:40:12.676,6.13238,6.13378,1.00,1.50
2014.06.30 17:40:13.241,6.13241,6.13378,1.00,1.50
2014.06.30 17:40:13.571,6.13245,6.13378,1.00,1.50
2014.06.30 17:40:13.723,6.13245,6.13386,1.00,1.19
2014.06.30 17:40:14.094,6.13247,6.13386,1.00,1.19
2014.06.30 17:40:14.857,6.13247,6.13386,1.00,1.19
2014.06.30 17:40:15.161,6.13253,6.13386,1.00,1.19
2014.06.30 17:40:15.669,6.13254,6.13386,1.00,1.19
2014.06.30 17:40:16.220,6.13258,6.13386,1.00,1.19
2014.06.30 17:40:17.045,6.13258,6.13386,1.00,1.19
2014.06.30 17:40:18.202,6.13262,6.13386,1.00,1.19
2014.06.30 17:40:18.405,6.13252,6.13386,1.00,1.19
2014.06.30 17:40:19.589,6.13256,6.13386,1.00,1.25
2014.06.30 17:40:22.338,6.13259,6.13386,1.00,1.00
2014.06.30 17:40:26.851,6.13259,6.13408,1.00,2.44
2014.06.30 17:40:27.004,6.13273,6.13408,1.00,1.19
2014.06.30 17:40:27.388,6.13284,6.13408,1.00,1.19
2014.06.30 17:40:28.127,6.13284,6.1341,1.00,1.00
2014.06.30 17:40:31.170,6.13249,6.1341,1.00,1.00
2014.06.30 17:40:31.221,6.13249,6.13397,1.00,1.50
2014.06.30 17:40:31.546,6.13251,6.13397,1.00,1.50
2014.06.30 17:40:32.174,6.13249,6.13397,1.00,1.50
2014.06.30 17:40:32.477,6.13254,6.13397,1.00,1.50
2014.06.30 17:40:32.772,6.13254,6.1341,1.00,1.00
2014.06.30 17:40:33.228,6.13256,6.1341,1.00,1.00
2014.06.30 17:40:33.559,6.1326,6.13411,1.00,1.19
2014.06.30 17:40:33.990,6.13264,6.13411,1.00,1.19
2014.06.30 17:40:34.332,6.13267,6.13411,1.00,1.19
2014.06.30 17:40:34.548,6.13263,6.13411,1.00,1.19
2014.06.30 17:40:35.695,6.13263,6.134,1.00,1.19
2014.06.30 17:40:35.997,6.13266,6.134,1.00,1.19
2014.06.30 17:40:36.677,6.13267,6.134,1.00,1.19
2014.06.30 17:40:37.343,6.1327,6.134,1.00,1.19
2014.06.30 17:40:37.772,6.1327,6.13406,1.00,1.19
2014.06.30 17:40:39.654,6.13271,6.13406,1.00,1.19
2014.06.30 17:40:40.008,6.13271,6.13412,1.00,1.19
2014.06.30 17:40:40.059,6.13274,6.13412,1.00,1.19
2014.06.30 17:40:41.191,6.13279,6.13412,1.00,1.19
2014.06.30 17:40:42.189,6.13279,6.13412,1.00,1.19
2014.06.30 17:40:44.118,6.13281,6.13412,1.00,1.19
2014.06.30 17:40:44.652,6.13281,6.13412,1.00,1.19
2014.06.30 17:40:45.329,6.13246,6.13408,1.00,1.00
2014.06.30 17:40:45.431,6.13246,6.13398,1.00,1.50
2014.06.30 17:40:45.960,6.13247,6.13398,1.00,1.50
2014.06.30 17:40:46.466,6.13248,6.13398,1.00,1.50
2014.06.30 17:40:46.768,6.13252,6.13398,1.00,1.50
2014.06.30 17:40:47.712,6.13252,6.13398,1.00,1.69
2014.06.30 17:40:48.129,6.13255,6.13398,1.00,1.69
2014.06.30 17:40:48.577,6.13259,6.134,1.00,1.19
2014.06.30 17:40:49.344,6.13262,6.134,1.00,1.19
2014.06.30 17:40:49.850,6.13263,6.134,1.00,1.19
2014.06.30 17:40:51.220,6.13266,6.134,1.00,1.19
2014.06.30 17:40:52.131,6.13266,6.13401,1.00,1.19
2014.06.30 17:40:52.347,6.13271,6.13401,1.00,1.19
2014.06.30 17:40:55.159,6.13271,6.13402,1.00,1.00
2014.06.30 17:40:55.209,6.13274,6.13402,1.00,1.00
2014.06.30 17:40:57.369,6.13278,6.13402,1.00,1.00
2014.06.30 17:40:58.909,6.13281,6.13402,1.00,1.00
2014.06.30 17:41:00.599,6.13245,6.13388,1.00,1.50
2014.06.30 17:41:00.902,6.13243,6.13388,1.00,1.50
2014.06.30 17:41:01.251,6.13251,6.13388,1.00,1.50
2014.06.30 17:41:01.890,6.13254,6.13388,1.00,1.50
2014.06.30 17:41:02.143,6.13257,6.134,1.00,1.00
2014.06.30 17:41:02.869,6.13262,6.134,1.00,1.00
2014.06.30 17:41:03.385,6.13262,6.134,1.00,1.19
2014.06.30 17:41:04.094,6.13264,6.134,1.00,1.19
2014.06.30 17:41:05.134,6.13264,6.134,1.00,1.19
2014.06.30 17:41:05.185,6.13267,6.134,1.00,1.19
2014.06.30 17:41:05.546,6.13271,6.134,1.00,1.19
2014.06.30 17:41:07.339,6.13271,6.134,1.00,1.00
2014.06.30 17:41:07.390,6.13274,6.134,1.00,1.00
2014.06.30 17:41:11.228,6.13278,6.134,1.00,1.00
2014.06.30 17:41:13.157,6.13278,6.13418,1.00,1.69
2014.06.30 17:41:13.208,6.13281,6.13418,1.00,1.69
2014.06.30 17:41:13.678,6.13281,6.13418,1.00,1.69
2014.06.30 17:41:14.858,6.13281,6.13418,1.00,1.69
2014.06.30 17:41:14.909,6.13246,6.13398,1.00,1.50
2014.06.30 17:41:15.118,6.13249,6.13398,1.00,1.50
2014.06.30 17:41:16.181,6.13251,6.13398,1.00,2.25
2014.06.30 17:41:16.521,6.13254,6.13398,1.00,2.25
2014.06.30 17:41:16.839,6.13254,6.13398,1.00,2.44
2014.06.30 17:41:17.499,6.13257,6.13398,1.00,1.19
2014.06.30 17:41:18.750,6.13244,6.13398,1.00,2.44
2014.06.30 17:41:19.379,6.13246,6.13398,1.00,2.44
2014.06.30 17:41:19.878,6.13246,6.13397,1.00,1.19
2014.06.30 17:41:20.189,6.13255,6.13397,1.00,1.19
2014.06.30 17:41:20.578,6.13261,6.13397,1.00,1.19
2014.06.30 17:41:21.140,6.13264,6.13397,1.00,1.19
2014.06.30 17:41:21.678,6.13263,6.13397,1.00,1.19
2014.06.30 17:41:22.357,6.13267,6.13397,1.00,1.19
2014.06.30 17:41:22.459,6.13267,6.13398,1.00,1.19
2014.06.30 17:41:24.538,6.13269,6.13398,1.00,1.19
2014.06.30 17:41:24.868,6.13271,6.13398,1.00,1.19
2014.06.30 17:41:25.401,6.1327,6.13397,1.00,1.19
2014.06.30 17:41:25.900,6.13269,6.13395,1.00,1.19
2014.06.30 17:41:27.068,6.13266,6.13395,1.00,1.19
2014.06.30 17:41:27.468,6.13265,6.13391,1.00,1.19
2014.06.30 17:41:28.608,6.13269,6.13391,1.00,1.19
2014.06.30 17:41:32.807,6.13269,6.13388,1.00,1.19
2014.06.30 17:41:34.889,6.13269,6.13391,1.00,1.19
2014.06.30 17:41:35.207,6.13272,6.13391,1.00,1.19
2014.06.30 17:41:37.297,6.13276,6.13391,1.00,1.19
2014.06.30 17:41:37.348,6.13276,6.13396,1.00,1.19
2014.06.30 17:41:39.912,6.13276,6.13394,1.00,1.19
2014.06.30 17:41:40.112,6.13276,6.13401,1.00,1.19
2014.06.30 17:41:40.163,6.13251,6.13401,1.00,1.19
2014.06.30 17:41:40.618,6.13256,6.13398,1.00,1.69
2014.06.30 17:41:41.169,6.13255,6.13398,1.00,1.69
2014.06.30 17:41:41.480,6.13259,6.13398,1.00,1.69
2014.06.30 17:41:41.793,6.13263,6.13401,1.00,1.19
2014.06.30 17:41:42.318,6.13263,6.13393,1.00,1.19
2014.06.30 17:41:42.735,6.13265,6.13393,1.00,1.19
2014.06.30 17:41:43.478,6.13266,6.13393,1.00,1.19
2014.06.30 17:41:43.798,6.13269,6.13393,1.00,1.19
2014.06.30 17:41:44.415,6.1327,6.13393,1.00,1.19
2014.06.30 17:41:44.466,6.1327,6.134,1.00,1.19
2014.06.30 17:41:44.579,6.13266,6.134,1.00,1.19
2014.06.30 17:41:45.668,6.13269,6.134,1.00,1.19
2014.06.30 17:41:46.446,6.13269,6.1339,1.00,1.19
2014.06.30 17:41:46.980,6.13273,6.1339,1.00,1.19
2014.06.30 17:41:48.947,6.13273,6.13393,1.00,1.19
2014.06.30 17:41:52.308,6.13276,6.13393,1.00,1.19
2014.06.30 17:41:54.167,6.13276,6.13392,1.00,1.19
2014.06.30 17:41:54.588,6.13276,6.13398,1.00,1.19
2014.06.30 17:41:54.689,6.13247,6.13391,1.00,1.19
2014.06.30 17:41:54.840,6.13251,6.13391,1.00,1.19
2014.06.30 17:41:55.361,6.13252,6.13391,1.00,1.19
2014.06.30 17:41:56.178,6.13255,6.13391,1.00,1.19
2014.06.30 17:41:56.504,6.13258,6.13391,1.00,1.19
2014.06.30 17:41:56.905,6.13258,6.1339,1.00,1.19
2014.06.30 17:41:57.209,6.13262,6.1339,1.00,1.19
2014.06.30 17:41:57.617,6.13267,6.1339,1.00,1.19
2014.06.30 17:41:58.158,6.13269,6.1339,1.00,1.19
2014.06.30 17:41:59.084,6.13269,6.13391,1.00,1.19
2014.06.30 17:42:00.790,6.13269,6.13391,1.00,1.19
2014.06.30 17:42:00.891,6.13248,6.13391,1.00,1.19
2014.06.30 17:42:01.115,6.13245,6.13391,1.00,1.19
2014.06.30 17:42:01.370,6.13271,6.13391,1.00,1.19
2014.06.30 17:42:02.094,6.13271,6.13391,1.00,1.19
2014.06.30 17:42:03.330,6.13272,6.13391,1.00,1.19
2014.06.30 17:42:03.532,6.1325,6.13391,1.00,1.19
2014.06.30 17:42:03.785,6.13252,6.13391,1.00,1.19
2014.06.30 17:42:04.271,6.13255,6.13391,1.00,1.19
2014.06.30 17:42:04.597,6.13255,6.13386,1.00,1.19
2014.06.30 17:42:04.977,6.13259,6.13386,1.00,1.19
2014.06.30 17:42:05.591,6.13262,6.13386,1.00,1.19
2014.06.30 17:42:05.937,6.13265,6.13386,1.00,1.19
2014.06.30 17:42:06.909,6.13265,6.1339,1.00,1.19
2014.06.30 17:42:07.397,6.13269,6.1339,1.00,1.19
2014.06.30 17:42:08.717,6.13273,6.1339,1.00,1.19
2014.06.30 17:42:08.947,6.13273,6.13391,1.00,1.19
2014.06.30 17:42:09.661,6.13273,6.13398,1.00,1.69
2014.06.30 17:42:09.712,6.13247,6.13398,1.00,1.69
2014.06.30 17:42:09.813,6.13249,6.13398,1.00,1.69
2014.06.30 17:42:10.127,6.13252,6.13397,1.00,1.39
2014.06.30 17:42:10.687,6.13243,6.13375,1.00,1.00
2014.06.30 17:42:11.244,6.13236,6.13375,1.00,1.00
2014.06.30 17:42:11.382,6.13239,6.13375,1.00,1.00
2014.06.30 17:42:12.691,6.13235,6.13375,1.00,1.00
2014.06.30 17:42:12.918,6.13239,6.13375,1.00,1.00
2014.06.30 17:42:13.999,6.13242,6.13375,1.00,1.00
2014.06.30 17:42:14.303,6.13242,6.13375,1.00,1.19
2014.06.30 17:42:14.888,6.13236,6.13375,1.00,1.19
2014.06.30 17:42:17.049,6.13236,6.13375,1.00,1.19
2014.06.30 17:42:17.200,6.13239,6.13375,1.00,1.19
2014.06.30 17:42:19.580,6.13239,6.13375,1.00,1.00
2014.06.30 17:42:23.328,6.13241,6.13375,1.00,1.00
2014.06.30 17:42:27.667,6.13238,6.13375,1.00,1.00
2014.06.30 17:42:27.887,6.13242,6.13375,1.00,1.00
2014.06.30 17:42:28.209,6.13244,6.13375,1.00,1.00
2014.06.30 17:42:28.657,6.13251,6.13375,1.00,1.00
2014.06.30 17:42:28.810,6.13251,6.13395,1.00,1.69
2014.06.30 17:42:28.962,6.13254,6.13395,1.00,1.19
2014.06.30 17:42:29.265,6.13257,6.13395,1.00,1.19
2014.06.30 17:42:29.816,6.13257,6.13395,1.00,1.19
2014.06.30 17:42:30.132,6.13265,6.13395,1.00,1.19
2014.06.30 17:42:30.856,6.13268,6.13395,1.00,1.19
2014.06.30 17:42:31.161,6.13272,6.13395,1.00,1.19
2014.06.30 17:42:31.846,6.13269,6.134,1.00,1.19
2014.06.30 17:42:32.117,6.13269,6.13408,1.00,1.19
2014.06.30 17:42:32.168,6.1324,6.13408,1.00,1.19
2014.06.30 17:42:32.219,6.1324,6.1339,1.00,1.00
2014.06.30 17:42:32.617,6.13244,6.1339,1.00,1.00
2014.06.30 17:42:33.472,6.13247,6.1339,1.00,1.00
2014.06.30 17:42:33.809,6.1325,6.1339,1.00,1.00
2014.06.30 17:42:34.648,6.1325,6.13384,1.00,1.19
2014.06.30 17:42:34.978,6.13258,6.13384,1.00,1.19
2014.06.30 17:42:35.908,6.13261,6.13384,1.00,1.19
2014.06.30 17:42:36.724,6.13261,6.13383,1.00,1.19
2014.06.30 17:42:37.438,6.13239,6.13385,1.00,1.19
2014.06.30 17:42:37.668,6.13241,6.13385,1.00,1.19
2014.06.30 17:42:37.984,6.13244,6.13385,1.00,1.19
2014.06.30 17:42:38.838,6.1325,6.13385,1.00,1.19
2014.06.30 17:42:39.157,6.13254,6.13385,1.00,1.19
2014.06.30 17:42:39.648,6.13254,6.13389,1.00,1.19
2014.06.30 17:42:39.876,6.13257,6.13389,1.00,1.19
2014.06.30 17:42:40.197,6.13261,6.13389,1.00,1.19
2014.06.30 17:42:40.638,6.13267,6.1339,1.00,1.19
2014.06.30 17:42:40.967,6.13269,6.1339,1.00,1.19
2014.06.30 17:42:42.043,6.13269,6.13393,1.00,1.19
2014.06.30 17:42:43.676,6.13268,6.13393,1.00,1.19
2014.06.30 17:42:44.877,6.13268,6.13401,1.00,1.19
2014.06.30 17:42:47.457,6.13268,6.13391,1.00,1.19
2014.06.30 17:42:51.067,6.13268,6.13398,1.00,1.19
2014.06.30 17:42:51.168,6.1324,6.13397,1.00,1.19
2014.06.30 17:42:51.646,6.13243,6.13396,1.00,1.39
2014.06.30 17:42:52.146,6.13245,6.13396,1.00,1.39
2014.06.30 17:42:52.449,6.13248,6.13396,1.00,1.39
2014.06.30 17:42:52.801,6.13251,6.13396,1.00,1.39
2014.06.30 17:42:53.397,6.13251,6.13396,1.00,1.39
2014.06.30 17:42:53.499,6.13256,6.13396,1.00,1.39
2014.06.30 17:42:53.809,6.13258,6.13396,1.00,1.39
2014.06.30 17:42:54.499,6.13262,6.13396,1.00,1.39
2014.06.30 17:42:54.802,6.13269,6.13397,1.00,1.19
2014.06.30 17:42:55.381,6.13269,6.13397,1.00,1.19
2014.06.30 17:42:55.666,6.13272,6.13397,1.00,1.19
2014.06.30 17:42:55.968,6.13276,6.13397,1.00,1.19
2014.06.30 17:42:57.219,6.13247,6.13397,1.00,1.19
2014.06.30 17:42:57.320,6.1325,6.13397,1.00,1.19
2014.06.30 17:42:57.635,6.13254,6.13397,1.00,1.19
2014.06.30 17:42:57.988,6.13254,6.13397,1.00,1.19
2014.06.30 17:42:58.207,6.13252,6.13397,1.00,1.19
2014.06.30 17:42:58.636,6.13256,6.13397,1.00,1.19
2014.06.30 17:42:58.943,6.1326,6.13397,1.00,1.19
2014.06.30 17:42:59.856,6.13262,6.13397,1.00,1.19
2014.06.30 17:43:00.159,6.13266,6.13397,1.00,1.19
2014.06.30 17:43:00.496,6.13266,6.13397,1.00,1.19
2014.06.30 17:43:01.207,6.13273,6.13397,1.00,1.19
2014.06.30 17:43:02.426,6.13276,6.13397,1.00,1.19
2014.06.30 17:43:03.305,6.13276,6.13397,1.00,1.25
2014.06.30 17:43:04.033,6.13277,6.13409,1.00,1.19
2014.06.30 17:43:04.406,6.13248,6.13409,1.00,1.19
2014.06.30 17:43:04.457,6.13248,6.13395,1.00,1.19
2014.06.30 17:43:04.846,6.13251,6.13394,1.00,1.19
2014.06.30 17:43:05.786,6.13246,6.13394,1.00,1.19
2014.06.30 17:43:06.148,6.13249,6.13394,1.00,1.19
2014.06.30 17:43:06.463,6.13252,6.13394,1.00,1.19
2014.06.30 17:43:06.737,6.13252,6.13394,1.00,1.19
2014.06.30 17:43:07.376,6.13247,6.13394,1.00,1.19
2014.06.30 17:43:07.697,6.1325,6.13394,1.00,1.19
2014.06.30 17:43:08.045,6.13252,6.13394,1.00,1.19
2014.06.30 17:43:08.924,6.13252,6.13394,1.00,1.19
2014.06.30 17:43:08.975,6.13246,6.13394,1.00,1.19
2014.06.30 17:43:09.136,6.13249,6.13394,1.00,1.19
2014.06.30 17:43:09.516,6.13252,6.13394,1.00,1.19
2014.06.30 17:43:10.346,6.13246,6.13394,1.00,1.19
2014.06.30 17:43:10.674,6.13249,6.13394,1.00,1.19
2014.06.30 17:43:11.046,6.13252,6.13394,1.00,1.19
2014.06.30 17:43:11.358,6.13252,6.13394,1.00,1.19
2014.06.30 17:43:11.886,6.13246,6.13394,1.00,1.19
2014.06.30 17:43:12.056,6.13249,6.13394,1.00,1.19
2014.06.30 17:43:12.399,6.13252,6.13394,1.00,1.19
2014.06.30 17:43:13.426,6.13246,6.13394,1.00,1.19
2014.06.30 17:43:13.477,6.13246,6.13394,1.00,1.19
2014.06.30 17:43:13.816,6.13249,6.13394,1.00,1.19
2014.06.30 17:43:14.245,6.13253,6.13394,1.00,1.19
2014.06.30 17:43:14.838,6.13246,6.13394,1.00,1.19
2014.06.30 17:43:15.164,6.13249,6.13394,1.00,1.19
2014.06.30 17:43:15.467,6.13252,6.13394,1.00,1.19
2014.06.30 17:43:15.957,6.13252,6.13394,1.00,1.19
2014.06.30 17:43:16.476,6.13246,6.13394,1.00,1.19
2014.06.30 17:43:16.566,6.13249,6.13394,1.00,1.19
2014.06.30 17:43:16.895,6.13252,6.13394,1.00,1.19
2014.06.30 17:43:17.936,6.13247,6.13394,1.00,1.19
2014.06.30 17:43:18.131,6.13249,6.13394,1.00,1.19
2014.06.30 17:43:18.292,6.13249,6.13394,1.00,1.19
2014.06.30 17:43:18.342,6.13253,6.13394,1.00,1.19
2014.06.30 17:43:19.425,6.13246,6.13394,1.00,1.19
2014.06.30 17:43:19.577,6.1325,6.13394,1.00,1.19
2014.06.30 17:43:19.915,6.13252,6.13394,1.00,1.19
2014.06.30 17:43:20.601,6.13252,6.13394,1.00,1.19
2014.06.30 17:43:20.905,6.13246,6.13394,1.00,1.19
2014.06.30 17:43:21.126,6.13249,6.13394,1.00,1.19
2014.06.30 17:43:21.459,6.13252,6.13394,1.00,1.19
2014.06.30 17:43:22.335,6.13247,6.13394,1.00,1.19
2014.06.30 17:43:22.665,6.13249,6.13394,1.00,1.19
2014.06.30 17:43:23.007,6.13252,6.13394,1.00,1.19
2014.06.30 17:43:23.826,6.13246,6.13402,1.00,1.19
2014.06.30 17:43:24.063,6.13249,6.13402,1.00,1.19
2014.06.30 17:43:24.426,6.13253,6.13402,1.00,1.19
2014.06.30 17:43:25.379,6.13253,6.13396,1.00,1.19
2014.06.30 17:43:25.430,6.13246,6.13396,1.00,1.19
2014.06.30 17:43:25.620,6.13249,6.13396,1.00,1.19
2014.06.30 17:43:25.923,6.13251,6.13396,1.00,1.19
2014.06.30 17:43:26.705,6.1325,6.13396,1.00,1.19
2014.06.30 17:43:27.008,6.13254,6.13396,1.00,1.19
2014.06.30 17:43:27.428,6.13258,6.13396,1.00,1.19
2014.06.30 17:43:27.630,6.13259,6.13401,1.00,1.19
2014.06.30 17:43:27.836,6.13262,6.13401,1.00,1.19
2014.06.30 17:43:28.139,6.13265,6.13401,1.00,1.19
2014.06.30 17:43:28.921,6.13269,6.13401,1.00,1.19
2014.06.30 17:43:29.597,6.13269,6.13403,1.00,1.19
2014.06.30 17:43:31.457,6.13273,6.13403,1.00,1.19
2014.06.30 17:43:32.346,6.13273,6.13399,1.00,1.19
2014.06.30 17:43:32.448,6.13246,6.13399,1.00,1.19
2014.06.30 17:43:32.650,6.13249,6.13399,1.00,1.19
2014.06.30 17:43:32.982,6.13252,6.13399,1.00,1.19
2014.06.30 17:43:33.879,6.13246,6.13399,1.00,1.19
2014.06.30 17:43:34.413,6.13246,6.13396,1.00,1.19
2014.06.30 17:43:37.122,6.13246,6.13399,1.00,1.19
2014.06.30 17:43:40.130,6.13246,6.13401,1.00,1.19
2014.06.30 17:43:42.235,6.13246,6.134,1.00,1.19
2014.06.30 17:43:43.316,6.13249,6.134,1.00,1.19
2014.06.30 17:43:45.743,6.13249,6.13403,1.00,1.69
2014.06.30 17:43:53.763,6.13249,6.13395,1.00,1.19
2014.06.30 17:43:56.668,6.13249,6.13395,1.00,1.19
2014.06.30 17:43:58.777,6.13249,6.13395,1.00,1.19
2014.06.30 17:43:59.732,6.13244,6.13395,1.00,1.19
2014.06.30 17:44:05.842,6.13244,6.13395,1.00,1.19
2014.06.30 17:44:07.822,6.13244,6.13394,1.00,1.19
2014.06.30 17:44:08.646,6.13241,6.13394,1.00,1.19
2014.06.30 17:44:08.949,6.13238,6.13385,1.00,1.19
2014.06.30 17:44:09.192,6.13242,6.13385,1.00,1.19
2014.06.30 17:44:09.516,6.13245,6.13385,1.00,1.19
2014.06.30 17:44:09.851,6.13248,6.13385,1.00,1.19
2014.06.30 17:44:10.406,6.13251,6.13385,1.00,1.19
2014.06.30 17:44:10.726,6.13254,6.13385,1.00,1.19
2014.06.30 17:44:11.615,6.13257,6.13385,1.00,1.19
2014.06.30 17:44:11.918,6.13261,6.13385,1.00,1.19
2014.06.30 17:44:12.618,6.13261,6.13385,1.00,1.19
2014.06.30 17:44:13.156,6.13265,6.13385,1.00,1.19
2014.06.30 17:44:13.482,6.13271,6.13395,1.00,1.19
2014.06.30 17:44:14.335,6.13269,6.13395,1.00,1.19
2014.06.30 17:44:14.697,6.13272,6.13395,1.00,1.19
2014.06.30 17:44:14.748,6.13272,6.134,1.00,1.19
2014.06.30 17:44:14.916,6.13274,6.134,1.00,1.19
2014.06.30 17:44:15.984,6.13247,6.134,1.00,1.19
2014.06.30 17:44:16.136,6.13249,6.134,1.00,1.19
2014.06.30 17:44:16.463,6.13252,6.134,1.00,1.19
2014.06.30 17:44:17.026,6.13252,6.13402,1.00,1.84
2014.06.30 17:44:17.304,6.13245,6.13402,1.00,1.84
2014.06.30 17:44:17.666,6.13248,6.13402,1.00,1.84
2014.06.30 17:44:17.986,6.13252,6.13402,1.00,1.84
2014.06.30 17:44:18.986,6.13245,6.13402,1.00,1.84
2014.06.30 17:44:19.087,6.13248,6.13402,1.00,1.84
2014.06.30 17:44:19.391,6.13248,6.13392,1.00,1.19
2014.06.30 17:44:19.955,6.13247,6.13392,1.00,1.19
2014.06.30 17:44:20.258,6.13251,6.13392,1.00,1.19
2014.06.30 17:44:20.856,6.13252,6.13392,1.00,1.19
2014.06.30 17:44:21.159,6.13257,6.13392,1.00,1.19
2014.06.30 17:44:21.509,6.13261,6.13392,1.00,1.19
2014.06.30 17:44:22.077,6.13264,6.13398,1.00,1.19
2014.06.30 17:44:22.626,6.13265,6.13398,1.00,1.19
2014.06.30 17:44:22.727,6.13268,6.13398,1.00,1.19
2014.06.30 17:44:23.055,6.13272,6.13398,1.00,1.19
2014.06.30 17:44:23.628,6.13275,6.13398,1.00,1.19
2014.06.30 17:44:24.156,6.13275,6.13401,1.00,1.19
2014.06.30 17:44:26.060,6.13275,6.13406,1.00,1.19
2014.06.30 17:44:26.263,6.13243,6.13397,1.00,1.50
2014.06.30 17:44:26.313,6.13243,6.13387,1.00,1.00
2014.06.30 17:44:26.645,6.13246,6.13387,1.00,1.00
2014.06.30 17:44:27.205,6.13248,6.13387,1.00,1.00
2014.06.30 17:44:27.559,6.13251,6.13387,1.00,1.00
2014.06.30 17:44:27.895,6.13249,6.13387,1.00,1.00
2014.06.30 17:44:28.299,6.13249,6.13387,1.00,1.19
2014.06.30 17:44:28.616,6.13252,6.13387,1.00,1.19
2014.06.30 17:44:29.239,6.13256,6.13387,1.00,1.19
2014.06.30 17:44:29.556,6.1326,6.13387,1.00,1.19
2014.06.30 17:44:29.898,6.13263,6.13387,1.00,1.19
2014.06.30 17:44:30.385,6.13263,6.13387,1.00,1.25
2014.06.30 17:44:30.436,6.13268,6.13399,1.00,1.19
2014.06.30 17:44:30.835,6.13271,6.13399,1.00,1.19
2014.06.30 17:44:31.162,6.13276,6.13399,1.00,1.19
2014.06.30 17:44:32.186,6.13246,6.13399,1.00,1.19
2014.06.30 17:44:32.388,6.13248,6.13399,1.00,1.19
2014.06.30 17:44:32.691,6.13253,6.13396,1.00,1.19
2014.06.30 17:44:33.615,6.13254,6.13396,1.00,1.19
2014.06.30 17:44:33.944,6.13258,6.13396,1.00,1.19
2014.06.30 17:44:34.574,6.13261,6.13396,1.00,1.19
2014.06.30 17:44:34.891,6.13263,6.13389,1.00,1.19
2014.06.30 17:44:35.784,6.13267,6.13389,1.00,1.19
2014.06.30 17:44:37.222,6.13267,6.13392,1.00,1.19
2014.06.30 17:44:37.324,6.1327,6.13392,1.00,1.19
2014.06.30 17:44:38.545,6.13241,6.13392,1.00,1.19
2014.06.30 17:44:38.647,6.13241,6.13403,1.00,1.19
2014.06.30 17:44:38.899,6.13244,6.13397,1.00,1.69
2014.06.30 17:44:39.219,6.13248,6.13397,1.00,1.69
2014.06.30 17:44:39.965,6.13251,6.134,1.00,1.39
2014.06.30 17:44:40.473,6.13254,6.134,1.00,1.39
2014.06.30 17:44:40.643,6.13222,6.13374,1.00,1.19
2014.06.30 17:44:40.744,6.13222,6.13354,1.00,1.19
2014.06.30 17:44:41.094,6.13205,6.13354,1.00,1.19
2014.06.30 17:44:41.764,6.13206,6.13354,1.00,1.19
2014.06.30 17:44:42.416,6.13203,6.13354,1.00,1.19
2014.06.30 17:44:42.915,6.13203,6.13341,1.00,1.19
2014.06.30 17:44:44.921,6.13203,6.13337,1.00,1.19
2014.06.30 17:44:45.425,6.13202,6.13337,1.00,1.19
2014.06.30 17:44:47.228,6.13202,6.13329,1.00,1.19
2014.06.30 17:44:49.483,6.13202,6.13327,1.00,1.19
2014.06.30 17:44:50.047,6.13203,6.13327,1.00,1.19
2014.06.30 17:44:50.354,6.13207,6.13327,1.00,1.19
2014.06.30 17:44:50.658,6.1321,6.13354,1.00,1.69
2014.06.30 17:44:51.189,6.13239,6.13354,1.00,1.69
2014.06.30 17:44:51.649,6.13245,6.13354,1.00,1.19
2014.06.30 17:44:52.396,6.13247,6.13377,1.00,1.19
2014.06.30 17:44:53.965,6.13249,6.13377,1.00,1.19
2014.06.30 17:44:54.956,6.13249,6.13377,1.00,1.00
2014.06.30 17:44:55.837,6.13252,6.13377,1.00,1.00
2014.06.30 17:44:57.277,6.13256,6.13377,1.00,1.25
2014.06.30 17:45:00.857,6.13256,6.13366,1.00,1.00
2014.06.30 17:45:01.113,6.13206,6.13344,1.00,1.19
2014.06.30 17:45:02.077,6.1318,6.13344,1.00,1.19
2014.06.30 17:45:02.179,6.1318,6.13318,1.00,1.00
2014.06.30 17:45:03.194,6.1318,6.13318,1.00,1.19
2014.06.30 17:45:03.297,6.13177,6.13318,1.00,1.19
2014.06.30 17:45:07.930,6.13177,6.13318,1.00,1.19
2014.06.30 17:45:10.119,6.13177,6.13318,1.00,1.00
2014.06.30 17:45:11.366,6.13184,6.13318,1.00,1.00
2014.06.30 17:45:21.708,6.1318,6.13318,1.00,1.00
2014.06.30 17:45:22.740,6.13184,6.13318,1.00,1.25
2014.06.30 17:45:25.093,6.13184,6.13321,1.00,1.19
2014.06.30 17:45:27.827,6.13184,6.13321,1.00,1.19
2014.06.30 17:45:29.444,6.13171,6.13311,1.00,1.25
2014.06.30 17:45:30.300,6.13171,6.13311,1.00,1.19
2014.06.30 17:45:31.281,6.13172,6.13311,1.00,1.19
2014.06.30 17:45:32.412,6.13172,6.13311,1.00,1.19
2014.06.30 17:45:33.366,6.13177,6.13311,1.00,1.19
2014.06.30 17:45:33.709,6.13184,6.13311,1.00,1.19
2014.06.30 17:45:34.671,6.13184,6.13311,1.00,1.25
2014.06.30 17:45:36.732,6.13184,6.13311,1.00,1.19
2014.06.30 17:45:38.960,6.13184,6.13311,1.00,1.19
2014.06.30 17:45:41.457,6.13184,6.13311,1.00,1.19
2014.06.30 17:45:44.387,6.13168,6.13294,1.00,1.00
2014.06.30 17:45:49.316,6.13183,6.13294,1.00,1.25
2014.06.30 17:45:50.619,6.13183,6.13295,1.00,1.00
2014.06.30 17:45:58.226,6.13184,6.13295,1.00,1.00
2014.06.30 17:46:04.208,6.13184,6.13315,1.00,1.19
2014.06.30 17:46:04.499,6.13181,6.13315,1.00,1.19
2014.06.30 17:46:04.652,6.13181,6.13303,1.00,1.20
2014.06.30 17:46:04.754,6.13158,6.13303,1.00,1.20
2014.06.30 17:46:05.543,6.13158,6.13303,1.00,1.39
2014.06.30 17:46:05.839,6.13148,6.13288,1.00,1.00
2014.06.30 17:46:06.085,6.13153,6.13288,1.00,1.00
2014.06.30 17:46:06.853,6.13147,6.13288,1.00,1.00
2014.06.30 17:46:07.685,6.13138,6.13288,1.00,1.00
2014.06.30 17:46:07.957,6.13138,6.13288,1.00,1.19
2014.06.30 17:46:10.569,6.13138,6.13288,1.00,1.19
2014.06.30 17:46:13.176,6.13138,6.13288,1.00,1.19
2014.06.30 17:46:15.386,6.13138,6.13288,1.00,1.19
2014.06.30 17:46:17.994,6.13138,6.13288,1.00,1.19
2014.06.30 17:46:20.504,6.13138,6.13288,1.00,1.19
2014.06.30 17:46:25.821,6.13138,6.13284,1.00,1.19
2014.06.30 17:46:30.813,6.13133,6.13284,1.00,1.19
2014.06.30 17:46:30.973,6.13133,6.13284,1.00,1.19
2014.06.30 17:46:31.125,6.13137,6.13284,1.00,1.19
2014.06.30 17:46:33.154,6.13137,6.13284,1.00,1.00
2014.06.30 17:46:33.756,6.1314,6.13284,1.00,1.00
2014.06.30 17:46:51.839,6.1314,6.13283,1.00,1.00
2014.06.30 17:47:02.440,6.1314,6.13283,1.00,1.19
2014.06.30 17:47:03.849,6.13133,6.13283,1.00,1.19
2014.06.30 17:47:04.674,6.13133,6.13283,1.00,1.19
2014.06.30 17:47:07.456,6.13133,6.13283,1.00,1.19
2014.06.30 17:47:09.866,6.13133,6.13277,1.00,1.19
2014.06.30 17:47:12.492,6.13133,6.13277,1.00,1.19
2014.06.30 17:47:12.659,6.13127,6.13277,1.00,1.19
2014.06.30 17:47:18.437,6.13127,6.13277,1.00,1.19
2014.06.30 17:47:20.805,6.13127,6.13277,1.00,1.19
2014.06.30 17:47:22.917,6.13127,6.13277,1.00,1.19
2014.06.30 17:47:24.971,6.13132,6.13277,1.00,1.19
2014.06.30 17:47:30.141,6.13132,6.13277,1.00,1.19
2014.06.30 17:47:32.246,6.13132,6.13277,1.00,1.19
2014.06.30 17:47:36.657,6.13132,6.13277,1.00,1.19
2014.06.30 17:47:39.364,6.13132,6.13276,1.00,1.19
2014.06.30 17:47:43.224,6.13131,6.13276,1.00,1.19
2014.06.30 17:47:50.693,6.13131,6.13276,1.00,1.19
2014.06.30 17:47:56.636,6.13131,6.13276,1.00,1.19
2014.06.30 17:47:59.218,6.13131,6.13276,1.00,1.19
2014.06.30 17:48:07.443,6.13131,6.13277,1.00,1.19
2014.06.30 17:48:12.257,6.13131,6.13277,1.00,1.19
2014.06.30 17:48:14.368,6.13131,6.13277,1.00,1.19
2014.06.30 17:48:16.675,6.13131,6.13277,1.00,1.19
2014.06.30 17:48:22.099,6.13131,6.13277,1.00,1.19
2014.06.30 17:48:25.008,6.13131,6.13273,1.00,1.19
2014.06.30 17:48:27.029,6.13131,6.13273,1.00,1.19
2014.06.30 17:48:29.629,6.13131,6.13273,1.00,1.19
2014.06.30 17:48:32.427,6.13131,6.13273,1.00,1.19
2014.06.30 17:48:37.740,6.13131,6.13273,1.00,1.19
2014.06.30 17:48:39.845,6.13131,6.13273,1.00,1.19
2014.06.30 17:48:42.155,6.13131,6.13273,1.00,1.19
2014.06.30 17:48:43.247,6.13087,6.13273,1.39,1.19
2014.06.30 17:48:44.360,6.13087,6.13273,1.39,1.19
2014.06.30 17:48:46.877,6.13087,6.13273,1.39,1.19
2014.06.30 17:48:48.894,6.1309,6.13273,1.20,1.25
2014.06.30 17:48:53.440,6.1309,6.13273,1.39,1.19
2014.06.30 17:48:57.919,6.1309,6.13273,1.39,1.19
2014.06.30 17:49:00.139,6.1309,6.13273,1.39,1.19
2014.06.30 17:49:12.933,6.13087,6.13273,1.84,1.19
2014.06.30 17:49:15.439,6.13087,6.13273,1.84,1.19
2014.06.30 17:49:18.349,6.13087,6.13273,1.84,1.19
2014.06.30 17:49:21.162,6.13087,6.13274,1.39,1.00
2014.06.30 17:49:23.302,6.1309,6.13277,1.19,1.19
2014.06.30 17:49:23.859,6.1309,6.13277,1.19,1.19
2014.06.30 17:49:25.973,6.1309,6.13277,1.19,1.19
2014.06.30 17:49:28.429,6.1309,6.13277,1.19,1.19
2014.06.30 17:49:32.098,6.1309,6.13277,1.19,1.19
2014.06.30 17:49:34.406,6.1309,6.13277,1.19,1.69
2014.06.30 17:49:36.423,6.1309,6.13274,1.19,1.19
2014.06.30 17:49:39.823,6.13086,6.13273,1.84,1.19
2014.06.30 17:49:42.931,6.13086,6.13273,1.84,1.19
2014.06.30 17:49:46.449,6.13086,6.13273,1.84,1.00
2014.06.30 17:49:48.455,6.13086,6.13273,1.84,1.00
2014.06.30 17:49:53.212,6.13132,6.13273,1.00,1.00
2014.06.30 17:49:53.898,6.13132,6.13274,1.00,1.00
2014.06.30 17:49:55.192,6.13129,6.13274,1.00,1.00
2014.06.30 17:50:08.286,6.13129,6.13275,1.00,1.00
2014.06.30 17:50:36.871,6.13129,6.13274,1.00,1.00
2014.06.30 17:50:38.263,6.13129,6.13275,1.00,1.00
2014.06.30 17:50:38.802,6.13129,6.13276,1.00,1.00
2014.06.30 17:50:41.621,6.13133,6.13276,1.00,1.00
2014.06.30 17:50:42.105,6.13138,6.13276,1.00,1.00
2014.06.30 17:50:43.158,6.1314,6.13276,1.00,1.00
2014.06.30 17:50:43.398,6.1314,6.13295,1.00,1.19
2014.06.30 17:50:43.449,6.1314,6.13299,1.00,1.00
2014.06.30 17:50:43.500,6.13176,6.13299,1.00,1.00
2014.06.30 17:50:43.859,6.13182,6.13299,1.00,1.00
2014.06.30 17:50:43.909,6.13182,6.13313,1.00,1.39
2014.06.30 17:50:43.960,6.13189,6.13313,1.00,1.39
2014.06.30 17:50:44.286,6.13192,6.13314,1.00,1.19
2014.06.30 17:50:44.746,6.13198,6.13314,1.00,1.19
2014.06.30 17:50:44.797,6.13198,6.1332,1.00,1.00
2014.06.30 17:50:46.217,6.13202,6.1332,1.00,1.00
2014.06.30 17:50:55.332,6.13202,6.13317,1.00,1.00
2014.06.30 17:50:55.434,6.13193,6.13317,1.00,1.00
2014.06.30 17:50:55.663,6.13199,6.13317,1.00,1.00
2014.06.30 17:51:11.363,6.13203,6.13317,1.00,1.00
2014.06.30 17:51:15.241,6.13211,6.1334,1.00,1.20
2014.06.30 17:51:15.429,6.13219,6.1334,1.00,1.20
2014.06.30 17:51:19.078,6.13219,6.13344,1.00,1.00
2014.06.30 17:51:26.527,6.13219,6.13326,1.00,1.00
2014.06.30 17:51:26.578,6.13213,6.13326,1.00,1.00
2014.06.30 17:51:26.787,6.13194,6.13326,1.00,1.00
2014.06.30 17:51:27.017,6.13194,6.1333,1.00,1.20
2014.06.30 17:51:27.118,6.13206,6.13332,1.00,1.00
2014.06.30 17:51:27.219,6.13206,6.13352,1.00,1.19
2014.06.30 17:51:27.321,6.13212,6.13353,1.00,1.19
2014.06.30 17:51:27.526,6.13212,6.13353,1.00,1.25
2014.06.30 17:51:27.576,6.13219,6.13353,1.00,1.25
2014.06.30 17:51:27.903,6.1323,6.13353,1.00,1.25
2014.06.30 17:51:28.005,6.13224,6.13353,1.00,1.25
2014.06.30 17:51:38.857,6.13229,6.13353,1.00,1.00
2014.06.30 17:51:53.267,6.13224,6.13353,1.00,1.00
2014.06.30 17:51:53.368,6.13224,6.1335,1.00,1.00
2014.06.30 17:52:15.048,6.13217,6.13341,1.00,1.00
2014.06.30 17:52:15.268,6.13213,6.13341,1.00,1.00
2014.06.30 17:52:15.523,6.13207,6.13341,1.00,1.00
2014.06.30 17:52:19.947,6.13207,6.13341,1.00,1.19
2014.06.30 17:52:22.137,6.13207,6.13341,1.00,1.19
2014.06.30 17:52:24.436,6.13207,6.13341,1.00,1.19
2014.06.30 17:52:26.328,6.13203,6.13341,1.00,1.19
2014.06.30 17:52:27.588,6.13203,6.13341,1.00,1.19
2014.06.30 17:52:34.571,6.13203,6.13341,1.00,1.19
2014.06.30 17:52:37.497,6.13203,6.13341,1.00,1.19
2014.06.30 17:52:38.096,6.13198,6.13341,1.00,1.19
2014.06.30 17:52:38.265,6.13198,6.13327,1.00,1.00
2014.06.30 17:52:53.288,6.13198,6.13329,1.00,1.00
2014.06.30 17:52:53.963,6.13194,6.13329,1.00,1.00
2014.06.30 17:52:54.377,6.13197,6.13329,1.00,1.00
2014.06.30 17:53:01.919,6.13197,6.13317,1.00,1.00
2014.06.30 17:53:01.970,6.13188,6.13317,1.00,1.00
2014.06.30 17:53:02.187,6.13199,6.13317,1.00,1.00
2014.06.30 17:53:02.956,6.13205,6.13317,1.00,1.00
2014.06.30 17:53:03.869,6.13189,6.13317,1.00,1.00
2014.06.30 17:53:04.166,6.13186,6.13317,1.00,1.00
2014.06.30 17:53:05.989,6.13186,6.13317,1.00,1.19
2014.06.30 17:53:08.531,6.13186,6.13317,1.00,1.19
2014.06.30 17:53:11.750,6.13186,6.13316,1.00,1.00
2014.06.30 17:53:18.351,6.13186,6.13306,1.00,1.00
2014.06.30 17:53:21.326,6.13191,6.13306,1.00,1.00
2014.06.30 17:53:28.327,6.13191,6.13325,1.00,1.00
2014.06.30 17:53:28.822,6.13184,6.13325,1.00,1.00
2014.06.30 17:53:29.160,6.13191,6.13325,1.00,1.00
2014.06.30 17:53:30.089,6.13191,6.13325,1.00,1.19
2014.06.30 17:53:32.396,6.13191,6.13325,1.00,1.00
2014.06.30 17:53:34.985,6.13184,6.13325,1.00,1.00
2014.06.30 17:53:37.114,6.13184,6.13325,1.00,1.19
2014.06.30 17:53:39.323,6.13184,6.13325,1.00,1.19
2014.06.30 17:53:44.440,6.13184,6.13325,1.00,1.19
2014.06.30 17:53:46.450,6.13184,6.13325,1.00,1.19
2014.06.30 17:53:48.431,6.13191,6.13325,1.00,1.19
2014.06.30 17:53:48.759,6.13191,6.13322,1.00,1.00
2014.06.30 17:53:52.469,6.13184,6.13322,1.00,1.00
2014.06.30 17:53:55.318,6.13179,6.13322,1.00,1.00
2014.06.30 17:53:56.094,6.13179,6.13322,1.00,1.19
2014.06.30 17:53:58.503,6.13179,6.13322,1.00,1.00
2014.06.30 17:54:00.611,6.13179,6.13322,1.00,1.19
2014.06.30 17:54:03.474,6.13179,6.13322,1.00,1.19
2014.06.30 17:54:05.729,6.13179,6.13322,1.00,1.19
2014.06.30 17:54:11.265,6.13179,6.1332,1.00,1.39
2014.06.30 17:54:13.756,6.13179,6.1332,1.00,1.09
2014.06.30 17:54:15.886,6.13179,6.1332,1.00,1.39
2014.06.30 17:54:22.507,6.13179,6.1332,1.00,1.09
2014.06.30 17:54:30.333,6.13179,6.1332,1.00,1.39
2014.06.30 17:54:30.708,6.13179,6.13316,1.00,1.20
2014.06.30 17:54:47.777,6.13179,6.13316,1.00,1.39
2014.06.30 17:54:51.765,6.13179,6.1332,1.00,1.39
2014.06.30 17:54:54.873,6.13179,6.1332,1.00,1.39
2014.06.30 17:54:55.481,6.13136,6.1332,1.00,1.39
2014.06.30 17:54:58.382,6.13136,6.1332,1.00,1.39
2014.06.30 17:55:00.699,6.13136,6.1332,1.00,1.39
2014.06.30 17:55:03.127,6.13136,6.1332,1.00,1.84
2014.06.30 17:55:05.708,6.13122,6.13301,1.39,1.00
2014.06.30 17:55:08.221,6.13122,6.13301,1.39,1.19
2014.06.30 17:55:10.832,6.13122,6.13301,1.20,1.00
2014.06.30 17:55:12.198,6.13114,6.13301,1.84,1.00
2014.06.30 17:55:13.841,6.13114,6.13301,1.84,1.00
2014.06.30 17:55:18.855,6.13114,6.13301,1.84,1.19
2014.06.30 17:55:21.464,6.13114,6.13301,1.84,1.19
2014.06.30 17:55:22.433,6.13124,6.1331,1.00,1.39
2014.06.30 17:55:24.423,6.13124,6.1331,1.19,1.39
2014.06.30 17:55:26.635,6.13185,6.1331,1.00,1.09
2014.06.30 17:55:29.225,6.13185,6.1331,1.00,1.39
2014.06.30 17:55:32.614,6.13185,6.13311,1.00,1.19
2014.06.30 17:55:37.477,6.13185,6.13311,1.00,1.19
2014.06.30 17:55:43.149,6.13185,6.13314,1.00,1.19
2014.06.30 17:55:45.158,6.13185,6.13314,1.00,1.00
2014.06.30 17:55:48.215,6.13185,6.13314,1.00,1.19
2014.06.30 17:55:50.683,6.13185,6.13314,1.00,1.19
2014.06.30 17:55:53.381,6.13185,6.13311,1.00,1.19
2014.06.30 17:55:56.627,6.13185,6.13311,1.00,1.19
2014.06.30 17:55:59.105,6.13185,6.13311,1.00,1.19
2014.06.30 17:55:59.156,6.13128,6.13311,1.20,1.19
2014.06.30 17:55:59.929,6.13128,6.13301,1.20,1.00
2014.06.30 17:56:06.337,6.13128,6.13301,1.20,1.19
2014.06.30 17:56:08.447,6.13128,6.13301,1.20,1.19
2014.06.30 17:56:11.156,6.13128,6.13301,1.20,1.19
2014.06.30 17:56:12.493,6.13122,6.13301,1.00,1.19
2014.06.30 17:56:23.198,6.13122,6.13301,1.00,1.19
2014.06.30 17:56:30.058,6.13122,6.13303,1.00,1.19
2014.06.30 17:56:34.353,6.13122,6.13303,1.00,1.19
2014.06.30 17:56:37.061,6.13122,6.13303,1.00,1.19
2014.06.30 17:56:39.166,6.13122,6.13303,1.00,1.19
2014.06.30 17:56:40.344,6.13122,6.13297,1.00,1.00
2014.06.30 17:56:41.377,6.13122,6.13297,1.00,1.19
2014.06.30 17:56:43.900,6.13122,6.13297,1.00,1.19
2014.06.30 17:56:44.311,6.13133,6.13307,1.00,1.19
2014.06.30 17:56:44.701,6.13145,6.13307,1.00,1.19
2014.06.30 17:56:46.100,6.13145,6.1331,1.00,1.00
2014.06.30 17:57:00.274,6.13145,6.13328,1.00,1.19
2014.06.30 17:57:00.325,6.1315,6.13328,1.00,1.19
2014.06.30 17:57:03.175,6.1315,6.13328,1.00,1.19
2014.06.30 17:57:05.725,6.1315,6.13328,1.00,1.19
2014.06.30 17:57:06.072,6.13155,6.13328,1.00,1.19
2014.06.30 17:57:06.124,6.13155,6.13337,1.00,1.20
2014.06.30 17:57:06.226,6.13167,6.13342,1.20,1.19
2014.06.30 17:57:06.530,6.1318,6.13342,1.00,1.19
2014.06.30 17:57:06.993,6.13184,6.13342,1.00,1.19
2014.06.30 17:57:08.502,6.13184,6.13342,1.00,1.00
2014.06.30 17:57:11.528,6.13207,6.13362,1.00,1.39
2014.06.30 17:57:11.831,6.13216,6.13369,1.20,1.69
2014.06.30 17:57:12.092,6.13199,6.13369,1.00,1.69
2014.06.30 17:57:12.822,6.13199,6.13369,1.00,1.19
2014.06.30 17:57:14.305,6.13193,6.13369,1.00,1.19
2014.06.30 17:57:15.793,6.13193,6.13358,1.00,1.00
2014.06.30 17:57:16.024,6.13193,6.13369,1.00,1.19
2014.06.30 17:57:17.334,6.13193,6.13358,1.00,1.00
2014.06.30 17:57:18.368,6.13208,6.13385,1.00,1.39
2014.06.30 17:57:18.621,6.13215,6.13385,1.00,1.39
2014.06.30 17:57:18.925,6.13211,6.13385,1.00,1.39
2014.06.30 17:57:20.450,6.13206,6.13385,1.00,1.39
2014.06.30 17:57:20.964,6.13206,6.13385,1.00,1.39
2014.06.30 17:57:21.578,6.13206,6.13378,1.00,1.00
2014.06.30 17:57:21.697,6.13201,6.13378,1.00,1.00
2014.06.30 17:57:21.798,6.13214,6.13386,1.20,1.19
2014.06.30 17:57:22.103,6.13224,6.13386,1.00,1.19
2014.06.30 17:57:22.438,6.13214,6.13378,1.20,1.00
2014.06.30 17:57:24.237,6.13214,6.13386,1.20,1.19
2014.06.30 17:57:24.339,6.13218,6.13387,1.00,1.19
2014.06.30 17:57:24.987,6.13214,6.13378,1.20,1.00
2014.06.30 17:57:26.399,6.13214,6.13378,1.20,1.19
2014.06.30 17:57:28.509,6.13214,6.13378,1.20,1.19
2014.06.30 17:57:30.850,6.13214,6.13377,1.20,1.00
2014.06.30 17:57:31.535,6.13214,6.13378,1.20,1.25
2014.06.30 17:57:32.546,6.13221,6.13378,1.00,1.25
2014.06.30 17:57:32.799,6.13216,6.13378,1.00,1.25
2014.06.30 17:57:33.105,6.13216,6.13388,1.00,1.00
2014.06.30 17:57:36.654,6.13216,6.13388,1.00,1.19
2014.06.30 17:57:36.972,6.13226,6.13393,1.00,1.19
2014.06.30 17:57:39.567,6.13226,6.13393,1.00,1.00
2014.06.30 17:57:42.178,6.13226,6.13393,1.00,1.19
2014.06.30 17:57:44.690,6.13226,6.13393,1.00,1.19
2014.06.30 17:57:45.024,6.13228,6.13393,1.00,1.19
2014.06.30 17:57:46.280,6.13233,6.13393,1.00,1.19
2014.06.30 17:57:47.599,6.13226,6.13393,1.00,1.19
2014.06.30 17:57:49.205,6.13226,6.13393,1.00,1.19
2014.06.30 17:57:51.427,6.13226,6.13391,1.00,1.19
2014.06.30 17:57:51.680,6.13216,6.13378,1.20,1.00
2014.06.30 17:57:51.831,6.13216,6.13378,1.20,1.19
2014.06.30 17:57:53.132,6.13233,6.13388,1.00,1.19
2014.06.30 17:57:53.930,6.13233,6.13402,1.00,1.00
2014.06.30 17:57:56.841,6.13229,6.13402,1.00,1.00
2014.06.30 17:57:59.081,6.13229,6.13402,1.00,1.19
2014.06.30 17:58:00.031,6.13225,6.13402,1.00,1.19
2014.06.30 17:58:01.391,6.13225,6.13402,1.00,1.19
2014.06.30 17:58:03.263,6.13234,6.13402,1.00,1.19
2014.06.30 17:58:03.314,6.13234,6.13408,1.00,1.00
2014.06.30 17:58:03.365,6.133,6.13412,1.20,1.00
2014.06.30 17:58:03.415,6.133,6.1343,1.20,1.00
2014.06.30 17:58:03.494,6.13325,6.1343,1.00,1.00
2014.06.30 17:58:03.596,6.13304,6.13449,1.84,1.00
2014.06.30 17:58:03.647,6.13304,6.13449,1.20,1.00
2014.06.30 17:58:03.798,6.13308,6.13455,1.00,1.00
2014.06.30 17:58:03.849,6.13328,6.13455,1.19,1.00
2014.06.30 17:58:04.001,6.13328,6.13458,1.19,1.25
2014.06.30 17:58:04.232,6.13312,6.13458,1.00,1.00
2014.06.30 17:58:04.333,6.13312,6.13477,1.00,1.19
2014.06.30 17:58:04.434,6.13312,6.13477,1.19,1.00
2014.06.30 17:58:04.484,6.13331,6.13477,1.20,1.00
2014.06.30 17:58:04.586,6.13346,6.13497,1.00,1.00
2014.06.30 17:58:04.805,6.13346,6.13494,1.00,1.19
2014.06.30 17:58:04.910,6.13331,6.1348,1.20,1.00
2014.06.30 17:58:05.011,6.13312,6.1348,1.00,1.00
2014.06.30 17:58:05.112,6.133,6.13478,1.20,1.00
2014.06.30 17:58:05.264,6.13292,6.13472,1.00,1.20
2014.06.30 17:58:08.280,6.13292,6.13445,1.00,1.00
2014.06.30 17:58:08.596,6.13275,6.13445,1.20,1.00
2014.06.30 17:58:08.647,6.13275,6.1344,1.20,1.00
2014.06.30 17:58:08.976,6.13275,6.13436,1.20,1.00
2014.06.30 17:58:21.085,6.13275,6.13456,1.20,1.00
2014.06.30 17:58:22.627,6.13275,6.13439,1.20,1.00
2014.06.30 17:58:22.959,6.13275,6.13435,1.20,1.00
2014.06.30 17:58:23.561,6.13261,6.13435,1.00,1.00
2014.06.30 17:58:25.999,6.13261,6.13435,1.00,1.19
2014.06.30 17:58:28.304,6.13261,6.13435,1.00,1.19
2014.06.30 17:58:30.402,6.13252,6.13424,1.20,1.00
2014.06.30 17:58:30.604,6.13237,6.13418,1.69,1.20
2014.06.30 17:58:31.003,6.13237,6.13409,1.25,1.00
2014.06.30 17:58:36.883,6.13221,6.13402,1.09,1.00
2014.06.30 17:58:42.897,6.13221,6.13402,1.39,1.00
2014.06.30 17:58:44.926,6.13221,6.13402,1.39,1.00
2014.06.30 17:58:47.087,6.13221,6.13402,1.20,1.00
2014.06.30 17:58:47.422,6.13221,6.13387,1.20,1.00
2014.06.30 17:58:50.513,6.13221,6.13386,1.20,1.00
2014.06.30 17:58:50.696,6.132,6.13386,1.69,1.00
2014.06.30 17:58:51.427,6.132,6.13387,2.44,1.00
2014.06.30 17:58:51.818,6.132,6.13387,1.69,1.00
2014.06.30 17:58:54.169,6.13201,6.13387,1.19,1.19
2014.06.30 17:58:56.169,6.132,6.13387,1.69,1.00
2014.06.30 17:58:58.585,6.13204,6.13387,1.19,1.00
2014.06.30 17:59:01.400,6.132,6.13387,1.69,1.00
2014.06.30 17:59:03.507,6.132,6.13387,1.69,1.00
2014.06.30 17:59:04.370,6.132,6.13387,1.69,1.04
2014.06.30 17:59:04.617,6.132,6.13387,1.69,1.00
2014.06.30 17:59:06.918,6.132,6.13387,1.50,1.19
2014.06.30 17:59:08.341,6.13205,6.13392,1.00,1.19
2014.06.30 17:59:09.349,6.13205,6.13392,1.00,1.19
2014.06.30 17:59:10.730,6.13212,6.13392,1.20,1.19
2014.06.30 17:59:11.140,6.13225,6.13385,1.00,1.00
2014.06.30 17:59:11.451,6.13299,6.13449,1.00,1.00
2014.06.30 17:59:11.675,6.13305,6.13468,1.00,1.20
2014.06.30 17:59:11.881,6.13305,6.13483,1.00,1.19
2014.06.30 17:59:12.370,6.13308,6.13483,1.00,1.19
2014.06.30 17:59:13.353,6.13308,6.13485,1.00,1.00
2014.06.30 17:59:17.309,6.13299,6.13485,1.65,1.00
2014.06.30 17:59:17.969,6.13308,6.13485,1.00,1.00
2014.06.30 17:59:24.587,6.13304,6.13485,1.00,1.00
2014.06.30 17:59:25.340,6.13299,6.13485,1.20,1.00
2014.06.30 17:59:30.202,6.13299,6.13486,1.20,1.00
2014.06.30 17:59:30.354,6.13299,6.13468,1.20,1.00
2014.06.30 17:59:30.657,6.13299,6.13447,1.20,1.00
2014.06.30 17:59:30.707,6.13299,6.13468,1.20,1.69
2014.06.30 17:59:30.890,6.13299,6.13448,1.20,1.00
2014.06.30 17:59:31.561,6.13299,6.13438,1.20,1.00
2014.06.30 17:59:31.713,6.13299,6.13448,1.20,1.00
2014.06.30 17:59:31.764,6.13287,6.13448,1.20,1.00
2014.06.30 17:59:31.998,6.13296,6.13448,1.00,1.00
2014.06.30 17:59:32.958,6.13304,6.13448,1.00,1.00
2014.06.30 17:59:34.308,6.13304,6.13431,1.00,1.00
2014.06.30 17:59:34.460,6.13287,6.13428,1.20,1.00
2014.06.30 17:59:34.663,6.13304,6.13468,1.00,1.19
2014.06.30 17:59:34.865,6.13292,6.13456,1.00,1.00
2014.06.30 17:59:34.967,6.13292,6.13445,1.00,1.00
2014.06.30 17:59:35.197,6.13292,6.13447,1.00,1.00
2014.06.30 17:59:35.726,6.13293,6.13447,1.00,1.00
2014.06.30 17:59:35.849,6.13293,6.13458,1.00,1.00
2014.06.30 17:59:35.900,6.13295,6.13458,1.00,1.00
2014.06.30 17:59:37.621,6.13295,6.13437,1.00,1.00
2014.06.30 17:59:38.489,6.13295,6.13458,1.00,1.00
2014.06.30 17:59:39.481,6.13295,6.13438,1.00,1.00
2014.06.30 17:59:41.912,6.13291,6.13438,1.00,1.00
2014.06.30 17:59:42.342,6.13286,6.13438,1.20,1.00
2014.06.30 17:59:42.392,6.13286,6.13428,1.20,1.00
2014.06.30 17:59:43.352,6.13286,6.13448,1.20,1.19
2014.06.30 17:59:43.548,6.13286,6.13418,1.20,1.00
2014.06.30 17:59:43.787,6.1325,6.13418,1.20,1.00
2014.06.30 17:59:43.889,6.1325,6.13412,1.20,1.00
2014.06.30 17:59:44.098,6.1325,6.13414,1.20,1.00
2014.06.30 17:59:44.301,6.13237,6.13414,1.00,1.00
2014.06.30 17:59:44.352,6.13237,6.13412,1.00,1.00
2014.06.30 17:59:44.655,6.13225,6.13379,1.20,1.00
2014.06.30 17:59:45.224,6.13225,6.13399,1.20,1.00
2014.06.30 17:59:45.683,6.13225,6.13376,1.20,1.00
2014.06.30 17:59:46.209,6.13225,6.13375,1.20,1.00
2014.06.30 17:59:46.622,6.13212,6.13375,1.00,1.00
2014.06.30 17:59:46.848,6.13212,6.13369,1.00,1.00
2014.06.30 17:59:47.169,6.13212,6.13367,1.00,1.00
2014.06.30 17:59:47.719,6.13212,6.13366,1.00,1.00
2014.06.30 17:59:50.460,6.13211,6.13366,1.00,1.00
2014.06.30 17:59:50.511,6.13211,6.13384,1.00,1.00
2014.06.30 17:59:55.653,6.13211,6.13379,1.00,1.00
2014.06.30 17:59:56.341,6.13211,6.13375,1.00,1.00
