2009.10.12 13:00:00.287,5.6525,5.65545,3.20,1.00
2009.10.12 13:00:00.867,5.65255,5.65545,3.20,1.00
2009.10.12 13:00:01.226,5.6524,5.65545,6.40,1.00
2009.10.12 13:00:01.566,5.6522,5.65545,3.20,6.80
2009.10.12 13:00:01.896,5.6522,5.65525,3.20,3.20
2009.10.12 13:00:02.476,5.65255,5.65545,3.20,1.00
2009.10.12 13:00:02.826,5.6525,5.65545,3.20,1.00
2009.10.12 13:00:03.976,5.65235,5.6554,3.20,3.20
2009.10.12 13:00:04.256,5.65235,5.65535,3.20,3.20
2009.10.12 13:00:05.246,5.6525,5.65545,3.20,1.00
2009.10.12 13:00:07.385,5.65275,5.65545,3.20,1.00
2009.10.12 13:00:07.615,5.65255,5.65545,6.40,1.00
2009.10.12 13:00:09.134,5.6525,5.65545,6.40,1.00
2009.10.12 13:00:09.775,5.65265,5.65545,3.20,1.00
2009.10.12 13:00:10.335,5.6526,5.65545,3.20,1.00
2009.10.12 13:00:12.694,5.65255,5.65545,3.20,1.00
2009.10.12 13:00:12.984,5.6525,5.65545,3.20,1.00
2009.10.12 13:00:13.204,5.65235,5.65545,3.20,3.70
2009.10.12 13:00:13.553,5.65225,5.6553,3.20,3.20
2009.10.12 13:00:20.312,5.6522,5.65545,3.20,3.70
2009.10.12 13:00:24.221,5.652,5.6553,6.40,3.20
2009.10.12 13:00:24.441,5.65215,5.6552,3.20,3.20
2009.10.12 13:00:25.131,5.652,5.6553,6.40,3.20
2009.10.12 13:00:26.640,5.6521,5.65515,3.20,3.20
2009.10.12 13:00:28.050,5.65195,5.65525,6.40,3.20
2009.10.12 13:00:28.860,5.6521,5.65515,3.20,3.20
2009.10.12 13:00:29.030,5.6519,5.6552,3.20,6.40
2009.10.12 13:00:29.700,5.65185,5.6549,3.20,3.20
2009.10.12 13:00:30.211,5.65165,5.65495,6.40,3.20
2009.10.12 13:00:31.539,5.65195,5.655,3.20,3.20
2009.10.12 13:00:32.249,5.65175,5.655,6.40,3.20
2009.10.12 13:00:32.599,5.65225,5.6553,3.20,3.20
2009.10.12 13:00:33.709,5.65215,5.6552,3.20,3.20
2009.10.12 13:00:34.238,5.6521,5.65515,3.20,3.20
2009.10.12 13:00:35.628,5.652,5.65505,3.20,3.20
2009.10.12 13:00:38.457,5.652,5.655,3.20,3.20
2009.10.12 13:00:38.797,5.6519,5.65495,3.20,3.20
2009.10.12 13:00:39.077,5.65185,5.6551,3.20,6.40
2009.10.12 13:00:39.357,5.65185,5.65485,3.20,3.20
2009.10.12 13:00:40.227,5.65175,5.6548,3.20,3.20
2009.10.12 13:00:40.517,5.6516,5.6549,3.20,6.40
2009.10.12 13:00:40.757,5.6515,5.6545,3.20,3.20
2009.10.12 13:00:41.097,5.6515,5.65455,3.20,3.20
2009.10.12 13:00:42.467,5.65165,5.6547,3.20,3.20
2009.10.12 13:00:42.647,5.6515,5.6548,3.20,6.40
2009.10.12 13:00:43.047,5.6515,5.6545,3.20,3.20
2009.10.12 13:00:44.506,5.65165,5.6547,3.20,3.20
2009.10.12 13:00:44.856,5.6516,5.65465,3.20,3.20
2009.10.12 13:00:45.426,5.6514,5.6547,6.40,3.20
2009.10.12 13:00:45.776,5.6515,5.6545,3.20,3.20
2009.10.12 13:00:46.416,5.6514,5.65445,3.20,3.20
2009.10.12 13:00:46.745,5.6515,5.6545,3.20,3.20
2009.10.12 13:00:47.385,5.6514,5.65445,3.20,3.20
2009.10.12 13:00:48.035,5.6509,5.6539,3.20,3.20
2009.10.12 13:00:48.325,5.65105,5.65405,3.20,3.20
2009.10.12 13:00:48.775,5.65095,5.65425,3.20,6.40
2009.10.12 13:00:48.955,5.65115,5.6542,3.20,3.20
2009.10.12 13:00:52.444,5.65125,5.6542,3.20,3.20
2009.10.12 13:00:52.674,5.6515,5.6545,3.20,3.20
2009.10.12 13:00:53.034,5.6515,5.65455,3.20,3.20
2009.10.12 13:00:54.304,5.65125,5.65465,8.80,3.60
2009.10.12 13:00:55.373,5.6515,5.65465,6.40,1.00
2009.10.12 13:00:55.694,5.6516,5.65465,6.40,1.00
2009.10.12 13:00:56.023,5.65165,5.65465,6.40,1.00
2009.10.12 13:00:56.363,5.65165,5.65465,6.40,1.00
2009.10.12 13:00:56.713,5.6519,5.65465,3.20,1.00
2009.10.12 13:00:57.063,5.6518,5.65465,3.20,1.00
2009.10.12 13:00:57.753,5.65175,5.65465,3.20,1.00
2009.10.12 13:00:58.323,5.65165,5.65465,3.20,3.60
2009.10.12 13:00:59.023,5.6515,5.65465,3.20,3.70
2009.10.12 13:01:08.791,5.6516,5.65465,3.20,3.20
2009.10.12 13:01:09.290,5.6515,5.65455,3.20,3.20
2009.10.12 13:01:09.640,5.6514,5.65465,6.40,3.20
2009.10.12 13:01:10.290,5.65125,5.65455,6.40,3.20
2009.10.12 13:01:10.630,5.6514,5.6547,6.40,3.20
2009.10.12 13:01:10.980,5.65155,5.65485,3.20,6.40
2009.10.12 13:01:11.340,5.65165,5.65465,3.20,3.20
2009.10.12 13:01:11.639,5.6515,5.65455,3.20,3.20
2009.10.12 13:01:12.040,5.6513,5.6546,6.40,3.20
2009.10.12 13:01:12.270,5.65165,5.65465,3.20,3.20
2009.10.12 13:01:13.519,5.65165,5.65465,4.00,3.20
2009.10.12 13:01:14.039,5.6517,5.655,6.40,3.20
2009.10.12 13:01:18.198,5.65195,5.655,4.80,3.20
2009.10.12 13:01:18.428,5.652,5.65515,4.00,3.20
2009.10.12 13:01:18.648,5.6522,5.65515,1.00,3.20
2009.10.12 13:01:18.808,5.65225,5.6553,3.20,3.20
2009.10.12 13:01:19.038,5.6523,5.6553,1.00,3.20
2009.10.12 13:01:19.508,5.6524,5.65545,3.20,3.60
2009.10.12 13:01:19.858,5.65225,5.6553,3.20,3.20
2009.10.12 13:01:20.210,5.65245,5.65545,3.20,3.60
2009.10.12 13:01:20.907,5.6524,5.65545,3.20,3.60
2009.10.12 13:01:21.248,5.65235,5.65545,3.20,3.70
2009.10.12 13:01:21.597,5.6523,5.65535,3.20,3.20
2009.10.12 13:01:22.867,5.65225,5.65545,3.20,3.70
2009.10.12 13:01:27.436,5.65215,5.6554,3.20,6.40
2009.10.12 13:01:27.776,5.65215,5.6552,3.20,3.20
2009.10.12 13:01:37.523,5.65195,5.65525,6.40,3.20
2009.10.12 13:01:38.203,5.65215,5.65515,3.20,3.20
2009.10.12 13:01:39.883,5.6528,5.6551,1.00,1.00
2009.10.12 13:01:41.662,5.65215,5.65515,3.20,3.20
2009.10.12 13:01:42.122,5.65195,5.6552,3.20,6.40
2009.10.12 13:01:42.522,5.6524,5.6547,1.00,1.00
2009.10.12 13:01:43.122,5.65185,5.6549,3.20,3.20
2009.10.12 13:01:44.112,5.65235,5.6547,1.00,1.00
2009.10.12 13:01:50.690,5.65185,5.6549,3.20,3.20
2009.10.12 13:01:53.770,5.6524,5.6547,1.00,1.00
2009.10.12 13:01:54.059,5.65185,5.6549,3.20,3.20
2009.10.12 13:01:54.239,5.6518,5.65505,6.40,3.20
2009.10.12 13:01:54.539,5.65205,5.6551,3.20,3.20
2009.10.12 13:01:55.409,5.6525,5.6549,1.00,1.00
2009.10.12 13:01:58.698,5.65205,5.6551,3.20,3.20
2009.10.12 13:01:58.928,5.65195,5.65535,6.40,3.20
2009.10.12 13:01:59.158,5.6529,5.65535,1.00,1.00
2009.10.12 13:01:59.378,5.65245,5.65545,3.20,1.00
2009.10.12 13:01:59.608,5.65235,5.65535,3.20,3.20
2009.10.12 13:01:59.838,5.65245,5.65545,3.20,1.00
2009.10.12 13:02:00.178,5.6529,5.6553,1.00,1.00
2009.10.12 13:02:05.466,5.65295,5.6553,1.00,1.00
2009.10.12 13:02:12.605,5.65255,5.65545,3.20,1.00
2009.10.12 13:02:12.765,5.65335,5.65545,1.00,1.00
2009.10.12 13:02:13.465,5.65265,5.65545,3.20,1.00
2009.10.12 13:02:13.815,5.65275,5.65545,3.20,1.00
2009.10.12 13:02:14.854,5.6534,5.65545,1.00,1.00
2009.10.12 13:02:14.975,5.65375,5.65545,1.00,1.00
2009.10.12 13:02:17.554,5.6534,5.65545,1.00,1.00
2009.10.12 13:02:18.004,5.65285,5.65545,3.20,1.00
2009.10.12 13:02:18.344,5.65335,5.65545,1.00,1.00
2009.10.12 13:02:20.203,5.6528,5.65545,3.20,1.00
2009.10.12 13:02:20.483,5.65275,5.65545,3.20,1.00
2009.10.12 13:02:20.773,5.65265,5.65545,3.20,1.00
2009.10.12 13:02:20.993,5.6525,5.65545,3.20,1.00
2009.10.12 13:02:24.742,5.6527,5.6551,1.00,1.00
2009.10.12 13:02:28.991,5.6531,5.6552,1.00,1.00
2009.10.12 13:02:33.770,5.6531,5.65545,1.00,1.00
2009.10.12 13:02:40.038,5.6531,5.65525,1.00,1.00
2009.10.12 13:02:40.788,5.6531,5.65545,1.00,1.00
2009.10.12 13:02:42.908,5.6523,5.65535,3.20,3.20
2009.10.12 13:02:43.198,5.6521,5.6554,6.40,3.20
2009.10.12 13:02:43.377,5.6522,5.65545,6.40,1.00
2009.10.12 13:02:43.727,5.6531,5.6552,1.00,1.00
2009.10.12 13:02:44.577,5.6527,5.6551,1.00,1.00
2009.10.12 13:02:45.158,5.65245,5.65545,3.20,1.00
2009.10.12 13:02:45.677,5.6531,5.65545,1.00,1.00
2009.10.12 13:02:48.146,5.6531,5.65525,1.00,1.00
2009.10.12 13:02:50.626,5.6531,5.6551,1.00,3.20
2009.10.12 13:02:50.915,5.65185,5.6551,3.20,3.20
2009.10.12 13:02:51.216,5.652,5.6554,6.40,3.20
2009.10.12 13:02:51.446,5.65225,5.65545,3.20,1.00
2009.10.12 13:02:53.545,5.6528,5.65545,3.20,1.00
2009.10.12 13:02:56.964,5.6527,5.65545,3.20,1.00
2009.10.12 13:02:57.074,5.6525,5.65545,3.20,1.00
2009.10.12 13:02:57.294,5.65245,5.65545,6.40,1.00
2009.10.12 13:02:59.114,5.6528,5.65545,3.20,1.00
2009.10.12 13:03:00.394,5.65325,5.65545,1.00,1.00
2009.10.12 13:03:02.363,5.6531,5.65545,3.20,1.00
2009.10.12 13:03:02.703,5.65365,5.65545,1.00,1.00
2009.10.12 13:03:07.522,5.65405,5.65545,1.00,1.00
2009.10.12 13:03:09.681,5.65405,5.6567,1.00,1.00
2009.10.12 13:03:10.131,5.65385,5.65705,3.20,3.20
2009.10.12 13:03:11.001,5.65445,5.6568,1.00,1.00
2009.10.12 13:03:11.361,5.65385,5.65685,3.20,3.20
2009.10.12 13:03:12.861,5.6539,5.65565,3.20,1.00
2009.10.12 13:03:13.211,5.6541,5.65565,1.00,1.00
2009.10.12 13:03:16.859,5.6537,5.65545,1.00,1.00
2009.10.12 13:03:17.520,5.65325,5.65545,3.20,1.00
2009.10.12 13:03:17.809,5.653,5.65545,3.20,1.00
2009.10.12 13:03:18.320,5.65335,5.65545,1.00,1.00
2009.10.12 13:03:19.449,5.6529,5.65545,3.20,1.00
2009.10.12 13:03:19.809,5.6526,5.65545,3.20,1.00
2009.10.12 13:03:20.089,5.65255,5.65545,3.20,1.00
2009.10.12 13:03:21.149,5.6527,5.65545,3.20,1.00
2009.10.12 13:03:21.848,5.6526,5.65545,6.40,1.00
2009.10.12 13:03:23.688,5.65265,5.65545,3.20,1.00
2009.10.12 13:03:24.258,5.6526,5.65545,3.20,1.00
2009.10.12 13:03:24.607,5.6524,5.65545,6.40,1.00
2009.10.12 13:03:24.947,5.6526,5.65545,6.40,1.00
2009.10.12 13:03:25.287,5.65285,5.65545,3.20,1.00
2009.10.12 13:03:32.346,5.65295,5.65545,3.20,1.00
2009.10.12 13:03:32.506,5.65295,5.65545,6.40,1.00
2009.10.12 13:03:35.405,5.65295,5.65545,3.20,1.00
2009.10.12 13:03:35.925,5.6528,5.65545,3.20,1.00
2009.10.12 13:03:38.314,5.65255,5.65545,6.40,1.00
2009.10.12 13:03:38.714,5.65265,5.65545,6.40,1.00
2009.10.12 13:03:38.944,5.65275,5.65545,6.40,1.00
2009.10.12 13:03:41.593,5.65295,5.65545,3.20,1.00
2009.10.12 13:03:42.393,5.6529,5.65545,3.20,1.00
2009.10.12 13:03:42.873,5.6527,5.65545,6.40,1.00
2009.10.12 13:03:45.533,5.65275,5.65545,3.20,1.00
2009.10.12 13:03:45.713,5.6527,5.65545,3.20,1.00
2009.10.12 13:03:48.012,5.6528,5.65545,3.20,1.00
2009.10.12 13:03:48.292,5.65275,5.65545,6.40,1.00
2009.10.12 13:03:48.592,5.6529,5.65545,3.20,1.00
2009.10.12 13:03:48.872,5.6528,5.65545,3.20,1.00
2009.10.12 13:03:49.781,5.6534,5.65545,1.00,1.00
2009.10.12 13:03:50.991,5.6526,5.65545,3.20,1.00
2009.10.12 13:03:52.501,5.65235,5.65545,3.20,3.70
2009.10.12 13:03:53.190,5.6523,5.6553,3.20,3.20
2009.10.12 13:03:54.060,5.65215,5.65545,6.40,3.60
2009.10.12 13:03:54.350,5.6523,5.6553,3.20,3.20
2009.10.12 13:03:54.690,5.65245,5.65545,3.20,3.60
2009.10.12 13:03:54.860,5.6523,5.65545,3.20,3.70
2009.10.12 13:03:55.740,5.65225,5.65545,3.20,3.70
2009.10.12 13:03:57.810,5.6521,5.65535,3.20,4.80
2009.10.12 13:03:57.930,5.65195,5.655,3.20,3.20
2009.10.12 13:03:58.100,5.6519,5.6552,3.20,6.40
2009.10.12 13:03:58.450,5.65185,5.6549,3.20,3.20
2009.10.12 13:04:04.438,5.6524,5.6548,1.00,1.00
2009.10.12 13:04:05.868,5.65275,5.65515,1.00,3.20
2009.10.12 13:04:06.148,5.6528,5.6552,1.00,1.00
2009.10.12 13:04:07.228,5.65225,5.6553,3.20,3.20
2009.10.12 13:04:07.507,5.6522,5.65545,3.20,4.40
2009.10.12 13:04:09.257,5.65215,5.65515,3.20,3.20
2009.10.12 13:04:09.547,5.65215,5.6552,3.20,3.20
2009.10.12 13:04:11.686,5.65205,5.6551,3.20,3.20
2009.10.12 13:04:12.286,5.652,5.65505,3.20,3.20
2009.10.12 13:04:13.006,5.65205,5.6551,3.20,3.20
2009.10.12 13:04:16.725,5.652,5.65535,3.20,6.40
2009.10.12 13:04:17.245,5.65175,5.6547,3.20,3.20
2009.10.12 13:04:17.485,5.65165,5.6547,3.20,3.20
2009.10.12 13:04:17.985,5.65145,5.65475,6.40,3.20
2009.10.12 13:04:18.165,5.65165,5.6547,3.20,3.20
2009.10.12 13:04:25.323,5.652,5.65505,3.20,3.20
2009.10.12 13:04:29.022,5.6519,5.65495,3.20,3.20
2009.10.12 13:04:29.422,5.65185,5.6549,3.20,3.20
2009.10.12 13:04:35.081,5.6516,5.65495,6.40,3.20
2009.10.12 13:04:41.229,5.6527,5.65515,1.00,3.30
2009.10.12 13:04:48.347,5.6528,5.6551,1.00,1.00
2009.10.12 13:05:00.585,5.6524,5.65475,1.00,1.00
2009.10.12 13:05:00.765,5.6521,5.65515,3.20,3.20
2009.10.12 13:05:00.944,5.65185,5.65515,6.40,3.20
2009.10.12 13:05:01.504,5.65235,5.6547,1.00,1.00
2009.10.12 13:05:03.524,5.6524,5.6547,1.00,3.30
2009.10.12 13:05:03.764,5.652,5.65435,1.00,1.00
2009.10.12 13:05:18.680,5.652,5.6543,1.00,3.20
2009.10.12 13:05:18.860,5.6516,5.6539,1.00,1.00
2009.10.12 13:05:19.530,5.65115,5.65415,3.20,3.20
2009.10.12 13:05:19.880,5.6513,5.6543,3.20,3.20
2009.10.12 13:05:20.240,5.65125,5.6543,3.20,3.20
2009.10.12 13:05:27.198,5.65125,5.6542,3.20,1.60
2009.10.12 13:05:27.538,5.65115,5.6542,3.20,3.20
2009.10.12 13:05:27.648,5.65105,5.65435,3.20,6.40
2009.10.12 13:05:28.219,5.65115,5.65415,3.20,3.20
2009.10.12 13:05:28.328,5.6512,5.65415,1.00,3.20
2009.10.12 13:05:28.488,5.65115,5.65415,3.20,3.20
2009.10.12 13:05:28.838,5.65115,5.6542,3.20,3.20
2009.10.12 13:05:29.198,5.651,5.65425,4.00,3.20
2009.10.12 13:05:29.537,5.6514,5.6544,3.20,3.20
2009.10.12 13:05:30.857,5.65155,5.65455,3.20,3.20
2009.10.12 13:05:31.067,5.6514,5.6544,3.20,3.20
2009.10.12 13:05:31.347,5.6514,5.65445,3.20,3.20
2009.10.12 13:05:31.577,5.6511,5.6541,3.20,3.20
2009.10.12 13:05:35.236,5.65075,5.654,3.20,6.40
2009.10.12 13:05:35.586,5.6507,5.654,3.20,6.40
2009.10.12 13:05:39.035,5.6506,5.65365,3.20,3.20
2009.10.12 13:05:41.165,5.65125,5.6543,3.20,3.20
2009.10.12 13:05:41.445,5.6512,5.65425,3.20,3.20
2009.10.12 13:05:41.735,5.65115,5.6542,3.20,3.20
2009.10.12 13:05:42.074,5.65105,5.65435,3.20,6.40
2009.10.12 13:05:45.014,5.6517,5.6541,1.00,3.20
2009.10.12 13:05:45.184,5.6517,5.6541,1.00,1.00
2009.10.12 13:05:48.613,5.65125,5.65425,3.20,8.80
2009.10.12 13:05:48.903,5.65055,5.6536,3.20,3.20
2009.10.12 13:05:49.363,5.65065,5.65365,3.20,3.20
2009.10.12 13:05:49.653,5.6506,5.65365,3.20,3.20
2009.10.12 13:05:50.522,5.65035,5.6531,3.20,5.60
2009.10.12 13:05:50.682,5.64945,5.65295,3.20,6.40
2009.10.12 13:05:51.032,5.6494,5.65275,1.60,5.60
2009.10.12 13:05:51.212,5.6491,5.6526,4.80,6.40
2009.10.12 13:05:51.512,5.6491,5.6509,4.80,3.20
2009.10.12 13:05:51.672,5.647,5.64995,2.40,3.20
2009.10.12 13:05:51.962,5.64655,5.64995,3.20,3.20
2009.10.12 13:05:52.252,5.64655,5.65,3.20,3.20
2009.10.12 13:05:53.122,5.6468,5.64985,3.20,3.20
2009.10.12 13:05:53.522,5.64685,5.64985,3.20,3.20
2009.10.12 13:05:55.191,5.6482,5.6515,3.20,1.00
2009.10.12 13:05:55.422,5.6482,5.65165,3.20,3.20
2009.10.12 13:05:55.871,5.64825,5.6517,3.20,3.20
2009.10.12 13:05:56.161,5.6482,5.65165,3.20,3.20
2009.10.12 13:05:57.441,5.6484,5.6513,3.20,1.00
2009.10.12 13:05:57.501,5.64815,5.6509,3.20,5.60
2009.10.12 13:05:57.551,5.6478,5.65075,1.60,6.40
2009.10.12 13:05:57.601,5.64725,5.65075,3.20,6.40
2009.10.12 13:05:57.761,5.647,5.64995,3.20,3.20
2009.10.12 13:05:57.821,5.64675,5.64995,3.20,3.20
2009.10.12 13:05:58.001,5.64675,5.65,3.20,3.20
2009.10.12 13:05:58.341,5.6465,5.65005,8.00,3.20
2009.10.12 13:05:58.630,5.6469,5.64985,8.00,3.20
2009.10.12 13:05:58.920,5.64845,5.6524,6.40,1.00
2009.10.12 13:05:59.150,5.64675,5.65055,3.20,5.60
2009.10.12 13:05:59.390,5.64635,5.6504,3.20,6.40
2009.10.12 13:05:59.570,5.64635,5.6502,3.20,3.20
2009.10.12 13:05:59.800,5.64645,5.65025,3.20,3.20
2009.10.12 13:06:00.330,5.647,5.65,3.20,3.20
2009.10.12 13:06:00.850,5.647,5.65005,3.20,3.20
2009.10.12 13:06:01.620,5.64695,5.65025,3.20,6.40
2009.10.12 13:06:02.280,5.64675,5.65005,3.20,6.40
2009.10.12 13:06:02.639,5.6468,5.6501,3.20,6.40
2009.10.12 13:06:03.399,5.64675,5.65005,3.20,6.40
2009.10.12 13:06:03.759,5.6468,5.64985,3.20,3.20
2009.10.12 13:06:03.919,5.64775,5.6508,3.20,3.20
2009.10.12 13:06:04.159,5.6477,5.651,3.20,6.40
2009.10.12 13:06:06.979,5.6476,5.6509,3.20,6.40
2009.10.12 13:06:07.258,5.6477,5.651,6.40,3.20
2009.10.12 13:06:07.618,5.64795,5.651,3.20,4.00
2009.10.12 13:06:07.858,5.64795,5.65065,3.20,2.40
2009.10.12 13:06:08.038,5.6471,5.6503,4.80,4.80
2009.10.12 13:06:09.108,5.64735,5.6502,1.60,3.20
2009.10.12 13:06:09.338,5.648,5.65105,3.20,3.20
2009.10.12 13:06:09.628,5.6476,5.6509,3.20,6.40
2009.10.12 13:06:10.667,5.6474,5.6507,6.40,3.20
2009.10.12 13:06:11.977,5.6477,5.6507,3.20,3.20
2009.10.12 13:06:13.167,5.6476,5.6509,6.40,3.20
2009.10.12 13:06:14.497,5.64785,5.65085,3.20,3.20
2009.10.12 13:06:15.486,5.6477,5.651,3.20,6.40
2009.10.12 13:06:16.116,5.6476,5.6509,6.40,3.20
2009.10.12 13:06:17.156,5.64765,5.65095,6.40,3.20
2009.10.12 13:06:20.235,5.6479,5.65095,3.20,4.00
2009.10.12 13:06:20.355,5.6472,5.6505,3.20,6.40
2009.10.12 13:06:21.065,5.64725,5.65055,3.20,8.00
2009.10.12 13:06:21.425,5.6473,5.65055,3.20,8.00
2009.10.12 13:06:22.355,5.6479,5.6502,1.00,1.00
2009.10.12 13:06:25.414,5.64795,5.6503,1.00,1.00
2009.10.12 13:06:27.904,5.6478,5.6505,1.00,3.20
2009.10.12 13:06:28.243,5.6479,5.65115,6.40,3.20
2009.10.12 13:06:28.423,5.6479,5.65115,3.20,5.60
2009.10.12 13:06:28.593,5.6477,5.65075,3.20,3.20
2009.10.12 13:06:28.933,5.64785,5.6509,3.20,3.20
2009.10.12 13:06:29.283,5.6476,5.6509,6.40,3.20
2009.10.12 13:06:40.161,5.64765,5.65095,6.40,3.20
2009.10.12 13:06:40.840,5.64785,5.651,8.00,3.20
2009.10.12 13:06:41.110,5.648,5.6513,6.40,3.20
2009.10.12 13:06:41.330,5.6482,5.6512,3.20,3.20
2009.10.12 13:06:41.550,5.64805,5.65135,6.40,3.20
2009.10.12 13:06:45.149,5.64805,5.6514,6.40,3.20
2009.10.12 13:06:49.888,5.6481,5.65095,6.40,1.60
2009.10.12 13:06:50.128,5.64765,5.6507,3.20,3.20
2009.10.12 13:06:50.698,5.64745,5.65075,8.00,3.20
2009.10.12 13:06:50.868,5.64835,5.65075,1.00,3.20
2009.10.12 13:06:51.568,5.64835,5.6508,1.00,3.20
2009.10.12 13:06:52.387,5.6484,5.6505,1.00,1.00
2009.10.12 13:06:52.788,5.6485,5.6505,1.00,1.00
2009.10.12 13:07:08.524,5.6482,5.6504,1.00,1.00
2009.10.12 13:07:09.213,5.6482,5.65015,1.00,1.00
2009.10.12 13:07:09.903,5.64815,5.6506,3.20,1.60
2009.10.12 13:07:10.193,5.6482,5.65125,3.20,3.20
2009.10.12 13:07:10.433,5.64795,5.65125,3.20,6.40
2009.10.12 13:07:10.993,5.64795,5.65105,6.40,3.20
2009.10.12 13:07:11.343,5.648,5.65125,6.40,3.20
2009.10.12 13:07:11.673,5.648,5.6513,6.40,3.20
2009.10.12 13:07:13.232,5.64835,5.6514,3.20,3.20
2009.10.12 13:07:13.402,5.6483,5.65135,3.20,3.20
2009.10.12 13:07:13.862,5.64825,5.6513,3.20,3.20
2009.10.12 13:07:14.102,5.6482,5.65155,3.20,6.40
2009.10.12 13:07:18.261,5.64805,5.6507,3.20,5.60
2009.10.12 13:07:18.601,5.6468,5.6503,4.80,6.40
2009.10.12 13:07:18.821,5.64685,5.6501,3.20,3.20
2009.10.12 13:07:19.441,5.64695,5.6502,3.20,3.20
2009.10.12 13:07:20.901,5.6472,5.65025,3.20,3.20
2009.10.12 13:07:21.261,5.64775,5.65105,6.40,3.20
2009.10.12 13:07:21.620,5.64805,5.6511,3.20,3.20
2009.10.12 13:07:27.929,5.64795,5.65125,6.40,3.20
2009.10.12 13:07:38.826,5.648,5.6513,6.40,3.20
2009.10.12 13:07:39.056,5.6482,5.65125,3.20,3.20
2009.10.12 13:07:39.876,5.648,5.6513,6.40,3.20
2009.10.12 13:07:41.346,5.6481,5.65115,3.20,3.20
2009.10.12 13:07:44.275,5.6484,5.65145,3.20,3.20
2009.10.12 13:07:47.394,5.6482,5.65145,6.40,3.20
2009.10.12 13:07:50.294,5.6491,5.65145,1.00,3.20
2009.10.12 13:07:50.574,5.6491,5.6515,1.00,1.00
2009.10.12 13:07:51.703,5.6494,5.6515,1.00,1.00
2009.10.12 13:07:52.453,5.64945,5.6515,1.00,1.00
2009.10.12 13:07:53.213,5.64945,5.6518,1.00,1.00
2009.10.12 13:07:55.343,5.64955,5.6518,1.00,1.00
2009.10.12 13:07:56.142,5.65015,5.6518,6.40,1.00
2009.10.12 13:07:56.482,5.6504,5.6532,3.20,1.00
2009.10.12 13:07:56.782,5.65035,5.6538,3.20,3.20
2009.10.12 13:07:58.042,5.6502,5.65345,6.40,3.20
2009.10.12 13:07:58.562,5.65015,5.65345,6.40,3.20
2009.10.12 13:08:00.931,5.6502,5.65345,6.40,3.20
2009.10.12 13:08:01.571,5.6502,5.6535,6.40,3.20
2009.10.12 13:08:06.290,5.65015,5.65345,6.40,3.20
2009.10.12 13:08:09.049,5.65045,5.6535,3.20,3.20
2009.10.12 13:08:13.068,5.65035,5.65375,3.20,6.40
2009.10.12 13:08:15.508,5.6504,5.65365,3.20,6.40
2009.10.12 13:08:16.937,5.6502,5.6535,6.40,3.20
2009.10.12 13:08:19.417,5.6504,5.6537,3.20,6.40
2009.10.12 13:08:20.056,5.65035,5.6537,3.20,6.40
2009.10.12 13:08:21.296,5.6504,5.65345,3.20,3.20
2009.10.12 13:08:42.341,5.6502,5.6539,6.40,3.20
2009.10.12 13:08:42.681,5.6505,5.65395,3.20,3.20
2009.10.12 13:08:43.941,5.65055,5.6536,3.20,3.20
2009.10.12 13:08:47.550,5.6505,5.65355,3.20,3.20
2009.10.12 13:08:47.880,5.6503,5.6536,6.40,3.20
2009.10.12 13:08:48.470,5.6505,5.6538,3.20,6.40
2009.10.12 13:08:49.629,5.6505,5.6527,3.20,1.00
2009.10.12 13:08:49.750,5.6486,5.6523,3.20,6.40
2009.10.12 13:08:53.058,5.64885,5.65215,3.20,6.40
2009.10.12 13:08:53.458,5.6494,5.6516,1.00,1.00
2009.10.12 13:08:54.458,5.6495,5.65155,1.00,1.00
2009.10.12 13:09:01.426,5.6496,5.6516,1.00,1.00
2009.10.12 13:09:05.246,5.6492,5.65155,1.00,1.00
2009.10.12 13:09:17.433,5.6493,5.65145,1.00,1.00
2009.10.12 13:09:20.022,5.6493,5.6512,1.00,1.00
2009.10.12 13:09:20.302,5.6491,5.65115,1.00,1.00
2009.10.12 13:09:20.642,5.6491,5.6514,1.00,1.00
2009.10.12 13:09:20.982,5.6491,5.65115,1.00,1.00
2009.10.12 13:09:25.951,5.6491,5.6514,1.00,1.00
2009.10.12 13:09:26.120,5.6491,5.65115,1.00,1.00
2009.10.12 13:09:28.820,5.6492,5.6515,1.00,1.00
2009.10.12 13:09:29.630,5.6488,5.65115,1.00,1.00
2009.10.12 13:09:29.980,5.6489,5.6512,1.00,1.00
2009.10.12 13:09:31.699,5.6488,5.6508,1.00,1.00
2009.10.12 13:09:32.209,5.6489,5.6512,1.00,1.00
2009.10.12 13:09:32.719,5.6487,5.65105,1.00,1.00
2009.10.12 13:09:35.838,5.64875,5.6511,1.00,1.00
2009.10.12 13:09:38.218,5.64905,5.6511,1.00,1.00
2009.10.12 13:09:42.337,5.6488,5.65085,1.00,1.00
2009.10.12 13:09:43.037,5.6488,5.6511,1.00,1.00
2009.10.12 13:09:43.317,5.6488,5.6508,1.00,1.00
2009.10.12 13:09:46.296,5.6487,5.6507,1.00,1.00
2009.10.12 13:09:47.385,5.6487,5.651,1.00,1.00
2009.10.12 13:09:49.295,5.6488,5.6511,1.00,1.00
2009.10.12 13:09:49.585,5.6488,5.6511,1.00,1.00
2009.10.12 13:09:50.855,5.6487,5.65075,1.00,1.00
2009.10.12 13:09:52.684,5.64875,5.6508,1.00,1.00
2009.10.12 13:09:54.414,5.6484,5.65075,1.00,1.00
2009.10.12 13:09:55.593,5.6485,5.6508,1.00,1.00
2009.10.12 13:09:58.173,5.6483,5.6506,1.00,1.00
2009.10.12 13:09:58.393,5.64845,5.6508,1.00,1.00
2009.10.12 13:09:58.863,5.648,5.65085,2.40,3.20
2009.10.12 13:09:59.152,5.64845,5.65085,1.60,3.20
2009.10.12 13:09:59.972,5.64945,5.6529,3.20,3.20
2009.10.12 13:10:01.642,5.64975,5.653,3.20,5.60
2009.10.12 13:10:01.922,5.6496,5.65265,3.20,3.20
2009.10.12 13:10:02.482,5.64965,5.6527,3.20,3.20
2009.10.12 13:10:06.531,5.6495,5.6528,7.20,3.20
2009.10.12 13:10:06.811,5.6503,5.65335,3.20,3.20
2009.10.12 13:10:07.611,5.6504,5.6534,3.20,3.20
2009.10.12 13:10:07.891,5.6502,5.65365,5.60,6.40
2009.10.12 13:10:08.171,5.6506,5.65365,3.20,3.20
2009.10.12 13:10:08.400,5.6507,5.65375,3.20,3.20
2009.10.12 13:10:09.150,5.65065,5.6537,3.20,3.20
2009.10.12 13:10:09.490,5.6505,5.65355,3.20,3.20
2009.10.12 13:10:09.840,5.6503,5.6536,6.40,3.20
2009.10.12 13:10:10.070,5.65075,5.6538,3.20,3.20
2009.10.12 13:10:10.230,5.65085,5.65385,3.20,3.20
2009.10.12 13:10:11.470,5.65085,5.6539,3.20,3.20
2009.10.12 13:10:12.330,5.6511,5.65415,3.20,3.20
2009.10.12 13:10:12.950,5.65125,5.6543,3.20,3.20
2009.10.12 13:10:16.029,5.6512,5.65425,3.20,3.20
2009.10.12 13:10:17.858,5.6512,5.6542,3.20,3.20
2009.10.12 13:10:20.837,5.65115,5.6542,3.20,3.20
2009.10.12 13:10:21.218,5.651,5.65405,3.20,3.20
2009.10.12 13:10:21.507,5.65085,5.65415,3.20,6.40
2009.10.12 13:10:21.847,5.65085,5.6541,3.20,6.40
2009.10.12 13:10:22.947,5.65065,5.65405,3.20,6.40
2009.10.12 13:10:23.837,5.6507,5.65385,3.20,3.20
2009.10.12 13:10:25.126,5.6511,5.65385,1.00,3.20
2009.10.12 13:10:25.476,5.65135,5.6545,3.20,3.20
2009.10.12 13:10:26.266,5.6513,5.65445,3.20,3.20
2009.10.12 13:10:26.656,5.651,5.65415,3.20,3.20
2009.10.12 13:10:26.946,5.65085,5.65425,3.20,6.40
2009.10.12 13:10:27.236,5.6502,5.6536,3.20,6.40
2009.10.12 13:10:28.176,5.6503,5.65365,3.20,6.40
2009.10.12 13:10:29.645,5.6506,5.6537,3.20,3.20
2009.10.12 13:10:32.635,5.6505,5.6538,6.40,3.20
2009.10.12 13:10:35.424,5.6509,5.65395,3.20,3.20
2009.10.12 13:10:35.724,5.65085,5.6541,3.20,6.40
2009.10.12 13:10:39.753,5.6509,5.65395,3.20,3.20
2009.10.12 13:10:40.233,5.65085,5.65385,3.20,3.20
2009.10.12 13:10:41.722,5.6508,5.65385,3.20,3.20
2009.10.12 13:10:42.002,5.6506,5.6539,6.40,3.20
2009.10.12 13:10:42.342,5.65085,5.65385,3.20,3.20
2009.10.12 13:10:42.852,5.65075,5.6538,3.20,3.20
2009.10.12 13:11:06.547,5.65065,5.65395,6.40,3.20
2009.10.12 13:11:06.826,5.65085,5.65385,3.20,3.20
2009.10.12 13:11:07.116,5.65085,5.6539,3.20,3.20
2009.10.12 13:11:14.215,5.6509,5.65395,3.20,3.20
2009.10.12 13:11:14.335,5.65105,5.6541,3.20,3.20
2009.10.12 13:11:15.005,5.65085,5.65415,6.40,3.20
2009.10.12 13:11:16.054,5.65105,5.6541,3.20,3.20
2009.10.12 13:11:16.404,5.651,5.6543,3.20,6.40
2009.10.12 13:11:16.854,5.65095,5.654,3.20,3.20
2009.10.12 13:11:17.074,5.6509,5.6542,3.20,6.40
2009.10.12 13:11:19.064,5.65105,5.65435,3.20,6.40
2009.10.12 13:11:19.403,5.6511,5.65415,3.20,3.20
2009.10.12 13:11:24.262,5.65105,5.65435,3.20,6.40
2009.10.12 13:11:24.542,5.6511,5.6544,3.20,6.40
2009.10.12 13:11:25.522,5.65105,5.65435,3.20,6.40
2009.10.12 13:11:25.872,5.6508,5.65415,6.40,3.20
2009.10.12 13:11:35.999,5.65105,5.6541,3.20,3.20
2009.10.12 13:11:36.359,5.651,5.6543,3.20,6.40
2009.10.12 13:11:36.709,5.65105,5.65435,3.20,6.40
2009.10.12 13:11:38.629,5.6509,5.6542,6.40,3.20
2009.10.12 13:11:43.877,5.6508,5.6541,6.40,3.20
2009.10.12 13:11:44.107,5.65085,5.65415,6.40,3.20
2009.10.12 13:11:45.107,5.65085,5.6541,6.40,3.20
2009.10.12 13:11:45.337,5.65075,5.65405,6.40,3.20
2009.10.12 13:11:48.766,5.65105,5.6541,3.20,3.20
2009.10.12 13:11:49.036,5.6508,5.65415,6.40,3.20
2009.10.12 13:11:51.355,5.6511,5.65415,3.20,4.80
2009.10.12 13:11:51.526,5.6506,5.65365,3.20,3.20
2009.10.12 13:11:52.335,5.6512,5.65365,1.00,3.30
2009.10.12 13:11:53.545,5.6512,5.65345,1.00,1.00
2009.10.12 13:11:55.615,5.65035,5.6532,4.80,5.60
2009.10.12 13:11:55.785,5.6498,5.65305,5.60,6.40
2009.10.12 13:11:55.904,5.6498,5.65305,3.20,6.40
2009.10.12 13:11:56.185,5.64955,5.65285,4.80,6.40
2009.10.12 13:11:56.424,5.6496,5.6529,3.20,6.40
2009.10.12 13:11:56.714,5.64955,5.6526,3.20,3.20
2009.10.12 13:11:57.004,5.6496,5.65265,1.60,6.40
2009.10.12 13:11:57.334,5.65005,5.65325,3.20,3.20
2009.10.12 13:11:57.684,5.64985,5.65335,6.40,3.20
2009.10.12 13:11:58.024,5.6501,5.65355,3.20,6.40
2009.10.12 13:11:59.624,5.6502,5.65355,1.00,6.40
2009.10.12 13:11:59.804,5.6504,5.65365,3.20,3.20
2009.10.12 13:12:00.133,5.6502,5.65365,7.20,3.20
2009.10.12 13:12:02.033,5.6504,5.65345,3.20,3.20
2009.10.12 13:12:02.363,5.6502,5.65345,6.40,3.20
2009.10.12 13:12:02.803,5.65045,5.6535,3.20,3.20
2009.10.12 13:12:03.393,5.65085,5.6533,1.00,1.00
2009.10.12 13:12:07.102,5.6508,5.65325,1.00,1.00
2009.10.12 13:12:11.431,5.6508,5.65315,1.00,1.00
2009.10.12 13:12:13.361,5.65035,5.6534,3.20,3.20
2009.10.12 13:12:13.540,5.6503,5.65335,3.20,3.20
2009.10.12 13:12:19.349,5.65065,5.6531,1.00,1.00
2009.10.12 13:12:21.259,5.65095,5.6532,1.00,1.00
2009.10.12 13:12:22.628,5.65025,5.6533,3.20,3.20
2009.10.12 13:12:24.508,5.6503,5.6533,2.40,3.20
2009.10.12 13:12:24.738,5.6506,5.65365,3.20,3.20
2009.10.12 13:12:26.367,5.651,5.6532,1.00,1.00
2009.10.12 13:12:26.997,5.6506,5.65285,3.20,1.00
2009.10.12 13:12:27.287,5.6506,5.6528,1.00,1.00
2009.10.12 13:12:28.987,5.6503,5.65335,3.20,3.20
2009.10.12 13:12:29.286,5.6501,5.6534,7.20,3.20
2009.10.12 13:12:29.587,5.6503,5.65335,3.20,3.20
2009.10.12 13:12:29.886,5.65005,5.653,3.20,3.20
2009.10.12 13:12:30.066,5.65,5.653,3.20,3.20
2009.10.12 13:12:32.306,5.64935,5.65235,1.60,3.20
2009.10.12 13:12:32.656,5.64935,5.6524,4.80,3.20
2009.10.12 13:12:33.636,5.6501,5.65335,4.00,3.20
2009.10.12 13:12:34.735,5.6494,5.6528,2.40,6.40
2009.10.12 13:12:34.965,5.64935,5.6526,3.20,3.20
2009.10.12 13:12:35.185,5.64945,5.6529,4.80,3.20
2009.10.12 13:12:37.574,5.64975,5.653,6.40,3.20
2009.10.12 13:12:43.413,5.6501,5.653,1.00,3.20
2009.10.12 13:12:43.763,5.6501,5.65335,4.00,3.20
2009.10.12 13:12:44.293,5.65,5.65325,4.80,3.20
2009.10.12 13:12:44.463,5.65,5.65325,3.20,6.40
2009.10.12 13:12:48.862,5.64995,5.65325,3.20,6.40
2009.10.12 13:12:55.650,5.6505,5.6529,1.00,1.00
2009.10.12 13:12:59.699,5.6505,5.6528,1.00,1.00
2009.10.12 13:12:59.819,5.65025,5.6533,3.20,3.20
2009.10.12 13:13:00.089,5.65015,5.6532,3.20,3.20
2009.10.12 13:13:00.309,5.6499,5.6532,3.20,6.40
2009.10.12 13:13:00.429,5.6498,5.65305,6.40,3.20
2009.10.12 13:13:00.649,5.64995,5.653,3.20,3.20
2009.10.12 13:13:00.989,5.65005,5.65335,7.20,3.20
2009.10.12 13:13:06.328,5.6502,5.6526,1.00,1.00
2009.10.12 13:13:10.796,5.6502,5.65325,3.20,3.20
2009.10.12 13:13:11.076,5.65,5.6533,8.00,3.20
2009.10.12 13:13:11.356,5.6505,5.65285,1.00,1.00
2009.10.12 13:13:12.376,5.6506,5.6528,1.00,1.00
2009.10.12 13:13:13.626,5.6505,5.65275,1.00,1.00
2009.10.12 13:13:13.906,5.65005,5.6531,3.20,3.20
2009.10.12 13:13:15.995,5.6501,5.6531,1.00,3.20
2009.10.12 13:13:16.216,5.6501,5.65335,4.00,3.20
2009.10.12 13:13:16.385,5.6501,5.6534,7.20,3.20
2009.10.12 13:13:16.955,5.65015,5.65345,6.40,3.20
2009.10.12 13:13:18.555,5.6501,5.65325,4.00,3.20
2009.10.12 13:13:18.795,5.65035,5.6534,3.20,3.20
2009.10.12 13:13:19.425,5.6504,5.65345,3.20,3.20
2009.10.12 13:13:20.464,5.65065,5.6531,1.00,1.00
2009.10.12 13:13:21.034,5.6504,5.65345,3.20,3.20
2009.10.12 13:13:21.334,5.64965,5.65205,2.40,3.20
2009.10.12 13:13:21.574,5.64835,5.65205,3.20,6.40
2009.10.12 13:13:21.854,5.6484,5.65185,3.20,3.20
2009.10.12 13:13:22.784,5.64895,5.65165,5.60,3.20
2009.10.12 13:13:23.133,5.64955,5.6526,3.20,3.20
2009.10.12 13:13:25.083,5.6495,5.65255,3.20,3.20
2009.10.12 13:13:27.272,5.65005,5.6535,6.40,3.20
2009.10.12 13:13:30.292,5.64925,5.65295,3.20,6.40
2009.10.12 13:13:32.731,5.64945,5.6527,3.20,6.40
2009.10.12 13:13:33.081,5.64945,5.6525,3.20,3.20
2009.10.12 13:13:33.431,5.6494,5.65245,3.20,3.20
2009.10.12 13:13:34.111,5.64925,5.65255,3.20,8.00
2009.10.12 13:13:34.751,5.64925,5.6523,3.20,4.80
2009.10.12 13:13:35.041,5.6492,5.6523,3.20,4.80
2009.10.12 13:13:35.371,5.64915,5.6523,3.20,4.80
2009.10.12 13:13:35.671,5.64905,5.6521,3.20,3.20
2009.10.12 13:13:35.951,5.64905,5.6521,4.00,3.20
2009.10.12 13:13:36.290,5.64965,5.65295,6.40,3.20
2009.10.12 13:13:36.581,5.6496,5.6529,6.40,3.20
2009.10.12 13:13:38.490,5.6501,5.65255,1.00,1.00
2009.10.12 13:13:40.839,5.64985,5.6529,3.20,3.20
2009.10.12 13:13:41.539,5.64975,5.6528,3.20,3.20
2009.10.12 13:13:43.359,5.64975,5.6528,5.60,3.20
2009.10.12 13:13:43.539,5.6498,5.6528,4.00,3.20
2009.10.12 13:13:43.599,5.65,5.65305,3.20,3.20
2009.10.12 13:13:44.408,5.6504,5.65285,1.00,1.00
2009.10.12 13:13:46.338,5.65,5.65305,3.20,3.20
2009.10.12 13:13:46.558,5.64995,5.653,3.20,3.20
2009.10.12 13:13:51.567,5.65,5.65305,3.20,3.20
2009.10.12 13:13:53.546,5.6501,5.65305,1.00,3.20
2009.10.12 13:13:53.776,5.65025,5.6534,4.80,3.20
2009.10.12 13:13:54.116,5.6507,5.653,1.00,1.00
2009.10.12 13:13:55.446,5.6508,5.65295,1.00,1.00
2009.10.12 13:13:56.705,5.6509,5.6529,1.00,1.00
2009.10.12 13:14:09.942,5.65095,5.653,1.00,1.00
2009.10.12 13:14:16.241,5.6509,5.6529,1.00,1.00
2009.10.12 13:14:24.389,5.65095,5.6529,1.00,1.00
2009.10.12 13:14:27.828,5.6509,5.65285,1.00,1.00
2009.10.12 13:14:28.008,5.6505,5.65355,3.20,3.20
2009.10.12 13:14:28.178,5.65015,5.6532,3.20,3.20
2009.10.12 13:14:28.528,5.64995,5.65325,6.40,3.20
2009.10.12 13:14:31.667,5.65025,5.6533,3.20,3.20
2009.10.12 13:14:35.256,5.65,5.65345,8.80,3.20
2009.10.12 13:14:35.656,5.6502,5.6535,6.40,3.20
2009.10.12 13:14:36.236,5.6504,5.65345,3.20,3.20
2009.10.12 13:14:36.566,5.65035,5.65355,3.20,4.80
2009.10.12 13:14:37.815,5.65015,5.65345,6.40,3.20
2009.10.12 13:14:39.345,5.65065,5.6531,1.00,1.00
2009.10.12 13:14:43.444,5.64985,5.65315,3.20,6.40
2009.10.12 13:14:43.784,5.6499,5.65295,3.20,3.20
2009.10.12 13:14:44.954,5.64985,5.65315,3.20,6.40
2009.10.12 13:14:45.634,5.64985,5.6529,4.00,3.20
2009.10.12 13:14:45.804,5.64995,5.65325,6.40,3.20
2009.10.12 13:14:48.033,5.65005,5.65335,8.80,3.20
2009.10.12 13:14:48.623,5.65015,5.65345,3.20,6.40
2009.10.12 13:14:48.973,5.6502,5.65325,3.20,3.20
2009.10.12 13:14:52.622,5.65025,5.65325,3.20,3.20
2009.10.12 13:14:58.731,5.6502,5.65325,3.20,3.20
2009.10.12 13:14:58.850,5.6503,5.65275,1.00,1.00
2009.10.12 13:15:00.340,5.65065,5.6531,1.00,1.00
2009.10.12 13:15:03.099,5.65045,5.65345,3.20,3.20
2009.10.12 13:15:03.379,5.65005,5.65335,3.20,6.40
2009.10.12 13:15:03.559,5.64995,5.65325,3.20,6.40
2009.10.12 13:15:04.829,5.6498,5.6531,3.20,6.40
2009.10.12 13:15:05.219,5.64975,5.65305,3.20,6.40
2009.10.12 13:15:09.548,5.65015,5.6532,3.20,1.60
2009.10.12 13:15:11.038,5.65005,5.6532,3.20,1.60
2009.10.12 13:15:11.148,5.6501,5.65245,1.00,1.00
2009.10.12 13:15:11.608,5.6502,5.6524,1.00,1.00
2009.10.12 13:15:15.387,5.65025,5.6524,1.00,1.00
2009.10.12 13:15:16.996,5.6499,5.65205,1.00,1.00
2009.10.12 13:15:17.626,5.6496,5.652,1.00,1.00
2009.10.12 13:15:17.856,5.65,5.6521,1.00,1.00
2009.10.12 13:15:20.455,5.64955,5.65195,3.20,1.00
2009.10.12 13:15:20.685,5.6495,5.65195,1.00,1.00
2009.10.12 13:15:21.685,5.64925,5.65225,3.20,3.20
2009.10.12 13:15:21.865,5.64905,5.65235,6.40,3.20
2009.10.12 13:15:22.205,5.64925,5.6523,3.20,3.20
2009.10.12 13:15:24.304,5.64925,5.6525,3.20,6.40
2009.10.12 13:15:28.723,5.6489,5.65205,1.60,6.40
2009.10.12 13:15:28.953,5.64875,5.65205,3.20,6.40
2009.10.12 13:15:29.363,5.64875,5.65175,3.20,3.20
2009.10.12 13:15:30.643,5.64885,5.65175,1.60,3.20
2009.10.12 13:15:30.913,5.64875,5.65175,3.20,3.20
2009.10.12 13:15:31.093,5.64885,5.6519,3.20,3.20
2009.10.12 13:15:31.603,5.6492,5.6515,1.00,1.00
2009.10.12 13:15:33.102,5.6485,5.65145,3.20,3.20
2009.10.12 13:15:33.382,5.64845,5.65145,3.20,3.20
2009.10.12 13:15:33.612,5.64845,5.6515,3.20,3.20
2009.10.12 13:15:39.061,5.6486,5.65165,3.20,3.20
2009.10.12 13:15:39.581,5.6484,5.65165,7.20,3.20
2009.10.12 13:15:39.811,5.6484,5.6517,7.20,3.20
2009.10.12 13:15:40.101,5.64895,5.6514,1.00,1.00
2009.10.12 13:15:47.329,5.64905,5.6514,1.00,1.00
2009.10.12 13:15:49.668,5.649,5.6513,1.00,1.00
2009.10.12 13:15:49.998,5.6492,5.6515,1.00,1.00
2009.10.12 13:15:54.447,5.6492,5.65145,1.00,1.00
2009.10.12 13:15:57.097,5.6492,5.6515,1.00,1.00
2009.10.12 13:16:00.296,5.64865,5.6517,3.20,3.20
2009.10.12 13:16:01.495,5.6491,5.65155,1.00,1.00
2009.10.12 13:16:02.415,5.6492,5.6515,4.00,1.00
2009.10.12 13:16:02.635,5.6497,5.65185,2.40,3.20
2009.10.12 13:16:02.925,5.64985,5.6532,4.80,3.20
2009.10.12 13:16:03.305,5.65,5.65325,3.20,3.20
2009.10.12 13:16:03.605,5.6499,5.6533,4.80,3.20
2009.10.12 13:16:04.115,5.65,5.65305,3.20,3.20
2009.10.12 13:16:04.295,5.6499,5.65315,4.80,3.20
2009.10.12 13:16:05.524,5.6504,5.6527,1.00,1.00
2009.10.12 13:16:06.344,5.6504,5.6524,1.00,3.20
2009.10.12 13:16:06.524,5.6492,5.6524,3.20,3.20
2009.10.12 13:16:06.704,5.6492,5.65245,3.20,3.20
2009.10.12 13:16:21.471,5.64935,5.6524,3.20,3.20
2009.10.12 13:16:21.641,5.6494,5.65245,3.20,3.20
2009.10.12 13:16:23.580,5.64945,5.6518,1.00,1.00
2009.10.12 13:16:27.379,5.6496,5.6518,1.00,1.00
2009.10.12 13:16:27.779,5.64925,5.6523,3.20,3.20
2009.10.12 13:16:28.119,5.6497,5.65295,4.80,3.20
2009.10.12 13:16:29.639,5.65005,5.6531,3.20,3.20
2009.10.12 13:16:29.809,5.65,5.65305,3.20,3.20
2009.10.12 13:16:30.268,5.65,5.65305,4.80,3.20
2009.10.12 13:16:30.509,5.65,5.65305,3.20,3.20
2009.10.12 13:16:30.738,5.64935,5.65265,3.20,6.40
2009.10.12 13:16:31.198,5.6492,5.6524,4.80,3.20
2009.10.12 13:16:32.358,5.6492,5.65255,4.80,3.20
2009.10.12 13:16:32.648,5.64985,5.6523,1.00,1.00
2009.10.12 13:16:34.248,5.64955,5.65255,3.20,3.20
2009.10.12 13:16:34.417,5.65005,5.65255,1.60,3.20
2009.10.12 13:16:34.757,5.65005,5.6532,4.80,3.20
2009.10.12 13:16:35.147,5.6501,5.65325,4.80,3.20
2009.10.12 13:16:35.608,5.65045,5.6527,1.00,1.00
2009.10.12 13:16:36.347,5.6507,5.6528,1.00,1.00
2009.10.12 13:16:37.447,5.6507,5.6527,1.00,1.00
2009.10.12 13:16:38.257,5.6512,5.65355,3.20,1.00
2009.10.12 13:16:38.556,5.6512,5.65425,3.20,3.20
2009.10.12 13:16:39.836,5.6505,5.6535,3.20,3.20
2009.10.12 13:16:40.066,5.6505,5.65355,3.20,3.20
2009.10.12 13:16:42.356,5.6504,5.6534,3.20,3.20
2009.10.12 13:16:50.583,5.65015,5.6532,4.80,3.20
2009.10.12 13:16:54.823,5.65015,5.6532,3.20,3.20
2009.10.12 13:16:55.042,5.65,5.65325,3.20,6.40
2009.10.12 13:16:55.273,5.64995,5.65325,3.20,6.40
2009.10.12 13:16:55.723,5.6499,5.65295,3.20,3.20
2009.10.12 13:16:56.412,5.65005,5.6531,3.20,3.20
2009.10.12 13:17:03.721,5.65,5.65305,3.20,3.20
2009.10.12 13:17:05.680,5.6498,5.65305,4.80,6.40
2009.10.12 13:17:05.970,5.6497,5.65275,3.20,3.20
2009.10.12 13:17:06.310,5.64985,5.65295,1.00,6.40
2009.10.12 13:17:06.660,5.6503,5.65335,3.20,3.20
2009.10.12 13:17:06.890,5.65035,5.6534,3.20,3.20
2009.10.12 13:17:08.689,5.6506,5.653,1.00,1.00
2009.10.12 13:17:20.356,5.6506,5.6529,1.00,1.00
2009.10.12 13:17:29.434,5.65065,5.6529,1.00,1.00
2009.10.12 13:17:33.193,5.65045,5.6533,3.20,1.00
2009.10.12 13:17:33.313,5.6499,5.65305,1.60,6.40
2009.10.12 13:17:33.493,5.64985,5.6528,1.60,3.20
2009.10.12 13:17:33.963,5.64985,5.6528,4.00,3.20
2009.10.12 13:17:34.083,5.64985,5.6531,7.20,3.20
2009.10.12 13:17:34.443,5.64995,5.65315,1.60,6.40
2009.10.12 13:17:34.803,5.64995,5.65295,4.80,3.20
2009.10.12 13:17:39.182,5.64995,5.65295,1.60,3.20
2009.10.12 13:17:41.791,5.64995,5.6529,1.60,3.20
2009.10.12 13:17:43.761,5.64995,5.65285,1.60,3.20
2009.10.12 13:17:43.871,5.64985,5.65285,1.60,3.20
2009.10.12 13:17:44.421,5.6496,5.65275,2.40,6.40
2009.10.12 13:17:44.661,5.64935,5.65265,1.60,8.80
2009.10.12 13:17:45.071,5.64905,5.6521,3.20,3.20
2009.10.12 13:17:45.301,5.64895,5.6522,1.60,6.40
2009.10.12 13:17:45.690,5.64875,5.6518,4.80,3.20
2009.10.12 13:17:46.021,5.64875,5.65175,1.60,3.20
2009.10.12 13:17:46.380,5.64875,5.6516,1.60,3.20
2009.10.12 13:17:46.720,5.6486,5.6516,1.60,3.20
2009.10.12 13:17:47.260,5.6488,5.65185,4.80,3.20
2009.10.12 13:17:47.620,5.6491,5.6522,4.80,3.20
2009.10.12 13:17:47.960,5.6491,5.65235,1.60,6.40
2009.10.12 13:17:48.310,5.6491,5.65215,4.80,3.20
2009.10.12 13:17:48.970,5.64935,5.65235,3.20,3.20
2009.10.12 13:17:49.320,5.64925,5.6522,1.60,3.20
2009.10.12 13:17:49.669,5.64925,5.65225,1.60,3.20
2009.10.12 13:17:50.359,5.6492,5.65225,3.20,3.20
2009.10.12 13:17:50.599,5.64915,5.6522,3.20,3.20
2009.10.12 13:17:51.489,5.6491,5.6524,3.20,6.40
2009.10.12 13:17:51.839,5.64905,5.6521,3.20,3.20
2009.10.12 13:17:52.189,5.6488,5.6518,1.60,3.20
2009.10.12 13:17:52.709,5.64875,5.6518,3.20,3.20
2009.10.12 13:17:53.049,5.6487,5.652,3.20,6.40
2009.10.12 13:17:53.748,5.6484,5.65145,3.20,3.20
2009.10.12 13:17:54.088,5.6482,5.6515,8.00,3.20
2009.10.12 13:17:54.718,5.64835,5.6516,6.40,3.20
2009.10.12 13:17:55.058,5.64835,5.65165,3.20,6.40
2009.10.12 13:17:55.778,5.64825,5.65155,6.40,3.20
2009.10.12 13:17:56.118,5.6482,5.6515,8.00,3.20
2009.10.12 13:17:56.938,5.6486,5.6516,3.20,3.20
2009.10.12 13:17:57.208,5.64845,5.65145,3.20,4.00
2009.10.12 13:17:57.498,5.6479,5.65095,3.20,3.20
2009.10.12 13:17:57.727,5.64785,5.6509,3.20,3.20
2009.10.12 13:17:58.547,5.6478,5.65085,3.20,3.20
2009.10.12 13:17:59.127,5.6484,5.65085,1.00,1.00
2009.10.12 13:18:00.177,5.6484,5.6508,1.00,3.20
2009.10.12 13:18:00.527,5.6481,5.65035,1.00,1.00
2009.10.12 13:18:05.086,5.6481,5.65025,1.00,1.00
2009.10.12 13:18:05.786,5.64845,5.6506,1.00,1.00
2009.10.12 13:18:07.026,5.6481,5.65025,1.00,1.00
2009.10.12 13:18:07.366,5.64785,5.65015,1.60,1.00
2009.10.12 13:18:07.765,5.6482,5.6505,1.00,1.00
2009.10.12 13:18:08.105,5.6479,5.65095,3.20,3.20
2009.10.12 13:18:08.435,5.64785,5.6509,3.20,3.20
2009.10.12 13:18:08.785,5.6484,5.65065,1.00,1.00
2009.10.12 13:18:09.135,5.648,5.65105,3.60,3.20
2009.10.12 13:18:09.656,5.6487,5.6517,6.40,1.00
2009.10.12 13:18:09.994,5.64895,5.652,3.20,2.40
2009.10.12 13:18:15.463,5.6492,5.652,3.20,2.40
2009.10.12 13:18:15.983,5.64915,5.652,3.20,2.40
2009.10.12 13:18:18.093,5.6495,5.6524,3.20,2.40
2009.10.12 13:18:19.902,5.64945,5.65275,6.40,5.60
2009.10.12 13:18:20.412,5.6495,5.65275,6.40,3.20
2009.10.12 13:18:20.752,5.64975,5.6528,3.20,3.20
2009.10.12 13:18:21.082,5.64955,5.65285,6.40,3.20
2009.10.12 13:18:21.842,5.64975,5.6528,3.20,3.20
2009.10.12 13:18:22.902,5.6497,5.653,6.40,3.20
2009.10.12 13:18:23.352,5.6498,5.65305,3.20,6.40
2009.10.12 13:18:26.281,5.6496,5.6529,3.20,6.40
2009.10.12 13:18:26.461,5.6495,5.6528,3.20,6.40
2009.10.12 13:18:28.300,5.6497,5.65255,5.60,3.20
2009.10.12 13:18:28.640,5.65035,5.65335,3.20,3.20
2009.10.12 13:18:29.000,5.65035,5.6534,3.20,3.20
2009.10.12 13:18:36.228,5.64935,5.6526,6.40,3.20
2009.10.12 13:18:36.988,5.6496,5.65265,3.20,3.20
2009.10.12 13:18:40.497,5.6503,5.65315,6.40,1.00
2009.10.12 13:18:40.607,5.65055,5.65355,3.20,3.20
2009.10.12 13:18:41.127,5.65055,5.6536,3.20,3.20
2009.10.12 13:18:42.567,5.65075,5.6531,1.00,1.00
2009.10.12 13:18:43.076,5.6508,5.65305,1.00,1.00
2009.10.12 13:18:43.376,5.6505,5.6531,3.20,1.00
2009.10.12 13:18:43.596,5.6496,5.65285,1.60,6.40
2009.10.12 13:18:43.876,5.6496,5.6526,4.80,3.20
2009.10.12 13:18:44.037,5.6496,5.6526,3.20,3.20
2009.10.12 13:18:44.386,5.6496,5.65265,3.20,3.20
2009.10.12 13:18:47.655,5.64955,5.65275,4.80,3.20
2009.10.12 13:18:48.395,5.6496,5.6529,3.20,6.40
2009.10.12 13:18:49.425,5.6499,5.65295,3.20,3.20
2009.10.12 13:18:49.945,5.6499,5.6529,3.20,3.20
2009.10.12 13:18:50.355,5.64985,5.6529,4.80,3.20
2009.10.12 13:18:52.304,5.64985,5.653,1.60,5.60
2009.10.12 13:18:52.474,5.64985,5.65285,4.80,3.20
2009.10.12 13:18:52.644,5.64985,5.6529,4.80,3.20
2009.10.12 13:18:53.734,5.6498,5.6531,3.20,6.40
2009.10.12 13:18:54.544,5.6497,5.6531,3.20,8.80
2009.10.12 13:18:54.954,5.64965,5.6527,3.20,3.20
2009.10.12 13:18:58.703,5.64965,5.65265,3.20,3.20
2009.10.12 13:18:58.873,5.6494,5.65265,3.20,6.40
2009.10.12 13:18:59.143,5.64935,5.6524,3.20,3.20
2009.10.12 13:18:59.373,5.6493,5.65265,3.20,6.40
2009.10.12 13:19:00.052,5.64925,5.65255,3.20,6.40
2009.10.12 13:19:00.402,5.64935,5.6524,3.20,3.20
2009.10.12 13:19:01.362,5.6494,5.65245,3.20,3.20
2009.10.12 13:19:02.482,5.6495,5.6528,6.40,3.20
2009.10.12 13:19:02.832,5.6495,5.6528,3.20,6.40
2009.10.12 13:19:03.182,5.6494,5.6527,3.20,6.40
2009.10.12 13:19:04.271,5.6496,5.6529,3.20,6.40
2009.10.12 13:19:04.552,5.64955,5.6528,3.20,6.40
2009.10.12 13:19:04.881,5.6495,5.65255,3.20,3.20
2009.10.12 13:19:06.631,5.6495,5.6524,3.20,1.00
2009.10.12 13:19:06.861,5.6487,5.652,3.20,6.40
2009.10.12 13:19:08.560,5.64865,5.6519,3.20,8.00
2009.10.12 13:19:09.440,5.649,5.6514,1.00,1.00
2009.10.12 13:19:09.680,5.64865,5.65165,3.20,3.20
2009.10.12 13:19:10.200,5.64855,5.6518,4.80,3.20
2009.10.12 13:19:10.600,5.6487,5.652,3.20,6.40
2009.10.12 13:19:10.770,5.64925,5.65255,6.40,3.20
2009.10.12 13:19:11.300,5.6494,5.6524,3.20,3.20
2009.10.12 13:19:11.989,5.6495,5.65255,3.20,3.20
2009.10.12 13:19:12.220,5.6494,5.6524,3.20,3.20
2009.10.12 13:19:12.720,5.64945,5.6525,3.20,4.00
2009.10.12 13:19:13.009,5.64855,5.6516,3.20,3.20
2009.10.12 13:19:13.979,5.6487,5.6517,3.20,3.20
2009.10.12 13:19:14.319,5.64855,5.65185,3.20,8.00
2009.10.12 13:19:15.019,5.6487,5.6517,3.20,3.20
2009.10.12 13:19:15.379,5.64865,5.6517,3.20,3.20
2009.10.12 13:19:15.609,5.64915,5.6516,3.20,3.20
2009.10.12 13:19:15.829,5.6493,5.65255,6.40,3.20
2009.10.12 13:19:16.049,5.6493,5.6526,6.40,3.20
2009.10.12 13:19:16.508,5.6494,5.6527,3.20,6.40
2009.10.12 13:19:17.248,5.64925,5.65255,6.40,3.20
2009.10.12 13:19:17.579,5.6495,5.65255,3.20,3.20
2009.10.12 13:19:17.938,5.6494,5.6527,3.20,6.40
2009.10.12 13:19:18.268,5.64935,5.6524,3.20,3.20
2009.10.12 13:19:18.558,5.6493,5.65235,3.20,3.20
2009.10.12 13:19:19.318,5.64935,5.6524,3.20,3.20
2009.10.12 13:19:20.887,5.6491,5.6525,6.40,3.20
2009.10.12 13:19:23.687,5.64955,5.6526,3.20,3.20
2009.10.12 13:19:26.006,5.6495,5.6525,3.20,3.20
2009.10.12 13:19:26.526,5.6494,5.6527,3.20,6.40
2009.10.12 13:19:26.866,5.6495,5.6525,3.20,3.20
2009.10.12 13:19:29.225,5.64965,5.6527,3.20,3.20
2009.10.12 13:19:29.555,5.6495,5.65275,3.20,6.40
2009.10.12 13:19:29.855,5.6495,5.6528,3.20,6.40
2009.10.12 13:19:30.135,5.6496,5.6529,3.20,6.40
2009.10.12 13:19:30.715,5.64975,5.6528,3.20,3.20
2009.10.12 13:19:31.005,5.6496,5.6529,3.20,6.40
2009.10.12 13:19:31.575,5.64955,5.6526,3.20,3.20
2009.10.12 13:19:36.254,5.6495,5.6528,6.40,3.20
2009.10.12 13:19:36.653,5.6496,5.65265,3.20,3.20
2009.10.12 13:19:36.994,5.6495,5.65255,3.20,3.20
2009.10.12 13:19:37.324,5.64975,5.6528,3.20,3.20
2009.10.12 13:19:37.624,5.64955,5.65285,3.20,6.40
2009.10.12 13:19:41.362,5.6495,5.65255,3.20,3.20
2009.10.12 13:19:45.002,5.64925,5.6522,3.20,3.20
2009.10.12 13:19:45.241,5.64925,5.6523,3.20,3.20
2009.10.12 13:19:45.881,5.6492,5.65225,3.20,3.20
2009.10.12 13:19:47.231,5.64915,5.65245,6.40,3.20
2009.10.12 13:19:47.571,5.6492,5.6525,3.20,6.40
2009.10.12 13:19:47.841,5.6493,5.65235,3.20,3.20
2009.10.12 13:19:48.181,5.64925,5.6523,3.20,3.20
2009.10.12 13:19:48.461,5.6492,5.6525,3.20,6.40
2009.10.12 13:19:48.821,5.64915,5.6522,3.20,3.20
2009.10.12 13:19:53.440,5.6483,5.6516,3.20,6.40
2009.10.12 13:19:58.408,5.64825,5.6513,3.20,3.20
2009.10.12 13:19:59.268,5.6482,5.65125,3.20,3.20
2009.10.12 13:20:00.258,5.6484,5.65125,5.60,3.20
2009.10.12 13:20:00.598,5.64905,5.6521,3.20,3.20
2009.10.12 13:20:01.378,5.6489,5.6522,6.40,3.20
2009.10.12 13:20:03.537,5.6491,5.65215,3.20,3.20
2009.10.12 13:20:04.047,5.64905,5.6521,3.20,3.20
2009.10.12 13:20:04.327,5.64915,5.6522,3.20,3.20
2009.10.12 13:20:05.337,5.6489,5.65185,3.20,3.20
2009.10.12 13:20:05.557,5.6488,5.65185,3.20,3.20
2009.10.12 13:20:11.285,5.64875,5.6518,3.20,3.20
2009.10.12 13:20:13.135,5.6488,5.6521,6.40,3.20
2009.10.12 13:20:13.695,5.6489,5.65195,3.20,3.20
2009.10.12 13:20:16.714,5.64875,5.65205,6.40,3.20
2009.10.12 13:20:17.464,5.64915,5.65205,4.00,3.20
2009.10.12 13:20:17.764,5.64975,5.65325,6.40,3.20
2009.10.12 13:20:21.343,5.6504,5.65275,1.00,1.00
2009.10.12 13:20:21.463,5.6504,5.65275,1.00,1.00
2009.10.12 13:20:22.482,5.6505,5.65275,1.00,1.00
2009.10.12 13:20:24.582,5.6506,5.65275,1.00,1.00
2009.10.12 13:20:24.822,5.64885,5.6521,3.20,3.20
2009.10.12 13:20:25.392,5.64885,5.6521,6.40,3.20
2009.10.12 13:20:25.672,5.64905,5.6523,3.20,3.20
2009.10.12 13:20:25.912,5.6492,5.65225,3.20,3.20
2009.10.12 13:20:26.532,5.6492,5.65245,3.20,6.40
2009.10.12 13:20:26.932,5.64915,5.6524,6.40,3.20
2009.10.12 13:20:27.272,5.6492,5.65225,3.20,3.20
2009.10.12 13:20:29.011,5.6494,5.6524,3.20,3.20
2009.10.12 13:20:29.251,5.6493,5.6526,6.40,3.20
2009.10.12 13:20:29.481,5.64945,5.65275,6.40,3.20
2009.10.12 13:20:29.711,5.6497,5.65295,3.20,6.40
2009.10.12 13:20:30.041,5.6497,5.65275,3.20,3.20
2009.10.12 13:20:30.381,5.64955,5.65285,6.40,3.20
2009.10.12 13:20:30.731,5.64945,5.65275,6.40,3.20
2009.10.12 13:20:31.090,5.6497,5.65295,3.20,6.40
2009.10.12 13:20:32.020,5.6496,5.65265,3.20,3.20
2009.10.12 13:20:32.530,5.64955,5.65285,3.20,6.40
2009.10.12 13:20:32.760,5.64955,5.6526,4.80,3.20
2009.10.12 13:20:33.110,5.64975,5.653,6.40,3.20
2009.10.12 13:20:36.819,5.64985,5.6529,3.20,3.20
2009.10.12 13:20:44.038,5.6496,5.65295,3.20,5.60
2009.10.12 13:20:44.257,5.64955,5.6526,3.20,3.20
2009.10.12 13:20:45.458,5.64955,5.65255,3.20,3.20
2009.10.12 13:20:45.687,5.64945,5.65275,3.20,6.40
2009.10.12 13:20:47.137,5.6494,5.6527,3.20,6.40
2009.10.12 13:20:49.766,5.6494,5.65245,6.40,3.20
2009.10.12 13:20:50.066,5.6495,5.65275,6.40,3.20
2009.10.12 13:20:51.756,5.64945,5.65275,6.40,3.20
2009.10.12 13:20:53.725,5.64965,5.653,3.20,6.40
2009.10.12 13:20:54.065,5.6497,5.65275,3.20,3.20
2009.10.12 13:20:54.305,5.64945,5.65285,3.20,5.60
2009.10.12 13:20:54.485,5.6494,5.6527,3.20,6.40
2009.10.12 13:20:54.775,5.6493,5.65235,3.20,3.20
2009.10.12 13:20:56.075,5.64935,5.6524,3.20,3.20
2009.10.12 13:20:56.605,5.6494,5.65245,3.20,3.20
2009.10.12 13:20:57.504,5.6496,5.65205,1.00,1.00
2009.10.12 13:20:58.434,5.6495,5.65255,3.20,3.20
2009.10.12 13:20:58.834,5.65,5.6524,1.00,1.00
2009.10.12 13:21:03.343,5.65,5.65225,1.00,1.00
2009.10.12 13:21:03.753,5.6499,5.65215,1.00,1.00
2009.10.12 13:21:05.162,5.6499,5.65215,1.00,3.30
2009.10.12 13:21:05.502,5.6495,5.6515,1.00,1.00
2009.10.12 13:21:06.012,5.6496,5.6519,1.00,1.00
2009.10.12 13:21:06.352,5.6496,5.6519,1.00,1.00
2009.10.12 13:21:07.802,5.6489,5.6518,1.60,3.20
2009.10.12 13:21:08.082,5.64875,5.6518,3.20,3.20
2009.10.12 13:21:11.981,5.64855,5.65185,6.40,3.20
2009.10.12 13:21:12.221,5.6488,5.65185,4.00,3.20
2009.10.12 13:21:12.341,5.6489,5.65215,8.00,3.20
2009.10.12 13:21:14.580,5.6497,5.652,1.00,1.00
2009.10.12 13:21:17.589,5.64885,5.6519,3.20,3.20
2009.10.12 13:21:17.769,5.64875,5.65215,5.60,6.40
2009.10.12 13:21:17.939,5.64915,5.65215,3.20,3.20
2009.10.12 13:21:21.859,5.64905,5.6521,3.20,3.20
2009.10.12 13:21:22.318,5.6487,5.652,3.20,6.40
2009.10.12 13:21:29.277,5.6485,5.65155,3.20,3.20
2009.10.12 13:21:31.126,5.6485,5.65155,5.60,3.20
2009.10.12 13:21:31.246,5.64895,5.652,3.20,3.20
2009.10.12 13:21:33.396,5.64915,5.65215,3.20,3.20
2009.10.12 13:21:34.095,5.6493,5.6523,3.20,3.20
2009.10.12 13:21:34.205,5.64915,5.65215,3.20,3.20
2009.10.12 13:21:34.375,5.64905,5.65235,3.20,6.40
2009.10.12 13:21:34.945,5.64895,5.65225,6.40,3.20
2009.10.12 13:21:35.365,5.6489,5.6522,6.40,3.20
2009.10.12 13:21:39.124,5.64905,5.6521,3.20,3.20
2009.10.12 13:21:42.553,5.649,5.65205,3.20,3.20
2009.10.12 13:21:53.311,5.64895,5.65225,3.20,6.40
2009.10.12 13:21:56.460,5.6489,5.6522,3.20,6.40
2009.10.12 13:21:58.189,5.64905,5.65205,3.20,3.20
2009.10.12 13:21:59.249,5.64885,5.6519,3.20,3.20
2009.10.12 13:21:59.429,5.64885,5.6521,3.20,6.40
2009.10.12 13:22:00.839,5.649,5.65205,3.20,3.20
2009.10.12 13:22:01.729,5.64905,5.6521,3.20,5.60
2009.10.12 13:22:02.149,5.64895,5.6521,3.20,5.60
2009.10.12 13:22:02.328,5.64895,5.6521,4.80,5.60
2009.10.12 13:22:02.548,5.6491,5.65195,3.20,2.40
2009.10.12 13:22:02.779,5.64845,5.65175,3.20,6.40
2009.10.12 13:22:03.068,5.64825,5.65155,6.80,3.20
2009.10.12 13:22:05.508,5.6485,5.6515,3.20,3.20
2009.10.12 13:22:05.908,5.64845,5.6515,3.20,3.20
2009.10.12 13:22:10.377,5.64855,5.6516,3.20,3.20
2009.10.12 13:22:15.606,5.64925,5.65175,3.20,3.20
2009.10.12 13:22:15.946,5.64865,5.65195,3.20,6.40
2009.10.12 13:22:16.285,5.6485,5.65175,6.40,3.20
2009.10.12 13:22:16.625,5.6485,5.6518,6.40,3.20
2009.10.12 13:22:17.325,5.6485,5.65175,6.40,3.20
2009.10.12 13:22:17.665,5.6487,5.65195,6.40,3.20
2009.10.12 13:22:17.955,5.6488,5.6521,3.20,6.40
2009.10.12 13:22:18.235,5.6488,5.65205,3.20,6.40
2009.10.12 13:22:18.815,5.6486,5.6519,6.40,3.20
2009.10.12 13:22:20.064,5.6489,5.65195,3.20,3.20
2009.10.12 13:22:21.114,5.64885,5.65215,3.20,6.40
2009.10.12 13:22:21.694,5.64905,5.6523,3.20,6.40
2009.10.12 13:22:21.974,5.64905,5.65235,3.20,6.40
2009.10.12 13:22:22.434,5.6487,5.652,3.20,6.40
2009.10.12 13:22:24.253,5.64865,5.652,3.20,6.40
2009.10.12 13:22:24.673,5.6486,5.6519,3.20,6.40
2009.10.12 13:22:28.362,5.6487,5.652,6.40,3.20
2009.10.12 13:22:29.332,5.649,5.65205,3.20,3.20
2009.10.12 13:22:29.972,5.6488,5.6521,6.40,3.20
2009.10.12 13:22:32.441,5.64905,5.65205,3.20,3.20
2009.10.12 13:22:32.901,5.64905,5.6521,3.20,3.20
2009.10.12 13:22:33.191,5.64905,5.6518,3.20,2.40
2009.10.12 13:22:33.531,5.6473,5.651,3.20,6.40
2009.10.12 13:22:33.821,5.6485,5.6522,6.40,5.60
2009.10.12 13:22:34.041,5.64845,5.65215,6.40,3.20
2009.10.12 13:22:36.380,5.64875,5.65205,6.40,3.20
2009.10.12 13:22:37.180,5.6487,5.652,6.40,3.20
2009.10.12 13:22:37.940,5.6489,5.65195,3.20,3.20
2009.10.12 13:22:38.580,5.6487,5.652,6.40,3.20
2009.10.12 13:22:38.990,5.649,5.65205,3.20,3.20
2009.10.12 13:22:39.459,5.64895,5.652,3.20,3.20
2009.10.12 13:22:40.089,5.6489,5.6522,3.20,6.40
2009.10.12 13:22:40.659,5.6489,5.65215,3.20,6.40
2009.10.12 13:22:41.359,5.64875,5.652,3.20,8.80
2009.10.12 13:22:41.599,5.64855,5.652,3.20,11.20
2009.10.12 13:22:42.119,5.6486,5.6519,3.20,6.40
2009.10.12 13:22:43.159,5.64865,5.6517,3.20,3.20
2009.10.12 13:22:48.568,5.64855,5.65185,3.20,6.40
2009.10.12 13:22:50.307,5.6484,5.6514,3.20,3.20
2009.10.12 13:22:57.095,5.64835,5.6514,3.20,3.20
2009.10.12 13:23:07.593,5.6485,5.65155,3.20,3.20
2009.10.12 13:23:08.233,5.6483,5.6516,6.40,3.20
2009.10.12 13:23:08.833,5.6481,5.6514,6.40,3.20
2009.10.12 13:23:10.232,5.6485,5.65155,3.20,3.20
2009.10.12 13:23:10.702,5.64845,5.65175,3.20,6.40
2009.10.12 13:23:10.932,5.64835,5.6514,3.20,3.20
2009.10.12 13:23:11.202,5.6481,5.65155,8.80,3.20
2009.10.12 13:23:11.552,5.64845,5.6515,3.20,3.20
2009.10.12 13:23:18.850,5.64845,5.6517,3.20,6.40
2009.10.12 13:23:19.590,5.6484,5.65145,3.20,3.20
2009.10.12 13:23:19.980,5.6485,5.6518,6.40,3.20
2009.10.12 13:23:20.270,5.64865,5.65195,6.40,3.20
2009.10.12 13:23:20.720,5.6486,5.6519,6.40,3.20
2009.10.12 13:23:21.050,5.64875,5.6518,3.20,3.20
2009.10.12 13:23:23.289,5.6485,5.6519,6.40,3.20
2009.10.12 13:23:23.859,5.64875,5.65205,3.20,6.40
2009.10.12 13:23:24.899,5.64805,5.65135,3.20,6.40
2009.10.12 13:23:25.969,5.64795,5.65125,3.20,6.40
2009.10.12 13:23:26.439,5.6479,5.6509,3.20,3.20
2009.10.12 13:23:27.708,5.6479,5.65095,3.20,3.20
2009.10.12 13:23:29.438,5.6479,5.6512,3.20,6.40
2009.10.12 13:23:30.468,5.6479,5.6512,3.20,6.40
2009.10.12 13:23:31.167,5.64795,5.651,3.20,3.20
2009.10.12 13:23:31.287,5.6479,5.6512,3.20,6.40
2009.10.12 13:23:31.647,5.64795,5.651,3.20,3.20
2009.10.12 13:23:31.927,5.6482,5.6506,1.00,1.00
2009.10.12 13:23:33.307,5.6478,5.65025,1.00,1.00
2009.10.12 13:23:34.337,5.6476,5.65065,3.20,3.20
2009.10.12 13:23:34.676,5.64755,5.65085,3.20,6.40
2009.10.12 13:23:35.026,5.64775,5.6502,1.00,1.00
2009.10.12 13:23:35.706,5.64755,5.6506,3.20,3.20
2009.10.12 13:23:35.826,5.64765,5.6507,3.20,3.20
2009.10.12 13:23:36.286,5.6476,5.65065,3.20,3.20
2009.10.12 13:23:39.325,5.64775,5.6502,1.00,1.00
2009.10.12 13:23:41.295,5.6476,5.65065,3.20,3.20
2009.10.12 13:23:41.525,5.6477,5.65075,3.20,3.20
2009.10.12 13:23:47.123,5.64765,5.6507,3.20,3.20
2009.10.12 13:23:48.073,5.64755,5.65075,6.40,3.20
2009.10.12 13:23:48.413,5.6475,5.6508,6.40,3.20
2009.10.12 13:23:48.743,5.64755,5.65085,3.20,6.40
2009.10.12 13:23:49.143,5.6479,5.6502,1.00,1.00
2009.10.12 13:23:50.423,5.6483,5.6506,1.00,1.00
2009.10.12 13:23:51.872,5.6487,5.6509,1.00,1.00
2009.10.12 13:23:52.912,5.6487,5.6509,1.00,3.20
2009.10.12 13:23:53.372,5.64785,5.6509,3.20,3.20
2009.10.12 13:23:54.532,5.6479,5.6501,1.00,1.00
2009.10.12 13:23:54.822,5.64775,5.65075,3.20,3.20
2009.10.12 13:23:55.062,5.64775,5.6508,3.20,3.20
2009.10.12 13:23:55.361,5.6478,5.65085,3.20,3.20
2009.10.12 13:23:55.601,5.6476,5.65065,3.20,3.20
2009.10.12 13:23:55.831,5.6475,5.65075,6.40,3.20
2009.10.12 13:23:56.171,5.6476,5.6509,3.20,6.40
2009.10.12 13:23:56.461,5.6474,5.6507,6.40,3.20
2009.10.12 13:23:58.911,5.6476,5.6509,3.20,6.40
2009.10.12 13:24:01.630,5.6478,5.65115,3.20,6.40
2009.10.12 13:24:01.810,5.6476,5.6509,6.40,3.20
2009.10.12 13:24:02.160,5.6479,5.65095,3.20,3.20
2009.10.12 13:24:03.379,5.6483,5.6505,1.00,1.00
2009.10.12 13:24:06.499,5.64795,5.651,3.20,3.20
2009.10.12 13:24:07.249,5.64805,5.6511,3.20,3.20
2009.10.12 13:24:08.538,5.6487,5.6509,1.00,1.00
2009.10.12 13:24:09.688,5.6482,5.65125,3.20,3.20
2009.10.12 13:24:10.378,5.64805,5.6511,3.20,3.20
2009.10.12 13:24:10.728,5.64805,5.65105,3.20,3.20
2009.10.12 13:24:11.537,5.64795,5.65125,3.20,6.40
2009.10.12 13:24:11.997,5.6483,5.65055,1.00,1.00
2009.10.12 13:24:15.147,5.6479,5.65015,1.00,1.00
2009.10.12 13:24:15.717,5.64765,5.6507,3.20,3.20
2009.10.12 13:24:16.856,5.64755,5.65085,6.40,3.20
2009.10.12 13:24:19.576,5.64765,5.6507,3.20,3.20
2009.10.12 13:24:20.746,5.6477,5.65075,3.20,3.20
2009.10.12 13:24:21.415,5.64765,5.6507,3.20,3.20
2009.10.12 13:24:22.115,5.6476,5.6509,3.20,6.40
2009.10.12 13:24:37.162,5.64745,5.6505,3.20,3.20
2009.10.12 13:24:40.141,5.6473,5.6506,6.40,3.20
2009.10.12 13:24:44.260,5.6472,5.6505,6.40,3.20
2009.10.12 13:24:45.500,5.6476,5.65065,3.20,3.20
2009.10.12 13:24:45.840,5.64775,5.6508,3.20,3.20
2009.10.12 13:24:46.179,5.64775,5.65105,6.40,3.20
2009.10.12 13:24:46.519,5.6477,5.651,6.40,3.20
2009.10.12 13:24:46.869,5.64775,5.65105,6.40,3.20
2009.10.12 13:24:47.569,5.64785,5.65115,3.20,6.40
2009.10.12 13:24:47.979,5.64785,5.65085,3.20,3.20
2009.10.12 13:24:48.269,5.64785,5.6509,3.20,3.20
2009.10.12 13:24:48.619,5.64785,5.65085,3.20,3.20
2009.10.12 13:24:53.228,5.64785,5.6509,3.20,3.20
2009.10.12 13:24:53.528,5.64785,5.65115,3.20,6.40
2009.10.12 13:24:54.118,5.6478,5.65085,3.20,3.20
2009.10.12 13:24:54.757,5.64775,5.65105,3.20,6.40
2009.10.12 13:24:55.917,5.6477,5.65075,3.20,3.20
2009.10.12 13:24:56.257,5.6475,5.6508,6.40,3.20
2009.10.12 13:24:56.857,5.6478,5.65085,3.20,3.20
2009.10.12 13:24:57.446,5.64775,5.6508,3.20,3.20
2009.10.12 13:24:58.176,5.6477,5.65075,3.20,3.20
2009.10.12 13:24:58.516,5.64775,5.6508,3.20,3.20
2009.10.12 13:25:07.174,5.64765,5.6507,3.20,3.20
2009.10.12 13:25:07.394,5.6477,5.65075,3.20,3.20
2009.10.12 13:25:07.624,5.6478,5.65085,3.20,3.20
2009.10.12 13:25:08.074,5.64785,5.65085,3.20,3.20
2009.10.12 13:25:08.424,5.6478,5.65085,3.20,3.20
2009.10.12 13:25:08.804,5.6476,5.65085,6.40,3.20
2009.10.12 13:25:09.634,5.64775,5.65105,3.20,6.40
2009.10.12 13:25:14.742,5.6478,5.65085,3.20,3.20
2009.10.12 13:25:15.262,5.64765,5.65095,6.40,3.20
2009.10.12 13:25:15.772,5.6478,5.65085,3.20,3.20
2009.10.12 13:25:20.681,5.64755,5.65085,3.20,6.40
2009.10.12 13:25:21.011,5.6475,5.65055,3.20,3.20
2009.10.12 13:25:21.531,5.6475,5.6508,3.20,6.40
2009.10.12 13:25:34.817,5.6469,5.6499,1.60,6.40
2009.10.12 13:25:35.057,5.6466,5.6499,4.80,6.40
2009.10.12 13:25:36.457,5.64715,5.6496,1.00,1.00
2009.10.12 13:25:37.527,5.6472,5.6493,1.00,1.00
2009.10.12 13:25:38.117,5.6468,5.64885,1.00,1.00
2009.10.12 13:25:39.437,5.6465,5.64875,1.00,1.00
2009.10.12 13:25:41.336,5.6465,5.6485,1.00,1.00
2009.10.12 13:25:48.424,5.6465,5.64845,1.00,1.00
2009.10.12 13:25:48.824,5.6462,5.64895,1.60,4.00
2009.10.12 13:25:49.124,5.64495,5.6482,3.20,3.20
2009.10.12 13:25:49.684,5.64485,5.64835,3.20,6.40
2009.10.12 13:25:50.274,5.6451,5.64815,3.20,3.20
2009.10.12 13:25:50.494,5.6455,5.64795,1.00,1.00
2009.10.12 13:25:51.314,5.64515,5.6482,3.20,3.20
2009.10.12 13:25:51.664,5.64525,5.6485,4.80,3.20
2009.10.12 13:25:52.014,5.6459,5.6481,1.00,1.00
2009.10.12 13:25:54.243,5.64545,5.64845,3.20,3.20
2009.10.12 13:25:55.213,5.64565,5.6486,3.20,3.20
2009.10.12 13:25:55.573,5.64565,5.6487,3.20,3.20
2009.10.12 13:25:55.912,5.6456,5.64865,3.20,3.20
2009.10.12 13:25:56.472,5.6459,5.6483,1.00,1.00
2009.10.12 13:25:57.822,5.646,5.6483,1.00,1.00
2009.10.12 13:26:00.361,5.64605,5.6483,1.00,1.00
2009.10.12 13:26:02.321,5.6458,5.64815,1.00,1.00
2009.10.12 13:26:03.621,5.6458,5.64785,1.00,1.00
2009.10.12 13:26:04.530,5.6458,5.6481,1.00,1.00
2009.10.12 13:26:07.380,5.64595,5.6483,1.00,1.00
2009.10.12 13:26:11.409,5.64605,5.6483,1.00,1.00
2009.10.12 13:26:13.338,5.6457,5.64845,1.00,3.20
2009.10.12 13:26:13.448,5.64595,5.649,3.20,3.20
2009.10.12 13:26:13.738,5.64585,5.64925,3.20,6.40
2009.10.12 13:26:14.298,5.6461,5.6485,1.00,1.00
2009.10.12 13:26:14.868,5.64585,5.64885,3.20,3.20
2009.10.12 13:26:15.038,5.6462,5.64845,1.00,1.00
2009.10.12 13:26:15.558,5.6462,5.6485,1.00,1.00
2009.10.12 13:26:17.407,5.6462,5.6484,1.00,1.00
2009.10.12 13:26:27.275,5.64625,5.6487,1.00,1.00
2009.10.12 13:26:33.873,5.64595,5.64895,1.00,3.20
2009.10.12 13:26:34.143,5.6461,5.64915,3.20,3.20
2009.10.12 13:26:34.363,5.646,5.64915,3.20,3.20
2009.10.12 13:26:35.113,5.64605,5.6492,3.20,3.20
2009.10.12 13:26:36.263,5.6459,5.6493,6.40,3.20
2009.10.12 13:26:36.553,5.6462,5.64935,3.20,3.20
2009.10.12 13:26:36.893,5.64615,5.64955,3.20,6.40
2009.10.12 13:26:40.462,5.6462,5.6496,3.20,6.40
2009.10.12 13:26:40.751,5.64625,5.6496,3.20,6.40
2009.10.12 13:26:41.042,5.64615,5.64945,3.20,6.40
2009.10.12 13:26:47.190,5.6459,5.6493,6.40,3.20
2009.10.12 13:26:47.370,5.64615,5.6492,3.20,3.20
2009.10.12 13:26:53.739,5.64655,5.649,1.00,1.00
2009.10.12 13:26:57.748,5.6461,5.64915,3.20,3.20
2009.10.12 13:26:58.038,5.64615,5.6492,3.20,3.20
2009.10.12 13:26:58.377,5.64605,5.64935,3.20,6.40
2009.10.12 13:26:58.708,5.64595,5.649,3.20,3.20
2009.10.12 13:27:02.087,5.6458,5.6491,4.00,3.20
2009.10.12 13:27:07.125,5.6459,5.64915,8.00,3.20
2009.10.12 13:27:07.415,5.64595,5.64925,6.40,3.20
2009.10.12 13:27:09.395,5.64615,5.6492,3.20,3.20
2009.10.12 13:27:10.525,5.64645,5.6489,1.00,1.00
2009.10.12 13:27:20.172,5.6466,5.6489,1.00,1.00
2009.10.12 13:27:21.363,5.64625,5.6493,3.20,3.20
2009.10.12 13:27:21.882,5.6461,5.6494,6.40,3.20
2009.10.12 13:27:22.611,5.6461,5.64945,6.40,3.20
2009.10.12 13:27:24.041,5.6465,5.6495,3.20,3.20
2009.10.12 13:27:24.381,5.6464,5.64975,3.20,6.40
2009.10.12 13:27:25.831,5.6463,5.64935,3.20,3.20
2009.10.12 13:27:26.121,5.6461,5.6494,6.40,3.20
2009.10.12 13:27:26.461,5.64645,5.6488,1.00,1.00
2009.10.12 13:27:27.670,5.6465,5.64875,1.00,1.00
2009.10.12 13:27:32.449,5.64635,5.6494,3.20,3.20
2009.10.12 13:27:32.689,5.6463,5.64935,3.20,3.20
2009.10.12 13:27:34.419,5.6466,5.649,1.00,1.00
2009.10.12 13:27:35.409,5.6465,5.64875,1.00,1.00
2009.10.12 13:27:37.348,5.6466,5.64875,1.00,1.00
2009.10.12 13:27:41.747,5.6466,5.649,1.00,1.00
2009.10.12 13:27:44.516,5.6467,5.649,1.00,1.00
2009.10.12 13:27:45.926,5.6463,5.64935,3.20,3.20
2009.10.12 13:27:46.156,5.6458,5.64885,3.20,4.80
2009.10.12 13:27:46.416,5.6453,5.6483,3.20,3.20
2009.10.12 13:27:47.356,5.6453,5.6483,4.80,3.20
2009.10.12 13:27:47.585,5.64515,5.6484,4.80,3.20
2009.10.12 13:27:48.046,5.6454,5.6478,1.00,1.00
2009.10.12 13:27:49.535,5.6455,5.6476,1.00,1.00
2009.10.12 13:27:49.995,5.6455,5.6479,1.00,1.00
2009.10.12 13:27:50.435,5.6455,5.64785,1.00,1.00
2009.10.12 13:27:51.175,5.6453,5.64775,1.00,1.00
2009.10.12 13:27:52.644,5.6453,5.64765,1.00,1.00
2009.10.12 13:27:55.924,5.6453,5.6473,1.00,1.00
2009.10.12 13:27:59.343,5.6453,5.64725,1.00,1.00
2009.10.12 13:27:59.513,5.6453,5.6472,1.00,1.00
2009.10.12 13:28:08.581,5.64535,5.6475,1.00,1.00
2009.10.12 13:28:12.600,5.6454,5.6472,1.00,1.00
2009.10.12 13:28:16.778,5.6457,5.6475,1.00,1.00
2009.10.12 13:28:17.339,5.6454,5.6474,1.00,1.00
2009.10.12 13:28:17.458,5.64565,5.6475,1.00,1.00
2009.10.12 13:28:17.908,5.6449,5.64775,1.00,3.20
2009.10.12 13:28:18.198,5.64495,5.64825,8.00,3.20
2009.10.12 13:28:18.488,5.6455,5.6488,6.40,3.20
2009.10.12 13:28:18.778,5.64575,5.64875,3.20,3.20
2009.10.12 13:28:21.728,5.64555,5.64885,3.20,6.40
2009.10.12 13:28:21.837,5.6456,5.64865,3.20,3.20
2009.10.12 13:28:22.118,5.64545,5.6485,3.20,3.20
2009.10.12 13:28:22.867,5.64525,5.64855,6.40,3.20
2009.10.12 13:28:23.747,5.64545,5.6485,3.20,3.20
2009.10.12 13:28:24.317,5.64555,5.6486,3.20,3.20
2009.10.12 13:28:29.915,5.64545,5.64875,3.20,6.40
2009.10.12 13:28:31.695,5.64525,5.6483,3.20,3.20
2009.10.12 13:28:31.925,5.64545,5.6485,3.20,3.20
2009.10.12 13:28:32.275,5.64545,5.6487,3.20,6.40
2009.10.12 13:28:45.042,5.6454,5.6487,3.20,6.40
2009.10.12 13:28:45.222,5.6454,5.6487,3.20,8.80
2009.10.12 13:28:45.402,5.64515,5.64845,6.40,5.60
2009.10.12 13:28:45.522,5.64515,5.64835,3.20,6.40
2009.10.12 13:28:45.692,5.64505,5.6481,3.20,3.20
2009.10.12 13:28:46.502,5.645,5.64805,3.20,3.20
2009.10.12 13:28:47.911,5.64495,5.64825,3.20,6.40
2009.10.12 13:28:48.491,5.64495,5.6482,3.20,6.40
2009.10.12 13:28:48.771,5.64495,5.648,3.20,3.20
2009.10.12 13:28:49.561,5.645,5.648,3.20,3.20
2009.10.12 13:28:50.780,5.64495,5.648,3.20,3.20
2009.10.12 13:28:51.910,5.6449,5.64795,3.20,3.20
2009.10.12 13:28:52.470,5.6449,5.6482,3.20,6.40
2009.10.12 13:28:52.860,5.64475,5.6478,3.20,3.20
2009.10.12 13:28:53.090,5.64465,5.6477,3.20,3.20
2009.10.12 13:28:53.430,5.64455,5.6476,3.20,3.20
2009.10.12 13:28:56.109,5.6445,5.6478,3.20,6.40
2009.10.12 13:28:56.399,5.64445,5.6475,3.20,3.20
2009.10.12 13:28:57.559,5.64445,5.64745,3.20,3.20
2009.10.12 13:28:58.309,5.6444,5.64745,3.20,3.20
2009.10.12 13:28:58.589,5.64435,5.64755,3.20,6.40
2009.10.12 13:28:58.819,5.64425,5.6473,3.20,3.20
2009.10.12 13:28:58.989,5.6441,5.64715,3.20,3.20
2009.10.12 13:28:59.388,5.64385,5.6472,6.40,3.20
2009.10.12 13:28:59.738,5.6438,5.6471,6.40,3.20
2009.10.12 13:29:00.418,5.64425,5.64755,6.40,3.20
2009.10.12 13:29:00.818,5.6441,5.64715,3.20,3.20
2009.10.12 13:29:01.458,5.64435,5.6474,3.20,3.20
2009.10.12 13:29:01.688,5.64445,5.6475,3.20,3.20
2009.10.12 13:29:01.928,5.6443,5.64735,3.20,3.20
2009.10.12 13:29:02.167,5.64405,5.6475,8.80,3.20
2009.10.12 13:29:02.697,5.6443,5.64735,3.20,3.20
2009.10.12 13:29:03.048,5.64445,5.64745,3.20,3.20
2009.10.12 13:29:04.317,5.6443,5.64735,3.20,3.20
2009.10.12 13:29:05.967,5.6443,5.6473,3.20,1.00
2009.10.12 13:29:06.187,5.6437,5.64695,3.20,8.00
2009.10.12 13:29:06.426,5.64365,5.6467,3.20,3.20
2009.10.12 13:29:07.626,5.6436,5.64665,3.20,3.20
2009.10.12 13:29:07.686,5.64355,5.6468,3.20,6.40
2009.10.12 13:29:08.626,5.6443,5.6464,1.00,3.20
2009.10.12 13:29:08.926,5.6435,5.64655,3.20,3.20
2009.10.12 13:29:09.316,5.6434,5.64645,3.20,3.20
2009.10.12 13:29:09.666,5.6433,5.6466,3.20,6.40
2009.10.12 13:29:10.016,5.64325,5.6463,3.20,3.20
2009.10.12 13:29:10.426,5.6439,5.64615,1.00,1.00
2009.10.12 13:29:10.786,5.6436,5.646,1.00,1.00
2009.10.12 13:29:11.566,5.6435,5.6457,1.00,1.00
2009.10.12 13:29:12.585,5.64355,5.6457,1.00,1.00
2009.10.12 13:29:13.285,5.6435,5.64565,1.00,1.00
2009.10.12 13:29:16.344,5.6437,5.64575,1.00,3.20
2009.10.12 13:29:16.505,5.6437,5.6458,1.00,1.00
2009.10.12 13:29:17.404,5.64375,5.6458,1.00,1.00
2009.10.12 13:29:17.904,5.6438,5.6459,1.00,3.20
2009.10.12 13:29:20.443,5.6437,5.6459,1.00,3.20
2009.10.12 13:29:20.613,5.6436,5.6459,1.00,3.30
2009.10.12 13:29:20.783,5.6436,5.6459,1.00,3.30
2009.10.12 13:29:23.252,5.64275,5.64575,1.60,3.20
2009.10.12 13:29:23.473,5.64245,5.64535,3.20,3.20
2009.10.12 13:29:23.712,5.6422,5.6454,1.60,6.40
2009.10.12 13:29:24.062,5.64305,5.6454,1.00,3.20
2009.10.12 13:29:24.352,5.64195,5.64555,1.60,7.20
2009.10.12 13:29:24.702,5.64195,5.6451,1.60,3.20
2009.10.12 13:29:25.042,5.6424,5.6459,8.80,3.20
2009.10.12 13:29:25.222,5.6426,5.6461,3.20,6.40
2009.10.12 13:29:25.752,5.6426,5.64585,5.60,3.20
2009.10.12 13:29:25.932,5.643,5.64585,1.60,3.20
2009.10.12 13:29:26.212,5.64285,5.6459,3.20,3.20
2009.10.12 13:29:26.502,5.6428,5.6461,3.20,6.40
2009.10.12 13:29:26.792,5.6429,5.64605,3.20,3.20
2009.10.12 13:29:27.622,5.64285,5.64625,6.40,3.20
2009.10.12 13:29:27.842,5.64285,5.64625,3.20,6.40
2009.10.12 13:29:28.455,5.64295,5.6461,3.20,3.20
2009.10.12 13:29:28.791,5.6429,5.6463,3.20,6.40
2009.10.12 13:29:29.421,5.6437,5.6461,1.00,1.00
2009.10.12 13:29:30.691,5.6435,5.6457,1.00,1.00
2009.10.12 13:29:31.901,5.6439,5.6461,1.00,3.20
2009.10.12 13:29:32.360,5.6439,5.6461,1.00,1.00
2009.10.12 13:29:33.240,5.6439,5.6461,1.00,3.20
2009.10.12 13:29:33.580,5.6439,5.6461,1.00,3.30
2009.10.12 13:29:35.909,5.6436,5.646,1.00,3.30
2009.10.12 13:29:36.079,5.6436,5.646,1.00,3.30
2009.10.12 13:29:37.019,5.644,5.64605,1.00,3.20
2009.10.12 13:29:37.309,5.644,5.6461,1.00,1.00
2009.10.12 13:29:37.869,5.644,5.6461,1.00,1.00
2009.10.12 13:29:38.589,5.6448,5.647,1.00,3.20
2009.10.12 13:29:38.939,5.6448,5.64715,1.00,3.20
2009.10.12 13:29:39.819,5.644,5.64725,3.20,7.20
2009.10.12 13:29:40.058,5.644,5.64725,3.20,4.00
2009.10.12 13:29:40.698,5.6439,5.64695,3.20,3.20
2009.10.12 13:29:40.928,5.64435,5.6468,1.00,1.00
2009.10.12 13:29:42.348,5.6444,5.6468,1.00,3.30
2009.10.12 13:29:42.528,5.6444,5.6467,1.00,3.20
2009.10.12 13:29:42.748,5.6443,5.64645,1.00,1.00
2009.10.12 13:29:44.717,5.6443,5.6465,1.00,1.00
2009.10.12 13:29:47.257,5.6436,5.64665,1.00,3.20
2009.10.12 13:29:47.417,5.64365,5.6468,3.20,3.20
2009.10.12 13:29:47.947,5.6444,5.64675,1.00,3.20
2009.10.12 13:29:48.286,5.6444,5.6468,1.00,3.30
2009.10.12 13:29:48.676,5.6444,5.6468,1.00,3.30
2009.10.12 13:29:49.006,5.6443,5.64645,1.00,1.00
2009.10.12 13:29:54.825,5.6444,5.6468,1.00,1.00
2009.10.12 13:29:55.225,5.6444,5.6468,1.00,3.20
2009.10.12 13:29:58.294,5.6444,5.64645,1.00,1.00
2009.10.12 13:30:03.353,5.64415,5.6463,3.20,1.00
2009.10.12 13:30:04.033,5.6448,5.6468,1.00,1.00
2009.10.12 13:30:04.373,5.6452,5.6471,1.00,3.20
2009.10.12 13:30:04.713,5.6452,5.64715,1.00,3.20
2009.10.12 13:30:05.342,5.6451,5.6471,1.00,3.20
2009.10.12 13:30:06.022,5.6448,5.6468,1.00,1.00
2009.10.12 13:30:07.832,5.6445,5.64675,1.00,1.00
2009.10.12 13:30:08.342,5.6444,5.64635,1.00,1.00
2009.10.12 13:30:08.972,5.6441,5.64635,1.00,1.00
2009.10.12 13:30:10.411,5.6443,5.6465,1.00,1.00
2009.10.12 13:30:11.231,5.64365,5.6467,3.20,3.20
2009.10.12 13:30:12.161,5.6437,5.64675,3.20,3.20
2009.10.12 13:30:12.451,5.64425,5.6465,1.00,1.00
2009.10.12 13:30:13.391,5.6437,5.64675,3.20,3.20
2009.10.12 13:30:14.460,5.644,5.64645,1.00,1.00
2009.10.12 13:30:15.230,5.64425,5.6465,1.00,1.00
2009.10.12 13:30:16.670,5.6444,5.6465,1.00,1.00
2009.10.12 13:30:16.950,5.644,5.6464,1.00,1.00
2009.10.12 13:30:17.240,5.64435,5.6465,1.00,1.00
2009.10.12 13:30:18.449,5.6444,5.6468,1.00,1.00
2009.10.12 13:30:19.649,5.64465,5.6468,1.00,1.00
2009.10.12 13:30:21.649,5.6451,5.6472,1.00,1.00
2009.10.12 13:30:21.809,5.6451,5.64715,1.00,3.20
2009.10.12 13:30:22.039,5.6451,5.6472,1.00,1.00
2009.10.12 13:30:22.318,5.6451,5.6472,1.00,3.30
2009.10.12 13:30:22.668,5.6444,5.6468,1.00,1.00
2009.10.12 13:30:23.008,5.6444,5.6468,1.00,3.20
2009.10.12 13:30:23.368,5.6444,5.64655,1.00,1.00
2009.10.12 13:30:23.758,5.6444,5.6465,1.00,3.20
2009.10.12 13:30:24.798,5.6444,5.6464,1.00,3.20
2009.10.12 13:30:25.138,5.6444,5.6465,1.00,3.20
2009.10.12 13:30:25.468,5.6441,5.64645,1.00,1.00
2009.10.12 13:30:26.208,5.6442,5.6465,1.00,1.00
2009.10.12 13:30:26.557,5.6438,5.64685,3.20,3.20
2009.10.12 13:30:26.907,5.64385,5.64685,3.20,3.20
2009.10.12 13:30:27.317,5.6442,5.64655,1.00,1.00
2009.10.12 13:30:28.517,5.6436,5.64665,3.20,3.20
2009.10.12 13:30:28.787,5.6433,5.6466,3.20,6.40
2009.10.12 13:30:29.167,5.6431,5.64635,6.40,3.20
2009.10.12 13:30:29.517,5.6431,5.64635,6.40,3.20
2009.10.12 13:30:30.716,5.64335,5.64635,3.20,3.20
2009.10.12 13:30:31.006,5.6433,5.64635,3.20,3.20
2009.10.12 13:30:32.036,5.64335,5.64635,3.20,3.20
2009.10.12 13:30:33.306,5.6433,5.64635,3.20,3.20
2009.10.12 13:30:33.606,5.64335,5.64635,3.20,3.20
2009.10.12 13:30:35.386,5.644,5.64635,1.00,3.20
2009.10.12 13:30:35.445,5.644,5.6464,1.00,3.20
2009.10.12 13:30:35.505,5.644,5.6464,1.00,1.00
2009.10.12 13:30:37.215,5.6439,5.6461,1.00,1.00
2009.10.12 13:30:38.434,5.64395,5.6461,1.00,1.00
2009.10.12 13:30:43.763,5.64395,5.6464,1.00,3.20
2009.10.12 13:30:44.173,5.644,5.6464,1.00,1.00
2009.10.12 13:30:45.443,5.6441,5.6464,1.00,1.00
2009.10.12 13:30:46.552,5.6441,5.6464,1.00,3.20
2009.10.12 13:30:46.833,5.6437,5.646,1.00,1.00
2009.10.12 13:30:47.232,5.64395,5.6461,1.00,1.00
2009.10.12 13:30:47.463,5.6437,5.646,1.00,1.00
2009.10.12 13:30:47.702,5.64395,5.6461,1.00,1.00
2009.10.12 13:30:48.002,5.6437,5.64605,1.00,1.00
2009.10.12 13:30:49.012,5.64395,5.646,1.00,1.00
2009.10.12 13:30:49.362,5.6437,5.646,1.00,1.00
2009.10.12 13:30:49.692,5.64395,5.646,1.00,1.00
2009.10.12 13:30:51.211,5.6445,5.64675,1.00,3.20
2009.10.12 13:30:51.551,5.6445,5.6468,1.00,1.00
2009.10.12 13:30:51.902,5.6444,5.6464,1.00,1.00
2009.10.12 13:30:52.921,5.6436,5.64675,4.00,3.20
2009.10.12 13:30:53.271,5.6435,5.64665,3.20,3.20
2009.10.12 13:30:53.661,5.64435,5.6464,1.00,1.00
2009.10.12 13:31:03.299,5.64445,5.6467,1.00,3.20
2009.10.12 13:31:03.918,5.6445,5.6467,1.00,1.00
2009.10.12 13:31:04.908,5.6446,5.64685,1.00,3.20
2009.10.12 13:31:05.138,5.6446,5.647,1.00,1.00
2009.10.12 13:31:05.428,5.6446,5.647,1.00,3.30
2009.10.12 13:31:05.658,5.6445,5.6467,1.00,1.00
2009.10.12 13:31:06.718,5.6449,5.6471,1.00,1.00
2009.10.12 13:31:06.998,5.6449,5.6471,1.00,3.20
2009.10.12 13:31:07.287,5.6448,5.64685,1.00,1.00
2009.10.12 13:31:09.577,5.6449,5.64705,1.00,3.20
2009.10.12 13:31:10.527,5.6448,5.64685,1.00,1.00
2009.10.12 13:31:13.240,5.6444,5.64645,1.00,1.00
2009.10.12 13:31:15.865,5.6445,5.64665,1.00,3.20
2009.10.12 13:31:19.665,5.6444,5.64645,1.00,1.00
2009.10.12 13:31:19.835,5.64445,5.64665,1.00,3.20
2009.10.12 13:31:20.294,5.6444,5.64645,1.00,1.00
2009.10.12 13:31:20.454,5.64445,5.64665,1.00,3.20
2009.10.12 13:31:22.404,5.6444,5.6464,1.00,1.00
2009.10.12 13:31:27.413,5.6443,5.6465,1.00,1.00
2009.10.12 13:31:29.582,5.6436,5.64665,4.00,3.20
2009.10.12 13:31:29.922,5.64365,5.6467,3.20,3.20
2009.10.12 13:31:30.092,5.64445,5.64685,1.00,3.20
2009.10.12 13:31:30.902,5.6445,5.6468,1.00,3.20
2009.10.12 13:31:31.642,5.6446,5.6468,1.00,3.20
2009.10.12 13:31:32.701,5.6446,5.64665,1.00,1.00
2009.10.12 13:31:38.570,5.6445,5.6465,1.00,1.00
2009.10.12 13:31:39.380,5.64455,5.6466,1.00,1.00
2009.10.12 13:31:40.090,5.64455,5.6469,1.00,3.20
2009.10.12 13:31:40.650,5.6446,5.64665,1.00,1.00
2009.10.12 13:31:40.990,5.6446,5.6469,1.00,3.20
2009.10.12 13:31:41.730,5.6446,5.6468,1.00,3.20
2009.10.12 13:31:42.359,5.6446,5.64665,1.00,1.00
2009.10.12 13:31:43.599,5.6442,5.64655,1.00,3.30
2009.10.12 13:31:43.939,5.6442,5.6465,1.00,6.50
2009.10.12 13:31:44.288,5.6442,5.64605,1.00,3.20
2009.10.12 13:31:44.689,5.6442,5.6461,1.00,3.20
2009.10.12 13:31:46.068,5.6438,5.64605,1.00,1.00
2009.10.12 13:31:49.227,5.6438,5.6461,1.00,1.00
2009.10.12 13:31:52.217,5.6438,5.6458,1.00,1.00
2009.10.12 13:31:52.497,5.6438,5.6461,1.00,1.00
2009.10.12 13:31:53.477,5.6441,5.6461,1.00,1.00
2009.10.12 13:31:53.826,5.6441,5.6461,1.00,3.20
2009.10.12 13:31:54.226,5.6438,5.6461,1.00,1.00
2009.10.12 13:31:54.906,5.64325,5.64625,3.20,3.20
2009.10.12 13:31:55.746,5.64375,5.6461,1.00,1.00
2009.10.12 13:31:58.635,5.6437,5.646,1.00,1.00
2009.10.12 13:31:58.845,5.6441,5.6461,1.00,3.20
2009.10.12 13:31:59.135,5.6441,5.6461,1.00,1.00
2009.10.12 13:32:00.145,5.6442,5.6462,1.00,1.00
2009.10.12 13:32:01.894,5.6441,5.64615,1.00,1.00
2009.10.12 13:32:02.405,5.64415,5.6465,1.00,1.00
2009.10.12 13:32:03.664,5.6446,5.6466,1.00,3.20
2009.10.12 13:32:03.894,5.6446,5.6466,1.00,1.00
2009.10.12 13:32:04.354,5.6442,5.64655,1.00,1.00
2009.10.12 13:32:04.574,5.64365,5.6467,3.20,3.20
2009.10.12 13:32:05.164,5.6438,5.64685,3.20,3.20
2009.10.12 13:32:06.893,5.64415,5.6464,1.00,1.00
2009.10.12 13:32:13.942,5.6436,5.64665,3.20,3.20
2009.10.12 13:32:14.281,5.6435,5.6468,3.20,6.40
2009.10.12 13:32:14.631,5.6442,5.64645,1.00,1.00
2009.10.12 13:32:15.131,5.6439,5.64635,1.00,1.00
2009.10.12 13:32:15.931,5.6439,5.6463,1.00,3.30
2009.10.12 13:32:16.521,5.6439,5.6461,1.00,1.00
2009.10.12 13:32:17.551,5.6439,5.646,1.00,1.00
2009.10.12 13:32:19.220,5.6436,5.646,1.00,1.00
2009.10.12 13:32:19.550,5.6436,5.64585,1.00,3.20
2009.10.12 13:32:20.240,5.6435,5.6456,1.00,1.00
2009.10.12 13:32:20.520,5.6435,5.6456,1.00,3.30
2009.10.12 13:32:20.760,5.6435,5.6456,1.00,3.30
2009.10.12 13:32:20.980,5.6435,5.6455,1.00,4.50
2009.10.12 13:32:21.270,5.6422,5.64485,1.00,1.00
2009.10.12 13:32:22.690,5.6424,5.6447,1.00,3.20
2009.10.12 13:32:23.329,5.6424,5.64475,1.00,3.20
2009.10.12 13:32:23.999,5.6424,5.6445,1.00,1.00
2009.10.12 13:32:25.369,5.6425,5.64475,1.00,3.20
2009.10.12 13:32:25.718,5.6425,5.6448,1.00,3.30
2009.10.12 13:32:26.068,5.6424,5.6445,1.00,1.00
2009.10.12 13:32:27.088,5.6425,5.6448,1.00,1.00
2009.10.12 13:32:28.428,5.6425,5.6448,1.00,3.20
2009.10.12 13:32:29.128,5.6424,5.64445,1.00,1.00
2009.10.12 13:32:29.478,5.6424,5.6444,1.00,1.00
2009.10.12 13:32:30.158,5.6424,5.6444,1.00,3.20
2009.10.12 13:32:30.507,5.6424,5.64435,1.00,3.20
2009.10.12 13:32:30.837,5.6424,5.64415,1.00,3.20
2009.10.12 13:32:31.247,5.6421,5.64425,1.00,3.20
2009.10.12 13:32:31.937,5.6421,5.64415,1.00,3.20
2009.10.12 13:32:32.407,5.6421,5.64395,1.00,3.20
2009.10.12 13:32:33.097,5.6421,5.64375,1.00,3.20
2009.10.12 13:32:33.507,5.6421,5.6439,1.00,3.20
2009.10.12 13:32:33.847,5.6421,5.6438,1.00,3.20
2009.10.12 13:32:34.197,5.6418,5.6439,1.00,3.20
2009.10.12 13:32:34.536,5.6418,5.644,1.00,1.00
2009.10.12 13:32:36.576,5.6418,5.644,1.00,3.30
2009.10.12 13:32:36.926,5.6418,5.644,1.00,1.00
2009.10.12 13:32:37.326,5.6413,5.64335,1.00,1.00
2009.10.12 13:32:37.896,5.6408,5.64385,3.20,3.20
2009.10.12 13:32:38.475,5.6408,5.6441,7.20,3.20
2009.10.12 13:32:38.825,5.6406,5.6439,7.20,3.20
2009.10.12 13:32:39.516,5.6408,5.644,4.00,3.20
2009.10.12 13:32:41.735,5.64105,5.6441,3.20,3.20
2009.10.12 13:32:42.255,5.64085,5.64415,6.40,3.20
2009.10.12 13:32:42.894,5.6409,5.64415,6.40,3.20
2009.10.12 13:32:43.245,5.6411,5.64415,3.20,3.20
2009.10.12 13:32:45.034,5.64105,5.64435,3.20,6.40
2009.10.12 13:32:45.324,5.64185,5.6441,1.00,3.20
2009.10.12 13:32:45.614,5.64185,5.6444,6.40,3.20
2009.10.12 13:32:45.954,5.64225,5.6457,3.20,3.20
2009.10.12 13:32:46.294,5.642,5.6457,3.20,6.40
2009.10.12 13:32:46.584,5.6422,5.64545,4.00,3.20
2009.10.12 13:32:46.923,5.64255,5.64605,6.40,3.20
2009.10.12 13:32:47.614,5.6425,5.6455,3.20,3.20
2009.10.12 13:32:48.313,5.64245,5.6455,3.20,3.20
2009.10.12 13:32:48.634,5.64285,5.6452,1.00,1.00
2009.10.12 13:32:48.983,5.6428,5.6452,1.00,1.00
2009.10.12 13:32:49.623,5.64305,5.6455,1.00,1.00
2009.10.12 13:32:49.973,5.6432,5.6455,1.00,3.30
2009.10.12 13:32:50.273,5.6432,5.6455,1.00,1.00
2009.10.12 13:32:50.633,5.6432,5.64525,1.00,1.00
2009.10.12 13:32:57.241,5.6429,5.6451,1.00,1.00
2009.10.12 13:32:59.971,5.6429,5.6448,1.00,1.00
2009.10.12 13:33:00.960,5.6429,5.6451,1.00,1.00
2009.10.12 13:33:01.250,5.643,5.6452,1.00,1.00
2009.10.12 13:33:01.820,5.6429,5.64485,1.00,1.00
2009.10.12 13:33:03.300,5.6425,5.6444,1.00,1.00
2009.10.12 13:33:04.629,5.6426,5.6448,1.00,1.00
2009.10.12 13:33:05.479,5.6426,5.6448,1.00,6.40
2009.10.12 13:33:05.989,5.6422,5.64435,1.00,1.00
2009.10.12 13:33:06.329,5.64245,5.6444,1.00,1.00
2009.10.12 13:33:07.079,5.6421,5.644,1.00,1.00
2009.10.12 13:33:08.428,5.6425,5.6444,1.00,1.00
2009.10.12 13:33:09.168,5.6426,5.6444,1.00,1.00
2009.10.12 13:33:09.528,5.6422,5.64435,1.00,1.00
2009.10.12 13:33:09.878,5.6422,5.64405,1.00,1.00
2009.10.12 13:33:10.868,5.6416,5.64365,1.00,1.00
2009.10.12 13:33:11.688,5.6413,5.6433,1.00,1.00
2009.10.12 13:33:13.097,5.6413,5.64355,1.00,3.20
2009.10.12 13:33:13.447,5.6417,5.6438,1.00,3.20
2009.10.12 13:33:13.777,5.6415,5.6439,1.00,1.00
2009.10.12 13:33:14.157,5.6414,5.6438,1.00,1.00
2009.10.12 13:33:14.507,5.6414,5.64365,1.00,3.20
2009.10.12 13:33:14.847,5.6412,5.64325,1.00,1.00
2009.10.12 13:33:16.496,5.6411,5.6431,1.00,1.00
2009.10.12 13:33:17.396,5.6412,5.6432,1.00,1.00
2009.10.12 13:33:17.736,5.6411,5.64315,1.00,1.00
2009.10.12 13:33:18.646,5.6411,5.6431,1.00,3.30
2009.10.12 13:33:19.046,5.6409,5.6428,1.00,1.00
2009.10.12 13:33:19.726,5.6409,5.6428,1.00,3.30
2009.10.12 13:33:20.085,5.6409,5.6424,1.00,3.20
2009.10.12 13:33:20.436,5.6409,5.6425,1.00,3.20
2009.10.12 13:33:20.835,5.6409,5.6427,1.00,6.40
2009.10.12 13:33:21.166,5.6409,5.6424,1.00,3.20
2009.10.12 13:33:21.505,5.6409,5.6423,1.00,3.20
2009.10.12 13:33:21.855,5.6402,5.64215,1.00,3.30
2009.10.12 13:33:22.575,5.6402,5.642,1.00,3.20
2009.10.12 13:33:23.275,5.6398,5.64175,1.00,1.00
2009.10.12 13:33:24.625,5.6399,5.6421,1.00,1.00
2009.10.12 13:33:25.324,5.6402,5.6421,1.00,1.00
2009.10.12 13:33:26.354,5.6399,5.64205,1.00,1.00
2009.10.12 13:33:26.964,5.6398,5.64175,1.00,1.00
2009.10.12 13:33:27.374,5.6398,5.6418,1.00,1.00
2009.10.12 13:33:27.844,5.6398,5.6421,1.00,1.00
2009.10.12 13:33:28.524,5.6402,5.6422,1.00,1.00
2009.10.12 13:33:30.243,5.64055,5.6426,1.00,1.00
2009.10.12 13:33:32.313,5.6406,5.6429,1.00,1.00
2009.10.12 13:33:32.543,5.6409,5.6429,1.00,1.00
2009.10.12 13:33:33.392,5.6406,5.64285,1.00,1.00
2009.10.12 13:33:34.072,5.6402,5.6422,1.00,1.00
2009.10.12 13:33:35.132,5.6406,5.6426,1.00,1.00
2009.10.12 13:33:36.152,5.64095,5.6429,1.00,1.00
2009.10.12 13:33:37.002,5.6406,5.64285,1.00,1.00
2009.10.12 13:33:37.591,5.641,5.6429,1.00,1.00
2009.10.12 13:33:42.070,5.641,5.64315,1.00,3.20
2009.10.12 13:33:42.360,5.641,5.6432,1.00,1.00
2009.10.12 13:33:43.000,5.64135,5.6433,1.00,1.00
2009.10.12 13:33:43.470,5.6414,5.6434,1.00,1.00
2009.10.12 13:33:47.659,5.641,5.64335,1.00,1.00
2009.10.12 13:33:49.648,5.6414,5.6434,1.00,1.00
2009.10.12 13:33:52.628,5.6414,5.6433,1.00,1.00
2009.10.12 13:33:52.908,5.64175,5.6437,1.00,1.00
2009.10.12 13:33:56.097,5.6421,5.6441,1.00,1.00
2009.10.12 13:33:56.727,5.6418,5.6441,1.00,1.00
2009.10.12 13:34:00.876,5.6418,5.64405,1.00,3.20
2009.10.12 13:34:01.686,5.6418,5.6441,1.00,3.30
2009.10.12 13:34:02.076,5.6418,5.6441,1.00,1.00
2009.10.12 13:34:02.765,5.6418,5.6441,3.30,1.00
2009.10.12 13:34:03.115,5.6418,5.6441,3.30,1.00
2009.10.12 13:34:03.455,5.6417,5.6449,6.40,1.00
2009.10.12 13:34:05.175,5.64185,5.6449,3.20,4.00
2009.10.12 13:34:05.625,5.64175,5.6449,3.20,4.00
2009.10.12 13:34:05.855,5.64165,5.64505,3.20,6.40
2009.10.12 13:34:06.604,5.6416,5.64495,3.20,6.40
2009.10.12 13:34:07.244,5.6417,5.645,3.20,6.40
2009.10.12 13:34:07.924,5.6418,5.6448,3.20,3.20
2009.10.12 13:34:08.274,5.6418,5.6449,4.00,3.20
2009.10.12 13:34:08.564,5.6418,5.6448,3.20,3.20
2009.10.12 13:34:08.894,5.6417,5.645,3.20,6.40
2009.10.12 13:34:09.614,5.6416,5.64465,3.20,3.20
2009.10.12 13:34:10.293,5.64165,5.64465,3.20,3.20
2009.10.12 13:34:11.023,5.6419,5.6449,3.20,3.20
2009.10.12 13:34:11.303,5.64165,5.64505,6.40,5.60
2009.10.12 13:34:11.534,5.64165,5.6449,3.20,8.80
2009.10.12 13:34:12.003,5.6415,5.6448,6.40,3.20
2009.10.12 13:34:12.243,5.6416,5.64465,3.20,3.20
2009.10.12 13:34:12.593,5.6414,5.64465,7.20,3.20
2009.10.12 13:34:13.623,5.6414,5.6447,7.20,3.20
2009.10.12 13:34:14.883,5.64165,5.64465,3.20,3.20
2009.10.12 13:34:21.281,5.64165,5.6447,3.20,3.20
2009.10.12 13:34:21.851,5.64165,5.64465,3.20,3.20
2009.10.12 13:34:22.191,5.64175,5.6442,1.00,1.00
2009.10.12 13:34:23.231,5.6416,5.64465,3.20,3.20
2009.10.12 13:34:23.630,5.6416,5.64465,3.20,6.40
2009.10.12 13:34:23.930,5.6413,5.6446,3.20,6.40
2009.10.12 13:34:24.280,5.64175,5.6442,1.00,1.00
2009.10.12 13:34:24.630,5.6413,5.64435,3.20,3.20
2009.10.12 13:34:24.920,5.6418,5.64425,1.00,1.00
2009.10.12 13:34:25.470,5.64185,5.6442,1.00,1.00
2009.10.12 13:34:28.159,5.6413,5.64435,3.20,3.20
2009.10.12 13:34:28.399,5.6414,5.64445,3.20,3.20
2009.10.12 13:34:28.679,5.64125,5.6445,6.40,3.20
2009.10.12 13:34:29.669,5.64125,5.64455,6.40,3.20
2009.10.12 13:34:30.009,5.64175,5.64485,4.80,3.20
2009.10.12 13:34:30.399,5.6419,5.64495,3.20,3.20
2009.10.12 13:34:30.910,5.642,5.64505,3.20,3.20
2009.10.12 13:34:32.458,5.6418,5.6451,7.20,3.20
2009.10.12 13:34:32.798,5.642,5.64505,3.20,3.20
2009.10.12 13:34:34.018,5.64195,5.645,3.20,3.20
2009.10.12 13:34:34.378,5.64195,5.6452,3.20,6.40
2009.10.12 13:34:34.718,5.6418,5.64505,3.20,6.40
2009.10.12 13:34:35.048,5.64165,5.6447,3.20,3.20
2009.10.12 13:34:35.398,5.6415,5.6448,6.40,3.20
2009.10.12 13:34:35.678,5.6416,5.64465,3.20,3.20
2009.10.12 13:34:36.147,5.64165,5.64495,6.40,3.20
2009.10.12 13:34:36.418,5.6422,5.6446,1.00,1.00
2009.10.12 13:34:36.747,5.64165,5.6447,3.20,3.20
2009.10.12 13:34:36.967,5.6422,5.64465,1.00,1.00
2009.10.12 13:34:37.807,5.6417,5.64475,3.20,3.20
2009.10.12 13:34:38.197,5.6422,5.64465,1.00,1.00
2009.10.12 13:34:38.817,5.6417,5.64475,3.20,3.20
2009.10.12 13:34:39.107,5.64215,5.6446,1.00,1.00
2009.10.12 13:34:39.436,5.6417,5.64475,3.20,3.20
2009.10.12 13:34:39.736,5.6416,5.64485,4.00,3.20
2009.10.12 13:34:40.846,5.6416,5.6449,7.20,3.20
2009.10.12 13:34:41.176,5.64165,5.64495,6.40,3.20
2009.10.12 13:34:45.515,5.6412,5.64425,3.20,3.20
2009.10.12 13:34:47.505,5.6421,5.64425,1.00,1.00
2009.10.12 13:34:47.985,5.6418,5.6442,1.00,1.00
2009.10.12 13:34:49.384,5.64205,5.6441,1.00,1.00
2009.10.12 13:34:49.794,5.6418,5.6441,1.00,1.00
2009.10.12 13:34:50.924,5.6418,5.644,1.00,3.20
2009.10.12 13:34:53.423,5.6417,5.6437,1.00,1.00
2009.10.12 13:34:54.883,5.6417,5.64365,1.00,3.20
2009.10.12 13:34:55.163,5.6417,5.6437,1.00,3.20
2009.10.12 13:34:55.503,5.6417,5.6437,1.00,3.30
2009.10.12 13:34:55.853,5.6417,5.6436,1.00,6.40
2009.10.12 13:34:56.242,5.6414,5.6433,1.00,1.00
2009.10.12 13:34:56.532,5.6414,5.6433,1.00,3.20
2009.10.12 13:34:57.052,5.6414,5.6433,1.00,1.00
2009.10.12 13:34:57.282,5.6414,5.64295,1.00,3.20
2009.10.12 13:34:57.632,5.6412,5.6436,1.00,1.00
2009.10.12 13:34:58.692,5.6405,5.64365,3.20,3.20
2009.10.12 13:34:59.322,5.6404,5.64355,3.20,3.20
2009.10.12 13:34:59.661,5.6403,5.6434,3.20,3.20
2009.10.12 13:35:00.002,5.64015,5.6435,3.20,6.40
2009.10.12 13:35:00.401,5.6404,5.6437,6.40,2.40
2009.10.12 13:35:00.681,5.64065,5.6438,3.20,5.60
2009.10.12 13:35:01.201,5.6405,5.64385,3.20,8.80
2009.10.12 13:35:01.441,5.6405,5.6438,3.20,5.60
2009.10.12 13:35:01.791,5.64035,5.64365,3.20,6.40
2009.10.12 13:35:02.141,5.6403,5.6434,3.20,3.20
2009.10.12 13:35:02.711,5.64025,5.6434,3.20,3.20
2009.10.12 13:35:03.061,5.64025,5.64365,3.20,6.40
2009.10.12 13:35:03.291,5.64015,5.64345,6.40,3.20
2009.10.12 13:35:04.091,5.6403,5.64335,3.20,3.20
2009.10.12 13:35:05.070,5.6403,5.6433,3.20,3.20
2009.10.12 13:35:05.650,5.6402,5.64325,3.20,3.20
2009.10.12 13:35:05.990,5.6399,5.64345,6.40,3.20
2009.10.12 13:35:06.270,5.6401,5.6435,6.40,3.60
2009.10.12 13:35:06.600,5.6407,5.6435,3.20,1.00
2009.10.12 13:35:06.960,5.6412,5.6435,1.00,1.00
2009.10.12 13:35:07.630,5.6412,5.6435,1.00,1.00
2009.10.12 13:35:07.980,5.64125,5.6436,1.00,1.00
2009.10.12 13:35:08.709,5.6413,5.6437,1.00,1.00
2009.10.12 13:35:09.279,5.6408,5.64395,3.20,3.20
2009.10.12 13:35:09.859,5.6413,5.64375,1.00,1.00
2009.10.12 13:35:12.379,5.64075,5.64375,3.20,3.20
2009.10.12 13:35:12.719,5.64065,5.64395,3.20,6.40
2009.10.12 13:35:13.068,5.6405,5.64355,3.20,3.20
2009.10.12 13:35:13.708,5.64135,5.64365,1.00,3.20
2009.10.12 13:35:14.398,5.6409,5.64375,1.00,3.20
2009.10.12 13:35:14.738,5.641,5.64405,3.20,3.20
2009.10.12 13:35:15.238,5.6409,5.64405,4.00,3.20
2009.10.12 13:35:15.868,5.6408,5.64385,3.20,3.20
2009.10.12 13:35:16.447,5.641,5.64405,3.20,3.20
2009.10.12 13:35:16.788,5.6409,5.6441,4.00,3.20
2009.10.12 13:35:17.177,5.6407,5.644,7.20,3.20
2009.10.12 13:35:17.527,5.641,5.64405,3.20,3.20
2009.10.12 13:35:17.867,5.64095,5.644,3.20,3.20
2009.10.12 13:35:18.207,5.641,5.64405,4.00,3.20
2009.10.12 13:35:18.557,5.64075,5.64415,3.20,6.40
2009.10.12 13:35:18.887,5.6416,5.6439,1.00,3.20
2009.10.12 13:35:19.177,5.6416,5.64405,1.00,3.20
2009.10.12 13:35:19.467,5.6416,5.6442,1.00,1.00
2009.10.12 13:35:19.807,5.6411,5.64445,3.20,3.20
2009.10.12 13:35:20.147,5.6413,5.6445,4.00,3.20
2009.10.12 13:35:20.517,5.6413,5.6444,1.00,3.20
2009.10.12 13:35:21.036,5.6413,5.64445,4.00,3.20
2009.10.12 13:35:21.377,5.6421,5.64445,1.00,3.20
2009.10.12 13:35:21.647,5.6421,5.6445,1.00,3.30
2009.10.12 13:35:21.996,5.6419,5.6439,1.00,1.00
2009.10.12 13:35:24.885,5.6416,5.64385,1.00,1.00
2009.10.12 13:35:25.995,5.6419,5.6439,1.00,1.00
2009.10.12 13:35:28.245,5.642,5.644,1.00,1.00
2009.10.12 13:35:29.045,5.642,5.6443,1.00,1.00
2009.10.12 13:35:29.384,5.642,5.6443,1.00,3.30
2009.10.12 13:35:29.724,5.6411,5.6444,3.20,6.40
2009.10.12 13:35:30.064,5.6412,5.64425,3.20,3.20
2009.10.12 13:35:30.464,5.6416,5.64395,1.00,1.00
2009.10.12 13:35:30.814,5.64115,5.6442,3.20,3.20
2009.10.12 13:35:31.504,5.6418,5.6442,1.00,1.00
2009.10.12 13:35:33.803,5.64115,5.6442,3.20,3.20
2009.10.12 13:35:35.773,5.6416,5.6439,1.00,1.00
2009.10.12 13:35:37.953,5.6419,5.6439,1.00,1.00
2009.10.12 13:35:40.392,5.642,5.644,1.00,1.00
2009.10.12 13:35:42.331,5.642,5.64395,1.00,1.00
2009.10.12 13:35:45.381,5.6417,5.6439,1.00,1.00
2009.10.12 13:35:45.661,5.6417,5.64385,1.00,6.40
2009.10.12 13:35:45.951,5.6417,5.6436,1.00,6.40
2009.10.12 13:35:46.221,5.6417,5.64355,1.00,6.40
2009.10.12 13:35:46.751,5.6413,5.6435,1.00,3.30
2009.10.12 13:35:47.041,5.6413,5.6435,1.00,3.40
2009.10.12 13:35:47.390,5.6413,5.6435,1.00,3.30
2009.10.12 13:35:48.060,5.64135,5.6436,1.00,3.20
2009.10.12 13:35:49.040,5.6414,5.64365,1.00,3.20
2009.10.12 13:35:49.389,5.6414,5.6436,1.00,3.20
2009.10.12 13:35:49.899,5.6414,5.64365,1.00,3.20
2009.10.12 13:35:50.239,5.6417,5.6438,1.00,3.30
2009.10.12 13:35:50.580,5.6417,5.6438,1.00,3.20
2009.10.12 13:35:50.919,5.6417,5.6438,1.00,1.00
2009.10.12 13:35:52.579,5.6417,5.6435,1.00,1.00
2009.10.12 13:35:53.679,5.6417,5.64375,1.00,3.20
2009.10.12 13:35:54.019,5.6417,5.6438,1.00,3.20
2009.10.12 13:35:54.359,5.6417,5.6438,1.00,1.00
2009.10.12 13:35:54.708,5.6417,5.6438,1.00,3.20
2009.10.12 13:35:55.228,5.6417,5.6437,1.00,3.20
2009.10.12 13:35:55.628,5.6417,5.64365,1.00,3.20
2009.10.12 13:35:59.297,5.6417,5.6437,1.00,3.20
2009.10.12 13:35:59.797,5.6417,5.64365,1.00,3.20
2009.10.12 13:36:00.607,5.6417,5.6437,1.00,1.00
2009.10.12 13:36:01.867,5.6417,5.6437,1.00,3.30
2009.10.12 13:36:02.337,5.6414,5.6434,1.00,1.00
2009.10.12 13:36:05.276,5.6414,5.6434,1.00,3.20
2009.10.12 13:36:05.796,5.6414,5.64335,1.00,3.20
2009.10.12 13:36:06.076,5.6414,5.6434,1.00,1.00
2009.10.12 13:36:06.466,5.6412,5.6435,1.00,1.00
2009.10.12 13:36:06.796,5.6412,5.6435,1.00,3.30
2009.10.12 13:36:07.195,5.6412,5.6435,1.00,6.40
2009.10.12 13:36:07.865,5.6411,5.6434,1.00,3.30
2009.10.12 13:36:08.215,5.6411,5.6433,1.00,3.20
2009.10.12 13:36:08.795,5.6411,5.64315,1.00,3.20
2009.10.12 13:36:09.075,5.6411,5.64315,1.00,3.30
2009.10.12 13:36:09.655,5.6411,5.64305,1.00,6.40
2009.10.12 13:36:10.005,5.6396,5.6428,1.00,3.20
2009.10.12 13:36:10.395,5.6402,5.6427,1.00,3.20
2009.10.12 13:36:10.684,5.6402,5.6427,1.00,1.00
2009.10.12 13:36:11.304,5.6404,5.64265,1.00,3.20
2009.10.12 13:36:11.534,5.6404,5.6427,1.00,1.00
2009.10.12 13:36:11.824,5.6404,5.6427,1.00,3.30
2009.10.12 13:36:13.604,5.6405,5.64265,1.00,3.20
2009.10.12 13:36:14.834,5.64075,5.6428,1.00,1.00
2009.10.12 13:36:16.623,5.6408,5.6427,1.00,1.00
2009.10.12 13:36:18.643,5.64115,5.643,1.00,3.20
2009.10.12 13:36:18.983,5.64115,5.6431,1.00,1.00
2009.10.12 13:36:19.382,5.6409,5.6431,1.00,1.00
2009.10.12 13:36:20.382,5.6407,5.6437,3.20,1.00
2009.10.12 13:36:20.792,5.6406,5.6437,3.20,4.00
2009.10.12 13:36:20.972,5.64055,5.6437,3.20,4.00
2009.10.12 13:36:21.612,5.6405,5.6437,3.20,4.00
2009.10.12 13:36:24.811,5.64035,5.64365,3.20,6.40
2009.10.12 13:36:25.101,5.6403,5.6436,4.00,6.40
2009.10.12 13:36:26.531,5.6405,5.6435,1.00,3.20
2009.10.12 13:36:27.341,5.6405,5.64355,4.00,3.20
2009.10.12 13:36:27.640,5.6406,5.64365,3.20,3.20
2009.10.12 13:36:31.150,5.6404,5.6437,6.40,4.00
2009.10.12 13:36:31.440,5.6405,5.64355,3.20,3.20
2009.10.12 13:36:31.679,5.6405,5.64355,4.00,3.20
2009.10.12 13:36:31.969,5.6405,5.64355,3.20,3.20
2009.10.12 13:36:32.239,5.64045,5.6435,3.20,3.20
2009.10.12 13:36:32.849,5.6411,5.6435,1.00,1.00
2009.10.12 13:36:34.309,5.6411,5.64345,1.00,3.20
2009.10.12 13:36:34.549,5.6411,5.6435,1.00,1.00
2009.10.12 13:36:34.839,5.6411,5.6435,1.00,3.30
2009.10.12 13:36:35.309,5.6411,5.6435,1.00,1.00
2009.10.12 13:36:35.538,5.6411,5.6435,1.00,3.30
2009.10.12 13:36:35.828,5.6415,5.6437,1.00,6.40
2009.10.12 13:36:36.988,5.6411,5.64345,1.00,3.20
2009.10.12 13:36:37.388,5.6411,5.6434,1.00,3.20
2009.10.12 13:36:37.888,5.6411,5.64305,1.00,3.20
2009.10.12 13:36:38.468,5.6398,5.64305,1.00,3.20
2009.10.12 13:36:38.758,5.6398,5.6431,4.00,3.20
2009.10.12 13:36:39.947,5.63995,5.6431,5.60,3.20
2009.10.12 13:36:40.297,5.64005,5.64345,6.40,3.20
2009.10.12 13:36:41.107,5.6402,5.64335,3.20,3.20
2009.10.12 13:36:42.327,5.64015,5.64355,3.20,6.40
2009.10.12 13:36:42.607,5.64005,5.64345,3.20,6.40
2009.10.12 13:36:42.887,5.64,5.64315,3.20,3.20
2009.10.12 13:36:43.507,5.63995,5.64305,3.20,3.20
2009.10.12 13:36:44.687,5.63995,5.6431,3.20,3.20
2009.10.12 13:36:45.036,5.6399,5.64315,4.00,3.20
2009.10.12 13:36:46.066,5.6408,5.64315,1.00,3.20
2009.10.12 13:36:46.246,5.6408,5.6432,1.00,1.00
2009.10.12 13:36:46.646,5.6402,5.64325,3.20,3.20
2009.10.12 13:36:46.996,5.64015,5.6432,3.20,3.20
2009.10.12 13:36:47.336,5.6402,5.6432,3.20,3.20
2009.10.12 13:36:48.026,5.64035,5.64335,3.20,3.20
2009.10.12 13:36:48.875,5.6402,5.64325,3.20,3.20
2009.10.12 13:36:49.095,5.6402,5.6434,3.20,6.40
2009.10.12 13:36:49.906,5.6402,5.64325,3.20,3.20
2009.10.12 13:36:51.375,5.6397,5.64275,3.20,3.20
2009.10.12 13:36:53.245,5.63965,5.64295,3.20,6.40
2009.10.12 13:36:53.574,5.6404,5.6424,1.00,1.00
2009.10.12 13:36:53.874,5.6401,5.6424,1.00,1.00
2009.10.12 13:36:54.164,5.6403,5.6423,1.00,1.00
2009.10.12 13:36:54.834,5.6401,5.64215,1.00,3.20
2009.10.12 13:36:56.054,5.6388,5.64215,3.20,3.20
2009.10.12 13:36:56.403,5.6387,5.64205,3.20,3.20
2009.10.12 13:36:56.633,5.6388,5.6421,3.20,3.20
2009.10.12 13:36:56.853,5.6387,5.6422,6.40,3.20
2009.10.12 13:36:57.304,5.63905,5.64235,3.20,7.20
2009.10.12 13:36:57.533,5.63905,5.64195,3.20,1.00
2009.10.12 13:36:57.863,5.6388,5.64175,3.20,1.00
2009.10.12 13:36:58.263,5.6387,5.64175,3.20,1.00
2009.10.12 13:36:58.594,5.63865,5.64175,3.20,4.40
2009.10.12 13:36:58.943,5.63865,5.64175,3.20,7.60
2009.10.12 13:36:59.303,5.63865,5.64175,3.20,1.30
2009.10.12 13:36:59.643,5.6383,5.64145,3.20,3.20
2009.10.12 13:36:59.993,5.6381,5.6415,3.20,7.20
2009.10.12 13:37:00.353,5.6383,5.6413,3.20,1.00
2009.10.12 13:37:00.992,5.63815,5.6412,3.20,3.20
2009.10.12 13:37:01.272,5.63805,5.6411,3.20,3.20
2009.10.12 13:37:01.492,5.63795,5.6412,3.20,6.40
2009.10.12 13:37:01.772,5.6378,5.64105,1.00,6.40
2009.10.12 13:37:02.062,5.6379,5.64105,1.00,6.40
2009.10.12 13:37:02.362,5.6379,5.64115,4.00,3.20
2009.10.12 13:37:03.002,5.63835,5.6408,1.00,1.00
2009.10.12 13:37:04.801,5.6385,5.6409,1.00,1.00
2009.10.12 13:37:06.011,5.63845,5.6415,3.20,3.20
2009.10.12 13:37:07.361,5.6386,5.6415,1.00,3.20
2009.10.12 13:37:07.711,5.63875,5.64175,3.20,3.20
2009.10.12 13:37:08.061,5.6385,5.64155,4.00,3.20
2009.10.12 13:37:08.351,5.6385,5.64165,4.00,3.20
2009.10.12 13:37:08.681,5.63875,5.6418,3.20,3.20
2009.10.12 13:37:09.700,5.6387,5.64175,3.20,3.20
2009.10.12 13:37:10.320,5.63875,5.6418,3.20,3.20
2009.10.12 13:37:10.920,5.639,5.64205,4.00,3.20
2009.10.12 13:37:11.100,5.6392,5.64215,1.00,3.20
2009.10.12 13:37:11.320,5.6392,5.64225,3.20,3.20
2009.10.12 13:37:11.780,5.6392,5.64225,4.00,3.20
2009.10.12 13:37:12.340,5.6393,5.64235,3.20,3.20
2009.10.12 13:37:12.679,5.6393,5.64245,3.20,3.70
2009.10.12 13:37:13.359,5.6393,5.64245,3.20,3.70
2009.10.12 13:37:13.719,5.6393,5.6424,4.00,3.20
2009.10.12 13:37:14.099,5.6393,5.64245,4.00,1.00
2009.10.12 13:37:14.789,5.6393,5.6425,4.00,3.20
2009.10.12 13:37:15.829,5.63945,5.6419,1.00,1.00
2009.10.12 13:37:16.749,5.6398,5.642,1.00,3.20
2009.10.12 13:37:17.259,5.6398,5.64205,1.00,3.20
2009.10.12 13:37:17.598,5.63895,5.64225,3.20,6.40
2009.10.12 13:37:17.948,5.6391,5.6424,4.00,6.40
2009.10.12 13:37:18.328,5.63925,5.6424,3.20,6.40
2009.10.12 13:37:18.968,5.6393,5.64235,3.20,3.20
2009.10.12 13:37:19.298,5.6398,5.64225,1.00,1.00
2009.10.12 13:37:19.638,5.6397,5.64175,1.00,1.00
2009.10.12 13:37:19.978,5.6402,5.6422,1.00,1.00
2009.10.12 13:37:21.758,5.6402,5.6424,1.00,3.20
2009.10.12 13:37:22.037,5.6402,5.64225,1.00,1.00
2009.10.12 13:37:22.977,5.6401,5.64215,1.00,1.00
2009.10.12 13:37:24.697,5.6402,5.64235,1.00,3.20
2009.10.12 13:37:25.037,5.6402,5.6424,1.00,3.20
2009.10.12 13:37:25.387,5.6402,5.64245,1.00,3.20
2009.10.12 13:37:25.797,5.64045,5.6425,1.00,1.00
2009.10.12 13:37:31.355,5.64055,5.6425,1.00,1.00
2009.10.12 13:37:32.105,5.63975,5.6428,3.20,3.20
2009.10.12 13:37:32.385,5.63945,5.6427,3.20,6.40
2009.10.12 13:37:32.725,5.6393,5.6426,3.20,6.40
2009.10.12 13:37:34.104,5.6393,5.6426,6.40,3.20
2009.10.12 13:37:34.644,5.63925,5.64255,6.40,3.20
2009.10.12 13:37:34.934,5.6395,5.6425,3.20,3.20
2009.10.12 13:37:35.154,5.63935,5.64275,3.20,8.80
2009.10.12 13:37:35.454,5.63915,5.6422,3.20,3.20
2009.10.12 13:37:36.234,5.6391,5.64215,3.20,3.20
2009.10.12 13:37:36.534,5.63905,5.64235,3.20,6.40
2009.10.12 13:37:37.054,5.63885,5.64215,6.40,3.20
2009.10.12 13:37:37.354,5.63915,5.64215,1.00,3.20
2009.10.12 13:37:37.584,5.6394,5.64245,3.20,3.20
2009.10.12 13:37:37.984,5.63935,5.64265,6.40,3.20
2009.10.12 13:37:38.424,5.63955,5.6426,3.20,3.20
2009.10.12 13:37:38.694,5.6396,5.6426,1.00,3.20
2009.10.12 13:37:38.923,5.6398,5.64285,3.20,6.40
2009.10.12 13:37:39.153,5.6397,5.643,3.20,6.40
2009.10.12 13:37:39.383,5.63965,5.6427,3.20,3.20
2009.10.12 13:37:40.123,5.6396,5.64275,4.00,3.20
2009.10.12 13:37:40.773,5.6397,5.64275,3.20,3.20
2009.10.12 13:37:41.953,5.6399,5.6429,3.20,3.20
2009.10.12 13:37:42.183,5.6397,5.64275,4.00,3.20
2009.10.12 13:37:43.902,5.63975,5.64275,3.20,3.20
2009.10.12 13:37:44.972,5.6397,5.6429,4.00,3.20
2009.10.12 13:37:45.611,5.63975,5.6428,3.20,3.20
2009.10.12 13:37:45.901,5.6397,5.6427,1.00,3.20
2009.10.12 13:37:48.381,5.6397,5.64275,4.00,3.20
2009.10.12 13:37:49.710,5.6399,5.6429,3.20,3.20
2009.10.12 13:37:50.050,5.6397,5.643,4.00,6.40
2009.10.12 13:37:50.500,5.6397,5.64285,1.00,6.40
2009.10.12 13:37:50.960,5.6397,5.6429,1.00,6.40
2009.10.12 13:37:51.241,5.6396,5.64265,3.20,3.20
2009.10.12 13:37:51.530,5.63945,5.64275,3.20,6.40
2009.10.12 13:37:51.810,5.63985,5.6423,1.00,1.00
2009.10.12 13:37:52.090,5.6398,5.6422,1.00,1.00
2009.10.12 13:37:53.150,5.63925,5.6423,3.20,6.40
2009.10.12 13:37:53.500,5.63885,5.6421,3.20,6.40
2009.10.12 13:37:53.850,5.63885,5.64215,3.20,6.40
2009.10.12 13:37:55.479,5.6395,5.6418,1.00,1.00
2009.10.12 13:37:56.549,5.63985,5.6419,1.00,1.00
2009.10.12 13:37:57.609,5.6395,5.64155,1.00,1.00
2009.10.12 13:37:57.958,5.6395,5.6418,1.00,1.00
2009.10.12 13:37:58.648,5.63985,5.6421,1.00,3.20
2009.10.12 13:37:59.029,5.6399,5.6422,1.00,3.20
2009.10.12 13:37:59.719,5.64,5.6422,1.00,3.20
2009.10.12 13:38:00.638,5.6399,5.64195,1.00,1.00
2009.10.12 13:38:04.747,5.64,5.6422,1.00,1.00
2009.10.12 13:38:05.867,5.6403,5.6422,1.00,1.00
2009.10.12 13:38:08.117,5.6403,5.6425,1.00,1.00
2009.10.12 13:38:09.386,5.6407,5.6426,1.00,1.00
2009.10.12 13:38:12.735,5.6404,5.6425,1.00,1.00
2009.10.12 13:38:12.965,5.6407,5.6425,1.00,1.00
2009.10.12 13:38:16.144,5.6405,5.6423,1.00,1.00
2009.10.12 13:38:16.414,5.64065,5.6425,1.00,1.00
2009.10.12 13:38:17.714,5.6404,5.6425,1.00,1.00
2009.10.12 13:38:18.804,5.6403,5.6421,1.00,1.00
2009.10.12 13:38:19.463,5.6404,5.6425,1.00,1.00
2009.10.12 13:38:20.873,5.6404,5.64245,1.00,1.00
2009.10.12 13:38:22.543,5.6407,5.64245,1.00,1.00
2009.10.12 13:38:27.342,5.6404,5.64215,1.00,1.00
2009.10.12 13:38:28.502,5.64,5.6417,1.00,1.00
2009.10.12 13:38:28.852,5.6401,5.6422,1.00,3.20
2009.10.12 13:38:29.181,5.6401,5.6423,1.00,1.00
2009.10.12 13:38:32.561,5.64035,5.6424,1.00,1.00
2009.10.12 13:38:38.939,5.6407,5.6424,1.00,1.00
2009.10.12 13:38:39.509,5.6404,5.6424,1.00,1.00
2009.10.12 13:38:39.839,5.6407,5.6424,1.00,1.00
2009.10.12 13:38:40.479,5.6404,5.6424,1.00,1.00
2009.10.12 13:38:41.158,5.64045,5.6427,1.00,1.00
2009.10.12 13:38:41.779,5.64075,5.6428,1.00,1.00
2009.10.12 13:38:43.428,5.6412,5.6432,1.00,1.00
2009.10.12 13:38:43.758,5.6415,5.6432,1.00,1.00
2009.10.12 13:38:44.108,5.6414,5.6434,1.00,1.00
2009.10.12 13:38:44.858,5.6414,5.6437,1.00,1.00
2009.10.12 13:38:45.497,5.6414,5.6434,1.00,1.00
2009.10.12 13:38:45.857,5.6407,5.64375,3.20,3.20
2009.10.12 13:38:46.147,5.64025,5.6433,3.20,3.20
2009.10.12 13:38:46.667,5.64005,5.64335,6.40,3.20
2009.10.12 13:38:47.227,5.6402,5.64325,4.00,3.20
2009.10.12 13:38:47.577,5.6402,5.64335,4.00,3.20
2009.10.12 13:38:47.917,5.64105,5.64335,1.00,3.20
2009.10.12 13:38:48.267,5.64105,5.6434,1.00,1.00
2009.10.12 13:38:49.196,5.64135,5.6434,1.00,1.00
2009.10.12 13:38:52.715,5.641,5.64305,1.00,1.00
2009.10.12 13:38:53.106,5.6407,5.64305,1.00,1.00
2009.10.12 13:38:53.675,5.6406,5.64285,1.00,3.20
2009.10.12 13:38:54.015,5.6406,5.6429,1.00,1.00
2009.10.12 13:38:54.365,5.63985,5.6431,3.20,6.40
2009.10.12 13:38:55.425,5.64035,5.6428,1.00,1.00
2009.10.12 13:38:56.535,5.64075,5.6431,1.00,3.20
2009.10.12 13:38:56.874,5.6408,5.643,1.00,3.20
2009.10.12 13:38:57.224,5.6404,5.64285,1.00,1.00
2009.10.12 13:38:57.584,5.6402,5.64255,1.00,1.00
2009.10.12 13:38:57.974,5.6404,5.6428,1.00,1.00
2009.10.12 13:38:58.314,5.6404,5.6428,1.00,3.20
2009.10.12 13:38:58.644,5.6403,5.6425,1.00,1.00
2009.10.12 13:38:59.324,5.64055,5.6426,1.00,1.00
2009.10.12 13:39:00.973,5.6407,5.6429,1.00,1.00
2009.10.12 13:39:03.713,5.641,5.6429,1.00,1.00
2009.10.12 13:39:07.572,5.6407,5.6429,1.00,1.00
2009.10.12 13:39:07.922,5.64095,5.6429,1.00,1.00
2009.10.12 13:39:11.331,5.6407,5.6428,1.00,1.00
2009.10.12 13:39:12.071,5.6407,5.643,1.00,1.00
2009.10.12 13:39:16.460,5.6405,5.6428,1.00,1.00
2009.10.12 13:39:19.389,5.64075,5.6428,1.00,1.00
2009.10.12 13:39:24.438,5.64085,5.6428,1.00,1.00
2009.10.12 13:39:25.118,5.6405,5.64275,1.00,1.00
2009.10.12 13:39:25.758,5.63975,5.6428,3.20,3.20
2009.10.12 13:39:26.157,5.63965,5.64295,3.20,6.40
2009.10.12 13:39:26.477,5.6407,5.6429,1.00,3.30
2009.10.12 13:39:26.817,5.6407,5.6429,1.00,3.30
2009.10.12 13:39:27.167,5.6403,5.6425,1.00,1.00
2009.10.12 13:39:27.857,5.6406,5.6429,1.00,1.00
2009.10.12 13:39:28.537,5.6403,5.64275,1.00,1.00
2009.10.12 13:39:28.887,5.6402,5.64255,1.00,1.00
2009.10.12 13:39:29.287,5.6405,5.6425,1.00,1.00
2009.10.12 13:39:33.106,5.6409,5.6428,1.00,3.20
2009.10.12 13:39:33.456,5.6409,5.6429,1.00,1.00
2009.10.12 13:39:34.586,5.6405,5.64285,1.00,1.00
2009.10.12 13:39:35.625,5.6406,5.6429,1.00,1.00
2009.10.12 13:39:35.965,5.6409,5.6429,1.00,1.00
2009.10.12 13:39:36.265,5.6406,5.6429,1.00,1.00
2009.10.12 13:39:36.595,5.64085,5.6429,1.00,1.00
2009.10.12 13:39:37.235,5.64125,5.6433,1.00,1.00
2009.10.12 13:39:37.625,5.64045,5.6435,3.20,3.20
2009.10.12 13:39:38.025,5.64105,5.6435,1.00,1.00
2009.10.12 13:39:38.375,5.64125,5.64355,1.00,3.20
2009.10.12 13:39:39.064,5.64125,5.6436,1.00,3.20
2009.10.12 13:39:39.424,5.6417,5.6437,1.00,1.00
2009.10.12 13:39:51.211,5.6415,5.6437,1.00,1.00
2009.10.12 13:39:53.211,5.6418,5.6437,1.00,1.00
2009.10.12 13:39:56.390,5.6413,5.6433,1.00,1.00
2009.10.12 13:39:56.870,5.6412,5.64325,1.00,1.00
2009.10.12 13:39:59.509,5.6409,5.64325,1.00,1.00
2009.10.12 13:40:00.199,5.6409,5.64295,1.00,1.00
2009.10.12 13:40:01.520,5.6409,5.64265,1.00,3.20
2009.10.12 13:40:01.759,5.6409,5.64255,1.00,3.20
2009.10.12 13:40:02.339,5.6409,5.6425,1.00,3.20
2009.10.12 13:40:03.069,5.6409,5.64245,1.00,3.20
2009.10.12 13:40:04.368,5.6409,5.64225,1.00,3.20
2009.10.12 13:40:04.828,5.6409,5.64185,1.00,1.00
2009.10.12 13:40:05.118,5.6409,5.6415,1.00,3.20
2009.10.12 13:40:05.468,5.6409,5.64145,1.00,6.40
2009.10.12 13:40:05.809,5.6409,5.64125,1.00,3.20
2009.10.12 13:40:06.198,5.64095,5.6412,1.00,3.20
2009.10.12 13:40:06.788,5.641,5.6414,1.00,3.20
2009.10.12 13:40:07.078,5.641,5.64155,1.00,3.20
2009.10.12 13:40:07.307,5.641,5.64175,1.00,3.20
2009.10.12 13:40:07.708,5.641,5.642,1.00,3.20
2009.10.12 13:40:08.397,5.641,5.64225,1.00,3.20
2009.10.12 13:40:10.167,5.6405,5.64225,1.00,3.20
2009.10.12 13:40:10.567,5.6405,5.6423,1.00,3.20
2009.10.12 13:40:10.857,5.6405,5.6424,1.00,1.00
2009.10.12 13:40:11.197,5.6405,5.6424,1.00,3.20
2009.10.12 13:40:11.547,5.6405,5.6423,1.00,3.20
2009.10.12 13:40:11.967,5.6402,5.6421,1.00,1.00
2009.10.12 13:40:14.136,5.6394,5.64165,1.00,1.00
2009.10.12 13:40:15.125,5.6392,5.64125,3.20,1.00
2009.10.12 13:40:15.456,5.6392,5.64085,3.20,1.00
2009.10.12 13:40:15.756,5.63905,5.6408,3.20,1.00
2009.10.12 13:40:16.385,5.63915,5.6415,3.30,1.00
2009.10.12 13:40:16.675,5.63915,5.6415,1.00,1.00
2009.10.12 13:40:16.965,5.6395,5.6416,1.00,1.00
2009.10.12 13:40:18.725,5.63985,5.642,1.00,1.00
2009.10.12 13:40:21.084,5.6401,5.642,3.20,1.00
2009.10.12 13:40:21.764,5.6399,5.6418,6.40,1.00
2009.10.12 13:40:22.524,5.6399,5.642,1.00,1.00
2009.10.12 13:40:23.164,5.64045,5.64235,1.00,3.20
2009.10.12 13:40:23.864,5.64045,5.642,1.00,3.20
2009.10.12 13:40:24.163,5.6405,5.64205,1.00,3.20
2009.10.12 13:40:24.453,5.6405,5.642,1.00,3.20
2009.10.12 13:40:24.813,5.6405,5.6419,1.00,3.20
2009.10.12 13:40:25.103,5.6408,5.642,1.00,3.20
2009.10.12 13:40:25.913,5.6388,5.64195,1.60,3.20
2009.10.12 13:40:26.923,5.63895,5.642,4.80,3.20
2009.10.12 13:40:29.112,5.63875,5.64205,10.40,3.20
2009.10.12 13:40:31.272,5.639,5.64205,5.60,3.20
2009.10.12 13:40:31.392,5.63965,5.64265,3.20,3.20
2009.10.12 13:40:32.952,5.63965,5.6427,3.20,3.20
2009.10.12 13:40:33.781,5.64035,5.6425,1.00,1.00
2009.10.12 13:40:34.371,5.64045,5.6425,1.00,1.00
2009.10.12 13:40:47.748,5.6405,5.64245,1.00,1.00
2009.10.12 13:40:57.365,5.6406,5.64245,1.00,1.00
2009.10.12 13:41:00.345,5.64095,5.6428,1.00,1.00
2009.10.12 13:41:01.884,5.6406,5.6427,1.00,1.00
2009.10.12 13:41:04.314,5.6406,5.64245,1.00,1.00
2009.10.12 13:41:05.494,5.6403,5.64235,1.00,1.00
2009.10.12 13:41:07.053,5.6403,5.64215,1.00,3.20
2009.10.12 13:41:07.753,5.6403,5.6422,1.00,1.00
2009.10.12 13:41:08.103,5.6403,5.6422,1.00,4.00
2009.10.12 13:41:08.503,5.6403,5.6416,1.00,3.20
2009.10.12 13:41:09.413,5.6403,5.6417,1.00,3.20
2009.10.12 13:41:10.062,5.6403,5.64145,1.00,3.20
2009.10.12 13:41:10.392,5.6396,5.64135,1.00,3.20
2009.10.12 13:41:11.132,5.6396,5.64135,1.00,4.00
2009.10.12 13:41:11.462,5.6396,5.64135,1.00,6.40
2009.10.12 13:41:11.802,5.6396,5.64115,1.00,6.40
2009.10.12 13:41:12.382,5.6396,5.6413,1.00,6.40
2009.10.12 13:41:12.672,5.6396,5.6409,1.00,3.20
2009.10.12 13:41:12.912,5.6394,5.64105,1.00,3.20
2009.10.12 13:41:13.601,5.6394,5.6411,1.00,3.20
2009.10.12 13:41:14.241,5.6394,5.6413,1.00,6.40
2009.10.12 13:41:14.591,5.6386,5.6406,1.00,1.00
2009.10.12 13:41:15.501,5.63865,5.641,1.00,1.00
2009.10.12 13:41:15.881,5.63895,5.641,1.00,1.00
2009.10.12 13:41:17.621,5.6387,5.641,1.00,1.00
2009.10.12 13:41:17.961,5.63795,5.64105,3.20,3.20
2009.10.12 13:41:18.860,5.6387,5.641,1.00,1.00
2009.10.12 13:41:19.540,5.639,5.641,1.00,1.00
2009.10.12 13:41:22.959,5.6391,5.6414,1.00,1.00
2009.10.12 13:41:25.269,5.6387,5.641,1.00,1.00
2009.10.12 13:41:25.909,5.6386,5.6406,1.00,1.00
2009.10.12 13:41:30.458,5.63865,5.6406,1.00,1.00
2009.10.12 13:41:31.777,5.6385,5.64055,1.00,1.00
2009.10.12 13:41:35.576,5.63855,5.641,1.00,1.00
2009.10.12 13:41:35.916,5.6385,5.6405,1.00,1.00
2009.10.12 13:41:36.276,5.63875,5.6408,1.00,1.00
2009.10.12 13:41:36.666,5.6385,5.6408,1.00,1.00
2009.10.12 13:41:37.646,5.6386,5.6408,1.00,1.00
2009.10.12 13:41:46.624,5.6386,5.64075,1.00,1.00
2009.10.12 13:41:48.143,5.6389,5.6408,1.00,1.00
2009.10.12 13:41:49.963,5.6389,5.6407,1.00,1.00
2009.10.12 13:41:51.573,5.6388,5.6408,1.00,1.00
2009.10.12 13:41:52.782,5.63915,5.6412,1.00,1.00
2009.10.12 13:41:54.792,5.6389,5.6412,1.00,1.00
2009.10.12 13:41:55.651,5.6388,5.6411,1.00,1.00
2009.10.12 13:41:56.492,5.63895,5.6413,1.00,1.00
2009.10.12 13:41:56.932,5.639,5.64105,1.00,1.00
2009.10.12 13:41:57.742,5.639,5.64105,1.00,3.30
2009.10.12 13:41:58.331,5.6386,5.6406,1.00,1.00
2009.10.12 13:41:59.241,5.639,5.641,1.00,1.00
2009.10.12 13:41:59.941,5.6388,5.6412,1.00,1.00
2009.10.12 13:42:02.740,5.6388,5.6412,1.00,3.20
2009.10.12 13:42:03.090,5.6387,5.6409,1.00,1.00
2009.10.12 13:42:04.700,5.639,5.641,1.00,1.00
2009.10.12 13:42:05.049,5.6387,5.64095,1.00,1.00
2009.10.12 13:42:05.379,5.63875,5.6412,1.00,3.20
2009.10.12 13:42:05.729,5.6388,5.6411,1.00,3.20
2009.10.12 13:42:06.129,5.6391,5.6413,1.00,1.00
2009.10.12 13:42:07.508,5.639,5.64095,1.00,1.00
2009.10.12 13:42:08.239,5.6387,5.6409,1.00,1.00
2009.10.12 13:42:09.938,5.6386,5.6405,1.00,1.00
2009.10.12 13:42:10.908,5.6384,5.64045,1.00,1.00
2009.10.12 13:42:11.708,5.638,5.64,1.00,1.00
2009.10.12 13:42:13.027,5.63805,5.6401,1.00,1.00
2009.10.12 13:42:15.177,5.6381,5.64005,1.00,3.20
2009.10.12 13:42:15.527,5.6377,5.6397,1.00,1.00
2009.10.12 13:42:15.907,5.6377,5.63945,1.00,3.20
2009.10.12 13:42:16.266,5.6377,5.63955,1.00,6.40
2009.10.12 13:42:16.557,5.6377,5.6394,1.00,3.20
2009.10.12 13:42:17.127,5.6377,5.6393,1.00,3.20
2009.10.12 13:42:17.406,5.6377,5.63925,1.00,3.20
2009.10.12 13:42:17.796,5.6377,5.6393,1.00,3.20
2009.10.12 13:42:18.146,5.637,5.6392,1.00,1.00
2009.10.12 13:42:18.836,5.637,5.6392,1.00,3.30
2009.10.12 13:42:19.216,5.637,5.63915,1.00,6.40
2009.10.12 13:42:19.566,5.6366,5.6388,1.00,1.00
2009.10.12 13:42:20.776,5.6366,5.6385,1.00,1.00
2009.10.12 13:42:21.415,5.6363,5.6385,1.00,1.00
2009.10.12 13:42:22.205,5.6366,5.6385,1.00,1.00
2009.10.12 13:42:23.835,5.6365,5.6385,1.00,1.00
2009.10.12 13:42:26.575,5.6366,5.6388,1.00,3.20
2009.10.12 13:42:28.054,5.6365,5.63855,1.00,1.00
2009.10.12 13:42:30.463,5.6361,5.6381,1.00,1.00
2009.10.12 13:42:32.313,5.6366,5.6385,1.00,1.00
2009.10.12 13:42:35.382,5.637,5.6389,1.00,1.00
2009.10.12 13:42:40.601,5.637,5.6391,1.00,1.00
2009.10.12 13:42:41.451,5.63725,5.6392,1.00,1.00
2009.10.12 13:42:42.290,5.6374,5.6395,1.00,1.00
2009.10.12 13:42:43.990,5.6374,5.6392,1.00,1.00
2009.10.12 13:42:46.210,5.6378,5.6396,1.00,1.00
2009.10.12 13:42:47.030,5.6382,5.64,1.00,1.00
2009.10.12 13:42:47.829,5.6378,5.6399,1.00,3.20
2009.10.12 13:42:48.099,5.6378,5.6399,1.00,1.00
2009.10.12 13:42:48.789,5.6378,5.6396,1.00,1.00
2009.10.12 13:42:53.358,5.6377,5.64,1.00,3.20
2009.10.12 13:42:53.877,5.6381,5.6401,1.00,1.00
2009.10.12 13:42:54.668,5.6377,5.64005,1.00,3.30
2009.10.12 13:42:55.007,5.6377,5.63975,1.00,1.00
2009.10.12 13:42:56.397,5.6377,5.64,1.00,1.00
2009.10.12 13:42:57.037,5.6377,5.63975,1.00,1.00
2009.10.12 13:42:58.376,5.6381,5.6401,1.00,1.00
2009.10.12 13:43:00.006,5.6386,5.64075,1.00,3.20
2009.10.12 13:43:00.356,5.6386,5.6408,1.00,3.20
2009.10.12 13:43:00.756,5.6385,5.6404,1.00,1.00
2009.10.12 13:43:01.756,5.6381,5.64,1.00,1.00
2009.10.12 13:43:03.535,5.6382,5.64035,1.00,3.20
2009.10.12 13:43:04.155,5.6382,5.6404,1.00,1.00
2009.10.12 13:43:04.395,5.63845,5.6404,1.00,1.00
2009.10.12 13:43:04.885,5.6389,5.6408,1.00,1.00
2009.10.12 13:43:05.235,5.6386,5.6408,1.00,1.00
2009.10.12 13:43:05.895,5.6385,5.64045,1.00,1.00
2009.10.12 13:43:06.974,5.63855,5.6407,1.00,1.00
2009.10.12 13:43:07.494,5.6386,5.6407,1.00,3.20
2009.10.12 13:43:07.674,5.6386,5.6406,1.00,3.20
2009.10.12 13:43:07.844,5.6386,5.6404,1.00,6.40
2009.10.12 13:43:08.534,5.6386,5.6401,1.00,3.20
2009.10.12 13:43:08.874,5.6378,5.63975,1.00,1.00
2009.10.12 13:43:09.614,5.6378,5.6397,1.00,3.20
2009.10.12 13:43:09.964,5.6378,5.6397,1.00,1.00
2009.10.12 13:43:10.294,5.6374,5.63925,1.00,1.00
2009.10.12 13:43:10.994,5.6376,5.6399,1.00,1.00
2009.10.12 13:43:11.843,5.6375,5.63965,1.00,1.00
2009.10.12 13:43:12.293,5.6378,5.63965,1.00,1.00
2009.10.12 13:43:12.623,5.6374,5.6392,1.00,1.00
2009.10.12 13:43:13.263,5.63775,5.6396,1.00,1.00
2009.10.12 13:43:14.103,5.6375,5.6396,1.00,1.00
2009.10.12 13:43:16.872,5.6374,5.63925,1.00,1.00
2009.10.12 13:43:18.022,5.6375,5.6395,1.00,1.00
2009.10.12 13:43:19.811,5.6375,5.63925,1.00,1.00
2009.10.12 13:43:22.001,5.6371,5.6388,1.00,1.00
2009.10.12 13:43:24.810,5.6371,5.6391,1.00,1.00
2009.10.12 13:43:26.060,5.63745,5.6392,1.00,1.00
2009.10.12 13:43:29.249,5.6371,5.63885,1.00,1.00
2009.10.12 13:43:39.976,5.6367,5.63845,1.00,1.00
2009.10.12 13:43:40.966,5.6367,5.6387,1.00,1.00
2009.10.12 13:43:42.876,5.63705,5.6388,1.00,1.00
2009.10.12 13:43:43.506,5.6371,5.6391,1.00,1.00
2009.10.12 13:43:46.855,5.6371,5.63885,1.00,1.00
2009.10.12 13:43:46.965,5.6371,5.6391,1.00,1.00
2009.10.12 13:43:47.245,5.6371,5.63885,1.00,1.00
2009.10.12 13:43:47.425,5.6375,5.6392,1.00,1.00
2009.10.12 13:43:47.885,5.6371,5.6391,1.00,1.00
2009.10.12 13:43:48.574,5.6379,5.6396,1.00,1.00
2009.10.12 13:43:50.354,5.6375,5.6395,1.00,1.00
2009.10.12 13:43:51.804,5.6375,5.6392,1.00,1.00
2009.10.12 13:43:55.953,5.6375,5.6395,1.00,1.00
2009.10.12 13:43:56.183,5.63785,5.6396,1.00,1.00
2009.10.12 13:43:59.022,5.6375,5.63955,1.00,1.00
2009.10.12 13:43:59.882,5.6372,5.63955,1.00,1.00
2009.10.12 13:44:00.232,5.6372,5.6392,1.00,1.00
2009.10.12 13:44:03.311,5.637,5.63905,1.00,1.00
2009.10.12 13:44:04.691,5.6366,5.63895,1.00,1.00
2009.10.12 13:44:05.030,5.6366,5.63865,1.00,1.00
2009.10.12 13:44:05.750,5.6366,5.6389,1.00,1.00
2009.10.12 13:44:08.329,5.6367,5.6389,1.00,1.00
2009.10.12 13:44:09.839,5.63695,5.639,1.00,1.00
2009.10.12 13:44:11.429,5.6371,5.639,1.00,1.00
2009.10.12 13:44:12.229,5.6372,5.63935,1.00,3.20
2009.10.12 13:44:12.409,5.6372,5.6394,1.00,1.00
2009.10.12 13:44:13.388,5.63735,5.6394,1.00,1.00
2009.10.12 13:44:14.088,5.6373,5.6393,1.00,1.00
2009.10.12 13:44:14.488,5.63765,5.6397,1.00,1.00
2009.10.12 13:44:15.058,5.63765,5.64,1.00,1.00
2009.10.12 13:44:17.638,5.6378,5.64,1.00,1.00
2009.10.12 13:44:18.627,5.6377,5.63975,1.00,1.00
2009.10.12 13:44:18.977,5.63805,5.6401,1.00,3.20
2009.10.12 13:44:19.097,5.6381,5.6401,1.00,1.00
2009.10.12 13:44:20.237,5.63845,5.6405,1.00,1.00
2009.10.12 13:44:20.587,5.6382,5.6404,1.00,1.00
2009.10.12 13:44:20.937,5.6381,5.64005,1.00,1.00
2009.10.12 13:44:23.646,5.6382,5.6401,1.00,1.00
2009.10.12 13:44:26.115,5.6386,5.6405,1.00,1.00
2009.10.12 13:44:26.525,5.6383,5.6406,1.00,1.00
2009.10.12 13:44:29.565,5.6383,5.64035,1.00,1.00
2009.10.12 13:44:30.194,5.63865,5.6407,1.00,1.00
2009.10.12 13:44:31.254,5.6383,5.6406,1.00,1.00
2009.10.12 13:44:31.634,5.63835,5.6406,1.00,1.00
2009.10.12 13:44:34.443,5.6387,5.64065,1.00,1.00
2009.10.12 13:44:44.391,5.6388,5.6406,1.00,1.00
2009.10.12 13:44:48.030,5.6388,5.6409,1.00,1.00
2009.10.12 13:44:54.448,5.6392,5.6409,1.00,1.00
2009.10.12 13:44:55.068,5.6389,5.6409,1.00,1.00
2009.10.12 13:44:56.178,5.63915,5.6409,1.00,1.00
2009.10.12 13:44:57.088,5.6389,5.6409,1.00,1.00
2009.10.12 13:44:57.268,5.6392,5.6409,1.00,1.00
2009.10.12 13:44:59.627,5.6389,5.6409,1.00,1.00
2009.10.12 13:45:01.707,5.6388,5.6405,1.00,1.00
2009.10.12 13:45:02.607,5.6381,5.6401,1.00,1.00
2009.10.12 13:45:03.627,5.6381,5.6401,1.00,3.30
2009.10.12 13:45:03.976,5.6381,5.64,1.00,4.00
2009.10.12 13:45:04.326,5.6377,5.63945,1.00,1.00
2009.10.12 13:45:04.676,5.6377,5.6393,1.00,3.20
2009.10.12 13:45:05.026,5.6377,5.6394,1.00,3.20
2009.10.12 13:45:05.376,5.637,5.63925,1.00,1.00
2009.10.12 13:45:06.106,5.6373,5.6393,1.00,1.00
2009.10.12 13:45:08.585,5.63765,5.6397,1.00,1.00
2009.10.12 13:45:09.915,5.63805,5.6401,1.00,1.00
2009.10.12 13:45:10.255,5.63835,5.6401,1.00,1.00
2009.10.12 13:45:10.645,5.63835,5.6404,1.00,1.00
2009.10.12 13:45:11.694,5.6384,5.64025,1.00,3.20
2009.10.12 13:45:12.034,5.6381,5.64015,1.00,1.00
2009.10.12 13:45:12.564,5.63835,5.6401,1.00,1.00
2009.10.12 13:45:14.684,5.6381,5.6401,1.00,1.00
2009.10.12 13:45:16.993,5.638,5.63975,1.00,1.00
2009.10.12 13:45:17.573,5.6378,5.64,1.00,1.00
2009.10.12 13:45:18.433,5.6378,5.64,1.00,3.30
2009.10.12 13:45:19.132,5.6377,5.6397,1.00,1.00
2009.10.12 13:45:20.912,5.63795,5.6397,1.00,1.00
2009.10.12 13:45:21.133,5.6381,5.6401,1.00,1.00
2009.10.12 13:45:21.832,5.63835,5.6401,1.00,1.00
2009.10.12 13:45:23.031,5.6381,5.6401,1.00,1.00
2009.10.12 13:45:23.651,5.6384,5.6401,1.00,1.00
2009.10.12 13:45:26.801,5.6381,5.6401,1.00,1.00
2009.10.12 13:45:27.900,5.63835,5.6401,1.00,1.00
2009.10.12 13:45:30.940,5.63915,5.6409,1.00,1.00
2009.10.12 13:45:31.670,5.6395,5.6412,1.00,1.00
2009.10.12 13:45:31.999,5.6396,5.6416,1.00,1.00
2009.10.12 13:45:33.210,5.6393,5.6415,1.00,1.00
2009.10.12 13:45:33.559,5.6393,5.6415,1.00,3.20
2009.10.12 13:45:33.899,5.6392,5.64095,1.00,1.00
2009.10.12 13:45:34.649,5.6388,5.64085,1.00,1.00
2009.10.12 13:45:35.209,5.6388,5.64055,1.00,1.00
2009.10.12 13:45:35.898,5.6392,5.6409,1.00,1.00
2009.10.12 13:45:37.698,5.6388,5.64085,1.00,1.00
2009.10.12 13:45:38.738,5.6389,5.6412,1.00,3.20
2009.10.12 13:45:39.448,5.6389,5.6412,1.00,1.00
2009.10.12 13:45:39.618,5.6388,5.6408,1.00,1.00
2009.10.12 13:45:40.437,5.6389,5.6412,1.00,1.00
2009.10.12 13:45:40.768,5.6388,5.64085,1.00,1.00
2009.10.12 13:45:41.117,5.6389,5.6412,1.00,3.20
2009.10.12 13:45:41.457,5.6389,5.6412,1.00,1.00
2009.10.12 13:45:43.477,5.63915,5.6412,1.00,1.00
2009.10.12 13:45:46.866,5.6393,5.6415,1.00,1.00
2009.10.12 13:45:47.206,5.63935,5.6417,1.00,3.30
2009.10.12 13:45:47.556,5.6394,5.6417,1.00,1.00
2009.10.12 13:45:49.175,5.6392,5.64225,3.20,3.20
2009.10.12 13:45:50.435,5.63975,5.6421,1.00,1.00
2009.10.12 13:45:50.775,5.6397,5.6417,1.00,1.00
2009.10.12 13:45:51.465,5.639,5.641,1.00,1.00
2009.10.12 13:45:52.794,5.639,5.641,1.00,3.30
2009.10.12 13:45:53.185,5.639,5.641,1.00,3.30
2009.10.12 13:45:53.575,5.6382,5.6402,1.00,1.00
2009.10.12 13:45:55.154,5.63825,5.6405,1.00,1.00
2009.10.12 13:45:55.504,5.63905,5.6412,1.00,3.20
2009.10.12 13:45:55.854,5.63905,5.6413,1.00,1.00
2009.10.12 13:45:56.594,5.6394,5.6416,1.00,1.00
2009.10.12 13:46:00.423,5.6398,5.6417,1.00,1.00
2009.10.12 13:46:01.112,5.6394,5.6416,1.00,1.00
2009.10.12 13:46:05.481,5.6395,5.6416,1.00,1.00
2009.10.12 13:46:06.231,5.6398,5.6417,1.00,1.00
2009.10.12 13:46:06.691,5.6398,5.6421,1.00,1.00
2009.10.12 13:46:08.071,5.6398,5.64205,1.00,3.20
2009.10.12 13:46:09.350,5.6398,5.642,1.00,1.00
2009.10.12 13:46:14.429,5.63955,5.64275,3.20,6.40
2009.10.12 13:46:14.819,5.6395,5.6425,3.20,2.40
2009.10.12 13:46:15.399,5.63945,5.6425,3.20,5.60
2009.10.12 13:46:16.369,5.63935,5.6424,3.20,5.60
2009.10.12 13:46:16.729,5.6393,5.64235,3.20,5.60
2009.10.12 13:46:16.849,5.6391,5.6424,6.40,3.20
2009.10.12 13:46:17.129,5.6394,5.64245,3.20,3.20
2009.10.12 13:46:17.948,5.63945,5.64245,3.20,3.20
2009.10.12 13:46:21.318,5.63945,5.6425,3.20,5.60
2009.10.12 13:46:21.937,5.63945,5.6418,3.20,1.00
2009.10.12 13:46:22.107,5.6392,5.6416,3.20,5.60
2009.10.12 13:46:22.227,5.638,5.64145,3.20,6.40
2009.10.12 13:46:22.387,5.638,5.6415,3.20,6.40
2009.10.12 13:46:22.667,5.638,5.6415,3.20,6.40
2009.10.12 13:46:24.457,5.6383,5.64145,1.60,6.40
2009.10.12 13:46:24.507,5.6384,5.6412,1.00,3.20
2009.10.12 13:46:24.567,5.6393,5.6421,3.20,1.00
2009.10.12 13:46:24.797,5.6392,5.6423,3.20,2.40
2009.10.12 13:46:25.027,5.63915,5.6423,3.20,2.40
2009.10.12 13:46:25.367,5.639,5.64245,6.40,2.40
2009.10.12 13:46:26.047,5.6392,5.64235,6.40,2.40
2009.10.12 13:46:26.226,5.6393,5.642,3.20,2.40
2009.10.12 13:46:26.456,5.6391,5.6421,3.20,2.40
2009.10.12 13:46:26.856,5.639,5.6421,3.20,5.60
2009.10.12 13:46:27.036,5.639,5.64225,3.20,8.80
2009.10.12 13:46:29.125,5.63895,5.64225,3.20,8.80
2009.10.12 13:46:29.456,5.639,5.64205,3.20,5.60
2009.10.12 13:46:29.745,5.63885,5.64205,6.40,2.40
2009.10.12 13:46:30.545,5.63885,5.6421,6.40,3.20
2009.10.12 13:46:30.765,5.6391,5.64215,3.20,3.20
2009.10.12 13:46:31.065,5.63915,5.6422,3.20,5.60
2009.10.12 13:46:31.585,5.6391,5.6422,3.20,5.60
2009.10.12 13:46:32.615,5.63885,5.6421,6.40,2.40
2009.10.12 13:46:32.955,5.63885,5.6421,6.40,3.20
2009.10.12 13:46:33.585,5.63915,5.64215,3.20,3.20
2009.10.12 13:46:33.875,5.63915,5.6422,3.20,3.20
2009.10.12 13:46:34.444,5.6392,5.64225,3.20,3.20
2009.10.12 13:46:35.754,5.63925,5.64225,3.20,3.20
2009.10.12 13:46:36.344,5.63905,5.64235,6.40,3.20
2009.10.12 13:46:36.694,5.6393,5.6426,6.40,3.20
2009.10.12 13:46:37.034,5.63975,5.64275,3.20,3.20
2009.10.12 13:46:37.994,5.63975,5.6428,3.20,3.20
2009.10.12 13:46:38.343,5.63955,5.64275,3.20,3.20
2009.10.12 13:46:38.683,5.6396,5.64275,3.20,3.20
2009.10.12 13:46:39.323,5.63945,5.6426,3.20,3.20
2009.10.12 13:46:39.603,5.63955,5.6427,3.20,3.20
2009.10.12 13:46:39.833,5.63965,5.6428,3.20,3.20
2009.10.12 13:46:40.233,5.63955,5.6427,3.20,3.20
2009.10.12 13:46:40.533,5.6397,5.64285,3.20,3.20
2009.10.12 13:46:40.933,5.63955,5.64295,6.40,3.20
2009.10.12 13:46:41.913,5.63965,5.64275,3.20,3.20
2009.10.12 13:46:42.263,5.63955,5.6427,3.20,3.20
2009.10.12 13:46:44.222,5.63935,5.64275,6.40,3.20
2009.10.12 13:46:44.452,5.63955,5.6429,3.20,5.60
2009.10.12 13:46:44.682,5.6394,5.64275,6.40,3.20
2009.10.12 13:46:45.372,5.6393,5.6427,6.40,3.20
2009.10.12 13:46:47.181,5.63935,5.64275,5.60,3.20
2009.10.12 13:46:49.891,5.6395,5.6428,6.40,3.20
2009.10.12 13:46:50.540,5.63975,5.64285,3.20,5.60
2009.10.12 13:46:50.881,5.63965,5.6429,3.20,6.40
2009.10.12 13:46:51.170,5.6396,5.6429,3.20,6.40
2009.10.12 13:46:51.850,5.63965,5.64295,3.20,8.80
2009.10.12 13:46:52.560,5.63955,5.64285,6.40,3.20
2009.10.12 13:46:52.800,5.6401,5.64315,3.20,3.20
2009.10.12 13:47:06.667,5.64,5.64305,3.20,3.20
2009.10.12 13:47:07.436,5.63995,5.6432,3.20,5.60
2009.10.12 13:47:07.886,5.6399,5.64295,3.20,3.20
2009.10.12 13:47:08.186,5.6397,5.643,6.40,3.20
2009.10.12 13:47:08.776,5.6399,5.64295,3.20,3.20
2009.10.12 13:47:10.326,5.63995,5.643,3.20,3.20
2009.10.12 13:47:10.566,5.6399,5.64295,3.20,3.20
2009.10.12 13:47:12.175,5.6399,5.6429,3.20,2.40
2009.10.12 13:47:12.355,5.6398,5.64285,3.20,5.60
2009.10.12 13:47:12.415,5.63955,5.6426,3.20,3.20
2009.10.12 13:47:12.535,5.6396,5.64265,3.20,3.20
2009.10.12 13:47:12.705,5.63945,5.64275,6.40,3.20
2009.10.12 13:47:13.005,5.6396,5.64285,3.20,5.60
2009.10.12 13:47:15.765,5.63975,5.64285,3.20,5.60
2009.10.12 13:47:17.324,5.6396,5.64265,3.20,3.20
2009.10.12 13:47:17.554,5.6395,5.64275,6.40,3.20
2009.10.12 13:47:18.484,5.6395,5.6427,6.40,3.20
2009.10.12 13:47:18.774,5.63975,5.64275,3.20,3.20
2009.10.12 13:47:19.054,5.63965,5.6429,6.40,3.20
2009.10.12 13:47:19.703,5.63985,5.6429,3.20,3.20
2009.10.12 13:47:21.293,5.63975,5.643,3.20,6.40
2009.10.12 13:47:21.743,5.63935,5.64265,3.20,6.40
2009.10.12 13:47:22.433,5.6395,5.6428,3.20,5.60
2009.10.12 13:47:22.663,5.63975,5.64295,3.20,5.60
2009.10.12 13:47:27.682,5.63975,5.64305,6.40,3.20
2009.10.12 13:47:28.422,5.6401,5.64315,3.20,3.20
2009.10.12 13:47:29.421,5.63985,5.643,3.20,3.20
2009.10.12 13:47:29.711,5.6398,5.6432,3.20,8.80
2009.10.12 13:47:31.841,5.64015,5.6433,3.20,3.20
2009.10.12 13:47:32.020,5.63995,5.64335,3.20,6.40
2009.10.12 13:47:32.190,5.63975,5.6429,3.20,3.20
2009.10.12 13:47:32.411,5.63975,5.64315,6.40,3.20
2009.10.12 13:47:32.591,5.63975,5.64305,3.20,5.60
2009.10.12 13:47:32.761,5.6396,5.64275,3.20,3.20
2009.10.12 13:47:33.270,5.6399,5.64305,3.20,3.20
2009.10.12 13:47:33.601,5.63965,5.64315,3.20,5.60
2009.10.12 13:47:34.000,5.6398,5.6432,3.20,6.40
2009.10.12 13:47:34.340,5.63995,5.6431,3.20,3.20
2009.10.12 13:47:35.370,5.64,5.64315,3.20,3.20
2009.10.12 13:47:35.710,5.64015,5.64325,3.20,3.20
2009.10.12 13:47:37.749,5.64,5.64335,4.00,3.20
2009.10.12 13:47:38.369,5.64,5.6433,4.00,2.40
2009.10.12 13:47:38.599,5.63985,5.64335,6.40,3.20
2009.10.12 13:47:38.889,5.64015,5.64325,3.20,3.20
2009.10.12 13:47:39.409,5.6401,5.6433,3.20,5.60
2009.10.12 13:47:39.629,5.6402,5.64345,3.20,5.60
2009.10.12 13:47:41.088,5.64005,5.6433,3.20,5.60
2009.10.12 13:47:41.768,5.64005,5.6433,3.20,8.80
2009.10.12 13:47:42.058,5.63985,5.64315,6.40,3.20
2009.10.12 13:47:42.868,5.64005,5.6433,3.20,8.80
2009.10.12 13:47:44.757,5.6401,5.6433,3.20,5.60
2009.10.12 13:47:50.666,5.6402,5.64325,3.20,3.20
2009.10.12 13:47:50.906,5.6401,5.6434,6.40,3.20
2009.10.12 13:47:51.666,5.6403,5.64355,3.20,5.60
2009.10.12 13:47:52.016,5.6401,5.6434,6.40,3.20
2009.10.12 13:47:52.696,5.6403,5.64335,3.20,3.20
2009.10.12 13:47:56.345,5.6401,5.6434,6.40,3.20
2009.10.12 13:47:56.575,5.6403,5.64335,3.20,3.20
2009.10.12 13:47:56.815,5.64005,5.6434,6.40,3.20
2009.10.12 13:47:58.664,5.6403,5.64335,3.20,3.20
2009.10.12 13:48:05.173,5.6402,5.64325,3.20,3.20
2009.10.12 13:48:09.271,5.64015,5.64345,3.20,6.40
2009.10.12 13:48:14.990,5.6402,5.64325,3.20,3.20
2009.10.12 13:48:15.400,5.64,5.6433,6.40,3.20
2009.10.12 13:48:16.080,5.64015,5.6432,3.20,3.20
2009.10.12 13:48:16.320,5.6401,5.64315,3.20,3.20
2009.10.12 13:48:18.070,5.64005,5.64305,3.20,3.20
2009.10.12 13:48:18.240,5.63985,5.64315,6.40,3.20
2009.10.12 13:48:18.859,5.63995,5.64325,6.40,3.20
2009.10.12 13:48:19.149,5.6401,5.6434,6.40,3.20
2009.10.12 13:48:19.819,5.64005,5.64335,6.40,3.20
2009.10.12 13:48:21.029,5.6404,5.6434,3.20,3.20
2009.10.12 13:48:21.589,5.6404,5.64345,3.20,3.20
2009.10.12 13:48:29.117,5.64025,5.64355,6.40,3.20
2009.10.12 13:48:29.177,5.64045,5.6437,6.40,3.20
2009.10.12 13:48:29.297,5.64045,5.6438,6.40,3.20
2009.10.12 13:48:29.647,5.64085,5.6439,3.20,3.20
2009.10.12 13:48:30.917,5.64085,5.64385,3.20,3.20
2009.10.12 13:48:31.966,5.64085,5.6439,3.20,3.20
2009.10.12 13:48:33.616,5.6408,5.64385,3.20,3.20
2009.10.12 13:48:35.505,5.6406,5.6439,3.20,6.40
2009.10.12 13:48:35.865,5.64055,5.64355,3.20,3.20
2009.10.12 13:48:36.215,5.6405,5.64355,3.20,3.20
2009.10.12 13:48:37.595,5.6403,5.6436,6.40,3.20
2009.10.12 13:48:37.884,5.6404,5.6437,6.40,3.20
2009.10.12 13:48:38.214,5.64045,5.64375,6.40,3.20
2009.10.12 13:48:38.554,5.64045,5.6437,6.40,3.20
2009.10.12 13:48:38.884,5.64045,5.64375,6.40,3.20
2009.10.12 13:48:40.194,5.64075,5.6438,3.20,3.20
2009.10.12 13:48:40.544,5.6407,5.64375,3.20,3.20
2009.10.12 13:48:41.234,5.6408,5.64385,3.20,3.20
2009.10.12 13:48:41.854,5.64085,5.64385,3.20,3.20
2009.10.12 13:48:42.084,5.6408,5.64385,3.20,3.20
2009.10.12 13:48:45.093,5.6408,5.64385,3.20,5.60
2009.10.12 13:48:45.313,5.64065,5.6437,3.20,3.20
2009.10.12 13:48:45.493,5.64085,5.6439,3.20,3.20
2009.10.12 13:48:46.053,5.64095,5.644,3.20,3.20
2009.10.12 13:48:46.763,5.6411,5.64415,3.20,3.20
2009.10.12 13:48:47.342,5.64095,5.6442,6.40,3.20
2009.10.12 13:48:48.942,5.64105,5.64435,3.20,8.80
2009.10.12 13:48:49.232,5.6411,5.64415,3.20,3.20
2009.10.12 13:48:49.692,5.6412,5.6442,3.20,3.20
2009.10.12 13:48:50.382,5.6412,5.64425,3.20,3.20
2009.10.12 13:48:51.022,5.6412,5.6442,3.20,3.20
2009.10.12 13:48:54.051,5.64105,5.6442,3.20,5.60
2009.10.12 13:48:54.221,5.64085,5.6439,3.20,3.20
2009.10.12 13:48:55.040,5.6408,5.64385,3.20,3.20
2009.10.12 13:48:55.440,5.64075,5.644,3.20,5.60
2009.10.12 13:48:55.780,5.6407,5.64375,3.20,3.20
2009.10.12 13:48:56.820,5.64055,5.6436,3.20,3.20
2009.10.12 13:48:57.040,5.6405,5.64355,3.20,3.20
2009.10.12 13:48:57.440,5.64045,5.64375,3.20,6.40
2009.10.12 13:48:59.210,5.64055,5.64365,3.20,3.20
2009.10.12 13:49:00.219,5.64065,5.64375,3.20,3.20
2009.10.12 13:49:00.569,5.6406,5.64375,3.20,3.20
2009.10.12 13:49:00.859,5.64155,5.6438,3.20,2.40
2009.10.12 13:49:01.209,5.64155,5.64435,3.20,2.40
2009.10.12 13:49:03.818,5.6414,5.6448,6.40,5.60
2009.10.12 13:49:03.989,5.64175,5.6448,3.20,5.60
2009.10.12 13:49:04.218,5.6415,5.6448,6.40,5.60
2009.10.12 13:49:04.439,5.6416,5.6448,6.40,2.40
2009.10.12 13:49:05.299,5.64175,5.6448,3.20,5.60
2009.10.12 13:49:06.028,5.6416,5.6448,6.40,2.40
2009.10.12 13:49:06.378,5.64195,5.64495,3.20,3.20
2009.10.12 13:49:06.738,5.64175,5.64505,6.40,3.20
2009.10.12 13:49:07.078,5.6421,5.6451,3.20,3.20
2009.10.12 13:49:08.048,5.64205,5.6451,3.20,3.20
2009.10.12 13:49:08.337,5.64185,5.6451,6.40,3.20
2009.10.12 13:49:11.327,5.64215,5.6452,3.20,5.60
2009.10.12 13:49:12.766,5.6422,5.6452,3.20,2.40
2009.10.12 13:49:13.056,5.642,5.64505,3.20,3.20
2009.10.12 13:49:13.576,5.64175,5.6451,6.40,3.20
2009.10.12 13:49:14.076,5.642,5.6452,3.20,5.60
2009.10.12 13:49:14.356,5.642,5.64505,3.20,5.60
2009.10.12 13:49:14.466,5.64195,5.64485,3.20,2.40
2009.10.12 13:49:16.125,5.64195,5.6447,3.20,2.40
2009.10.12 13:49:16.506,5.6421,5.645,3.20,2.40
2009.10.12 13:49:17.085,5.64215,5.645,3.20,2.40
2009.10.12 13:49:17.495,5.6422,5.645,3.20,2.40
2009.10.12 13:49:17.665,5.6422,5.64525,3.20,3.20
2009.10.12 13:49:18.055,5.64195,5.64535,6.40,3.20
2009.10.12 13:49:18.225,5.64225,5.6454,3.20,5.60
2009.10.12 13:49:18.335,5.64235,5.6454,3.20,5.60
2009.10.12 13:49:18.845,5.64245,5.6454,3.20,2.40
2009.10.12 13:49:19.205,5.6423,5.6454,6.40,2.40
2009.10.12 13:49:20.774,5.6423,5.6456,6.40,3.20
2009.10.12 13:49:21.114,5.64255,5.6456,3.20,5.60
2009.10.12 13:49:21.474,5.64265,5.6458,6.40,2.40
2009.10.12 13:49:22.504,5.6428,5.64545,3.20,2.40
2009.10.12 13:49:22.674,5.64255,5.64545,6.40,2.40
2009.10.12 13:49:22.794,5.6424,5.64515,3.20,2.40
2009.10.12 13:49:22.974,5.6424,5.64545,3.20,5.60
2009.10.12 13:49:23.084,5.6423,5.64545,3.20,5.60
2009.10.12 13:49:23.194,5.6422,5.64545,6.40,2.40
2009.10.12 13:49:23.944,5.6424,5.64545,3.20,5.60
2009.10.12 13:49:24.343,5.64225,5.64545,6.40,2.40
2009.10.12 13:49:25.023,5.6424,5.6454,3.20,3.20
2009.10.12 13:49:25.723,5.6424,5.64545,3.20,5.60
2009.10.12 13:49:26.063,5.6423,5.64535,3.20,5.60
2009.10.12 13:49:26.393,5.64205,5.6454,6.40,2.40
2009.10.12 13:49:26.963,5.6424,5.6454,3.20,5.60
2009.10.12 13:49:27.303,5.64225,5.6454,6.40,2.40
2009.10.12 13:49:27.593,5.64215,5.64545,6.40,3.20
2009.10.12 13:49:27.933,5.64245,5.6455,3.20,5.60
2009.10.12 13:49:28.273,5.6425,5.64555,6.40,2.40
2009.10.12 13:49:28.682,5.64255,5.6456,3.20,3.20
2009.10.12 13:49:29.013,5.6426,5.64565,3.20,3.20
2009.10.12 13:49:29.472,5.64255,5.6456,3.20,3.20
2009.10.12 13:49:29.812,5.6426,5.64565,3.20,3.20
2009.10.12 13:49:30.732,5.64255,5.6456,3.20,3.20
2009.10.12 13:49:31.072,5.64235,5.64565,6.40,3.20
2009.10.12 13:49:31.422,5.64215,5.6454,3.20,5.60
2009.10.12 13:49:31.762,5.64195,5.6451,3.20,5.60
2009.10.12 13:49:32.382,5.64195,5.64495,3.20,3.20
2009.10.12 13:49:33.312,5.6418,5.64475,3.20,2.40
2009.10.12 13:49:33.641,5.64155,5.6446,3.20,3.20
2009.10.12 13:49:34.271,5.64135,5.64465,6.40,3.20
2009.10.12 13:49:35.321,5.6417,5.64475,3.20,3.20
2009.10.12 13:49:35.661,5.6415,5.6448,6.40,3.20
2009.10.12 13:49:36.001,5.6418,5.64485,3.20,3.20
2009.10.12 13:49:36.691,5.64195,5.64495,3.20,3.20
2009.10.12 13:49:39.050,5.6419,5.64495,3.20,3.20
2009.10.12 13:49:39.340,5.64195,5.64495,3.20,3.20
2009.10.12 13:49:40.260,5.64195,5.645,3.20,3.20
2009.10.12 13:49:40.880,5.64195,5.64495,3.20,3.20
2009.10.12 13:49:45.298,5.642,5.64505,3.20,2.40
2009.10.12 13:49:49.368,5.642,5.64515,3.20,3.20
2009.10.12 13:49:49.608,5.6419,5.6453,6.40,3.20
2009.10.12 13:49:50.137,5.64185,5.64525,6.40,3.20
2009.10.12 13:49:50.717,5.64175,5.64505,6.40,3.20
2009.10.12 13:49:51.077,5.64195,5.645,3.20,3.20
2009.10.12 13:49:51.597,5.64195,5.6451,3.20,5.60
2009.10.12 13:49:59.065,5.64195,5.6451,3.20,5.60
2009.10.12 13:50:00.025,5.64195,5.6451,3.20,5.60
2009.10.12 13:50:01.645,5.64175,5.64505,6.40,3.20
2009.10.12 13:50:02.514,5.64195,5.64495,3.20,3.20
2009.10.12 13:50:02.684,5.64185,5.6449,3.20,3.20
2009.10.12 13:50:03.144,5.6417,5.64495,6.40,3.20
2009.10.12 13:50:05.034,5.6416,5.64475,3.20,5.60
2009.10.12 13:50:05.964,5.64155,5.64475,3.20,5.60
2009.10.12 13:50:06.353,5.6416,5.64465,3.20,3.20
2009.10.12 13:50:07.583,5.6415,5.64475,3.20,5.60
2009.10.12 13:50:08.663,5.64145,5.6445,3.20,3.20
2009.10.12 13:50:09.223,5.6413,5.6443,3.20,3.20
2009.10.12 13:50:09.563,5.64115,5.64445,6.40,3.20
2009.10.12 13:50:09.902,5.6412,5.64445,6.40,3.20
2009.10.12 13:50:10.582,5.6413,5.6443,3.20,3.20
2009.10.12 13:50:11.872,5.64145,5.64445,3.20,3.20
2009.10.12 13:50:12.232,5.64145,5.6445,3.20,3.20
2009.10.12 13:50:12.392,5.6415,5.64455,3.20,3.20
2009.10.12 13:50:12.972,5.6413,5.6446,6.40,3.20
2009.10.12 13:50:13.782,5.6416,5.64465,3.20,3.20
2009.10.12 13:50:14.122,5.64155,5.64485,6.40,3.20
2009.10.12 13:50:14.411,5.6417,5.64495,6.40,3.20
2009.10.12 13:50:19.030,5.64165,5.64495,6.40,3.20
2009.10.12 13:50:19.480,5.6416,5.6449,6.40,3.20
2009.10.12 13:50:19.950,5.64165,5.64475,3.20,5.60
2009.10.12 13:50:20.701,5.6416,5.64465,3.20,3.20
2009.10.12 13:50:24.339,5.64155,5.6446,3.20,3.20
2009.10.12 13:50:24.509,5.64155,5.6446,3.20,5.60
2009.10.12 13:50:24.669,5.64155,5.6446,3.20,3.20
2009.10.12 13:50:25.369,5.64145,5.6447,3.20,8.80
2009.10.12 13:50:26.459,5.6415,5.6448,3.20,6.40
2009.10.12 13:50:26.798,5.6417,5.64475,3.20,3.20
2009.10.12 13:50:27.158,5.6418,5.6448,3.20,3.20
2009.10.12 13:50:27.798,5.64185,5.6449,3.20,3.20
2009.10.12 13:50:28.358,5.6418,5.645,3.20,5.60
2009.10.12 13:50:36.187,5.6417,5.64475,3.20,3.20
2009.10.12 13:50:36.866,5.6418,5.6448,3.20,3.20
2009.10.12 13:50:37.776,5.6418,5.64485,3.20,3.20
2009.10.12 13:50:39.075,5.6419,5.64495,3.20,3.20
2009.10.12 13:50:40.235,5.64185,5.64505,3.20,5.60
2009.10.12 13:50:40.765,5.64175,5.64475,3.20,2.40
2009.10.12 13:50:41.035,5.64155,5.6446,3.20,3.20
2009.10.12 13:50:44.216,5.6418,5.64485,3.20,3.20
2009.10.12 13:50:44.384,5.6416,5.64465,3.20,3.20
2009.10.12 13:50:45.134,5.64165,5.6447,3.20,3.20
2009.10.12 13:50:51.713,5.6416,5.64475,3.20,5.60
2009.10.12 13:50:51.933,5.6415,5.64475,3.20,5.60
2009.10.12 13:50:52.102,5.6413,5.64435,3.20,5.60
2009.10.12 13:50:52.262,5.64145,5.64445,3.20,3.20
2009.10.12 13:50:52.782,5.64115,5.6442,3.20,3.20
2009.10.12 13:50:54.162,5.64095,5.64425,6.40,3.20
2009.10.12 13:50:55.842,5.64115,5.6442,3.20,5.60
2009.10.12 13:50:57.231,5.641,5.64445,5.60,6.40
2009.10.12 13:50:57.521,5.64115,5.64445,6.40,3.20
2009.10.12 13:50:57.801,5.6417,5.64475,3.20,3.20
2009.10.12 13:50:58.031,5.64155,5.6446,3.20,3.20
2009.10.12 13:50:58.761,5.64135,5.64465,6.40,3.20
2009.10.12 13:50:59.111,5.6413,5.6446,6.40,3.20
2009.10.12 13:50:59.471,5.64085,5.64425,6.40,5.60
2009.10.12 13:50:59.820,5.64085,5.64405,3.20,5.60
2009.10.12 13:51:00.171,5.64085,5.64405,3.20,5.60
2009.10.12 13:51:01.020,5.64095,5.64425,3.20,6.40
2009.10.12 13:51:01.360,5.64115,5.6442,3.20,3.20
2009.10.12 13:51:01.710,5.64115,5.64425,3.20,5.60
2009.10.12 13:51:02.100,5.6411,5.64415,3.20,3.20
2009.10.12 13:51:03.100,5.6411,5.64415,4.00,3.20
2009.10.12 13:51:03.330,5.6417,5.64425,6.40,2.40
2009.10.12 13:51:03.500,5.64195,5.645,3.20,3.20
2009.10.12 13:51:05.699,5.6419,5.64525,3.20,6.40
2009.10.12 13:51:06.259,5.64185,5.6451,3.20,6.40
2009.10.12 13:51:06.609,5.64185,5.6449,3.20,3.20
2009.10.12 13:51:06.999,5.64185,5.64515,3.20,6.40
2009.10.12 13:51:07.359,5.6423,5.64455,1.00,1.00
2009.10.12 13:51:07.939,5.64165,5.6447,3.20,3.20
2009.10.12 13:51:08.049,5.64185,5.64485,3.20,3.20
2009.10.12 13:51:09.098,5.6418,5.64485,3.20,3.20
2009.10.12 13:51:09.449,5.64165,5.6447,4.00,3.20
2009.10.12 13:51:09.618,5.6426,5.6448,1.00,1.00
2009.10.12 13:51:09.839,5.64175,5.6448,3.20,3.20
2009.10.12 13:51:10.118,5.6415,5.64495,10.40,3.20
2009.10.12 13:51:10.768,5.64175,5.64505,3.20,6.40
2009.10.12 13:51:11.168,5.64165,5.6447,3.20,3.20
2009.10.12 13:51:12.727,5.6416,5.64485,6.40,3.20
2009.10.12 13:51:12.947,5.6417,5.645,6.40,3.20
2009.10.12 13:51:13.397,5.6423,5.6447,1.00,1.00
2009.10.12 13:51:15.037,5.6423,5.64455,1.00,1.00
2009.10.12 13:51:15.497,5.6423,5.64445,1.00,1.00
2009.10.12 13:51:16.607,5.64265,5.6448,1.00,1.00
2009.10.12 13:51:16.946,5.6423,5.64475,1.00,1.00
2009.10.12 13:51:21.296,5.64265,5.6448,1.00,1.00
2009.10.12 13:51:22.377,5.64305,5.6452,1.00,1.00
2009.10.12 13:51:22.715,5.6428,5.64515,1.00,1.00
2009.10.12 13:51:23.615,5.6427,5.64485,1.00,1.00
2009.10.12 13:51:25.424,5.6427,5.6447,1.00,1.00
2009.10.12 13:51:30.513,5.6428,5.6451,1.00,1.00
2009.10.12 13:51:32.553,5.6427,5.64475,1.00,1.00
2009.10.12 13:51:32.723,5.6424,5.6446,1.00,1.00
2009.10.12 13:51:37.492,5.64305,5.6451,1.00,1.00
2009.10.12 13:51:38.002,5.6427,5.6447,1.00,1.00
2009.10.12 13:51:38.471,5.6424,5.64465,1.00,1.00
2009.10.12 13:51:39.651,5.6416,5.64495,3.20,5.60
2009.10.12 13:51:39.831,5.6415,5.6448,3.20,6.40
2009.10.12 13:51:40.181,5.64145,5.6445,3.20,3.20
2009.10.12 13:51:40.601,5.64235,5.6447,1.00,3.20
2009.10.12 13:51:40.951,5.6424,5.6447,1.00,3.30
2009.10.12 13:51:41.301,5.6424,5.6447,1.00,1.00
2009.10.12 13:51:41.650,5.6424,5.64455,1.00,1.00
2009.10.12 13:51:42.810,5.6424,5.64445,1.00,1.00
2009.10.12 13:51:48.529,5.6425,5.64445,1.00,1.00
2009.10.12 13:51:49.788,5.6421,5.64405,1.00,1.00
2009.10.12 13:51:50.669,5.6417,5.6439,1.00,1.00
2009.10.12 13:51:51.738,5.6421,5.644,1.00,1.00
2009.10.12 13:51:52.428,5.6421,5.644,1.00,3.20
2009.10.12 13:51:52.708,5.6421,5.644,1.00,1.00
2009.10.12 13:51:53.008,5.6417,5.64365,1.00,1.00
2009.10.12 13:51:53.998,5.6421,5.644,1.00,1.00
2009.10.12 13:51:54.977,5.64215,5.6443,1.00,1.00
2009.10.12 13:51:58.516,5.6421,5.64395,1.00,1.00
2009.10.12 13:52:00.896,5.6422,5.6443,1.00,1.00
2009.10.12 13:52:02.066,5.6421,5.6439,1.00,1.00
2009.10.12 13:52:07.414,5.64215,5.6439,1.00,1.00
2009.10.12 13:52:11.684,5.6418,5.64355,1.00,1.00
2009.10.12 13:52:14.312,5.6418,5.6438,1.00,1.00
2009.10.12 13:52:14.902,5.6418,5.64355,1.00,1.00
2009.10.12 13:52:15.242,5.6418,5.6438,1.00,1.00
2009.10.12 13:52:16.292,5.6418,5.64355,1.00,1.00
2009.10.12 13:52:17.033,5.6418,5.6438,1.00,1.00
2009.10.12 13:52:17.962,5.6418,5.6435,1.00,1.00
2009.10.12 13:52:18.911,5.6418,5.6438,1.00,1.00
2009.10.12 13:52:19.261,5.6418,5.64355,1.00,1.00
2009.10.12 13:52:19.961,5.6418,5.6438,1.00,1.00
2009.10.12 13:52:23.451,5.6418,5.6435,1.00,1.00
2009.10.12 13:52:36.587,5.6414,5.64345,1.00,1.00
2009.10.12 13:52:37.957,5.64175,5.6435,1.00,1.00
2009.10.12 13:52:38.657,5.64215,5.6439,1.00,1.00
2009.10.12 13:52:41.036,5.6418,5.6435,1.00,1.00
2009.10.12 13:52:43.146,5.6414,5.64345,1.00,1.00
2009.10.12 13:52:43.826,5.6418,5.6435,1.00,1.00
2009.10.12 13:52:48.354,5.6414,5.6434,1.00,1.00
2009.10.12 13:52:49.034,5.6414,5.6431,1.00,1.00
2009.10.12 13:52:50.854,5.641,5.64275,1.00,1.00
2009.10.12 13:53:02.661,5.6411,5.6431,1.00,1.00
2009.10.12 13:53:03.001,5.641,5.64275,1.00,1.00
2009.10.12 13:53:04.460,5.64105,5.6431,1.00,1.00
2009.10.12 13:53:05.330,5.641,5.64275,1.00,1.00
2009.10.12 13:53:06.460,5.6411,5.6431,1.00,1.00
2009.10.12 13:53:07.550,5.641,5.6427,1.00,1.00
2009.10.12 13:53:13.888,5.6406,5.64235,1.00,1.00
2009.10.12 13:53:14.758,5.6405,5.6428,1.00,1.00
2009.10.12 13:53:16.378,5.6405,5.6425,1.00,1.00
2009.10.12 13:53:20.747,5.64055,5.6428,1.00,1.00
2009.10.12 13:53:21.766,5.6405,5.6425,1.00,1.00
2009.10.12 13:53:22.476,5.6406,5.6428,1.00,1.00
2009.10.12 13:53:22.876,5.6405,5.6424,1.00,1.00
2009.10.12 13:53:25.006,5.6405,5.6425,1.00,1.00
2009.10.12 13:53:25.406,5.6405,5.6428,1.00,1.00
2009.10.12 13:53:25.805,5.6405,5.64255,1.00,1.00
2009.10.12 13:53:27.045,5.6405,5.6428,1.00,1.00
2009.10.12 13:53:30.454,5.64055,5.6428,1.00,1.00
2009.10.12 13:53:31.014,5.6405,5.6428,1.00,1.00
2009.10.12 13:53:31.884,5.6405,5.64255,1.00,1.00
2009.10.12 13:53:34.193,5.6405,5.6428,1.00,1.00
2009.10.12 13:53:35.653,5.64085,5.6429,1.00,1.00
2009.10.12 13:53:35.923,5.6405,5.6425,1.00,1.00
2009.10.12 13:53:36.353,5.64055,5.6428,1.00,1.00
2009.10.12 13:53:37.163,5.6405,5.6425,1.00,1.00
2009.10.12 13:53:37.523,5.64055,5.6428,1.00,1.00
2009.10.12 13:53:37.873,5.63935,5.6426,3.20,3.20
2009.10.12 13:53:38.482,5.6399,5.6423,1.00,1.00
2009.10.12 13:53:38.662,5.63935,5.6426,3.20,3.20
2009.10.12 13:53:39.333,5.6402,5.6422,1.00,1.00
2009.10.12 13:53:40.142,5.6402,5.6425,1.00,1.00
2009.10.12 13:53:40.662,5.6402,5.6422,1.00,1.00
2009.10.12 13:53:41.012,5.6402,5.6425,1.00,1.00
2009.10.12 13:53:41.371,5.63955,5.6426,3.20,3.20
2009.10.12 13:53:41.702,5.63965,5.64295,6.40,3.20
2009.10.12 13:53:42.221,5.6403,5.64255,1.00,1.00
2009.10.12 13:53:42.441,5.6405,5.6425,1.00,1.00
2009.10.12 13:53:43.061,5.6405,5.6428,1.00,1.00
2009.10.12 13:53:45.810,5.6405,5.64255,1.00,1.00
2009.10.12 13:53:47.120,5.6405,5.6428,1.00,1.00
2009.10.12 13:53:47.480,5.6405,5.64255,1.00,1.00
2009.10.12 13:53:49.420,5.64055,5.6428,1.00,1.00
2009.10.12 13:53:50.189,5.6405,5.64255,1.00,1.00
2009.10.12 13:53:52.439,5.6405,5.64245,1.00,1.00
2009.10.12 13:53:59.727,5.6403,5.6424,1.00,1.00
2009.10.12 13:54:03.836,5.6402,5.642,1.00,1.00
2009.10.12 13:54:05.766,5.6399,5.642,1.00,1.00
2009.10.12 13:54:08.446,5.6398,5.6416,1.00,1.00
2009.10.12 13:54:08.885,5.6399,5.642,1.00,1.00
2009.10.12 13:54:09.395,5.6399,5.6419,1.00,1.00
2009.10.12 13:54:10.385,5.6402,5.642,1.00,1.00
2009.10.12 13:54:10.905,5.6403,5.6423,1.00,1.00
2009.10.12 13:54:11.835,5.6403,5.64205,1.00,1.00
2009.10.12 13:54:12.194,5.6403,5.6423,1.00,1.00
2009.10.12 13:54:14.274,5.64065,5.6427,1.00,1.00
2009.10.12 13:54:15.254,5.6407,5.6427,1.00,3.30
2009.10.12 13:54:15.843,5.6399,5.6419,1.00,1.00
2009.10.12 13:54:16.413,5.6399,5.6416,1.00,1.00
2009.10.12 13:54:19.613,5.6399,5.6419,1.00,1.00
2009.10.12 13:54:20.912,5.63995,5.6422,1.00,1.00
2009.10.12 13:54:21.322,5.64025,5.6423,1.00,1.00
2009.10.12 13:54:21.662,5.64025,5.642,1.00,1.00
2009.10.12 13:54:23.982,5.6399,5.64195,1.00,1.00
2009.10.12 13:54:27.221,5.6398,5.64155,1.00,1.00
2009.10.12 13:54:31.250,5.6395,5.64155,1.00,1.00
2009.10.12 13:54:32.799,5.6392,5.64145,1.00,1.00
2009.10.12 13:54:35.739,5.6391,5.64115,1.00,1.00
2009.10.12 13:54:37.958,5.6391,5.64085,1.00,1.00
2009.10.12 13:54:39.918,5.6387,5.6407,1.00,1.00
2009.10.12 13:54:40.498,5.6387,5.64045,1.00,1.00
2009.10.12 13:54:45.886,5.6384,5.64045,1.00,1.00
2009.10.12 13:54:46.296,5.63845,5.6407,1.00,1.00
2009.10.12 13:54:47.006,5.63865,5.6407,1.00,1.00
2009.10.12 13:54:50.065,5.6387,5.6404,1.00,1.00
2009.10.12 13:54:50.355,5.6387,5.6407,1.00,1.00
2009.10.12 13:54:51.115,5.6391,5.6408,1.00,1.00
2009.10.12 13:54:52.505,5.6387,5.64075,1.00,1.00
2009.10.12 13:54:53.825,5.6387,5.6404,1.00,1.00
2009.10.12 13:54:55.174,5.6383,5.64005,1.00,1.00
2009.10.12 13:54:57.703,5.63835,5.6404,1.00,1.00
2009.10.12 13:54:58.273,5.6383,5.64005,1.00,1.00
2009.10.12 13:54:59.043,5.638,5.64,1.00,1.00
2009.10.12 13:55:00.323,5.638,5.64,1.00,3.30
2009.10.12 13:55:00.773,5.6379,5.6396,1.00,1.00
2009.10.12 13:55:02.192,5.6376,5.6393,1.00,1.00
2009.10.12 13:55:03.432,5.6376,5.6393,1.00,3.30
2009.10.12 13:55:03.712,5.6376,5.6393,1.00,3.30
2009.10.12 13:55:04.292,5.6376,5.639,1.00,3.20
2009.10.12 13:55:04.642,5.6372,5.63895,1.00,1.00
2009.10.12 13:55:05.841,5.6372,5.6386,1.00,3.20
2009.10.12 13:55:06.191,5.6372,5.6388,1.00,3.20
2009.10.12 13:55:06.531,5.6372,5.63885,1.00,3.20
2009.10.12 13:55:07.461,5.6368,5.6385,1.00,1.00
2009.10.12 13:55:08.960,5.6364,5.63815,1.00,1.00
2009.10.12 13:55:09.650,5.6372,5.6389,1.00,1.00
2009.10.12 13:55:10.560,5.6369,5.6391,1.00,1.00
2009.10.12 13:55:11.840,5.6368,5.63885,1.00,1.00
2009.10.12 13:55:12.550,5.6376,5.6393,1.00,1.00
2009.10.12 13:55:12.900,5.6376,5.6396,1.00,1.00
2009.10.12 13:55:14.409,5.63785,5.6396,1.00,1.00
2009.10.12 13:55:16.039,5.6376,5.6396,1.00,1.00
2009.10.12 13:55:16.329,5.6379,5.6396,1.00,1.00
2009.10.12 13:55:17.029,5.6376,5.6396,1.00,1.00
2009.10.12 13:55:18.098,5.6379,5.6396,1.00,1.00
2009.10.12 13:55:19.038,5.6376,5.63935,1.00,1.00
2009.10.12 13:55:19.378,5.63765,5.6399,1.00,1.00
2009.10.12 13:55:19.788,5.63825,5.64,1.00,1.00
2009.10.12 13:55:20.308,5.638,5.64,1.00,1.00
2009.10.12 13:55:21.988,5.6383,5.64,1.00,1.00
2009.10.12 13:55:22.498,5.63835,5.6404,1.00,1.00
2009.10.12 13:55:23.247,5.63865,5.6404,1.00,1.00
2009.10.12 13:55:24.147,5.6383,5.64005,1.00,1.00
2009.10.12 13:55:24.487,5.6384,5.6404,1.00,1.00
2009.10.12 13:55:26.257,5.63865,5.6404,1.00,1.00
2009.10.12 13:55:26.946,5.6384,5.6404,1.00,1.00
2009.10.12 13:55:27.626,5.63865,5.6404,1.00,1.00
2009.10.12 13:55:27.916,5.6384,5.6404,1.00,1.00
2009.10.12 13:55:29.186,5.63865,5.6404,1.00,1.00
2009.10.12 13:55:32.855,5.6388,5.6408,1.00,1.00
2009.10.12 13:55:33.734,5.6387,5.64045,1.00,1.00
2009.10.12 13:55:34.055,5.6388,5.6408,1.00,1.00
2009.10.12 13:55:34.394,5.6387,5.64045,1.00,1.00
2009.10.12 13:55:36.614,5.6391,5.6408,1.00,1.00
2009.10.12 13:55:36.844,5.6388,5.6408,1.00,1.00
2009.10.12 13:55:37.544,5.6387,5.64045,1.00,1.00
2009.10.12 13:55:37.884,5.6388,5.6408,1.00,1.00
2009.10.12 13:55:38.234,5.6387,5.64045,1.00,1.00
2009.10.12 13:55:39.263,5.6388,5.6408,1.00,1.00
2009.10.12 13:55:40.163,5.6387,5.6404,1.00,1.00
2009.10.12 13:55:40.503,5.6388,5.6408,1.00,1.00
2009.10.12 13:55:41.473,5.6387,5.64045,1.00,1.00
2009.10.12 13:55:42.442,5.63905,5.6408,1.00,1.00
2009.10.12 13:55:42.952,5.6388,5.6408,1.00,1.00
2009.10.12 13:55:43.112,5.6388,5.6408,1.00,1.00
2009.10.12 13:55:44.512,5.6387,5.64045,1.00,1.00
2009.10.12 13:55:44.802,5.6388,5.6408,1.00,1.00
2009.10.12 13:55:45.942,5.6391,5.6408,1.00,1.00
2009.10.12 13:55:52.290,5.6388,5.6408,1.00,1.00
2009.10.12 13:55:54.850,5.6385,5.64075,1.00,1.00
2009.10.12 13:55:55.420,5.6385,5.6406,1.00,3.20
2009.10.12 13:55:55.819,5.6384,5.64015,1.00,1.00
2009.10.12 13:55:57.239,5.638,5.64,1.00,1.00
2009.10.12 13:55:58.748,5.63835,5.6401,1.00,1.00
2009.10.12 13:56:02.298,5.638,5.6397,1.00,1.00
2009.10.12 13:56:02.698,5.638,5.6397,1.00,1.00
2009.10.12 13:56:03.657,5.638,5.64,1.00,1.00
2009.10.12 13:56:04.927,5.63835,5.6401,1.00,1.00
2009.10.12 13:56:05.147,5.63835,5.6404,1.00,1.00
2009.10.12 13:56:05.377,5.63865,5.6404,1.00,1.00
2009.10.12 13:56:09.116,5.63905,5.6408,1.00,1.00
2009.10.12 13:56:09.336,5.6388,5.6408,1.00,1.00
2009.10.12 13:56:10.066,5.6384,5.64045,1.00,1.00
2009.10.12 13:56:12.825,5.63865,5.6404,1.00,1.00
2009.10.12 13:56:15.904,5.6384,5.6404,1.00,1.00
2009.10.12 13:56:18.114,5.6384,5.64015,1.00,1.00
2009.10.12 13:56:18.504,5.6384,5.6404,1.00,1.00
2009.10.12 13:56:18.964,5.6384,5.6401,1.00,1.00
2009.10.12 13:56:19.324,5.638,5.6397,1.00,1.00
2009.10.12 13:56:20.423,5.638,5.64,1.00,1.00
2009.10.12 13:56:20.993,5.638,5.6397,1.00,1.00
2009.10.12 13:56:22.873,5.638,5.6397,1.00,3.30
2009.10.12 13:56:23.213,5.6373,5.6393,1.00,1.00
2009.10.12 13:56:24.523,5.63755,5.6393,1.00,1.00
2009.10.12 13:56:24.872,5.6372,5.63895,1.00,1.00
2009.10.12 13:56:25.492,5.63725,5.6393,1.00,1.00
2009.10.12 13:56:25.902,5.6373,5.6392,1.00,3.20
2009.10.12 13:56:26.242,5.6373,5.63925,1.00,3.20
2009.10.12 13:56:26.582,5.6373,5.6391,1.00,4.00
2009.10.12 13:56:26.972,5.6368,5.6385,1.00,1.00
2009.10.12 13:56:27.322,5.6368,5.63845,1.00,3.20
2009.10.12 13:56:27.672,5.6368,5.63835,1.00,3.20
2009.10.12 13:56:28.302,5.6368,5.63845,1.00,3.20
2009.10.12 13:56:28.581,5.6365,5.63825,1.00,1.00
2009.10.12 13:56:29.761,5.6361,5.63785,1.00,1.00
2009.10.12 13:56:30.671,5.6361,5.6381,1.00,1.00
2009.10.12 13:56:31.021,5.6361,5.6381,1.00,1.00
2009.10.12 13:56:31.241,5.6361,5.6381,4.00,1.00
2009.10.12 13:56:31.581,5.63635,5.6381,3.20,1.00
2009.10.12 13:56:31.921,5.6361,5.6381,3.20,1.00
2009.10.12 13:56:32.271,5.6363,5.6381,3.20,1.00
2009.10.12 13:56:32.610,5.6365,5.6382,1.00,1.00
2009.10.12 13:56:32.971,5.63685,5.6389,1.00,1.00
2009.10.12 13:56:34.020,5.6372,5.6389,1.00,1.00
2009.10.12 13:56:34.370,5.6369,5.6389,1.00,1.00
2009.10.12 13:56:35.799,5.6372,5.6389,1.00,1.00
2009.10.12 13:56:36.889,5.6369,5.6389,1.00,1.00
2009.10.12 13:56:38.459,5.63695,5.6392,1.00,1.00
2009.10.12 13:56:39.849,5.63695,5.6391,1.00,3.20
2009.10.12 13:56:40.189,5.6368,5.6385,1.00,1.00
2009.10.12 13:56:41.338,5.6369,5.6389,1.00,1.00
2009.10.12 13:56:42.588,5.63715,5.6389,1.00,1.00
2009.10.12 13:56:44.278,5.63725,5.6393,1.00,1.00
2009.10.12 13:56:44.637,5.63755,5.6393,1.00,1.00
2009.10.12 13:56:46.127,5.63755,5.6396,1.00,1.00
2009.10.12 13:56:47.677,5.63795,5.6397,1.00,1.00
2009.10.12 13:56:48.867,5.6376,5.6396,1.00,1.00
2009.10.12 13:56:50.986,5.6376,5.63935,1.00,1.00
2009.10.12 13:56:51.326,5.6376,5.6396,1.00,1.00
2009.10.12 13:56:52.016,5.6376,5.6393,1.00,1.00
2009.10.12 13:56:53.426,5.6376,5.6396,1.00,1.00
2009.10.12 13:56:53.926,5.6376,5.63935,1.00,1.00
2009.10.12 13:56:54.505,5.6372,5.6389,1.00,1.00
2009.10.12 13:56:56.245,5.6369,5.6389,1.00,1.00
2009.10.12 13:56:58.144,5.6367,5.639,1.00,1.00
2009.10.12 13:56:59.254,5.6366,5.63865,1.00,1.00
2009.10.12 13:56:59.584,5.63665,5.639,1.00,1.00
2009.10.12 13:57:00.624,5.637,5.639,1.00,1.00
2009.10.12 13:57:05.252,5.63705,5.6393,1.00,1.00
2009.10.12 13:57:06.982,5.63745,5.6394,1.00,1.00
2009.10.12 13:57:07.622,5.6371,5.6394,1.00,1.00
2009.10.12 13:57:08.312,5.63735,5.6394,1.00,1.00
2009.10.12 13:57:09.702,5.6371,5.6391,1.00,1.00
2009.10.12 13:57:09.812,5.6367,5.63905,1.00,1.00
2009.10.12 13:57:10.042,5.6371,5.6391,1.00,1.00
2009.10.12 13:57:10.451,5.6367,5.639,1.00,1.00
2009.10.12 13:57:10.631,5.63705,5.6391,1.00,1.00
2009.10.12 13:57:11.081,5.6367,5.639,1.00,1.00
2009.10.12 13:57:12.141,5.6371,5.6394,1.00,1.00
2009.10.12 13:57:13.460,5.63715,5.6394,1.00,1.00
2009.10.12 13:57:20.369,5.63745,5.6394,1.00,1.00
2009.10.12 13:57:20.889,5.63785,5.6401,1.00,1.00
2009.10.12 13:57:21.179,5.63825,5.6402,1.00,1.00
2009.10.12 13:57:21.779,5.63825,5.6405,1.00,1.00
2009.10.12 13:57:22.639,5.63825,5.6405,1.00,1.00
2009.10.12 13:57:23.628,5.6387,5.6408,1.00,1.00
2009.10.12 13:57:26.707,5.63905,5.6409,1.00,1.00
2009.10.12 13:57:27.177,5.6387,5.6408,1.00,1.00
2009.10.12 13:57:28.947,5.6387,5.64055,1.00,1.00
2009.10.12 13:57:29.827,5.6387,5.6408,1.00,1.00
2009.10.12 13:57:31.466,5.63905,5.6409,1.00,1.00
2009.10.12 13:57:32.976,5.63915,5.6412,1.00,1.00
2009.10.12 13:57:34.646,5.639,5.6413,1.00,3.20
2009.10.12 13:57:34.995,5.6389,5.64095,1.00,1.00
2009.10.12 13:57:36.765,5.639,5.6413,1.00,1.00
2009.10.12 13:57:38.375,5.63925,5.6413,1.00,1.00
2009.10.12 13:57:40.904,5.6394,5.64165,1.00,3.20
2009.10.12 13:57:41.314,5.63965,5.64165,1.00,3.20
2009.10.12 13:57:41.644,5.6393,5.6413,1.00,1.00
2009.10.12 13:57:41.994,5.6394,5.64165,1.00,3.20
2009.10.12 13:57:42.754,5.6393,5.6413,1.00,1.00
2009.10.12 13:57:43.094,5.63935,5.64165,1.00,3.20
2009.10.12 13:57:43.424,5.6394,5.64165,1.00,3.30
2009.10.12 13:57:44.623,5.6393,5.6413,1.00,1.00
2009.10.12 13:57:44.973,5.639,5.64105,1.00,1.00
2009.10.12 13:57:45.313,5.63905,5.6413,1.00,1.00
2009.10.12 13:57:46.043,5.6386,5.64065,1.00,1.00
2009.10.12 13:57:46.893,5.6386,5.64055,1.00,1.00
2009.10.12 13:57:50.412,5.639,5.6409,1.00,1.00
2009.10.12 13:57:50.752,5.6387,5.6409,1.00,1.00
2009.10.12 13:57:51.871,5.63895,5.6409,1.00,1.00
2009.10.12 13:57:52.741,5.63905,5.6413,1.00,3.20
2009.10.12 13:57:53.371,5.63905,5.6412,1.00,1.00
2009.10.12 13:57:55.600,5.639,5.64095,1.00,1.00
2009.10.12 13:57:56.570,5.6391,5.64095,1.00,1.00
2009.10.12 13:57:57.500,5.6387,5.64085,1.00,1.00
2009.10.12 13:57:58.120,5.6387,5.64055,1.00,1.00
2009.10.12 13:58:02.639,5.6383,5.6404,1.00,1.00
2009.10.12 13:58:03.019,5.638,5.64015,1.00,1.00
2009.10.12 13:58:04.088,5.638,5.64005,1.00,1.00
2009.10.12 13:58:04.758,5.6379,5.6397,1.00,1.00
2009.10.12 13:58:05.148,5.63825,5.6401,1.00,1.00
2009.10.12 13:58:05.478,5.63835,5.6404,1.00,1.00
2009.10.12 13:58:07.528,5.6384,5.6401,1.00,1.00
2009.10.12 13:58:07.818,5.6384,5.6404,1.00,1.00
2009.10.12 13:58:11.397,5.6384,5.6401,1.00,1.00
2009.10.12 13:58:11.917,5.6384,5.6404,1.00,1.00
2009.10.12 13:58:12.197,5.6384,5.6401,1.00,1.00
2009.10.12 13:58:13.856,5.638,5.63975,1.00,1.00
2009.10.12 13:58:14.246,5.638,5.64,1.00,1.00
2009.10.12 13:58:14.526,5.63835,5.6401,1.00,1.00
2009.10.12 13:58:21.194,5.6384,5.64055,1.00,3.20
2009.10.12 13:58:21.374,5.6384,5.6407,1.00,1.00
2009.10.12 13:58:21.944,5.6382,5.64125,3.20,3.20
2009.10.12 13:58:22.284,5.63815,5.64115,3.20,3.20
2009.10.12 13:58:22.574,5.63815,5.6412,3.20,3.20
2009.10.12 13:58:22.904,5.6379,5.64125,6.40,3.20
2009.10.12 13:58:23.874,5.6382,5.6415,6.40,4.00
2009.10.12 13:58:23.984,5.6382,5.6415,6.40,3.20
2009.10.12 13:58:24.154,5.63855,5.6416,3.20,5.60
2009.10.12 13:58:24.724,5.63855,5.6416,3.20,3.20
2009.10.12 13:58:25.623,5.6385,5.64165,3.20,5.60
2009.10.12 13:58:25.973,5.63855,5.6416,3.20,3.20
2009.10.12 13:58:27.363,5.6386,5.6416,3.20,3.20
2009.10.12 13:58:30.393,5.63855,5.6416,3.20,3.20
2009.10.12 13:58:30.692,5.6391,5.6415,1.00,1.00
2009.10.12 13:58:31.032,5.6386,5.6416,3.20,3.20
2009.10.12 13:58:31.322,5.63855,5.6416,3.20,3.20
2009.10.12 13:58:31.942,5.63905,5.6415,1.00,1.00
2009.10.12 13:58:34.181,5.63945,5.6419,1.00,1.00
2009.10.12 13:58:37.901,5.63945,5.6418,1.00,3.20
2009.10.12 13:58:38.121,5.6387,5.6418,3.20,3.20
2009.10.12 13:58:38.351,5.63855,5.6417,3.20,3.20
2009.10.12 13:58:38.591,5.6391,5.6415,1.00,1.00
2009.10.12 13:58:38.931,5.6384,5.64155,3.20,3.20
2009.10.12 13:58:39.281,5.63825,5.64165,6.40,3.20
2009.10.12 13:58:39.631,5.6382,5.64155,4.00,3.20
2009.10.12 13:58:39.921,5.6385,5.64165,3.20,3.20
2009.10.12 13:58:40.250,5.63835,5.64175,6.40,3.20
2009.10.12 13:58:40.840,5.63835,5.6418,6.40,3.20
2009.10.12 13:58:41.510,5.6386,5.642,3.20,6.40
2009.10.12 13:58:41.850,5.63865,5.64205,3.20,6.40
2009.10.12 13:58:42.310,5.6395,5.6418,1.00,3.20
2009.10.12 13:58:42.540,5.6395,5.6418,1.00,1.00
2009.10.12 13:58:47.569,5.63985,5.6421,1.00,3.20
2009.10.12 13:58:47.798,5.6393,5.64235,3.20,3.20
2009.10.12 13:58:47.968,5.63935,5.6424,3.20,3.20
2009.10.12 13:58:48.188,5.6399,5.64225,1.00,1.00
2009.10.12 13:58:50.368,5.6399,5.64215,1.00,1.00
2009.10.12 13:58:50.938,5.6394,5.6424,3.20,3.20
2009.10.12 13:58:52.037,5.63905,5.6421,3.20,3.20
2009.10.12 13:58:53.247,5.639,5.64235,3.20,6.40
2009.10.12 13:58:53.467,5.6396,5.64195,1.00,1.00
2009.10.12 13:58:54.417,5.6396,5.6418,1.00,1.00
2009.10.12 13:58:55.356,5.6392,5.6414,1.00,1.00
2009.10.12 13:58:55.646,5.63875,5.6418,3.20,3.20
2009.10.12 13:58:55.986,5.63955,5.6418,1.00,1.00
2009.10.12 13:58:56.326,5.6389,5.64195,3.20,3.20
2009.10.12 13:58:56.946,5.63915,5.6414,1.00,1.00
2009.10.12 13:58:57.286,5.6388,5.64105,1.00,1.00
2009.10.12 13:58:58.326,5.6389,5.6411,1.00,1.00
2009.10.12 13:58:59.065,5.63825,5.6413,3.20,3.20
2009.10.12 13:59:00.985,5.6389,5.64115,1.00,1.00
2009.10.12 13:59:01.505,5.6386,5.64105,1.00,1.00
2009.10.12 13:59:04.104,5.6385,5.6409,1.00,1.00
2009.10.12 13:59:04.274,5.63885,5.641,1.00,1.00
2009.10.12 13:59:04.854,5.6389,5.6413,1.00,3.20
2009.10.12 13:59:05.144,5.6393,5.6414,1.00,1.00
2009.10.12 13:59:05.424,5.6386,5.6416,3.20,3.20
2009.10.12 13:59:05.654,5.63845,5.64175,3.20,6.40
2009.10.12 13:59:06.274,5.6385,5.64155,3.20,3.20
2009.10.12 13:59:06.624,5.6383,5.6416,7.20,3.20
2009.10.12 13:59:06.954,5.6384,5.6417,6.40,3.20
2009.10.12 13:59:07.294,5.6387,5.64175,3.20,3.20
2009.10.12 13:59:07.644,5.6389,5.6413,1.00,1.00
2009.10.12 13:59:08.023,5.63855,5.6416,3.20,3.20
2009.10.12 13:59:08.363,5.6394,5.6415,1.00,1.00
2009.10.12 13:59:08.873,5.6389,5.6413,1.00,1.00
2009.10.12 13:59:09.103,5.63855,5.6416,3.20,3.20
2009.10.12 13:59:09.343,5.6389,5.6413,1.00,1.00
2009.10.12 13:59:10.333,5.63845,5.64145,3.20,3.20
2009.10.12 13:59:10.713,5.6386,5.6416,3.20,3.20
2009.10.12 13:59:10.993,5.6393,5.64145,1.00,1.00
2009.10.12 13:59:11.762,5.6394,5.6417,1.00,1.00
2009.10.12 13:59:14.212,5.6393,5.6413,1.00,1.00
2009.10.12 13:59:16.321,5.639,5.6413,1.00,1.00
2009.10.12 13:59:16.602,5.639,5.641,1.00,1.00
2009.10.12 13:59:16.831,5.6386,5.6409,1.00,1.00
2009.10.12 13:59:17.761,5.6386,5.64065,1.00,1.00
2009.10.12 13:59:18.101,5.6386,5.6409,1.00,1.00
2009.10.12 13:59:18.781,5.63895,5.641,1.00,1.00
2009.10.12 13:59:22.340,5.6386,5.6406,1.00,1.00
2009.10.12 13:59:24.359,5.6387,5.6409,1.00,1.00
2009.10.12 13:59:24.749,5.63895,5.641,1.00,1.00
2009.10.12 13:59:24.979,5.6388,5.64115,1.00,3.20
2009.10.12 13:59:25.160,5.6387,5.6409,1.00,1.00
2009.10.12 13:59:26.189,5.63905,5.6413,1.00,3.20
2009.10.12 13:59:26.529,5.639,5.64105,1.00,1.00
2009.10.12 13:59:27.699,5.6389,5.64095,1.00,1.00
2009.10.12 13:59:30.978,5.6391,5.6411,1.00,1.00
2009.10.12 13:59:31.198,5.6389,5.6409,1.00,1.00
2009.10.12 13:59:36.926,5.639,5.6412,1.00,1.00
2009.10.12 13:59:38.406,5.6389,5.64095,1.00,1.00
2009.10.12 13:59:38.756,5.6388,5.641,1.00,1.00
2009.10.12 13:59:45.455,5.6388,5.6411,1.00,3.20
2009.10.12 13:59:45.675,5.6384,5.64075,1.00,1.00
2009.10.12 13:59:46.244,5.63825,5.6413,3.20,3.20
2009.10.12 13:59:46.594,5.6382,5.64155,3.20,6.40
2009.10.12 13:59:51.933,5.6388,5.641,1.00,1.00
2009.10.12 13:59:52.283,5.6382,5.64125,3.20,3.20
2009.10.12 13:59:53.413,5.6383,5.6416,6.40,3.20
2009.10.12 13:59:54.172,5.63825,5.6413,3.20,3.20
2009.10.12 13:59:56.162,5.6381,5.6415,3.20,5.60
2009.10.12 13:59:57.032,5.63815,5.64145,3.20,6.40
2009.10.12 13:59:57.382,5.63795,5.64135,3.20,5.60
2009.10.12 13:59:57.731,5.6383,5.6411,1.00,6.40
2009.10.12 13:59:58.081,5.6384,5.6417,6.40,3.20
2009.10.12 13:59:58.541,5.63865,5.6419,3.20,6.40
2009.10.12 13:59:59.401,5.6392,5.6414,1.00,1.00
