2017.06.30 14:00:00.257,8.39259,8.39384,1.00,1.00
2017.06.30 14:00:01.580,8.39242,8.39369,1.00,1.00
2017.06.30 14:00:01.681,8.39228,8.39354,1.00,1.00
2017.06.30 14:00:02.522,8.39228,8.39352,1.00,1.00
2017.06.30 14:00:02.573,8.39205,8.39332,1.00,1.00
2017.06.30 14:00:02.725,8.39207,8.39332,1.00,1.00
2017.06.30 14:00:03.102,8.39227,8.39354,1.00,1.00
2017.06.30 14:00:03.356,8.39227,8.39347,1.00,1.00
2017.06.30 14:00:03.711,8.39211,8.39332,1.00,1.00
2017.06.30 14:00:03.964,8.39222,8.39332,1.00,1.00
2017.06.30 14:00:04.371,8.39214,8.39332,1.00,1.00
2017.06.30 14:00:04.990,8.39209,8.39332,1.00,1.00
2017.06.30 14:00:05.092,8.39205,8.39328,1.00,1.00
2017.06.30 14:00:05.398,8.39205,8.39311,1.00,1.00
2017.06.30 14:00:05.622,8.39156,8.39283,1.00,1.00
2017.06.30 14:00:05.830,8.39168,8.39288,1.00,1.00
2017.06.30 14:00:06.084,8.39184,8.39305,1.00,1.00
2017.06.30 14:00:06.393,8.39178,8.39301,1.00,1.00
2017.06.30 14:00:06.444,8.39178,8.39288,1.00,1.00
2017.06.30 14:00:06.495,8.39163,8.39282,1.00,1.00
2017.06.30 14:00:06.699,8.39163,8.39271,1.00,1.00
2017.06.30 14:00:06.750,8.39155,8.39271,1.00,1.00
2017.06.30 14:00:06.801,8.39141,8.39251,1.00,1.00
2017.06.30 14:00:07.152,8.39145,8.39251,1.00,1.00
2017.06.30 14:00:07.457,8.39137,8.39232,1.00,1.00
2017.06.30 14:00:07.690,8.39118,8.39232,1.00,1.00
2017.06.30 14:00:07.792,8.39118,8.39226,1.00,1.00
2017.06.30 14:00:08.136,8.39107,8.39207,1.00,1.00
2017.06.30 14:00:08.391,8.39107,8.39222,1.00,1.00
2017.06.30 14:00:08.443,8.3913,8.39222,1.00,1.00
2017.06.30 14:00:08.775,8.39119,8.39222,1.00,1.00
2017.06.30 14:00:08.928,8.39126,8.39222,1.00,1.00
2017.06.30 14:00:09.146,8.39102,8.39222,1.00,1.00
2017.06.30 14:00:09.634,8.39114,8.39222,1.00,1.00
2017.06.30 14:00:09.736,8.39095,8.39219,1.00,1.00
2017.06.30 14:00:09.940,8.39093,8.392,1.00,1.00
2017.06.30 14:00:09.991,8.39082,8.392,1.00,1.00
2017.06.30 14:00:10.240,8.39079,8.392,1.00,1.00
2017.06.30 14:00:10.344,8.39073,8.39184,1.00,1.00
2017.06.30 14:00:10.649,8.39075,8.39184,1.00,1.00
2017.06.30 14:00:10.700,8.39073,8.39184,1.00,1.00
2017.06.30 14:00:11.005,8.39059,8.39184,1.00,1.50
2017.06.30 14:00:11.208,8.39059,8.39167,1.00,1.00
2017.06.30 14:00:11.346,8.39048,8.39167,1.00,1.00
2017.06.30 14:00:11.397,8.39048,8.39151,1.00,1.00
2017.06.30 14:00:11.702,8.39053,8.39151,1.00,1.00
2017.06.30 14:00:12.008,8.39045,8.39151,1.00,1.00
2017.06.30 14:00:12.313,8.39037,8.39151,1.00,1.00
2017.06.30 14:00:12.561,8.39047,8.39151,1.00,1.00
2017.06.30 14:00:12.853,8.39037,8.39151,1.00,1.00
2017.06.30 14:00:13.157,8.39041,8.39151,1.00,1.00
2017.06.30 14:00:14.620,8.39041,8.39146,1.00,1.00
2017.06.30 14:00:14.958,8.39041,8.39124,1.00,1.00
2017.06.30 14:00:15.009,8.39041,8.39139,1.00,1.00
2017.06.30 14:00:15.314,8.39041,8.39124,1.00,1.00
2017.06.30 14:00:15.416,8.39041,8.39139,1.00,1.00
2017.06.30 14:00:15.917,8.39041,8.39139,1.39,1.00
2017.06.30 14:00:16.563,8.39041,8.39123,1.39,1.00
2017.06.30 14:00:16.742,8.39041,8.39139,1.39,1.00
2017.06.30 14:00:16.920,8.39024,8.39124,1.39,1.00
2017.06.30 14:00:17.481,8.39051,8.39124,1.00,1.00
2017.06.30 14:00:18.312,8.39052,8.39124,1.00,1.00
2017.06.30 14:00:18.800,8.3901,8.39124,1.39,1.00
2017.06.30 14:00:19.319,8.3901,8.39124,1.39,1.00
2017.06.30 14:00:19.471,8.39028,8.39124,1.39,1.00
2017.06.30 14:00:20.538,8.39038,8.39146,1.39,1.00
2017.06.30 14:00:21.666,8.39023,8.39146,1.39,1.00
2017.06.30 14:00:22.826,8.39016,8.39143,1.39,1.00
2017.06.30 14:00:23.131,8.39022,8.39138,1.39,1.00
2017.06.30 14:00:23.232,8.38997,8.3912,1.00,1.00
2017.06.30 14:00:23.284,8.39011,8.39138,1.00,1.50
2017.06.30 14:00:23.335,8.38997,8.39118,1.00,1.00
2017.06.30 14:00:23.656,8.38993,8.39102,1.00,1.00
2017.06.30 14:00:24.026,8.38975,8.39097,1.35,1.00
2017.06.30 14:00:24.281,8.38969,8.39095,1.00,1.00
2017.06.30 14:00:24.382,8.38962,8.39087,1.00,1.00
2017.06.30 14:00:24.749,8.38961,8.39081,1.00,1.00
2017.06.30 14:00:24.852,8.38949,8.3907,1.50,1.00
2017.06.30 14:00:24.903,8.38949,8.39057,1.50,1.00
2017.06.30 14:00:25.056,8.38929,8.39056,1.00,1.00
2017.06.30 14:00:25.158,8.38929,8.39045,1.00,1.00
2017.06.30 14:00:25.209,8.38916,8.39042,1.00,1.00
2017.06.30 14:00:25.361,8.38916,8.39027,1.00,1.00
2017.06.30 14:00:25.463,8.389,8.39013,1.00,1.00
2017.06.30 14:00:25.514,8.38893,8.39013,1.00,1.50
2017.06.30 14:00:25.638,8.38893,8.38999,1.00,1.00
2017.06.30 14:00:25.740,8.38893,8.39012,1.00,1.00
2017.06.30 14:00:25.791,8.38886,8.39012,1.00,1.00
2017.06.30 14:00:26.183,8.38884,8.3901,1.00,1.00
2017.06.30 14:00:26.578,8.38902,8.38991,1.00,1.00
2017.06.30 14:00:26.733,8.38902,8.39011,1.00,1.00
2017.06.30 14:00:26.937,8.38885,8.39011,1.00,1.50
2017.06.30 14:00:27.294,8.38879,8.38997,1.00,1.00
2017.06.30 14:00:27.395,8.38882,8.39006,1.00,1.50
2017.06.30 14:00:27.546,8.3889,8.39,1.00,1.00
2017.06.30 14:00:27.600,8.38879,8.39,1.00,1.00
2017.06.30 14:00:27.651,8.38875,8.38994,1.00,1.00
2017.06.30 14:00:27.956,8.38867,8.38974,1.00,1.00
2017.06.30 14:00:28.323,8.38855,8.38974,1.00,1.00
2017.06.30 14:00:28.424,8.38867,8.38974,1.00,1.00
2017.06.30 14:00:28.615,8.38864,8.38974,1.00,1.00
2017.06.30 14:00:28.971,8.3884,8.38956,1.00,1.00
2017.06.30 14:00:29.074,8.3883,8.3895,1.00,1.00
2017.06.30 14:00:29.126,8.38825,8.38938,1.00,1.00
2017.06.30 14:00:29.179,8.38811,8.3893,1.00,1.00
2017.06.30 14:00:29.353,8.3882,8.3893,1.00,1.00
2017.06.30 14:00:29.658,8.3883,8.3893,1.00,1.00
2017.06.30 14:00:29.963,8.3884,8.3893,1.00,1.00
2017.06.30 14:00:30.207,8.3883,8.3893,1.00,1.00
2017.06.30 14:00:30.513,8.38827,8.3893,1.00,1.00
2017.06.30 14:00:30.616,8.38822,8.3893,1.00,1.00
2017.06.30 14:00:30.822,8.3881,8.3893,1.00,1.00
2017.06.30 14:00:30.975,8.3881,8.38909,1.00,1.00
2017.06.30 14:00:31.134,8.38796,8.38909,1.00,1.00
2017.06.30 14:00:31.187,8.38796,8.38906,1.00,1.00
2017.06.30 14:00:31.507,8.38787,8.38885,1.00,1.00
2017.06.30 14:00:31.898,8.38782,8.38885,1.00,1.00
2017.06.30 14:00:31.949,8.38817,8.38885,1.00,1.00
2017.06.30 14:00:32.255,8.38782,8.38885,1.00,1.00
2017.06.30 14:00:32.307,8.38791,8.38885,1.00,1.00
2017.06.30 14:00:32.562,8.38783,8.389,1.00,1.00
2017.06.30 14:00:32.614,8.38773,8.38888,1.00,1.00
2017.06.30 14:00:32.778,8.38761,8.38882,1.00,1.00
2017.06.30 14:00:33.138,8.3877,8.38882,1.00,1.00
2017.06.30 14:00:33.240,8.38765,8.38882,1.00,1.00
2017.06.30 14:00:33.292,8.38784,8.38882,1.00,1.00
2017.06.30 14:00:33.587,8.38804,8.38913,1.00,1.00
2017.06.30 14:00:33.867,8.38804,8.38892,1.00,1.00
2017.06.30 14:00:34.291,8.38798,8.38892,1.00,1.00
2017.06.30 14:00:34.431,8.38812,8.38892,1.00,1.00
2017.06.30 14:00:34.589,8.38804,8.38892,1.00,1.00
2017.06.30 14:00:34.640,8.3879,8.38892,1.00,1.00
2017.06.30 14:00:34.742,8.38779,8.38892,1.00,1.00
2017.06.30 14:00:34.793,8.3879,8.38892,1.00,1.00
2017.06.30 14:00:34.845,8.38778,8.38892,1.00,1.00
2017.06.30 14:00:34.897,8.38751,8.38878,1.00,1.00
2017.06.30 14:00:34.953,8.38773,8.38892,1.00,1.00
2017.06.30 14:00:35.153,8.38752,8.38877,1.00,1.00
2017.06.30 14:00:35.204,8.38751,8.38847,1.00,1.00
2017.06.30 14:00:35.307,8.38751,8.38849,1.00,1.00
2017.06.30 14:00:35.770,8.38754,8.38849,1.00,1.00
2017.06.30 14:00:35.871,8.3875,8.38849,1.50,1.00
2017.06.30 14:00:35.922,8.38785,8.38849,1.00,1.00
2017.06.30 14:00:36.125,8.38762,8.38849,1.00,1.00
2017.06.30 14:00:36.176,8.38762,8.3888,1.00,1.00
2017.06.30 14:00:36.227,8.3875,8.38869,1.00,1.00
2017.06.30 14:00:36.279,8.3875,8.38863,1.00,1.00
2017.06.30 14:00:36.595,8.3875,8.38845,1.00,1.00
2017.06.30 14:00:36.646,8.38748,8.38845,1.00,1.00
2017.06.30 14:00:36.698,8.38774,8.38845,1.00,1.00
2017.06.30 14:00:36.901,8.38774,8.38869,1.00,1.00
2017.06.30 14:00:36.952,8.38761,8.38869,1.00,1.00
2017.06.30 14:00:37.003,8.38751,8.38869,1.00,1.00
2017.06.30 14:00:37.155,8.38751,8.38848,1.00,1.00
2017.06.30 14:00:37.429,8.38708,8.38817,1.00,1.00
2017.06.30 14:00:37.481,8.38729,8.38776,1.00,1.00
2017.06.30 14:00:37.532,8.38729,8.38803,1.00,1.00
2017.06.30 14:00:37.685,8.38728,8.3879,1.00,1.00
2017.06.30 14:00:37.977,8.38728,8.38793,1.00,1.00
2017.06.30 14:00:38.029,8.38728,8.38815,1.00,1.00
2017.06.30 14:00:38.937,8.38728,8.38801,1.00,1.00
2017.06.30 14:00:39.039,8.38728,8.38808,1.00,1.00
2017.06.30 14:00:39.091,8.38728,8.38793,1.00,1.00
2017.06.30 14:00:39.142,8.38684,8.38793,1.00,1.00
2017.06.30 14:00:39.193,8.38684,8.3877,1.00,1.00
2017.06.30 14:00:39.500,8.38659,8.3877,1.00,1.00
2017.06.30 14:00:39.803,8.38659,8.38746,1.00,1.00
2017.06.30 14:00:39.853,8.38643,8.38746,1.00,1.00
2017.06.30 14:00:40.082,8.38643,8.38762,1.00,1.00
2017.06.30 14:00:40.498,8.38643,8.38747,1.00,1.00
2017.06.30 14:00:41.030,8.3867,8.38747,1.00,1.00
2017.06.30 14:00:41.284,8.3867,8.3877,1.00,1.00
2017.06.30 14:00:41.386,8.38665,8.3877,1.00,1.00
2017.06.30 14:00:41.438,8.38669,8.38769,1.00,1.00
2017.06.30 14:00:41.785,8.38633,8.3874,1.00,1.00
2017.06.30 14:00:42.192,8.38642,8.3874,1.00,1.00
2017.06.30 14:00:42.244,8.38627,8.3874,1.00,1.00
2017.06.30 14:00:42.446,8.38636,8.3874,1.00,1.00
2017.06.30 14:00:42.498,8.38636,8.38747,1.00,1.00
2017.06.30 14:00:42.600,8.38635,8.38744,1.00,1.00
2017.06.30 14:00:42.804,8.3862,8.38733,1.00,1.00
2017.06.30 14:00:42.906,8.38633,8.38733,1.00,1.00
2017.06.30 14:00:43.120,8.38638,8.38747,1.00,1.00
2017.06.30 14:00:43.394,8.38626,8.38747,1.00,1.00
2017.06.30 14:00:43.496,8.38626,8.38725,1.00,1.00
2017.06.30 14:00:43.683,8.38613,8.38725,1.00,1.00
2017.06.30 14:00:44.073,8.38606,8.38725,1.00,1.00
2017.06.30 14:00:44.378,8.38598,8.38714,1.00,1.00
2017.06.30 14:00:44.480,8.38587,8.38706,1.00,1.00
2017.06.30 14:00:44.843,8.38607,8.38706,1.00,1.00
2017.06.30 14:00:44.996,8.38607,8.38729,1.00,1.00
2017.06.30 14:00:45.270,8.38602,8.38724,1.00,1.00
2017.06.30 14:00:45.588,8.38627,8.38726,1.00,1.00
2017.06.30 14:00:45.639,8.38613,8.38726,1.00,1.00
2017.06.30 14:00:45.690,8.38628,8.38726,1.00,1.00
2017.06.30 14:00:45.741,8.38607,8.38726,1.00,1.00
2017.06.30 14:00:45.894,8.38613,8.38734,1.00,1.00
2017.06.30 14:00:45.996,8.38607,8.38726,1.00,1.00
2017.06.30 14:00:46.606,8.38613,8.38726,1.00,1.00
2017.06.30 14:00:46.708,8.38605,8.38726,1.00,1.00
2017.06.30 14:00:46.759,8.38614,8.38726,1.00,1.00
2017.06.30 14:00:46.911,8.38623,8.38739,1.00,1.00
2017.06.30 14:00:47.064,8.38614,8.38739,1.00,1.00
2017.06.30 14:00:47.115,8.38614,8.38734,1.00,1.00
2017.06.30 14:00:47.217,8.38599,8.38726,1.00,1.00
2017.06.30 14:00:47.497,8.38599,8.38723,1.00,1.00
2017.06.30 14:00:47.802,8.38613,8.38732,1.00,1.00
2017.06.30 14:00:48.450,8.38616,8.38732,1.00,1.00
2017.06.30 14:00:48.603,8.38633,8.38755,1.00,1.00
2017.06.30 14:00:48.806,8.38621,8.38745,1.00,1.00
2017.06.30 14:00:49.827,8.38642,8.38745,1.00,1.00
2017.06.30 14:00:50.032,8.38654,8.38774,1.00,1.00
2017.06.30 14:00:50.799,8.38647,8.38772,1.00,1.00
2017.06.30 14:00:51.718,8.38645,8.38758,1.00,1.00
2017.06.30 14:00:51.820,8.38643,8.38758,1.00,1.00
2017.06.30 14:00:52.558,8.38648,8.38758,1.00,1.00
2017.06.30 14:00:53.234,8.38653,8.38758,1.00,1.00
2017.06.30 14:00:53.619,8.38649,8.38758,1.00,1.00
2017.06.30 14:00:55.354,8.38634,8.38758,1.00,1.00
2017.06.30 14:00:55.456,8.3865,8.38758,1.00,1.00
2017.06.30 14:00:55.634,8.38653,8.38778,1.00,1.00
2017.06.30 14:00:56.290,8.38656,8.38778,1.00,1.00
2017.06.30 14:00:57.388,8.38651,8.38775,1.00,1.00
2017.06.30 14:00:57.490,8.38651,8.38763,1.00,1.00
2017.06.30 14:00:57.607,8.38637,8.38756,1.11,1.00
2017.06.30 14:00:57.838,8.38647,8.38756,1.00,1.00
2017.06.30 14:00:58.226,8.38639,8.38756,1.11,1.00
2017.06.30 14:00:58.994,8.3865,8.38756,1.00,1.00
2017.06.30 14:00:59.199,8.38639,8.38756,1.11,1.00
2017.06.30 14:00:59.581,8.38657,8.38756,1.00,1.00
2017.06.30 14:00:59.634,8.38657,8.38771,1.00,1.00
2017.06.30 14:00:59.738,8.38646,8.38765,1.00,1.00
2017.06.30 14:00:59.790,8.38646,8.38753,1.00,1.00
2017.06.30 14:01:00.110,8.38662,8.38757,1.00,1.00
2017.06.30 14:01:00.364,8.38675,8.3878,1.00,1.00
2017.06.30 14:01:00.466,8.38658,8.3878,1.00,1.00
2017.06.30 14:01:00.568,8.38678,8.38782,1.00,1.00
2017.06.30 14:01:00.757,8.38649,8.38764,1.11,1.00
2017.06.30 14:01:00.810,8.38649,8.38755,1.11,1.00
2017.06.30 14:01:01.119,8.38626,8.3872,1.00,1.00
2017.06.30 14:01:01.171,8.38625,8.38725,1.00,1.00
2017.06.30 14:01:01.426,8.3863,8.38746,1.00,1.00
2017.06.30 14:01:01.478,8.3863,8.38748,1.00,1.00
2017.06.30 14:01:01.529,8.38622,8.38738,1.00,1.00
2017.06.30 14:01:02.019,8.38631,8.38738,1.00,1.00
2017.06.30 14:01:02.325,8.38662,8.38773,1.00,1.00
2017.06.30 14:01:02.531,8.38652,8.38773,1.00,1.00
2017.06.30 14:01:02.654,8.38662,8.38773,1.00,1.00
2017.06.30 14:01:03.052,8.38652,8.38758,1.00,1.00
2017.06.30 14:01:03.527,8.38643,8.38758,1.00,1.00
2017.06.30 14:01:03.579,8.38662,8.38758,1.00,1.00
2017.06.30 14:01:03.816,8.38632,8.38758,1.48,1.00
2017.06.30 14:01:03.969,8.38639,8.38742,1.11,1.00
2017.06.30 14:01:04.071,8.38639,8.38757,1.11,1.00
2017.06.30 14:01:04.325,8.3863,8.38736,1.48,1.00
2017.06.30 14:01:04.427,8.3863,8.38738,1.48,1.00
2017.06.30 14:01:04.478,8.38612,8.3872,1.48,1.00
2017.06.30 14:01:05.344,8.38608,8.38725,1.48,1.00
2017.06.30 14:01:05.547,8.38608,8.38722,1.48,1.00
2017.06.30 14:01:05.832,8.38608,8.38732,1.11,1.00
2017.06.30 14:01:05.883,8.38613,8.38734,1.11,1.00
2017.06.30 14:01:05.985,8.38608,8.3873,1.11,1.00
2017.06.30 14:01:06.945,8.38608,8.38725,1.11,1.00
2017.06.30 14:01:06.996,8.38608,8.38725,1.00,1.00
2017.06.30 14:01:07.169,8.38608,8.38718,1.00,1.00
2017.06.30 14:01:07.272,8.38605,8.38718,1.00,1.00
2017.06.30 14:01:08.094,8.38604,8.3872,1.00,1.00
2017.06.30 14:01:09.178,8.38625,8.3872,1.00,1.00
2017.06.30 14:01:09.483,8.38614,8.3872,1.48,1.00
2017.06.30 14:01:09.585,8.38614,8.38738,1.48,1.00
2017.06.30 14:01:10.762,8.3863,8.38754,1.11,1.00
2017.06.30 14:01:10.864,8.3863,8.38739,1.11,1.00
2017.06.30 14:01:11.173,8.38649,8.38771,1.00,1.00
2017.06.30 14:01:11.225,8.38654,8.38776,1.00,1.00
2017.06.30 14:01:11.590,8.38644,8.38761,1.00,1.00
2017.06.30 14:01:12.189,8.38643,8.38761,1.00,1.00
2017.06.30 14:01:12.342,8.38637,8.38761,1.00,1.00
2017.06.30 14:01:12.793,8.38637,8.38761,1.11,1.00
2017.06.30 14:01:13.362,8.38634,8.38759,1.61,1.00
2017.06.30 14:01:13.678,8.38607,8.38725,1.48,1.00
2017.06.30 14:01:13.972,8.38604,8.38719,1.48,1.00
2017.06.30 14:01:14.142,8.38618,8.3871,1.11,1.00
2017.06.30 14:01:14.968,8.38618,8.38709,1.11,1.00
2017.06.30 14:01:15.510,8.38618,8.3871,1.11,1.00
2017.06.30 14:01:15.561,8.38619,8.38702,1.00,1.00
2017.06.30 14:01:16.065,8.38618,8.38702,1.00,1.00
2017.06.30 14:01:16.116,8.38619,8.38692,1.00,1.00
2017.06.30 14:01:16.483,8.38579,8.38692,1.48,1.00
2017.06.30 14:01:16.731,8.38579,8.38692,1.11,1.00
2017.06.30 14:01:17.530,8.38593,8.38692,1.00,1.00
2017.06.30 14:01:17.735,8.38603,8.38708,1.00,1.00
2017.06.30 14:01:17.887,8.38617,8.38708,1.48,1.00
2017.06.30 14:01:18.121,8.38617,8.38722,1.48,1.00
2017.06.30 14:01:18.527,8.38617,8.38743,1.98,1.50
2017.06.30 14:01:18.730,8.38617,8.38724,1.48,1.00
2017.06.30 14:01:19.116,8.38634,8.38724,1.48,1.00
2017.06.30 14:01:20.295,8.3864,8.38761,1.48,1.00
2017.06.30 14:01:21.019,8.38634,8.38754,1.48,1.00
2017.06.30 14:01:21.331,8.38634,8.38748,1.48,1.00
2017.06.30 14:01:21.432,8.38634,8.38753,1.48,1.00
2017.06.30 14:01:22.429,8.38634,8.38756,1.48,1.00
2017.06.30 14:01:22.481,8.38634,8.38743,1.48,1.00
2017.06.30 14:01:22.532,8.38634,8.38753,1.48,1.00
2017.06.30 14:01:22.634,8.38634,8.38753,1.11,1.00
2017.06.30 14:01:22.938,8.38639,8.38761,1.00,1.00
2017.06.30 14:01:23.040,8.38633,8.38744,1.11,1.00
2017.06.30 14:01:23.237,8.3864,8.38756,1.00,1.00
2017.06.30 14:01:23.510,8.38634,8.38751,1.37,1.00
2017.06.30 14:01:23.737,8.38642,8.38766,1.00,1.00
2017.06.30 14:01:23.994,8.38642,8.38766,1.37,1.00
2017.06.30 14:01:24.295,8.3864,8.38755,1.37,1.00
2017.06.30 14:01:24.600,8.38633,8.38751,1.75,1.00
2017.06.30 14:01:25.010,8.38639,8.38754,1.37,1.00
2017.06.30 14:01:25.122,8.3864,8.38766,1.37,1.00
2017.06.30 14:01:25.266,8.38639,8.38758,1.37,1.00
2017.06.30 14:01:26.170,8.38639,8.38752,1.37,1.00
2017.06.30 14:01:26.272,8.38639,8.38744,1.00,1.00
2017.06.30 14:01:26.323,8.38633,8.38741,1.37,1.00
2017.06.30 14:01:26.374,8.38633,8.38739,1.37,1.00
2017.06.30 14:01:27.383,8.38633,8.38737,1.37,1.00
2017.06.30 14:01:27.949,8.38633,8.38737,1.00,1.00
2017.06.30 14:01:28.643,8.38633,8.38741,1.00,1.50
2017.06.30 14:01:28.833,8.38633,8.38737,1.00,1.00
2017.06.30 14:01:29.433,8.38634,8.38737,1.37,1.00
2017.06.30 14:01:29.484,8.38633,8.38741,1.37,1.00
2017.06.30 14:01:29.586,8.38633,8.38735,1.37,1.00
2017.06.30 14:01:29.937,8.38634,8.38729,1.37,1.00
2017.06.30 14:01:30.356,8.38633,8.38752,1.37,1.00
2017.06.30 14:01:30.542,8.38638,8.38752,1.00,1.00
2017.06.30 14:01:30.921,8.38648,8.38768,1.00,1.00
2017.06.30 14:01:31.175,8.3866,8.38768,1.00,1.00
2017.06.30 14:01:31.226,8.38646,8.38768,1.00,1.00
2017.06.30 14:01:31.531,8.38641,8.38756,1.00,1.00
2017.06.30 14:01:31.838,8.38634,8.38744,1.37,1.50
2017.06.30 14:01:31.890,8.38634,8.38744,1.00,1.50
2017.06.30 14:01:32.304,8.38633,8.38739,1.00,1.00
2017.06.30 14:01:32.610,8.38633,8.3873,1.00,1.00
2017.06.30 14:01:32.712,8.38619,8.3873,1.37,1.00
2017.06.30 14:01:32.763,8.38633,8.3873,1.00,1.00
2017.06.30 14:01:33.452,8.38634,8.3873,1.00,1.00
2017.06.30 14:01:33.757,8.38633,8.38724,1.00,1.00
2017.06.30 14:01:34.964,8.38633,8.38739,1.00,1.00
2017.06.30 14:01:35.641,8.38634,8.38739,1.00,1.00
2017.06.30 14:01:36.142,8.38633,8.38739,1.00,1.00
2017.06.30 14:01:36.721,8.38633,8.38738,1.00,1.00
2017.06.30 14:01:37.224,8.38633,8.38739,1.00,1.00
2017.06.30 14:01:37.766,8.38634,8.38739,1.50,1.00
2017.06.30 14:01:38.103,8.38636,8.38739,1.00,1.00
2017.06.30 14:01:38.255,8.38655,8.38766,1.00,1.00
2017.06.30 14:01:38.644,8.38669,8.38783,1.00,1.00
2017.06.30 14:01:38.746,8.38672,8.38795,1.00,1.00
2017.06.30 14:01:38.949,8.38669,8.38774,1.00,1.00
2017.06.30 14:01:39.052,8.38669,8.38793,1.00,1.00
2017.06.30 14:01:39.169,8.38666,8.38784,1.00,1.00
2017.06.30 14:01:39.220,8.38668,8.38793,1.00,1.50
2017.06.30 14:01:39.271,8.38668,8.38773,1.00,1.00
2017.06.30 14:01:39.475,8.38659,8.38773,1.00,1.00
2017.06.30 14:01:40.062,8.38659,8.38751,1.00,1.00
2017.06.30 14:01:40.688,8.38648,8.38751,1.37,1.00
2017.06.30 14:01:41.504,8.38649,8.38751,1.37,1.00
2017.06.30 14:01:41.652,8.38655,8.38751,1.00,1.00
2017.06.30 14:01:41.850,8.38655,8.38777,1.00,1.00
2017.06.30 14:01:41.901,8.38655,8.38761,1.00,1.00
2017.06.30 14:01:42.337,8.38637,8.38761,1.75,1.00
2017.06.30 14:01:42.541,8.38637,8.38758,1.75,1.00
2017.06.30 14:01:42.643,8.38633,8.3874,1.00,1.00
2017.06.30 14:01:42.746,8.38633,8.38737,1.00,1.00
2017.06.30 14:01:43.054,8.38633,8.38717,1.00,1.00
2017.06.30 14:01:45.218,8.38634,8.38717,1.00,1.00
2017.06.30 14:01:45.269,8.38612,8.38717,1.37,1.00
2017.06.30 14:01:45.809,8.38602,8.38702,1.75,1.00
2017.06.30 14:01:46.523,8.38591,8.38702,1.00,1.00
2017.06.30 14:01:46.627,8.38593,8.38702,1.00,1.00
2017.06.30 14:01:46.678,8.38591,8.38702,1.00,1.00
2017.06.30 14:01:48.932,8.3859,8.38674,1.37,1.00
2017.06.30 14:01:48.984,8.38589,8.38674,1.00,1.00
2017.06.30 14:01:49.087,8.38589,8.38665,1.00,1.00
2017.06.30 14:01:49.880,8.38587,8.38665,1.00,1.00
2017.06.30 14:01:49.932,8.38541,8.38665,1.37,1.00
2017.06.30 14:01:51.412,8.38555,8.38665,1.00,1.00
2017.06.30 14:01:51.513,8.38555,8.38679,1.00,1.00
2017.06.30 14:01:51.565,8.38565,8.38679,1.00,1.00
2017.06.30 14:01:51.902,8.3861,8.38723,1.00,1.00
2017.06.30 14:01:52.105,8.38611,8.38735,1.00,1.00
2017.06.30 14:01:52.504,8.38611,8.38738,1.00,1.00
2017.06.30 14:01:52.739,8.38589,8.38688,1.00,1.00
2017.06.30 14:01:53.948,8.38589,8.38688,1.37,1.00
2017.06.30 14:01:55.487,8.38589,8.38688,1.37,1.00
2017.06.30 14:01:56.606,8.38589,8.38688,1.37,1.00
2017.06.30 14:01:59.403,8.38589,8.38703,1.37,1.00
2017.06.30 14:02:00.238,8.38596,8.38689,1.11,1.00
2017.06.30 14:02:00.346,8.38596,8.3871,1.11,1.00
2017.06.30 14:02:00.854,8.38589,8.38689,1.11,1.00
2017.06.30 14:02:02.611,8.38596,8.38689,1.98,1.00
2017.06.30 14:02:02.713,8.38606,8.38711,1.11,1.00
2017.06.30 14:02:02.816,8.38615,8.38725,1.14,1.00
2017.06.30 14:02:03.576,8.38622,8.38725,1.00,1.00
2017.06.30 14:02:03.957,8.38622,8.38725,1.48,1.00
2017.06.30 14:02:05.376,8.38621,8.38725,1.11,1.00
2017.06.30 14:02:05.584,8.38634,8.38725,1.00,1.00
2017.06.30 14:02:05.737,8.38644,8.38741,1.00,1.00
2017.06.30 14:02:05.788,8.38656,8.38741,1.48,1.00
2017.06.30 14:02:05.839,8.38667,8.38756,1.11,1.00
2017.06.30 14:02:05.890,8.38679,8.38756,1.00,1.00
2017.06.30 14:02:05.941,8.38687,8.38771,1.00,1.00
2017.06.30 14:02:06.095,8.38687,8.3879,1.00,1.50
2017.06.30 14:02:06.146,8.38687,8.38806,1.00,1.00
2017.06.30 14:02:06.368,8.38687,8.38815,1.50,1.00
2017.06.30 14:02:06.637,8.38687,8.38806,1.00,1.00
2017.06.30 14:02:06.950,8.38687,8.38806,1.48,1.00
2017.06.30 14:02:07.808,8.38679,8.38803,1.48,1.00
2017.06.30 14:02:08.135,8.38678,8.38792,1.48,1.00
2017.06.30 14:02:08.186,8.38678,8.38792,1.11,1.00
2017.06.30 14:02:08.238,8.38678,8.38792,1.00,1.00
2017.06.30 14:02:08.839,8.38681,8.38792,1.00,1.00
2017.06.30 14:02:09.981,8.38672,8.38792,1.00,1.00
2017.06.30 14:02:11.005,8.38685,8.38792,1.00,1.00
2017.06.30 14:02:11.057,8.38681,8.38792,1.00,1.00
2017.06.30 14:02:11.108,8.38669,8.38792,1.00,1.00
2017.06.30 14:02:11.160,8.38679,8.38795,1.00,1.00
2017.06.30 14:02:11.465,8.38669,8.38769,1.00,1.00
2017.06.30 14:02:11.963,8.38669,8.38773,1.00,1.00
2017.06.30 14:02:12.065,8.38677,8.38795,1.00,1.00
2017.06.30 14:02:12.116,8.38677,8.38799,1.00,1.50
2017.06.30 14:02:12.167,8.38672,8.3878,1.00,1.00
2017.06.30 14:02:12.897,8.38685,8.38802,1.00,1.00
2017.06.30 14:02:12.951,8.38676,8.38801,1.00,1.00
2017.06.30 14:02:13.053,8.38675,8.3878,1.00,1.00
2017.06.30 14:02:14.020,8.38672,8.3878,1.00,1.00
2017.06.30 14:02:14.358,8.38669,8.3878,1.00,1.00
2017.06.30 14:02:14.957,8.38664,8.3878,1.00,1.00
2017.06.30 14:02:15.157,8.38663,8.38765,1.00,1.00
2017.06.30 14:02:15.842,8.38664,8.38765,1.00,1.00
2017.06.30 14:02:15.893,8.38645,8.38765,1.00,1.00
2017.06.30 14:02:15.996,8.38645,8.38749,1.00,1.00
2017.06.30 14:02:16.312,8.38654,8.38749,1.00,1.00
2017.06.30 14:02:16.753,8.38647,8.38767,1.00,1.00
2017.06.30 14:02:17.185,8.38652,8.38767,1.00,1.00
2017.06.30 14:02:18.202,8.38653,8.38767,1.00,1.00
2017.06.30 14:02:18.491,8.38651,8.38767,1.00,1.00
2017.06.30 14:02:20.023,8.3864,8.38767,1.50,1.00
2017.06.30 14:02:20.175,8.38634,8.3875,1.00,1.00
2017.06.30 14:02:20.492,8.38629,8.38735,1.00,1.00
2017.06.30 14:02:21.863,8.38619,8.38735,1.00,1.00
2017.06.30 14:02:21.914,8.38619,8.38699,1.00,1.00
2017.06.30 14:02:22.500,8.38619,8.38719,1.00,1.00
2017.06.30 14:02:22.552,8.38619,8.38728,1.00,1.00
2017.06.30 14:02:23.389,8.38619,8.38714,1.00,1.00
2017.06.30 14:02:24.318,8.38619,8.38699,1.00,1.00
2017.06.30 14:02:24.574,8.38619,8.38714,1.00,1.00
2017.06.30 14:02:25.993,8.38587,8.38714,2.25,1.00
2017.06.30 14:02:27.202,8.38592,8.38714,1.00,1.00
2017.06.30 14:02:27.525,8.38592,8.38699,1.00,1.00
2017.06.30 14:02:27.632,8.38582,8.38699,1.00,1.00
2017.06.30 14:02:27.734,8.38582,8.3869,1.00,1.00
2017.06.30 14:02:28.071,8.38583,8.38684,1.00,1.00
2017.06.30 14:02:28.594,8.38582,8.38684,1.00,1.00
2017.06.30 14:02:28.932,8.38582,8.38671,1.00,1.00
2017.06.30 14:02:29.283,8.3856,8.38671,1.00,1.00
2017.06.30 14:02:30.776,8.38553,8.38671,1.00,1.00
2017.06.30 14:02:30.827,8.38544,8.38671,1.00,1.00
2017.06.30 14:02:30.879,8.38544,8.38669,1.00,1.00
2017.06.30 14:02:31.210,8.38539,8.38634,1.00,1.00
2017.06.30 14:02:31.450,8.38534,8.38634,1.00,1.00
2017.06.30 14:02:31.884,8.38525,8.38634,1.00,1.00
2017.06.30 14:02:32.894,8.38529,8.38634,1.00,1.00
2017.06.30 14:02:33.392,8.38526,8.38634,1.00,1.00
2017.06.30 14:02:33.751,8.38517,8.38634,1.00,1.00
2017.06.30 14:02:34.254,8.38516,8.38634,1.00,1.00
2017.06.30 14:02:34.306,8.38528,8.38634,1.00,1.00
2017.06.30 14:02:34.408,8.38535,8.38661,1.00,1.00
2017.06.30 14:02:35.415,8.38543,8.38661,1.00,1.00
2017.06.30 14:02:36.394,8.38535,8.38661,1.00,1.00
2017.06.30 14:02:36.649,8.38531,8.38648,1.00,1.00
2017.06.30 14:02:37.415,8.38527,8.38648,1.00,1.00
2017.06.30 14:02:37.648,8.38536,8.38663,1.00,1.00
2017.06.30 14:02:37.699,8.3854,8.38663,1.00,1.00
2017.06.30 14:02:38.048,8.38551,8.38647,1.00,1.00
2017.06.30 14:02:38.150,8.38551,8.38668,1.00,1.00
2017.06.30 14:02:38.201,8.38561,8.38668,1.00,1.00
2017.06.30 14:02:38.506,8.38572,8.38668,1.00,1.00
2017.06.30 14:02:38.558,8.38572,8.38696,1.00,1.00
2017.06.30 14:02:38.828,8.38572,8.38675,1.00,1.00
2017.06.30 14:02:39.007,8.38564,8.38675,1.00,1.00
2017.06.30 14:02:39.446,8.38564,8.38675,1.11,1.00
2017.06.30 14:02:39.776,8.38575,8.38675,1.00,1.00
2017.06.30 14:02:39.931,8.38595,8.38697,1.00,1.00
2017.06.30 14:02:40.034,8.38595,8.38712,1.00,1.00
2017.06.30 14:02:41.566,8.38589,8.38712,1.00,1.00
2017.06.30 14:02:41.668,8.38587,8.38712,1.00,1.00
2017.06.30 14:02:41.770,8.38587,8.38701,1.00,1.00
2017.06.30 14:02:42.075,8.38567,8.38681,1.00,1.00
2017.06.30 14:02:42.431,8.38568,8.38689,1.00,1.00
2017.06.30 14:02:42.583,8.38579,8.38689,1.00,1.00
2017.06.30 14:02:43.346,8.38573,8.38689,1.00,1.00
2017.06.30 14:02:43.899,8.38567,8.38689,1.00,1.00
2017.06.30 14:02:43.951,8.38567,8.38674,1.00,1.00
2017.06.30 14:02:44.002,8.38565,8.38674,1.00,1.00
2017.06.30 14:02:44.156,8.38526,8.38653,1.00,1.00
2017.06.30 14:02:44.258,8.38523,8.38646,1.00,1.00
2017.06.30 14:02:44.629,8.38526,8.38653,1.00,1.00
2017.06.30 14:02:44.680,8.38534,8.38653,1.00,1.00
2017.06.30 14:02:45.074,8.38541,8.38653,1.00,1.00
2017.06.30 14:02:45.175,8.38541,8.38668,1.50,1.00
2017.06.30 14:02:45.952,8.38549,8.38668,1.00,1.00
2017.06.30 14:02:46.566,8.38573,8.38668,1.00,1.00
2017.06.30 14:02:46.738,8.38573,8.38696,1.00,1.00
2017.06.30 14:02:46.993,8.38582,8.38696,1.00,1.00
2017.06.30 14:02:47.956,8.38578,8.38696,1.00,1.00
2017.06.30 14:02:49.407,8.38584,8.38696,1.00,1.00
2017.06.30 14:02:49.560,8.3861,8.38725,1.00,1.00
2017.06.30 14:02:49.611,8.3861,8.38725,1.11,1.00
2017.06.30 14:02:50.721,8.38611,8.38725,1.00,1.00
2017.06.30 14:02:51.438,8.38606,8.38725,1.14,1.00
2017.06.30 14:02:52.769,8.3861,8.38725,1.00,1.00
2017.06.30 14:02:52.984,8.38615,8.38738,1.00,1.00
2017.06.30 14:02:53.137,8.38623,8.38738,1.00,1.00
2017.06.30 14:02:53.761,8.3863,8.38738,1.00,1.00
2017.06.30 14:02:56.576,8.38643,8.38738,1.00,1.00
2017.06.30 14:02:56.678,8.38651,8.38757,1.00,1.00
2017.06.30 14:02:56.729,8.38661,8.38766,1.00,1.00
2017.06.30 14:02:57.036,8.38657,8.38766,1.48,1.00
2017.06.30 14:02:57.980,8.38649,8.38766,1.14,1.00
2017.06.30 14:02:59.851,8.38641,8.38745,1.11,1.00
2017.06.30 14:02:59.902,8.38619,8.38739,1.00,1.00
2017.06.30 14:03:00.055,8.38615,8.38739,1.00,1.00
2017.06.30 14:03:00.596,8.38601,8.38711,1.11,1.00
2017.06.30 14:03:00.663,8.38601,8.38726,1.11,1.00
2017.06.30 14:03:00.765,8.38591,8.38711,1.48,1.00
2017.06.30 14:03:01.071,8.38606,8.38731,1.14,1.00
2017.06.30 14:03:01.122,8.38606,8.38733,1.14,1.00
2017.06.30 14:03:01.881,8.38607,8.38733,1.00,1.00
2017.06.30 14:03:01.984,8.38617,8.38733,1.00,1.00
2017.06.30 14:03:02.330,8.38639,8.38733,1.00,1.00
2017.06.30 14:03:02.381,8.38639,8.38762,1.00,1.00
2017.06.30 14:03:02.686,8.38648,8.38762,1.00,1.00
2017.06.30 14:03:02.787,8.38659,8.38776,1.00,1.00
2017.06.30 14:03:02.954,8.38677,8.38776,1.00,1.00
2017.06.30 14:03:03.226,8.38677,8.38799,1.00,1.00
2017.06.30 14:03:03.329,8.38672,8.38799,1.14,1.00
2017.06.30 14:03:03.583,8.38668,8.38783,1.11,1.00
2017.06.30 14:03:03.837,8.38696,8.38812,1.00,1.00
2017.06.30 14:03:04.634,8.38692,8.38812,1.50,1.00
2017.06.30 14:03:05.230,8.38693,8.38812,1.00,1.00
2017.06.30 14:03:05.383,8.38698,8.38797,1.00,1.00
2017.06.30 14:03:05.485,8.38703,8.38812,1.00,1.00
2017.06.30 14:03:05.760,8.38718,8.38812,1.00,1.00
2017.06.30 14:03:06.042,8.38728,8.38849,1.48,1.00
2017.06.30 14:03:06.093,8.38728,8.38849,1.00,1.00
2017.06.30 14:03:06.399,8.38732,8.38849,1.00,1.00
2017.06.30 14:03:06.743,8.38726,8.38849,1.00,1.00
2017.06.30 14:03:07.262,8.38727,8.38849,1.00,1.00
2017.06.30 14:03:08.619,8.38722,8.38848,1.50,1.00
2017.06.30 14:03:08.822,8.38705,8.38827,1.00,1.00
2017.06.30 14:03:09.040,8.38717,8.38841,1.00,1.00
2017.06.30 14:03:09.255,8.38726,8.38842,1.00,1.00
2017.06.30 14:03:09.719,8.38733,8.38842,1.00,1.00
2017.06.30 14:03:10.098,8.38725,8.38842,1.00,1.00
2017.06.30 14:03:10.346,8.38734,8.38842,1.00,1.00
2017.06.30 14:03:10.603,8.38771,8.38881,1.00,1.00
2017.06.30 14:03:10.654,8.38771,8.38891,1.00,1.00
2017.06.30 14:03:10.960,8.38786,8.38891,1.00,1.00
2017.06.30 14:03:11.253,8.38792,8.38919,1.00,1.00
2017.06.30 14:03:11.456,8.38792,8.38913,1.00,1.00
2017.06.30 14:03:11.762,8.38768,8.38878,1.00,1.00
2017.06.30 14:03:11.813,8.38768,8.38894,1.00,1.00
2017.06.30 14:03:12.079,8.38774,8.38894,1.00,1.00
2017.06.30 14:03:12.384,8.38787,8.389,1.00,1.00
2017.06.30 14:03:12.639,8.38776,8.389,1.00,1.00
2017.06.30 14:03:12.690,8.38773,8.389,1.00,1.00
2017.06.30 14:03:12.741,8.38767,8.38884,1.00,1.00
2017.06.30 14:03:13.003,8.38773,8.389,1.00,1.00
2017.06.30 14:03:13.219,8.38772,8.38885,1.00,1.00
2017.06.30 14:03:13.956,8.38769,8.38885,1.00,1.00
2017.06.30 14:03:14.546,8.38775,8.38885,1.00,1.00
2017.06.30 14:03:14.967,8.38779,8.38885,1.00,1.00
2017.06.30 14:03:15.018,8.38779,8.389,1.00,1.00
2017.06.30 14:03:15.637,8.38773,8.389,1.00,1.00
2017.06.30 14:03:16.009,8.38777,8.389,1.00,1.00
2017.06.30 14:03:16.899,8.38783,8.389,1.00,1.00
2017.06.30 14:03:17.102,8.38777,8.389,1.00,1.00
2017.06.30 14:03:17.750,8.38773,8.389,1.00,1.00
2017.06.30 14:03:17.953,8.38768,8.38878,1.00,1.00
2017.06.30 14:03:18.055,8.38774,8.38901,1.00,1.00
2017.06.30 14:03:18.713,8.38776,8.38901,1.00,1.00
2017.06.30 14:03:19.245,8.38777,8.38901,1.00,1.00
2017.06.30 14:03:19.733,8.38774,8.38901,1.00,1.00
2017.06.30 14:03:19.784,8.38782,8.38901,1.00,1.00
2017.06.30 14:03:20.089,8.388,8.38901,1.00,1.00
2017.06.30 14:03:20.446,8.38809,8.38916,1.00,1.00
2017.06.30 14:03:20.751,8.38831,8.38916,1.00,1.00
2017.06.30 14:03:20.853,8.38831,8.38945,1.00,1.00
2017.06.30 14:03:21.006,8.38835,8.38945,1.00,1.00
2017.06.30 14:03:21.314,8.38818,8.38938,1.00,1.00
2017.06.30 14:03:21.467,8.38813,8.38924,1.00,1.00
2017.06.30 14:03:21.772,8.38813,8.38911,1.00,1.00
2017.06.30 14:03:22.281,8.38815,8.38911,1.00,1.00
2017.06.30 14:03:22.472,8.38798,8.38911,1.00,1.00
2017.06.30 14:03:22.523,8.38784,8.38911,1.50,1.00
2017.06.30 14:03:22.574,8.38784,8.38905,1.00,1.00
2017.06.30 14:03:22.676,8.38769,8.38895,1.00,1.50
2017.06.30 14:03:22.829,8.38769,8.38867,1.00,1.00
2017.06.30 14:03:23.283,8.38759,8.38867,1.00,1.00
2017.06.30 14:03:23.600,8.38748,8.38867,1.00,1.00
2017.06.30 14:03:23.753,8.38758,8.38867,1.00,1.00
2017.06.30 14:03:24.719,8.38753,8.38867,1.00,1.00
2017.06.30 14:03:25.443,8.38759,8.38867,1.00,1.00
2017.06.30 14:03:26.179,8.3876,8.38867,1.00,1.00
2017.06.30 14:03:26.230,8.38752,8.38867,1.00,1.00
2017.06.30 14:03:26.281,8.38752,8.38878,1.00,1.00
2017.06.30 14:03:26.461,8.38742,8.38867,1.00,1.00
2017.06.30 14:03:26.782,8.38753,8.38867,1.00,1.00
2017.06.30 14:03:27.189,8.38765,8.38867,1.00,1.00
2017.06.30 14:03:27.502,8.38775,8.38867,1.00,1.00
2017.06.30 14:03:27.792,8.38758,8.38867,1.00,1.00
2017.06.30 14:03:28.120,8.38769,8.38867,1.00,1.00
2017.06.30 14:03:28.289,8.38765,8.38886,1.00,1.00
2017.06.30 14:03:28.340,8.3878,8.38892,1.00,1.00
2017.06.30 14:03:28.442,8.38765,8.38885,1.00,1.00
2017.06.30 14:03:28.763,8.38757,8.38882,1.00,1.00
2017.06.30 14:03:28.939,8.38757,8.38871,1.00,1.00
2017.06.30 14:03:30.288,8.38765,8.38871,1.00,1.00
2017.06.30 14:03:30.389,8.38765,8.38886,1.00,1.00
2017.06.30 14:03:31.958,8.38759,8.38883,1.00,1.00
2017.06.30 14:03:32.060,8.3876,8.38885,1.00,1.00
2017.06.30 14:03:32.492,8.38766,8.38886,1.00,1.00
2017.06.30 14:03:32.827,8.38761,8.38886,1.00,1.00
2017.06.30 14:03:33.743,8.38765,8.38886,1.00,1.00
2017.06.30 14:03:33.978,8.38783,8.3891,1.00,1.00
2017.06.30 14:03:34.786,8.38785,8.3891,1.00,1.00
2017.06.30 14:03:35.195,8.38789,8.3891,1.00,1.00
2017.06.30 14:03:35.558,8.38785,8.3891,1.00,1.00
2017.06.30 14:03:35.868,8.3879,8.3891,1.00,1.00
2017.06.30 14:03:36.190,8.38791,8.38914,1.00,1.00
2017.06.30 14:03:36.242,8.38791,8.38907,1.00,1.00
2017.06.30 14:03:36.871,8.38791,8.38916,1.00,1.00
2017.06.30 14:03:37.603,8.38768,8.38895,1.00,1.00
2017.06.30 14:03:37.706,8.38746,8.38851,1.00,1.00
2017.06.30 14:03:37.759,8.38765,8.38871,1.00,1.00
2017.06.30 14:03:37.810,8.38765,8.38877,1.00,1.00
2017.06.30 14:03:38.080,8.3875,8.38877,1.00,1.50
2017.06.30 14:03:39.024,8.38757,8.38877,1.00,1.00
2017.06.30 14:03:39.176,8.3875,8.38877,1.00,1.00
2017.06.30 14:03:39.227,8.38773,8.38877,1.00,1.00
2017.06.30 14:03:39.481,8.38773,8.38891,1.00,1.00
2017.06.30 14:03:39.898,8.38764,8.38891,1.00,1.00
2017.06.30 14:03:40.255,8.38764,8.38887,1.00,1.00
2017.06.30 14:03:40.667,8.3876,8.38873,1.00,1.00
2017.06.30 14:03:40.969,8.38767,8.38873,1.00,1.00
2017.06.30 14:03:41.020,8.38767,8.38889,1.00,1.00
2017.06.30 14:03:41.271,8.38762,8.38889,1.00,1.00
2017.06.30 14:03:41.760,8.38768,8.38889,1.00,1.00
2017.06.30 14:03:41.867,8.38777,8.38904,1.00,1.00
2017.06.30 14:03:41.942,8.38795,8.38904,1.00,1.00
2017.06.30 14:03:41.993,8.38795,8.38917,1.00,1.00
2017.06.30 14:03:42.835,8.38801,8.38917,1.00,1.00
2017.06.30 14:03:42.886,8.38796,8.38917,1.00,1.00
2017.06.30 14:03:43.886,8.38799,8.38917,1.00,1.00
2017.06.30 14:03:44.550,8.38793,8.38917,1.00,1.00
2017.06.30 14:03:44.764,8.38798,8.38917,1.00,1.00
2017.06.30 14:03:44.916,8.38814,8.3894,1.00,1.00
2017.06.30 14:03:45.119,8.38798,8.38918,1.00,1.00
2017.06.30 14:03:45.898,8.38795,8.38918,1.00,1.00
2017.06.30 14:03:45.949,8.38814,8.38918,1.00,1.00
2017.06.30 14:03:46.000,8.38806,8.38933,1.00,1.00
2017.06.30 14:03:46.052,8.38816,8.38933,1.00,1.00
2017.06.30 14:03:46.103,8.38806,8.38933,1.00,1.00
2017.06.30 14:03:46.205,8.38799,8.38918,1.00,1.00
2017.06.30 14:03:46.308,8.38807,8.38932,1.00,1.00
2017.06.30 14:03:46.360,8.38819,8.38932,1.00,1.00
2017.06.30 14:03:46.463,8.38807,8.38932,1.00,1.00
2017.06.30 14:03:46.718,8.38823,8.38932,1.00,1.00
2017.06.30 14:03:46.820,8.38827,8.38954,1.00,1.00
2017.06.30 14:03:46.922,8.3885,8.38959,1.00,1.00
2017.06.30 14:03:46.975,8.3885,8.38975,1.00,1.00
2017.06.30 14:03:47.077,8.38839,8.38962,1.00,1.00
2017.06.30 14:03:47.306,8.38835,8.38962,1.00,1.50
2017.06.30 14:03:47.358,8.38835,8.38947,1.00,1.00
2017.06.30 14:03:47.409,8.3882,8.38947,1.00,1.50
2017.06.30 14:03:47.510,8.3881,8.38918,1.00,1.00
2017.06.30 14:03:47.612,8.3881,8.38932,1.00,1.00
2017.06.30 14:03:47.714,8.3882,8.38947,1.00,1.50
2017.06.30 14:03:47.816,8.3881,8.38925,1.00,1.00
2017.06.30 14:03:48.192,8.38825,8.38925,1.00,1.00
2017.06.30 14:03:48.243,8.38825,8.38939,1.00,1.00
2017.06.30 14:03:48.345,8.3883,8.38939,1.00,1.00
2017.06.30 14:03:49.118,8.3883,8.38957,1.50,1.00
2017.06.30 14:03:50.121,8.38836,8.38957,1.00,1.00
2017.06.30 14:03:50.429,8.38895,8.39008,1.00,1.00
2017.06.30 14:03:50.633,8.38903,8.39028,1.00,1.00
2017.06.30 14:03:50.684,8.38913,8.39028,1.00,1.00
2017.06.30 14:03:50.990,8.38913,8.39011,1.00,1.00
2017.06.30 14:03:51.168,8.38884,8.39008,1.00,1.00
2017.06.30 14:03:51.220,8.38882,8.38995,1.00,1.00
2017.06.30 14:03:51.490,8.38885,8.39008,1.00,1.00
2017.06.30 14:03:51.677,8.38885,8.38998,1.00,1.00
2017.06.30 14:03:51.728,8.38874,8.38997,1.00,1.00
2017.06.30 14:03:51.936,8.38886,8.39011,1.50,1.00
2017.06.30 14:03:52.038,8.38886,8.38985,1.00,1.00
2017.06.30 14:03:52.142,8.38881,8.39002,1.00,1.00
2017.06.30 14:03:52.295,8.38876,8.38988,1.00,1.00
2017.06.30 14:03:52.347,8.38869,8.38988,1.00,1.00
2017.06.30 14:03:52.503,8.38869,8.38973,1.00,1.00
2017.06.30 14:03:52.712,8.38852,8.38973,1.00,1.00
2017.06.30 14:03:53.095,8.38862,8.38987,1.00,1.00
2017.06.30 14:03:55.249,8.38863,8.38987,1.00,1.00
2017.06.30 14:03:55.501,8.38868,8.38987,1.00,1.00
2017.06.30 14:03:55.552,8.38875,8.39002,1.00,1.00
2017.06.30 14:03:55.604,8.38883,8.39002,1.00,1.00
2017.06.30 14:03:55.824,8.38896,8.39022,1.00,1.00
2017.06.30 14:03:55.926,8.3887,8.38993,1.00,1.00
2017.06.30 14:03:56.309,8.38883,8.39007,1.00,1.00
2017.06.30 14:03:56.524,8.38892,8.39007,1.00,1.00
2017.06.30 14:03:56.863,8.38895,8.39022,1.00,1.00
2017.06.30 14:03:57.446,8.38896,8.39022,1.00,1.00
2017.06.30 14:03:58.288,8.38895,8.39022,1.00,1.00
2017.06.30 14:03:58.340,8.38881,8.39007,1.00,1.00
2017.06.30 14:03:58.987,8.38896,8.39007,1.00,1.00
2017.06.30 14:03:59.294,8.38916,8.39026,1.00,1.00
2017.06.30 14:03:59.617,8.3892,8.39036,1.00,1.00
2017.06.30 14:03:59.669,8.38916,8.39036,1.00,1.00
2017.06.30 14:03:59.821,8.38911,8.39036,1.00,1.00
2017.06.30 14:03:59.975,8.38916,8.39036,1.00,1.00
2017.06.30 14:04:00.026,8.38925,8.39052,1.00,1.00
2017.06.30 14:04:00.128,8.38939,8.39064,1.00,1.00
2017.06.30 14:04:00.180,8.38939,8.39066,1.00,1.00
2017.06.30 14:04:00.231,8.38939,8.39058,1.00,1.00
2017.06.30 14:04:00.333,8.38921,8.39048,1.00,1.00
2017.06.30 14:04:00.775,8.38921,8.39045,1.00,1.00
2017.06.30 14:04:00.929,8.3891,8.39035,1.00,1.00
2017.06.30 14:04:01.031,8.3891,8.39018,1.00,1.00
2017.06.30 14:04:01.184,8.38901,8.39018,1.00,1.00
2017.06.30 14:04:01.401,8.38912,8.39018,1.00,1.00
2017.06.30 14:04:01.453,8.38912,8.39039,1.00,1.00
2017.06.30 14:04:01.711,8.38926,8.3904,1.00,1.00
2017.06.30 14:04:01.763,8.38926,8.39047,1.00,1.00
2017.06.30 14:04:01.815,8.38928,8.39047,1.00,1.00
2017.06.30 14:04:01.866,8.38935,8.39062,1.00,1.00
2017.06.30 14:04:01.917,8.38935,8.3906,1.00,1.00
2017.06.30 14:04:02.234,8.38918,8.39027,1.00,1.00
2017.06.30 14:04:02.540,8.38908,8.39027,1.00,1.00
2017.06.30 14:04:03.000,8.38895,8.39014,1.00,1.00
2017.06.30 14:04:03.737,8.38895,8.39022,1.50,1.00
2017.06.30 14:04:04.226,8.38896,8.39027,1.00,1.00
2017.06.30 14:04:04.480,8.38872,8.38999,1.00,1.00
2017.06.30 14:04:04.787,8.3888,8.38999,1.00,1.00
2017.06.30 14:04:05.106,8.38872,8.38969,1.00,1.00
2017.06.30 14:04:05.157,8.38855,8.38969,1.00,1.00
2017.06.30 14:04:05.262,8.38842,8.38961,1.00,1.00
2017.06.30 14:04:05.365,8.38842,8.38945,1.00,1.00
2017.06.30 14:04:05.922,8.3882,8.38945,1.50,1.00
2017.06.30 14:04:05.974,8.38837,8.38964,1.00,1.00
2017.06.30 14:04:06.239,8.38839,8.38964,1.50,1.00
2017.06.30 14:04:06.545,8.3886,8.38985,1.00,1.50
2017.06.30 14:04:06.851,8.38844,8.38969,1.00,1.00
2017.06.30 14:04:07.189,8.38857,8.38984,1.00,1.00
2017.06.30 14:04:07.899,8.38866,8.38984,1.00,1.00
2017.06.30 14:04:08.701,8.38857,8.38984,1.00,1.00
2017.06.30 14:04:08.849,8.38857,8.38974,1.00,1.00
2017.06.30 14:04:09.002,8.38835,8.38961,1.00,1.00
2017.06.30 14:04:09.916,8.38834,8.38961,1.00,1.00
2017.06.30 14:04:10.221,8.38846,8.38961,1.00,1.00
2017.06.30 14:04:10.535,8.38864,8.38961,1.00,1.00
2017.06.30 14:04:10.586,8.38864,8.38976,1.00,1.00
2017.06.30 14:04:10.637,8.38877,8.38976,1.00,1.00
2017.06.30 14:04:10.688,8.38888,8.38991,1.00,1.00
2017.06.30 14:04:10.912,8.38888,8.39006,1.00,1.00
2017.06.30 14:04:10.964,8.38879,8.39001,1.00,1.00
2017.06.30 14:04:11.066,8.38874,8.38991,1.00,1.00
2017.06.30 14:04:11.808,8.38864,8.38988,1.00,1.00
2017.06.30 14:04:11.859,8.38864,8.38978,1.00,1.00
2017.06.30 14:04:12.122,8.38864,8.3898,1.00,1.00
2017.06.30 14:04:12.895,8.38855,8.3898,1.00,1.00
2017.06.30 14:04:13.098,8.38863,8.3898,1.00,1.00
2017.06.30 14:04:13.471,8.38858,8.3898,1.00,1.00
2017.06.30 14:04:13.867,8.38853,8.3898,1.00,1.00
2017.06.30 14:04:14.453,8.38858,8.3898,1.00,1.00
2017.06.30 14:04:14.606,8.38869,8.38994,1.00,1.00
2017.06.30 14:04:14.708,8.38858,8.3898,1.00,1.00
2017.06.30 14:04:15.228,8.38861,8.3898,1.00,1.00
2017.06.30 14:04:15.533,8.38879,8.38995,1.00,1.00
2017.06.30 14:04:16.023,8.38868,8.38995,1.50,1.00
2017.06.30 14:04:16.227,8.38868,8.38981,1.00,1.00
2017.06.30 14:04:17.129,8.38854,8.38981,1.00,1.00
2017.06.30 14:04:17.180,8.38854,8.3897,1.00,1.00
2017.06.30 14:04:17.282,8.38846,8.38971,1.50,1.00
2017.06.30 14:04:17.333,8.38866,8.38971,1.00,1.00
2017.06.30 14:04:17.710,8.38876,8.38987,1.00,1.00
2017.06.30 14:04:18.485,8.38861,8.38987,1.00,1.00
2017.06.30 14:04:18.808,8.38855,8.3897,1.00,1.00
2017.06.30 14:04:19.423,8.38856,8.3897,1.00,1.00
2017.06.30 14:04:20.115,8.38868,8.38986,1.00,1.00
2017.06.30 14:04:20.537,8.38859,8.38986,1.00,1.00
2017.06.30 14:04:20.639,8.38859,8.38976,1.00,1.00
2017.06.30 14:04:20.976,8.38864,8.38964,1.00,1.00
2017.06.30 14:04:21.027,8.38864,8.38968,1.00,1.00
2017.06.30 14:04:21.335,8.38864,8.38953,1.00,1.00
2017.06.30 14:04:21.599,8.38854,8.38953,1.00,1.00
2017.06.30 14:04:21.960,8.38858,8.38953,1.00,1.00
2017.06.30 14:04:23.502,8.38858,8.3897,1.00,1.00
2017.06.30 14:04:24.093,8.38862,8.3897,1.00,1.00
2017.06.30 14:04:24.507,8.38855,8.3897,1.00,1.00
2017.06.30 14:04:24.826,8.38845,8.3897,1.00,1.50
2017.06.30 14:04:24.963,8.38845,8.38946,1.00,1.00
2017.06.30 14:04:25.218,8.38876,8.3898,1.00,1.00
2017.06.30 14:04:26.037,8.38872,8.3898,1.00,1.00
2017.06.30 14:04:26.280,8.38879,8.3898,1.00,1.00
2017.06.30 14:04:26.629,8.38897,8.3898,1.00,1.00
2017.06.30 14:04:26.731,8.38897,8.38995,1.00,1.00
2017.06.30 14:04:26.833,8.38897,8.3901,1.00,1.00
2017.06.30 14:04:27.282,8.38891,8.3901,1.00,1.00
2017.06.30 14:04:27.333,8.38899,8.3901,1.00,1.00
2017.06.30 14:04:27.840,8.38899,8.39011,1.00,1.00
2017.06.30 14:04:29.334,8.38897,8.39011,1.00,1.00
2017.06.30 14:04:29.436,8.38897,8.38993,1.00,1.00
2017.06.30 14:04:29.631,8.38889,8.38993,1.00,1.00
2017.06.30 14:04:29.732,8.38881,8.38993,1.00,1.00
2017.06.30 14:04:30.041,8.38883,8.39007,1.00,1.00
2017.06.30 14:04:30.332,8.38887,8.3901,1.00,1.00
2017.06.30 14:04:30.689,8.38883,8.38996,1.00,1.00
2017.06.30 14:04:30.743,8.38868,8.38983,1.00,1.00
2017.06.30 14:04:30.845,8.38856,8.38979,1.00,1.00
2017.06.30 14:04:30.947,8.38871,8.38979,1.00,1.00
2017.06.30 14:04:31.048,8.38871,8.38995,1.00,1.50
2017.06.30 14:04:31.253,8.38884,8.38995,1.00,1.00
2017.06.30 14:04:31.304,8.38888,8.39008,1.00,1.00
2017.06.30 14:04:31.403,8.38888,8.39011,1.00,1.00
2017.06.30 14:04:31.455,8.38896,8.39013,1.00,1.00
2017.06.30 14:04:31.558,8.38888,8.39008,1.00,1.00
2017.06.30 14:04:31.661,8.38897,8.39008,1.00,1.00
2017.06.30 14:04:31.814,8.38885,8.39008,1.00,1.00
2017.06.30 14:04:32.634,8.38893,8.39008,1.00,1.00
2017.06.30 14:04:32.685,8.38883,8.39008,1.00,1.00
2017.06.30 14:04:33.250,8.38881,8.39003,1.00,1.00
2017.06.30 14:04:33.612,8.38885,8.38982,1.00,1.00
2017.06.30 14:04:34.135,8.38885,8.38998,1.00,1.00
2017.06.30 14:04:34.237,8.38882,8.38998,1.00,1.00
2017.06.30 14:04:34.470,8.38885,8.38998,1.00,1.00
2017.06.30 14:04:35.413,8.38886,8.38998,1.00,1.00
2017.06.30 14:04:35.625,8.38878,8.38998,1.00,1.00
2017.06.30 14:04:36.779,8.38871,8.38998,1.00,1.00
2017.06.30 14:04:37.007,8.38871,8.38991,1.00,1.00
2017.06.30 14:04:37.058,8.38846,8.38973,1.00,1.00
2017.06.30 14:04:37.261,8.38861,8.38988,1.00,1.00
2017.06.30 14:04:37.565,8.38864,8.38966,1.00,1.00
2017.06.30 14:04:37.843,8.38852,8.38966,1.00,1.00
2017.06.30 14:04:38.113,8.38839,8.38962,1.00,1.00
2017.06.30 14:04:38.164,8.3885,8.38966,1.00,1.00
2017.06.30 14:04:38.419,8.38841,8.38966,1.00,1.00
2017.06.30 14:04:38.521,8.38841,8.38964,1.00,1.00
2017.06.30 14:04:39.022,8.38841,8.38965,1.00,1.00
2017.06.30 14:04:39.326,8.38854,8.38972,1.00,1.00
2017.06.30 14:04:39.478,8.38841,8.38963,1.00,1.00
2017.06.30 14:04:39.915,8.38859,8.38963,1.00,1.00
2017.06.30 14:04:40.477,8.38852,8.38963,1.00,1.00
2017.06.30 14:04:40.529,8.38838,8.38959,1.00,1.00
2017.06.30 14:04:40.580,8.38832,8.38949,1.00,1.00
2017.06.30 14:04:41.027,8.38841,8.38949,1.00,1.00
2017.06.30 14:04:41.485,8.38855,8.38949,1.00,1.00
2017.06.30 14:04:41.587,8.38855,8.38968,1.00,1.00
2017.06.30 14:04:41.701,8.38849,8.38968,1.00,1.00
2017.06.30 14:04:43.141,8.38851,8.38968,1.00,1.00
2017.06.30 14:04:43.573,8.38846,8.38968,1.00,1.00
2017.06.30 14:04:44.530,8.3885,8.38968,1.00,1.00
2017.06.30 14:04:44.858,8.38866,8.38968,1.00,1.00
2017.06.30 14:04:45.011,8.38858,8.38968,1.00,1.00
2017.06.30 14:04:45.581,8.38841,8.38968,1.00,1.00
2017.06.30 14:04:46.399,8.38857,8.38968,1.00,1.00
2017.06.30 14:04:46.872,8.38841,8.38968,1.00,1.00
2017.06.30 14:04:47.784,8.38847,8.38968,1.00,1.00
2017.06.30 14:04:48.090,8.38884,8.39007,1.00,1.00
2017.06.30 14:04:48.192,8.38884,8.38988,1.00,1.00
2017.06.30 14:04:48.945,8.3888,8.38988,1.00,1.00
2017.06.30 14:04:49.894,8.38874,8.38988,1.00,1.00
2017.06.30 14:04:49.946,8.3887,8.38988,1.00,1.00
2017.06.30 14:04:50.920,8.38868,8.38988,1.00,1.00
2017.06.30 14:04:51.960,8.38866,8.38988,1.00,1.00
2017.06.30 14:04:52.962,8.3888,8.38988,1.00,1.00
2017.06.30 14:04:53.158,8.38876,8.38988,1.00,1.00
2017.06.30 14:04:54.046,8.38879,8.38988,1.00,1.00
2017.06.30 14:04:54.699,8.38871,8.38988,1.00,1.00
2017.06.30 14:04:55.273,8.38861,8.38981,1.00,1.00
2017.06.30 14:04:55.402,8.38854,8.38968,1.00,1.00
2017.06.30 14:04:55.455,8.38842,8.38968,1.00,1.50
2017.06.30 14:04:55.507,8.38841,8.38955,1.00,1.00
2017.06.30 14:04:55.610,8.38846,8.38968,1.00,1.00
2017.06.30 14:04:55.712,8.38841,8.38959,1.00,1.00
2017.06.30 14:04:56.017,8.38818,8.38927,1.00,1.00
2017.06.30 14:04:56.212,8.38829,8.38956,1.00,1.00
2017.06.30 14:04:57.168,8.38833,8.38956,1.00,1.00
2017.06.30 14:04:57.473,8.38837,8.38956,1.00,1.00
2017.06.30 14:04:57.779,8.38845,8.38936,1.00,1.00
2017.06.30 14:04:57.925,8.38845,8.38952,1.00,1.00
2017.06.30 14:04:58.027,8.38859,8.38952,1.00,1.00
2017.06.30 14:04:58.128,8.38842,8.38952,1.00,1.00
2017.06.30 14:04:58.230,8.38833,8.38937,1.00,1.00
2017.06.30 14:04:58.636,8.38833,8.38923,1.00,1.00
2017.06.30 14:04:59.200,8.38829,8.38923,1.00,1.00
2017.06.30 14:04:59.251,8.38825,8.38923,1.00,1.00
2017.06.30 14:05:00.018,8.38812,8.38923,1.00,1.00
2017.06.30 14:05:00.069,8.38805,8.38923,1.00,1.00
2017.06.30 14:05:00.216,8.38802,8.38908,1.00,1.00
2017.06.30 14:05:00.521,8.38822,8.38908,1.00,1.00
2017.06.30 14:05:00.724,8.38805,8.38908,1.00,1.00
2017.06.30 14:05:00.877,8.38792,8.38908,1.00,1.00
2017.06.30 14:05:01.030,8.38779,8.38894,1.00,1.00
2017.06.30 14:05:01.341,8.38765,8.38871,1.00,1.00
2017.06.30 14:05:02.047,8.38761,8.38871,1.00,1.00
2017.06.30 14:05:02.577,8.38746,8.38871,1.00,1.00
2017.06.30 14:05:02.885,8.38748,8.38871,1.00,1.00
2017.06.30 14:05:03.231,8.38732,8.38843,1.00,1.00
2017.06.30 14:05:03.536,8.38771,8.38859,1.00,1.00
2017.06.30 14:05:03.638,8.38771,8.38882,1.00,1.00
2017.06.30 14:05:04.318,8.38766,8.38882,1.00,1.00
2017.06.30 14:05:04.370,8.38757,8.38874,1.00,1.00
2017.06.30 14:05:04.472,8.38757,8.38866,1.00,1.00
2017.06.30 14:05:04.776,8.38747,8.38845,1.00,1.00
2017.06.30 14:05:05.368,8.38746,8.38845,1.00,1.00
2017.06.30 14:05:05.732,8.38756,8.38845,1.00,1.00
2017.06.30 14:05:06.074,8.38746,8.38845,1.00,1.00
2017.06.30 14:05:06.277,8.38755,8.38845,1.00,1.00
2017.06.30 14:05:06.727,8.38748,8.38845,1.00,1.00
2017.06.30 14:05:07.113,8.38755,8.38845,1.00,1.00
2017.06.30 14:05:07.317,8.38749,8.38845,1.00,1.00
2017.06.30 14:05:07.371,8.38738,8.38845,1.00,1.00
2017.06.30 14:05:07.424,8.38721,8.38828,1.00,1.00
2017.06.30 14:05:07.631,8.38627,8.38751,1.00,1.00
2017.06.30 14:05:07.682,8.38641,8.38733,1.00,1.00
2017.06.30 14:05:07.795,8.38625,8.38733,1.00,1.00
2017.06.30 14:05:07.847,8.3861,8.38733,1.00,1.00
2017.06.30 14:05:07.898,8.3861,8.38713,1.00,1.00
2017.06.30 14:05:08.053,8.38589,8.38707,1.00,1.00
2017.06.30 14:05:08.258,8.38605,8.38703,1.00,1.00
2017.06.30 14:05:08.417,8.38582,8.38692,1.00,1.00
2017.06.30 14:05:08.474,8.38566,8.38672,1.00,1.00
2017.06.30 14:05:08.781,8.38587,8.38692,1.00,1.00
2017.06.30 14:05:09.086,8.38587,8.38679,1.00,1.00
2017.06.30 14:05:09.409,8.38617,8.38679,1.00,1.00
2017.06.30 14:05:09.663,8.38617,8.38716,1.00,1.00
2017.06.30 14:05:09.765,8.38606,8.38716,1.00,1.00
2017.06.30 14:05:09.816,8.38592,8.38716,1.00,1.50
2017.06.30 14:05:09.974,8.38589,8.3866,1.00,1.00
2017.06.30 14:05:10.025,8.38518,8.38628,1.00,1.00
2017.06.30 14:05:10.228,8.38518,8.3861,1.00,1.00
2017.06.30 14:05:10.431,8.38518,8.38628,1.00,1.00
2017.06.30 14:05:10.874,8.38524,8.38628,1.00,1.00
2017.06.30 14:05:11.244,8.3853,8.38628,1.00,1.00
2017.06.30 14:05:11.797,8.38555,8.38628,1.00,1.00
2017.06.30 14:05:11.950,8.38568,8.38644,1.00,1.00
2017.06.30 14:05:12.052,8.38568,8.3868,1.00,1.00
2017.06.30 14:05:12.791,8.38561,8.3868,1.00,1.00
2017.06.30 14:05:13.395,8.38554,8.38676,1.00,1.00
2017.06.30 14:05:13.446,8.38567,8.3868,1.00,1.00
2017.06.30 14:05:13.540,8.3857,8.38693,1.00,1.00
2017.06.30 14:05:13.592,8.38592,8.38697,1.00,1.00
2017.06.30 14:05:13.851,8.3861,8.38724,1.00,1.00
2017.06.30 14:05:13.903,8.3863,8.38724,1.00,1.00
2017.06.30 14:05:14.056,8.3863,8.38747,1.00,1.00
2017.06.30 14:05:14.335,8.3863,8.3873,1.00,1.00
2017.06.30 14:05:14.690,8.3862,8.3873,1.00,1.00
2017.06.30 14:05:14.994,8.38615,8.3873,1.00,1.00
2017.06.30 14:05:15.194,8.38604,8.38722,1.00,1.00
2017.06.30 14:05:15.246,8.38604,8.38708,1.00,1.00
2017.06.30 14:05:15.297,8.38604,8.38712,1.00,1.00
2017.06.30 14:05:15.348,8.38585,8.38712,1.00,1.50
2017.06.30 14:05:15.400,8.38585,8.38688,1.00,1.00
2017.06.30 14:05:15.451,8.38569,8.38688,1.00,1.00
2017.06.30 14:05:15.553,8.38558,8.38678,1.00,1.00
2017.06.30 14:05:15.604,8.38577,8.38678,1.00,1.00
2017.06.30 14:05:16.006,8.38551,8.38667,1.00,1.00
2017.06.30 14:05:16.159,8.38541,8.3866,1.00,1.00
2017.06.30 14:05:16.362,8.38533,8.38657,1.00,1.00
2017.06.30 14:05:16.464,8.38522,8.38645,1.00,1.00
2017.06.30 14:05:16.798,8.38532,8.38645,1.00,1.00
2017.06.30 14:05:18.027,8.38527,8.38645,1.00,1.00
2017.06.30 14:05:18.430,8.38548,8.38645,1.00,1.00
2017.06.30 14:05:18.773,8.38548,8.38657,1.00,1.00
2017.06.30 14:05:19.086,8.38537,8.38657,1.00,1.00
2017.06.30 14:05:19.999,8.38531,8.38657,1.00,1.00
2017.06.30 14:05:20.257,8.38536,8.38657,1.00,1.00
2017.06.30 14:05:20.945,8.38546,8.38657,1.00,1.00
2017.06.30 14:05:21.581,8.38542,8.38657,1.00,1.00
2017.06.30 14:05:21.740,8.38549,8.38657,1.00,1.00
2017.06.30 14:05:22.668,8.38542,8.38657,1.00,1.00
2017.06.30 14:05:22.771,8.38547,8.38657,1.00,1.00
2017.06.30 14:05:23.474,8.38537,8.38657,1.00,1.00
2017.06.30 14:05:23.576,8.38548,8.38657,1.00,1.00
2017.06.30 14:05:23.830,8.38531,8.38657,1.00,1.00
2017.06.30 14:05:24.394,8.3853,8.38644,1.00,1.00
2017.06.30 14:05:24.548,8.38512,8.38632,1.00,1.00
2017.06.30 14:05:24.599,8.38502,8.38617,1.00,1.00
2017.06.30 14:05:25.054,8.38492,8.38617,1.00,1.00
2017.06.30 14:05:25.546,8.38499,8.38617,1.00,1.00
2017.06.30 14:05:25.885,8.3854,8.38657,1.00,1.00
2017.06.30 14:05:26.201,8.38555,8.38672,1.00,1.00
2017.06.30 14:05:26.404,8.38545,8.38672,1.00,1.00
2017.06.30 14:05:26.506,8.38541,8.38657,1.00,1.00
2017.06.30 14:05:26.608,8.38546,8.38671,1.00,1.00
2017.06.30 14:05:26.783,8.38555,8.38671,1.00,1.00
2017.06.30 14:05:27.142,8.38561,8.38671,1.00,1.00
2017.06.30 14:05:27.761,8.38567,8.38671,1.00,1.00
2017.06.30 14:05:28.656,8.38562,8.38671,1.00,1.00
2017.06.30 14:05:29.684,8.38564,8.38671,1.00,1.00
2017.06.30 14:05:30.132,8.38559,8.38671,1.00,1.00
2017.06.30 14:05:30.183,8.3855,8.38671,1.00,1.00
2017.06.30 14:05:30.488,8.3856,8.38671,1.00,1.00
2017.06.30 14:05:30.793,8.3856,8.38654,1.00,1.00
2017.06.30 14:05:31.654,8.3854,8.38654,1.00,1.00
2017.06.30 14:05:32.472,8.38534,8.38654,1.00,1.00
2017.06.30 14:05:32.929,8.38533,8.38635,1.00,1.00
2017.06.30 14:05:33.032,8.38533,8.38651,1.00,1.00
2017.06.30 14:05:33.083,8.38533,8.38636,1.00,1.00
2017.06.30 14:05:33.299,8.38524,8.38636,1.00,1.00
2017.06.30 14:05:33.350,8.38516,8.38636,1.00,1.00
2017.06.30 14:05:33.401,8.38516,8.3862,1.00,1.00
2017.06.30 14:05:33.847,8.38501,8.3862,1.00,1.00
2017.06.30 14:05:34.282,8.38528,8.3862,1.00,1.00
2017.06.30 14:05:34.333,8.38528,8.38636,1.00,1.00
2017.06.30 14:05:34.587,8.38539,8.38636,1.00,1.00
2017.06.30 14:05:34.689,8.38539,8.38653,1.00,1.00
2017.06.30 14:05:34.804,8.38555,8.38653,1.00,1.00
2017.06.30 14:05:35.007,8.3857,8.38669,1.00,1.00
2017.06.30 14:05:35.399,8.3857,8.38696,1.50,1.50
2017.06.30 14:05:35.774,8.38583,8.38696,1.00,1.00
2017.06.30 14:05:35.876,8.38573,8.38696,1.00,1.00
2017.06.30 14:05:35.927,8.3857,8.3869,1.00,1.00
2017.06.30 14:05:35.979,8.3857,8.38696,1.00,1.00
2017.06.30 14:05:36.104,8.38552,8.38671,1.00,1.00
2017.06.30 14:05:38.273,8.38547,8.38671,1.00,1.00
2017.06.30 14:05:38.375,8.38547,8.38666,1.00,1.00
2017.06.30 14:05:38.682,8.38542,8.38647,1.00,1.00
2017.06.30 14:05:38.993,8.38553,8.38647,1.00,1.00
2017.06.30 14:05:39.298,8.38553,8.38664,1.00,1.00
2017.06.30 14:05:39.469,8.3856,8.38664,1.00,1.00
2017.06.30 14:05:40.488,8.38552,8.38664,1.00,1.00
2017.06.30 14:05:40.539,8.38546,8.38664,1.00,1.00
2017.06.30 14:05:40.642,8.38539,8.38642,1.00,1.00
2017.06.30 14:05:40.946,8.38535,8.38642,1.00,1.00
2017.06.30 14:05:41.932,8.38544,8.38642,1.00,1.00
2017.06.30 14:05:42.137,8.38552,8.38656,1.00,1.00
2017.06.30 14:05:42.341,8.38552,8.38639,1.00,1.00
2017.06.30 14:05:42.928,8.38548,8.38639,1.00,1.00
2017.06.30 14:05:43.764,8.38545,8.38639,1.00,1.00
2017.06.30 14:05:43.866,8.3853,8.38639,1.00,1.00
2017.06.30 14:05:48.069,8.38534,8.38639,1.00,1.00
2017.06.30 14:05:48.374,8.38554,8.38639,1.00,1.00
2017.06.30 14:05:48.425,8.38566,8.38659,1.00,1.00
2017.06.30 14:05:48.527,8.38566,8.38662,1.00,1.00
2017.06.30 14:05:49.330,8.3856,8.38662,1.00,1.00
2017.06.30 14:05:49.382,8.38553,8.38662,1.00,1.00
2017.06.30 14:05:50.492,8.38557,8.38662,1.00,1.00
2017.06.30 14:05:50.776,8.38549,8.38662,1.00,1.00
2017.06.30 14:05:51.849,8.38553,8.38662,1.00,1.00
2017.06.30 14:05:53.140,8.38558,8.38662,1.00,1.00
2017.06.30 14:05:53.192,8.38555,8.38662,1.00,1.00
2017.06.30 14:05:53.345,8.38557,8.38681,1.00,1.00
2017.06.30 14:05:53.501,8.38557,8.38683,1.00,1.00
2017.06.30 14:05:53.753,8.3855,8.3866,1.00,1.00
2017.06.30 14:05:53.856,8.38536,8.3866,1.00,1.00
2017.06.30 14:05:54.062,8.38521,8.38646,1.00,1.00
2017.06.30 14:05:54.612,8.38523,8.38646,1.00,1.00
2017.06.30 14:05:54.988,8.38532,8.38646,1.00,1.00
2017.06.30 14:05:55.141,8.38542,8.38667,1.00,1.00
2017.06.30 14:05:55.243,8.38542,8.38669,1.00,1.00
2017.06.30 14:05:57.266,8.38528,8.38638,1.00,1.00
2017.06.30 14:05:57.317,8.38521,8.38638,1.00,1.00
2017.06.30 14:05:57.369,8.38514,8.38638,1.00,1.00
2017.06.30 14:05:57.932,8.38517,8.38638,1.00,1.00
2017.06.30 14:05:58.136,8.38551,8.38676,1.00,1.00
2017.06.30 14:05:58.879,8.38554,8.38676,1.00,1.00
2017.06.30 14:05:59.352,8.3856,8.38676,1.00,1.00
2017.06.30 14:05:59.455,8.3857,8.38691,1.00,1.00
2017.06.30 14:05:59.837,8.38564,8.38691,1.00,1.00
2017.06.30 14:06:00.167,8.38564,8.38669,1.00,1.00
2017.06.30 14:06:00.269,8.38564,8.38683,1.00,1.00
2017.06.30 14:06:00.925,8.38579,8.38683,1.00,1.00
2017.06.30 14:06:01.078,8.38576,8.38683,1.00,1.00
2017.06.30 14:06:01.180,8.38576,8.38668,1.00,1.00
2017.06.30 14:06:02.009,8.38573,8.38668,1.00,1.00
2017.06.30 14:06:02.168,8.38567,8.38668,1.00,1.00
2017.06.30 14:06:05.818,8.38551,8.38668,1.00,1.00
2017.06.30 14:06:05.870,8.38541,8.38663,1.00,1.00
2017.06.30 14:06:05.971,8.38541,8.38646,1.00,1.00
2017.06.30 14:06:06.073,8.38521,8.38637,1.00,1.00
2017.06.30 14:06:06.124,8.38519,8.38637,1.00,1.00
2017.06.30 14:06:06.175,8.38549,8.38637,1.00,1.00
2017.06.30 14:06:06.306,8.38549,8.3865,1.00,1.00
2017.06.30 14:06:06.673,8.38549,8.38665,1.00,1.00
2017.06.30 14:06:07.164,8.38546,8.38665,1.00,1.00
2017.06.30 14:06:07.982,8.3854,8.38663,1.00,1.00
2017.06.30 14:06:08.370,8.38544,8.38665,1.00,1.00
2017.06.30 14:06:09.140,8.38548,8.38665,1.00,1.00
2017.06.30 14:06:11.998,8.38559,8.38665,1.00,1.00
2017.06.30 14:06:12.100,8.38559,8.38683,1.00,1.00
2017.06.30 14:06:12.202,8.38573,8.38683,1.00,1.00
2017.06.30 14:06:12.304,8.38559,8.38683,1.50,1.00
2017.06.30 14:06:13.012,8.38564,8.38684,1.00,1.00
2017.06.30 14:06:13.399,8.38585,8.38707,1.00,1.07
2017.06.30 14:06:13.745,8.38573,8.38676,1.00,1.00
2017.06.30 14:06:14.237,8.38568,8.38676,1.00,1.00
2017.06.30 14:06:15.076,8.38549,8.38668,1.00,1.00
2017.06.30 14:06:15.374,8.38525,8.38649,1.00,1.00
2017.06.30 14:06:15.476,8.38509,8.38629,1.00,1.00
2017.06.30 14:06:15.815,8.38503,8.38618,1.00,1.00
2017.06.30 14:06:16.119,8.38491,8.38614,1.00,1.07
2017.06.30 14:06:16.446,8.38475,8.38596,1.00,1.30
2017.06.30 14:06:16.497,8.3847,8.38591,1.00,1.67
2017.06.30 14:06:18.989,8.3847,8.38595,1.00,1.67
2017.06.30 14:06:19.040,8.3847,8.38595,1.00,1.37
2017.06.30 14:06:19.091,8.3848,8.38571,1.00,1.20
2017.06.30 14:06:19.244,8.3847,8.38571,1.50,1.81
2017.06.30 14:06:19.498,8.38461,8.38572,1.00,1.81
2017.06.30 14:06:20.234,8.38455,8.38572,1.00,1.81
2017.06.30 14:06:20.489,8.38465,8.38572,1.00,1.81
2017.06.30 14:06:20.597,8.38462,8.38571,1.00,1.81
2017.06.30 14:06:20.700,8.38456,8.38572,1.00,1.81
2017.06.30 14:06:21.237,8.38456,8.38571,1.00,1.81
2017.06.30 14:06:21.440,8.3845,8.38571,1.00,1.81
2017.06.30 14:06:21.983,8.3845,8.38574,1.00,1.00
2017.06.30 14:06:22.132,8.38461,8.38574,1.00,1.00
2017.06.30 14:06:22.437,8.38494,8.38592,1.00,1.00
2017.06.30 14:06:22.488,8.38494,8.38611,1.00,1.00
2017.06.30 14:06:22.590,8.38513,8.38615,1.00,1.00
2017.06.30 14:06:22.692,8.38513,8.38632,1.00,1.00
2017.06.30 14:06:22.948,8.38531,8.38632,1.00,1.00
2017.06.30 14:06:23.000,8.38531,8.38647,1.00,1.00
2017.06.30 14:06:23.051,8.38542,8.38647,1.00,1.00
2017.06.30 14:06:23.209,8.38555,8.38678,1.00,1.00
2017.06.30 14:06:23.683,8.38555,8.38664,1.00,1.00
2017.06.30 14:06:24.068,8.38549,8.38664,1.00,1.00
2017.06.30 14:06:24.703,8.38556,8.38677,1.00,1.00
2017.06.30 14:06:28.209,8.38556,8.38657,1.00,1.00
2017.06.30 14:06:28.361,8.38553,8.38657,1.00,1.00
2017.06.30 14:06:28.800,8.3856,8.38657,1.00,1.00
2017.06.30 14:06:28.851,8.38556,8.38657,1.00,1.00
2017.06.30 14:06:28.902,8.38556,8.3867,1.00,1.00
2017.06.30 14:06:29.004,8.38556,8.38656,1.00,1.00
2017.06.30 14:06:29.809,8.38562,8.38656,1.00,1.00
2017.06.30 14:06:29.962,8.38549,8.38656,1.00,1.00
2017.06.30 14:06:30.013,8.38549,8.3867,1.00,1.00
2017.06.30 14:06:30.715,8.3856,8.3867,1.00,1.00
2017.06.30 14:06:31.566,8.38545,8.3867,1.50,1.00
2017.06.30 14:06:31.820,8.38545,8.38655,1.00,1.00
2017.06.30 14:06:32.126,8.38563,8.38655,1.00,1.00
2017.06.30 14:06:32.219,8.38563,8.38675,1.00,1.00
2017.06.30 14:06:32.270,8.38563,8.38677,1.00,1.00
2017.06.30 14:06:33.017,8.38567,8.38677,1.00,1.00
2017.06.30 14:06:33.482,8.38571,8.38677,1.00,1.00
2017.06.30 14:06:33.635,8.38565,8.3868,1.00,1.00
2017.06.30 14:06:33.737,8.38554,8.38675,1.00,1.00
2017.06.30 14:06:34.099,8.38561,8.38675,1.00,1.00
2017.06.30 14:06:34.345,8.38572,8.38695,1.50,1.07
2017.06.30 14:06:35.124,8.38574,8.38696,1.00,1.07
2017.06.30 14:06:35.857,8.38572,8.38692,1.00,1.00
2017.06.30 14:06:36.532,8.38572,8.38679,1.00,1.00
2017.06.30 14:06:36.736,8.38542,8.38666,1.00,1.00
2017.06.30 14:06:37.490,8.38542,8.38656,1.00,1.00
2017.06.30 14:06:37.541,8.38542,8.38667,1.00,1.00
2017.06.30 14:06:37.693,8.38542,8.38659,1.00,1.00
2017.06.30 14:06:37.744,8.38514,8.38638,1.00,1.00
2017.06.30 14:06:37.999,8.38527,8.38638,1.00,1.00
2017.06.30 14:06:38.152,8.38528,8.38653,1.00,1.00
2017.06.30 14:06:39.098,8.38513,8.38632,1.00,1.00
2017.06.30 14:06:39.151,8.3853,8.38656,1.00,1.00
2017.06.30 14:06:39.354,8.38522,8.3864,1.00,1.00
2017.06.30 14:06:40.063,8.38518,8.3864,1.00,1.00
2017.06.30 14:06:40.114,8.38524,8.3864,1.00,1.00
2017.06.30 14:06:40.660,8.38527,8.3864,1.00,1.00
2017.06.30 14:06:41.662,8.3853,8.3864,1.00,1.00
2017.06.30 14:06:43.899,8.38515,8.3864,1.00,1.00
2017.06.30 14:06:44.259,8.38527,8.3864,1.00,1.00
2017.06.30 14:06:44.361,8.38541,8.38655,1.00,1.00
2017.06.30 14:06:44.486,8.3855,8.3867,1.00,1.00
2017.06.30 14:06:46.081,8.38545,8.3867,1.00,1.00
2017.06.30 14:06:46.133,8.38543,8.3867,1.00,1.00
2017.06.30 14:06:46.285,8.38535,8.3865,1.00,1.00
2017.06.30 14:06:46.550,8.38524,8.3865,1.00,1.00
2017.06.30 14:06:49.251,8.38513,8.38632,1.00,1.00
2017.06.30 14:06:49.725,8.38509,8.38632,1.00,1.00
2017.06.30 14:06:50.312,8.38507,8.38632,1.00,1.00
2017.06.30 14:06:51.701,8.38508,8.38632,1.00,1.00
2017.06.30 14:06:52.768,8.38507,8.38632,1.00,1.00
2017.06.30 14:06:52.819,8.38507,8.38627,1.00,1.00
2017.06.30 14:06:53.135,8.38484,8.38601,1.00,1.00
2017.06.30 14:06:53.463,8.38489,8.38616,1.00,1.00
2017.06.30 14:06:53.666,8.38476,8.386,1.00,1.07
2017.06.30 14:06:53.971,8.38485,8.386,1.00,1.07
2017.06.30 14:06:54.348,8.38473,8.386,1.00,1.61
2017.06.30 14:06:54.852,8.38473,8.386,1.00,1.61
2017.06.30 14:06:55.221,8.38489,8.386,1.00,1.61
2017.06.30 14:06:55.776,8.38489,8.38615,1.50,1.39
2017.06.30 14:06:55.828,8.38489,8.38615,1.50,1.27
2017.06.30 14:06:55.930,8.38489,8.38581,1.00,1.00
2017.06.30 14:06:56.133,8.38417,8.3854,1.00,1.00
2017.06.30 14:06:56.184,8.38417,8.38519,1.00,1.00
2017.06.30 14:06:56.305,8.38398,8.38519,1.00,1.00
2017.06.30 14:06:56.356,8.38396,8.38514,1.00,1.00
2017.06.30 14:06:56.408,8.38382,8.38501,1.00,1.00
2017.06.30 14:06:56.509,8.38397,8.38509,1.00,1.00
2017.06.30 14:06:56.764,8.3842,8.38544,1.00,1.07
2017.06.30 14:06:57.638,8.3842,8.38544,1.00,1.07
2017.06.30 14:06:57.789,8.3842,8.38544,1.60,1.07
2017.06.30 14:06:58.094,8.3849,8.38612,1.00,1.00
2017.06.30 14:06:58.875,8.3848,8.38594,1.00,1.00
2017.06.30 14:06:58.978,8.38492,8.38609,1.00,1.00
2017.06.30 14:06:59.081,8.38497,8.38619,1.00,1.00
2017.06.30 14:06:59.183,8.38492,8.38609,1.00,1.00
2017.06.30 14:06:59.493,8.38506,8.38629,1.00,1.00
2017.06.30 14:06:59.544,8.38504,8.38614,1.00,1.00
2017.06.30 14:06:59.798,8.3849,8.38613,1.00,1.00
2017.06.30 14:06:59.951,8.38488,8.38609,1.00,1.00
2017.06.30 14:07:00.297,8.38488,8.38605,1.00,1.00
2017.06.30 14:07:00.939,8.38488,8.38593,1.00,1.00
2017.06.30 14:07:00.990,8.38467,8.38591,1.37,1.00
2017.06.30 14:07:01.168,8.38464,8.38581,1.37,1.00
2017.06.30 14:07:01.472,8.38446,8.38567,1.00,1.00
2017.06.30 14:07:01.808,8.3844,8.38558,1.37,1.00
2017.06.30 14:07:02.976,8.3844,8.38558,1.00,1.00
2017.06.30 14:07:03.540,8.38436,8.38558,1.60,1.00
2017.06.30 14:07:03.591,8.38446,8.38563,1.00,1.00
2017.06.30 14:07:03.643,8.38446,8.38567,1.00,1.00
2017.06.30 14:07:04.632,8.38446,8.38568,1.00,1.00
2017.06.30 14:07:05.685,8.38446,8.38566,1.00,1.00
2017.06.30 14:07:05.956,8.38447,8.38571,1.00,1.00
2017.06.30 14:07:06.493,8.38447,8.38572,1.00,1.00
2017.06.30 14:07:07.027,8.3845,8.38573,1.00,1.50
2017.06.30 14:07:08.208,8.38468,8.38573,1.00,1.00
2017.06.30 14:07:08.260,8.38462,8.38573,1.00,1.00
2017.06.30 14:07:08.312,8.38471,8.38587,1.00,1.00
2017.06.30 14:07:08.465,8.38482,8.38587,1.00,1.00
2017.06.30 14:07:08.516,8.38492,8.38606,1.00,1.00
2017.06.30 14:07:08.567,8.38492,8.38608,1.00,1.00
2017.06.30 14:07:08.619,8.38498,8.38617,1.00,1.00
2017.06.30 14:07:09.892,8.38498,8.38613,1.00,1.00
2017.06.30 14:07:10.294,8.3849,8.38605,1.00,1.00
2017.06.30 14:07:10.894,8.38488,8.38605,1.00,1.00
2017.06.30 14:07:11.789,8.38478,8.38583,1.00,1.00
2017.06.30 14:07:11.992,8.38455,8.38561,1.00,1.00
2017.06.30 14:07:12.246,8.38436,8.38556,1.00,1.00
2017.06.30 14:07:12.929,8.38432,8.38556,1.37,1.00
2017.06.30 14:07:13.370,8.38432,8.38556,1.00,1.07
2017.06.30 14:07:13.422,8.3843,8.38529,1.00,1.30
2017.06.30 14:07:13.525,8.38416,8.38529,1.00,1.80
2017.06.30 14:07:13.713,8.38396,8.38511,1.00,1.00
2017.06.30 14:07:13.764,8.38394,8.38511,1.00,1.07
2017.06.30 14:07:14.069,8.38394,8.3847,1.00,1.15
2017.06.30 14:07:14.120,8.38374,8.3847,1.00,1.15
2017.06.30 14:07:14.172,8.38358,8.38461,1.00,1.07
2017.06.30 14:07:14.527,8.38338,8.38452,1.00,1.07
2017.06.30 14:07:14.578,8.38328,8.38452,1.00,1.07
2017.06.30 14:07:15.073,8.38328,8.38438,1.00,1.00
2017.06.30 14:07:15.352,8.38328,8.38451,1.00,1.07
2017.06.30 14:07:15.454,8.38335,8.38455,1.00,1.07
2017.06.30 14:07:16.374,8.38335,8.38455,1.00,1.07
2017.06.30 14:07:17.044,8.38334,8.38455,1.00,1.07
2017.06.30 14:07:17.626,8.38334,8.38455,1.00,1.07
2017.06.30 14:07:17.975,8.38338,8.38455,1.00,1.07
2017.06.30 14:07:18.504,8.38329,8.38452,1.00,1.07
2017.06.30 14:07:22.051,8.38329,8.38452,1.00,1.07
2017.06.30 14:07:22.750,8.38329,8.38452,1.00,1.07
2017.06.30 14:07:23.329,8.38328,8.38447,1.00,1.07
2017.06.30 14:07:24.937,8.38328,8.38451,1.00,1.07
2017.06.30 14:07:26.197,8.38337,8.38455,1.00,1.07
2017.06.30 14:07:26.299,8.38328,8.38453,1.50,1.07
2017.06.30 14:07:28.340,8.38331,8.38455,1.00,1.07
2017.06.30 14:07:28.391,8.38328,8.3845,1.00,1.07
2017.06.30 14:07:28.973,8.38328,8.3845,1.00,1.30
2017.06.30 14:07:29.372,8.3831,8.38408,1.00,1.07
2017.06.30 14:07:29.474,8.3829,8.3837,1.00,1.00
2017.06.30 14:07:29.525,8.38284,8.3837,1.00,1.00
2017.06.30 14:07:29.682,8.38245,8.38367,1.00,1.00
2017.06.30 14:07:29.733,8.3824,8.38349,1.00,1.00
2017.06.30 14:07:29.835,8.38225,8.38349,1.00,1.00
2017.06.30 14:07:29.891,8.38225,8.3833,1.00,1.00
2017.06.30 14:07:29.942,8.38231,8.3835,1.00,1.50
2017.06.30 14:07:30.145,8.38225,8.38341,1.00,1.00
2017.06.30 14:07:30.298,8.38216,8.38333,1.00,1.00
2017.06.30 14:07:30.561,8.3821,8.38326,1.00,1.00
2017.06.30 14:07:31.482,8.38217,8.38326,1.00,1.00
2017.06.30 14:07:31.686,8.38234,8.38351,1.00,1.00
2017.06.30 14:07:31.788,8.3824,8.38359,1.00,1.00
2017.06.30 14:07:31.992,8.38234,8.3835,1.00,1.00
2017.06.30 14:07:32.297,8.3821,8.38316,1.00,1.00
2017.06.30 14:07:32.348,8.38195,8.38316,1.00,1.00
2017.06.30 14:07:32.399,8.38195,8.383,1.00,1.00
2017.06.30 14:07:33.004,8.38206,8.38321,1.00,1.00
2017.06.30 14:07:33.156,8.38195,8.38309,1.00,1.00
2017.06.30 14:07:33.460,8.38184,8.38306,1.00,1.00
2017.06.30 14:07:34.419,8.3818,8.383,1.00,1.00
2017.06.30 14:07:35.767,8.3818,8.38292,1.00,1.00
2017.06.30 14:07:35.869,8.38161,8.38275,1.00,1.00
2017.06.30 14:07:35.921,8.38152,8.38275,1.00,1.00
2017.06.30 14:07:36.742,8.38157,8.38279,1.00,1.00
2017.06.30 14:07:36.959,8.38168,8.38293,1.50,1.00
2017.06.30 14:07:37.570,8.38173,8.38295,1.00,1.00
2017.06.30 14:07:37.840,8.3817,8.38293,1.00,1.00
2017.06.30 14:07:37.892,8.38168,8.38287,1.00,1.00
2017.06.30 14:07:38.820,8.38168,8.38277,1.00,1.00
2017.06.30 14:07:38.871,8.38154,8.38273,1.00,1.00
2017.06.30 14:07:38.922,8.38147,8.38272,1.00,1.00
2017.06.30 14:07:39.024,8.38156,8.38273,1.00,1.00
2017.06.30 14:07:39.989,8.38157,8.38273,1.00,1.00
2017.06.30 14:07:40.982,8.38161,8.38273,1.00,1.00
2017.06.30 14:07:43.736,8.38153,8.38273,1.00,1.00
2017.06.30 14:07:43.787,8.38149,8.38273,1.00,1.00
2017.06.30 14:07:44.186,8.38163,8.38274,1.00,1.00
2017.06.30 14:07:44.745,8.38163,8.38284,1.00,1.00
2017.06.30 14:07:45.715,8.38163,8.38279,1.00,1.00
2017.06.30 14:07:50.949,8.38167,8.3829,1.00,1.50
2017.06.30 14:07:51.006,8.38178,8.38295,1.00,1.00
2017.06.30 14:07:51.318,8.3818,8.38295,1.00,1.00
2017.06.30 14:07:51.838,8.38198,8.38295,1.00,1.00
2017.06.30 14:07:51.940,8.38175,8.38297,1.00,1.00
2017.06.30 14:07:52.349,8.38175,8.38293,1.00,1.00
2017.06.30 14:07:52.933,8.38175,8.38287,1.00,1.00
2017.06.30 14:07:53.313,8.38175,8.38282,1.00,1.00
2017.06.30 14:07:54.990,8.38175,8.38271,1.00,1.00
2017.06.30 14:07:55.041,8.3816,8.38271,1.00,1.00
2017.06.30 14:07:55.144,8.38148,8.38271,1.00,1.00
2017.06.30 14:07:55.246,8.38162,8.38272,1.00,1.00
2017.06.30 14:07:55.417,8.38162,8.38287,1.00,1.00
2017.06.30 14:07:56.008,8.38178,8.38302,1.00,1.00
2017.06.30 14:07:56.426,8.38177,8.38299,1.00,1.00
2017.06.30 14:07:56.809,8.38177,8.38292,1.00,1.00
2017.06.30 14:07:56.922,8.38167,8.38286,1.00,1.00
2017.06.30 14:07:57.102,8.3816,8.38278,1.00,1.00
2017.06.30 14:07:57.409,8.38146,8.38263,1.00,1.00
2017.06.30 14:07:57.719,8.38157,8.38273,1.00,1.00
2017.06.30 14:07:58.098,8.38171,8.38273,1.00,1.00
2017.06.30 14:07:58.275,8.38171,8.38289,1.00,1.00
2017.06.30 14:07:58.428,8.38176,8.38288,1.00,1.00
2017.06.30 14:07:58.530,8.38176,8.38296,1.00,1.00
2017.06.30 14:07:58.850,8.38194,8.38296,1.00,1.00
2017.06.30 14:07:59.517,8.38194,8.38292,1.00,1.00
2017.06.30 14:07:59.568,8.3818,8.38292,1.00,1.00
2017.06.30 14:07:59.671,8.3818,8.38303,1.00,1.00
2017.06.30 14:07:59.887,8.38194,8.38303,1.00,1.00
2017.06.30 14:08:00.244,8.38178,8.38298,1.00,1.00
2017.06.30 14:08:00.346,8.38171,8.38293,1.00,1.00
2017.06.30 14:08:00.449,8.38179,8.38298,1.00,1.00
2017.06.30 14:08:00.933,8.38189,8.38298,1.00,1.00
2017.06.30 14:08:01.086,8.38198,8.38316,1.00,1.00
2017.06.30 14:08:01.239,8.38217,8.38335,1.00,1.00
2017.06.30 14:08:01.291,8.38217,8.38342,1.00,1.07
2017.06.30 14:08:01.342,8.38217,8.38342,1.00,1.22
2017.06.30 14:08:01.659,8.38197,8.38313,1.00,1.07
2017.06.30 14:08:01.765,8.38188,8.38306,1.00,1.07
2017.06.30 14:08:02.281,8.38179,8.38294,1.00,1.07
2017.06.30 14:08:02.332,8.38179,8.38283,1.00,1.00
2017.06.30 14:08:02.524,8.38158,8.38277,1.00,1.00
2017.06.30 14:08:03.626,8.38171,8.38277,1.00,1.00
2017.06.30 14:08:03.677,8.38171,8.38294,1.00,1.07
2017.06.30 14:08:05.395,8.38181,8.38294,1.00,1.07
2017.06.30 14:08:05.771,8.38189,8.38302,1.00,1.07
2017.06.30 14:08:06.408,8.38187,8.38302,1.00,1.07
2017.06.30 14:08:06.624,8.38182,8.38302,1.00,1.07
2017.06.30 14:08:08.589,8.38185,8.38302,1.00,1.07
2017.06.30 14:08:08.897,8.38196,8.38316,1.00,1.17
2017.06.30 14:08:10.096,8.38193,8.38316,1.00,1.65
2017.06.30 14:08:10.147,8.3819,8.38307,1.00,1.07
2017.06.30 14:08:10.300,8.38182,8.3828,1.00,1.00
2017.06.30 14:08:10.615,8.38255,8.38332,1.00,1.00
2017.06.30 14:08:10.717,8.38255,8.38363,1.00,1.00
2017.06.30 14:08:10.971,8.38277,8.38363,1.00,1.00
2017.06.30 14:08:11.216,8.38319,8.3844,1.00,1.00
2017.06.30 14:08:11.471,8.38326,8.3844,1.00,1.00
2017.06.30 14:08:11.574,8.38314,8.3844,1.00,1.50
2017.06.30 14:08:11.625,8.3833,8.3844,1.00,1.00
2017.06.30 14:08:11.677,8.38315,8.3844,1.00,1.50
2017.06.30 14:08:11.841,8.38336,8.3844,1.00,1.00
2017.06.30 14:08:12.538,8.38327,8.3844,1.00,1.00
2017.06.30 14:08:12.841,8.38313,8.38433,1.00,1.00
2017.06.30 14:08:12.943,8.38308,8.38421,1.00,1.00
2017.06.30 14:08:13.537,8.38316,8.38421,1.00,1.00
2017.06.30 14:08:13.943,8.38321,8.38421,1.00,1.00
2017.06.30 14:08:14.044,8.38321,8.38441,1.00,1.00
2017.06.30 14:08:14.299,8.38321,8.38419,1.00,1.00
2017.06.30 14:08:14.644,8.38312,8.38419,1.00,1.00
2017.06.30 14:08:14.809,8.38312,8.38404,1.00,1.00
2017.06.30 14:08:15.013,8.38314,8.38422,1.00,1.00
2017.06.30 14:08:15.114,8.38318,8.38442,1.00,1.00
2017.06.30 14:08:15.233,8.38314,8.38428,1.00,1.00
2017.06.30 14:08:15.639,8.38321,8.38428,1.00,1.00
2017.06.30 14:08:16.158,8.38329,8.38428,1.00,1.00
2017.06.30 14:08:16.312,8.38329,8.38443,1.00,1.10
2017.06.30 14:08:16.578,8.38336,8.38443,1.00,1.10
2017.06.30 14:08:16.843,8.3833,8.38443,1.00,1.10
2017.06.30 14:08:16.894,8.3833,8.3844,1.00,1.00
2017.06.30 14:08:17.243,8.38336,8.3842,1.00,1.00
2017.06.30 14:08:17.345,8.38328,8.38434,1.00,1.00
2017.06.30 14:08:17.447,8.38328,8.3845,1.00,1.07
2017.06.30 14:08:17.602,8.38328,8.38435,1.00,1.00
2017.06.30 14:08:18.044,8.38319,8.38435,1.00,1.00
2017.06.30 14:08:18.146,8.38325,8.38435,1.00,1.00
2017.06.30 14:08:18.350,8.38327,8.38441,1.00,1.00
2017.06.30 14:08:19.220,8.38332,8.38441,1.00,1.00
2017.06.30 14:08:19.532,8.38355,8.38441,1.00,1.00
2017.06.30 14:08:19.789,8.38334,8.38441,1.00,1.00
2017.06.30 14:08:19.892,8.38321,8.38441,1.00,1.00
2017.06.30 14:08:19.943,8.38315,8.38435,1.00,1.00
2017.06.30 14:08:20.252,8.38309,8.38406,1.00,1.00
2017.06.30 14:08:20.508,8.38295,8.38406,1.00,1.00
2017.06.30 14:08:20.609,8.38295,8.38392,1.00,1.00
2017.06.30 14:08:20.660,8.38281,8.38392,1.00,1.00
2017.06.30 14:08:20.813,8.38281,8.38377,1.00,1.00
2017.06.30 14:08:21.154,8.3829,8.38377,1.00,1.00
2017.06.30 14:08:21.941,8.38287,8.38391,1.00,1.00
2017.06.30 14:08:22.052,8.38297,8.38391,1.00,1.00
2017.06.30 14:08:23.361,8.38302,8.38391,1.00,1.00
2017.06.30 14:08:23.690,8.38314,8.38391,1.00,1.00
2017.06.30 14:08:23.741,8.38314,8.38419,1.00,1.00
2017.06.30 14:08:24.363,8.38306,8.38419,1.00,1.00
2017.06.30 14:08:24.584,8.383,8.38419,1.00,1.00
2017.06.30 14:08:24.686,8.38308,8.38419,1.00,1.00
2017.06.30 14:08:24.940,8.38292,8.3841,1.00,1.00
2017.06.30 14:08:25.042,8.38285,8.38404,1.00,1.00
2017.06.30 14:08:25.177,8.38285,8.38375,1.00,1.00
2017.06.30 14:08:25.365,8.38274,8.38375,1.60,1.00
2017.06.30 14:08:25.489,8.38256,8.38375,1.00,1.00
2017.06.30 14:08:25.541,8.38261,8.38375,1.00,1.00
2017.06.30 14:08:25.847,8.38283,8.38391,1.00,1.00
2017.06.30 14:08:26.575,8.38288,8.38391,1.00,1.00
2017.06.30 14:08:28.435,8.38291,8.38391,1.00,1.00
2017.06.30 14:08:28.549,8.38291,8.38407,1.00,1.00
2017.06.30 14:08:28.891,8.38294,8.38417,1.00,1.00
2017.06.30 14:08:28.993,8.38302,8.38421,1.00,1.00
2017.06.30 14:08:29.304,8.3831,8.38421,1.00,1.00
2017.06.30 14:08:30.393,8.38308,8.38421,1.00,1.00
2017.06.30 14:08:33.981,8.38303,8.38421,1.00,1.00
2017.06.30 14:08:34.032,8.38298,8.38421,1.00,1.00
2017.06.30 14:08:34.083,8.38294,8.38416,1.00,1.00
2017.06.30 14:08:34.429,8.38291,8.384,1.00,1.00
2017.06.30 14:08:35.642,8.38296,8.384,1.00,1.00
2017.06.30 14:08:35.693,8.38296,8.38413,1.00,1.00
2017.06.30 14:08:36.684,8.38294,8.38413,1.00,1.00
2017.06.30 14:08:36.770,8.38298,8.38413,1.00,1.00
2017.06.30 14:08:38.111,8.38324,8.38413,1.00,1.00
2017.06.30 14:08:38.162,8.38324,8.38436,1.00,1.00
2017.06.30 14:08:38.416,8.38313,8.38436,1.00,1.00
2017.06.30 14:08:39.130,8.38317,8.38436,1.00,1.00
2017.06.30 14:08:40.097,8.38315,8.38436,1.00,1.00
2017.06.30 14:08:43.073,8.38311,8.38436,1.00,1.50
2017.06.30 14:08:44.956,8.38316,8.38436,1.00,1.00
2017.06.30 14:08:45.393,8.38321,8.38436,1.00,1.00
2017.06.30 14:08:45.495,8.38313,8.38436,1.00,1.00
2017.06.30 14:08:45.597,8.3833,8.38417,1.00,1.00
2017.06.30 14:08:45.700,8.3833,8.38447,1.00,1.07
2017.06.30 14:08:46.491,8.38311,8.38432,1.00,1.00
2017.06.30 14:08:46.592,8.38311,8.38417,1.00,1.00
2017.06.30 14:08:47.246,8.38304,8.38417,1.00,1.00
2017.06.30 14:08:47.770,8.383,8.38417,1.00,1.00
2017.06.30 14:08:48.082,8.383,8.38401,1.00,1.00
2017.06.30 14:08:49.140,8.3829,8.38401,1.00,1.00
2017.06.30 14:08:49.191,8.38246,8.3837,1.75,1.00
2017.06.30 14:08:49.242,8.38246,8.38372,1.50,1.00
2017.06.30 14:08:49.293,8.38246,8.38343,1.00,1.00
2017.06.30 14:08:49.497,8.38246,8.38362,1.00,1.00
2017.06.30 14:08:50.155,8.3826,8.38362,1.00,1.00
2017.06.30 14:08:50.989,8.38269,8.38362,1.00,1.00
2017.06.30 14:08:52.022,8.38273,8.38362,1.00,1.00
2017.06.30 14:08:52.505,8.38278,8.38362,1.00,1.00
2017.06.30 14:08:52.607,8.38288,8.38402,1.00,1.00
2017.06.30 14:08:52.709,8.38277,8.38402,1.50,1.00
2017.06.30 14:08:52.760,8.38277,8.38389,1.00,1.00
2017.06.30 14:08:53.066,8.38262,8.38373,1.00,1.00
2017.06.30 14:08:53.507,8.38254,8.38373,1.00,1.00
2017.06.30 14:08:53.811,8.38248,8.38373,1.00,1.00
2017.06.30 14:08:54.803,8.38247,8.38373,1.00,1.00
2017.06.30 14:08:55.027,8.38247,8.38357,1.00,1.00
2017.06.30 14:08:57.883,8.38251,8.38357,1.00,1.00
2017.06.30 14:09:01.859,8.38242,8.38357,1.00,1.00
2017.06.30 14:09:01.910,8.38242,8.38357,1.00,1.19
2017.06.30 14:09:02.012,8.38242,8.38357,1.00,1.00
2017.06.30 14:09:02.114,8.38232,8.38357,1.00,1.07
2017.06.30 14:09:02.165,8.38214,8.3834,1.00,1.00
2017.06.30 14:09:02.217,8.38214,8.38329,1.00,1.00
2017.06.30 14:09:02.527,8.38228,8.38334,1.00,1.00
2017.06.30 14:09:02.629,8.38228,8.38349,1.00,1.07
2017.06.30 14:09:02.779,8.38228,8.38329,1.00,1.00
2017.06.30 14:09:02.884,8.38209,8.38329,1.00,1.00
2017.06.30 14:09:04.019,8.38203,8.38323,1.00,1.00
2017.06.30 14:09:04.477,8.38196,8.38313,1.00,1.00
2017.06.30 14:09:04.887,8.38188,8.38312,1.00,1.00
2017.06.30 14:09:04.939,8.38188,8.38292,1.00,1.00
2017.06.30 14:09:05.041,8.38162,8.38284,1.00,1.00
2017.06.30 14:09:05.318,8.38158,8.38266,1.00,1.00
2017.06.30 14:09:05.573,8.38131,8.38246,1.00,1.00
2017.06.30 14:09:05.828,8.38131,8.38228,1.00,1.00
2017.06.30 14:09:06.071,8.38097,8.3821,1.00,1.00
2017.06.30 14:09:06.174,8.38078,8.38205,1.00,1.00
2017.06.30 14:09:06.437,8.38078,8.38203,1.00,1.00
2017.06.30 14:09:06.742,8.38078,8.38205,1.00,1.00
2017.06.30 14:09:07.845,8.38093,8.38211,1.00,1.00
2017.06.30 14:09:08.408,8.38111,8.38219,1.00,1.15
2017.06.30 14:09:08.764,8.38093,8.38215,1.00,1.17
2017.06.30 14:09:09.047,8.38098,8.38219,1.00,1.07
2017.06.30 14:09:09.098,8.38098,8.38219,1.00,1.00
2017.06.30 14:09:09.250,8.38112,8.38234,1.00,1.00
2017.06.30 14:09:09.302,8.38112,8.38234,1.00,1.07
2017.06.30 14:09:09.556,8.38092,8.38216,1.00,1.17
2017.06.30 14:09:10.052,8.38069,8.38189,1.00,1.00
2017.06.30 14:09:10.422,8.38065,8.38189,1.00,1.00
2017.06.30 14:09:10.929,8.38075,8.38189,1.00,1.00
2017.06.30 14:09:11.213,8.38066,8.38189,1.00,1.00
2017.06.30 14:09:12.910,8.38062,8.38189,1.00,1.00
2017.06.30 14:09:13.113,8.38068,8.38189,1.00,1.00
2017.06.30 14:09:13.427,8.3809,8.38216,1.00,1.27
2017.06.30 14:09:14.785,8.3808,8.38201,1.00,1.07
2017.06.30 14:09:14.930,8.38074,8.38201,1.00,1.07
2017.06.30 14:09:17.095,8.38078,8.38201,1.00,1.00
2017.06.30 14:09:17.146,8.38088,8.38201,1.00,1.00
2017.06.30 14:09:17.298,8.38149,8.38268,1.00,1.00
2017.06.30 14:09:17.501,8.38171,8.3829,1.00,1.00
2017.06.30 14:09:17.704,8.38211,8.38337,1.50,1.00
2017.06.30 14:09:17.806,8.38225,8.38342,1.00,1.57
2017.06.30 14:09:18.339,8.38225,8.38347,1.00,1.07
2017.06.30 14:09:20.310,8.38213,8.38333,1.00,1.00
2017.06.30 14:09:20.828,8.38217,8.38333,1.00,1.00
2017.06.30 14:09:21.187,8.38209,8.38333,1.00,1.00
2017.06.30 14:09:21.289,8.38221,8.38343,1.00,1.07
2017.06.30 14:09:22.360,8.3823,8.38348,1.00,1.07
2017.06.30 14:09:22.721,8.38243,8.38363,1.00,1.07
2017.06.30 14:09:23.582,8.38238,8.38363,1.00,1.07
2017.06.30 14:09:24.565,8.38236,8.38363,1.00,1.07
2017.06.30 14:09:24.830,8.3824,8.38363,1.00,1.07
2017.06.30 14:09:25.574,8.38246,8.38363,1.00,1.07
2017.06.30 14:09:25.670,8.38236,8.38363,1.50,1.07
2017.06.30 14:09:26.731,8.38237,8.38363,1.00,1.07
2017.06.30 14:09:26.935,8.38254,8.38363,1.00,1.07
2017.06.30 14:09:27.436,8.38253,8.3837,1.00,1.15
2017.06.30 14:09:27.742,8.38265,8.38378,1.00,1.30
2017.06.30 14:09:28.273,8.38266,8.38393,1.00,1.67
2017.06.30 14:09:29.322,8.38254,8.38377,1.00,1.30
2017.06.30 14:09:29.373,8.3825,8.38373,1.00,1.30
2017.06.30 14:09:29.527,8.38231,8.38357,1.00,1.07
2017.06.30 14:09:30.028,8.38231,8.38357,1.00,1.07
2017.06.30 14:09:30.446,8.38231,8.38357,1.00,1.00
2017.06.30 14:09:30.548,8.38252,8.38357,1.00,1.00
2017.06.30 14:09:30.852,8.38266,8.38356,1.00,1.07
2017.06.30 14:09:30.954,8.3823,8.38355,1.00,1.07
2017.06.30 14:09:31.426,8.38221,8.38336,1.00,1.00
2017.06.30 14:09:31.564,8.38211,8.38336,1.00,1.00
2017.06.30 14:09:32.020,8.38209,8.38333,1.00,1.00
2017.06.30 14:09:35.183,8.38209,8.38336,1.00,1.00
2017.06.30 14:09:35.285,8.38218,8.38336,1.00,1.00
2017.06.30 14:09:35.616,8.38225,8.38351,1.00,1.07
2017.06.30 14:09:36.301,8.38225,8.38351,1.00,1.07
2017.06.30 14:09:36.652,8.38211,8.38329,1.00,1.00
2017.06.30 14:09:37.126,8.38225,8.38345,1.00,1.07
2017.06.30 14:09:38.084,8.38225,8.38351,1.00,1.07
2017.06.30 14:09:38.135,8.38216,8.38337,1.00,1.00
2017.06.30 14:09:38.551,8.38232,8.38351,1.00,1.07
2017.06.30 14:09:40.154,8.38218,8.38343,1.00,1.10
2017.06.30 14:09:40.824,8.38218,8.3834,1.00,1.00
2017.06.30 14:09:40.875,8.38205,8.38329,1.00,1.00
2017.06.30 14:09:41.046,8.38215,8.38329,1.00,1.00
2017.06.30 14:09:41.242,8.3822,8.38347,1.00,1.07
2017.06.30 14:09:44.615,8.3822,8.38347,1.00,1.07
2017.06.30 14:09:45.158,8.3822,8.38347,1.00,1.07
2017.06.30 14:09:48.488,8.38222,8.38347,1.00,1.07
2017.06.30 14:09:48.800,8.38224,8.38349,1.00,1.07
2017.06.30 14:09:48.902,8.38203,8.38328,1.00,1.00
2017.06.30 14:09:49.571,8.38225,8.38328,1.00,1.00
2017.06.30 14:09:49.672,8.38225,8.38346,1.00,1.00
2017.06.30 14:09:49.724,8.38247,8.38346,1.00,1.00
2017.06.30 14:09:49.874,8.38252,8.38365,1.00,1.00
2017.06.30 14:09:49.925,8.38263,8.38372,1.00,1.00
2017.06.30 14:09:50.231,8.38245,8.38371,1.00,1.00
2017.06.30 14:09:50.486,8.38239,8.38353,1.00,1.00
2017.06.30 14:09:50.791,8.38239,8.38353,1.00,1.07
2017.06.30 14:09:50.906,8.38226,8.38353,1.00,1.07
2017.06.30 14:09:51.010,8.38208,8.38335,1.00,1.00
2017.06.30 14:09:53.918,8.38192,8.38319,1.00,1.00
2017.06.30 14:09:54.472,8.38203,8.38319,1.00,1.00
2017.06.30 14:09:55.245,8.38213,8.38319,1.00,1.00
2017.06.30 14:09:55.993,8.38224,8.38319,1.00,1.00
2017.06.30 14:09:56.104,8.38224,8.38339,1.00,1.00
2017.06.30 14:09:56.155,8.38236,8.38344,1.00,1.07
2017.06.30 14:09:56.495,8.3824,8.38365,1.00,1.07
2017.06.30 14:09:56.800,8.38236,8.38351,1.00,1.07
2017.06.30 14:09:56.952,8.38226,8.38351,1.00,1.07
2017.06.30 14:09:57.186,8.38215,8.38323,1.00,1.00
2017.06.30 14:09:57.389,8.38215,8.38337,1.00,1.00
2017.06.30 14:09:57.492,8.38226,8.38351,1.00,1.07
2017.06.30 14:09:57.877,8.38215,8.3833,1.00,1.00
2017.06.30 14:09:57.978,8.38212,8.3833,1.00,1.00
2017.06.30 14:09:58.991,8.38214,8.3833,1.00,1.00
2017.06.30 14:09:59.559,8.38232,8.38359,1.00,1.07
2017.06.30 14:09:59.880,8.38218,8.38344,1.00,1.07
2017.06.30 14:10:00.259,8.38223,8.38344,1.00,1.15
2017.06.30 14:10:00.564,8.38251,8.38344,1.00,1.00
2017.06.30 14:10:00.616,8.38251,8.38363,1.00,1.00
2017.06.30 14:10:00.718,8.38264,8.38381,1.00,1.00
2017.06.30 14:10:00.913,8.38278,8.38395,1.00,1.15
2017.06.30 14:10:00.968,8.38278,8.38395,1.00,1.00
2017.06.30 14:10:01.019,8.38287,8.38414,1.00,1.50
2017.06.30 14:10:01.070,8.38296,8.38414,1.00,1.00
2017.06.30 14:10:01.223,8.38302,8.38429,1.00,1.00
2017.06.30 14:10:01.428,8.38318,8.38432,1.00,1.00
2017.06.30 14:10:01.530,8.38318,8.38441,1.00,1.00
2017.06.30 14:10:01.919,8.38305,8.38427,1.00,1.00
2017.06.30 14:10:02.297,8.383,8.38427,1.00,1.00
2017.06.30 14:10:03.341,8.383,8.38421,1.00,1.00
2017.06.30 14:10:03.731,8.383,8.38418,1.00,1.00
2017.06.30 14:10:04.077,8.383,8.38426,1.00,1.00
2017.06.30 14:10:04.725,8.383,8.38422,1.00,1.00
2017.06.30 14:10:05.366,8.383,8.38415,1.00,1.00
2017.06.30 14:10:05.536,8.38279,8.38406,1.50,1.00
2017.06.30 14:10:06.022,8.38271,8.3839,1.00,1.00
2017.06.30 14:10:06.465,8.38276,8.3839,1.00,1.00
2017.06.30 14:10:06.854,8.38265,8.38383,1.00,1.00
2017.06.30 14:10:06.905,8.38265,8.38372,1.00,1.00
2017.06.30 14:10:07.060,8.3822,8.38347,1.00,1.00
2017.06.30 14:10:07.162,8.3822,8.38347,1.00,1.30
2017.06.30 14:10:07.214,8.382,8.38316,1.00,1.15
2017.06.30 14:10:07.265,8.38198,8.38316,1.00,1.17
2017.06.30 14:10:07.316,8.382,8.38316,1.00,1.17
2017.06.30 14:10:07.595,8.38173,8.383,1.00,1.07
2017.06.30 14:10:07.646,8.38173,8.38271,1.00,1.00
2017.06.30 14:10:07.748,8.38141,8.38268,1.00,1.00
2017.06.30 14:10:07.799,8.38141,8.38227,1.00,1.00
2017.06.30 14:10:07.851,8.38112,8.38227,1.00,1.00
2017.06.30 14:10:07.903,8.38095,8.38221,1.00,1.00
2017.06.30 14:10:08.309,8.38095,8.38218,1.00,1.00
2017.06.30 14:10:08.641,8.38075,8.38202,1.00,1.00
2017.06.30 14:10:08.845,8.38074,8.38185,1.00,1.00
2017.06.30 14:10:08.998,8.38063,8.38185,1.00,1.00
2017.06.30 14:10:09.150,8.38076,8.38185,1.00,1.00
2017.06.30 14:10:10.029,8.38089,8.38185,1.00,1.00
2017.06.30 14:10:10.132,8.38098,8.38205,1.00,1.50
2017.06.30 14:10:10.285,8.38085,8.38205,1.00,1.00
2017.06.30 14:10:10.337,8.38101,8.38219,1.00,1.00
2017.06.30 14:10:10.541,8.38085,8.38204,1.00,1.00
2017.06.30 14:10:10.745,8.38101,8.38219,1.00,1.00
2017.06.30 14:10:10.947,8.38085,8.38211,1.50,1.00
2017.06.30 14:10:11.325,8.38085,8.38205,1.00,1.00
2017.06.30 14:10:11.427,8.38071,8.38197,1.00,1.00
2017.06.30 14:10:11.529,8.38087,8.38205,1.00,1.00
2017.06.30 14:10:12.229,8.38087,8.3819,1.00,1.00
2017.06.30 14:10:12.508,8.38052,8.38168,1.00,1.00
2017.06.30 14:10:12.560,8.38046,8.38173,1.00,1.00
2017.06.30 14:10:12.661,8.38046,8.38164,1.00,1.00
2017.06.30 14:10:13.151,8.3803,8.38153,1.00,1.00
2017.06.30 14:10:13.353,8.38026,8.38153,1.00,1.00
2017.06.30 14:10:13.865,8.38026,8.38133,1.00,1.00
2017.06.30 14:10:14.169,8.37999,8.38118,1.00,1.15
2017.06.30 14:10:14.385,8.37992,8.38113,1.00,1.07
2017.06.30 14:10:14.436,8.37992,8.38097,1.00,1.22
2017.06.30 14:10:14.538,8.37972,8.38084,1.00,1.00
2017.06.30 14:10:14.590,8.37963,8.38084,1.00,1.00
2017.06.30 14:10:15.284,8.37963,8.3809,1.00,1.15
2017.06.30 14:10:16.985,8.37963,8.3809,1.00,1.22
2017.06.30 14:10:17.293,8.37991,8.3808,1.00,1.30
2017.06.30 14:10:17.345,8.37972,8.3808,1.00,1.30
2017.06.30 14:10:17.396,8.37958,8.3808,1.00,1.30
2017.06.30 14:10:20.408,8.37958,8.38082,1.00,1.50
2017.06.30 14:10:21.330,8.37958,8.3808,1.00,1.00
2017.06.30 14:10:21.946,8.37998,8.38082,1.00,1.00
2017.06.30 14:10:22.251,8.37987,8.3809,1.00,1.39
2017.06.30 14:10:22.455,8.37967,8.3808,1.00,1.30
2017.06.30 14:10:22.506,8.37953,8.3808,1.00,1.30
2017.06.30 14:10:22.642,8.38017,8.38082,1.00,1.00
2017.06.30 14:10:22.694,8.38017,8.38117,1.00,1.00
2017.06.30 14:10:22.849,8.37998,8.38096,1.00,1.00
2017.06.30 14:10:22.900,8.3799,8.38096,1.00,1.00
2017.06.30 14:10:22.951,8.37969,8.38086,1.00,1.00
2017.06.30 14:10:23.508,8.37969,8.38077,1.00,1.00
2017.06.30 14:10:23.729,8.37954,8.38077,1.00,1.00
2017.06.30 14:10:23.780,8.37954,8.38066,1.00,1.00
2017.06.30 14:10:24.113,8.37954,8.38059,1.00,1.00
2017.06.30 14:10:24.164,8.37934,8.38059,1.00,1.50
2017.06.30 14:10:24.215,8.37932,8.38059,1.50,1.50
2017.06.30 14:10:24.266,8.37946,8.38059,1.00,1.00
2017.06.30 14:10:24.368,8.37946,8.38071,1.50,1.00
2017.06.30 14:10:24.586,8.37946,8.3806,1.00,1.00
2017.06.30 14:10:26.355,8.37946,8.3807,1.00,1.00
2017.06.30 14:10:26.745,8.37946,8.38063,1.00,1.00
2017.06.30 14:10:26.929,8.37954,8.38073,1.00,1.00
2017.06.30 14:10:27.386,8.37946,8.38064,1.00,1.00
2017.06.30 14:10:28.375,8.37946,8.38068,1.00,1.00
2017.06.30 14:10:28.478,8.37946,8.38057,1.00,1.00
2017.06.30 14:10:28.783,8.37929,8.38047,1.00,1.03
2017.06.30 14:10:29.030,8.37929,8.38047,1.00,1.00
2017.06.30 14:10:29.697,8.37929,8.38054,1.00,1.50
2017.06.30 14:10:29.973,8.37929,8.38049,1.00,1.00
2017.06.30 14:10:30.260,8.37929,8.38052,1.00,1.00
2017.06.30 14:10:30.978,8.37929,8.38041,1.00,1.00
2017.06.30 14:10:31.080,8.37914,8.38041,1.50,1.50
2017.06.30 14:10:31.132,8.37914,8.38029,1.00,1.00
2017.06.30 14:10:31.285,8.37902,8.38026,1.00,1.00
2017.06.30 14:10:31.931,8.37899,8.38023,1.00,1.00
2017.06.30 14:10:32.262,8.37899,8.38017,1.00,1.00
2017.06.30 14:10:32.414,8.37899,8.38024,1.00,1.00
2017.06.30 14:10:33.383,8.37902,8.38026,1.00,1.00
2017.06.30 14:10:34.048,8.37899,8.38023,1.00,1.00
2017.06.30 14:10:34.864,8.37899,8.38006,1.00,1.00
2017.06.30 14:10:35.080,8.37899,8.38017,1.00,1.00
2017.06.30 14:10:35.654,8.37899,8.38008,1.00,1.00
2017.06.30 14:10:35.794,8.37882,8.37997,1.00,1.00
2017.06.30 14:10:35.845,8.37882,8.37983,1.00,1.00
2017.06.30 14:10:35.896,8.37863,8.37983,1.00,1.00
2017.06.30 14:10:35.947,8.3786,8.37983,1.00,1.00
2017.06.30 14:10:36.376,8.37867,8.37986,1.00,1.00
2017.06.30 14:10:36.791,8.3789,8.38003,1.00,1.00
2017.06.30 14:10:37.715,8.37879,8.38003,1.00,1.00
2017.06.30 14:10:37.969,8.3789,8.38003,1.00,1.00
2017.06.30 14:10:38.020,8.3788,8.38003,1.00,1.00
2017.06.30 14:10:39.023,8.37876,8.38003,1.50,1.50
2017.06.30 14:10:39.125,8.37876,8.37992,1.00,1.00
2017.06.30 14:10:39.176,8.37868,8.37986,1.00,1.00
2017.06.30 14:10:40.349,8.37862,8.37986,1.00,1.50
2017.06.30 14:10:40.513,8.37859,8.37978,1.00,1.00
2017.06.30 14:10:40.814,8.37867,8.37985,1.00,1.00
2017.06.30 14:10:41.245,8.37869,8.37993,1.00,1.00
2017.06.30 14:10:42.224,8.37871,8.37993,1.00,1.00
2017.06.30 14:10:42.759,8.3788,8.37993,1.00,1.00
2017.06.30 14:10:42.872,8.37882,8.38007,1.00,1.50
2017.06.30 14:10:43.756,8.3789,8.38007,1.00,1.00
2017.06.30 14:10:43.807,8.37885,8.38007,1.00,1.00
2017.06.30 14:10:44.726,8.37891,8.38007,1.00,1.00
2017.06.30 14:10:45.124,8.37882,8.37993,1.00,1.00
2017.06.30 14:10:45.477,8.37868,8.37978,1.00,1.00
2017.06.30 14:10:46.156,8.37862,8.37978,1.00,1.00
2017.06.30 14:10:48.655,8.37863,8.37978,1.00,1.00
2017.06.30 14:10:49.549,8.37869,8.37978,1.00,1.00
2017.06.30 14:10:49.702,8.37877,8.37993,1.00,1.00
2017.06.30 14:10:49.848,8.37881,8.38004,1.00,1.00
2017.06.30 14:10:50.547,8.37883,8.38007,1.00,1.00
2017.06.30 14:10:51.331,8.3789,8.38008,1.00,1.00
2017.06.30 14:10:51.736,8.37897,8.38008,1.00,1.00
2017.06.30 14:10:51.890,8.37897,8.38021,1.00,1.00
2017.06.30 14:10:52.303,8.37895,8.38018,1.00,1.00
2017.06.30 14:10:53.054,8.37897,8.38021,1.00,1.00
2017.06.30 14:10:53.233,8.37895,8.38011,1.00,1.00
2017.06.30 14:10:53.431,8.3788,8.38,1.00,1.00
2017.06.30 14:10:53.595,8.37873,8.37991,1.00,1.00
2017.06.30 14:10:54.247,8.37877,8.37991,1.00,1.00
2017.06.30 14:10:54.298,8.3788,8.38004,1.00,1.00
2017.06.30 14:10:54.443,8.3788,8.37998,1.00,1.00
2017.06.30 14:10:54.609,8.37865,8.3799,1.00,1.00
2017.06.30 14:10:54.710,8.37873,8.37992,1.00,1.00
2017.06.30 14:10:55.272,8.37884,8.37992,1.00,1.00
2017.06.30 14:10:55.973,8.37888,8.37992,1.00,1.00
2017.06.30 14:10:56.280,8.37885,8.37992,1.00,1.00
2017.06.30 14:10:56.332,8.37885,8.38012,1.50,1.50
2017.06.30 14:10:56.433,8.37885,8.37997,1.00,1.00
2017.06.30 14:10:56.841,8.37895,8.37997,1.00,1.00
2017.06.30 14:10:57.098,8.37895,8.38012,1.00,1.00
2017.06.30 14:10:57.377,8.3789,8.38012,1.00,1.00
2017.06.30 14:10:57.429,8.3789,8.38008,1.00,1.00
2017.06.30 14:10:57.760,8.3789,8.37988,1.00,1.00
2017.06.30 14:10:57.811,8.37885,8.37988,1.00,1.00
2017.06.30 14:10:58.869,8.37881,8.37988,1.00,1.00
2017.06.30 14:10:59.022,8.3789,8.37988,1.00,1.00
2017.06.30 14:10:59.225,8.3789,8.38002,1.00,1.00
2017.06.30 14:10:59.529,8.3789,8.37987,1.00,1.00
2017.06.30 14:10:59.790,8.37884,8.37987,1.00,1.00
2017.06.30 14:11:01.385,8.37892,8.37987,1.00,1.00
2017.06.30 14:11:01.487,8.37885,8.37987,1.00,1.00
2017.06.30 14:11:01.589,8.37895,8.37987,1.00,1.00
2017.06.30 14:11:01.742,8.37895,8.38012,1.00,1.00
2017.06.30 14:11:02.201,8.379,8.38012,1.00,1.00
2017.06.30 14:11:02.252,8.37894,8.38012,1.00,1.00
2017.06.30 14:11:02.771,8.37901,8.38012,1.00,1.00
2017.06.30 14:11:02.873,8.37885,8.38009,1.00,1.00
2017.06.30 14:11:03.751,8.37896,8.38012,1.00,1.00
2017.06.30 14:11:04.007,8.37891,8.38012,1.00,1.00
2017.06.30 14:11:04.364,8.37898,8.38012,1.00,1.00
2017.06.30 14:11:05.078,8.37889,8.38012,1.00,1.00
2017.06.30 14:11:05.282,8.37889,8.38012,1.00,1.30
2017.06.30 14:11:05.333,8.37885,8.37999,1.00,1.37
2017.06.30 14:11:05.435,8.37866,8.3799,1.00,1.67
2017.06.30 14:11:05.857,8.37854,8.37969,1.00,1.22
2017.06.30 14:11:06.060,8.37866,8.37981,1.00,1.52
2017.06.30 14:11:06.675,8.37866,8.37981,1.00,1.52
2017.06.30 14:11:07.062,8.37855,8.37978,1.00,1.52
2017.06.30 14:11:07.215,8.37863,8.37978,1.00,1.52
2017.06.30 14:11:07.266,8.37851,8.37978,1.50,2.02
2017.06.30 14:11:07.990,8.37851,8.37958,1.00,1.07
2017.06.30 14:11:08.478,8.37851,8.37969,1.00,1.30
2017.06.30 14:11:08.529,8.37851,8.37957,1.00,1.17
2017.06.30 14:11:08.639,8.37851,8.37958,1.00,1.79
2017.06.30 14:11:08.690,8.37851,8.37971,1.00,1.35
2017.06.30 14:11:09.778,8.37868,8.37978,1.00,1.30
2017.06.30 14:11:10.286,8.37867,8.37979,1.00,1.30
2017.06.30 14:11:10.388,8.37867,8.37979,1.00,1.00
2017.06.30 14:11:10.440,8.37885,8.37979,1.00,1.00
2017.06.30 14:11:10.604,8.37873,8.37979,1.00,1.00
2017.06.30 14:11:10.655,8.37891,8.38009,1.00,1.00
2017.06.30 14:11:11.272,8.37891,8.38009,1.00,1.07
2017.06.30 14:11:11.323,8.37882,8.38008,1.00,1.07
2017.06.30 14:11:11.973,8.37882,8.38008,1.00,1.07
2017.06.30 14:11:15.868,8.37882,8.37988,1.00,1.00
2017.06.30 14:11:16.182,8.37843,8.37934,1.00,1.00
2017.06.30 14:11:16.385,8.37791,8.37885,1.00,1.00
2017.06.30 14:11:16.487,8.37777,8.37885,1.00,1.00
2017.06.30 14:11:16.538,8.37777,8.37881,1.00,1.00
2017.06.30 14:11:16.589,8.37758,8.37881,1.50,1.00
2017.06.30 14:11:16.640,8.37758,8.37866,1.00,1.00
2017.06.30 14:11:16.843,8.3773,8.37847,1.00,1.00
2017.06.30 14:11:17.068,8.37721,8.37841,1.00,1.00
2017.06.30 14:11:17.781,8.37714,8.37838,1.00,1.00
2017.06.30 14:11:17.832,8.37714,8.37821,1.00,1.00
2017.06.30 14:11:18.137,8.37687,8.37753,1.00,1.07
2017.06.30 14:11:18.188,8.37663,8.37731,1.00,1.00
2017.06.30 14:11:18.290,8.37648,8.37731,1.00,1.00
2017.06.30 14:11:18.513,8.37648,8.3771,1.00,1.00
2017.06.30 14:11:18.564,8.37599,8.3771,1.00,1.75
2017.06.30 14:11:18.616,8.37599,8.37687,1.00,1.00
2017.06.30 14:11:18.667,8.37583,8.37687,1.00,1.00
2017.06.30 14:11:18.718,8.37583,8.37695,1.00,1.37
2017.06.30 14:11:18.770,8.37583,8.37695,1.00,1.00
2017.06.30 14:11:18.821,8.37583,8.3767,1.00,1.00
2017.06.30 14:11:18.873,8.3756,8.3767,1.00,1.00
2017.06.30 14:11:18.975,8.37547,8.3767,1.00,1.00
2017.06.30 14:11:19.179,8.37547,8.37657,1.00,1.00
2017.06.30 14:11:19.476,8.37532,8.37657,1.00,1.50
2017.06.30 14:11:19.527,8.37544,8.37657,1.00,1.00
2017.06.30 14:11:20.857,8.37548,8.37657,1.00,1.00
2017.06.30 14:11:20.960,8.37561,8.37673,1.00,1.00
2017.06.30 14:11:21.011,8.37561,8.37673,1.00,1.30
2017.06.30 14:11:21.062,8.37561,8.37673,1.00,1.00
2017.06.30 14:11:21.113,8.37547,8.37673,1.50,1.50
2017.06.30 14:11:21.164,8.37567,8.37656,1.00,1.00
2017.06.30 14:11:21.216,8.37567,8.3768,1.00,1.00
2017.06.30 14:11:21.267,8.37576,8.37683,1.00,1.00
2017.06.30 14:11:21.369,8.37576,8.37694,1.00,1.07
2017.06.30 14:11:21.472,8.37593,8.37702,1.00,1.45
2017.06.30 14:11:21.625,8.37554,8.3768,1.00,1.90
2017.06.30 14:11:22.139,8.37554,8.3767,1.00,1.90
2017.06.30 14:11:22.191,8.37564,8.3768,1.00,1.90
2017.06.30 14:11:22.725,8.37564,8.37677,1.00,1.00
2017.06.30 14:11:25.012,8.37564,8.37682,1.00,1.00
2017.06.30 14:11:25.660,8.37564,8.37688,1.00,1.00
2017.06.30 14:11:25.779,8.37593,8.37695,1.00,1.07
2017.06.30 14:11:25.881,8.37546,8.37664,1.00,1.00
2017.06.30 14:11:25.932,8.37546,8.37639,1.00,1.00
2017.06.30 14:11:26.703,8.37546,8.37635,1.00,1.00
2017.06.30 14:11:27.158,8.37546,8.37639,1.00,1.00
2017.06.30 14:11:27.210,8.37546,8.37658,1.00,1.00
2017.06.30 14:11:28.188,8.37546,8.3766,1.00,1.00
2017.06.30 14:11:29.075,8.37546,8.37658,1.00,1.00
2017.06.30 14:11:29.807,8.37546,8.37661,1.00,1.00
2017.06.30 14:11:30.741,8.37546,8.37653,1.00,1.00
2017.06.30 14:11:31.526,8.37529,8.37653,1.00,1.00
2017.06.30 14:11:31.580,8.37529,8.37647,1.00,1.00
2017.06.30 14:11:31.887,8.37522,8.37627,1.00,1.00
2017.06.30 14:11:31.938,8.37522,8.37644,1.00,1.00
2017.06.30 14:11:31.990,8.37531,8.37648,1.00,1.00
2017.06.30 14:11:32.336,8.37563,8.37647,1.00,1.00
2017.06.30 14:11:32.489,8.37563,8.37661,1.00,1.00
2017.06.30 14:11:32.796,8.37547,8.37661,1.00,1.00
2017.06.30 14:11:32.950,8.37547,8.3765,1.00,1.00
2017.06.30 14:11:33.150,8.37547,8.3766,1.00,1.00
2017.06.30 14:11:33.202,8.37547,8.3765,1.00,1.00
2017.06.30 14:11:33.767,8.37547,8.37664,1.00,1.00
2017.06.30 14:11:34.443,8.37547,8.37657,1.00,1.00
2017.06.30 14:11:34.697,8.37528,8.3764,1.00,1.00
2017.06.30 14:11:35.521,8.37528,8.37635,1.00,1.00
2017.06.30 14:11:36.458,8.37528,8.37642,1.00,1.00
2017.06.30 14:11:37.129,8.37528,8.3765,1.00,1.00
2017.06.30 14:11:37.181,8.37528,8.37628,1.00,1.00
2017.06.30 14:11:37.486,8.37463,8.37541,1.00,1.00
2017.06.30 14:11:37.741,8.37448,8.37541,1.00,1.00
2017.06.30 14:11:37.995,8.37448,8.37566,1.00,1.00
2017.06.30 14:11:38.300,8.37448,8.37558,1.00,1.00
2017.06.30 14:11:39.073,8.37448,8.37566,1.00,1.00
2017.06.30 14:11:39.686,8.37448,8.37542,1.00,1.00
2017.06.30 14:11:39.940,8.37418,8.37522,1.00,1.00
2017.06.30 14:11:41.016,8.37418,8.37516,1.00,1.00
2017.06.30 14:11:41.322,8.37418,8.37508,1.00,1.00
2017.06.30 14:11:41.424,8.37402,8.37508,1.00,1.00
2017.06.30 14:11:43.974,8.37402,8.37509,1.00,1.00
2017.06.30 14:11:44.879,8.37402,8.375,1.00,1.00
2017.06.30 14:11:45.031,8.37388,8.37504,1.00,1.00
2017.06.30 14:11:45.133,8.37388,8.3749,1.00,1.00
2017.06.30 14:11:45.235,8.37373,8.3749,1.00,1.00
2017.06.30 14:11:45.846,8.37373,8.3748,1.00,1.00
2017.06.30 14:11:46.383,8.37373,8.37475,1.00,1.00
2017.06.30 14:11:46.536,8.37359,8.37475,1.00,1.00
2017.06.30 14:11:46.704,8.37359,8.37452,1.00,1.00
2017.06.30 14:11:46.756,8.37344,8.37452,1.00,1.00
2017.06.30 14:11:47.216,8.37344,8.37441,1.00,1.00
2017.06.30 14:11:47.580,8.37344,8.37447,1.00,1.00
2017.06.30 14:11:47.875,8.37344,8.3746,1.00,1.00
2017.06.30 14:11:48.896,8.37344,8.37441,1.00,1.00
2017.06.30 14:11:49.049,8.37328,8.37431,1.00,1.00
2017.06.30 14:11:49.151,8.37343,8.37431,1.00,1.00
2017.06.30 14:11:49.361,8.37327,8.37431,1.00,1.00
2017.06.30 14:11:49.665,8.37312,8.37431,1.00,1.00
2017.06.30 14:11:49.767,8.37328,8.37431,1.00,1.00
2017.06.30 14:11:50.071,8.37307,8.3741,1.00,1.00
2017.06.30 14:11:50.469,8.37307,8.374,1.00,1.00
2017.06.30 14:11:51.489,8.37307,8.37397,1.00,1.00
2017.06.30 14:11:51.641,8.37287,8.37389,1.00,1.00
2017.06.30 14:11:51.692,8.37276,8.37389,1.00,1.00
2017.06.30 14:11:51.835,8.37278,8.37389,1.00,1.00
2017.06.30 14:11:51.938,8.37298,8.3741,1.00,1.00
2017.06.30 14:11:52.040,8.37316,8.3741,1.00,1.00
2017.06.30 14:11:52.142,8.37296,8.3741,1.00,1.00
2017.06.30 14:11:52.193,8.37294,8.3741,1.00,1.00
2017.06.30 14:11:52.244,8.37308,8.3741,1.00,1.00
2017.06.30 14:11:52.346,8.37294,8.3741,1.00,1.00
2017.06.30 14:11:52.447,8.37308,8.3741,1.00,1.00
2017.06.30 14:11:52.788,8.37308,8.37402,1.00,1.00
2017.06.30 14:11:52.840,8.37292,8.37402,1.00,1.00
2017.06.30 14:11:53.047,8.37292,8.37393,1.00,1.00
2017.06.30 14:11:53.305,8.37292,8.37409,1.00,1.00
2017.06.30 14:11:53.459,8.37306,8.37409,1.00,1.00
2017.06.30 14:11:53.561,8.37289,8.37409,1.00,1.00
2017.06.30 14:11:53.713,8.3732,8.37416,1.00,1.00
2017.06.30 14:11:53.978,8.37358,8.37463,1.00,1.50
2017.06.30 14:11:54.081,8.37363,8.37483,1.00,1.00
2017.06.30 14:11:54.132,8.37376,8.3749,1.00,1.00
2017.06.30 14:11:54.285,8.37386,8.37508,1.00,1.00
2017.06.30 14:11:54.489,8.37399,8.37513,1.00,1.22
2017.06.30 14:11:55.098,8.37399,8.37502,1.00,1.00
2017.06.30 14:11:55.200,8.37384,8.37502,1.00,1.00
2017.06.30 14:11:55.251,8.37384,8.37502,1.00,1.07
2017.06.30 14:11:55.556,8.37364,8.37472,1.00,1.00
2017.06.30 14:11:55.961,8.37316,8.3743,1.00,1.00
2017.06.30 14:11:56.114,8.37316,8.3742,1.00,1.00
2017.06.30 14:11:56.419,8.37298,8.37401,1.00,1.00
2017.06.30 14:11:56.572,8.37282,8.37401,1.00,1.00
2017.06.30 14:11:56.673,8.37282,8.37406,1.00,1.00
2017.06.30 14:11:56.877,8.37282,8.37394,1.00,1.00
2017.06.30 14:11:57.065,8.37289,8.37414,1.00,1.00
2017.06.30 14:11:57.422,8.37293,8.37414,1.00,1.00
2017.06.30 14:11:57.739,8.37312,8.37414,1.00,1.00
2017.06.30 14:11:57.884,8.37312,8.37427,1.00,1.00
2017.06.30 14:11:58.036,8.37312,8.37422,1.00,1.00
2017.06.30 14:11:58.493,8.37318,8.37439,1.00,1.00
2017.06.30 14:11:58.596,8.37334,8.37439,1.00,1.00
2017.06.30 14:11:58.698,8.37346,8.3747,1.00,1.00
2017.06.30 14:11:58.933,8.37346,8.37458,1.00,1.07
2017.06.30 14:11:59.192,8.37333,8.37458,1.00,1.57
2017.06.30 14:11:59.243,8.37333,8.37439,1.00,1.00
2017.06.30 14:11:59.345,8.37333,8.37458,1.00,1.10
2017.06.30 14:11:59.396,8.37333,8.37458,1.00,1.17
2017.06.30 14:11:59.767,8.3734,8.37461,1.00,1.07
2017.06.30 14:12:00.071,8.3736,8.37447,1.00,1.07
2017.06.30 14:12:00.174,8.37346,8.37447,1.00,1.07
2017.06.30 14:12:00.226,8.3735,8.37472,1.00,1.30
2017.06.30 14:12:00.603,8.37369,8.37486,1.00,1.30
2017.06.30 14:12:00.654,8.37369,8.37491,1.00,1.04
2017.06.30 14:12:00.756,8.37369,8.37491,1.00,1.07
2017.06.30 14:12:01.510,8.37361,8.37468,1.00,1.15
2017.06.30 14:12:01.612,8.37361,8.37468,1.00,1.00
2017.06.30 14:12:02.190,8.37361,8.37472,1.00,1.00
2017.06.30 14:12:02.479,8.37361,8.37465,1.00,1.00
2017.06.30 14:12:02.581,8.37346,8.37457,1.00,1.00
2017.06.30 14:12:02.992,8.37346,8.37444,1.00,1.07
2017.06.30 14:12:03.250,8.37328,8.37445,1.00,1.07
2017.06.30 14:12:04.722,8.37349,8.37444,1.00,1.07
2017.06.30 14:12:04.824,8.37334,8.37455,1.00,1.07
2017.06.30 14:12:04.878,8.37348,8.37455,1.00,1.07
2017.06.30 14:12:05.297,8.37333,8.37445,1.00,1.07
2017.06.30 14:12:06.182,8.37333,8.37433,1.00,1.00
2017.06.30 14:12:06.739,8.37333,8.37413,1.00,1.00
2017.06.30 14:12:06.893,8.37313,8.37413,1.00,1.00
2017.06.30 14:12:06.945,8.3731,8.37402,1.00,1.00
2017.06.30 14:12:07.112,8.37288,8.37402,1.00,1.00
2017.06.30 14:12:07.702,8.37288,8.37393,1.00,1.00
2017.06.30 14:12:07.905,8.37273,8.37391,1.00,1.00
2017.06.30 14:12:08.159,8.37273,8.37399,1.00,1.00
2017.06.30 14:12:08.436,8.37314,8.37408,1.00,1.00
2017.06.30 14:12:08.702,8.37314,8.37421,1.00,1.00
2017.06.30 14:12:08.908,8.37314,8.37412,1.00,1.00
2017.06.30 14:12:09.657,8.37314,8.37403,1.00,1.00
2017.06.30 14:12:09.800,8.37295,8.37403,1.00,1.00
2017.06.30 14:12:09.851,8.37292,8.3741,1.00,1.00
2017.06.30 14:12:09.902,8.37306,8.37402,1.00,1.00
2017.06.30 14:12:10.089,8.37292,8.37402,1.00,1.00
2017.06.30 14:12:10.853,8.37292,8.37389,1.00,1.00
2017.06.30 14:12:11.006,8.37272,8.37389,1.00,1.00
2017.06.30 14:12:11.787,8.37272,8.37398,1.00,1.00
2017.06.30 14:12:11.838,8.3728,8.37398,1.00,1.00
2017.06.30 14:12:12.198,8.3731,8.37406,1.00,1.00
2017.06.30 14:12:12.249,8.37296,8.37406,1.00,1.00
2017.06.30 14:12:14.071,8.37296,8.37405,1.00,1.00
2017.06.30 14:12:15.053,8.37296,8.37368,1.00,1.00
2017.06.30 14:12:15.257,8.37238,8.37315,1.00,1.00
2017.06.30 14:12:15.308,8.37218,8.37315,1.00,1.00
2017.06.30 14:12:15.512,8.37201,8.37315,1.00,1.00
2017.06.30 14:12:16.383,8.37201,8.37307,1.00,1.00
2017.06.30 14:12:16.435,8.37186,8.37309,1.00,1.00
2017.06.30 14:12:16.538,8.37173,8.37298,1.00,1.00
2017.06.30 14:12:16.640,8.37194,8.37309,1.00,1.00
2017.06.30 14:12:16.946,8.37179,8.37278,1.00,1.00
2017.06.30 14:12:17.048,8.37163,8.37278,1.00,1.00
2017.06.30 14:12:17.099,8.37163,8.37278,1.00,1.49
2017.06.30 14:12:17.441,8.37089,8.37179,1.00,1.00
2017.06.30 14:12:17.746,8.37091,8.37155,1.00,1.07
2017.06.30 14:12:17.848,8.37074,8.37127,1.00,1.00
2017.06.30 14:12:17.950,8.37049,8.37127,1.00,1.00
2017.06.30 14:12:18.052,8.37026,8.37127,1.00,1.00
2017.06.30 14:12:18.240,8.37026,8.37101,1.00,1.00
2017.06.30 14:12:18.342,8.37012,8.37101,1.00,1.00
2017.06.30 14:12:18.443,8.36993,8.37101,1.00,1.00
2017.06.30 14:12:18.495,8.36993,8.37091,1.00,1.00
2017.06.30 14:12:18.873,8.36993,8.37074,1.00,1.00
2017.06.30 14:12:19.027,8.36971,8.37087,1.00,1.00
2017.06.30 14:12:19.485,8.36971,8.37081,1.00,1.00
2017.06.30 14:12:20.332,8.36971,8.37059,1.00,1.00
2017.06.30 14:12:20.536,8.36948,8.37048,1.00,1.00
2017.06.30 14:12:20.739,8.36948,8.37037,1.00,1.00
2017.06.30 14:12:20.841,8.36923,8.37037,1.00,1.00
2017.06.30 14:12:21.055,8.36902,8.37029,1.00,1.00
2017.06.30 14:12:21.241,8.36902,8.37022,1.00,1.00
2017.06.30 14:12:21.294,8.36907,8.37029,1.00,1.00
2017.06.30 14:12:21.346,8.36932,8.37029,1.00,1.00
2017.06.30 14:12:21.552,8.36903,8.37018,1.00,1.00
2017.06.30 14:12:21.654,8.3692,8.37018,1.00,1.15
2017.06.30 14:12:21.756,8.36906,8.36987,1.00,1.00
2017.06.30 14:12:21.960,8.3687,8.36987,1.00,1.00
2017.06.30 14:12:22.367,8.36872,8.36995,1.00,1.30
2017.06.30 14:12:22.666,8.36797,8.36913,1.00,1.00
2017.06.30 14:12:22.717,8.36777,8.3689,1.50,1.00
2017.06.30 14:12:22.921,8.36807,8.36933,1.00,1.50
2017.06.30 14:12:23.622,8.36807,8.36925,1.00,1.00
2017.06.30 14:12:23.765,8.36807,8.36933,1.00,1.00
2017.06.30 14:12:23.816,8.36814,8.36933,1.00,1.00
2017.06.30 14:12:23.918,8.36824,8.36948,1.00,1.00
2017.06.30 14:12:24.272,8.36824,8.3695,1.00,1.00
2017.06.30 14:12:24.535,8.36839,8.36959,1.00,1.07
2017.06.30 14:12:24.840,8.36825,8.36923,1.00,1.00
2017.06.30 14:12:25.428,8.36804,8.36918,1.00,1.00
2017.06.30 14:12:25.480,8.36791,8.36918,1.00,1.00
2017.06.30 14:12:25.532,8.36806,8.36921,1.00,1.00
2017.06.30 14:12:25.634,8.36806,8.3693,1.00,1.00
2017.06.30 14:12:26.156,8.36806,8.36919,1.00,1.00
2017.06.30 14:12:26.469,8.36806,8.369,1.00,1.00
2017.06.30 14:12:26.524,8.3679,8.369,1.00,1.00
2017.06.30 14:12:28.121,8.3679,8.36905,1.00,1.00
2017.06.30 14:12:28.172,8.36798,8.36916,1.00,1.00
2017.06.30 14:12:28.223,8.36813,8.36932,1.00,1.00
2017.06.30 14:12:28.325,8.36826,8.36932,1.00,1.00
2017.06.30 14:12:28.634,8.36812,8.36932,1.00,1.00
2017.06.30 14:12:29.164,8.36812,8.36938,1.00,1.00
2017.06.30 14:12:29.822,8.36812,8.36933,1.00,1.00
2017.06.30 14:12:30.127,8.36812,8.36863,1.00,1.00
2017.06.30 14:12:30.229,8.36792,8.36863,1.00,1.00
2017.06.30 14:12:30.280,8.36757,8.36863,1.00,1.00
2017.06.30 14:12:30.382,8.36757,8.3684,1.00,1.00
2017.06.30 14:12:30.433,8.36736,8.3684,1.50,1.00
2017.06.30 14:12:30.630,8.36736,8.3686,1.00,1.00
2017.06.30 14:12:30.732,8.3675,8.36867,1.00,1.00
2017.06.30 14:12:31.125,8.3675,8.36843,1.00,1.00
2017.06.30 14:12:31.278,8.36729,8.36843,1.00,1.00
2017.06.30 14:12:31.380,8.36729,8.36854,1.00,1.00
2017.06.30 14:12:31.431,8.36743,8.36862,1.00,1.00
2017.06.30 14:12:31.777,8.36759,8.3687,1.00,1.00
2017.06.30 14:12:31.878,8.36759,8.36886,1.00,1.00
2017.06.30 14:12:31.981,8.36777,8.36888,1.00,1.00
2017.06.30 14:12:32.623,8.36777,8.36892,1.00,1.00
2017.06.30 14:12:32.964,8.36777,8.36904,1.00,1.00
2017.06.30 14:12:33.066,8.36806,8.36911,1.00,1.00
2017.06.30 14:12:33.972,8.3679,8.36903,1.00,1.00
2017.06.30 14:12:35.411,8.3679,8.36915,1.00,1.00
2017.06.30 14:12:35.564,8.36806,8.36922,1.00,1.00
2017.06.30 14:12:36.388,8.36806,8.36913,1.00,1.00
2017.06.30 14:12:36.700,8.36806,8.36905,1.00,1.00
2017.06.30 14:12:37.170,8.36806,8.36916,1.00,1.00
2017.06.30 14:12:37.221,8.36806,8.36905,1.00,1.00
2017.06.30 14:12:37.527,8.36783,8.36875,1.00,1.00
2017.06.30 14:12:37.681,8.36765,8.36875,1.00,1.00
2017.06.30 14:12:37.732,8.36765,8.36884,1.00,1.00
2017.06.30 14:12:37.783,8.36765,8.3689,1.00,1.00
2017.06.30 14:12:37.886,8.36793,8.36896,1.00,1.00
2017.06.30 14:12:38.196,8.36793,8.36885,1.00,1.00
2017.06.30 14:12:39.017,8.36793,8.3689,1.00,1.00
2017.06.30 14:12:39.321,8.36793,8.36899,1.00,1.00
2017.06.30 14:12:40.907,8.36793,8.36891,1.00,1.00
2017.06.30 14:12:41.165,8.36793,8.36899,1.00,1.00
2017.06.30 14:12:41.883,8.36793,8.36894,1.00,1.00
2017.06.30 14:12:42.759,8.36793,8.36889,1.00,1.00
2017.06.30 14:12:43.177,8.36793,8.36898,1.00,1.00
2017.06.30 14:12:44.180,8.36793,8.36896,1.00,1.00
2017.06.30 14:12:45.180,8.36793,8.36899,1.00,1.00
2017.06.30 14:12:46.054,8.36793,8.36904,1.00,1.00
2017.06.30 14:12:47.043,8.36793,8.369,1.00,1.00
2017.06.30 14:12:49.052,8.36793,8.36895,1.00,1.00
2017.06.30 14:12:49.947,8.36796,8.3692,1.00,1.00
2017.06.30 14:12:50.100,8.36811,8.36922,1.00,1.00
2017.06.30 14:12:50.402,8.3679,8.369,1.00,1.00
2017.06.30 14:12:50.454,8.36781,8.369,1.00,1.00
2017.06.30 14:12:50.505,8.36799,8.369,1.00,1.00
2017.06.30 14:12:50.908,8.36799,8.36911,1.00,1.00
2017.06.30 14:12:51.260,8.36799,8.36904,1.00,1.00
2017.06.30 14:12:51.953,8.36799,8.36898,1.00,1.00
2017.06.30 14:12:53.375,8.36782,8.36898,1.00,1.00
2017.06.30 14:12:53.667,8.36782,8.36895,1.00,1.00
2017.06.30 14:12:53.975,8.36782,8.36885,1.00,1.00
2017.06.30 14:12:54.026,8.36782,8.36896,1.00,1.00
2017.06.30 14:12:54.128,8.36782,8.36909,1.50,1.00
2017.06.30 14:12:54.180,8.36804,8.36929,1.00,1.00
2017.06.30 14:12:54.511,8.36803,8.36915,1.00,1.00
2017.06.30 14:12:55.157,8.36803,8.36919,1.00,1.00
2017.06.30 14:12:55.543,8.36816,8.36925,1.00,1.00
2017.06.30 14:12:55.798,8.369,8.37019,1.00,1.00
2017.06.30 14:12:55.900,8.369,8.37007,1.00,1.00
2017.06.30 14:12:56.098,8.36897,8.37007,1.00,1.00
2017.06.30 14:12:56.412,8.36882,8.37004,1.00,1.00
2017.06.30 14:12:56.615,8.36865,8.36987,1.00,1.00
2017.06.30 14:12:56.921,8.36861,8.36967,1.00,1.00
2017.06.30 14:12:57.073,8.36861,8.36976,1.00,1.00
2017.06.30 14:12:58.544,8.36861,8.36981,1.00,1.00
2017.06.30 14:12:59.548,8.36861,8.36979,1.00,1.00
2017.06.30 14:12:59.829,8.36861,8.36985,1.00,1.00
2017.06.30 14:13:00.264,8.36868,8.36988,1.00,1.00
2017.06.30 14:13:00.569,8.36884,8.37004,1.00,1.00
2017.06.30 14:13:00.902,8.36901,8.37,1.00,1.00
2017.06.30 14:13:01.004,8.36873,8.36986,1.00,1.00
2017.06.30 14:13:01.266,8.36864,8.36986,1.00,1.00
2017.06.30 14:13:01.522,8.36855,8.36982,1.00,1.00
2017.06.30 14:13:01.674,8.36865,8.36986,1.00,1.50
2017.06.30 14:13:01.979,8.36876,8.36988,1.00,1.00
2017.06.30 14:13:02.421,8.36876,8.36984,1.00,1.00
2017.06.30 14:13:02.726,8.36873,8.36982,1.00,1.00
2017.06.30 14:13:03.052,8.36873,8.36978,1.00,1.00
2017.06.30 14:13:03.594,8.36873,8.36977,1.00,1.00
2017.06.30 14:13:03.747,8.36873,8.36981,1.00,1.00
2017.06.30 14:13:04.007,8.36873,8.36985,1.00,1.00
2017.06.30 14:13:04.473,8.36869,8.36986,1.00,1.00
2017.06.30 14:13:04.683,8.36856,8.36981,1.00,1.50
2017.06.30 14:13:04.735,8.36846,8.36962,1.00,1.00
2017.06.30 14:13:04.942,8.36846,8.36964,1.00,1.00
2017.06.30 14:13:05.310,8.36857,8.36964,1.00,1.00
2017.06.30 14:13:05.463,8.36857,8.36978,1.00,1.00
2017.06.30 14:13:05.660,8.36853,8.36976,1.00,1.00
2017.06.30 14:13:05.865,8.36852,8.36957,1.00,1.00
2017.06.30 14:13:06.159,8.36836,8.36957,1.00,1.07
2017.06.30 14:13:06.210,8.36836,8.36957,1.00,1.45
2017.06.30 14:13:06.312,8.3683,8.36953,1.00,1.45
2017.06.30 14:13:06.363,8.36827,8.3694,1.00,1.37
2017.06.30 14:13:07.119,8.36822,8.3694,1.00,1.37
2017.06.30 14:13:07.171,8.36813,8.36939,1.50,1.37
2017.06.30 14:13:07.323,8.36813,8.36925,1.00,1.00
2017.06.30 14:13:07.425,8.368,8.36924,1.00,1.00
2017.06.30 14:13:08.192,8.36797,8.36917,1.00,1.00
2017.06.30 14:13:09.061,8.36797,8.36917,1.00,1.07
2017.06.30 14:13:09.371,8.36797,8.36863,1.00,1.50
2017.06.30 14:13:09.688,8.36745,8.36789,1.00,1.00
2017.06.30 14:13:09.757,8.36651,8.36698,1.00,1.00
2017.06.30 14:13:09.808,8.36648,8.36654,1.00,1.00
2017.06.30 14:13:09.859,8.36562,8.36611,1.00,2.10
2017.06.30 14:13:09.910,8.36562,8.3661,1.00,1.16
2017.06.30 14:13:09.961,8.36536,8.3661,1.00,1.16
2017.06.30 14:13:10.012,8.36536,8.36573,1.00,1.00
2017.06.30 14:13:10.063,8.36482,8.36573,1.00,1.00
2017.06.30 14:13:10.164,8.36462,8.36573,1.20,1.07
2017.06.30 14:13:10.317,8.36456,8.36573,1.00,1.00
2017.06.30 14:13:10.418,8.36456,8.36553,1.00,1.00
2017.06.30 14:13:10.726,8.36457,8.36537,1.00,1.00
2017.06.30 14:13:11.050,8.36457,8.36532,1.00,1.00
2017.06.30 14:13:11.355,8.36457,8.36523,1.00,1.00
2017.06.30 14:13:11.660,8.36458,8.36509,1.00,1.00
2017.06.30 14:13:12.113,8.36453,8.3651,1.00,1.00
2017.06.30 14:13:12.164,8.36453,8.36528,1.00,1.00
2017.06.30 14:13:12.266,8.36453,8.36552,1.00,1.00
2017.06.30 14:13:12.317,8.36447,8.36552,1.00,1.00
2017.06.30 14:13:12.368,8.36447,8.36573,1.00,1.00
2017.06.30 14:13:12.470,8.3646,8.36573,1.00,1.00
2017.06.30 14:13:12.799,8.3646,8.36569,1.00,1.00
2017.06.30 14:13:13.138,8.3646,8.36563,1.00,1.00
2017.06.30 14:13:13.500,8.3646,8.36563,1.37,1.00
2017.06.30 14:13:14.158,8.3646,8.36577,1.37,1.00
2017.06.30 14:13:14.746,8.3646,8.36577,1.12,1.00
2017.06.30 14:13:14.964,8.36462,8.36584,1.00,1.00
2017.06.30 14:13:15.015,8.3646,8.36578,1.12,1.00
2017.06.30 14:13:15.442,8.3646,8.36575,1.12,1.00
2017.06.30 14:13:15.756,8.3646,8.36584,1.12,1.00
2017.06.30 14:13:15.959,8.3646,8.36575,1.12,1.00
2017.06.30 14:13:16.010,8.3646,8.36584,1.00,1.00
2017.06.30 14:13:16.452,8.36461,8.36571,1.00,1.00
2017.06.30 14:13:17.724,8.3646,8.36571,1.00,1.00
2017.06.30 14:13:18.028,8.36455,8.36554,1.00,1.00
2017.06.30 14:13:18.367,8.36457,8.36532,1.00,1.00
2017.06.30 14:13:18.979,8.3645,8.36532,1.00,1.00
2017.06.30 14:13:19.182,8.3645,8.3655,1.00,1.00
2017.06.30 14:13:19.442,8.3645,8.36545,1.00,1.00
2017.06.30 14:13:19.988,8.36449,8.36545,1.00,1.00
2017.06.30 14:13:20.587,8.36452,8.36545,1.00,1.00
2017.06.30 14:13:21.309,8.36453,8.36545,1.12,1.00
2017.06.30 14:13:21.461,8.36446,8.36559,1.37,1.00
2017.06.30 14:13:21.909,8.36446,8.36555,1.37,1.00
2017.06.30 14:13:22.233,8.36446,8.36559,1.37,1.00
2017.06.30 14:13:22.459,8.36446,8.36557,1.37,1.00
2017.06.30 14:13:22.561,8.36446,8.36559,1.37,1.50
2017.06.30 14:13:23.255,8.36446,8.36544,1.37,1.00
2017.06.30 14:13:23.586,8.36446,8.36544,1.00,1.00
2017.06.30 14:13:23.637,8.36453,8.36544,1.00,1.00
2017.06.30 14:13:28.659,8.36453,8.36562,1.00,1.00
2017.06.30 14:13:28.761,8.36451,8.36562,1.00,1.00
2017.06.30 14:13:28.963,8.36451,8.36547,1.00,1.00
2017.06.30 14:13:29.802,8.36451,8.36562,1.00,1.00
2017.06.30 14:13:31.260,8.36451,8.36553,1.00,1.00
2017.06.30 14:13:31.311,8.36456,8.36562,1.00,1.00
2017.06.30 14:13:31.501,8.36456,8.36554,1.00,1.00
2017.06.30 14:13:31.807,8.36457,8.36546,1.00,1.00
2017.06.30 14:13:32.257,8.36457,8.36544,1.00,1.00
2017.06.30 14:13:32.727,8.36457,8.36537,1.00,1.00
2017.06.30 14:13:32.858,8.36457,8.36546,1.00,1.50
2017.06.30 14:13:32.909,8.36457,8.36543,1.00,1.00
2017.06.30 14:13:33.897,8.36457,8.36546,1.00,1.00
2017.06.30 14:13:34.717,8.36457,8.36533,1.00,1.00
2017.06.30 14:13:35.904,8.36457,8.36511,1.00,1.00
2017.06.30 14:13:36.690,8.36457,8.36503,1.00,1.00
2017.06.30 14:13:36.995,8.36457,8.36491,1.00,1.00
2017.06.30 14:13:37.301,8.36444,8.36488,1.00,1.00
2017.06.30 14:13:37.542,8.36457,8.36488,1.00,1.00
2017.06.30 14:13:37.695,8.36457,8.36508,1.00,1.00
2017.06.30 14:13:37.747,8.36424,8.36532,1.00,1.00
2017.06.30 14:13:37.798,8.36457,8.36551,1.00,1.00
2017.06.30 14:13:38.120,8.36457,8.36537,1.00,1.00
2017.06.30 14:13:38.628,8.3646,8.36537,1.00,1.00
2017.06.30 14:13:38.730,8.3647,8.36588,1.00,1.00
2017.06.30 14:13:38.832,8.36468,8.36588,1.00,1.00
2017.06.30 14:13:38.883,8.36454,8.36577,1.00,1.00
2017.06.30 14:13:39.036,8.36452,8.3657,1.00,1.00
2017.06.30 14:13:44.216,8.36468,8.3659,1.50,1.00
2017.06.30 14:13:44.267,8.36468,8.36568,1.00,1.00
2017.06.30 14:13:44.420,8.36451,8.36555,1.00,1.00
2017.06.30 14:13:44.523,8.36457,8.36549,1.00,1.00
2017.06.30 14:13:44.829,8.36457,8.36535,1.00,1.00
2017.06.30 14:13:45.110,8.36458,8.36548,1.00,1.00
2017.06.30 14:13:45.213,8.36457,8.36536,1.00,1.00
2017.06.30 14:13:45.569,8.36457,8.36534,1.00,1.00
2017.06.30 14:13:45.896,8.36457,8.36516,1.00,1.00
2017.06.30 14:13:46.716,8.36457,8.3653,1.00,1.00
2017.06.30 14:13:46.920,8.36457,8.36548,1.00,1.00
2017.06.30 14:13:47.688,8.36456,8.36548,1.00,1.00
2017.06.30 14:13:47.739,8.36467,8.36548,1.00,1.00
2017.06.30 14:13:48.147,8.36467,8.36563,1.00,1.00
2017.06.30 14:13:50.427,8.36467,8.36548,1.00,1.00
2017.06.30 14:13:50.767,8.36467,8.36562,1.00,1.00
2017.06.30 14:13:51.976,8.36457,8.36561,1.00,1.00
2017.06.30 14:13:52.027,8.36457,8.36535,1.00,1.00
2017.06.30 14:13:52.434,8.36458,8.36553,1.00,1.00
2017.06.30 14:13:52.536,8.36456,8.3653,1.00,1.00
2017.06.30 14:13:53.060,8.36456,8.36549,1.00,1.00
2017.06.30 14:13:53.459,8.36453,8.36549,1.00,1.00
2017.06.30 14:13:53.561,8.36453,8.36563,1.00,1.00
2017.06.30 14:13:53.632,8.36453,8.36541,1.00,1.00
2017.06.30 14:13:54.772,8.36453,8.36571,1.00,1.00
2017.06.30 14:13:57.906,8.36453,8.36555,1.50,1.00
2017.06.30 14:13:58.211,8.36457,8.36539,1.00,1.00
2017.06.30 14:13:58.313,8.36453,8.36539,1.00,1.00
2017.06.30 14:13:58.651,8.36453,8.3656,1.00,1.00
2017.06.30 14:13:58.702,8.36453,8.36563,1.00,1.00
2017.06.30 14:13:58.753,8.36453,8.3654,1.00,1.00
2017.06.30 14:14:00.151,8.36453,8.36555,1.00,1.00
2017.06.30 14:14:00.887,8.36453,8.36569,1.00,1.00
2017.06.30 14:14:00.989,8.36461,8.36585,1.00,1.50
2017.06.30 14:14:01.264,8.36459,8.36576,1.00,1.00
2017.06.30 14:14:01.605,8.36453,8.36559,1.00,1.00
2017.06.30 14:14:01.949,8.36478,8.36559,1.00,1.00
2017.06.30 14:14:02.001,8.36478,8.36571,1.00,1.00
2017.06.30 14:14:02.103,8.36463,8.36571,1.00,1.00
2017.06.30 14:14:02.205,8.36453,8.36559,1.50,1.00
2017.06.30 14:14:02.460,8.36464,8.36579,1.00,1.00
2017.06.30 14:14:02.511,8.36464,8.36582,1.00,1.00
2017.06.30 14:14:03.210,8.3647,8.36582,1.00,1.00
2017.06.30 14:14:03.526,8.36473,8.36582,1.00,1.00
2017.06.30 14:14:03.682,8.36458,8.36582,1.00,1.00
2017.06.30 14:14:03.908,8.36458,8.36561,1.00,1.00
2017.06.30 14:14:04.134,8.36454,8.36561,1.00,1.00
2017.06.30 14:14:05.781,8.36448,8.36561,1.00,1.00
2017.06.30 14:14:05.969,8.36451,8.36561,1.00,1.00
2017.06.30 14:14:09.501,8.36451,8.36546,1.00,1.00
2017.06.30 14:14:09.603,8.36451,8.36556,1.00,1.00
2017.06.30 14:14:09.877,8.36451,8.36565,1.00,1.50
2017.06.30 14:14:10.029,8.36455,8.36565,1.00,1.00
2017.06.30 14:14:10.431,8.36455,8.36571,1.00,1.00
2017.06.30 14:14:10.482,8.36455,8.36579,1.00,1.00
2017.06.30 14:14:14.298,8.36455,8.3658,1.50,1.00
2017.06.30 14:14:15.276,8.36455,8.36577,1.00,1.00
2017.06.30 14:14:15.404,8.36455,8.36581,1.00,1.00
2017.06.30 14:14:16.483,8.36455,8.36579,1.00,1.00
2017.06.30 14:14:16.788,8.36457,8.36573,1.00,1.00
2017.06.30 14:14:16.940,8.36455,8.3658,1.00,1.00
2017.06.30 14:14:17.300,8.36453,8.36564,1.00,1.00
2017.06.30 14:14:17.801,8.36453,8.36579,1.50,1.00
2017.06.30 14:14:17.955,8.36455,8.36579,1.00,1.00
2017.06.30 14:14:18.387,8.36453,8.36575,1.00,1.00
2017.06.30 14:14:21.802,8.36453,8.36573,1.00,1.00
2017.06.30 14:14:22.324,8.36453,8.36573,1.00,1.15
2017.06.30 14:14:22.375,8.36457,8.36572,1.00,1.22
2017.06.30 14:14:22.426,8.36457,8.36572,1.00,1.00
2017.06.30 14:14:22.477,8.36453,8.36573,1.00,1.00
2017.06.30 14:14:22.529,8.36442,8.3656,1.00,1.00
2017.06.30 14:14:22.833,8.36452,8.36558,1.00,1.00
2017.06.30 14:14:23.321,8.36456,8.36547,1.00,1.00
2017.06.30 14:14:23.671,8.36458,8.36549,1.00,1.00
2017.06.30 14:14:23.994,8.36458,8.36537,1.00,1.00
2017.06.30 14:14:24.148,8.36458,8.36545,1.00,1.00
2017.06.30 14:14:24.557,8.36458,8.36548,1.00,1.00
2017.06.30 14:14:24.608,8.36458,8.3656,1.00,1.00
2017.06.30 14:14:24.659,8.36453,8.3656,1.00,1.00
2017.06.30 14:14:24.818,8.36465,8.36567,1.00,1.00
2017.06.30 14:14:26.016,8.36465,8.36572,1.00,1.00
2017.06.30 14:14:26.219,8.36465,8.36576,1.00,1.00
2017.06.30 14:14:26.547,8.36465,8.36589,1.00,1.00
2017.06.30 14:14:26.599,8.36465,8.36581,1.00,1.00
2017.06.30 14:14:26.916,8.36464,8.36564,1.00,1.00
2017.06.30 14:14:26.967,8.36457,8.36564,1.00,1.50
2017.06.30 14:14:27.575,8.36457,8.36556,1.00,1.00
2017.06.30 14:14:28.524,8.36455,8.36561,1.00,1.00
2017.06.30 14:14:28.893,8.36457,8.36561,1.00,1.00
2017.06.30 14:14:29.472,8.36457,8.36555,1.00,1.00
2017.06.30 14:14:30.561,8.36457,8.36559,1.00,1.00
2017.06.30 14:14:30.612,8.36457,8.36555,1.00,1.00
2017.06.30 14:14:33.283,8.36455,8.36555,1.00,1.00
2017.06.30 14:14:33.821,8.36456,8.36555,1.00,1.00
2017.06.30 14:14:34.551,8.36454,8.36555,1.50,1.00
2017.06.30 14:14:34.690,8.36454,8.36551,1.50,1.00
2017.06.30 14:14:35.640,8.36454,8.36557,1.00,1.00
2017.06.30 14:14:36.500,8.36453,8.36557,1.00,1.00
2017.06.30 14:14:36.551,8.36448,8.36564,1.00,1.50
2017.06.30 14:14:36.653,8.36453,8.36564,1.00,1.00
2017.06.30 14:14:36.819,8.36453,8.3657,1.00,1.00
2017.06.30 14:14:37.155,8.36475,8.3657,1.00,1.00
2017.06.30 14:14:38.060,8.36455,8.3657,1.00,1.00
2017.06.30 14:14:38.111,8.36453,8.3657,1.00,1.00
2017.06.30 14:14:38.162,8.36476,8.3657,1.00,1.00
2017.06.30 14:14:38.264,8.36461,8.3657,1.00,1.00
2017.06.30 14:14:38.572,8.36461,8.36575,1.00,1.00
2017.06.30 14:14:38.623,8.36461,8.36586,1.00,1.00
2017.06.30 14:14:38.674,8.36475,8.36594,1.00,1.00
2017.06.30 14:14:38.978,8.36483,8.36594,1.00,1.00
2017.06.30 14:14:39.814,8.36483,8.36604,1.00,1.00
2017.06.30 14:14:39.865,8.36488,8.36609,1.00,1.00
2017.06.30 14:14:40.170,8.36523,8.3661,1.00,1.00
2017.06.30 14:14:40.377,8.36491,8.3661,1.00,1.00
2017.06.30 14:14:40.480,8.36491,8.36593,1.00,1.00
2017.06.30 14:14:40.635,8.36478,8.36596,1.00,1.00
2017.06.30 14:14:40.688,8.36467,8.36581,1.00,1.00
2017.06.30 14:14:40.792,8.36486,8.36611,1.00,1.50
2017.06.30 14:14:40.894,8.36514,8.36611,1.00,1.00
2017.06.30 14:14:41.698,8.36514,8.36598,1.00,1.00
2017.06.30 14:14:41.800,8.36494,8.36594,1.00,1.00
2017.06.30 14:14:42.595,8.36494,8.36607,1.00,1.00
2017.06.30 14:14:42.748,8.36494,8.36612,1.00,1.00
2017.06.30 14:14:43.172,8.36494,8.36603,1.00,1.00
2017.06.30 14:14:43.667,8.36494,8.36593,1.00,1.00
2017.06.30 14:14:43.770,8.36479,8.36585,1.00,1.00
2017.06.30 14:14:43.871,8.36464,8.36585,1.00,1.00
2017.06.30 14:14:43.973,8.36464,8.36591,1.00,2.10
2017.06.30 14:14:44.075,8.36464,8.3659,1.00,1.00
2017.06.30 14:14:44.558,8.36477,8.36591,1.00,1.00
2017.06.30 14:14:44.812,8.36494,8.36609,1.00,1.00
2017.06.30 14:14:44.968,8.36481,8.36605,1.00,1.00
2017.06.30 14:14:45.019,8.36481,8.36599,1.00,1.00
2017.06.30 14:14:46.308,8.36473,8.36591,1.00,1.00
2017.06.30 14:14:46.706,8.36464,8.36589,1.12,1.00
2017.06.30 14:14:46.954,8.36467,8.36591,1.00,1.00
2017.06.30 14:14:48.174,8.36479,8.36591,1.00,1.00
2017.06.30 14:14:48.327,8.3648,8.36605,1.00,1.00
2017.06.30 14:14:50.674,8.36486,8.36605,1.00,1.00
2017.06.30 14:14:50.945,8.365,8.36623,1.00,1.00
2017.06.30 14:14:50.996,8.365,8.36603,1.00,1.00
2017.06.30 14:14:51.199,8.36479,8.36603,1.00,1.50
2017.06.30 14:14:51.717,8.36478,8.36603,1.00,1.50
2017.06.30 14:14:51.849,8.36478,8.36596,1.00,1.00
2017.06.30 14:14:52.397,8.36478,8.36588,1.00,1.00
2017.06.30 14:14:52.499,8.36462,8.36588,1.37,1.50
2017.06.30 14:14:52.652,8.36461,8.36566,1.37,1.00
2017.06.30 14:14:53.879,8.36449,8.36566,1.00,1.00
2017.06.30 14:14:53.930,8.36449,8.36574,1.00,1.00
2017.06.30 14:14:54.520,8.36448,8.36574,1.00,1.00
2017.06.30 14:14:54.571,8.36454,8.36574,1.00,1.00
2017.06.30 14:14:54.944,8.36463,8.36581,1.00,1.00
2017.06.30 14:14:55.114,8.36468,8.36589,1.00,1.00
2017.06.30 14:14:55.216,8.36485,8.36595,1.00,1.00
2017.06.30 14:14:55.318,8.36466,8.36583,1.00,1.00
2017.06.30 14:14:55.419,8.36463,8.36583,1.00,1.00
2017.06.30 14:14:56.249,8.36463,8.36579,1.00,1.00
2017.06.30 14:14:56.759,8.36463,8.36585,1.00,1.00
2017.06.30 14:14:56.810,8.36467,8.36589,1.00,1.00
2017.06.30 14:14:57.191,8.36477,8.36592,1.00,1.00
2017.06.30 14:14:57.352,8.36465,8.36589,1.00,1.00
2017.06.30 14:14:57.544,8.36463,8.3658,1.00,1.00
2017.06.30 14:14:58.376,8.36463,8.36539,1.00,1.00
2017.06.30 14:14:58.427,8.36447,8.36528,1.00,1.00
2017.06.30 14:14:58.478,8.36457,8.36528,1.00,1.00
2017.06.30 14:14:59.018,8.36458,8.36528,1.00,1.00
2017.06.30 14:14:59.401,8.36457,8.3653,1.00,1.00
2017.06.30 14:14:59.597,8.36457,8.36534,1.00,1.00
2017.06.30 14:14:59.648,8.36457,8.36543,1.00,1.00
2017.06.30 14:14:59.851,8.36457,8.36554,1.00,1.00
2017.06.30 14:14:59.953,8.36457,8.36551,1.00,1.00
2017.06.30 14:15:00.259,8.36457,8.36518,1.00,1.00
2017.06.30 14:15:00.514,8.36435,8.36499,1.00,1.00
2017.06.30 14:15:00.566,8.3642,8.36499,1.00,1.00
2017.06.30 14:15:00.668,8.3642,8.36485,1.00,1.00
2017.06.30 14:15:00.923,8.36457,8.36533,1.00,1.00
2017.06.30 14:15:00.974,8.36457,8.36537,1.00,1.00
2017.06.30 14:15:01.026,8.36457,8.36544,1.00,1.00
2017.06.30 14:15:01.128,8.36457,8.36565,1.00,1.00
2017.06.30 14:15:01.410,8.36455,8.36566,1.00,1.00
2017.06.30 14:15:01.562,8.36457,8.36566,1.00,1.00
2017.06.30 14:15:01.841,8.36457,8.36571,1.00,1.00
2017.06.30 14:15:02.324,8.36457,8.36558,1.00,1.00
2017.06.30 14:15:02.630,8.36457,8.36544,1.00,1.00
2017.06.30 14:15:02.987,8.36446,8.3652,1.00,1.00
2017.06.30 14:15:03.089,8.36446,8.36527,1.00,1.00
2017.06.30 14:15:03.242,8.36441,8.36527,1.00,1.00
2017.06.30 14:15:03.344,8.36441,8.3652,1.00,1.00
2017.06.30 14:15:03.648,8.36457,8.36546,1.00,1.00
2017.06.30 14:15:03.933,8.36461,8.36564,1.00,1.00
2017.06.30 14:15:04.373,8.36461,8.36571,1.00,1.00
2017.06.30 14:15:04.425,8.36461,8.36587,1.00,1.00
2017.06.30 14:15:04.629,8.36461,8.36556,1.00,1.00
2017.06.30 14:15:05.078,8.36475,8.36556,1.00,1.00
2017.06.30 14:15:05.219,8.36475,8.36568,1.00,1.00
2017.06.30 14:15:05.321,8.36475,8.3657,1.00,1.00
2017.06.30 14:15:05.372,8.36511,8.36555,1.00,1.00
2017.06.30 14:15:05.576,8.36458,8.36536,1.00,1.00
2017.06.30 14:15:05.678,8.36457,8.36549,1.00,1.00
2017.06.30 14:15:06.189,8.36458,8.36549,1.00,1.00
2017.06.30 14:15:06.532,8.36458,8.36554,1.00,1.00
2017.06.30 14:15:07.128,8.36457,8.36554,1.00,1.00
2017.06.30 14:15:07.180,8.36452,8.36578,1.50,1.00
2017.06.30 14:15:07.386,8.36468,8.36578,1.00,1.00
2017.06.30 14:15:08.169,8.36468,8.36582,1.00,1.00
2017.06.30 14:15:08.380,8.36468,8.36568,1.00,1.00
2017.06.30 14:15:08.482,8.36454,8.36568,1.00,1.00
2017.06.30 14:15:09.002,8.36454,8.36575,1.00,1.00
2017.06.30 14:15:09.053,8.3646,8.36586,1.00,1.00
2017.06.30 14:15:09.155,8.36468,8.36586,1.00,1.00
2017.06.30 14:15:09.463,8.36454,8.36573,1.00,1.00
2017.06.30 14:15:09.611,8.36454,8.36563,1.00,1.00
2017.06.30 14:15:09.763,8.36451,8.36563,1.00,1.00
2017.06.30 14:15:09.865,8.36455,8.36563,1.00,1.00
2017.06.30 14:15:10.294,8.36455,8.36559,1.00,1.00
2017.06.30 14:15:10.453,8.36455,8.36572,1.00,1.00
2017.06.30 14:15:10.679,8.36455,8.36569,1.00,1.00
2017.06.30 14:15:11.226,8.36451,8.36559,1.00,1.00
2017.06.30 14:15:11.278,8.36461,8.36587,1.00,1.00
2017.06.30 14:15:11.387,8.36468,8.36587,1.00,1.00
2017.06.30 14:15:11.541,8.36472,8.36598,1.00,1.07
2017.06.30 14:15:11.593,8.36487,8.36613,1.00,1.07
2017.06.30 14:15:11.900,8.36499,8.36606,1.00,1.07
2017.06.30 14:15:12.054,8.36485,8.36606,1.00,1.07
2017.06.30 14:15:12.370,8.36499,8.36596,1.00,1.07
2017.06.30 14:15:12.472,8.36485,8.36596,1.00,1.07
2017.06.30 14:15:12.573,8.36499,8.36596,1.00,1.07
2017.06.30 14:15:12.676,8.36479,8.36596,1.00,1.07
2017.06.30 14:15:13.219,8.36478,8.36592,1.00,1.10
2017.06.30 14:15:13.371,8.36478,8.36592,1.75,1.10
2017.06.30 14:15:13.626,8.36478,8.36592,1.00,1.00
2017.06.30 14:15:13.728,8.36478,8.36592,1.00,1.07
2017.06.30 14:15:13.881,8.36478,8.36588,1.00,1.34
2017.06.30 14:15:14.393,8.36478,8.36588,1.00,1.00
2017.06.30 14:15:14.744,8.36478,8.36592,1.00,1.00
2017.06.30 14:15:14.929,8.36478,8.36583,1.00,1.00
2017.06.30 14:15:15.242,8.36457,8.36556,1.00,1.00
2017.06.30 14:15:15.395,8.36448,8.36556,1.00,1.00
2017.06.30 14:15:15.681,8.36463,8.36556,1.00,1.00
2017.06.30 14:15:15.784,8.36453,8.36556,1.00,1.00
2017.06.30 14:15:16.486,8.36453,8.36555,1.00,1.00
2017.06.30 14:15:17.036,8.36453,8.36552,1.00,1.00
2017.06.30 14:15:17.835,8.36453,8.3656,1.00,1.00
2017.06.30 14:15:17.886,8.36463,8.3656,1.00,1.00
2017.06.30 14:15:17.988,8.36463,8.36576,1.00,1.00
2017.06.30 14:15:18.089,8.36478,8.36576,1.00,1.00
2017.06.30 14:15:18.192,8.36478,8.36587,1.00,1.00
2017.06.30 14:15:18.939,8.36478,8.36593,1.00,1.10
2017.06.30 14:15:19.168,8.36478,8.36588,1.00,1.00
2017.06.30 14:15:19.821,8.36478,8.36578,1.00,1.00
2017.06.30 14:15:20.772,8.36478,8.36576,1.00,1.00
2017.06.30 14:15:21.080,8.36478,8.36583,1.00,1.00
2017.06.30 14:15:21.131,8.36478,8.36591,1.00,1.00
2017.06.30 14:15:21.603,8.36478,8.36602,1.00,1.07
2017.06.30 14:15:21.706,8.365,8.36602,1.00,1.07
2017.06.30 14:15:21.808,8.36485,8.36625,1.00,1.52
2017.06.30 14:15:21.911,8.36514,8.36625,1.00,1.52
2017.06.30 14:15:22.492,8.36534,8.36594,1.00,1.07
2017.06.30 14:15:22.594,8.36517,8.3663,1.00,1.52
2017.06.30 14:15:22.645,8.36514,8.3663,1.00,1.52
2017.06.30 14:15:23.243,8.36514,8.3663,1.00,1.52
2017.06.30 14:15:23.774,8.36514,8.36623,1.00,1.52
2017.06.30 14:15:25.081,8.36499,8.36605,1.00,1.07
2017.06.30 14:15:25.539,8.36499,8.3662,1.00,1.00
2017.06.30 14:15:26.450,8.36499,8.3662,1.00,1.27
2017.06.30 14:15:27.160,8.36499,8.3662,1.00,1.22
2017.06.30 14:15:27.926,8.36522,8.3663,1.00,1.52
2017.06.30 14:15:28.530,8.36522,8.3663,1.00,1.52
2017.06.30 14:15:28.810,8.36501,8.36617,1.00,1.22
2017.06.30 14:15:28.861,8.36491,8.366,1.00,1.07
2017.06.30 14:15:29.015,8.3648,8.36605,1.00,1.07
2017.06.30 14:15:29.117,8.36491,8.36627,1.00,1.52
2017.06.30 14:15:29.468,8.36548,8.36673,1.00,2.25
2017.06.30 14:15:29.519,8.36598,8.36672,1.00,2.25
2017.06.30 14:15:29.722,8.3657,8.36673,1.00,1.50
2017.06.30 14:15:29.773,8.36573,8.36673,1.00,1.50
2017.06.30 14:15:30.116,8.36605,8.36673,1.00,1.50
2017.06.30 14:15:30.270,8.3661,8.36698,1.00,1.00
2017.06.30 14:15:30.638,8.36617,8.36698,1.00,1.00
2017.06.30 14:15:31.131,8.36623,8.36697,1.00,1.00
2017.06.30 14:15:31.482,8.36634,8.36697,1.00,1.00
2017.06.30 14:15:31.584,8.36634,8.36704,1.00,1.00
2017.06.30 14:15:32.010,8.36631,8.36704,1.00,1.00
2017.06.30 14:15:32.501,8.36625,8.36704,1.00,1.00
2017.06.30 14:15:32.552,8.36625,8.36722,1.00,1.00
2017.06.30 14:15:32.603,8.3664,8.36722,1.00,1.00
2017.06.30 14:15:32.756,8.3664,8.36732,1.00,1.00
2017.06.30 14:15:33.824,8.3664,8.36716,1.00,1.00
2017.06.30 14:15:33.927,8.36614,8.36705,1.00,1.00
2017.06.30 14:15:34.057,8.36614,8.36717,1.00,1.00
2017.06.30 14:15:34.471,8.36614,8.36693,1.00,1.00
2017.06.30 14:15:34.522,8.36614,8.36709,1.00,1.00
2017.06.30 14:15:35.474,8.36614,8.36718,1.00,1.00
2017.06.30 14:15:35.811,8.36614,8.36728,1.00,1.00
2017.06.30 14:15:35.862,8.36614,8.36726,1.00,1.00
2017.06.30 14:15:36.467,8.36633,8.36715,1.00,1.00
2017.06.30 14:15:36.856,8.36633,8.36728,1.00,1.00
2017.06.30 14:15:36.907,8.36633,8.36726,1.00,1.00
2017.06.30 14:15:37.009,8.36618,8.36712,1.00,1.00
2017.06.30 14:15:37.060,8.36618,8.36723,1.00,1.00
2017.06.30 14:15:37.264,8.36618,8.36708,1.00,1.00
2017.06.30 14:15:37.875,8.36618,8.3672,1.00,1.00
2017.06.30 14:15:37.976,8.36618,8.3671,1.00,1.00
2017.06.30 14:15:38.251,8.36618,8.36723,1.00,1.00
2017.06.30 14:15:38.302,8.36618,8.36721,1.00,1.00
2017.06.30 14:15:38.646,8.36618,8.36723,1.00,1.00
2017.06.30 14:15:39.355,8.36618,8.36729,1.00,1.00
2017.06.30 14:15:40.081,8.36618,8.36727,1.00,1.00
2017.06.30 14:15:40.387,8.3662,8.36745,1.00,1.07
2017.06.30 14:15:40.438,8.36618,8.36726,1.00,1.00
2017.06.30 14:15:40.743,8.36618,8.36708,1.00,1.00
2017.06.30 14:15:40.955,8.36618,8.36725,1.00,1.00
2017.06.30 14:15:41.380,8.36618,8.36739,1.00,1.00
2017.06.30 14:15:41.432,8.36657,8.36756,1.00,1.07
2017.06.30 14:15:41.535,8.36638,8.36744,1.00,1.07
2017.06.30 14:15:41.839,8.36653,8.36757,1.00,1.07
2017.06.30 14:15:41.941,8.36638,8.36745,1.00,1.07
2017.06.30 14:15:42.043,8.36628,8.36734,1.00,1.00
2017.06.30 14:15:42.209,8.36628,8.36718,1.00,1.00
2017.06.30 14:15:42.516,8.36628,8.36711,1.00,1.00
2017.06.30 14:15:42.774,8.36601,8.36711,1.00,1.00
2017.06.30 14:15:42.826,8.36614,8.36699,1.00,1.00
2017.06.30 14:15:43.031,8.36599,8.36699,1.00,1.00
2017.06.30 14:15:43.501,8.36599,8.36693,1.00,1.00
2017.06.30 14:15:44.467,8.36599,8.36707,1.00,1.00
2017.06.30 14:15:44.621,8.36599,8.3671,1.00,1.00
2017.06.30 14:15:44.723,8.36638,8.36723,1.00,1.00
2017.06.30 14:15:44.912,8.36617,8.36724,1.00,1.00
2017.06.30 14:15:46.758,8.36617,8.36729,1.00,1.00
2017.06.30 14:15:47.143,8.36646,8.36729,1.00,1.00
2017.06.30 14:15:47.623,8.36627,8.36729,1.00,1.00
2017.06.30 14:15:47.675,8.36624,8.36733,1.00,1.00
2017.06.30 14:15:47.726,8.36638,8.36755,1.00,1.07
2017.06.30 14:15:48.034,8.36638,8.3674,1.00,1.00
2017.06.30 14:15:48.341,8.36618,8.36715,1.00,1.00
2017.06.30 14:15:48.392,8.36614,8.36715,1.00,1.00
2017.06.30 14:15:48.745,8.36614,8.36726,1.00,1.00
2017.06.30 14:15:48.937,8.36614,8.36716,1.00,1.00
2017.06.30 14:15:50.781,8.36614,8.3672,1.00,1.00
2017.06.30 14:15:50.918,8.36614,8.36728,1.00,1.00
2017.06.30 14:15:50.971,8.36652,8.36754,1.00,1.07
2017.06.30 14:15:51.174,8.36624,8.36719,1.00,1.00
2017.06.30 14:15:51.765,8.36607,8.36719,1.00,1.00
2017.06.30 14:15:52.300,8.36607,8.36724,1.00,1.00
2017.06.30 14:15:52.351,8.3663,8.36744,1.00,1.07
2017.06.30 14:15:52.653,8.36646,8.36744,1.00,1.07
2017.06.30 14:15:52.807,8.366,8.36719,1.00,1.00
2017.06.30 14:15:52.858,8.36607,8.36727,1.00,1.00
2017.06.30 14:15:52.961,8.36631,8.36747,1.00,1.07
2017.06.30 14:15:53.265,8.36632,8.36732,1.00,1.00
2017.06.30 14:15:53.367,8.36632,8.36749,1.00,1.07
2017.06.30 14:15:53.820,8.36632,8.36723,1.00,1.00
2017.06.30 14:15:53.973,8.36612,8.36723,1.00,1.00
2017.06.30 14:15:54.075,8.36626,8.36723,1.00,1.00
2017.06.30 14:15:54.177,8.36626,8.36734,1.00,1.00
2017.06.30 14:15:54.696,8.36626,8.36747,1.00,1.07
2017.06.30 14:15:55.170,8.36626,8.36737,1.00,1.00
2017.06.30 14:15:55.221,8.36626,8.36746,1.00,1.07
2017.06.30 14:15:55.461,8.36657,8.36746,1.00,1.07
2017.06.30 14:15:56.046,8.36657,8.36735,1.00,1.00
2017.06.30 14:15:56.148,8.36636,8.36729,1.00,1.00
2017.06.30 14:15:56.199,8.36634,8.36729,1.00,1.00
2017.06.30 14:15:57.047,8.36634,8.36734,1.00,1.00
2017.06.30 14:15:57.589,8.36634,8.36742,1.00,1.00
2017.06.30 14:15:57.691,8.36634,8.36733,1.00,1.00
2017.06.30 14:15:57.749,8.36634,8.36743,1.00,1.10
2017.06.30 14:15:58.265,8.36634,8.36743,1.00,1.07
2017.06.30 14:15:58.944,8.36634,8.36747,1.00,1.07
2017.06.30 14:15:59.013,8.36634,8.36737,1.00,1.00
2017.06.30 14:15:59.342,8.36634,8.36746,1.00,1.07
2017.06.30 14:15:59.706,8.36634,8.36739,1.00,1.00
2017.06.30 14:16:00.011,8.36634,8.36714,1.00,1.00
2017.06.30 14:16:00.062,8.36619,8.36714,1.00,1.00
2017.06.30 14:16:00.336,8.36619,8.36726,1.00,1.00
2017.06.30 14:16:00.488,8.36634,8.36726,1.00,1.00
2017.06.30 14:16:00.895,8.36634,8.36734,1.00,1.00
2017.06.30 14:16:01.473,8.36634,8.36728,1.00,1.00
2017.06.30 14:16:01.750,8.36634,8.36736,1.00,1.00
2017.06.30 14:16:02.347,8.36634,8.36731,1.00,1.00
2017.06.30 14:16:02.806,8.36634,8.36737,1.00,1.00
2017.06.30 14:16:03.433,8.36634,8.36732,1.00,1.00
2017.06.30 14:16:03.585,8.36617,8.36732,1.00,1.00
2017.06.30 14:16:03.687,8.36639,8.36732,1.00,1.00
2017.06.30 14:16:03.773,8.36639,8.36737,1.00,1.00
2017.06.30 14:16:04.123,8.36639,8.36716,1.00,1.00
2017.06.30 14:16:04.275,8.36619,8.36716,1.00,1.00
2017.06.30 14:16:04.326,8.3661,8.36716,1.00,1.00
2017.06.30 14:16:05.338,8.3661,8.36713,1.00,1.00
2017.06.30 14:16:05.643,8.3661,8.36697,1.00,1.00
2017.06.30 14:16:05.896,8.36592,8.36712,1.00,1.00
2017.06.30 14:16:06.064,8.366,8.36719,1.00,1.00
2017.06.30 14:16:06.115,8.3661,8.36735,1.00,1.00
2017.06.30 14:16:06.167,8.36608,8.36732,1.00,1.00
2017.06.30 14:16:06.520,8.36611,8.36708,1.00,1.00
2017.06.30 14:16:07.164,8.36611,8.36715,1.00,1.00
2017.06.30 14:16:07.466,8.36611,8.36723,1.00,1.00
2017.06.30 14:16:07.518,8.36626,8.3673,1.00,1.00
2017.06.30 14:16:08.094,8.36626,8.36721,1.00,1.00
2017.06.30 14:16:08.297,8.36611,8.36721,1.00,1.00
2017.06.30 14:16:08.745,8.36611,8.36725,1.00,1.00
2017.06.30 14:16:09.445,8.36611,8.3672,1.00,1.00
2017.06.30 14:16:09.815,8.36611,8.36705,1.00,1.00
2017.06.30 14:16:10.301,8.36588,8.36692,1.00,1.00
2017.06.30 14:16:10.454,8.36588,8.36684,1.00,1.00
2017.06.30 14:16:11.472,8.36588,8.36694,1.00,1.00
2017.06.30 14:16:11.523,8.36588,8.36689,1.00,1.00
2017.06.30 14:16:12.200,8.36574,8.36689,1.00,1.00
2017.06.30 14:16:12.477,8.36574,8.36687,1.00,1.00
2017.06.30 14:16:12.836,8.36561,8.3667,1.00,1.00
2017.06.30 14:16:13.622,8.36565,8.3667,1.00,1.00
2017.06.30 14:16:13.945,8.36581,8.36698,1.00,1.00
2017.06.30 14:16:14.861,8.36585,8.36698,1.00,1.00
2017.06.30 14:16:15.726,8.3658,8.36698,1.00,1.00
2017.06.30 14:16:16.742,8.36583,8.36698,1.00,1.00
2017.06.30 14:16:16.800,8.36573,8.36698,1.00,1.00
2017.06.30 14:16:17.029,8.3657,8.36685,1.00,1.00
2017.06.30 14:16:17.831,8.36566,8.36685,1.00,1.00
2017.06.30 14:16:17.983,8.36573,8.36685,1.00,1.00
2017.06.30 14:16:18.327,8.3658,8.36707,1.00,1.00
2017.06.30 14:16:18.429,8.36578,8.36688,1.00,1.00
2017.06.30 14:16:19.158,8.36572,8.36688,1.00,1.00
2017.06.30 14:16:20.268,8.36571,8.36688,1.00,1.00
2017.06.30 14:16:21.044,8.36577,8.36688,1.00,1.00
2017.06.30 14:16:21.270,8.36572,8.36688,1.00,1.00
2017.06.30 14:16:21.613,8.36582,8.36688,1.00,1.00
2017.06.30 14:16:22.019,8.36582,8.36671,1.00,1.00
2017.06.30 14:16:22.116,8.36575,8.36671,1.00,1.00
2017.06.30 14:16:22.420,8.36575,8.36687,1.00,1.00
2017.06.30 14:16:22.579,8.36567,8.36687,1.00,1.00
2017.06.30 14:16:23.479,8.36563,8.36687,1.00,1.00
2017.06.30 14:16:23.713,8.3656,8.36674,1.00,1.00
2017.06.30 14:16:24.019,8.36566,8.36674,1.00,1.00
2017.06.30 14:16:24.323,8.36575,8.36674,1.00,1.00
2017.06.30 14:16:24.533,8.36575,8.36677,1.00,1.00
2017.06.30 14:16:24.654,8.36575,8.36693,1.00,1.00
2017.06.30 14:16:24.766,8.36572,8.36693,1.00,1.00
2017.06.30 14:16:25.856,8.36566,8.36693,1.50,1.00
2017.06.30 14:16:26.025,8.36566,8.36675,1.00,1.00
2017.06.30 14:16:26.864,8.36566,8.3669,1.00,1.00
2017.06.30 14:16:27.333,8.36563,8.3669,1.00,1.00
2017.06.30 14:16:28.403,8.36565,8.3669,1.00,1.00
2017.06.30 14:16:29.450,8.36563,8.3669,1.00,1.00
2017.06.30 14:16:29.682,8.36566,8.3669,1.00,1.00
2017.06.30 14:16:30.664,8.36564,8.3669,1.00,1.00
2017.06.30 14:16:31.336,8.3658,8.3669,1.00,1.00
2017.06.30 14:16:31.709,8.36591,8.3669,1.00,1.00
2017.06.30 14:16:31.761,8.36591,8.36705,1.00,1.00
2017.06.30 14:16:32.293,8.36595,8.36705,1.00,1.00
2017.06.30 14:16:33.481,8.36608,8.36705,1.00,1.00
2017.06.30 14:16:33.533,8.36608,8.36719,1.00,1.00
2017.06.30 14:16:33.839,8.36611,8.36738,1.00,1.00
2017.06.30 14:16:34.355,8.36608,8.3672,1.00,1.00
2017.06.30 14:16:34.447,8.36604,8.3672,1.00,1.00
2017.06.30 14:16:34.599,8.36614,8.3672,1.00,1.00
2017.06.30 14:16:34.651,8.36607,8.3672,1.00,1.00
2017.06.30 14:16:34.703,8.36619,8.3672,1.00,1.00
2017.06.30 14:16:34.756,8.36614,8.36733,1.00,1.00
2017.06.30 14:16:34.858,8.36608,8.36733,1.00,1.50
2017.06.30 14:16:35.642,8.36608,8.36722,1.00,1.00
2017.06.30 14:16:35.744,8.3659,8.36713,1.00,1.00
2017.06.30 14:16:36.699,8.3659,8.36717,1.00,1.00
2017.06.30 14:16:36.750,8.36587,8.36703,1.00,1.00
2017.06.30 14:16:36.851,8.3659,8.36717,1.00,1.00
2017.06.30 14:16:37.658,8.36593,8.36717,1.00,1.00
2017.06.30 14:16:37.991,8.36603,8.36717,1.00,1.00
2017.06.30 14:16:38.042,8.36597,8.36717,1.00,1.00
2017.06.30 14:16:38.774,8.3659,8.36714,1.00,1.00
2017.06.30 14:16:38.876,8.36605,8.36714,1.00,1.00
2017.06.30 14:16:39.638,8.36605,8.36719,1.00,1.00
2017.06.30 14:16:39.791,8.36605,8.36724,1.00,1.00
2017.06.30 14:16:39.893,8.36605,8.36713,1.00,1.00
2017.06.30 14:16:39.944,8.3659,8.36713,1.00,1.00
2017.06.30 14:16:40.147,8.36605,8.36713,1.00,1.00
2017.06.30 14:16:40.436,8.36605,8.36731,1.00,1.00
2017.06.30 14:16:42.489,8.36605,8.36727,1.00,1.00
2017.06.30 14:16:42.768,8.36605,8.36732,1.00,1.50
2017.06.30 14:16:43.022,8.36605,8.36721,1.00,1.00
2017.06.30 14:16:43.174,8.3659,8.36717,1.00,1.00
2017.06.30 14:16:43.276,8.36605,8.3673,1.00,1.00
2017.06.30 14:16:43.646,8.36605,8.36732,1.00,1.00
2017.06.30 14:16:43.697,8.36605,8.36724,1.00,1.00
2017.06.30 14:16:44.013,8.3662,8.36724,1.00,1.00
2017.06.30 14:16:44.318,8.3662,8.3674,1.00,1.00
2017.06.30 14:16:45.319,8.3662,8.36738,1.00,1.00
2017.06.30 14:16:45.629,8.3662,8.36698,1.00,1.00
2017.06.30 14:16:45.782,8.3662,8.36729,1.00,1.00
2017.06.30 14:16:45.833,8.3662,8.36742,1.00,1.00
2017.06.30 14:16:45.944,8.36605,8.36731,1.00,1.00
2017.06.30 14:16:46.689,8.36608,8.36731,1.00,1.00
2017.06.30 14:16:47.063,8.36605,8.36731,1.00,1.00
2017.06.30 14:16:47.756,8.36612,8.36747,1.00,1.07
2017.06.30 14:16:47.858,8.36612,8.36727,1.00,1.00
2017.06.30 14:16:47.909,8.36612,8.36737,1.00,1.00
2017.06.30 14:16:48.112,8.36605,8.36731,1.00,1.00
2017.06.30 14:16:51.342,8.36605,8.36715,1.00,1.00
2017.06.30 14:16:51.545,8.36605,8.36731,1.00,1.50
2017.06.30 14:16:52.279,8.36623,8.36738,1.00,1.00
2017.06.30 14:16:52.707,8.36623,8.36734,1.00,1.00
2017.06.30 14:16:54.423,8.36623,8.36728,1.00,1.00
2017.06.30 14:16:54.579,8.36603,8.36725,1.00,1.00
2017.06.30 14:16:54.631,8.36601,8.36725,1.00,1.00
2017.06.30 14:16:57.221,8.36622,8.36747,1.00,1.07
2017.06.30 14:16:57.474,8.36607,8.36734,1.00,1.00
2017.06.30 14:16:59.540,8.36607,8.36728,1.00,1.00
2017.06.30 14:17:00.195,8.36607,8.36722,1.00,1.00
2017.06.30 14:17:00.399,8.36594,8.36719,1.00,1.00
2017.06.30 14:17:00.602,8.36578,8.36705,1.00,1.00
2017.06.30 14:17:00.805,8.36595,8.36721,1.00,1.00
2017.06.30 14:17:01.119,8.36595,8.36719,1.00,1.00
2017.06.30 14:17:01.221,8.3658,8.36707,1.00,1.00
2017.06.30 14:17:01.323,8.36616,8.36729,1.00,1.00
2017.06.30 14:17:01.426,8.36616,8.36743,1.00,1.10
2017.06.30 14:17:01.681,8.36616,8.36729,1.00,1.00
2017.06.30 14:17:02.214,8.36616,8.36741,1.00,1.00
2017.06.30 14:17:02.317,8.36631,8.36741,1.00,1.00
2017.06.30 14:17:02.622,8.36631,8.36758,1.00,1.00
2017.06.30 14:17:02.784,8.36643,8.36758,1.00,1.00
2017.06.30 14:17:02.835,8.36631,8.36758,1.00,1.00
2017.06.30 14:17:03.039,8.36631,8.36749,1.00,1.00
2017.06.30 14:17:03.090,8.36631,8.36758,1.00,1.00
2017.06.30 14:17:04.683,8.36639,8.36758,1.00,1.00
2017.06.30 14:17:04.734,8.36631,8.36753,1.00,1.00
2017.06.30 14:17:04.786,8.3664,8.36758,1.00,1.00
2017.06.30 14:17:05.483,8.36645,8.36766,1.00,1.69
2017.06.30 14:17:05.788,8.36645,8.36755,1.00,1.00
2017.06.30 14:17:06.136,8.3663,8.36742,1.00,1.00
2017.06.30 14:17:06.385,8.3663,8.36733,1.00,1.00
2017.06.30 14:17:06.537,8.36615,8.36733,1.00,1.00
2017.06.30 14:17:07.044,8.36619,8.36742,1.00,1.00
2017.06.30 14:17:07.096,8.36637,8.36745,1.00,1.00
2017.06.30 14:17:07.408,8.36637,8.36743,1.00,1.00
2017.06.30 14:17:08.000,8.36637,8.36732,1.00,1.00
2017.06.30 14:17:08.202,8.36623,8.36732,1.00,1.00
2017.06.30 14:17:09.002,8.36623,8.36728,1.00,1.00
2017.06.30 14:17:09.886,8.36623,8.36743,1.00,1.00
2017.06.30 14:17:09.937,8.36623,8.36733,1.00,1.00
2017.06.30 14:17:10.141,8.36615,8.36733,1.00,1.00
2017.06.30 14:17:10.263,8.36617,8.3674,1.00,1.00
2017.06.30 14:17:10.314,8.36644,8.36744,1.00,1.00
2017.06.30 14:17:10.553,8.36644,8.36755,1.00,1.00
2017.06.30 14:17:11.009,8.3663,8.36742,1.00,1.00
2017.06.30 14:17:11.111,8.3663,8.36747,1.00,1.00
2017.06.30 14:17:11.366,8.3663,8.36756,1.00,1.00
2017.06.30 14:17:11.418,8.36645,8.36756,1.00,1.00
2017.06.30 14:17:11.719,8.36645,8.36747,1.00,1.00
2017.06.30 14:17:14.284,8.36645,8.36764,1.00,1.69
2017.06.30 14:17:14.642,8.36647,8.36771,1.00,1.69
2017.06.30 14:17:15.728,8.36645,8.36769,1.00,1.69
2017.06.30 14:17:15.779,8.36649,8.36771,1.00,1.69
2017.06.30 14:17:16.297,8.36665,8.36775,1.00,1.69
2017.06.30 14:17:17.015,8.36665,8.36781,1.00,1.69
2017.06.30 14:17:17.119,8.36655,8.36776,1.00,1.69
2017.06.30 14:17:17.272,8.36649,8.36771,1.00,1.69
2017.06.30 14:17:17.795,8.36649,8.36771,1.00,1.69
2017.06.30 14:17:17.846,8.36649,8.36744,1.00,1.00
2017.06.30 14:17:18.051,8.36649,8.3677,1.00,1.69
2017.06.30 14:17:18.152,8.36606,8.36725,1.00,1.00
2017.06.30 14:17:18.204,8.36606,8.36725,1.00,1.30
2017.06.30 14:17:18.487,8.36592,8.36681,1.00,1.00
2017.06.30 14:17:18.539,8.36571,8.36655,1.00,1.00
2017.06.30 14:17:18.590,8.36558,8.36655,1.00,1.00
2017.06.30 14:17:18.693,8.36558,8.36652,1.00,1.00
2017.06.30 14:17:18.948,8.36522,8.36625,1.00,1.00
2017.06.30 14:17:18.999,8.36512,8.36625,1.00,1.00
2017.06.30 14:17:19.050,8.36498,8.36607,1.00,1.00
2017.06.30 14:17:19.343,8.36498,8.36611,1.00,1.00
2017.06.30 14:17:19.547,8.36498,8.36598,1.00,1.00
2017.06.30 14:17:19.851,8.36498,8.36609,1.00,1.00
2017.06.30 14:17:19.904,8.36498,8.366,1.00,1.00
2017.06.30 14:17:19.955,8.36473,8.36598,1.00,1.00
2017.06.30 14:17:20.253,8.36489,8.366,1.00,1.00
2017.06.30 14:17:20.542,8.36484,8.36597,1.00,1.00
2017.06.30 14:17:20.847,8.36494,8.36611,1.00,1.00
2017.06.30 14:17:20.898,8.36494,8.36619,1.00,1.00
2017.06.30 14:17:21.232,8.36494,8.36608,1.00,1.00
2017.06.30 14:17:21.538,8.36457,8.36535,1.00,1.00
2017.06.30 14:17:21.843,8.36457,8.36521,1.00,1.00
2017.06.30 14:17:22.019,8.36454,8.36521,1.00,1.00
2017.06.30 14:17:22.070,8.36439,8.36532,1.00,1.50
2017.06.30 14:17:22.172,8.36451,8.36532,1.00,1.50
2017.06.30 14:17:22.377,8.36436,8.36532,1.00,1.50
2017.06.30 14:17:22.479,8.36436,8.36516,1.00,1.00
2017.06.30 14:17:22.530,8.36416,8.36516,1.00,1.00
2017.06.30 14:17:22.634,8.36432,8.36511,1.00,1.00
2017.06.30 14:17:22.942,8.36447,8.36516,1.00,1.00
2017.06.30 14:17:23.136,8.36457,8.36537,1.00,1.00
2017.06.30 14:17:23.657,8.36458,8.36547,1.00,1.00
2017.06.30 14:17:23.912,8.36454,8.36507,1.00,1.00
2017.06.30 14:17:23.963,8.36445,8.36531,1.00,1.00
2017.06.30 14:17:24.065,8.36457,8.36493,1.00,1.00
2017.06.30 14:17:24.243,8.36457,8.36513,1.00,1.00
2017.06.30 14:17:24.294,8.36457,8.36551,1.00,1.00
2017.06.30 14:17:24.396,8.36457,8.36556,1.00,1.00
2017.06.30 14:17:24.728,8.36457,8.36568,1.00,1.00
2017.06.30 14:17:24.874,8.36453,8.36568,1.00,1.00
2017.06.30 14:17:26.672,8.36452,8.36568,1.00,1.00
2017.06.30 14:17:26.774,8.36463,8.36571,1.00,1.00
2017.06.30 14:17:26.826,8.36445,8.36569,1.00,1.00
2017.06.30 14:17:26.928,8.36456,8.36569,1.00,1.00
2017.06.30 14:17:27.269,8.3646,8.36569,1.00,1.00
2017.06.30 14:17:27.816,8.3646,8.36565,1.00,1.00
2017.06.30 14:17:28.176,8.3646,8.36561,1.00,1.00
2017.06.30 14:17:28.279,8.36454,8.36561,1.00,1.00
2017.06.30 14:17:28.796,8.36455,8.36561,1.00,1.00
2017.06.30 14:17:29.663,8.36454,8.36564,1.00,1.00
2017.06.30 14:17:31.867,8.36457,8.3657,1.00,1.00
2017.06.30 14:17:31.969,8.36461,8.36584,1.00,1.00
2017.06.30 14:17:32.020,8.36461,8.36564,1.00,1.00
2017.06.30 14:17:32.178,8.36455,8.36564,1.00,1.00
2017.06.30 14:17:32.230,8.36453,8.36564,1.00,1.00
2017.06.30 14:17:32.332,8.36445,8.36564,1.50,1.00
2017.06.30 14:17:32.658,8.36467,8.36564,1.00,1.00
2017.06.30 14:17:32.709,8.36467,8.36578,1.00,1.00
2017.06.30 14:17:32.926,8.36467,8.36566,1.00,1.00
2017.06.30 14:17:33.498,8.36467,8.36565,1.00,1.00
2017.06.30 14:17:33.549,8.36453,8.36565,1.00,1.00
2017.06.30 14:17:33.895,8.36453,8.36562,1.00,1.00
2017.06.30 14:17:34.008,8.36451,8.36562,1.00,1.00
2017.06.30 14:17:34.155,8.36462,8.36567,1.00,1.00
2017.06.30 14:17:34.895,8.36462,8.36561,1.00,1.00
2017.06.30 14:17:37.177,8.36462,8.36559,1.00,1.00
2017.06.30 14:17:38.157,8.36462,8.36586,1.00,1.00
2017.06.30 14:17:38.888,8.36472,8.36588,1.00,1.00
2017.06.30 14:17:38.990,8.36462,8.36588,1.50,1.00
2017.06.30 14:17:40.594,8.36462,8.36584,1.00,1.00
2017.06.30 14:17:40.695,8.36463,8.36588,1.00,1.00
2017.06.30 14:17:41.225,8.36464,8.36588,1.00,1.00
2017.06.30 14:17:41.276,8.36462,8.36528,1.00,1.00
2017.06.30 14:17:41.327,8.36462,8.3657,1.00,1.00
2017.06.30 14:17:41.378,8.36462,8.36528,1.00,1.00
2017.06.30 14:17:41.479,8.36442,8.36528,1.00,1.00
2017.06.30 14:17:41.531,8.36407,8.36509,1.00,1.00
2017.06.30 14:17:41.582,8.36387,8.36509,1.50,1.00
2017.06.30 14:17:41.681,8.36409,8.36514,1.00,1.00
2017.06.30 14:17:41.783,8.36423,8.36534,1.00,1.00
2017.06.30 14:17:41.834,8.36423,8.36544,1.00,1.00
2017.06.30 14:17:42.319,8.36423,8.36528,1.00,1.00
2017.06.30 14:17:42.472,8.36398,8.36519,1.00,1.00
2017.06.30 14:17:42.523,8.36422,8.36521,1.00,1.00
2017.06.30 14:17:42.676,8.36422,8.36536,1.00,1.00
2017.06.30 14:17:42.778,8.36427,8.36549,1.00,1.00
2017.06.30 14:17:43.520,8.36427,8.36551,1.50,1.00
2017.06.30 14:17:44.365,8.36407,8.36528,1.00,1.00
2017.06.30 14:17:44.416,8.36405,8.36528,1.00,1.00
2017.06.30 14:17:44.467,8.3642,8.36528,1.00,1.00
2017.06.30 14:17:44.814,8.36434,8.36528,1.00,1.00
2017.06.30 14:17:44.865,8.36414,8.36528,1.00,1.00
2017.06.30 14:17:44.917,8.36414,8.36538,1.00,1.00
2017.06.30 14:17:44.968,8.36426,8.36541,1.00,1.00
2017.06.30 14:17:45.225,8.36426,8.36551,1.00,1.00
2017.06.30 14:17:45.664,8.36433,8.36553,1.00,1.00
2017.06.30 14:17:46.177,8.36437,8.36553,1.00,1.00
2017.06.30 14:17:47.793,8.36431,8.36553,1.00,1.00
2017.06.30 14:17:48.069,8.36428,8.36552,1.00,1.00
2017.06.30 14:17:48.719,8.36426,8.36546,1.00,1.00
2017.06.30 14:17:49.025,8.36426,8.36552,1.00,1.00
2017.06.30 14:17:49.282,8.36432,8.36553,1.00,1.00
2017.06.30 14:17:49.626,8.36442,8.36559,1.00,1.00
2017.06.30 14:17:50.029,8.36442,8.36564,1.00,1.00
2017.06.30 14:17:51.028,8.36442,8.3656,1.00,1.00
2017.06.30 14:17:51.405,8.36456,8.3656,1.00,1.00
2017.06.30 14:17:51.978,8.36456,8.36552,1.00,1.00
2017.06.30 14:17:52.079,8.36435,8.36547,1.00,1.00
2017.06.30 14:17:52.131,8.36434,8.36556,1.00,1.00
2017.06.30 14:17:52.366,8.36434,8.36547,1.00,1.00
2017.06.30 14:17:53.099,8.36434,8.36554,1.00,1.00
2017.06.30 14:17:53.378,8.36449,8.36553,1.00,1.00
2017.06.30 14:17:54.986,8.36449,8.36559,1.00,1.00
2017.06.30 14:17:55.037,8.36449,8.36564,1.00,1.00
2017.06.30 14:17:55.700,8.36449,8.36571,1.00,1.00
2017.06.30 14:17:56.684,8.36449,8.36568,1.00,1.00
2017.06.30 14:17:57.103,8.36455,8.36575,1.00,1.00
2017.06.30 14:17:57.154,8.36458,8.36575,1.00,1.00
2017.06.30 14:17:57.552,8.36463,8.36578,1.00,1.00
2017.06.30 14:17:57.883,8.36463,8.36574,1.00,1.00
2017.06.30 14:18:00.272,8.36468,8.36583,1.00,1.00
2017.06.30 14:18:00.323,8.36487,8.36583,1.00,1.00
2017.06.30 14:18:00.957,8.36487,8.36577,1.00,1.00
2017.06.30 14:18:02.388,8.36487,8.36595,1.00,1.00
2017.06.30 14:18:02.439,8.36487,8.36602,1.00,1.00
2017.06.30 14:18:02.490,8.36487,8.36602,1.00,1.07
2017.06.30 14:18:02.811,8.36503,8.36603,1.00,1.07
2017.06.30 14:18:03.986,8.36504,8.36624,1.00,1.30
2017.06.30 14:18:04.291,8.36542,8.36624,1.00,1.30
2017.06.30 14:18:04.341,8.36528,8.36608,1.00,1.07
2017.06.30 14:18:05.213,8.3651,8.36604,1.00,1.07
2017.06.30 14:18:05.824,8.36488,8.36604,1.00,1.07
2017.06.30 14:18:05.983,8.36488,8.36589,1.00,1.00
2017.06.30 14:18:06.136,8.36473,8.36582,1.00,1.00
2017.06.30 14:18:06.624,8.36473,8.36584,1.00,1.00
2017.06.30 14:18:07.075,8.36473,8.36593,1.00,1.10
2017.06.30 14:18:07.228,8.36489,8.36604,1.00,1.07
2017.06.30 14:18:08.600,8.36489,8.36604,1.00,1.07
2017.06.30 14:18:09.183,8.3649,8.36603,1.00,1.00
2017.06.30 14:18:09.235,8.36514,8.36637,1.00,1.00
2017.06.30 14:18:09.286,8.3651,8.36619,1.00,1.00
2017.06.30 14:18:09.338,8.36496,8.3661,1.00,1.00
2017.06.30 14:18:09.390,8.3649,8.36598,1.00,1.00
2017.06.30 14:18:09.644,8.36469,8.3658,1.00,1.00
2017.06.30 14:18:10.000,8.36469,8.36553,1.00,1.00
2017.06.30 14:18:10.105,8.36445,8.36553,1.00,1.00
2017.06.30 14:18:10.260,8.36445,8.36565,1.00,1.00
2017.06.30 14:18:11.274,8.36445,8.36555,1.00,1.00
2017.06.30 14:18:11.470,8.36445,8.36563,1.00,1.00
2017.06.30 14:18:11.832,8.36427,8.36544,1.00,1.00
2017.06.30 14:18:12.239,8.36417,8.36542,1.00,1.00
2017.06.30 14:18:12.291,8.36417,8.3653,1.00,1.00
2017.06.30 14:18:12.496,8.36404,8.36522,1.00,1.00
2017.06.30 14:18:12.548,8.36411,8.3653,1.00,1.00
2017.06.30 14:18:12.767,8.36411,8.36515,1.00,1.00
2017.06.30 14:18:12.869,8.36394,8.36515,1.00,1.00
2017.06.30 14:18:13.022,8.36418,8.36521,1.00,1.00
2017.06.30 14:18:13.226,8.36456,8.36574,1.00,1.00
2017.06.30 14:18:13.328,8.36449,8.3655,1.00,1.00
2017.06.30 14:18:13.704,8.36427,8.3655,1.00,1.00
2017.06.30 14:18:14.047,8.36423,8.36544,1.00,1.00
2017.06.30 14:18:14.610,8.36423,8.3653,1.00,1.00
2017.06.30 14:18:14.661,8.36404,8.36518,1.00,1.00
2017.06.30 14:18:14.712,8.36404,8.36528,1.00,1.00
2017.06.30 14:18:15.069,8.36411,8.36531,1.00,1.00
2017.06.30 14:18:15.120,8.36404,8.36528,1.50,1.00
2017.06.30 14:18:15.644,8.36404,8.36519,1.00,1.00
2017.06.30 14:18:16.473,8.36406,8.36531,1.00,1.50
2017.06.30 14:18:16.524,8.36404,8.36522,1.00,1.00
2017.06.30 14:18:16.813,8.36407,8.36531,1.00,1.00
2017.06.30 14:18:17.602,8.36413,8.36531,1.00,1.00
2017.06.30 14:18:18.145,8.36407,8.36531,1.00,1.00
2017.06.30 14:18:18.196,8.36418,8.36531,1.00,1.00
2017.06.30 14:18:18.450,8.36429,8.36546,1.00,1.00
2017.06.30 14:18:18.738,8.36429,8.36531,1.00,1.00
2017.06.30 14:18:19.146,8.36419,8.36531,1.00,1.00
2017.06.30 14:18:20.970,8.36414,8.36531,1.00,1.00
2017.06.30 14:18:21.021,8.36409,8.36531,1.00,1.00
2017.06.30 14:18:21.980,8.36408,8.36531,1.00,1.00
2017.06.30 14:18:22.961,8.36411,8.36531,1.00,1.00
2017.06.30 14:18:23.964,8.36414,8.36531,1.00,1.00
2017.06.30 14:18:25.940,8.36407,8.36531,1.00,1.00
2017.06.30 14:18:26.079,8.36396,8.36502,1.00,1.00
2017.06.30 14:18:26.133,8.36375,8.36497,1.00,1.00
2017.06.30 14:18:26.184,8.3639,8.36497,1.00,1.00
2017.06.30 14:18:26.285,8.36371,8.36495,1.00,1.00
2017.06.30 14:18:27.123,8.36368,8.36489,1.00,1.00
2017.06.30 14:18:27.332,8.36369,8.36494,1.00,1.00
2017.06.30 14:18:27.434,8.36382,8.36495,1.00,1.00
2017.06.30 14:18:27.587,8.36388,8.36508,1.00,1.00
2017.06.30 14:18:27.790,8.36388,8.36499,1.00,1.00
2017.06.30 14:18:27.892,8.36398,8.36514,1.00,1.00
2017.06.30 14:18:28.023,8.36403,8.36527,1.50,1.00
2017.06.30 14:18:28.892,8.36403,8.36519,1.00,1.00
2017.06.30 14:18:28.943,8.36403,8.36522,1.00,1.00
2017.06.30 14:18:29.177,8.36403,8.36508,1.00,1.00
2017.06.30 14:18:30.201,8.36389,8.3651,1.00,1.00
2017.06.30 14:18:30.908,8.36389,8.36506,1.00,1.00
2017.06.30 14:18:33.708,8.36389,8.36502,1.00,1.00
2017.06.30 14:18:34.228,8.36389,8.36496,1.00,1.00
2017.06.30 14:18:34.709,8.36389,8.365,1.00,1.00
2017.06.30 14:18:36.287,8.36377,8.36492,1.00,1.00
2017.06.30 14:18:36.711,8.36382,8.365,1.00,1.00
2017.06.30 14:18:36.762,8.36382,8.36505,1.00,1.00
2017.06.30 14:18:36.962,8.36384,8.36509,1.00,1.00
2017.06.30 14:18:37.013,8.36386,8.36509,1.00,1.00
2017.06.30 14:18:37.329,8.36392,8.36509,1.00,1.00
2017.06.30 14:18:37.741,8.36382,8.36505,1.00,1.00
2017.06.30 14:18:38.154,8.36385,8.36509,1.00,1.00
2017.06.30 14:18:38.742,8.36382,8.36506,1.00,1.00
2017.06.30 14:18:39.075,8.36392,8.36509,1.00,1.00
2017.06.30 14:18:39.126,8.36382,8.36506,1.00,1.00
2017.06.30 14:18:39.677,8.36382,8.36495,1.00,1.00
2017.06.30 14:18:39.829,8.36369,8.36495,1.00,1.50
2017.06.30 14:18:39.930,8.3639,8.36495,1.00,1.00
2017.06.30 14:18:40.032,8.3639,8.36505,1.00,1.00
2017.06.30 14:18:40.083,8.36379,8.36494,1.00,1.00
2017.06.30 14:18:40.134,8.3637,8.36494,1.00,1.00
2017.06.30 14:18:42.131,8.36369,8.36489,1.00,1.00
2017.06.30 14:18:42.479,8.36371,8.36469,1.00,1.00
2017.06.30 14:18:43.025,8.36355,8.36469,1.00,1.00
2017.06.30 14:18:43.127,8.36355,8.36461,1.00,1.00
2017.06.30 14:18:43.419,8.36337,8.36461,1.00,1.00
2017.06.30 14:18:43.522,8.36337,8.3645,1.00,1.00
2017.06.30 14:18:43.726,8.36324,8.36446,1.00,1.00
2017.06.30 14:18:44.141,8.36326,8.36446,1.00,1.00
2017.06.30 14:18:44.446,8.36334,8.36452,1.00,1.00
2017.06.30 14:18:44.611,8.36334,8.36458,1.00,1.00
2017.06.30 14:18:44.865,8.36334,8.36458,1.00,1.07
2017.06.30 14:18:45.122,8.36302,8.36424,1.00,1.30
2017.06.30 14:18:45.174,8.36302,8.36411,1.00,1.00
2017.06.30 14:18:45.226,8.36302,8.36411,1.00,1.07
2017.06.30 14:18:45.530,8.36286,8.36374,1.00,1.00
2017.06.30 14:18:45.835,8.3625,8.3635,1.00,1.00
2017.06.30 14:18:45.937,8.36236,8.3635,1.00,1.00
2017.06.30 14:18:46.268,8.36236,8.36359,1.00,1.00
2017.06.30 14:18:46.882,8.36236,8.36346,1.00,1.00
2017.06.30 14:18:47.009,8.36236,8.36356,1.00,1.00
2017.06.30 14:18:47.111,8.3625,8.36356,1.00,1.00
2017.06.30 14:18:47.801,8.3625,8.36346,1.00,1.00
2017.06.30 14:18:47.853,8.3625,8.36357,1.00,1.00
2017.06.30 14:18:48.056,8.3625,8.36357,1.00,1.07
2017.06.30 14:18:48.360,8.36249,8.36337,1.00,1.00
2017.06.30 14:18:48.412,8.36216,8.36337,1.00,1.00
2017.06.30 14:18:48.936,8.36216,8.36327,1.00,1.00
2017.06.30 14:18:49.242,8.36216,8.36317,1.00,1.15
2017.06.30 14:18:49.355,8.36199,8.36317,1.00,1.15
2017.06.30 14:18:50.258,8.36199,8.36295,1.00,1.07
2017.06.30 14:18:50.820,8.36199,8.36295,1.00,1.07
2017.06.30 14:18:51.455,8.36199,8.36286,1.00,1.00
2017.06.30 14:18:51.683,8.36178,8.36286,1.00,1.00
2017.06.30 14:18:51.735,8.36178,8.36286,1.00,1.30
2017.06.30 14:18:52.714,8.36158,8.36245,1.00,1.07
2017.06.30 14:18:52.766,8.3613,8.3625,1.00,1.00
2017.06.30 14:18:52.817,8.3613,8.3625,1.37,1.00
2017.06.30 14:18:53.123,8.36171,8.36275,1.00,1.00
2017.06.30 14:18:53.175,8.3615,8.36263,1.00,1.00
2017.06.30 14:18:53.226,8.3615,8.36263,1.00,1.07
2017.06.30 14:18:53.828,8.36132,8.36246,1.00,1.07
2017.06.30 14:18:54.469,8.36132,8.36242,1.00,1.00
2017.06.30 14:18:54.672,8.36132,8.36242,1.00,1.25
2017.06.30 14:18:54.869,8.36132,8.36242,1.00,1.00
2017.06.30 14:18:55.083,8.36132,8.36236,1.00,1.00
2017.06.30 14:18:56.065,8.36132,8.3624,1.00,1.00
2017.06.30 14:18:57.545,8.36117,8.3624,1.00,1.00
2017.06.30 14:18:57.756,8.36117,8.36226,1.00,1.00
2017.06.30 14:18:57.909,8.36117,8.36229,1.00,1.00
2017.06.30 14:18:58.163,8.36115,8.36225,1.00,1.00
2017.06.30 14:18:58.352,8.36121,8.36241,1.00,1.00
2017.06.30 14:18:58.403,8.36121,8.36226,1.00,1.00
2017.06.30 14:18:58.455,8.361,8.36225,1.00,1.00
2017.06.30 14:18:59.087,8.36111,8.36225,1.00,1.00
2017.06.30 14:18:59.244,8.36114,8.36237,1.00,1.00
2017.06.30 14:18:59.621,8.36118,8.36239,1.00,1.00
2017.06.30 14:19:00.362,8.36114,8.36236,1.00,1.00
2017.06.30 14:19:00.465,8.36128,8.36236,1.00,1.00
2017.06.30 14:19:00.566,8.36114,8.36236,1.00,1.00
2017.06.30 14:19:01.150,8.36114,8.36228,1.00,1.00
2017.06.30 14:19:01.608,8.36114,8.36221,1.00,1.00
2017.06.30 14:19:02.492,8.36114,8.36207,1.00,1.00
2017.06.30 14:19:02.544,8.36114,8.36222,1.00,1.00
2017.06.30 14:19:02.645,8.36117,8.3624,1.00,1.00
2017.06.30 14:19:03.631,8.36116,8.36239,1.00,1.00
2017.06.30 14:19:04.714,8.36118,8.3624,1.00,1.00
2017.06.30 14:19:05.019,8.36128,8.36222,1.00,1.00
2017.06.30 14:19:05.071,8.36128,8.36232,1.00,1.00
2017.06.30 14:19:05.122,8.36128,8.36243,1.00,1.00
2017.06.30 14:19:05.471,8.36141,8.36243,1.00,1.07
2017.06.30 14:19:06.592,8.36141,8.36232,1.00,1.00
2017.06.30 14:19:07.564,8.36141,8.36231,1.00,1.00
2017.06.30 14:19:08.008,8.36141,8.36221,1.00,1.00
2017.06.30 14:19:08.110,8.36121,8.36221,1.00,1.00
2017.06.30 14:19:08.212,8.36107,8.36221,1.00,1.00
2017.06.30 14:19:08.611,8.36107,8.36226,1.00,1.00
2017.06.30 14:19:08.713,8.36121,8.36226,1.00,1.00
2017.06.30 14:19:08.897,8.36121,8.3623,1.00,1.00
2017.06.30 14:19:10.070,8.36121,8.36235,1.00,1.00
2017.06.30 14:19:10.122,8.36121,8.36241,1.00,1.00
2017.06.30 14:19:10.344,8.36121,8.3623,1.00,1.00
2017.06.30 14:19:11.017,8.36137,8.3624,1.00,1.00
2017.06.30 14:19:11.346,8.36137,8.36244,1.00,1.07
2017.06.30 14:19:11.674,8.36137,8.36233,1.00,1.00
2017.06.30 14:19:11.725,8.36137,8.36253,1.00,1.07
2017.06.30 14:19:12.502,8.36137,8.36253,1.00,1.07
2017.06.30 14:19:13.008,8.36137,8.36249,1.00,1.07
2017.06.30 14:19:14.456,8.36137,8.36189,1.00,1.00
2017.06.30 14:19:14.507,8.36137,8.36206,1.00,1.00
2017.06.30 14:19:14.558,8.36137,8.3624,1.00,1.97
2017.06.30 14:19:14.610,8.36137,8.36234,1.00,1.00
2017.06.30 14:19:14.713,8.36137,8.36231,1.00,1.00
2017.06.30 14:19:15.225,8.36137,8.36251,1.00,1.07
2017.06.30 14:19:15.430,8.36125,8.36238,1.00,1.00
2017.06.30 14:19:16.435,8.36125,8.36239,1.00,1.00
2017.06.30 14:19:18.562,8.36125,8.36243,1.00,1.07
2017.06.30 14:19:18.864,8.3615,8.36251,1.67,1.00
2017.06.30 14:19:19.118,8.36252,8.36371,1.00,1.00
2017.06.30 14:19:19.220,8.36252,8.36375,1.00,1.00
2017.06.30 14:19:19.322,8.36272,8.36378,1.00,1.00
2017.06.30 14:19:19.627,8.36252,8.36355,1.00,1.00
2017.06.30 14:19:19.678,8.36232,8.36355,1.00,1.00
2017.06.30 14:19:19.729,8.36245,8.36355,1.00,1.00
2017.06.30 14:19:19.882,8.36261,8.36372,1.00,1.00
2017.06.30 14:19:20.137,8.36246,8.36371,1.00,1.00
2017.06.30 14:19:20.552,8.36244,8.36367,1.00,1.00
2017.06.30 14:19:20.877,8.36247,8.36371,1.00,1.00
2017.06.30 14:19:21.230,8.36264,8.36371,1.00,1.00
2017.06.30 14:19:21.534,8.36281,8.36388,1.00,1.00
2017.06.30 14:19:22.267,8.36264,8.36382,1.00,1.00
2017.06.30 14:19:22.319,8.36256,8.36358,1.00,1.00
2017.06.30 14:19:22.370,8.36239,8.36358,1.00,1.00
2017.06.30 14:19:22.472,8.36254,8.36358,1.00,1.00
2017.06.30 14:19:22.675,8.3624,8.36358,1.00,1.00
2017.06.30 14:19:22.880,8.36251,8.36365,1.00,1.00
2017.06.30 14:19:23.048,8.36262,8.36386,1.00,1.00
2017.06.30 14:19:23.565,8.36262,8.36387,1.00,1.00
2017.06.30 14:19:23.965,8.36264,8.36388,1.00,1.00
2017.06.30 14:19:24.332,8.36275,8.36395,1.00,1.00
2017.06.30 14:19:25.389,8.36266,8.36384,1.00,1.00
2017.06.30 14:19:26.346,8.36257,8.36378,1.00,1.00
2017.06.30 14:19:26.538,8.36253,8.36368,1.00,1.00
2017.06.30 14:19:27.845,8.36257,8.36368,1.00,1.00
2017.06.30 14:19:27.896,8.36248,8.36368,1.00,1.00
2017.06.30 14:19:27.998,8.36248,8.36343,1.00,1.00
2017.06.30 14:19:28.049,8.36258,8.36363,1.00,1.00
2017.06.30 14:19:28.101,8.36258,8.36373,1.00,1.00
2017.06.30 14:19:29.051,8.36256,8.36373,1.00,1.00
2017.06.30 14:19:30.023,8.36252,8.36373,1.00,1.00
2017.06.30 14:19:30.213,8.36246,8.36371,1.00,1.00
2017.06.30 14:19:30.626,8.36246,8.36357,1.00,1.00
2017.06.30 14:19:31.131,8.36246,8.3637,1.00,1.00
2017.06.30 14:19:31.385,8.36265,8.3637,1.00,1.00
2017.06.30 14:19:31.537,8.36265,8.36374,1.00,1.00
2017.06.30 14:19:32.364,8.36251,8.36374,1.00,1.00
2017.06.30 14:19:32.543,8.36251,8.36371,1.00,1.00
2017.06.30 14:19:32.645,8.36251,8.36375,1.00,1.00
2017.06.30 14:19:33.629,8.36254,8.36378,1.00,1.00
2017.06.30 14:19:33.937,8.36265,8.36378,1.00,1.00
2017.06.30 14:19:35.585,8.36261,8.36378,1.00,1.00
2017.06.30 14:19:35.687,8.36251,8.3634,1.00,1.00
2017.06.30 14:19:35.789,8.36232,8.3634,1.00,1.00
2017.06.30 14:19:35.840,8.36217,8.3634,1.00,1.00
2017.06.30 14:19:36.396,8.36232,8.3634,1.00,1.00
2017.06.30 14:19:36.702,8.36214,8.36339,1.00,1.00
2017.06.30 14:19:36.804,8.36227,8.3634,1.00,1.00
2017.06.30 14:19:37.128,8.36214,8.36339,1.00,1.00
2017.06.30 14:19:37.181,8.36234,8.3634,1.00,1.00
2017.06.30 14:19:37.518,8.36234,8.36332,1.00,1.00
2017.06.30 14:19:37.874,8.36234,8.36346,1.00,1.00
2017.06.30 14:19:38.494,8.36234,8.36336,1.00,1.00
2017.06.30 14:19:38.699,8.36214,8.36335,1.00,1.00
2017.06.30 14:19:38.750,8.3621,8.36329,1.00,1.00
2017.06.30 14:19:39.054,8.3619,8.36301,1.00,1.00
2017.06.30 14:19:39.758,8.36181,8.36301,1.00,1.00
2017.06.30 14:19:39.861,8.36176,8.36301,1.00,1.00
2017.06.30 14:19:39.912,8.36184,8.36301,1.00,1.00
2017.06.30 14:19:40.178,8.36177,8.363,1.00,1.00
2017.06.30 14:19:41.137,8.36176,8.36301,1.00,1.00
2017.06.30 14:19:41.320,8.36188,8.36301,1.00,1.00
2017.06.30 14:19:41.423,8.3619,8.36313,1.00,1.00
2017.06.30 14:19:41.739,8.36198,8.36316,1.00,1.00
2017.06.30 14:19:42.323,8.36205,8.36324,1.00,1.00
2017.06.30 14:19:43.674,8.36205,8.36316,1.00,1.00
2017.06.30 14:19:43.826,8.3619,8.36314,1.00,1.00
2017.06.30 14:19:44.729,8.36192,8.36314,1.00,1.00
2017.06.30 14:19:45.036,8.36221,8.36335,1.00,1.00
2017.06.30 14:19:45.340,8.36245,8.36345,1.00,1.00
2017.06.30 14:19:45.930,8.36245,8.36338,1.00,1.00
2017.06.30 14:19:46.033,8.36216,8.3633,1.00,1.00
2017.06.30 14:19:46.389,8.36216,8.36333,1.00,1.00
2017.06.30 14:19:46.501,8.36231,8.36333,1.00,1.00
2017.06.30 14:19:46.705,8.36216,8.36333,1.00,1.00
2017.06.30 14:19:46.808,8.36238,8.36344,1.00,1.00
2017.06.30 14:19:47.122,8.36238,8.36335,1.00,1.00
2017.06.30 14:19:47.403,8.3621,8.36335,1.00,1.50
2017.06.30 14:19:47.454,8.36208,8.36328,1.00,1.00
2017.06.30 14:19:49.258,8.36212,8.36335,1.00,1.00
2017.06.30 14:19:50.143,8.36222,8.36335,1.00,1.00
2017.06.30 14:19:50.197,8.36229,8.36348,1.00,1.00
2017.06.30 14:19:50.312,8.36229,8.36338,1.00,1.00
2017.06.30 14:19:50.363,8.36229,8.36354,1.00,1.50
2017.06.30 14:19:50.713,8.36228,8.3634,1.00,1.00
2017.06.30 14:19:51.257,8.36215,8.36338,1.00,1.00
2017.06.30 14:19:51.359,8.36231,8.36351,1.00,1.00
2017.06.30 14:19:51.668,8.36237,8.36357,1.00,1.00
2017.06.30 14:19:51.990,8.36231,8.36342,1.00,1.00
2017.06.30 14:19:52.821,8.36231,8.36347,1.00,1.00
2017.06.30 14:19:52.872,8.36231,8.36353,1.00,1.00
2017.06.30 14:19:53.075,8.36247,8.36357,1.00,1.00
2017.06.30 14:19:53.412,8.36269,8.36373,1.00,1.00
2017.06.30 14:19:53.825,8.36269,8.36382,1.00,1.00
2017.06.30 14:19:54.189,8.36269,8.36388,1.00,1.00
2017.06.30 14:19:54.241,8.36269,8.36374,1.00,1.00
2017.06.30 14:19:54.453,8.36255,8.36374,1.00,1.00
2017.06.30 14:19:56.794,8.36255,8.36378,1.00,1.00
2017.06.30 14:19:56.930,8.36275,8.36378,1.00,1.00
2017.06.30 14:19:57.258,8.36275,8.36373,1.00,1.00
2017.06.30 14:19:57.915,8.36275,8.36374,1.00,1.07
2017.06.30 14:19:57.966,8.36275,8.36346,1.00,1.00
2017.06.30 14:19:58.017,8.36275,8.36331,1.00,1.00
2017.06.30 14:19:58.068,8.36256,8.36321,1.00,1.00
2017.06.30 14:19:58.119,8.3625,8.36318,1.00,1.00
2017.06.30 14:19:58.171,8.3621,8.36318,1.00,1.00
2017.06.30 14:19:58.222,8.3621,8.36306,1.00,1.00
2017.06.30 14:19:58.273,8.36193,8.36306,1.00,1.00
2017.06.30 14:19:58.324,8.36193,8.3631,1.00,1.00
2017.06.30 14:19:58.577,8.36172,8.36298,1.00,1.00
2017.06.30 14:20:00.854,8.36172,8.36296,1.00,1.00
2017.06.30 14:20:01.176,8.36173,8.36272,1.00,1.00
2017.06.30 14:20:01.443,8.36154,8.36272,1.00,1.00
2017.06.30 14:20:02.018,8.36154,8.36272,1.00,1.07
2017.06.30 14:20:02.679,8.36137,8.36262,1.00,1.07
2017.06.30 14:20:03.013,8.36135,8.36242,1.00,1.10
2017.06.30 14:20:03.064,8.3612,8.36235,1.00,1.00
2017.06.30 14:20:03.115,8.3612,8.36213,1.00,1.00
2017.06.30 14:20:03.268,8.361,8.36198,1.00,1.00
2017.06.30 14:20:03.370,8.36084,8.36198,1.00,1.00
2017.06.30 14:20:04.001,8.36084,8.36209,1.00,1.00
2017.06.30 14:20:04.052,8.36084,8.36209,1.00,1.77
2017.06.30 14:20:04.307,8.36058,8.36172,1.00,1.00
2017.06.30 14:20:04.358,8.36046,8.36166,1.00,1.00
2017.06.30 14:20:04.878,8.36042,8.36154,1.00,1.00
2017.06.30 14:20:05.184,8.36042,8.36141,1.00,1.22
2017.06.30 14:20:05.388,8.36023,8.36131,1.00,1.00
2017.06.30 14:20:05.591,8.36006,8.36131,1.00,1.00
2017.06.30 14:20:06.059,8.36006,8.36131,1.00,1.30
2017.06.30 14:20:06.263,8.36002,8.36119,1.00,1.15
2017.06.30 14:20:06.412,8.36008,8.36128,1.00,1.30
2017.06.30 14:20:06.878,8.35992,8.36116,1.50,1.17
2017.06.30 14:20:07.211,8.35997,8.36119,1.00,1.15
2017.06.30 14:20:07.810,8.35993,8.36113,1.00,1.07
2017.06.30 14:20:08.347,8.35993,8.36118,1.00,1.15
2017.06.30 14:20:08.799,8.35997,8.36119,1.00,1.15
2017.06.30 14:20:09.272,8.35993,8.3611,1.00,1.07
2017.06.30 14:20:09.497,8.35984,8.36096,1.00,1.07
2017.06.30 14:20:09.651,8.35995,8.36096,1.00,1.07
2017.06.30 14:20:09.959,8.36013,8.36118,1.00,1.15
2017.06.30 14:20:10.756,8.36013,8.36118,1.00,1.00
2017.06.30 14:20:10.807,8.36028,8.3614,1.00,1.00
2017.06.30 14:20:10.858,8.36084,8.3614,1.00,1.00
2017.06.30 14:20:10.910,8.36084,8.36155,1.00,1.00
2017.06.30 14:20:10.961,8.36061,8.36155,1.00,1.00
2017.06.30 14:20:11.012,8.36081,8.36187,1.00,1.00
2017.06.30 14:20:11.215,8.36066,8.36187,1.00,1.00
2017.06.30 14:20:11.471,8.36082,8.36192,1.00,1.00
2017.06.30 14:20:11.782,8.36066,8.36168,1.00,1.00
2017.06.30 14:20:11.834,8.36043,8.36168,1.00,1.00
2017.06.30 14:20:12.563,8.36043,8.36161,1.00,1.00
2017.06.30 14:20:12.779,8.36043,8.36168,1.00,1.00
2017.06.30 14:20:12.923,8.36051,8.3617,1.00,1.00
2017.06.30 14:20:13.800,8.36043,8.36168,1.00,1.00
2017.06.30 14:20:13.955,8.36049,8.36152,1.00,1.00
2017.06.30 14:20:14.008,8.36049,8.36168,1.00,1.00
2017.06.30 14:20:14.060,8.36041,8.36167,1.50,1.00
2017.06.30 14:20:14.213,8.36041,8.36153,1.00,1.00
2017.06.30 14:20:14.510,8.36037,8.36153,1.00,1.00
2017.06.30 14:20:14.911,8.36047,8.36153,1.00,1.00
2017.06.30 14:20:15.114,8.3604,8.36153,1.00,1.00
2017.06.30 14:20:15.552,8.36031,8.36153,1.00,1.00
2017.06.30 14:20:15.604,8.3604,8.36157,1.00,1.00
2017.06.30 14:20:15.665,8.36041,8.36167,1.00,1.50
2017.06.30 14:20:15.717,8.36041,8.36142,1.00,1.00
2017.06.30 14:20:15.906,8.36041,8.36156,1.00,1.00
2017.06.30 14:20:16.289,8.36032,8.36156,1.00,1.00
2017.06.30 14:20:17.099,8.36039,8.36156,1.00,1.00
2017.06.30 14:20:18.224,8.36044,8.36156,1.00,1.00
2017.06.30 14:20:20.176,8.36053,8.36156,1.00,1.00
2017.06.30 14:20:20.329,8.36066,8.36172,1.00,1.00
2017.06.30 14:20:20.380,8.36072,8.36172,1.00,1.00
2017.06.30 14:20:20.634,8.36072,8.36187,1.00,1.00
2017.06.30 14:20:21.477,8.36075,8.36187,1.00,1.00
2017.06.30 14:20:21.579,8.36072,8.36187,1.00,1.00
2017.06.30 14:20:22.436,8.36081,8.36187,1.00,1.00
2017.06.30 14:20:23.143,8.36081,8.36206,1.00,1.00
2017.06.30 14:20:23.490,8.36085,8.36207,1.00,1.00
2017.06.30 14:20:24.140,8.3608,8.36202,1.00,1.00
2017.06.30 14:20:27.214,8.36084,8.36207,1.00,1.00
2017.06.30 14:20:27.350,8.3608,8.36191,1.00,1.00
2017.06.30 14:20:27.452,8.36063,8.36176,1.00,1.00
2017.06.30 14:20:27.503,8.36063,8.36187,1.00,1.15
2017.06.30 14:20:27.655,8.36045,8.36165,1.00,1.00
2017.06.30 14:20:27.706,8.36065,8.36165,1.00,1.00
2017.06.30 14:20:28.012,8.36088,8.36165,1.00,1.00
2017.06.30 14:20:28.173,8.36069,8.36165,1.00,1.00
2017.06.30 14:20:29.196,8.36059,8.36165,1.00,1.00
2017.06.30 14:20:30.176,8.36057,8.36165,1.00,1.00
2017.06.30 14:20:30.277,8.36058,8.36183,1.00,1.00
2017.06.30 14:20:33.422,8.36058,8.36176,1.00,1.00
2017.06.30 14:20:33.726,8.3605,8.36164,1.00,1.00
2017.06.30 14:20:34.170,8.36063,8.36164,1.00,1.00
2017.06.30 14:20:34.290,8.36062,8.36179,1.00,1.00
2017.06.30 14:20:34.737,8.36065,8.36179,1.00,1.00
2017.06.30 14:20:35.119,8.36065,8.3616,1.00,1.00
2017.06.30 14:20:35.266,8.36066,8.36184,1.00,1.00
2017.06.30 14:20:36.382,8.36057,8.36184,1.00,1.00
2017.06.30 14:20:36.531,8.36048,8.36157,1.00,1.00
2017.06.30 14:20:36.582,8.36048,8.36172,1.00,1.00
2017.06.30 14:20:36.778,8.36048,8.36158,1.00,1.00
2017.06.30 14:20:36.890,8.36048,8.36172,1.00,1.00
2017.06.30 14:20:36.992,8.36048,8.36158,1.00,1.00
2017.06.30 14:20:37.501,8.36049,8.36158,1.00,1.00
2017.06.30 14:20:37.759,8.36054,8.36172,1.00,1.00
2017.06.30 14:20:37.867,8.36065,8.36172,1.00,1.00
2017.06.30 14:20:38.925,8.36054,8.36172,1.00,1.00
2017.06.30 14:20:39.827,8.36059,8.36172,1.00,1.00
2017.06.30 14:20:39.999,8.36051,8.36172,1.00,1.00
2017.06.30 14:20:40.050,8.36046,8.36172,1.00,1.00
2017.06.30 14:20:40.206,8.36041,8.36157,1.00,1.00
2017.06.30 14:20:40.512,8.36072,8.36168,1.00,1.00
2017.06.30 14:20:40.614,8.36072,8.3619,1.00,1.00
2017.06.30 14:20:40.982,8.36081,8.3619,1.00,1.00
2017.06.30 14:20:41.501,8.36081,8.36207,1.00,1.50
2017.06.30 14:20:42.160,8.36085,8.36207,1.00,1.00
2017.06.30 14:20:44.103,8.36093,8.36207,1.00,1.00
2017.06.30 14:20:44.494,8.36097,8.36207,1.00,1.00
2017.06.30 14:20:45.110,8.36099,8.36207,1.00,1.00
2017.06.30 14:20:49.657,8.3616,8.36207,1.00,1.00
2017.06.30 14:20:49.809,8.36186,8.36292,1.00,1.00
2017.06.30 14:20:50.063,8.36222,8.36292,1.00,1.00
2017.06.30 14:20:50.114,8.36222,8.36309,1.00,1.00
2017.06.30 14:20:50.318,8.36222,8.36338,1.00,1.00
2017.06.30 14:20:50.715,8.36217,8.36338,1.00,1.00
2017.06.30 14:20:51.171,8.36231,8.36338,1.00,1.00
2017.06.30 14:20:51.475,8.3627,8.3636,1.00,1.00
2017.06.30 14:20:51.527,8.3627,8.36378,1.00,1.00
2017.06.30 14:20:52.204,8.36281,8.36378,1.00,1.00
2017.06.30 14:20:52.255,8.36281,8.36393,1.00,1.00
2017.06.30 14:20:52.356,8.36277,8.36393,1.00,1.00
2017.06.30 14:20:53.406,8.3628,8.36393,1.00,1.00
2017.06.30 14:20:56.718,8.36287,8.36393,1.00,1.00
2017.06.30 14:20:56.839,8.36282,8.36393,1.00,1.00
2017.06.30 14:20:56.941,8.36304,8.36393,1.97,1.00
2017.06.30 14:20:56.992,8.36399,8.36498,1.00,1.00
2017.06.30 14:20:57.043,8.36437,8.36491,1.00,1.00
2017.06.30 14:20:57.211,8.3643,8.36538,1.00,1.00
2017.06.30 14:20:57.364,8.36415,8.36538,1.00,1.00
2017.06.30 14:20:57.416,8.36415,8.36524,1.00,1.00
2017.06.30 14:20:57.720,8.36412,8.36504,1.00,1.00
2017.06.30 14:20:58.024,8.36402,8.36504,1.00,1.00
2017.06.30 14:20:58.973,8.36392,8.36504,1.00,1.00
2017.06.30 14:20:59.279,8.36392,8.36504,1.00,1.75
2017.06.30 14:20:59.436,8.36378,8.36502,1.00,1.75
2017.06.30 14:20:59.488,8.36378,8.36488,1.00,1.00
2017.06.30 14:20:59.642,8.3635,8.3647,1.00,1.00
2017.06.30 14:20:59.693,8.3635,8.36468,1.00,1.00
2017.06.30 14:20:59.994,8.36339,8.36448,1.00,1.00
2017.06.30 14:21:00.401,8.36361,8.36448,1.00,1.00
2017.06.30 14:21:00.706,8.36393,8.36467,1.00,1.00
2017.06.30 14:21:00.757,8.36393,8.36487,1.00,1.00
2017.06.30 14:21:01.427,8.36388,8.36487,1.00,1.00
2017.06.30 14:21:02.830,8.36379,8.36487,1.00,1.00
2017.06.30 14:21:02.881,8.36372,8.36487,1.00,1.00
2017.06.30 14:21:03.047,8.36372,8.36473,1.00,1.00
2017.06.30 14:21:03.149,8.36363,8.36473,1.00,1.00
2017.06.30 14:21:03.608,8.36355,8.36473,1.00,1.00
2017.06.30 14:21:03.761,8.36332,8.36457,1.00,1.00
2017.06.30 14:21:03.812,8.36344,8.36457,1.00,1.00
2017.06.30 14:21:04.117,8.3636,8.36472,1.00,1.00
2017.06.30 14:21:04.372,8.36364,8.36486,1.00,1.00
2017.06.30 14:21:04.475,8.3636,8.36476,1.00,1.00
2017.06.30 14:21:04.686,8.36351,8.36476,1.00,1.00
2017.06.30 14:21:04.788,8.36372,8.36476,1.00,1.00
2017.06.30 14:21:04.840,8.36389,8.36497,1.00,1.00
2017.06.30 14:21:04.892,8.36402,8.36497,1.00,1.00
2017.06.30 14:21:04.944,8.36402,8.36522,1.00,1.00
2017.06.30 14:21:04.995,8.36419,8.36522,1.00,1.00
2017.06.30 14:21:05.351,8.36398,8.36522,1.00,1.00
2017.06.30 14:21:05.582,8.3642,8.36522,1.00,1.00
2017.06.30 14:21:05.634,8.3642,8.3654,1.00,1.00
2017.06.30 14:21:05.990,8.36431,8.3654,1.00,1.00
2017.06.30 14:21:06.247,8.36415,8.3653,1.00,1.00
2017.06.30 14:21:06.298,8.36432,8.3653,1.00,1.00
2017.06.30 14:21:07.125,8.36454,8.3653,1.00,1.00
2017.06.30 14:21:07.176,8.36454,8.36549,1.00,1.00
2017.06.30 14:21:07.227,8.36454,8.36554,1.00,1.00
2017.06.30 14:21:07.278,8.36454,8.36574,1.00,1.00
2017.06.30 14:21:07.430,8.36454,8.36576,1.00,1.00
2017.06.30 14:21:07.486,8.36458,8.36576,1.00,1.00
2017.06.30 14:21:08.189,8.36451,8.36576,1.00,1.00
2017.06.30 14:21:08.408,8.36463,8.36576,1.00,1.00
2017.06.30 14:21:09.531,8.36458,8.36576,1.00,1.00
2017.06.30 14:21:09.633,8.36451,8.36576,1.00,1.50
2017.06.30 14:21:09.893,8.36451,8.36562,1.00,1.00
2017.06.30 14:21:09.996,8.36438,8.36555,1.00,1.00
2017.06.30 14:21:10.391,8.36444,8.36562,1.00,1.00
2017.06.30 14:21:10.893,8.36444,8.36565,1.00,1.00
2017.06.30 14:21:11.181,8.36454,8.36571,1.00,1.00
2017.06.30 14:21:12.868,8.36485,8.36571,1.00,1.00
2017.06.30 14:21:12.971,8.36485,8.36591,1.00,1.00
2017.06.30 14:21:13.022,8.36485,8.36595,1.00,1.00
2017.06.30 14:21:13.073,8.36485,8.36609,1.00,1.00
2017.06.30 14:21:13.575,8.36484,8.36609,1.00,1.00
2017.06.30 14:21:14.028,8.36484,8.36606,1.00,1.00
2017.06.30 14:21:14.340,8.36462,8.36573,1.00,1.00
2017.06.30 14:21:14.529,8.36462,8.36588,1.00,1.00
2017.06.30 14:21:14.713,8.36467,8.36588,1.00,1.00
2017.06.30 14:21:15.192,8.36475,8.36588,1.00,1.00
2017.06.30 14:21:15.613,8.36471,8.36588,1.00,1.00
2017.06.30 14:21:15.715,8.36487,8.36588,1.00,1.00
2017.06.30 14:21:15.871,8.36487,8.36605,1.00,1.00
2017.06.30 14:21:16.045,8.36505,8.36605,1.00,1.00
2017.06.30 14:21:16.198,8.36505,8.36621,1.00,1.00
2017.06.30 14:21:17.189,8.3651,8.36621,1.00,1.00
2017.06.30 14:21:17.443,8.36501,8.36621,1.00,1.00
2017.06.30 14:21:17.596,8.36494,8.36621,1.00,1.00
2017.06.30 14:21:18.032,8.36511,8.36634,1.00,1.00
2017.06.30 14:21:18.337,8.36525,8.36641,1.00,1.00
2017.06.30 14:21:18.388,8.36522,8.36641,1.00,1.00
2017.06.30 14:21:18.440,8.36529,8.36641,1.00,1.00
2017.06.30 14:21:19.109,8.36529,8.3664,1.00,1.00
2017.06.30 14:21:19.424,8.36522,8.36631,1.00,1.00
2017.06.30 14:21:19.744,8.36495,8.36603,1.00,1.00
2017.06.30 14:21:19.795,8.36498,8.36623,1.00,1.00
2017.06.30 14:21:19.847,8.36498,8.36625,1.00,1.00
2017.06.30 14:21:19.898,8.36495,8.36603,1.00,1.00
2017.06.30 14:21:20.266,8.36495,8.36618,1.00,1.00
2017.06.30 14:21:20.429,8.365,8.36618,1.00,1.00
2017.06.30 14:21:20.894,8.36511,8.36618,1.00,1.00
2017.06.30 14:21:21.047,8.36506,8.36618,1.00,1.00
2017.06.30 14:21:22.068,8.36503,8.36618,1.00,1.00
2017.06.30 14:21:22.683,8.36495,8.36618,1.00,1.00
2017.06.30 14:21:23.136,8.36502,8.36618,1.00,1.00
2017.06.30 14:21:23.404,8.3651,8.36633,1.00,1.00
2017.06.30 14:21:23.455,8.36516,8.36633,1.00,1.00
2017.06.30 14:21:23.763,8.36554,8.36641,1.00,1.00
2017.06.30 14:21:24.011,8.36538,8.36655,1.00,1.00
2017.06.30 14:21:24.115,8.36528,8.36655,1.00,1.00
2017.06.30 14:21:24.269,8.36528,8.36641,1.00,1.00
2017.06.30 14:21:24.811,8.36528,8.3664,1.00,1.00
2017.06.30 14:21:24.862,8.36528,8.36655,1.00,1.00
2017.06.30 14:21:25.311,8.36529,8.36639,1.00,1.00
2017.06.30 14:21:28.862,8.36519,8.36639,1.00,1.00
2017.06.30 14:21:30.192,8.36518,8.36619,1.00,1.00
2017.06.30 14:21:30.243,8.36508,8.36619,1.00,1.00
2017.06.30 14:21:31.270,8.36506,8.36619,1.00,1.00
2017.06.30 14:21:31.371,8.36492,8.36619,1.00,1.00
2017.06.30 14:21:31.782,8.36508,8.36619,1.00,1.00
2017.06.30 14:21:31.833,8.36505,8.36619,1.00,1.00
2017.06.30 14:21:32.340,8.36493,8.36619,1.00,1.00
2017.06.30 14:21:32.881,8.36509,8.36619,1.00,1.00
2017.06.30 14:21:33.187,8.3653,8.36641,1.00,1.00
2017.06.30 14:21:33.390,8.36533,8.36641,1.00,1.00
2017.06.30 14:21:34.031,8.36529,8.36641,1.00,1.00
2017.06.30 14:21:34.320,8.36531,8.36658,1.00,1.00
2017.06.30 14:21:34.371,8.3654,8.36658,1.00,1.00
2017.06.30 14:21:35.327,8.36542,8.36658,1.00,1.00
2017.06.30 14:21:36.335,8.36537,8.36658,1.00,1.00
2017.06.30 14:21:37.228,8.36537,8.36637,1.00,1.00
2017.06.30 14:21:37.428,8.36543,8.36661,1.00,1.00
2017.06.30 14:21:37.541,8.36549,8.36661,1.00,1.00
2017.06.30 14:21:37.642,8.36542,8.36661,1.00,1.00
2017.06.30 14:21:37.693,8.36536,8.36661,1.00,1.00
2017.06.30 14:21:37.846,8.36536,8.3664,1.00,1.00
2017.06.30 14:21:38.189,8.36511,8.36597,1.00,1.00
2017.06.30 14:21:38.241,8.3653,8.36639,1.00,1.00
2017.06.30 14:21:38.839,8.3654,8.36639,1.00,1.00
2017.06.30 14:21:38.941,8.3654,8.36654,1.00,1.00
2017.06.30 14:21:38.993,8.3653,8.36654,1.00,1.00
2017.06.30 14:21:39.140,8.36542,8.3664,1.00,1.00
2017.06.30 14:21:39.461,8.36551,8.3664,1.00,1.00
2017.06.30 14:21:39.840,8.36536,8.3664,1.00,1.00
2017.06.30 14:21:40.378,8.36541,8.3664,1.00,1.00
2017.06.30 14:21:40.824,8.36536,8.3664,1.00,1.00
2017.06.30 14:21:41.106,8.36524,8.3664,1.00,1.00
2017.06.30 14:21:41.560,8.36515,8.3664,1.00,1.00
2017.06.30 14:21:41.611,8.36515,8.36635,1.00,1.00
2017.06.30 14:21:41.713,8.36499,8.3662,1.00,1.00
2017.06.30 14:21:42.617,8.36497,8.3662,1.00,1.00
2017.06.30 14:21:43.177,8.36518,8.3662,1.00,1.00
2017.06.30 14:21:43.363,8.36531,8.3664,1.00,1.00
2017.06.30 14:21:43.414,8.36531,8.36658,1.00,1.00
2017.06.30 14:21:43.516,8.36525,8.36632,1.00,1.00
2017.06.30 14:21:43.821,8.3654,8.36632,1.00,1.00
2017.06.30 14:21:43.923,8.3654,8.36654,1.00,1.00
2017.06.30 14:21:44.145,8.36527,8.36654,1.00,1.00
2017.06.30 14:21:44.247,8.3652,8.36638,1.00,1.00
2017.06.30 14:21:44.567,8.36536,8.36638,1.00,1.00
2017.06.30 14:21:44.618,8.36542,8.36668,1.00,1.00
2017.06.30 14:21:44.771,8.36545,8.36668,1.00,1.00
2017.06.30 14:21:45.440,8.36551,8.36668,1.00,1.00
2017.06.30 14:21:45.491,8.36543,8.36668,1.00,1.00
2017.06.30 14:21:45.992,8.36542,8.36668,1.00,1.00
2017.06.30 14:21:47.216,8.36542,8.36665,1.00,1.00
2017.06.30 14:21:47.469,8.36571,8.36695,1.00,1.00
2017.06.30 14:21:49.162,8.36581,8.36695,1.00,1.00
2017.06.30 14:21:49.537,8.3659,8.36689,1.00,1.00
2017.06.30 14:21:50.113,8.36581,8.36689,1.00,1.00
2017.06.30 14:21:50.337,8.36586,8.36689,1.00,1.00
2017.06.30 14:21:52.692,8.36582,8.36689,1.00,1.00
2017.06.30 14:21:53.279,8.36589,8.36689,1.00,1.00
2017.06.30 14:21:53.629,8.36597,8.36689,1.00,1.00
2017.06.30 14:21:53.927,8.36588,8.36689,1.00,1.00
2017.06.30 14:21:54.325,8.36583,8.36689,1.00,1.00
2017.06.30 14:21:56.699,8.36582,8.36689,1.00,1.00
2017.06.30 14:21:56.965,8.36588,8.36689,1.00,1.00
2017.06.30 14:21:57.594,8.36609,8.36689,1.00,1.00
2017.06.30 14:21:57.899,8.36688,8.36778,1.00,1.00
2017.06.30 14:21:57.998,8.36688,8.36793,1.00,1.00
2017.06.30 14:21:58.718,8.36678,8.36793,1.00,1.00
2017.06.30 14:21:58.875,8.36669,8.36793,1.00,1.00
2017.06.30 14:21:58.926,8.36666,8.36786,1.00,1.00
2017.06.30 14:21:59.327,8.36661,8.3676,1.00,1.00
2017.06.30 14:21:59.572,8.36661,8.36776,1.00,1.00
2017.06.30 14:21:59.814,8.36661,8.36761,1.00,1.00
2017.06.30 14:22:00.403,8.36655,8.36761,1.00,1.00
2017.06.30 14:22:00.454,8.36661,8.36761,1.00,1.00
2017.06.30 14:22:01.385,8.36661,8.36776,1.00,1.00
2017.06.30 14:22:01.437,8.36659,8.36776,1.00,1.00
2017.06.30 14:22:01.488,8.36659,8.36761,1.00,1.00
2017.06.30 14:22:01.795,8.36664,8.36776,1.00,1.00
2017.06.30 14:22:02.081,8.36664,8.3676,1.00,1.00
2017.06.30 14:22:02.307,8.36664,8.36776,1.00,1.00
2017.06.30 14:22:02.408,8.36664,8.36761,1.00,1.00
2017.06.30 14:22:02.611,8.36659,8.36776,1.00,1.00
2017.06.30 14:22:02.714,8.36659,8.36758,1.00,1.00
2017.06.30 14:22:03.052,8.36659,8.36745,1.00,1.00
2017.06.30 14:22:03.366,8.36659,8.36759,1.00,1.00
2017.06.30 14:22:03.843,8.36653,8.36759,1.00,1.00
2017.06.30 14:22:04.046,8.36645,8.36759,1.00,1.00
2017.06.30 14:22:04.097,8.36645,8.36745,1.00,1.00
2017.06.30 14:22:05.997,8.36644,8.36745,1.00,1.00
2017.06.30 14:22:06.395,8.36628,8.36745,1.00,1.00
2017.06.30 14:22:06.446,8.36639,8.36745,1.00,1.00
2017.06.30 14:22:06.599,8.36639,8.36766,1.00,1.50
2017.06.30 14:22:07.138,8.36639,8.36744,1.00,1.00
2017.06.30 14:22:07.347,8.36634,8.36744,1.00,1.00
2017.06.30 14:22:07.725,8.3663,8.36744,1.00,1.00
2017.06.30 14:22:08.365,8.36636,8.36744,1.00,1.00
2017.06.30 14:22:09.478,8.36636,8.36732,1.00,1.00
2017.06.30 14:22:09.783,8.36636,8.36712,1.00,1.00
2017.06.30 14:22:10.163,8.36647,8.36712,1.00,1.00
2017.06.30 14:22:10.315,8.36647,8.36726,1.00,1.00
2017.06.30 14:22:10.695,8.3665,8.36726,1.00,1.00
2017.06.30 14:22:11.624,8.36648,8.36726,1.00,1.00
2017.06.30 14:22:11.908,8.36637,8.36726,1.00,1.00
2017.06.30 14:22:12.341,8.36628,8.36726,1.00,1.00
2017.06.30 14:22:12.392,8.36641,8.36726,1.00,1.00
2017.06.30 14:22:12.727,8.36647,8.36726,1.00,1.00
2017.06.30 14:22:14.133,8.36651,8.36726,1.00,1.00
2017.06.30 14:22:16.852,8.36633,8.36726,1.00,1.00
2017.06.30 14:22:19.462,8.36616,8.36726,1.00,1.00
2017.06.30 14:22:19.514,8.36603,8.36726,1.00,1.00
2017.06.30 14:22:19.565,8.36603,8.36709,1.00,1.00
2017.06.30 14:22:19.905,8.3662,8.36709,1.00,1.00
2017.06.30 14:22:20.214,8.36651,8.36722,1.00,1.00
2017.06.30 14:22:20.266,8.36632,8.36744,1.00,1.00
2017.06.30 14:22:20.742,8.36632,8.36729,1.00,1.00
2017.06.30 14:22:21.236,8.36643,8.36729,1.00,1.00
2017.06.30 14:22:21.287,8.36634,8.36735,1.00,1.00
2017.06.30 14:22:21.594,8.36635,8.3673,1.00,1.00
2017.06.30 14:22:21.846,8.36635,8.36734,1.00,1.00
2017.06.30 14:22:22.249,8.36635,8.36729,1.00,1.00
2017.06.30 14:22:22.462,8.3663,8.36729,1.00,1.00
2017.06.30 14:22:22.535,8.3664,8.36729,1.00,1.00
2017.06.30 14:22:22.952,8.3664,8.36725,1.00,1.00
2017.06.30 14:22:23.253,8.3664,8.36721,1.00,1.00
2017.06.30 14:22:23.355,8.36632,8.36723,1.00,1.00
2017.06.30 14:22:23.859,8.36633,8.36723,1.00,1.00
2017.06.30 14:22:24.793,8.3663,8.36723,1.00,1.00
2017.06.30 14:22:25.480,8.36637,8.36723,1.00,1.00
2017.06.30 14:22:25.791,8.36637,8.36755,1.00,1.00
2017.06.30 14:22:25.842,8.36628,8.36755,1.00,1.00
2017.06.30 14:22:25.893,8.36642,8.36745,1.00,1.00
2017.06.30 14:22:26.252,8.36639,8.36746,1.00,1.00
2017.06.30 14:22:26.354,8.36622,8.36746,1.50,1.00
2017.06.30 14:22:26.598,8.36622,8.3673,1.00,1.00
2017.06.30 14:22:26.708,8.36622,8.36744,1.00,1.00
2017.06.30 14:22:26.912,8.36622,8.3673,1.00,1.00
2017.06.30 14:22:27.014,8.36622,8.36745,1.00,1.00
2017.06.30 14:22:27.116,8.36622,8.3673,1.00,1.00
2017.06.30 14:22:27.218,8.36622,8.36745,1.00,1.00
2017.06.30 14:22:27.269,8.36618,8.36745,1.00,1.00
2017.06.30 14:22:27.320,8.36624,8.3673,1.00,1.00
2017.06.30 14:22:28.159,8.36637,8.3673,1.00,1.00
2017.06.30 14:22:28.211,8.36642,8.36745,1.00,1.00
2017.06.30 14:22:29.210,8.36647,8.36745,1.00,1.00
2017.06.30 14:22:29.427,8.36647,8.36765,1.00,1.00
2017.06.30 14:22:30.267,8.36644,8.36765,1.00,1.00
2017.06.30 14:22:35.282,8.36648,8.36765,1.00,1.00
2017.06.30 14:22:35.436,8.36644,8.36765,1.00,1.00
2017.06.30 14:22:36.405,8.36646,8.36765,1.00,1.00
2017.06.30 14:22:36.916,8.36641,8.36765,1.00,1.00
2017.06.30 14:22:37.243,8.36656,8.36781,1.00,1.00
2017.06.30 14:22:40.189,8.36675,8.36781,1.00,1.00
2017.06.30 14:22:40.341,8.36677,8.36804,1.00,1.00
2017.06.30 14:22:40.392,8.36683,8.36804,1.00,1.00
2017.06.30 14:22:40.681,8.36677,8.36804,1.00,1.00
2017.06.30 14:22:41.079,8.36677,8.36797,1.00,1.00
2017.06.30 14:22:41.130,8.36663,8.36789,1.00,1.00
2017.06.30 14:22:41.232,8.36649,8.36774,1.50,1.00
2017.06.30 14:22:43.557,8.36649,8.36763,1.00,1.00
2017.06.30 14:22:43.710,8.36619,8.36745,1.00,1.00
2017.06.30 14:22:45.856,8.36622,8.36745,1.00,1.00
2017.06.30 14:22:46.060,8.36633,8.3676,1.00,1.00
2017.06.30 14:22:47.641,8.36633,8.36758,1.00,1.00
2017.06.30 14:22:49.894,8.36633,8.3676,1.00,1.00
2017.06.30 14:22:50.311,8.36636,8.3676,1.00,1.00
2017.06.30 14:22:50.463,8.3665,8.36777,1.00,1.00
2017.06.30 14:22:53.657,8.36655,8.36777,1.00,1.00
2017.06.30 14:22:56.516,8.36651,8.36777,1.00,1.00
2017.06.30 14:22:58.230,8.3665,8.36777,1.00,1.00
2017.06.30 14:23:00.176,8.3665,8.36775,1.00,1.00
2017.06.30 14:23:01.178,8.3665,8.36777,1.00,1.50
2017.06.30 14:23:03.812,8.3665,8.36776,1.00,1.00
2017.06.30 14:23:05.204,8.36657,8.36777,1.00,1.00
2017.06.30 14:23:05.357,8.3665,8.36776,1.00,1.00
2017.06.30 14:23:05.519,8.36659,8.36777,1.00,1.00
2017.06.30 14:23:05.824,8.36659,8.36771,1.00,1.00
2017.06.30 14:23:06.162,8.36668,8.36771,1.00,1.00
2017.06.30 14:23:06.497,8.36678,8.36771,1.00,1.00
2017.06.30 14:23:06.701,8.36683,8.36789,1.00,1.00
2017.06.30 14:23:06.956,8.36662,8.36789,1.00,1.00
2017.06.30 14:23:07.109,8.36662,8.36778,1.00,1.00
2017.06.30 14:23:07.211,8.36645,8.36765,1.00,1.00
2017.06.30 14:23:07.363,8.36657,8.36765,1.00,1.00
2017.06.30 14:23:07.495,8.36667,8.36788,1.00,1.00
2017.06.30 14:23:07.597,8.36667,8.36779,1.00,1.00
2017.06.30 14:23:07.699,8.36646,8.36772,1.00,1.00
2017.06.30 14:23:07.851,8.36645,8.36765,1.00,1.00
2017.06.30 14:23:08.206,8.36639,8.36757,1.00,1.00
2017.06.30 14:23:08.846,8.36638,8.36757,1.00,1.00
2017.06.30 14:23:09.291,8.36631,8.3674,1.00,1.00
2017.06.30 14:23:09.394,8.36615,8.36727,1.00,1.00
2017.06.30 14:23:09.649,8.36602,8.36725,1.00,1.00
2017.06.30 14:23:09.903,8.36599,8.36713,1.00,1.00
2017.06.30 14:23:10.176,8.36595,8.36713,1.00,1.00
2017.06.30 14:23:10.531,8.36588,8.36713,1.00,1.00
2017.06.30 14:23:10.634,8.36601,8.36713,1.00,1.00
2017.06.30 14:23:11.605,8.36603,8.36713,1.00,1.00
2017.06.30 14:23:12.376,8.36609,8.36713,1.00,1.00
2017.06.30 14:23:13.140,8.36603,8.36713,1.00,1.00
2017.06.30 14:23:13.347,8.36593,8.36713,1.00,1.00
2017.06.30 14:23:13.499,8.36593,8.36689,1.00,1.00
2017.06.30 14:23:13.601,8.36593,8.36704,1.00,1.00
2017.06.30 14:23:13.727,8.36603,8.36704,1.00,1.00
2017.06.30 14:23:13.828,8.36592,8.36704,1.00,1.00
2017.06.30 14:23:14.009,8.36602,8.36689,1.00,1.00
2017.06.30 14:23:14.111,8.36602,8.36711,1.00,1.00
2017.06.30 14:23:14.917,8.36606,8.36711,1.00,1.00
2017.06.30 14:23:15.234,8.3662,8.36711,1.00,1.00
2017.06.30 14:23:15.437,8.3662,8.36738,1.00,1.00
2017.06.30 14:23:15.733,8.36631,8.36738,1.00,1.00
2017.06.30 14:23:15.835,8.36619,8.36738,1.00,1.00
2017.06.30 14:23:15.937,8.36631,8.36738,1.00,1.00
2017.06.30 14:23:16.089,8.36646,8.36757,1.00,1.00
2017.06.30 14:23:16.343,8.36661,8.36757,1.00,1.00
2017.06.30 14:23:16.394,8.36639,8.36757,1.00,1.00
2017.06.30 14:23:16.705,8.36619,8.36738,1.00,1.00
2017.06.30 14:23:17.397,8.36635,8.36738,1.00,1.00
2017.06.30 14:23:17.923,8.36626,8.36738,1.00,1.00
2017.06.30 14:23:18.300,8.36638,8.36738,1.00,1.00
2017.06.30 14:23:18.351,8.36629,8.36738,1.00,1.00
2017.06.30 14:23:18.598,8.36631,8.36756,1.00,1.00
2017.06.30 14:23:18.649,8.36631,8.36743,1.00,1.00
2017.06.30 14:23:18.700,8.36632,8.36758,1.00,1.00
2017.06.30 14:23:18.802,8.36631,8.36744,1.00,1.00
2017.06.30 14:23:19.057,8.36599,8.3672,1.00,1.00
2017.06.30 14:23:19.109,8.36599,8.36697,1.00,1.00
2017.06.30 14:23:19.368,8.36613,8.36713,1.00,1.00
2017.06.30 14:23:19.672,8.36605,8.36713,1.00,1.00
2017.06.30 14:23:19.723,8.36588,8.36713,1.00,1.00
2017.06.30 14:23:19.927,8.36588,8.36699,1.00,1.00
2017.06.30 14:23:20.235,8.36588,8.36678,1.00,1.00
2017.06.30 14:23:20.638,8.36573,8.36678,1.00,1.00
2017.06.30 14:23:20.820,8.36563,8.36678,1.00,1.00
2017.06.30 14:23:20.973,8.36554,8.36678,1.00,1.00
2017.06.30 14:23:21.218,8.36554,8.36652,1.00,1.00
2017.06.30 14:23:21.523,8.36563,8.36652,1.00,1.00
2017.06.30 14:23:21.726,8.36576,8.36673,1.00,1.00
2017.06.30 14:23:22.833,8.36572,8.36656,1.00,1.00
2017.06.30 14:23:23.113,8.36581,8.36676,1.00,1.00
2017.06.30 14:23:23.166,8.36581,8.36682,1.00,1.00
2017.06.30 14:23:23.268,8.3659,8.36682,1.00,1.00
2017.06.30 14:23:23.577,8.36625,8.36717,1.00,1.00
2017.06.30 14:23:26.396,8.36643,8.36717,1.00,1.00
2017.06.30 14:23:26.448,8.36654,8.36737,1.00,1.00
2017.06.30 14:23:26.600,8.36676,8.36737,1.00,1.00
2017.06.30 14:23:26.651,8.36676,8.36766,1.00,1.00
2017.06.30 14:23:26.826,8.36676,8.3678,1.00,1.00
2017.06.30 14:23:27.819,8.36666,8.3678,1.00,1.00
2017.06.30 14:23:27.921,8.36671,8.3679,1.00,1.00
2017.06.30 14:23:28.585,8.36671,8.3677,1.00,1.00
2017.06.30 14:23:28.796,8.36671,8.36776,1.00,1.00
2017.06.30 14:23:28.847,8.36652,8.36776,1.00,1.00
2017.06.30 14:23:29.040,8.36664,8.36777,1.00,1.00
2017.06.30 14:23:29.143,8.36654,8.36777,1.00,1.00
2017.06.30 14:23:29.296,8.36668,8.36777,1.00,1.00
2017.06.30 14:23:29.546,8.36683,8.36797,1.00,1.00
2017.06.30 14:23:30.112,8.36693,8.36797,1.00,1.00
2017.06.30 14:23:30.634,8.36692,8.36797,1.00,1.00
2017.06.30 14:23:30.940,8.36702,8.36797,1.00,1.00
2017.06.30 14:23:31.042,8.36702,8.36822,1.00,1.00
2017.06.30 14:23:31.424,8.36697,8.36809,1.00,1.00
2017.06.30 14:23:31.729,8.36697,8.36779,1.00,1.00
2017.06.30 14:23:31.847,8.36655,8.36779,1.00,1.00
2017.06.30 14:23:32.615,8.36654,8.36778,1.00,1.00
2017.06.30 14:23:33.449,8.36661,8.36781,1.00,1.00
2017.06.30 14:23:33.601,8.36654,8.36779,1.00,1.00
2017.06.30 14:23:33.653,8.36673,8.36779,1.00,1.00
2017.06.30 14:23:33.754,8.36658,8.36765,1.00,1.00
2017.06.30 14:23:33.856,8.36654,8.3677,1.00,1.00
2017.06.30 14:23:34.823,8.36657,8.3677,1.00,1.00
2017.06.30 14:23:34.875,8.36668,8.36783,1.00,1.00
2017.06.30 14:23:36.953,8.36668,8.36793,1.00,1.00
2017.06.30 14:23:37.054,8.36675,8.36794,1.00,1.00
2017.06.30 14:23:37.359,8.36718,8.36812,1.00,1.00
2017.06.30 14:23:37.563,8.36718,8.36831,1.00,1.00
2017.06.30 14:23:37.665,8.3672,8.36845,1.00,1.00
2017.06.30 14:23:37.808,8.36753,8.36847,1.00,1.00
2017.06.30 14:23:37.961,8.36777,8.36883,1.00,1.00
2017.06.30 14:23:38.164,8.36758,8.36882,1.00,1.00
2017.06.30 14:23:38.215,8.36756,8.36879,1.00,1.00
2017.06.30 14:23:38.520,8.36746,8.3686,1.00,1.00
2017.06.30 14:23:38.869,8.3673,8.36843,1.00,1.00
2017.06.30 14:23:39.172,8.36746,8.36843,1.00,1.00
2017.06.30 14:23:39.281,8.36746,8.36864,1.00,1.00
2017.06.30 14:23:39.332,8.36758,8.36864,1.00,1.00
2017.06.30 14:23:39.383,8.36758,8.36883,1.00,1.00
2017.06.30 14:23:40.239,8.36756,8.3688,1.00,1.00
2017.06.30 14:23:40.625,8.36756,8.36869,1.00,1.00
2017.06.30 14:23:41.197,8.36758,8.36883,1.00,1.00
2017.06.30 14:23:41.635,8.36762,8.36883,1.00,1.00
2017.06.30 14:23:42.227,8.36777,8.36883,1.00,1.00
2017.06.30 14:23:42.380,8.36791,8.36913,1.00,1.00
2017.06.30 14:23:42.482,8.36791,8.36899,1.00,1.00
2017.06.30 14:23:42.584,8.36776,8.36899,1.00,1.00
2017.06.30 14:23:42.798,8.36772,8.36888,1.00,1.00
2017.06.30 14:23:43.238,8.36767,8.36888,1.00,1.00
2017.06.30 14:23:43.877,8.36762,8.36887,1.00,1.00
2017.06.30 14:23:45.418,8.36762,8.36886,1.00,1.00
2017.06.30 14:23:45.520,8.36771,8.36888,1.00,1.00
2017.06.30 14:23:46.070,8.36785,8.36907,1.00,1.00
2017.06.30 14:23:46.592,8.36785,8.36908,1.00,1.00
2017.06.30 14:23:46.795,8.36777,8.3689,1.00,1.00
2017.06.30 14:23:47.200,8.36785,8.36904,1.00,1.00
2017.06.30 14:23:48.009,8.36785,8.36901,1.00,1.00
2017.06.30 14:23:48.314,8.36784,8.36897,1.00,1.00
2017.06.30 14:23:48.467,8.36774,8.36897,1.00,1.00
2017.06.30 14:23:49.177,8.3677,8.36894,1.00,1.00
2017.06.30 14:23:50.240,8.3677,8.3689,1.00,1.00
2017.06.30 14:23:51.179,8.3677,8.36894,1.00,1.00
2017.06.30 14:23:52.172,8.36797,8.36897,1.00,1.00
2017.06.30 14:23:52.427,8.3682,8.36932,1.00,1.00
2017.06.30 14:23:52.660,8.3681,8.36932,1.00,1.00
2017.06.30 14:23:52.762,8.36822,8.36932,1.00,1.00
2017.06.30 14:23:52.915,8.36822,8.36945,1.00,1.00
2017.06.30 14:23:53.016,8.36822,8.36925,1.00,1.00
2017.06.30 14:23:53.316,8.36813,8.36925,1.00,1.00
2017.06.30 14:23:53.773,8.3682,8.36925,1.00,1.00
2017.06.30 14:23:53.824,8.36821,8.36945,1.00,1.00
2017.06.30 14:23:53.888,8.3682,8.36925,1.00,1.00
2017.06.30 14:23:53.990,8.3682,8.36947,1.50,1.50
2017.06.30 14:23:54.042,8.3682,8.36939,1.00,1.00
2017.06.30 14:23:54.195,8.36822,8.36947,1.00,1.00
2017.06.30 14:23:54.247,8.36822,8.36945,1.00,1.00
2017.06.30 14:23:54.561,8.36814,8.36938,1.00,1.00
2017.06.30 14:23:54.782,8.36813,8.36925,1.00,1.00
2017.06.30 14:23:56.657,8.36839,8.36925,1.00,1.00
2017.06.30 14:23:56.810,8.36839,8.36939,1.00,1.00
2017.06.30 14:23:56.912,8.36839,8.36961,1.00,1.00
2017.06.30 14:23:56.963,8.36834,8.36952,1.00,1.00
2017.06.30 14:23:57.249,8.36811,8.36931,1.00,1.00
2017.06.30 14:23:57.411,8.36823,8.36938,1.00,1.00
2017.06.30 14:23:57.665,8.36823,8.36947,1.00,1.00
2017.06.30 14:23:58.126,8.36823,8.36939,1.00,1.00
2017.06.30 14:23:58.276,8.36823,8.36949,1.50,1.50
2017.06.30 14:23:59.133,8.36823,8.36944,1.00,1.00
2017.06.30 14:23:59.461,8.36823,8.36939,1.00,1.00
2017.06.30 14:24:00.630,8.36823,8.36936,1.00,1.00
2017.06.30 14:24:00.681,8.36823,8.36943,1.00,1.00
2017.06.30 14:24:00.833,8.36827,8.36949,1.00,1.00
2017.06.30 14:24:00.935,8.36823,8.36944,1.00,1.00
2017.06.30 14:24:01.388,8.36838,8.36949,1.00,1.00
2017.06.30 14:24:01.541,8.36823,8.36949,1.50,1.50
2017.06.30 14:24:01.592,8.36843,8.36949,1.00,1.00
2017.06.30 14:24:01.643,8.36827,8.36949,1.00,1.00
2017.06.30 14:24:01.847,8.36842,8.36954,1.00,1.00
2017.06.30 14:24:02.072,8.36842,8.36965,1.00,1.00
2017.06.30 14:24:02.430,8.36864,8.36953,1.00,1.00
2017.06.30 14:24:02.635,8.36878,8.36998,1.00,1.00
2017.06.30 14:24:03.118,8.36896,8.36998,1.00,1.00
2017.06.30 14:24:03.170,8.36886,8.36998,1.00,1.00
2017.06.30 14:24:03.221,8.36888,8.37013,1.00,1.00
2017.06.30 14:24:04.153,8.36888,8.37014,1.00,1.50
2017.06.30 14:24:04.864,8.36896,8.37014,1.00,1.00
2017.06.30 14:24:05.169,8.36906,8.37022,1.00,1.00
2017.06.30 14:24:05.337,8.36906,8.37027,1.00,1.00
2017.06.30 14:24:06.253,8.369,8.37016,1.00,1.00
2017.06.30 14:24:07.975,8.36901,8.37016,1.00,1.00
2017.06.30 14:24:09.944,8.36909,8.37027,1.00,1.00
2017.06.30 14:24:10.849,8.36909,8.36966,1.00,1.00
2017.06.30 14:24:10.951,8.36891,8.36966,1.00,1.00
2017.06.30 14:24:11.126,8.3684,8.36931,1.00,1.00
2017.06.30 14:24:11.177,8.3684,8.36963,1.00,1.00
2017.06.30 14:24:11.279,8.36853,8.36966,1.00,1.00
2017.06.30 14:24:11.584,8.36902,8.37012,1.00,1.00
2017.06.30 14:24:11.838,8.36902,8.37027,1.00,1.00
2017.06.30 14:24:12.612,8.36912,8.37027,1.00,1.00
2017.06.30 14:24:12.663,8.36909,8.37027,1.00,1.00
2017.06.30 14:24:12.764,8.36922,8.37035,1.00,1.00
2017.06.30 14:24:13.069,8.36914,8.37029,1.00,1.00
2017.06.30 14:24:13.217,8.36919,8.37038,1.00,1.00
2017.06.30 14:24:13.320,8.36919,8.3704,1.00,1.00
2017.06.30 14:24:14.337,8.36938,8.3704,1.00,1.00
2017.06.30 14:24:15.124,8.36938,8.37036,1.00,1.00
2017.06.30 14:24:15.605,8.36938,8.37041,1.00,1.00
2017.06.30 14:24:16.176,8.36938,8.37056,1.00,1.00
2017.06.30 14:24:16.227,8.36938,8.37045,1.00,1.00
2017.06.30 14:24:16.584,8.36938,8.37043,1.00,1.00
2017.06.30 14:24:16.867,8.36938,8.37058,1.00,1.00
2017.06.30 14:24:17.879,8.36938,8.37061,1.00,1.00
2017.06.30 14:24:18.144,8.36938,8.37053,1.00,1.00
2017.06.30 14:24:20.369,8.36938,8.3706,1.00,1.00
2017.06.30 14:24:20.521,8.36938,8.37064,1.50,1.50
2017.06.30 14:24:21.492,8.3695,8.37064,1.00,1.00
2017.06.30 14:24:21.797,8.36964,8.37088,1.00,1.00
2017.06.30 14:24:22.521,8.36967,8.37088,1.00,1.00
2017.06.30 14:24:22.924,8.36978,8.37088,1.00,1.00
2017.06.30 14:24:23.077,8.36988,8.37101,1.00,1.00
2017.06.30 14:24:23.179,8.36976,8.37099,1.00,1.00
2017.06.30 14:24:23.280,8.36972,8.37086,1.00,1.00
2017.06.30 14:24:24.153,8.36968,8.37086,1.00,1.00
2017.06.30 14:24:25.138,8.36961,8.37085,1.50,1.00
2017.06.30 14:24:25.343,8.36965,8.37086,1.00,1.00
2017.06.30 14:24:25.495,8.36961,8.37086,1.50,1.50
2017.06.30 14:24:25.952,8.36961,8.37077,1.00,1.00
2017.06.30 14:24:26.887,8.36961,8.37081,1.00,1.00
2017.06.30 14:24:27.145,8.36961,8.37077,1.00,1.00
2017.06.30 14:24:27.298,8.3695,8.37071,1.00,1.00
2017.06.30 14:24:27.349,8.36961,8.37071,1.00,1.00
2017.06.30 14:24:27.578,8.36971,8.37095,1.00,1.00
2017.06.30 14:24:27.629,8.36982,8.37095,1.00,1.00
2017.06.30 14:24:27.882,8.37004,8.37122,1.00,1.00
2017.06.30 14:24:28.623,8.36997,8.3712,1.00,1.00
2017.06.30 14:24:29.715,8.36994,8.37107,1.00,1.00
2017.06.30 14:24:30.323,8.3699,8.37107,1.00,1.00
2017.06.30 14:24:30.374,8.36982,8.37107,1.00,1.00
2017.06.30 14:24:30.425,8.3698,8.37096,1.00,1.00
2017.06.30 14:24:30.767,8.3697,8.37085,1.00,1.00
2017.06.30 14:24:30.818,8.3696,8.37085,1.00,1.50
2017.06.30 14:24:31.235,8.36982,8.37085,1.00,1.00
2017.06.30 14:24:31.389,8.3697,8.37085,1.00,1.00
2017.06.30 14:24:31.492,8.3698,8.37085,1.00,1.00
2017.06.30 14:24:31.696,8.3698,8.37099,1.00,1.00
2017.06.30 14:24:31.805,8.36974,8.37096,1.00,1.00
2017.06.30 14:24:31.907,8.3697,8.3708,1.00,1.00
2017.06.30 14:24:32.487,8.36966,8.3708,1.00,1.00
2017.06.30 14:24:32.589,8.36969,8.37092,1.00,1.00
2017.06.30 14:24:32.640,8.36975,8.37096,1.00,1.00
2017.06.30 14:24:32.691,8.36973,8.37096,1.00,1.00
2017.06.30 14:24:32.793,8.36984,8.37096,1.00,1.00
2017.06.30 14:24:33.467,8.36995,8.37096,1.00,1.00
2017.06.30 14:24:33.518,8.36995,8.37115,1.00,1.00
2017.06.30 14:24:33.798,8.37,8.37115,1.00,1.00
2017.06.30 14:24:35.044,8.37007,8.37115,1.00,1.00
2017.06.30 14:24:35.198,8.36996,8.37115,1.00,1.00
2017.06.30 14:24:35.301,8.36996,8.37097,1.00,1.00
2017.06.30 14:24:36.112,8.36987,8.37097,1.00,1.00
2017.06.30 14:24:38.022,8.36992,8.37097,1.00,1.00
2017.06.30 14:24:38.338,8.37002,8.37118,1.00,1.00
2017.06.30 14:24:38.430,8.36994,8.37118,1.00,1.50
2017.06.30 14:24:38.533,8.37005,8.37118,1.00,1.00
2017.06.30 14:24:39.825,8.37004,8.37118,1.00,1.00
2017.06.30 14:24:40.232,8.37015,8.3713,1.00,1.00
2017.06.30 14:24:41.526,8.37015,8.37135,1.00,1.00
2017.06.30 14:24:41.578,8.37015,8.37139,1.00,1.00
2017.06.30 14:24:42.281,8.37023,8.37141,1.00,1.00
2017.06.30 14:24:42.332,8.37023,8.37149,1.00,1.00
2017.06.30 14:24:42.435,8.37023,8.37133,1.00,1.00
2017.06.30 14:24:42.588,8.37021,8.37139,1.00,1.00
2017.06.30 14:24:42.639,8.37021,8.37122,1.00,1.00
2017.06.30 14:24:42.690,8.37021,8.37134,1.00,1.00
2017.06.30 14:24:42.944,8.37008,8.37132,1.00,1.00
2017.06.30 14:24:43.252,8.37005,8.37117,1.00,1.00
2017.06.30 14:24:43.505,8.36991,8.37117,1.00,1.50
2017.06.30 14:24:43.681,8.36996,8.37117,1.00,1.00
2017.06.30 14:24:44.302,8.3699,8.37113,1.00,1.00
2017.06.30 14:24:44.404,8.3699,8.37115,1.00,1.00
2017.06.30 14:24:44.455,8.36999,8.37117,1.00,1.00
2017.06.30 14:24:44.760,8.36999,8.37102,1.00,1.00
2017.06.30 14:24:45.328,8.3699,8.37102,1.00,1.00
2017.06.30 14:24:45.532,8.36991,8.37116,1.00,1.00
2017.06.30 14:24:45.947,8.36998,8.37117,1.00,1.00
2017.06.30 14:24:47.174,8.37009,8.37117,1.00,1.00
2017.06.30 14:24:47.326,8.37009,8.37131,1.00,1.00
2017.06.30 14:24:47.916,8.3701,8.37131,1.00,1.00
2017.06.30 14:24:47.969,8.37018,8.37139,1.00,1.00
2017.06.30 14:24:48.274,8.37012,8.37131,1.00,1.00
2017.06.30 14:24:48.581,8.37017,8.37131,1.00,1.00
2017.06.30 14:24:48.733,8.37019,8.37144,1.00,1.00
2017.06.30 14:24:49.038,8.37019,8.37127,1.00,1.00
2017.06.30 14:24:49.334,8.36997,8.37117,1.00,1.00
2017.06.30 14:24:49.547,8.37009,8.37117,1.00,1.00
2017.06.30 14:24:50.054,8.36999,8.37117,1.00,1.00
2017.06.30 14:24:50.399,8.37011,8.37117,1.00,1.00
2017.06.30 14:24:50.501,8.37005,8.37117,1.00,1.00
2017.06.30 14:24:50.552,8.36994,8.37117,1.00,1.00
2017.06.30 14:24:50.603,8.36998,8.37117,1.00,1.00
2017.06.30 14:24:50.756,8.36994,8.37115,1.00,1.00
2017.06.30 14:24:51.054,8.3699,8.37108,1.00,1.00
2017.06.30 14:24:54.137,8.36992,8.37115,1.00,1.00
2017.06.30 14:24:54.469,8.3699,8.37115,1.00,1.00
2017.06.30 14:24:54.520,8.36992,8.37115,1.00,1.00
2017.06.30 14:24:55.140,8.3699,8.37107,1.00,1.00
2017.06.30 14:24:55.819,8.3699,8.37112,1.00,1.00
2017.06.30 14:24:57.077,8.37001,8.37115,1.00,1.00
2017.06.30 14:24:57.408,8.37025,8.37115,1.00,1.00
2017.06.30 14:24:57.663,8.37025,8.37137,1.00,1.00
2017.06.30 14:24:58.181,8.37033,8.37137,1.00,1.00
2017.06.30 14:24:59.054,8.37033,8.37153,1.00,1.00
2017.06.30 14:24:59.597,8.37044,8.37153,1.00,1.00
2017.06.30 14:24:59.874,8.37038,8.37153,1.00,1.00
2017.06.30 14:25:00.027,8.37053,8.37153,1.00,1.00
2017.06.30 14:25:01.014,8.37048,8.37153,1.00,1.00
2017.06.30 14:25:04.259,8.37061,8.37153,1.00,1.00
2017.06.30 14:25:04.310,8.37054,8.37153,1.00,1.00
2017.06.30 14:25:04.361,8.37054,8.37172,1.00,1.00
2017.06.30 14:25:05.371,8.3705,8.37172,1.00,1.00
2017.06.30 14:25:05.524,8.37054,8.37172,1.00,1.00
2017.06.30 14:25:05.854,8.3707,8.37172,1.00,1.00
2017.06.30 14:25:06.057,8.3707,8.37189,1.00,1.00
2017.06.30 14:25:06.260,8.37073,8.37189,1.00,1.00
2017.06.30 14:25:06.616,8.37071,8.37189,1.00,1.00
2017.06.30 14:25:06.963,8.37097,8.37203,1.00,1.00
2017.06.30 14:25:07.065,8.371,8.37224,1.00,1.50
2017.06.30 14:25:07.268,8.37108,8.37224,1.00,1.00
2017.06.30 14:25:07.370,8.37114,8.37235,1.00,1.00
2017.06.30 14:25:07.671,8.37108,8.37218,1.00,1.00
2017.06.30 14:25:07.858,8.371,8.37218,1.00,1.00
2017.06.30 14:25:09.683,8.37109,8.37218,1.00,1.00
2017.06.30 14:25:09.988,8.37117,8.37235,1.00,1.00
2017.06.30 14:25:10.039,8.37127,8.37235,1.00,1.00
2017.06.30 14:25:10.192,8.37125,8.37235,1.00,1.00
2017.06.30 14:25:10.293,8.37113,8.37235,1.00,1.00
2017.06.30 14:25:11.450,8.37119,8.37235,1.00,1.00
2017.06.30 14:25:11.678,8.37128,8.37251,1.00,1.00
2017.06.30 14:25:11.997,8.37128,8.37237,1.00,1.00
2017.06.30 14:25:12.098,8.37123,8.3724,1.00,1.00
2017.06.30 14:25:12.150,8.37113,8.37236,1.00,1.00
2017.06.30 14:25:12.251,8.37115,8.37236,1.00,1.00
2017.06.30 14:25:12.404,8.37113,8.37236,1.00,1.00
2017.06.30 14:25:15.632,8.37113,8.37233,1.00,1.00
2017.06.30 14:25:16.530,8.37159,8.3724,1.00,1.00
2017.06.30 14:25:16.581,8.37159,8.37262,1.00,1.00
2017.06.30 14:25:16.632,8.37173,8.37262,1.00,1.00
2017.06.30 14:25:16.683,8.37173,8.37298,1.50,1.00
2017.06.30 14:25:17.376,8.37193,8.37298,1.00,1.00
2017.06.30 14:25:17.479,8.37193,8.37312,1.00,1.00
2017.06.30 14:25:17.581,8.37208,8.37319,1.00,1.00
2017.06.30 14:25:17.782,8.37208,8.37328,1.00,1.00
2017.06.30 14:25:18.376,8.37208,8.37332,1.00,1.00
2017.06.30 14:25:19.114,8.37198,8.37313,1.00,1.00
2017.06.30 14:25:19.418,8.37198,8.37298,1.00,1.00
2017.06.30 14:25:20.226,8.372,8.37298,1.00,1.00
2017.06.30 14:25:20.495,8.37206,8.37315,1.00,1.00
2017.06.30 14:25:20.710,8.37215,8.37315,1.00,1.00
2017.06.30 14:25:20.761,8.37207,8.37315,1.00,1.00
2017.06.30 14:25:21.236,8.37222,8.37315,1.00,1.00
2017.06.30 14:25:21.440,8.37209,8.37315,1.00,1.00
2017.06.30 14:25:21.491,8.37209,8.3733,1.00,1.00
2017.06.30 14:25:21.593,8.37209,8.37315,1.00,1.00
2017.06.30 14:25:21.948,8.37217,8.37315,1.00,1.00
2017.06.30 14:25:22.212,8.37224,8.37332,1.00,1.00
2017.06.30 14:25:22.263,8.37214,8.37332,1.00,1.00
2017.06.30 14:25:22.315,8.37214,8.37316,1.00,1.00
2017.06.30 14:25:22.734,8.37226,8.37316,1.00,1.00
2017.06.30 14:25:23.565,8.37233,8.37316,1.00,1.00
2017.06.30 14:25:23.819,8.37239,8.37339,1.00,1.00
2017.06.30 14:25:23.921,8.37227,8.37339,1.00,1.00
2017.06.30 14:25:24.023,8.37237,8.37339,1.00,1.00
2017.06.30 14:25:24.401,8.37224,8.37323,1.00,1.00
2017.06.30 14:25:24.452,8.37222,8.37323,1.00,1.00
2017.06.30 14:25:24.606,8.37208,8.37323,1.00,1.00
2017.06.30 14:25:25.609,8.37203,8.37323,1.00,1.00
2017.06.30 14:25:25.752,8.37208,8.37323,1.00,1.00
2017.06.30 14:25:26.417,8.3724,8.37323,1.00,1.00
2017.06.30 14:25:26.519,8.3724,8.37337,1.00,1.00
2017.06.30 14:25:26.622,8.3724,8.37367,1.00,1.00
2017.06.30 14:25:26.673,8.37212,8.37367,1.00,1.00
2017.06.30 14:25:27.271,8.37228,8.37364,1.00,1.00
2017.06.30 14:25:27.577,8.37238,8.37367,1.00,1.00
2017.06.30 14:25:28.505,8.37242,8.37367,1.00,1.00
2017.06.30 14:25:29.048,8.37238,8.37367,1.00,1.00
2017.06.30 14:25:29.821,8.37209,8.37345,1.00,1.00
2017.06.30 14:25:29.923,8.37209,8.37338,1.00,1.00
2017.06.30 14:25:30.790,8.37215,8.37338,1.00,1.00
2017.06.30 14:25:31.210,8.37193,8.37338,1.00,1.00
2017.06.30 14:25:31.512,8.37193,8.37307,1.00,1.00
2017.06.30 14:25:33.385,8.37156,8.37307,1.07,1.00
2017.06.30 14:25:33.436,8.37156,8.37307,1.00,1.00
2017.06.30 14:25:33.487,8.37147,8.37298,1.00,1.00
2017.06.30 14:25:33.792,8.37147,8.37264,1.00,1.00
2017.06.30 14:25:34.370,8.37156,8.37264,1.00,1.00
2017.06.30 14:25:34.620,8.37149,8.37264,1.00,1.00
2017.06.30 14:25:34.823,8.37157,8.37264,1.00,1.00
2017.06.30 14:25:35.870,8.37159,8.37264,1.00,1.00
2017.06.30 14:25:36.752,8.37155,8.37264,1.00,1.00
2017.06.30 14:25:37.321,8.3716,8.37264,1.00,1.00
2017.06.30 14:25:38.165,8.3717,8.37264,1.00,1.00
2017.06.30 14:25:38.470,8.37175,8.37264,1.00,1.00
2017.06.30 14:25:39.320,8.37173,8.37264,1.00,1.00
2017.06.30 14:25:39.714,8.37183,8.37264,1.00,1.00
2017.06.30 14:25:39.790,8.37172,8.37264,1.00,1.00
2017.06.30 14:25:40.814,8.37182,8.37264,1.00,1.00
2017.06.30 14:25:40.916,8.37172,8.37264,1.00,1.00
2017.06.30 14:25:41.720,8.37183,8.37264,1.00,1.00
2017.06.30 14:25:41.771,8.37183,8.37284,1.00,1.00
2017.06.30 14:25:41.822,8.37183,8.37286,1.00,1.00
2017.06.30 14:25:45.654,8.37184,8.37286,1.00,1.00
2017.06.30 14:25:48.832,8.37176,8.37286,1.00,1.00
2017.06.30 14:25:48.884,8.3717,8.37286,1.00,1.00
2017.06.30 14:25:48.985,8.37163,8.37286,1.00,1.00
2017.06.30 14:25:49.087,8.37163,8.37264,1.00,1.00
2017.06.30 14:25:50.026,8.37173,8.37264,1.00,1.00
2017.06.30 14:25:50.332,8.37163,8.37254,1.00,1.00
2017.06.30 14:25:50.637,8.37175,8.37259,1.00,1.00
2017.06.30 14:25:51.088,8.37175,8.37257,1.00,1.00
2017.06.30 14:25:51.270,8.3717,8.37257,1.00,1.00
2017.06.30 14:25:51.798,8.3717,8.37256,1.00,1.00
2017.06.30 14:25:51.974,8.3717,8.37271,1.00,1.00
2017.06.30 14:25:52.152,8.37165,8.37271,1.00,1.00
2017.06.30 14:25:52.277,8.37165,8.37278,1.00,1.00
2017.06.30 14:25:52.328,8.37159,8.37278,1.00,1.00
2017.06.30 14:25:52.379,8.37169,8.37264,1.00,1.00
2017.06.30 14:25:52.430,8.37151,8.37264,1.00,1.00
2017.06.30 14:25:52.481,8.37151,8.37242,1.00,1.00
2017.06.30 14:25:52.583,8.37151,8.37246,1.00,1.00
2017.06.30 14:25:52.893,8.37131,8.37238,1.00,1.00
2017.06.30 14:25:53.189,8.37131,8.37244,1.00,1.00
2017.06.30 14:25:53.683,8.37144,8.37241,1.00,1.00
2017.06.30 14:25:54.089,8.37138,8.37241,1.00,1.00
2017.06.30 14:25:54.286,8.37129,8.37241,1.00,1.00
2017.06.30 14:25:54.491,8.37121,8.37241,1.00,1.00
2017.06.30 14:25:55.391,8.37127,8.37241,1.00,1.00
2017.06.30 14:25:56.255,8.37132,8.37241,1.00,1.00
2017.06.30 14:25:58.343,8.37138,8.37241,1.00,1.00
2017.06.30 14:25:58.677,8.37142,8.37241,1.00,1.00
2017.06.30 14:25:58.880,8.37132,8.37256,1.50,1.00
2017.06.30 14:25:59.096,8.37146,8.37256,1.00,1.00
2017.06.30 14:25:59.250,8.37132,8.37256,1.50,1.00
2017.06.30 14:26:04.489,8.37122,8.37244,1.00,1.00
2017.06.30 14:26:04.802,8.37142,8.37244,1.00,1.00
2017.06.30 14:26:05.005,8.37153,8.37259,1.00,1.00
2017.06.30 14:26:05.339,8.37153,8.37244,1.00,1.00
2017.06.30 14:26:05.646,8.37176,8.37258,1.00,1.00
2017.06.30 14:26:05.697,8.37176,8.37288,1.00,1.00
2017.06.30 14:26:05.800,8.37176,8.37272,1.00,1.00
2017.06.30 14:26:05.852,8.37166,8.37272,1.00,1.00
2017.06.30 14:26:08.036,8.37183,8.37272,1.00,1.00
2017.06.30 14:26:08.370,8.37199,8.37272,1.00,1.00
2017.06.30 14:26:08.422,8.37187,8.37272,1.00,1.00
2017.06.30 14:26:08.473,8.37175,8.37272,1.00,1.00
2017.06.30 14:26:08.602,8.37175,8.37274,1.00,1.00
2017.06.30 14:26:09.464,8.37178,8.37274,1.00,1.00
2017.06.30 14:26:10.185,8.37183,8.37274,1.00,1.00
2017.06.30 14:26:10.288,8.37183,8.37296,1.00,1.00
2017.06.30 14:26:10.339,8.37174,8.37296,1.00,1.00
2017.06.30 14:26:10.390,8.37174,8.37281,1.00,1.00
2017.06.30 14:26:10.934,8.37173,8.37281,1.00,1.00
2017.06.30 14:26:11.088,8.37188,8.373,1.00,1.00
2017.06.30 14:26:11.191,8.37175,8.37285,1.00,1.00
2017.06.30 14:26:11.983,8.37179,8.37285,1.00,1.00
2017.06.30 14:26:12.352,8.37182,8.37285,1.00,1.00
2017.06.30 14:26:12.862,8.37182,8.3727,1.00,1.00
2017.06.30 14:26:13.002,8.37174,8.3727,1.00,1.00
2017.06.30 14:26:14.001,8.37169,8.37255,1.00,1.00
2017.06.30 14:26:14.306,8.37165,8.37255,1.00,1.00
2017.06.30 14:26:14.358,8.37174,8.37255,1.00,1.00
2017.06.30 14:26:15.412,8.37171,8.37255,1.00,1.00
2017.06.30 14:26:16.103,8.37168,8.37255,1.00,1.00
2017.06.30 14:26:16.333,8.37168,8.37274,1.00,1.00
2017.06.30 14:26:20.855,8.37176,8.37274,1.00,1.00
2017.06.30 14:26:21.806,8.37186,8.37274,1.00,1.00
2017.06.30 14:26:23.228,8.37181,8.37274,1.00,1.00
2017.06.30 14:26:23.839,8.37186,8.37274,1.00,1.00
2017.06.30 14:26:23.941,8.37186,8.37294,1.00,1.00
2017.06.30 14:26:25.273,8.37195,8.37294,1.00,1.00
2017.06.30 14:26:26.018,8.3719,8.37294,1.00,1.00
2017.06.30 14:26:26.071,8.37183,8.37294,1.00,1.00
2017.06.30 14:26:26.122,8.37183,8.37279,1.00,1.00
2017.06.30 14:26:28.562,8.37201,8.37279,1.00,1.00
2017.06.30 14:26:28.664,8.37201,8.37299,1.00,1.00
2017.06.30 14:26:28.715,8.37201,8.37302,1.00,1.00
2017.06.30 14:26:29.524,8.37197,8.37302,1.00,1.00
2017.06.30 14:26:29.626,8.3719,8.37302,1.00,1.00
2017.06.30 14:26:30.616,8.37196,8.37302,1.00,1.00
2017.06.30 14:26:31.528,8.37191,8.37302,1.00,1.00
2017.06.30 14:26:32.027,8.37191,8.37284,1.00,1.00
2017.06.30 14:26:32.260,8.37184,8.37284,1.00,1.00
2017.06.30 14:26:36.207,8.37181,8.37284,1.00,1.00
2017.06.30 14:26:40.506,8.37177,8.37284,1.00,1.00
2017.06.30 14:26:42.781,8.37164,8.37284,1.00,1.00
2017.06.30 14:26:42.883,8.37164,8.37263,1.00,1.00
2017.06.30 14:26:43.754,8.3716,8.37263,1.00,1.00
2017.06.30 14:26:44.480,8.37152,8.37263,1.00,1.00
2017.06.30 14:26:44.531,8.37152,8.37259,1.00,1.00
2017.06.30 14:26:44.836,8.37143,8.37239,1.00,1.00
2017.06.30 14:26:45.640,8.37142,8.37239,1.00,1.00
2017.06.30 14:26:45.961,8.37142,8.37255,1.00,1.00
2017.06.30 14:26:46.015,8.37146,8.37255,1.00,1.00
2017.06.30 14:26:46.320,8.37146,8.37241,1.00,1.00
2017.06.30 14:26:46.784,8.37146,8.37254,1.00,1.00
2017.06.30 14:26:46.887,8.37173,8.37254,1.00,1.00
2017.06.30 14:26:46.990,8.37184,8.37277,1.00,1.00
2017.06.30 14:26:47.808,8.37175,8.37277,1.00,1.00
2017.06.30 14:26:51.805,8.37181,8.37277,1.00,1.00
2017.06.30 14:26:52.152,8.37185,8.37277,1.00,1.00
2017.06.30 14:26:52.852,8.3718,8.37277,1.00,1.00
2017.06.30 14:26:53.297,8.37188,8.37277,1.00,1.00
2017.06.30 14:26:54.364,8.37185,8.37277,1.00,1.00
2017.06.30 14:26:55.524,8.37162,8.37277,1.00,1.00
2017.06.30 14:26:55.643,8.37177,8.37277,1.00,1.00
2017.06.30 14:26:57.664,8.37172,8.37277,1.00,1.00
2017.06.30 14:26:59.928,8.37178,8.37277,1.00,1.00
2017.06.30 14:27:01.014,8.37175,8.37277,1.00,1.00
2017.06.30 14:27:01.910,8.37183,8.37277,1.00,1.00
2017.06.30 14:27:02.294,8.37204,8.37294,1.00,1.00
2017.06.30 14:27:03.035,8.37199,8.37294,1.00,1.00
2017.06.30 14:27:03.295,8.37199,8.37278,1.00,1.00
2017.06.30 14:27:04.020,8.37188,8.37278,1.00,1.00
2017.06.30 14:27:08.318,8.37193,8.37278,1.00,1.00
2017.06.30 14:27:09.006,8.37151,8.37278,1.00,1.00
2017.06.30 14:27:09.057,8.37151,8.37266,1.00,1.00
2017.06.30 14:27:09.108,8.37136,8.37256,1.00,1.00
2017.06.30 14:27:09.210,8.3711,8.37189,1.00,1.00
2017.06.30 14:27:09.440,8.37126,8.3721,1.00,1.00
2017.06.30 14:27:10.312,8.3713,8.3721,1.00,1.00
2017.06.30 14:27:10.818,8.3713,8.37196,1.00,1.00
2017.06.30 14:27:11.380,8.37131,8.37196,1.00,1.00
2017.06.30 14:27:12.973,8.37117,8.37196,1.00,1.00
2017.06.30 14:27:14.380,8.37102,8.37196,1.00,1.00
2017.06.30 14:27:14.482,8.37098,8.37196,1.00,1.00
2017.06.30 14:27:14.533,8.37098,8.37173,1.00,1.00
2017.06.30 14:27:14.939,8.37098,8.3719,1.00,1.00
2017.06.30 14:27:15.096,8.37098,8.37171,1.00,1.00
2017.06.30 14:27:15.445,8.37101,8.37171,1.00,1.00
2017.06.30 14:27:15.753,8.37098,8.37158,1.00,1.00
2017.06.30 14:27:15.805,8.37098,8.37172,1.00,1.00
2017.06.30 14:27:16.725,8.371,8.37172,1.00,1.00
2017.06.30 14:27:19.242,8.371,8.37187,1.00,1.00
2017.06.30 14:27:20.361,8.37083,8.37187,1.00,1.00
2017.06.30 14:27:20.412,8.37083,8.37172,1.00,1.00
2017.06.30 14:27:20.463,8.3707,8.37172,1.00,1.00
2017.06.30 14:27:20.514,8.37063,8.37172,1.00,1.00
2017.06.30 14:27:20.616,8.37063,8.37155,1.00,1.00
2017.06.30 14:27:20.955,8.37063,8.37142,1.00,1.00
2017.06.30 14:27:21.360,8.37053,8.37142,1.00,1.00
2017.06.30 14:27:22.825,8.37057,8.37142,1.00,1.00
2017.06.30 14:27:23.285,8.37053,8.37142,1.00,1.00
2017.06.30 14:27:23.836,8.37055,8.37142,1.00,1.00
2017.06.30 14:27:24.828,8.37052,8.37142,1.00,1.00
2017.06.30 14:27:26.444,8.37056,8.37142,1.00,1.00
2017.06.30 14:27:27.608,8.3706,8.37142,1.00,1.00
2017.06.30 14:27:28.609,8.37056,8.37142,1.00,1.00
2017.06.30 14:27:29.278,8.37063,8.37142,1.00,1.00
2017.06.30 14:27:29.611,8.37058,8.37142,1.00,1.00
2017.06.30 14:27:30.495,8.37064,8.37142,1.00,1.00
2017.06.30 14:27:30.546,8.37064,8.37158,1.00,1.00
2017.06.30 14:27:30.666,8.37059,8.37158,1.00,1.00
2017.06.30 14:27:31.046,8.37072,8.37173,1.00,1.00
2017.06.30 14:27:31.521,8.3708,8.37173,1.00,1.00
2017.06.30 14:27:31.623,8.37069,8.37173,1.00,1.00
2017.06.30 14:27:32.602,8.37073,8.37173,1.00,1.00
2017.06.30 14:27:33.141,8.37064,8.37173,1.00,1.00
2017.06.30 14:27:34.923,8.37074,8.37173,1.00,1.00
2017.06.30 14:27:37.015,8.37097,8.37173,1.00,1.00
2017.06.30 14:27:37.066,8.37097,8.37191,1.00,1.00
2017.06.30 14:27:37.992,8.371,8.37191,1.00,1.00
2017.06.30 14:27:38.981,8.37099,8.37191,1.00,1.00
2017.06.30 14:27:40.056,8.37101,8.37191,1.00,1.00
2017.06.30 14:27:43.032,8.37096,8.37191,1.00,1.00
2017.06.30 14:27:43.185,8.3709,8.37191,1.00,1.00
2017.06.30 14:27:43.439,8.37083,8.37191,1.00,1.00
2017.06.30 14:27:43.982,8.37075,8.37191,1.00,1.00
2017.06.30 14:27:44.935,8.37073,8.37191,1.00,1.00
2017.06.30 14:27:45.447,8.37078,8.37191,1.00,1.00
2017.06.30 14:27:46.273,8.37073,8.37191,1.00,1.00
2017.06.30 14:27:46.426,8.37073,8.37175,1.00,1.00
2017.06.30 14:27:46.477,8.3707,8.37175,1.00,1.00
2017.06.30 14:27:47.488,8.37072,8.37175,1.00,1.00
2017.06.30 14:27:50.519,8.37075,8.37175,1.00,1.00
2017.06.30 14:27:50.935,8.37098,8.37175,1.00,1.00
2017.06.30 14:27:51.541,8.37096,8.37175,1.00,1.00
2017.06.30 14:27:51.746,8.371,8.37175,1.00,1.00
2017.06.30 14:27:52.558,8.37105,8.37175,1.00,1.00
2017.06.30 14:27:52.988,8.37111,8.37175,1.00,1.00
2017.06.30 14:27:53.141,8.37124,8.37196,1.00,1.00
2017.06.30 14:27:53.192,8.37124,8.3721,1.00,1.00
2017.06.30 14:27:53.243,8.37124,8.37225,1.00,1.00
2017.06.30 14:27:53.493,8.37133,8.37225,1.00,1.00
2017.06.30 14:27:53.997,8.37121,8.37225,1.00,1.00
2017.06.30 14:27:54.048,8.37113,8.37211,1.00,1.00
2017.06.30 14:27:54.382,8.37113,8.37196,1.00,1.00
2017.06.30 14:27:54.826,8.37104,8.37196,1.00,1.00
2017.06.30 14:27:57.381,8.37093,8.37196,1.00,1.00
2017.06.30 14:27:57.432,8.37093,8.37177,1.00,1.00
2017.06.30 14:27:57.636,8.37091,8.37177,1.00,1.00
2017.06.30 14:27:59.670,8.37087,8.37177,1.00,1.00
2017.06.30 14:28:00.110,8.37106,8.37177,1.00,1.00
2017.06.30 14:28:00.263,8.37106,8.37197,1.00,1.00
2017.06.30 14:28:00.314,8.37106,8.37201,1.00,1.00
2017.06.30 14:28:00.812,8.37127,8.37201,1.00,1.00
2017.06.30 14:28:00.864,8.3714,8.37221,1.00,1.00
2017.06.30 14:28:01.009,8.3714,8.37233,1.00,1.00
2017.06.30 14:28:01.788,8.37146,8.37233,1.00,1.00
2017.06.30 14:28:02.936,8.3716,8.37233,1.00,1.00
2017.06.30 14:28:03.038,8.3716,8.37253,1.00,1.00
2017.06.30 14:28:03.140,8.3716,8.37272,1.00,1.00
2017.06.30 14:28:03.191,8.37158,8.37272,1.00,1.00
2017.06.30 14:28:03.307,8.37171,8.37272,1.00,1.00
2017.06.30 14:28:03.916,8.37161,8.37272,1.00,1.00
2017.06.30 14:28:04.474,8.37155,8.37272,1.00,1.00
2017.06.30 14:28:04.664,8.37155,8.37257,1.00,1.00
2017.06.30 14:28:05.328,8.37154,8.37257,1.00,1.00
2017.06.30 14:28:05.695,8.37166,8.37257,1.00,1.00
2017.06.30 14:28:05.949,8.37166,8.37272,1.00,1.00
2017.06.30 14:28:07.045,8.3717,8.37272,1.00,1.00
2017.06.30 14:28:07.382,8.37176,8.37257,1.00,1.00
2017.06.30 14:28:07.687,8.37186,8.37257,1.00,1.00
2017.06.30 14:28:07.992,8.37171,8.37257,1.00,1.00
2017.06.30 14:28:08.204,8.37165,8.37257,1.00,1.00
2017.06.30 14:28:08.356,8.37165,8.37279,1.00,1.00
2017.06.30 14:28:08.509,8.37163,8.37279,1.00,1.00
2017.06.30 14:28:08.560,8.3717,8.37279,1.00,1.00
2017.06.30 14:28:09.005,8.3717,8.37264,1.00,1.00
2017.06.30 14:28:09.469,8.37158,8.37249,1.00,1.00
2017.06.30 14:28:09.775,8.37166,8.37249,1.00,1.00
2017.06.30 14:28:09.827,8.37163,8.37249,1.00,1.00
2017.06.30 14:28:10.338,8.37179,8.37249,1.00,1.00
2017.06.30 14:28:10.389,8.37179,8.37265,1.00,1.00
2017.06.30 14:28:11.136,8.37171,8.37265,1.00,1.00
2017.06.30 14:28:11.187,8.37171,8.3728,1.00,1.00
2017.06.30 14:28:11.238,8.37159,8.3728,1.00,1.00
2017.06.30 14:28:11.290,8.37166,8.37266,1.00,1.00
2017.06.30 14:28:11.559,8.37179,8.37287,1.00,1.00
2017.06.30 14:28:11.746,8.37172,8.37287,1.00,1.00
2017.06.30 14:28:12.179,8.37179,8.37287,1.00,1.00
2017.06.30 14:28:12.231,8.3717,8.37287,1.00,1.00
2017.06.30 14:28:12.562,8.37175,8.37302,1.00,1.00
2017.06.30 14:28:12.732,8.37181,8.37302,1.00,1.00
2017.06.30 14:28:13.226,8.37175,8.37302,1.00,1.00
2017.06.30 14:28:13.459,8.37178,8.37285,1.00,1.00
2017.06.30 14:28:13.511,8.3716,8.37285,1.00,1.00
2017.06.30 14:28:13.663,8.3716,8.37269,1.00,1.00
2017.06.30 14:28:14.069,8.37165,8.37269,1.00,1.00
2017.06.30 14:28:14.417,8.37155,8.37269,1.00,1.00
2017.06.30 14:28:14.569,8.37166,8.37269,1.00,1.00
2017.06.30 14:28:15.472,8.37161,8.37253,1.00,1.00
2017.06.30 14:28:15.759,8.37155,8.37253,1.00,1.00
2017.06.30 14:28:15.810,8.37165,8.37253,1.00,1.00
2017.06.30 14:28:15.911,8.37154,8.3727,1.00,1.00
2017.06.30 14:28:17.055,8.3715,8.3727,1.00,1.00
2017.06.30 14:28:17.157,8.37156,8.3727,1.00,1.00
2017.06.30 14:28:17.258,8.37151,8.3727,1.00,1.00
2017.06.30 14:28:17.410,8.37151,8.37249,1.00,1.00
2017.06.30 14:28:17.688,8.37151,8.37265,1.00,1.00
2017.06.30 14:28:17.790,8.37169,8.37265,1.00,1.00
2017.06.30 14:28:18.094,8.37159,8.37265,1.00,1.00
2017.06.30 14:28:18.472,8.37159,8.3725,1.00,1.00
2017.06.30 14:28:18.754,8.37152,8.3725,1.00,1.00
2017.06.30 14:28:19.276,8.37142,8.3725,1.00,1.00
2017.06.30 14:28:19.378,8.37142,8.37235,1.00,1.00
2017.06.30 14:28:19.720,8.37133,8.37235,1.00,1.00
2017.06.30 14:28:19.822,8.37136,8.37235,1.00,1.00
2017.06.30 14:28:20.304,8.37129,8.37235,1.00,1.00
2017.06.30 14:28:20.355,8.37116,8.37235,1.00,1.00
2017.06.30 14:28:20.458,8.37108,8.37235,1.00,1.00
2017.06.30 14:28:20.642,8.37106,8.37207,1.00,1.00
2017.06.30 14:28:21.453,8.37104,8.37207,1.00,1.00
2017.06.30 14:28:22.479,8.37101,8.37207,1.00,1.00
2017.06.30 14:28:22.619,8.37084,8.37207,1.00,1.00
2017.06.30 14:28:22.771,8.37084,8.372,1.00,1.00
2017.06.30 14:28:23.111,8.37084,8.3718,1.00,1.00
2017.06.30 14:28:23.496,8.37081,8.3718,1.00,1.00
2017.06.30 14:28:23.547,8.37089,8.3718,1.00,1.00
2017.06.30 14:28:23.699,8.37081,8.3718,1.00,1.00
2017.06.30 14:28:23.750,8.37093,8.3718,1.00,1.00
2017.06.30 14:28:24.056,8.37078,8.37162,1.00,1.00
2017.06.30 14:28:24.587,8.37077,8.37162,1.00,1.00
2017.06.30 14:28:26.014,8.37082,8.37147,1.00,1.00
2017.06.30 14:28:26.116,8.37082,8.37162,1.00,1.00
2017.06.30 14:28:26.167,8.37086,8.37162,1.00,1.00
2017.06.30 14:28:26.507,8.37099,8.37162,1.00,1.00
2017.06.30 14:28:26.609,8.37099,8.37189,1.00,1.00
2017.06.30 14:28:26.898,8.37083,8.37189,1.00,1.00
2017.06.30 14:28:27.000,8.37083,8.37174,1.00,1.00
2017.06.30 14:28:27.304,8.3709,8.37174,1.00,1.00
2017.06.30 14:28:27.597,8.37089,8.37188,1.00,1.00
2017.06.30 14:28:27.945,8.37082,8.37188,1.00,1.00
2017.06.30 14:28:28.585,8.37088,8.37188,1.00,1.00
2017.06.30 14:28:28.933,8.37086,8.37188,1.00,1.00
2017.06.30 14:28:29.676,8.37084,8.37188,1.00,1.00
2017.06.30 14:28:29.777,8.37093,8.37188,1.00,1.00
2017.06.30 14:28:29.982,8.37083,8.37188,1.00,1.00
2017.06.30 14:28:30.033,8.37092,8.37173,1.00,1.00
2017.06.30 14:28:30.566,8.37109,8.37173,1.00,1.00
2017.06.30 14:28:30.799,8.37123,8.37188,1.00,1.00
2017.06.30 14:28:30.850,8.37123,8.37203,1.00,1.00
2017.06.30 14:28:31.054,8.37109,8.37218,1.00,1.00
2017.06.30 14:28:31.257,8.37115,8.37218,1.00,1.00
2017.06.30 14:28:31.869,8.37113,8.37218,1.00,1.00
2017.06.30 14:28:32.015,8.37116,8.37218,1.00,1.00
2017.06.30 14:28:32.292,8.37108,8.37218,1.00,1.00
2017.06.30 14:28:32.343,8.37103,8.37218,1.00,1.00
2017.06.30 14:28:32.394,8.37103,8.37213,1.00,1.00
2017.06.30 14:28:32.752,8.3711,8.37193,1.00,1.00
2017.06.30 14:28:32.929,8.37102,8.37193,1.00,1.00
2017.06.30 14:28:33.032,8.37111,8.37207,1.00,1.00
2017.06.30 14:28:33.185,8.37091,8.37207,1.00,1.00
2017.06.30 14:28:33.334,8.37091,8.37184,1.00,1.00
2017.06.30 14:28:33.639,8.37119,8.37226,1.00,1.00
2017.06.30 14:28:34.003,8.37123,8.37226,1.00,1.00
2017.06.30 14:28:34.055,8.37109,8.37226,1.00,1.00
2017.06.30 14:28:34.158,8.37121,8.37226,1.00,1.00
2017.06.30 14:28:34.512,8.37121,8.37209,1.00,1.00
2017.06.30 14:28:34.563,8.37105,8.37209,1.00,1.00
2017.06.30 14:28:34.614,8.37114,8.37209,1.00,1.00
2017.06.30 14:28:34.993,8.37104,8.37209,1.00,1.00
2017.06.30 14:28:35.045,8.3711,8.37209,1.00,1.00
2017.06.30 14:28:35.407,8.3711,8.37198,1.00,1.00
2017.06.30 14:28:35.712,8.3712,8.37198,1.00,1.00
2017.06.30 14:28:36.690,8.37124,8.37198,1.00,1.00
2017.06.30 14:28:37.692,8.37125,8.37198,1.00,1.00
2017.06.30 14:28:38.498,8.3712,8.37198,1.00,1.00
2017.06.30 14:28:41.186,8.37116,8.37198,1.00,1.00
2017.06.30 14:28:41.598,8.37111,8.37198,1.00,1.00
2017.06.30 14:28:42.770,8.3711,8.37198,1.00,1.00
2017.06.30 14:28:43.987,8.37114,8.37198,1.00,1.00
2017.06.30 14:28:44.639,8.37105,8.37198,1.00,1.00
2017.06.30 14:28:46.020,8.37106,8.37198,1.00,1.00
2017.06.30 14:28:46.173,8.37111,8.37198,1.00,1.00
2017.06.30 14:28:46.692,8.3712,8.37198,1.00,1.00
2017.06.30 14:28:48.082,8.37139,8.37198,1.00,1.00
2017.06.30 14:28:48.185,8.37139,8.37227,1.00,1.00
2017.06.30 14:28:48.288,8.37134,8.37227,1.00,1.00
2017.06.30 14:28:48.630,8.37167,8.37227,1.00,1.00
2017.06.30 14:28:48.938,8.37189,8.37263,1.00,1.00
2017.06.30 14:28:49.689,8.37185,8.37263,1.00,1.00
2017.06.30 14:28:50.653,8.37184,8.37263,1.00,1.00
2017.06.30 14:28:50.961,8.37188,8.37263,1.00,1.00
2017.06.30 14:28:51.012,8.37182,8.37263,1.00,1.00
2017.06.30 14:28:51.063,8.37191,8.37263,1.00,1.00
2017.06.30 14:28:52.004,8.37186,8.37263,1.00,1.00
2017.06.30 14:28:52.736,8.37212,8.37263,1.00,1.00
2017.06.30 14:28:52.990,8.37242,8.37318,1.00,1.00
2017.06.30 14:28:53.092,8.37242,8.37333,1.00,1.00
2017.06.30 14:28:53.678,8.37247,8.37333,1.00,1.00
2017.06.30 14:28:53.832,8.37225,8.37333,1.00,1.00
2017.06.30 14:28:53.885,8.37225,8.37318,1.00,1.00
2017.06.30 14:28:54.242,8.37239,8.37318,1.00,1.00
2017.06.30 14:28:55.149,8.37247,8.37318,1.00,1.00
2017.06.30 14:28:55.250,8.37256,8.37332,1.00,1.00
2017.06.30 14:28:56.178,8.37256,8.37318,1.00,1.00
2017.06.30 14:28:56.229,8.37253,8.37318,1.00,1.00
2017.06.30 14:28:59.101,8.37249,8.37318,1.00,1.00
2017.06.30 14:28:59.501,8.37261,8.37318,1.00,1.00
2017.06.30 14:28:59.753,8.37282,8.37355,1.00,1.00
2017.06.30 14:29:00.007,8.37294,8.3737,1.00,1.00
2017.06.30 14:29:00.464,8.3732,8.3737,1.00,1.00
2017.06.30 14:29:00.698,8.3733,8.37399,1.00,1.00
2017.06.30 14:29:01.003,8.3733,8.37404,1.00,1.00
2017.06.30 14:29:01.308,8.3733,8.37411,1.00,1.00
2017.06.30 14:29:01.460,8.37325,8.37411,1.00,1.00
2017.06.30 14:29:01.757,8.37325,8.37404,1.00,1.00
2017.06.30 14:29:02.189,8.37325,8.37394,1.00,1.00
2017.06.30 14:29:02.500,8.37321,8.37394,1.00,1.00
2017.06.30 14:29:02.703,8.37321,8.37389,1.00,1.00
2017.06.30 14:29:02.857,8.37307,8.37389,1.00,1.00
2017.06.30 14:29:02.980,8.37294,8.37377,1.00,1.00
2017.06.30 14:29:03.031,8.37283,8.37377,1.00,1.00
2017.06.30 14:29:03.083,8.37283,8.37363,1.00,1.00
2017.06.30 14:29:03.388,8.37283,8.37358,1.00,1.00
2017.06.30 14:29:03.492,8.37283,8.37369,1.00,1.00
2017.06.30 14:29:03.866,8.37283,8.37363,1.00,1.00
2017.06.30 14:29:04.301,8.37283,8.37368,1.00,1.00
2017.06.30 14:29:04.467,8.37283,8.37363,1.00,1.00
2017.06.30 14:29:04.814,8.37288,8.37363,1.00,1.00
2017.06.30 14:29:04.972,8.37307,8.37383,1.00,1.00
2017.06.30 14:29:05.023,8.37307,8.37391,1.00,1.00
2017.06.30 14:29:05.686,8.37297,8.37391,1.00,1.00
2017.06.30 14:29:05.789,8.37297,8.37352,1.00,1.00
2017.06.30 14:29:05.873,8.37291,8.37352,1.00,1.00
2017.06.30 14:29:06.350,8.37298,8.37352,1.00,1.00
2017.06.30 14:29:06.605,8.37342,8.37412,1.00,1.00
2017.06.30 14:29:07.114,8.37342,8.37427,1.00,1.00
2017.06.30 14:29:07.423,8.37338,8.37427,1.00,1.00
2017.06.30 14:29:07.474,8.37345,8.37405,1.00,1.00
2017.06.30 14:29:07.576,8.37345,8.37419,1.00,1.00
2017.06.30 14:29:07.870,8.37298,8.37419,1.00,1.00
2017.06.30 14:29:07.922,8.3731,8.37405,1.00,1.00
2017.06.30 14:29:08.228,8.37325,8.37386,1.00,1.00
2017.06.30 14:29:08.880,8.3732,8.37386,1.00,1.00
2017.06.30 14:29:09.185,8.37316,8.37386,1.00,1.00
2017.06.30 14:29:09.619,8.37316,8.3737,1.00,1.00
2017.06.30 14:29:09.922,8.37316,8.37384,1.00,1.00
2017.06.30 14:29:10.476,8.3732,8.37384,1.00,1.00
2017.06.30 14:29:11.342,8.37322,8.37384,1.00,1.00
2017.06.30 14:29:11.945,8.37317,8.37384,1.00,1.00
2017.06.30 14:29:12.448,8.37323,8.37384,1.00,1.00
2017.06.30 14:29:13.697,8.37313,8.37384,1.00,1.00
2017.06.30 14:29:13.901,8.37324,8.37384,1.00,1.00
2017.06.30 14:29:13.953,8.37311,8.37384,1.00,1.00
2017.06.30 14:29:14.107,8.37296,8.37384,1.00,1.00
2017.06.30 14:29:14.209,8.37296,8.37366,1.00,1.00
2017.06.30 14:29:14.311,8.37296,8.3738,1.00,1.00
2017.06.30 14:29:14.769,8.37289,8.3738,1.00,1.00
2017.06.30 14:29:15.228,8.37301,8.3738,1.00,1.00
2017.06.30 14:29:15.864,8.37313,8.3738,1.00,1.00
2017.06.30 14:29:16.268,8.37303,8.3738,1.00,1.00
2017.06.30 14:29:16.319,8.37303,8.37361,1.00,1.00
2017.06.30 14:29:16.421,8.37294,8.37361,1.00,1.00
2017.06.30 14:29:16.700,8.37294,8.37379,1.00,1.00
2017.06.30 14:29:18.765,8.37304,8.37379,1.00,1.00
2017.06.30 14:29:19.821,8.373,8.37379,1.00,1.00
2017.06.30 14:29:20.231,8.37291,8.37379,1.00,1.00
2017.06.30 14:29:20.333,8.37291,8.37361,1.00,1.00
2017.06.30 14:29:20.789,8.37286,8.37361,1.00,1.00
2017.06.30 14:29:20.986,8.37296,8.37361,1.00,1.00
2017.06.30 14:29:21.410,8.37303,8.37361,1.00,1.00
2017.06.30 14:29:21.823,8.37311,8.37361,1.00,1.00
2017.06.30 14:29:21.926,8.37311,8.37383,1.00,1.00
2017.06.30 14:29:22.443,8.37305,8.37383,1.00,1.00
2017.06.30 14:29:22.545,8.37305,8.37362,1.00,1.00
2017.06.30 14:29:23.042,8.37298,8.37362,1.00,1.00
2017.06.30 14:29:23.513,8.37313,8.37362,1.00,1.00
2017.06.30 14:29:23.615,8.37313,8.37397,1.00,1.00
2017.06.30 14:29:23.923,8.37313,8.37413,1.00,1.00
2017.06.30 14:29:24.455,8.37313,8.37397,1.00,1.00
2017.06.30 14:29:24.802,8.37303,8.37397,1.00,1.00
2017.06.30 14:29:24.955,8.37303,8.37368,1.00,1.00
2017.06.30 14:29:25.006,8.37292,8.37368,1.00,1.00
2017.06.30 14:29:25.261,8.37305,8.37368,1.00,1.00
2017.06.30 14:29:25.414,8.37305,8.37385,1.00,1.00
2017.06.30 14:29:25.515,8.37319,8.37385,1.00,1.00
2017.06.30 14:29:25.617,8.37319,8.37405,1.00,1.00
2017.06.30 14:29:25.719,8.37319,8.37393,1.00,1.00
2017.06.30 14:29:26.298,8.37324,8.37393,1.00,1.00
2017.06.30 14:29:26.451,8.37332,8.37405,1.00,1.00
2017.06.30 14:29:26.502,8.37339,8.37405,1.00,1.00
2017.06.30 14:29:30.075,8.37329,8.37405,1.00,1.00
2017.06.30 14:29:30.126,8.37295,8.37375,1.00,1.00
2017.06.30 14:29:30.228,8.37282,8.37354,1.00,1.00
2017.06.30 14:29:30.533,8.37279,8.37321,1.00,1.00
2017.06.30 14:29:30.888,8.37279,8.37307,1.00,1.00
2017.06.30 14:29:30.961,8.37279,8.37322,1.00,1.00
2017.06.30 14:29:31.063,8.37279,8.3733,1.00,1.00
2017.06.30 14:29:31.373,8.37279,8.37314,1.00,1.00
2017.06.30 14:29:31.627,8.37277,8.37317,1.00,1.00
2017.06.30 14:29:31.729,8.37277,8.3732,1.00,1.00
2017.06.30 14:29:31.831,8.37277,8.3734,1.00,1.00
2017.06.30 14:29:31.932,8.37281,8.37344,1.00,1.00
2017.06.30 14:29:32.080,8.37272,8.37344,1.00,1.00
2017.06.30 14:29:32.131,8.37272,8.37326,1.00,1.00
2017.06.30 14:29:32.436,8.37272,8.37344,1.00,1.00
2017.06.30 14:29:32.538,8.37272,8.37324,1.00,1.00
2017.06.30 14:29:32.938,8.37276,8.37339,1.00,1.00
2017.06.30 14:29:33.040,8.37276,8.37323,1.00,1.00
2017.06.30 14:29:33.949,8.37273,8.37322,1.00,1.00
2017.06.30 14:29:34.380,8.37263,8.37322,1.00,1.00
2017.06.30 14:29:34.432,8.37294,8.37336,1.00,1.00
2017.06.30 14:29:34.739,8.37322,8.37394,1.00,1.00
2017.06.30 14:29:34.942,8.37322,8.37414,1.00,1.00
2017.06.30 14:29:35.044,8.37322,8.37401,1.00,1.00
2017.06.30 14:29:35.248,8.37301,8.37401,1.00,1.00
2017.06.30 14:29:35.578,8.37312,8.37357,1.00,1.00
2017.06.30 14:29:35.883,8.37331,8.37344,1.00,1.00
2017.06.30 14:29:35.934,8.37331,8.37357,1.00,1.00
2017.06.30 14:29:36.137,8.37331,8.37381,1.00,1.00
2017.06.30 14:29:36.443,8.37331,8.37398,1.00,1.00
2017.06.30 14:29:36.494,8.37325,8.37398,1.00,1.00
2017.06.30 14:29:36.643,8.37325,8.37385,1.00,1.00
2017.06.30 14:29:37.455,8.37323,8.37385,1.00,1.00
2017.06.30 14:29:38.107,8.37333,8.37385,1.00,1.00
2017.06.30 14:29:38.412,8.37343,8.37385,1.00,1.00
2017.06.30 14:29:38.463,8.37343,8.37402,1.00,1.00
2017.06.30 14:29:38.618,8.37335,8.37402,1.00,1.00
2017.06.30 14:29:40.076,8.37335,8.37416,1.00,1.00
2017.06.30 14:29:40.279,8.3734,8.37416,1.00,1.00
2017.06.30 14:29:40.622,8.37347,8.37416,1.00,1.00
2017.06.30 14:29:41.283,8.37337,8.37416,1.00,1.00
2017.06.30 14:29:42.838,8.37326,8.37416,1.00,1.00
2017.06.30 14:29:42.889,8.37314,8.37416,1.00,1.00
2017.06.30 14:29:42.940,8.37314,8.37398,1.00,1.00
2017.06.30 14:29:43.244,8.37312,8.37379,1.00,1.00
2017.06.30 14:29:43.295,8.37312,8.37393,1.00,1.00
2017.06.30 14:29:43.397,8.37312,8.3738,1.00,1.00
2017.06.30 14:29:43.765,8.37329,8.3738,1.00,1.00
2017.06.30 14:29:43.816,8.37315,8.3738,1.00,1.00
2017.06.30 14:29:44.183,8.37315,8.37397,1.00,1.00
2017.06.30 14:29:44.285,8.37315,8.37382,1.00,1.00
2017.06.30 14:29:44.559,8.37315,8.374,1.00,1.00
2017.06.30 14:29:44.610,8.37308,8.374,1.00,1.00
2017.06.30 14:29:44.662,8.37308,8.37383,1.00,1.00
2017.06.30 14:29:45.012,8.37316,8.37383,1.00,1.00
2017.06.30 14:29:45.063,8.37316,8.37397,1.00,1.00
2017.06.30 14:29:45.879,8.37316,8.37379,1.00,1.00
2017.06.30 14:29:46.134,8.37312,8.37379,1.00,1.00
2017.06.30 14:29:46.591,8.37324,8.37396,1.00,1.00
2017.06.30 14:29:46.693,8.37315,8.37396,1.00,1.00
2017.06.30 14:29:46.797,8.37315,8.37383,1.00,1.00
2017.06.30 14:29:47.677,8.37318,8.37383,1.00,1.00
2017.06.30 14:29:48.301,8.37318,8.37374,1.00,1.00
2017.06.30 14:29:48.602,8.37319,8.37397,1.00,1.00
2017.06.30 14:29:48.745,8.37319,8.37382,1.00,1.00
2017.06.30 14:29:51.365,8.37332,8.37382,1.00,1.00
2017.06.30 14:29:51.693,8.37325,8.37382,1.00,1.00
2017.06.30 14:29:52.322,8.373,8.37382,1.00,1.00
2017.06.30 14:29:52.477,8.373,8.37368,1.00,1.00
2017.06.30 14:29:52.817,8.373,8.37346,1.00,1.00
2017.06.30 14:29:53.123,8.373,8.37361,1.00,1.00
2017.06.30 14:29:53.649,8.37298,8.37361,1.00,1.00
2017.06.30 14:29:53.700,8.37298,8.37381,1.00,1.00
2017.06.30 14:29:54.006,8.37298,8.37368,1.00,1.00
2017.06.30 14:29:54.677,8.37297,8.37368,1.00,1.00
2017.06.30 14:29:55.591,8.37307,8.37368,1.00,1.00
2017.06.30 14:29:55.897,8.37325,8.37368,1.00,1.00
2017.06.30 14:29:56.188,8.37325,8.37387,1.00,1.00
2017.06.30 14:29:57.196,8.37321,8.37387,1.00,1.00
2017.06.30 14:29:57.692,8.37321,8.37407,1.00,1.50
2017.06.30 14:29:57.743,8.37335,8.37407,1.00,1.50
2017.06.30 14:29:58.093,8.37337,8.37407,1.00,1.00
2017.06.30 14:29:58.195,8.37337,8.37424,1.00,1.00
2017.06.30 14:29:58.297,8.37337,8.3741,1.00,1.00
2017.06.30 14:29:58.399,8.37337,8.37424,1.00,1.00
2017.06.30 14:29:59.177,8.37336,8.37424,1.00,1.00
2017.06.30 14:29:59.229,8.3736,8.37445,1.00,1.00
2017.06.30 14:29:59.280,8.3736,8.37475,1.00,1.00
2017.06.30 14:29:59.423,8.37365,8.3749,1.00,1.00
2017.06.30 14:29:59.474,8.37378,8.3749,1.00,1.00
2017.06.30 14:29:59.627,8.37382,8.37507,1.00,1.00
2017.06.30 14:30:00.186,8.37408,8.37507,1.00,1.00
2017.06.30 14:30:00.582,8.3739,8.37507,1.00,1.00
2017.06.30 14:30:00.836,8.3739,8.37489,1.00,1.00
2017.06.30 14:30:01.750,8.37393,8.37489,1.00,1.00
2017.06.30 14:30:02.055,8.37391,8.37489,1.00,1.00
2017.06.30 14:30:02.998,8.37385,8.37489,1.00,1.00
2017.06.30 14:30:03.186,8.3738,8.37489,1.00,1.00
2017.06.30 14:30:04.878,8.37377,8.37489,1.00,1.00
2017.06.30 14:30:05.455,8.3737,8.37489,1.00,1.00
2017.06.30 14:30:05.507,8.37362,8.37485,1.00,1.00
2017.06.30 14:30:05.558,8.37359,8.37472,1.00,1.00
2017.06.30 14:30:05.863,8.37375,8.37472,1.00,1.00
2017.06.30 14:30:06.064,8.37386,8.37487,1.00,1.00
2017.06.30 14:30:06.116,8.37372,8.37487,1.00,1.00
2017.06.30 14:30:06.217,8.37357,8.37472,1.00,1.00
2017.06.30 14:30:06.424,8.37345,8.37472,1.00,1.00
2017.06.30 14:30:06.735,8.3737,8.37472,1.00,1.00
2017.06.30 14:30:07.237,8.37368,8.37492,1.00,1.00
2017.06.30 14:30:07.340,8.37396,8.37493,1.00,1.00
2017.06.30 14:30:07.392,8.37368,8.37493,1.00,1.00
2017.06.30 14:30:07.546,8.37381,8.37472,1.00,1.00
2017.06.30 14:30:07.699,8.37378,8.37472,1.00,1.00
2017.06.30 14:30:07.750,8.37345,8.37472,1.00,1.00
2017.06.30 14:30:07.941,8.37377,8.37472,1.00,1.00
2017.06.30 14:30:07.992,8.37345,8.37472,1.00,1.00
2017.06.30 14:30:08.943,8.37347,8.37472,1.00,1.00
2017.06.30 14:30:09.915,8.37361,8.37472,1.00,1.00
2017.06.30 14:30:10.067,8.37361,8.37487,1.00,1.00
2017.06.30 14:30:10.794,8.3736,8.37487,1.00,1.00
2017.06.30 14:30:11.098,8.37392,8.37487,1.00,1.00
2017.06.30 14:30:11.149,8.3736,8.37487,1.00,1.00
2017.06.30 14:30:11.575,8.37387,8.37487,1.00,1.00
2017.06.30 14:30:11.626,8.3736,8.37487,1.00,1.00
2017.06.30 14:30:11.938,8.37352,8.37468,1.00,1.00
2017.06.30 14:30:12.745,8.37351,8.37468,1.00,1.00
2017.06.30 14:30:13.394,8.37352,8.37468,1.00,1.00
2017.06.30 14:30:13.958,8.37361,8.37468,1.00,1.00
2017.06.30 14:30:14.092,8.37361,8.37487,1.00,1.00
2017.06.30 14:30:14.144,8.37374,8.37487,1.00,1.00
2017.06.30 14:30:14.245,8.37382,8.37501,1.00,1.00
2017.06.30 14:30:14.925,8.37408,8.37501,1.00,1.00
2017.06.30 14:30:15.185,8.37421,8.3754,1.00,1.00
2017.06.30 14:30:15.345,8.37436,8.3754,1.00,1.00
2017.06.30 14:30:15.857,8.37427,8.3754,1.75,1.00
2017.06.30 14:30:16.246,8.37432,8.37559,1.37,1.00
2017.06.30 14:30:17.553,8.37453,8.3758,1.00,1.00
2017.06.30 14:30:17.759,8.37438,8.37565,1.00,1.00
2017.06.30 14:30:18.067,8.37428,8.37548,1.75,1.00
2017.06.30 14:30:19.613,8.37439,8.37548,1.75,1.00
2017.06.30 14:30:19.767,8.37453,8.37574,1.37,1.00
2017.06.30 14:30:19.869,8.37463,8.37588,1.00,1.00
2017.06.30 14:30:20.252,8.3744,8.37567,2.25,1.00
2017.06.30 14:30:20.839,8.3744,8.37566,1.75,1.00
2017.06.30 14:30:21.017,8.3744,8.37566,1.37,1.00
2017.06.30 14:30:21.783,8.3744,8.37566,1.02,1.00
2017.06.30 14:30:22.035,8.3744,8.37566,1.39,1.00
2017.06.30 14:30:22.554,8.3744,8.37567,1.39,1.00
2017.06.30 14:30:23.285,8.3744,8.37567,1.39,1.00
2017.06.30 14:30:25.085,8.3744,8.37567,1.00,1.00
2017.06.30 14:30:25.979,8.37455,8.37582,1.00,1.00
2017.06.30 14:30:26.339,8.37469,8.37582,1.00,1.00
2017.06.30 14:30:26.495,8.37455,8.37582,1.00,1.00
2017.06.30 14:30:26.647,8.37471,8.37582,1.00,1.00
2017.06.30 14:30:26.698,8.37455,8.37582,1.00,1.00
2017.06.30 14:30:26.800,8.37475,8.37582,1.00,1.00
2017.06.30 14:30:27.503,8.37475,8.37598,1.00,1.00
2017.06.30 14:30:27.994,8.37473,8.37598,1.00,1.00
2017.06.30 14:30:28.096,8.37473,8.37595,1.00,1.00
2017.06.30 14:30:28.198,8.37455,8.37582,1.02,1.00
2017.06.30 14:30:28.441,8.37476,8.37582,1.00,1.00
2017.06.30 14:30:28.594,8.37472,8.37582,1.00,1.00
2017.06.30 14:30:29.116,8.37455,8.37582,1.02,1.00
2017.06.30 14:30:29.739,8.37455,8.37582,1.00,1.00
2017.06.30 14:30:30.509,8.37473,8.37582,1.00,1.00
2017.06.30 14:30:30.714,8.37512,8.37634,1.00,1.00
2017.06.30 14:30:30.900,8.37522,8.37649,1.39,1.00
2017.06.30 14:30:30.951,8.37554,8.37649,1.00,1.00
2017.06.30 14:30:31.002,8.37571,8.37669,1.00,1.00
2017.06.30 14:30:31.106,8.37581,8.37696,1.00,1.00
2017.06.30 14:30:31.258,8.37581,8.37693,1.00,1.97
2017.06.30 14:30:31.310,8.37569,8.37672,1.00,1.00
2017.06.30 14:30:31.361,8.37547,8.37666,1.00,1.00
2017.06.30 14:30:31.412,8.37577,8.37672,1.00,1.00
2017.06.30 14:30:31.514,8.37535,8.37652,1.00,1.00
2017.06.30 14:30:31.616,8.37555,8.37664,1.00,1.00
2017.06.30 14:30:31.774,8.37534,8.37661,1.00,1.00
2017.06.30 14:30:31.826,8.37549,8.37661,1.00,1.00
2017.06.30 14:30:31.981,8.37534,8.37648,1.00,1.00
2017.06.30 14:30:32.033,8.37534,8.37646,1.00,1.00
2017.06.30 14:30:32.084,8.37512,8.37639,1.02,1.00
2017.06.30 14:30:32.138,8.37516,8.37639,1.00,1.00
2017.06.30 14:30:32.596,8.37512,8.37638,1.00,1.00
2017.06.30 14:30:32.803,8.37494,8.3762,1.02,1.00
2017.06.30 14:30:33.209,8.37494,8.3762,1.00,1.00
2017.06.30 14:30:33.749,8.37494,8.37619,1.00,1.00
2017.06.30 14:30:33.800,8.3748,8.37607,1.00,1.00
2017.06.30 14:30:34.969,8.37488,8.37607,1.00,1.00
2017.06.30 14:30:35.122,8.37495,8.37622,1.00,1.00
2017.06.30 14:30:35.632,8.37479,8.37606,1.00,1.00
2017.06.30 14:30:36.103,8.37477,8.37588,1.00,1.00
2017.06.30 14:30:36.307,8.37473,8.37588,1.00,1.00
2017.06.30 14:30:36.409,8.37477,8.37604,1.00,1.00
2017.06.30 14:30:37.089,8.37477,8.37604,1.00,1.37
2017.06.30 14:30:37.618,8.37477,8.37604,1.00,1.37
2017.06.30 14:30:37.945,8.37477,8.37586,1.00,1.00
2017.06.30 14:30:38.098,8.37461,8.37586,1.00,1.00
2017.06.30 14:30:38.200,8.37441,8.37564,1.00,1.00
2017.06.30 14:30:38.729,8.37442,8.37564,1.00,1.00
2017.06.30 14:30:38.831,8.37455,8.37582,1.00,1.00
2017.06.30 14:30:39.979,8.37455,8.37582,1.00,1.37
2017.06.30 14:30:40.081,8.37458,8.37582,1.00,1.37
2017.06.30 14:30:40.646,8.37455,8.37577,1.00,1.00
2017.06.30 14:30:41.231,8.37452,8.37559,1.00,1.00
2017.06.30 14:30:41.838,8.37447,8.37559,1.00,1.00
2017.06.30 14:30:42.144,8.37436,8.37559,1.00,1.00
2017.06.30 14:30:42.365,8.37445,8.37559,1.00,1.00
2017.06.30 14:30:42.721,8.37452,8.37579,1.00,1.50
2017.06.30 14:30:43.096,8.37454,8.37579,1.00,2.25
2017.06.30 14:30:43.299,8.37452,8.37579,1.00,1.50
2017.06.30 14:30:44.383,8.37458,8.37579,1.00,1.37
2017.06.30 14:30:44.773,8.37458,8.37579,1.00,1.75
2017.06.30 14:30:46.272,8.37457,8.37579,1.00,1.75
2017.06.30 14:30:47.041,8.37452,8.37579,1.00,1.75
2017.06.30 14:30:47.142,8.37459,8.37579,1.00,1.75
2017.06.30 14:30:49.755,8.37461,8.37579,1.00,1.75
2017.06.30 14:30:50.161,8.37484,8.37579,1.00,1.75
2017.06.30 14:30:50.508,8.37499,8.37619,1.00,1.75
2017.06.30 14:30:50.917,8.37499,8.37619,1.00,1.00
2017.06.30 14:30:51.019,8.37493,8.37603,1.00,1.00
2017.06.30 14:30:51.121,8.37486,8.37603,1.00,1.00
2017.06.30 14:30:51.223,8.375,8.37627,1.00,1.00
2017.06.30 14:30:53.961,8.375,8.37609,1.00,1.00
2017.06.30 14:30:54.402,8.37495,8.37609,1.00,1.00
2017.06.30 14:30:55.973,8.37498,8.37621,1.00,1.00
2017.06.30 14:30:56.609,8.37498,8.37625,1.00,1.00
2017.06.30 14:30:56.660,8.375,8.37625,1.00,1.00
2017.06.30 14:30:57.880,8.375,8.3761,1.00,1.00
2017.06.30 14:30:58.561,8.37499,8.37621,1.00,1.00
2017.06.30 14:30:58.714,8.37499,8.37599,1.00,1.00
2017.06.30 14:30:58.867,8.37473,8.37587,1.00,1.00
2017.06.30 14:30:59.538,8.37463,8.37587,1.00,1.00
2017.06.30 14:30:59.639,8.3746,8.37587,1.00,1.00
2017.06.30 14:30:59.691,8.37464,8.37587,1.00,1.00
2017.06.30 14:30:59.995,8.3746,8.37581,1.00,1.00
2017.06.30 14:31:00.198,8.37441,8.37565,1.00,1.00
2017.06.30 14:31:00.480,8.37455,8.37568,1.00,1.00
2017.06.30 14:31:00.582,8.37442,8.37567,1.00,1.00
2017.06.30 14:31:00.633,8.37451,8.37567,1.00,1.00
2017.06.30 14:31:00.865,8.37455,8.37578,1.00,1.00
2017.06.30 14:31:01.204,8.37468,8.37582,1.00,1.00
2017.06.30 14:31:01.256,8.3746,8.37582,1.00,1.00
2017.06.30 14:31:01.832,8.37459,8.37582,1.00,1.00
2017.06.30 14:31:02.047,8.37459,8.37563,1.00,1.00
2017.06.30 14:31:02.205,8.37451,8.37563,1.00,1.00
2017.06.30 14:31:02.697,8.37454,8.37575,1.00,1.00
2017.06.30 14:31:03.189,8.37459,8.37579,1.00,1.00
2017.06.30 14:31:03.240,8.37454,8.37577,1.00,1.00
2017.06.30 14:31:03.342,8.37459,8.37579,1.00,1.00
2017.06.30 14:31:03.866,8.37454,8.37575,1.00,1.00
2017.06.30 14:31:04.352,8.37454,8.37578,1.00,1.05
2017.06.30 14:31:04.641,8.37463,8.37579,1.00,1.30
2017.06.30 14:31:04.742,8.37454,8.37579,1.00,1.80
2017.06.30 14:31:05.094,8.37454,8.37579,1.00,1.80
2017.06.30 14:31:05.803,8.37463,8.37579,1.00,1.30
2017.06.30 14:31:05.854,8.37454,8.37579,1.00,1.80
2017.06.30 14:31:06.344,8.37454,8.37579,1.00,1.50
2017.06.30 14:31:06.768,8.37477,8.37579,1.00,1.00
2017.06.30 14:31:07.083,8.37533,8.3766,1.00,1.00
2017.06.30 14:31:07.185,8.37549,8.37666,1.00,1.00
2017.06.30 14:31:07.490,8.37558,8.37661,1.00,1.00
2017.06.30 14:31:07.592,8.37558,8.37679,1.00,1.00
2017.06.30 14:31:07.847,8.37554,8.37673,1.00,1.00
2017.06.30 14:31:08.304,8.37554,8.37673,1.00,1.30
2017.06.30 14:31:08.508,8.37538,8.37646,1.00,1.00
2017.06.30 14:31:08.763,8.37518,8.37635,1.00,1.00
2017.06.30 14:31:08.814,8.37525,8.37645,1.00,1.00
2017.06.30 14:31:09.465,8.37536,8.37653,1.00,1.00
2017.06.30 14:31:09.567,8.37525,8.37646,1.00,1.00
2017.06.30 14:31:09.770,8.37521,8.37646,1.50,1.30
2017.06.30 14:31:09.923,8.37521,8.37638,1.00,1.00
2017.06.30 14:31:10.025,8.37521,8.37644,1.00,1.05
2017.06.30 14:31:10.267,8.37537,8.37646,1.00,1.30
2017.06.30 14:31:10.421,8.37528,8.37646,1.00,1.30
2017.06.30 14:31:10.574,8.37528,8.3763,1.00,1.00
2017.06.30 14:31:11.009,8.37519,8.3763,1.00,1.00
2017.06.30 14:31:11.518,8.37527,8.3763,1.00,1.00
2017.06.30 14:31:11.836,8.37529,8.3763,1.00,1.00
2017.06.30 14:31:12.009,8.37519,8.3763,1.00,1.00
2017.06.30 14:31:12.413,8.37519,8.37614,1.00,1.00
2017.06.30 14:31:13.286,8.37519,8.37634,1.00,1.00
2017.06.30 14:31:13.802,8.37528,8.37635,1.00,1.00
2017.06.30 14:31:14.450,8.37512,8.37635,1.00,1.00
2017.06.30 14:31:14.502,8.37508,8.37635,1.00,1.50
2017.06.30 14:31:14.554,8.37508,8.37631,1.00,1.05
2017.06.30 14:31:14.912,8.37478,8.37593,1.00,1.00
2017.06.30 14:31:15.370,8.37487,8.37593,1.00,1.00
2017.06.30 14:31:15.725,8.375,8.37593,1.00,1.00
2017.06.30 14:31:15.777,8.375,8.37614,1.00,1.50
2017.06.30 14:31:16.223,8.37506,8.37629,1.00,1.30
2017.06.30 14:31:16.478,8.37502,8.37618,1.00,1.30
2017.06.30 14:31:17.093,8.37502,8.37618,1.00,1.00
2017.06.30 14:31:17.203,8.37491,8.37618,1.00,1.00
2017.06.30 14:31:17.254,8.37491,8.37599,1.00,1.00
2017.06.30 14:31:17.474,8.37451,8.37576,1.00,1.00
2017.06.30 14:31:17.781,8.3745,8.37565,1.00,1.00
2017.06.30 14:31:18.086,8.37447,8.3756,1.00,1.00
2017.06.30 14:31:18.404,8.37436,8.3756,1.00,1.00
2017.06.30 14:31:18.556,8.37436,8.3756,1.00,1.30
2017.06.30 14:31:18.862,8.37442,8.3756,1.00,1.30
2017.06.30 14:31:19.066,8.37435,8.37558,1.00,1.30
2017.06.30 14:31:19.255,8.37435,8.37544,1.00,1.00
2017.06.30 14:31:19.307,8.37419,8.37544,1.50,1.00
2017.06.30 14:31:19.358,8.37419,8.37545,1.07,1.00
2017.06.30 14:31:19.562,8.37419,8.37545,1.00,1.00
2017.06.30 14:31:19.919,8.37427,8.37545,1.00,1.00
2017.06.30 14:31:20.225,8.37433,8.37554,1.00,1.30
2017.06.30 14:31:20.958,8.37433,8.37554,1.00,1.75
2017.06.30 14:31:21.467,8.37432,8.37554,1.00,1.75
2017.06.30 14:31:22.215,8.37429,8.37536,1.00,1.37
2017.06.30 14:31:22.268,8.37422,8.37536,1.00,1.00
2017.06.30 14:31:23.233,8.3742,8.37536,1.00,1.00
2017.06.30 14:31:23.780,8.37431,8.37536,1.00,1.00
2017.06.30 14:31:23.831,8.37421,8.37536,1.00,1.00
2017.06.30 14:31:24.444,8.37414,8.37536,1.00,1.00
2017.06.30 14:31:24.840,8.37418,8.37536,1.00,1.00
2017.06.30 14:31:25.341,8.37409,8.37535,1.00,1.00
2017.06.30 14:31:25.392,8.37418,8.37536,1.00,1.00
2017.06.30 14:31:25.845,8.37418,8.37536,1.00,1.37
2017.06.30 14:31:26.152,8.37432,8.37553,1.00,1.75
2017.06.30 14:31:26.613,8.37428,8.37549,1.00,1.75
2017.06.30 14:31:27.027,8.37428,8.37548,1.00,1.37
2017.06.30 14:31:27.129,8.37421,8.3754,1.00,1.00
2017.06.30 14:31:27.484,8.37413,8.37538,1.50,1.00
2017.06.30 14:31:27.687,8.37415,8.3754,1.00,1.00
2017.06.30 14:31:28.370,8.37415,8.3754,1.00,1.37
2017.06.30 14:31:28.704,8.37432,8.37547,1.00,1.75
2017.06.30 14:31:29.419,8.3742,8.37531,1.00,1.37
2017.06.30 14:31:29.470,8.37412,8.37531,1.00,1.37
2017.06.30 14:31:29.610,8.37419,8.37538,1.00,1.37
2017.06.30 14:31:30.004,8.3743,8.37546,1.00,1.75
2017.06.30 14:31:30.299,8.37419,8.37546,1.50,2.25
2017.06.30 14:31:30.749,8.37434,8.37546,1.00,1.75
2017.06.30 14:31:31.097,8.37422,8.37546,1.00,1.75
2017.06.30 14:31:31.592,8.37424,8.37546,1.00,1.75
2017.06.30 14:31:32.166,8.37423,8.37546,1.00,1.75
2017.06.30 14:31:32.824,8.37431,8.37546,1.00,1.75
2017.06.30 14:31:33.129,8.37431,8.37546,1.00,1.37
2017.06.30 14:31:33.994,8.37435,8.37546,1.00,1.37
2017.06.30 14:31:34.512,8.37425,8.37546,1.00,1.37
2017.06.30 14:31:34.945,8.3744,8.37552,1.00,1.37
2017.06.30 14:31:35.287,8.37443,8.37565,1.00,1.75
2017.06.30 14:31:35.592,8.37451,8.37565,1.00,1.75
2017.06.30 14:31:36.000,8.37442,8.37565,1.00,1.75
2017.06.30 14:31:36.102,8.3745,8.37565,1.00,1.37
2017.06.30 14:31:36.538,8.3744,8.37565,1.50,1.37
2017.06.30 14:31:37.065,8.3744,8.37552,1.00,1.00
2017.06.30 14:31:37.116,8.3744,8.37563,1.00,1.37
2017.06.30 14:31:37.167,8.37436,8.37552,1.00,1.00
2017.06.30 14:31:37.790,8.37437,8.37552,1.00,1.00
2017.06.30 14:31:37.841,8.3744,8.37564,1.00,1.37
2017.06.30 14:31:38.095,8.3744,8.37564,1.00,1.75
2017.06.30 14:31:39.938,8.37431,8.37544,1.00,1.12
2017.06.30 14:31:40.314,8.37428,8.37544,1.00,1.00
2017.06.30 14:31:40.467,8.37435,8.37555,1.00,1.00
2017.06.30 14:31:41.745,8.37435,8.37559,1.00,1.00
2017.06.30 14:31:41.796,8.37435,8.37552,1.00,1.00
2017.06.30 14:31:42.115,8.37425,8.37535,1.00,1.00
2017.06.30 14:31:42.368,8.37427,8.37552,1.00,1.00
2017.06.30 14:31:42.419,8.37427,8.37554,1.00,1.00
2017.06.30 14:31:42.952,8.37449,8.37553,1.00,1.00
2017.06.30 14:31:43.137,8.37431,8.37553,1.00,1.00
2017.06.30 14:31:43.340,8.37427,8.37536,1.00,1.00
2017.06.30 14:31:44.013,8.37428,8.37536,1.00,1.00
2017.06.30 14:31:44.422,8.37423,8.37536,1.00,1.00
2017.06.30 14:31:46.372,8.3742,8.37536,1.00,1.00
2017.06.30 14:31:47.395,8.37423,8.37536,1.00,1.00
2017.06.30 14:31:47.759,8.37416,8.37536,1.00,1.00
2017.06.30 14:31:47.861,8.37434,8.37556,1.00,1.00
2017.06.30 14:31:47.912,8.37434,8.37561,1.00,1.00
2017.06.30 14:31:48.560,8.37434,8.37558,1.00,1.00
2017.06.30 14:31:50.107,8.37434,8.37561,1.00,1.00
2017.06.30 14:31:50.159,8.37444,8.37561,1.00,1.00
2017.06.30 14:31:50.356,8.37479,8.37603,1.00,1.00
2017.06.30 14:31:51.118,8.37479,8.37594,1.00,1.00
2017.06.30 14:31:52.075,8.37479,8.37573,1.00,1.00
2017.06.30 14:31:52.278,8.37447,8.37573,1.00,1.00
2017.06.30 14:31:53.025,8.37447,8.37574,1.00,1.00
2017.06.30 14:31:54.494,8.37469,8.37593,1.00,1.00
2017.06.30 14:31:55.028,8.37469,8.3759,1.00,1.00
2017.06.30 14:31:55.410,8.37469,8.37595,1.00,1.00
2017.06.30 14:31:56.659,8.37484,8.37603,1.00,1.00
2017.06.30 14:31:57.469,8.37484,8.37598,1.00,1.00
2017.06.30 14:31:58.935,8.37484,8.37591,1.00,1.00
2017.06.30 14:31:59.088,8.37469,8.37584,1.00,1.00
2017.06.30 14:31:59.343,8.37469,8.37596,1.00,1.00
2017.06.30 14:31:59.519,8.37487,8.37606,1.00,1.00
2017.06.30 14:31:59.844,8.37487,8.37614,1.00,1.00
2017.06.30 14:32:01.415,8.37471,8.37597,1.00,1.00
2017.06.30 14:32:03.116,8.37503,8.37628,1.00,1.00
2017.06.30 14:32:04.099,8.37524,8.37641,1.00,1.00
2017.06.30 14:32:04.955,8.37524,8.37647,1.00,1.00
2017.06.30 14:32:05.966,8.37524,8.37643,1.00,1.00
2017.06.30 14:32:07.484,8.37524,8.37633,1.00,1.00
2017.06.30 14:32:07.538,8.37502,8.37629,1.00,1.00
2017.06.30 14:32:07.589,8.37516,8.37643,1.00,1.00
2017.06.30 14:32:08.118,8.37501,8.37628,1.00,1.00
2017.06.30 14:32:08.629,8.37516,8.37643,1.00,1.00
2017.06.30 14:32:09.602,8.37516,8.37641,1.00,1.00
2017.06.30 14:32:10.288,8.37516,8.37643,1.00,1.00
2017.06.30 14:32:11.896,8.37533,8.37656,1.00,1.00
2017.06.30 14:32:12.459,8.37533,8.3766,1.00,1.00
2017.06.30 14:32:12.903,8.37548,8.37675,1.00,1.00
2017.06.30 14:32:13.208,8.37577,8.3769,1.00,1.00
2017.06.30 14:32:13.310,8.37562,8.37689,1.00,1.00
2017.06.30 14:32:17.649,8.37562,8.37687,1.00,1.00
2017.06.30 14:32:18.600,8.37562,8.37689,1.00,1.50
2017.06.30 14:32:18.966,8.37562,8.37684,1.00,1.00
2017.06.30 14:32:19.018,8.37543,8.37667,1.00,1.00
2017.06.30 14:32:19.150,8.37563,8.37684,1.00,1.00
2017.06.30 14:32:19.925,8.37563,8.37687,1.00,1.00
2017.06.30 14:32:20.471,8.37581,8.37688,1.00,1.00
2017.06.30 14:32:20.523,8.37599,8.37708,1.00,1.00
2017.06.30 14:32:20.574,8.37599,8.37725,1.00,1.00
2017.06.30 14:32:22.145,8.37622,8.37744,1.00,1.00
2017.06.30 14:32:22.502,8.37622,8.37741,1.00,1.00
2017.06.30 14:32:22.825,8.37608,8.37733,1.00,1.00
2017.06.30 14:32:26.236,8.3761,8.37733,1.00,1.00
2017.06.30 14:32:26.389,8.37636,8.37763,1.00,1.00
2017.06.30 14:32:26.440,8.37641,8.37763,1.00,1.00
2017.06.30 14:32:26.644,8.37652,8.37777,1.00,1.00
2017.06.30 14:32:26.903,8.37659,8.37784,1.00,1.50
2017.06.30 14:32:27.653,8.37673,8.378,1.00,1.00
2017.06.30 14:32:28.777,8.37686,8.378,1.00,1.00
2017.06.30 14:32:28.879,8.37695,8.37814,1.00,1.00
2017.06.30 14:32:28.930,8.37687,8.37814,1.00,1.00
2017.06.30 14:32:28.982,8.37702,8.37826,1.00,1.00
2017.06.30 14:32:29.388,8.3768,8.37807,1.50,1.00
2017.06.30 14:32:30.208,8.37697,8.37807,1.00,1.00
2017.06.30 14:32:30.396,8.37697,8.37821,1.00,1.00
2017.06.30 14:32:30.731,8.37696,8.37815,1.00,1.00
2017.06.30 14:32:30.936,8.3767,8.37792,1.00,1.00
2017.06.30 14:32:31.038,8.37689,8.37792,1.00,1.00
2017.06.30 14:32:31.157,8.37665,8.37787,1.00,1.00
2017.06.30 14:32:31.258,8.3766,8.37763,1.00,1.00
2017.06.30 14:32:31.685,8.37652,8.37763,1.00,1.00
2017.06.30 14:32:32.229,8.37676,8.37763,1.00,1.00
2017.06.30 14:32:32.280,8.37676,8.37783,1.00,1.00
2017.06.30 14:32:32.332,8.37676,8.37787,1.00,1.00
2017.06.30 14:32:32.384,8.37676,8.37801,1.00,1.50
2017.06.30 14:32:32.588,8.37692,8.37801,1.00,1.00
2017.06.30 14:32:32.690,8.37692,8.37816,1.00,1.00
2017.06.30 14:32:33.119,8.37692,8.37801,1.00,1.00
2017.06.30 14:32:33.221,8.37685,8.37801,1.00,1.00
2017.06.30 14:32:34.464,8.37689,8.37801,1.00,1.00
2017.06.30 14:32:34.769,8.37737,8.37849,1.00,1.00
2017.06.30 14:32:35.024,8.37763,8.37877,1.00,1.00
2017.06.30 14:32:35.387,8.3777,8.3789,1.00,1.00
2017.06.30 14:32:35.850,8.37772,8.37897,1.00,1.00
2017.06.30 14:32:35.901,8.37776,8.37897,1.00,1.00
2017.06.30 14:32:36.900,8.3777,8.37897,1.50,1.50
2017.06.30 14:32:38.379,8.3778,8.37897,1.00,1.00
2017.06.30 14:32:38.774,8.3779,8.37907,1.00,1.00
2017.06.30 14:32:39.032,8.37798,8.37917,1.00,1.00
2017.06.30 14:32:39.083,8.3781,8.37917,1.00,1.00
2017.06.30 14:32:39.997,8.37806,8.37917,1.00,1.00
2017.06.30 14:32:40.371,8.3779,8.37896,1.00,1.00
2017.06.30 14:32:40.524,8.3777,8.37881,1.00,1.00
2017.06.30 14:32:40.575,8.37761,8.3787,1.00,1.00
2017.06.30 14:32:40.626,8.37743,8.3787,1.50,1.50
2017.06.30 14:32:40.729,8.37763,8.37855,1.00,1.00
2017.06.30 14:32:40.934,8.37781,8.3788,1.00,1.00
2017.06.30 14:32:41.720,8.37775,8.3788,1.00,1.00
2017.06.30 14:32:42.452,8.37771,8.3788,1.00,1.00
2017.06.30 14:32:42.504,8.37771,8.37897,1.00,1.00
2017.06.30 14:32:42.758,8.37776,8.37897,1.00,1.00
2017.06.30 14:32:43.660,8.3777,8.37897,1.50,1.50
2017.06.30 14:32:44.303,8.37778,8.37897,1.00,1.00
2017.06.30 14:32:45.859,8.37773,8.37897,1.00,1.00
2017.06.30 14:32:46.904,8.37784,8.37897,1.00,1.00
2017.06.30 14:32:47.341,8.37797,8.37915,1.00,1.00
2017.06.30 14:32:47.600,8.37788,8.37914,1.00,1.00
2017.06.30 14:32:49.994,8.37788,8.37911,1.00,1.00
2017.06.30 14:32:50.379,8.37788,8.37906,1.00,1.00
2017.06.30 14:32:50.990,8.37788,8.3791,1.00,1.00
2017.06.30 14:32:51.152,8.37788,8.37912,1.00,1.00
2017.06.30 14:32:51.254,8.378,8.37915,1.00,1.00
2017.06.30 14:32:51.406,8.37792,8.37915,1.00,1.00
2017.06.30 14:32:51.457,8.37792,8.37901,1.00,1.00
2017.06.30 14:32:51.906,8.37803,8.37901,1.00,1.00
2017.06.30 14:32:52.162,8.37826,8.37937,1.00,1.00
2017.06.30 14:32:52.366,8.37812,8.37937,1.00,1.00
2017.06.30 14:32:52.417,8.37812,8.37924,1.00,1.00
2017.06.30 14:32:52.757,8.37785,8.37909,1.00,1.00
2017.06.30 14:32:54.007,8.37787,8.37909,1.00,1.00
2017.06.30 14:32:55.009,8.37791,8.37909,1.00,1.00
2017.06.30 14:32:55.565,8.37814,8.37909,1.00,1.00
2017.06.30 14:32:55.791,8.37824,8.37929,1.00,1.00
2017.06.30 14:32:55.844,8.37824,8.37931,1.00,1.00
2017.06.30 14:32:56.554,8.37818,8.37931,1.00,1.00
2017.06.30 14:32:56.657,8.37821,8.37945,1.00,1.00
2017.06.30 14:32:57.616,8.37821,8.37939,1.00,1.00
2017.06.30 14:32:58.960,8.37821,8.37924,1.00,1.00
2017.06.30 14:32:59.062,8.37797,8.37912,1.00,1.00
2017.06.30 14:32:59.278,8.37783,8.37891,1.00,1.00
2017.06.30 14:32:59.614,8.37764,8.37866,1.00,1.00
2017.06.30 14:32:59.969,8.37756,8.37866,1.00,1.00
2017.06.30 14:33:00.674,8.3776,8.37866,1.00,1.00
2017.06.30 14:33:00.952,8.37756,8.37866,1.00,1.00
2017.06.30 14:33:01.104,8.37747,8.37866,1.00,1.00
2017.06.30 14:33:01.923,8.37751,8.37866,1.00,1.00
2017.06.30 14:33:02.759,8.3775,8.37866,1.00,1.00
2017.06.30 14:33:02.963,8.3777,8.37888,1.00,1.00
2017.06.30 14:33:03.067,8.37761,8.37885,1.00,1.00
2017.06.30 14:33:03.934,8.37766,8.37888,1.00,1.00
2017.06.30 14:33:04.962,8.37778,8.37888,1.00,1.00
2017.06.30 14:33:05.115,8.37783,8.37907,1.00,1.00
2017.06.30 14:33:06.003,8.37783,8.37904,1.00,1.00
2017.06.30 14:33:06.358,8.37784,8.37909,1.00,1.00
2017.06.30 14:33:06.922,8.37783,8.37897,1.00,1.00
2017.06.30 14:33:07.024,8.37783,8.37909,1.00,1.00
2017.06.30 14:33:07.127,8.37807,8.3791,1.00,1.00
2017.06.30 14:33:07.280,8.37818,8.37934,1.00,1.00
2017.06.30 14:33:08.152,8.37818,8.37936,1.00,1.00
2017.06.30 14:33:08.203,8.37818,8.37943,1.50,1.00
2017.06.30 14:33:08.254,8.37818,8.37936,1.00,1.00
2017.06.30 14:33:08.749,8.37809,8.37927,1.00,1.00
2017.06.30 14:33:09.139,8.37816,8.37927,1.00,1.00
2017.06.30 14:33:10.483,8.37812,8.37927,1.00,1.00
2017.06.30 14:33:12.633,8.37822,8.37927,1.00,1.00
2017.06.30 14:33:12.735,8.37834,8.37944,1.00,1.00
2017.06.30 14:33:12.786,8.37824,8.37944,1.00,1.00
2017.06.30 14:33:13.090,8.37819,8.37939,1.00,1.00
2017.06.30 14:33:13.708,8.37823,8.37944,1.00,1.00
2017.06.30 14:33:15.794,8.37828,8.37944,1.00,1.00
2017.06.30 14:33:16.851,8.3783,8.37944,1.00,1.00
2017.06.30 14:33:16.902,8.37819,8.37942,1.00,1.00
2017.06.30 14:33:18.098,8.37833,8.37944,1.00,1.00
2017.06.30 14:33:18.309,8.37853,8.37975,1.00,1.00
2017.06.30 14:33:18.412,8.37873,8.3798,1.00,1.00
2017.06.30 14:33:18.515,8.37879,8.38,1.00,1.00
2017.06.30 14:33:18.909,8.37879,8.37987,1.00,1.00
2017.06.30 14:33:19.130,8.37857,8.37977,1.00,1.00
2017.06.30 14:33:19.232,8.37872,8.37977,1.00,1.00
2017.06.30 14:33:19.334,8.37857,8.37977,1.00,1.00
2017.06.30 14:33:19.387,8.3786,8.37984,1.00,1.00
2017.06.30 14:33:19.844,8.37857,8.3796,1.00,1.00
2017.06.30 14:33:20.049,8.37837,8.3796,1.00,1.00
2017.06.30 14:33:20.100,8.3784,8.3796,1.00,1.00
2017.06.30 14:33:20.252,8.37838,8.3796,1.00,1.00
2017.06.30 14:33:20.304,8.37846,8.37963,1.00,1.00
2017.06.30 14:33:20.456,8.37858,8.37979,1.00,1.00
2017.06.30 14:33:20.558,8.37866,8.37985,1.00,1.00
2017.06.30 14:33:21.274,8.37866,8.3799,1.00,1.00
2017.06.30 14:33:21.886,8.37869,8.37993,1.00,1.00
2017.06.30 14:33:22.208,8.37887,8.37996,1.00,1.00
2017.06.30 14:33:22.360,8.37872,8.37992,1.00,1.00
2017.06.30 14:33:23.593,8.37867,8.37992,1.00,1.50
2017.06.30 14:33:23.644,8.37865,8.37989,1.00,1.00
2017.06.30 14:33:24.066,8.37874,8.37977,1.00,1.00
2017.06.30 14:33:24.500,8.37866,8.37977,1.00,1.00
2017.06.30 14:33:24.603,8.37873,8.37977,1.00,1.00
2017.06.30 14:33:25.411,8.37865,8.37977,1.00,1.00
2017.06.30 14:33:25.563,8.37866,8.37992,1.00,1.00
2017.06.30 14:33:26.428,8.37868,8.37993,1.00,1.00
2017.06.30 14:33:27.410,8.37879,8.37993,1.00,1.00
2017.06.30 14:33:27.903,8.37899,8.37993,1.00,1.00
2017.06.30 14:33:28.055,8.37899,8.38009,1.00,1.00
2017.06.30 14:33:28.207,8.37908,8.38009,1.00,1.00
2017.06.30 14:33:28.360,8.37912,8.38035,1.00,1.00
2017.06.30 14:33:28.411,8.37919,8.38039,1.00,1.00
2017.06.30 14:33:28.717,8.3792,8.38024,1.00,1.00
2017.06.30 14:33:28.768,8.3792,8.38044,1.00,1.00
2017.06.30 14:33:28.870,8.3792,8.38026,1.00,1.00
2017.06.30 14:33:29.042,8.3793,8.38047,1.00,1.00
2017.06.30 14:33:29.458,8.3793,8.38055,1.00,1.50
2017.06.30 14:33:30.337,8.3793,8.38042,1.00,1.00
2017.06.30 14:33:30.489,8.37915,8.38041,1.00,1.00
2017.06.30 14:33:30.645,8.37915,8.38024,1.00,1.00
2017.06.30 14:33:30.748,8.37908,8.38024,1.00,1.00
2017.06.30 14:33:30.850,8.379,8.38024,1.00,1.00
2017.06.30 14:33:30.952,8.379,8.38002,1.00,1.00
2017.06.30 14:33:31.948,8.37899,8.38002,1.00,1.00
2017.06.30 14:33:32.048,8.37893,8.38002,1.00,1.00
2017.06.30 14:33:33.050,8.37894,8.38002,1.00,1.00
2017.06.30 14:33:33.667,8.37899,8.38002,1.00,1.00
2017.06.30 14:33:34.081,8.37899,8.38017,1.00,1.00
2017.06.30 14:33:34.285,8.37899,8.38002,1.00,1.00
2017.06.30 14:33:34.336,8.3789,8.38002,1.00,1.00
2017.06.30 14:33:34.619,8.37896,8.38002,1.00,1.00
2017.06.30 14:33:39.097,8.37891,8.38002,1.00,1.00
2017.06.30 14:33:40.373,8.37876,8.38,1.00,1.00
2017.06.30 14:33:40.426,8.37875,8.37995,1.00,1.00
2017.06.30 14:33:40.732,8.3787,8.37972,1.00,1.00
2017.06.30 14:33:41.422,8.37865,8.37972,1.00,1.00
2017.06.30 14:33:42.487,8.37877,8.37996,1.00,1.00
2017.06.30 14:33:43.385,8.37877,8.38002,1.00,1.00
2017.06.30 14:33:43.843,8.37884,8.38002,1.00,1.00
2017.06.30 14:33:43.997,8.37891,8.38017,1.00,1.50
2017.06.30 14:33:44.099,8.37902,8.38017,1.00,1.00
2017.06.30 14:33:44.202,8.37925,8.38046,1.00,1.00
2017.06.30 14:33:44.509,8.37934,8.38052,1.00,1.00
2017.06.30 14:33:45.008,8.37925,8.38045,1.00,1.00
2017.06.30 14:33:45.211,8.37927,8.38045,1.00,1.00
2017.06.30 14:33:45.920,8.37918,8.38024,1.00,1.00
2017.06.30 14:33:46.022,8.37899,8.38014,1.00,1.00
2017.06.30 14:33:46.124,8.37901,8.38024,1.00,1.00
2017.06.30 14:33:46.928,8.37907,8.38024,1.00,1.00
2017.06.30 14:33:47.828,8.37916,8.38024,1.00,1.00
2017.06.30 14:33:48.122,8.37919,8.3803,1.00,1.00
2017.06.30 14:33:48.325,8.37904,8.38023,1.00,1.00
2017.06.30 14:33:48.529,8.37919,8.38023,1.00,1.00
2017.06.30 14:33:48.732,8.37919,8.38045,1.50,1.00
2017.06.30 14:33:49.027,8.37927,8.38045,1.00,1.00
2017.06.30 14:33:49.462,8.37935,8.38045,1.00,1.00
2017.06.30 14:33:50.381,8.37944,8.38045,1.00,1.00
2017.06.30 14:33:50.584,8.37933,8.38045,1.00,1.00
2017.06.30 14:33:51.619,8.37922,8.38045,1.00,1.00
2017.06.30 14:33:51.670,8.37919,8.38043,1.00,1.00
2017.06.30 14:33:51.772,8.37919,8.38033,1.00,1.00
2017.06.30 14:33:51.956,8.37906,8.38032,1.00,1.00
2017.06.30 14:33:52.007,8.37916,8.38009,1.00,1.00
2017.06.30 14:33:52.109,8.37916,8.38029,1.00,1.00
2017.06.30 14:33:52.160,8.37916,8.38032,1.00,1.00
2017.06.30 14:33:52.622,8.37924,8.38032,1.00,1.00
2017.06.30 14:33:54.127,8.37927,8.38032,1.00,1.00
2017.06.30 14:33:56.472,8.37905,8.38028,1.00,1.00
2017.06.30 14:33:56.626,8.3792,8.38028,1.00,1.00
2017.06.30 14:33:56.728,8.37901,8.3801,1.00,1.00
2017.06.30 14:33:57.871,8.37906,8.3801,1.00,1.00
2017.06.30 14:33:58.547,8.37883,8.38006,1.00,1.00
2017.06.30 14:33:58.649,8.37879,8.37981,1.00,1.00
2017.06.30 14:33:58.751,8.37879,8.38003,1.00,1.00
2017.06.30 14:33:59.158,8.37879,8.37989,1.00,1.00
2017.06.30 14:33:59.259,8.37879,8.38004,1.00,1.00
2017.06.30 14:33:59.361,8.37879,8.37987,1.00,1.00
2017.06.30 14:33:59.694,8.37898,8.37987,1.00,1.00
2017.06.30 14:33:59.745,8.37898,8.38002,1.00,1.00
2017.06.30 14:34:00.631,8.37895,8.38002,1.00,1.00
2017.06.30 14:34:00.821,8.37889,8.38002,1.00,1.00
2017.06.30 14:34:01.036,8.37896,8.38002,1.00,1.00
2017.06.30 14:34:01.192,8.37883,8.38002,1.00,1.00
2017.06.30 14:34:02.030,8.37891,8.3801,1.00,1.00
2017.06.30 14:34:03.135,8.37891,8.38009,1.00,1.00
2017.06.30 14:34:03.451,8.37891,8.38004,1.00,1.00
2017.06.30 14:34:03.552,8.3787,8.37989,1.00,1.00
2017.06.30 14:34:03.654,8.3787,8.37974,1.00,1.00
2017.06.30 14:34:04.529,8.37871,8.37974,1.00,1.00
2017.06.30 14:34:04.786,8.37883,8.37989,1.00,1.00
2017.06.30 14:34:04.837,8.37884,8.38009,1.00,1.00
2017.06.30 14:34:05.210,8.37884,8.37997,1.00,1.00
2017.06.30 14:34:05.363,8.3787,8.37989,1.00,1.00
2017.06.30 14:34:05.567,8.3787,8.37973,1.00,1.00
2017.06.30 14:34:05.860,8.3787,8.3799,1.00,1.00
2017.06.30 14:34:05.966,8.37875,8.3799,1.00,1.00
2017.06.30 14:34:06.225,8.37871,8.3799,1.00,1.00
2017.06.30 14:34:06.378,8.37871,8.37977,1.00,1.00
2017.06.30 14:34:07.030,8.37865,8.37977,1.00,1.00
2017.06.30 14:34:07.376,8.3786,8.37977,1.00,1.00
2017.06.30 14:34:07.529,8.3785,8.37972,1.00,1.00
2017.06.30 14:34:07.580,8.3785,8.37967,1.00,1.00
2017.06.30 14:34:07.884,8.37833,8.37933,1.00,1.00
2017.06.30 14:34:08.672,8.3783,8.37933,1.00,1.00
2017.06.30 14:34:09.660,8.37828,8.37933,1.00,1.00
2017.06.30 14:34:10.517,8.37806,8.37924,1.00,1.00
2017.06.30 14:34:10.670,8.37797,8.37902,1.00,1.00
2017.06.30 14:34:11.332,8.37797,8.37901,1.00,1.00
2017.06.30 14:34:11.671,8.37792,8.37885,1.00,1.00
2017.06.30 14:34:11.984,8.378,8.37885,1.00,1.00
2017.06.30 14:34:12.086,8.37806,8.37909,1.00,1.00
2017.06.30 14:34:12.137,8.37796,8.37909,1.00,1.00
2017.06.30 14:34:13.150,8.37822,8.37909,1.00,1.00
2017.06.30 14:34:13.303,8.37838,8.37943,1.00,1.00
2017.06.30 14:34:13.405,8.37852,8.37943,1.00,1.00
2017.06.30 14:34:13.508,8.37841,8.37958,1.00,1.00
2017.06.30 14:34:13.684,8.37838,8.37958,1.00,1.00
2017.06.30 14:34:13.802,8.37838,8.37943,1.00,1.00
2017.06.30 14:34:14.618,8.37826,8.37943,1.00,1.00
2017.06.30 14:34:17.103,8.37816,8.37939,1.00,1.00
2017.06.30 14:34:17.268,8.37815,8.37926,1.00,1.00
2017.06.30 14:34:17.573,8.37825,8.37926,1.00,1.00
2017.06.30 14:34:18.141,8.37819,8.37926,1.00,1.00
2017.06.30 14:34:19.133,8.37825,8.37926,1.00,1.00
2017.06.30 14:34:19.468,8.3783,8.37926,1.00,1.00
2017.06.30 14:34:19.571,8.3783,8.37942,1.00,1.00
2017.06.30 14:34:20.154,8.37833,8.37942,1.00,1.00
2017.06.30 14:34:20.504,8.37837,8.37942,1.00,1.00
2017.06.30 14:34:20.857,8.37871,8.37957,1.00,1.00
2017.06.30 14:34:21.011,8.37871,8.37993,1.00,1.00
2017.06.30 14:34:21.113,8.37871,8.37978,1.00,1.00
2017.06.30 14:34:22.016,8.37872,8.37978,1.00,1.00
2017.06.30 14:34:23.297,8.37868,8.37978,1.00,1.00
2017.06.30 14:34:23.551,8.37864,8.37978,1.00,1.00
2017.06.30 14:34:23.805,8.37855,8.37978,1.00,1.00
2017.06.30 14:34:24.013,8.37855,8.37964,1.00,1.00
2017.06.30 14:34:24.832,8.37853,8.37964,1.00,1.00
2017.06.30 14:34:26.184,8.37857,8.37964,1.00,1.00
2017.06.30 14:34:27.194,8.37854,8.37964,1.00,1.00
2017.06.30 14:34:29.481,8.37837,8.37963,1.00,1.00
2017.06.30 14:34:29.533,8.37836,8.37942,1.00,1.00
2017.06.30 14:34:29.635,8.37847,8.37956,1.00,1.00
2017.06.30 14:34:29.840,8.37847,8.37972,1.00,1.00
2017.06.30 14:34:30.264,8.37862,8.37972,1.00,1.00
2017.06.30 14:34:30.912,8.37871,8.37972,1.00,1.00
2017.06.30 14:34:31.014,8.37893,8.38001,1.00,1.00
2017.06.30 14:34:32.017,8.3789,8.38001,1.00,1.00
2017.06.30 14:34:33.011,8.37893,8.38001,1.00,1.00
2017.06.30 14:34:34.139,8.37885,8.38001,1.00,1.00
2017.06.30 14:34:34.241,8.37874,8.37996,1.00,1.00
2017.06.30 14:34:34.343,8.3787,8.37968,1.00,1.00
2017.06.30 14:34:34.665,8.3789,8.37984,1.00,1.00
2017.06.30 14:34:34.716,8.3789,8.37998,1.00,1.00
2017.06.30 14:34:35.486,8.37893,8.37998,1.00,1.00
2017.06.30 14:34:36.035,8.37897,8.37998,1.00,1.00
2017.06.30 14:34:37.139,8.37892,8.37998,1.00,1.00
2017.06.30 14:34:37.242,8.37886,8.37998,1.00,1.00
2017.06.30 14:34:38.141,8.3789,8.37998,1.00,1.00
2017.06.30 14:34:39.217,8.37891,8.37998,1.00,1.00
2017.06.30 14:34:39.521,8.37886,8.37998,1.00,1.00
2017.06.30 14:34:39.572,8.37873,8.37998,1.50,1.00
2017.06.30 14:34:39.623,8.37873,8.37991,1.00,1.00
2017.06.30 14:34:39.725,8.37876,8.37998,1.00,1.00
2017.06.30 14:34:39.828,8.37876,8.37978,1.00,1.00
2017.06.30 14:34:39.948,8.37876,8.38,1.00,1.50
2017.06.30 14:34:39.999,8.37887,8.38,1.00,1.00
2017.06.30 14:34:41.083,8.37883,8.38,1.00,1.00
2017.06.30 14:34:41.185,8.37874,8.38,1.00,1.50
2017.06.30 14:34:41.439,8.37884,8.37978,1.00,1.00
2017.06.30 14:34:41.541,8.37884,8.37993,1.00,1.00
2017.06.30 14:34:42.443,8.37866,8.37992,1.50,1.00
2017.06.30 14:34:42.546,8.37866,8.37978,1.00,1.00
2017.06.30 14:34:42.755,8.37877,8.37993,1.00,1.00
2017.06.30 14:34:42.856,8.3788,8.38003,1.00,1.00
2017.06.30 14:34:43.091,8.37891,8.38007,1.00,1.00
2017.06.30 14:34:43.632,8.37897,8.38007,1.00,1.00
2017.06.30 14:34:44.070,8.37893,8.38007,1.00,1.00
2017.06.30 14:34:45.072,8.37897,8.38007,1.00,1.00
2017.06.30 14:34:46.073,8.37892,8.38007,1.00,1.00
2017.06.30 14:34:47.075,8.37895,8.38007,1.00,1.00
2017.06.30 14:34:47.530,8.37902,8.38007,1.00,1.00
2017.06.30 14:34:48.837,8.37942,8.38007,1.00,1.00
2017.06.30 14:34:48.888,8.37942,8.38036,1.00,1.00
2017.06.30 14:34:48.990,8.37942,8.38066,1.00,1.00
2017.06.30 14:34:49.041,8.37942,8.38063,1.00,1.00
2017.06.30 14:34:49.518,8.37942,8.38043,1.00,1.00
2017.06.30 14:34:49.789,8.37935,8.38043,1.00,1.00
2017.06.30 14:34:50.116,8.3794,8.38043,1.00,1.00
2017.06.30 14:34:50.269,8.37961,8.38066,1.00,1.00
2017.06.30 14:34:50.371,8.37971,8.38088,1.00,1.00
2017.06.30 14:34:51.746,8.37967,8.38088,1.00,1.00
2017.06.30 14:34:51.798,8.37964,8.38088,1.00,1.50
2017.06.30 14:34:52.999,8.37972,8.38088,1.00,1.00
2017.06.30 14:34:53.766,8.37985,8.38088,1.00,1.00
2017.06.30 14:34:53.870,8.37999,8.38115,1.00,1.00
2017.06.30 14:34:54.124,8.38005,8.38115,1.00,1.00
2017.06.30 14:34:55.097,8.38008,8.38115,1.00,1.00
2017.06.30 14:34:55.473,8.3801,8.38125,1.00,1.00
2017.06.30 14:34:56.035,8.3801,8.38124,1.00,1.00
2017.06.30 14:34:56.433,8.38024,8.38125,1.00,1.00
2017.06.30 14:34:56.485,8.38011,8.38125,1.00,1.00
2017.06.30 14:34:57.389,8.3801,8.38125,1.00,1.00
2017.06.30 14:34:57.857,8.3801,8.38117,1.00,1.00
2017.06.30 14:34:57.960,8.3801,8.38124,1.00,1.00
2017.06.30 14:34:58.012,8.38,8.38115,1.00,1.00
2017.06.30 14:34:58.813,8.38005,8.38115,1.00,1.00
2017.06.30 14:34:58.911,8.3799,8.38115,1.50,1.00
2017.06.30 14:34:59.013,8.3799,8.381,1.00,1.00
2017.06.30 14:34:59.267,8.38004,8.38124,1.00,1.50
2017.06.30 14:35:00.164,8.38002,8.38124,1.00,1.00
2017.06.30 14:35:00.863,8.38007,8.38124,1.00,1.00
2017.06.30 14:35:01.169,8.38002,8.38124,1.00,1.00
2017.06.30 14:35:01.394,8.38014,8.38124,1.00,1.00
2017.06.30 14:35:01.496,8.38012,8.38125,1.00,1.00
2017.06.30 14:35:01.602,8.38003,8.38124,1.00,1.50
2017.06.30 14:35:02.130,8.38014,8.38124,1.00,1.00
2017.06.30 14:35:02.451,8.38027,8.38124,1.00,1.00
2017.06.30 14:35:02.503,8.38019,8.38125,1.00,1.00
2017.06.30 14:35:02.706,8.38019,8.38116,1.00,1.00
2017.06.30 14:35:02.808,8.38019,8.38125,1.00,1.00
2017.06.30 14:35:02.910,8.38019,8.38116,1.00,1.00
2017.06.30 14:35:03.272,8.38009,8.38116,1.00,1.00
2017.06.30 14:35:03.720,8.38009,8.38131,1.00,1.00
2017.06.30 14:35:03.822,8.37998,8.38109,1.00,1.00
2017.06.30 14:35:04.728,8.37984,8.38109,1.00,1.00
2017.06.30 14:35:04.830,8.37982,8.38108,1.50,1.00
2017.06.30 14:35:04.983,8.37982,8.3809,1.00,1.00
2017.06.30 14:35:05.863,8.37986,8.3809,1.00,1.00
2017.06.30 14:35:06.015,8.3798,8.3809,1.00,1.00
2017.06.30 14:35:06.144,8.3798,8.38076,1.00,1.00
2017.06.30 14:35:06.196,8.3797,8.38076,1.00,1.00
2017.06.30 14:35:06.493,8.37956,8.38076,1.00,1.00
2017.06.30 14:35:06.595,8.37956,8.38061,1.00,1.00
2017.06.30 14:35:07.321,8.37968,8.38061,1.00,1.00
2017.06.30 14:35:07.473,8.37962,8.38061,1.00,1.00
2017.06.30 14:35:08.492,8.37965,8.38061,1.00,1.00
2017.06.30 14:35:09.563,8.37949,8.38061,1.00,1.00
2017.06.30 14:35:09.614,8.3794,8.38047,1.00,1.00
2017.06.30 14:35:09.919,8.3794,8.38033,1.00,1.00
2017.06.30 14:35:10.094,8.3794,8.38049,1.00,1.00
2017.06.30 14:35:10.634,8.37938,8.38049,1.00,1.00
2017.06.30 14:35:12.909,8.37962,8.38049,1.00,1.00
2017.06.30 14:35:13.112,8.37962,8.38068,1.00,1.00
2017.06.30 14:35:13.461,8.37954,8.38068,1.00,1.00
2017.06.30 14:35:13.563,8.37963,8.38068,1.00,1.00
2017.06.30 14:35:14.575,8.37971,8.38068,1.00,1.00
2017.06.30 14:35:14.626,8.37966,8.38068,1.00,1.00
2017.06.30 14:35:15.420,8.37943,8.38068,1.00,1.50
2017.06.30 14:35:15.569,8.37943,8.38045,1.00,1.00
2017.06.30 14:35:15.624,8.3793,8.38045,1.00,1.00
2017.06.30 14:35:15.726,8.37918,8.38032,1.00,1.00
2017.06.30 14:35:15.828,8.37892,8.38009,1.00,1.00
2017.06.30 14:35:16.034,8.37892,8.37994,1.00,1.00
2017.06.30 14:35:16.810,8.37891,8.37994,1.00,1.00
2017.06.30 14:35:17.499,8.37886,8.37994,1.00,1.00
2017.06.30 14:35:17.552,8.37875,8.37994,1.00,1.00
2017.06.30 14:35:17.604,8.37885,8.37994,1.00,1.00
2017.06.30 14:35:17.912,8.37898,8.37993,1.00,1.00
2017.06.30 14:35:18.501,8.37888,8.37993,1.00,1.00
2017.06.30 14:35:19.634,8.37883,8.37993,1.00,1.00
2017.06.30 14:35:19.815,8.37877,8.37993,1.00,1.00
2017.06.30 14:35:19.990,8.37868,8.37993,1.50,1.00
2017.06.30 14:35:20.143,8.37868,8.37979,1.00,1.00
2017.06.30 14:35:20.677,8.37861,8.37979,1.00,1.00
2017.06.30 14:35:21.762,8.3787,8.37979,1.00,1.00
2017.06.30 14:35:21.813,8.37859,8.37979,1.00,1.00
2017.06.30 14:35:22.149,8.37859,8.37965,1.00,1.00
2017.06.30 14:35:22.200,8.3785,8.37965,1.00,1.00
2017.06.30 14:35:24.343,8.37857,8.37965,1.00,1.00
2017.06.30 14:35:24.795,8.37867,8.37965,1.00,1.00
2017.06.30 14:35:25.123,8.37838,8.37963,1.00,1.00
2017.06.30 14:35:25.175,8.37836,8.37943,1.00,1.00
2017.06.30 14:35:25.562,8.37826,8.37928,1.00,1.00
2017.06.30 14:35:27.622,8.3783,8.37928,1.00,1.00
2017.06.30 14:35:27.905,8.37802,8.37926,1.00,1.00
2017.06.30 14:35:28.008,8.37801,8.37917,1.00,1.00
2017.06.30 14:35:28.312,8.3779,8.37891,1.00,1.00
2017.06.30 14:35:28.835,8.37772,8.37891,1.00,1.00
2017.06.30 14:35:28.886,8.3776,8.37876,1.00,1.00
2017.06.30 14:35:29.195,8.3776,8.37848,1.00,1.00
2017.06.30 14:35:29.854,8.37756,8.37848,1.00,1.00
2017.06.30 14:35:30.808,8.37759,8.37848,1.00,1.00
2017.06.30 14:35:31.121,8.37765,8.37848,1.00,1.00
2017.06.30 14:35:31.996,8.37763,8.37848,1.00,1.00
2017.06.30 14:35:32.884,8.37784,8.37848,1.00,1.00
2017.06.30 14:35:33.065,8.37784,8.37889,1.00,1.00
2017.06.30 14:35:33.117,8.37776,8.37889,1.00,1.00
2017.06.30 14:35:33.168,8.37776,8.37865,1.00,1.00
2017.06.30 14:35:33.476,8.37787,8.37886,1.00,1.00
2017.06.30 14:35:33.783,8.378,8.37886,1.00,1.00
2017.06.30 14:35:33.928,8.378,8.37902,1.00,1.00
2017.06.30 14:35:33.980,8.37829,8.37902,1.00,1.00
2017.06.30 14:35:34.082,8.37829,8.37931,1.00,1.00
2017.06.30 14:35:34.862,8.3783,8.37931,1.00,1.00
2017.06.30 14:35:35.525,8.37827,8.37916,1.00,1.50
2017.06.30 14:35:35.577,8.37804,8.37899,1.00,1.00
2017.06.30 14:35:35.628,8.37804,8.37931,1.00,1.00
2017.06.30 14:35:35.900,8.37784,8.37906,1.00,1.00
2017.06.30 14:35:36.586,8.37781,8.37906,1.00,1.00
2017.06.30 14:35:37.468,8.37779,8.37906,1.00,1.00
2017.06.30 14:35:37.571,8.37759,8.37877,1.00,1.00
2017.06.30 14:35:37.623,8.37756,8.37877,1.00,1.00
2017.06.30 14:35:38.478,8.37752,8.37877,1.00,1.00
2017.06.30 14:35:39.340,8.37765,8.37877,1.00,1.00
2017.06.30 14:35:40.344,8.37764,8.37877,1.00,1.00
2017.06.30 14:35:40.654,8.37772,8.37877,1.00,1.00
2017.06.30 14:35:40.705,8.37779,8.37891,1.00,1.00
2017.06.30 14:35:41.649,8.37775,8.37891,1.00,1.00
2017.06.30 14:35:41.870,8.37784,8.37891,1.00,1.00
2017.06.30 14:35:42.024,8.37794,8.37906,1.00,1.00
2017.06.30 14:35:42.680,8.3781,8.37906,1.00,1.00
2017.06.30 14:35:42.731,8.3781,8.37921,1.00,1.00
2017.06.30 14:35:43.577,8.37815,8.37921,1.00,1.00
2017.06.30 14:35:44.017,8.37808,8.37921,1.00,1.00
2017.06.30 14:35:44.119,8.378,8.37921,1.00,1.00
2017.06.30 14:35:45.135,8.37797,8.37921,1.00,1.00
2017.06.30 14:35:45.506,8.37802,8.37905,1.00,1.00
2017.06.30 14:35:45.619,8.37794,8.37921,1.50,1.00
2017.06.30 14:35:45.721,8.37785,8.37906,1.00,1.00
2017.06.30 14:35:45.931,8.37779,8.37906,1.50,1.00
2017.06.30 14:35:46.034,8.37761,8.37884,1.00,1.00
2017.06.30 14:35:46.763,8.37761,8.37868,1.00,1.00
2017.06.30 14:35:47.172,8.37765,8.37868,1.00,1.00
2017.06.30 14:35:47.223,8.37775,8.37883,1.00,1.00
2017.06.30 14:35:47.325,8.37775,8.37898,1.00,1.00
2017.06.30 14:35:48.169,8.37779,8.37898,1.00,1.00
2017.06.30 14:35:50.755,8.3778,8.37898,1.00,1.00
2017.06.30 14:35:51.574,8.37789,8.37898,1.00,1.00
2017.06.30 14:35:52.106,8.37797,8.37898,1.00,1.00
2017.06.30 14:35:52.721,8.37791,8.37898,1.00,1.00
2017.06.30 14:35:52.773,8.378,8.37898,1.00,1.00
2017.06.30 14:35:53.751,8.37796,8.37898,1.00,1.00
2017.06.30 14:35:53.802,8.37792,8.37898,1.00,1.00
2017.06.30 14:35:54.419,8.37789,8.37898,1.00,1.00
2017.06.30 14:35:54.899,8.37794,8.37898,1.00,1.00
2017.06.30 14:35:54.950,8.37776,8.37898,1.00,1.00
2017.06.30 14:35:55.001,8.37791,8.37898,1.00,1.00
2017.06.30 14:35:55.948,8.37783,8.37898,1.00,1.00
2017.06.30 14:35:56.109,8.37773,8.37896,1.00,1.00
2017.06.30 14:35:56.262,8.37769,8.37872,1.00,1.00
2017.06.30 14:35:57.098,8.37766,8.37872,1.00,1.00
2017.06.30 14:35:58.147,8.37757,8.37872,1.00,1.00
2017.06.30 14:35:58.198,8.37745,8.37866,1.00,1.00
2017.06.30 14:35:58.250,8.37745,8.37853,1.00,1.00
2017.06.30 14:35:58.352,8.3773,8.37853,1.00,1.00
2017.06.30 14:35:58.857,8.37728,8.37837,1.00,1.00
2017.06.30 14:35:59.222,8.37724,8.37837,1.00,1.00
2017.06.30 14:35:59.901,8.37768,8.37837,1.00,1.00
2017.06.30 14:35:59.952,8.37768,8.37851,1.00,1.00
2017.06.30 14:36:00.155,8.37768,8.37881,1.00,1.00
2017.06.30 14:36:00.206,8.37755,8.3788,1.00,1.00
2017.06.30 14:36:00.322,8.37755,8.3787,1.00,1.00
2017.06.30 14:36:00.663,8.37755,8.37851,1.00,1.00
2017.06.30 14:36:01.179,8.37758,8.37851,1.00,1.00
2017.06.30 14:36:01.947,8.37763,8.37851,1.00,1.00
2017.06.30 14:36:02.150,8.37773,8.37873,1.00,1.00
2017.06.30 14:36:02.201,8.37763,8.37873,1.00,1.00
2017.06.30 14:36:02.477,8.37775,8.37873,1.00,1.00
2017.06.30 14:36:02.782,8.37789,8.37873,1.00,1.00
2017.06.30 14:36:02.936,8.37802,8.37888,1.00,1.00
2017.06.30 14:36:02.987,8.37814,8.37888,1.00,1.00
2017.06.30 14:36:03.038,8.37814,8.37909,1.00,1.00
2017.06.30 14:36:03.140,8.37795,8.37909,1.00,1.00
2017.06.30 14:36:03.342,8.37825,8.37909,1.00,1.00
2017.06.30 14:36:03.444,8.37825,8.37939,1.00,1.00
2017.06.30 14:36:03.597,8.37838,8.37939,1.00,1.00
2017.06.30 14:36:03.700,8.37823,8.37939,1.00,1.00
2017.06.30 14:36:04.268,8.37815,8.37939,1.00,1.00
2017.06.30 14:36:04.726,8.37823,8.37939,1.00,1.00
2017.06.30 14:36:05.623,8.37841,8.37939,1.00,1.00
2017.06.30 14:36:05.775,8.37851,8.37959,1.00,1.00
2017.06.30 14:36:05.877,8.37851,8.37974,1.00,1.00
2017.06.30 14:36:07.866,8.37855,8.37974,1.00,1.00
2017.06.30 14:36:08.184,8.37878,8.37974,1.00,1.00
2017.06.30 14:36:08.387,8.37891,8.38011,1.00,1.00
2017.06.30 14:36:08.928,8.37884,8.38011,1.00,1.00
2017.06.30 14:36:09.144,8.3787,8.37996,1.00,1.00
2017.06.30 14:36:09.445,8.37876,8.37996,1.00,1.00
2017.06.30 14:36:09.989,8.37869,8.37982,1.00,1.00
2017.06.30 14:36:10.091,8.3787,8.37996,1.00,1.00
2017.06.30 14:36:10.551,8.37864,8.37982,1.00,1.00
2017.06.30 14:36:11.040,8.37859,8.37982,1.00,1.00
2017.06.30 14:36:11.192,8.37859,8.37967,1.00,1.00
2017.06.30 14:36:12.457,8.37841,8.37967,1.00,1.00
2017.06.30 14:36:12.508,8.3785,8.37967,1.00,1.00
2017.06.30 14:36:14.560,8.37845,8.37967,1.00,1.00
2017.06.30 14:36:14.650,8.3784,8.3795,1.00,1.00
2017.06.30 14:36:14.905,8.37803,8.37914,1.00,1.00
2017.06.30 14:36:15.056,8.378,8.37916,1.00,1.00
2017.06.30 14:36:15.259,8.37803,8.37927,1.00,1.00
2017.06.30 14:36:15.615,8.37803,8.37917,1.00,1.00
2017.06.30 14:36:15.933,8.3779,8.37901,1.00,1.00
2017.06.30 14:36:16.034,8.37784,8.37901,1.00,1.00
2017.06.30 14:36:17.023,8.37782,8.37901,1.00,1.00
2017.06.30 14:36:17.821,8.37774,8.37898,1.00,1.00
2017.06.30 14:36:17.976,8.37764,8.37886,1.00,1.00
2017.06.30 14:36:18.605,8.37764,8.37872,1.00,1.00
2017.06.30 14:36:18.656,8.37757,8.37872,1.00,1.00
2017.06.30 14:36:18.707,8.37747,8.37872,1.00,1.00
2017.06.30 14:36:19.568,8.37745,8.37857,1.00,1.00
2017.06.30 14:36:19.720,8.37731,8.37849,1.00,1.00
2017.06.30 14:36:20.538,8.3773,8.37849,1.00,1.00
2017.06.30 14:36:20.876,8.3773,8.37835,1.00,1.00
2017.06.30 14:36:21.143,8.37722,8.37835,1.00,1.00
2017.06.30 14:36:21.910,8.37742,8.37835,1.00,1.00
2017.06.30 14:36:22.200,8.37775,8.37872,1.00,1.00
2017.06.30 14:36:22.251,8.37766,8.37872,1.00,1.00
2017.06.30 14:36:22.303,8.37767,8.37893,1.00,1.00
2017.06.30 14:36:22.405,8.37766,8.37879,1.00,1.00
2017.06.30 14:36:22.742,8.37766,8.37872,1.00,1.00
2017.06.30 14:36:22.946,8.37758,8.37872,1.00,1.00
2017.06.30 14:36:23.193,8.37758,8.37857,1.00,1.00
2017.06.30 14:36:23.470,8.37753,8.37857,1.00,1.00
2017.06.30 14:36:23.954,8.37762,8.37857,1.00,1.00
2017.06.30 14:36:24.089,8.37762,8.37871,1.00,1.00
2017.06.30 14:36:24.327,8.37772,8.37871,1.00,1.00
2017.06.30 14:36:24.532,8.37781,8.37894,1.00,1.00
2017.06.30 14:36:25.339,8.37777,8.37894,1.00,1.00
2017.06.30 14:36:25.992,8.37772,8.37894,1.00,1.00
2017.06.30 14:36:26.348,8.37767,8.37889,1.00,1.00
2017.06.30 14:36:26.826,8.37762,8.37878,1.00,1.00
2017.06.30 14:36:27.122,8.37776,8.37893,1.00,1.00
2017.06.30 14:36:27.342,8.37783,8.37893,1.00,1.00
2017.06.30 14:36:27.894,8.37777,8.37893,1.00,1.00
2017.06.30 14:36:28.379,8.37784,8.37893,1.00,1.00
2017.06.30 14:36:28.482,8.3777,8.37893,1.00,1.00
2017.06.30 14:36:28.605,8.3777,8.37879,1.00,1.00
2017.06.30 14:36:28.707,8.3777,8.37893,1.00,1.00
2017.06.30 14:36:29.157,8.37768,8.37887,1.00,1.00
2017.06.30 14:36:29.574,8.3776,8.37879,1.00,1.00
2017.06.30 14:36:30.810,8.37756,8.37879,1.00,1.00
2017.06.30 14:36:30.912,8.37756,8.37864,1.00,1.00
2017.06.30 14:36:31.014,8.37756,8.37879,1.00,1.00
2017.06.30 14:36:31.765,8.3776,8.37879,1.00,1.00
2017.06.30 14:36:32.234,8.37775,8.37879,1.00,1.00
2017.06.30 14:36:32.437,8.37784,8.37894,1.00,1.00
2017.06.30 14:36:33.790,8.37796,8.37894,1.00,1.00
2017.06.30 14:36:33.841,8.37786,8.37894,1.00,1.00
2017.06.30 14:36:33.893,8.3777,8.37887,1.00,1.00
2017.06.30 14:36:33.944,8.37783,8.37876,1.00,1.00
2017.06.30 14:36:34.046,8.37769,8.37876,1.00,1.00
2017.06.30 14:36:34.147,8.37749,8.37859,1.00,1.00
2017.06.30 14:36:34.301,8.37772,8.37859,1.00,1.00
2017.06.30 14:36:34.352,8.37759,8.37859,1.00,1.00
2017.06.30 14:36:34.453,8.37759,8.3788,1.00,1.00
2017.06.30 14:36:34.568,8.37759,8.37851,1.00,1.00
2017.06.30 14:36:34.672,8.37759,8.37884,1.50,1.50
2017.06.30 14:36:35.040,8.37759,8.37863,1.00,1.00
2017.06.30 14:36:35.284,8.37754,8.37863,1.00,1.00
2017.06.30 14:36:36.197,8.37757,8.37863,1.00,1.00
2017.06.30 14:36:36.385,8.37768,8.37877,1.00,1.00
2017.06.30 14:36:37.189,8.37763,8.37877,1.00,1.00
2017.06.30 14:36:39.423,8.37752,8.37877,1.00,1.00
2017.06.30 14:36:39.525,8.37757,8.37877,1.00,1.00
2017.06.30 14:36:39.719,8.37754,8.37877,1.00,1.00
2017.06.30 14:36:39.973,8.3777,8.37848,1.00,1.00
2017.06.30 14:36:40.078,8.3777,8.37869,1.00,1.00
2017.06.30 14:36:40.130,8.37781,8.37869,1.00,1.00
2017.06.30 14:36:40.181,8.37781,8.37885,1.00,1.00
2017.06.30 14:36:40.739,8.37789,8.37885,1.00,1.00
2017.06.30 14:36:40.791,8.37789,8.37902,1.00,1.00
2017.06.30 14:36:41.120,8.37797,8.37902,1.00,1.00
2017.06.30 14:36:42.001,8.37792,8.37902,1.00,1.00
2017.06.30 14:36:42.175,8.37779,8.37902,1.00,1.00
2017.06.30 14:36:42.580,8.37775,8.37895,1.00,1.00
2017.06.30 14:36:42.886,8.3777,8.37886,1.00,1.00
2017.06.30 14:36:43.240,8.3777,8.37873,1.00,1.00
2017.06.30 14:36:45.415,8.37765,8.37873,1.00,1.00
2017.06.30 14:36:46.113,8.37768,8.37873,1.00,1.00
2017.06.30 14:36:46.797,8.37768,8.37889,1.00,1.00
2017.06.30 14:36:47.094,8.37763,8.37889,1.00,1.00
2017.06.30 14:36:47.145,8.37763,8.37878,1.00,1.00
2017.06.30 14:36:47.298,8.37748,8.3787,1.00,1.00
2017.06.30 14:36:47.401,8.37743,8.37845,1.00,1.00
2017.06.30 14:36:47.604,8.37743,8.3786,1.00,1.00
2017.06.30 14:36:48.007,8.37743,8.37844,1.00,1.00
2017.06.30 14:36:50.232,8.37734,8.37844,1.00,1.00
2017.06.30 14:36:50.284,8.37733,8.37851,1.00,1.00
2017.06.30 14:36:50.488,8.37724,8.37831,1.00,1.00
2017.06.30 14:36:51.176,8.37716,8.37831,1.00,1.00
2017.06.30 14:36:51.797,8.3772,8.37831,1.00,1.00
2017.06.30 14:36:52.140,8.37736,8.37831,1.00,1.00
2017.06.30 14:36:52.192,8.37726,8.37831,1.00,1.00
2017.06.30 14:36:52.293,8.37726,8.37845,1.00,1.00
2017.06.30 14:36:53.041,8.37718,8.37844,1.00,1.00
2017.06.30 14:36:53.521,8.37718,8.3784,1.00,1.00
2017.06.30 14:36:54.318,8.37718,8.37838,1.00,1.00
2017.06.30 14:36:55.179,8.37718,8.37842,1.00,1.00
2017.06.30 14:36:55.281,8.37715,8.37825,1.00,1.00
2017.06.30 14:36:55.999,8.37709,8.37825,1.00,1.00
2017.06.30 14:36:56.152,8.37701,8.37825,1.00,1.00
2017.06.30 14:36:57.025,8.37708,8.37825,1.00,1.00
2017.06.30 14:36:58.318,8.37704,8.37825,1.00,1.00
2017.06.30 14:36:59.299,8.37698,8.37814,1.00,1.18
2017.06.30 14:36:59.401,8.37684,8.37811,1.00,1.22
2017.06.30 14:36:59.453,8.37684,8.37773,1.00,1.00
2017.06.30 14:36:59.504,8.37658,8.37764,1.00,1.00
2017.06.30 14:36:59.698,8.37637,8.37716,1.00,1.00
2017.06.30 14:36:59.800,8.3759,8.37715,1.00,1.00
2017.06.30 14:36:59.902,8.3759,8.37698,1.00,1.00
2017.06.30 14:37:00.259,8.37571,8.3767,1.00,1.00
2017.06.30 14:37:00.310,8.37555,8.3767,1.00,1.00
2017.06.30 14:37:00.412,8.37555,8.37661,1.00,1.00
2017.06.30 14:37:00.620,8.37504,8.37629,1.00,1.50
2017.06.30 14:37:00.671,8.37502,8.37622,1.00,1.00
2017.06.30 14:37:00.977,8.37495,8.37615,1.00,1.00
2017.06.30 14:37:01.527,8.37516,8.37615,1.00,1.00
2017.06.30 14:37:01.877,8.37525,8.37615,1.00,1.00
2017.06.30 14:37:02.031,8.37536,8.3763,1.00,1.00
2017.06.30 14:37:02.234,8.37536,8.37648,1.00,1.00
2017.06.30 14:37:02.990,8.37537,8.37648,1.00,1.00
2017.06.30 14:37:05.395,8.37537,8.37663,1.00,1.00
2017.06.30 14:37:08.069,8.37536,8.3766,1.00,1.00
2017.06.30 14:37:08.324,8.37492,8.37618,1.00,1.00
2017.06.30 14:37:09.171,8.37492,8.3761,1.00,1.00
2017.06.30 14:37:09.521,8.37492,8.37618,1.00,1.00
2017.06.30 14:37:09.724,8.375,8.37619,1.00,1.00
2017.06.30 14:37:10.344,8.37492,8.37616,1.50,1.00
2017.06.30 14:37:10.547,8.37492,8.3761,1.00,1.00
2017.06.30 14:37:11.473,8.37516,8.37619,1.00,1.00
2017.06.30 14:37:11.727,8.37516,8.37643,1.50,1.50
2017.06.30 14:37:12.475,8.37519,8.37643,1.00,1.00
2017.06.30 14:37:13.371,8.37524,8.37643,1.00,1.00
2017.06.30 14:37:13.697,8.37566,8.3768,1.00,1.00
2017.06.30 14:37:14.620,8.37567,8.3768,1.00,1.00
2017.06.30 14:37:17.036,8.37564,8.3768,1.00,1.00
2017.06.30 14:37:18.038,8.37563,8.3768,1.00,1.00
2017.06.30 14:37:18.173,8.37576,8.3768,1.00,1.00
2017.06.30 14:37:19.115,8.37587,8.3768,1.00,1.00
2017.06.30 14:37:20.562,8.37599,8.3768,1.00,1.00
2017.06.30 14:37:20.765,8.37598,8.37706,1.00,1.00
2017.06.30 14:37:21.113,8.37588,8.37706,1.00,1.00
2017.06.30 14:37:21.605,8.37596,8.37706,1.00,1.00
2017.06.30 14:37:21.656,8.37596,8.3772,1.00,1.00
2017.06.30 14:37:21.859,8.37594,8.37713,1.00,1.00
2017.06.30 14:37:22.196,8.37588,8.3769,1.00,1.00
2017.06.30 14:37:22.247,8.37588,8.37706,1.00,1.00
2017.06.30 14:37:22.895,8.37598,8.37706,1.00,1.00
2017.06.30 14:37:24.551,8.37601,8.37706,1.00,1.00
2017.06.30 14:37:24.933,8.37594,8.37706,1.00,1.00
2017.06.30 14:37:25.036,8.37614,8.37706,1.00,1.00
2017.06.30 14:37:25.138,8.37623,8.37726,1.00,1.00
2017.06.30 14:37:25.291,8.37634,8.37726,1.00,1.00
2017.06.30 14:37:25.833,8.37634,8.3774,1.00,1.00
2017.06.30 14:37:26.057,8.37634,8.37725,1.00,1.00
2017.06.30 14:37:26.362,8.37696,8.37754,1.00,1.00
2017.06.30 14:37:26.464,8.37696,8.37776,1.00,1.00
2017.06.30 14:37:26.566,8.37696,8.37799,1.00,1.00
2017.06.30 14:37:27.342,8.37699,8.37799,1.00,1.00
2017.06.30 14:37:29.407,8.377,8.37799,1.00,1.00
2017.06.30 14:37:29.744,8.37734,8.37837,1.00,1.00
2017.06.30 14:37:29.948,8.37749,8.37837,1.00,1.00
2017.06.30 14:37:30.289,8.37761,8.37884,1.00,1.00
2017.06.30 14:37:30.544,8.37761,8.37866,1.00,1.00
2017.06.30 14:37:31.422,8.37771,8.37866,1.00,1.00
2017.06.30 14:37:33.469,8.37776,8.37866,1.00,1.00
2017.06.30 14:37:33.520,8.37746,8.37866,1.00,1.00
2017.06.30 14:37:33.571,8.37739,8.37809,1.00,1.00
2017.06.30 14:37:33.776,8.37676,8.37783,1.00,1.00
2017.06.30 14:37:33.827,8.37656,8.37764,1.00,1.00
2017.06.30 14:37:33.980,8.37656,8.37753,1.00,1.00
2017.06.30 14:37:34.322,8.37637,8.37721,1.00,1.00
2017.06.30 14:37:34.525,8.37609,8.37721,1.00,1.00
2017.06.30 14:37:35.159,8.37618,8.37721,1.00,1.00
2017.06.30 14:37:38.698,8.37637,8.37721,1.00,1.00
2017.06.30 14:37:38.750,8.37628,8.37721,1.00,1.00
2017.06.30 14:37:38.804,8.37645,8.37721,1.00,1.00
2017.06.30 14:37:38.856,8.37645,8.37763,1.00,1.00
2017.06.30 14:37:38.974,8.37645,8.37741,1.00,1.00
2017.06.30 14:37:39.781,8.37641,8.37741,1.00,1.00
2017.06.30 14:37:39.936,8.37635,8.37741,1.00,1.00
2017.06.30 14:37:40.171,8.37615,8.37727,1.00,1.00
2017.06.30 14:37:40.222,8.3763,8.37727,1.00,1.00
2017.06.30 14:37:41.206,8.37604,8.37727,1.00,1.00
2017.06.30 14:37:41.258,8.37604,8.37725,1.00,1.00
2017.06.30 14:37:41.599,8.37604,8.37705,1.00,1.00
2017.06.30 14:37:42.340,8.37598,8.37705,1.00,1.00
2017.06.30 14:37:43.323,8.37597,8.37705,1.00,1.00
2017.06.30 14:37:43.597,8.37597,8.37703,1.00,1.00
2017.06.30 14:37:44.322,8.376,8.37703,1.00,1.00
2017.06.30 14:37:45.299,8.37596,8.37703,1.00,1.00
2017.06.30 14:37:46.302,8.37594,8.37703,1.00,1.00
2017.06.30 14:37:46.464,8.376,8.37703,1.00,1.00
2017.06.30 14:37:46.719,8.37612,8.37723,1.00,1.00
2017.06.30 14:37:46.821,8.37638,8.37723,1.00,1.00
2017.06.30 14:37:46.872,8.37623,8.37723,1.00,1.00
2017.06.30 14:37:46.923,8.37623,8.37737,1.00,1.00
2017.06.30 14:37:47.631,8.37632,8.37737,1.00,1.00
2017.06.30 14:37:50.852,8.37616,8.37737,1.00,1.00
2017.06.30 14:37:50.960,8.37616,8.3773,1.00,1.00
2017.06.30 14:37:51.284,8.37616,8.3771,1.00,1.00
2017.06.30 14:37:51.548,8.37614,8.3771,1.00,1.00
2017.06.30 14:37:52.068,8.37615,8.3771,1.00,1.00
2017.06.30 14:37:52.208,8.3761,8.3771,1.00,1.00
2017.06.30 14:37:52.361,8.376,8.3771,1.00,1.00
2017.06.30 14:37:52.564,8.3761,8.3771,1.00,1.00
2017.06.30 14:37:53.686,8.37614,8.3771,1.00,1.00
2017.06.30 14:37:53.738,8.37609,8.3771,1.00,1.00
2017.06.30 14:37:54.528,8.37608,8.3771,1.00,1.00
2017.06.30 14:37:55.529,8.37606,8.3771,1.00,1.00
2017.06.30 14:37:57.338,8.37618,8.37745,1.50,1.50
2017.06.30 14:37:57.440,8.37628,8.3773,1.00,1.00
2017.06.30 14:37:57.728,8.37628,8.37751,1.00,1.00
2017.06.30 14:37:58.313,8.37636,8.37751,1.00,1.00
2017.06.30 14:37:58.684,8.3763,8.37751,1.00,1.00
2017.06.30 14:37:59.403,8.37635,8.37751,1.00,1.00
2017.06.30 14:38:00.133,8.37639,8.37751,1.00,1.00
2017.06.30 14:38:01.175,8.37643,8.37751,1.00,1.00
2017.06.30 14:38:01.518,8.37668,8.37751,1.00,1.00
2017.06.30 14:38:01.721,8.37679,8.37785,1.00,1.00
2017.06.30 14:38:02.121,8.37679,8.37771,1.00,1.00
2017.06.30 14:38:02.485,8.37669,8.37771,1.00,1.00
2017.06.30 14:38:03.366,8.37674,8.37771,1.00,1.00
2017.06.30 14:38:03.837,8.37678,8.37771,1.00,1.00
2017.06.30 14:38:03.889,8.37658,8.37771,1.00,1.00
2017.06.30 14:38:03.991,8.37647,8.37771,1.00,1.00
2017.06.30 14:38:04.042,8.37647,8.37749,1.00,1.00
2017.06.30 14:38:06.248,8.37665,8.37749,1.00,1.00
2017.06.30 14:38:06.451,8.3768,8.37779,1.00,1.00
2017.06.30 14:38:06.604,8.37693,8.37779,1.00,1.00
2017.06.30 14:38:06.857,8.37693,8.37808,1.00,1.00
2017.06.30 14:38:07.349,8.37683,8.37808,1.00,1.00
2017.06.30 14:38:07.400,8.37681,8.37801,1.00,1.00
2017.06.30 14:38:07.716,8.37673,8.37785,1.00,1.00
2017.06.30 14:38:08.366,8.37681,8.37785,1.00,1.00
2017.06.30 14:38:08.991,8.37676,8.37785,1.00,1.00
2017.06.30 14:38:09.957,8.37679,8.37785,1.00,1.00
2017.06.30 14:38:10.275,8.37707,8.37805,1.00,1.00
2017.06.30 14:38:10.327,8.37707,8.37808,1.00,1.00
2017.06.30 14:38:11.217,8.37703,8.37808,1.00,1.00
2017.06.30 14:38:12.159,8.37705,8.37808,1.00,1.00
2017.06.30 14:38:13.178,8.37707,8.37808,1.00,1.00
2017.06.30 14:38:14.903,8.37692,8.37808,1.00,1.00
2017.06.30 14:38:15.006,8.37681,8.37784,1.00,1.00
2017.06.30 14:38:15.821,8.3769,8.37784,1.00,1.00
2017.06.30 14:38:15.988,8.37691,8.37804,1.00,1.00
2017.06.30 14:38:16.039,8.37704,8.37818,1.00,1.00
2017.06.30 14:38:16.191,8.37708,8.3783,1.00,1.00
2017.06.30 14:38:16.293,8.37718,8.37833,1.00,1.00
2017.06.30 14:38:16.598,8.37728,8.37833,1.00,1.00
2017.06.30 14:38:17.532,8.37726,8.37833,1.00,1.00
2017.06.30 14:38:17.798,8.37722,8.37833,1.00,1.00
2017.06.30 14:38:17.850,8.3771,8.37833,1.00,1.00
2017.06.30 14:38:18.181,8.3771,8.37808,1.00,1.00
2017.06.30 14:38:18.233,8.3771,8.37822,1.00,1.00
2017.06.30 14:38:18.545,8.37718,8.37822,1.00,1.00
2017.06.30 14:38:18.862,8.37724,8.37822,1.00,1.00
2017.06.30 14:38:19.171,8.37741,8.37837,1.00,1.00
2017.06.30 14:38:19.925,8.37731,8.37837,1.00,1.00
2017.06.30 14:38:20.895,8.37729,8.37837,1.00,1.00
2017.06.30 14:38:21.412,8.37734,8.37837,1.00,1.00
2017.06.30 14:38:21.752,8.37724,8.37837,1.00,1.00
2017.06.30 14:38:21.904,8.37724,8.37807,1.00,1.00
2017.06.30 14:38:22.007,8.37716,8.37827,1.00,1.00
2017.06.30 14:38:22.058,8.37716,8.37829,1.00,1.00
2017.06.30 14:38:22.109,8.37716,8.37814,1.00,1.00
2017.06.30 14:38:22.426,8.3773,8.37814,1.00,1.00
2017.06.30 14:38:22.477,8.3773,8.37829,1.00,1.00
2017.06.30 14:38:23.122,8.37734,8.37829,1.00,1.00
2017.06.30 14:38:23.343,8.3773,8.37829,1.00,1.00
2017.06.30 14:38:23.585,8.37719,8.37829,1.00,1.00
2017.06.30 14:38:23.701,8.37719,8.37815,1.00,1.00
2017.06.30 14:38:23.905,8.37719,8.37832,1.00,1.00
2017.06.30 14:38:24.345,8.37725,8.37832,1.00,1.00
2017.06.30 14:38:25.366,8.37727,8.37832,1.00,1.00
2017.06.30 14:38:26.292,8.37733,8.37847,1.00,1.00
2017.06.30 14:38:26.444,8.37737,8.37847,1.00,1.00
2017.06.30 14:38:27.239,8.37729,8.37847,1.00,1.00
2017.06.30 14:38:27.734,8.37735,8.37847,1.00,1.00
2017.06.30 14:38:27.835,8.37727,8.37847,1.00,1.00
2017.06.30 14:38:30.044,8.37723,8.37847,1.00,1.00
2017.06.30 14:38:30.096,8.37722,8.37845,1.00,1.00
2017.06.30 14:38:30.418,8.37718,8.37826,1.00,1.00
2017.06.30 14:38:31.061,8.37716,8.37826,1.00,1.00
2017.06.30 14:38:32.029,8.37721,8.37826,1.00,1.00
2017.06.30 14:38:32.397,8.37726,8.37826,1.00,1.00
2017.06.30 14:38:32.497,8.37726,8.3784,1.00,1.00
2017.06.30 14:38:32.802,8.37726,8.37825,1.00,1.00
2017.06.30 14:38:33.145,8.37724,8.37825,1.00,1.00
2017.06.30 14:38:33.605,8.37727,8.37825,1.00,1.00
2017.06.30 14:38:33.706,8.37737,8.37845,1.00,1.00
2017.06.30 14:38:34.319,8.37728,8.37846,1.00,1.00
2017.06.30 14:38:35.221,8.37721,8.37846,1.50,1.00
2017.06.30 14:38:35.323,8.37721,8.37824,1.00,1.00
2017.06.30 14:38:35.526,8.37721,8.37839,1.00,1.00
2017.06.30 14:38:35.628,8.37726,8.37839,1.00,1.00
2017.06.30 14:38:35.679,8.37716,8.37839,1.00,1.00
2017.06.30 14:38:35.730,8.37732,8.37858,1.00,1.00
2017.06.30 14:38:35.832,8.37745,8.37836,1.00,1.00
2017.06.30 14:38:36.011,8.37749,8.37874,1.00,1.00
2017.06.30 14:38:36.221,8.37756,8.37874,1.00,1.00
2017.06.30 14:38:38.597,8.37749,8.37874,1.00,1.00
2017.06.30 14:38:38.649,8.37755,8.37874,1.00,1.00
2017.06.30 14:38:38.701,8.37749,8.37869,1.00,1.00
2017.06.30 14:38:38.752,8.37733,8.3786,1.50,1.00
2017.06.30 14:38:38.803,8.37745,8.3786,1.00,1.00
2017.06.30 14:38:38.905,8.37733,8.3786,1.00,1.00
2017.06.30 14:38:39.706,8.3775,8.3786,1.00,1.00
2017.06.30 14:38:39.858,8.37756,8.3788,1.00,1.00
2017.06.30 14:38:39.910,8.3776,8.37883,1.00,1.00
2017.06.30 14:38:40.263,8.37771,8.37883,1.00,1.00
2017.06.30 14:38:40.517,8.37773,8.37899,1.00,1.00
2017.06.30 14:38:41.150,8.37773,8.37889,1.00,1.00
2017.06.30 14:38:41.252,8.37757,8.3788,1.00,1.00
2017.06.30 14:38:41.354,8.37744,8.37861,1.00,1.00
2017.06.30 14:38:41.557,8.37758,8.37881,1.00,1.00
2017.06.30 14:38:41.608,8.37761,8.37883,1.00,1.00
2017.06.30 14:38:42.323,8.37771,8.37883,1.00,1.00
2017.06.30 14:38:42.745,8.37776,8.37883,1.00,1.00
2017.06.30 14:38:44.680,8.3777,8.37883,1.00,1.00
2017.06.30 14:38:45.042,8.37756,8.37883,1.00,1.00
2017.06.30 14:38:45.144,8.37764,8.37869,1.00,1.00
2017.06.30 14:38:45.246,8.37764,8.37882,1.00,1.00
2017.06.30 14:38:45.297,8.37772,8.37882,1.00,1.00
2017.06.30 14:38:45.928,8.37764,8.37882,1.00,1.00
2017.06.30 14:38:46.583,8.3777,8.37882,1.00,1.00
2017.06.30 14:38:47.581,8.37769,8.37882,1.00,1.00
2017.06.30 14:38:48.178,8.37757,8.37881,1.00,1.00
2017.06.30 14:38:48.280,8.37747,8.37869,1.00,1.00
2017.06.30 14:38:48.740,8.37747,8.37853,1.00,1.00
2017.06.30 14:38:49.175,8.3774,8.37853,1.00,1.00
2017.06.30 14:38:49.500,8.37736,8.37853,1.00,1.00
2017.06.30 14:38:49.944,8.37748,8.37853,1.00,1.00
2017.06.30 14:38:50.081,8.37757,8.37874,1.00,1.00
2017.06.30 14:38:50.142,8.37768,8.37884,1.00,1.00
2017.06.30 14:38:50.244,8.37774,8.37899,1.00,1.00
2017.06.30 14:38:50.649,8.37768,8.37886,1.00,1.00
2017.06.30 14:38:50.700,8.37759,8.37886,1.00,1.00
2017.06.30 14:38:50.751,8.37773,8.37891,1.00,1.00
2017.06.30 14:38:50.905,8.37773,8.379,1.00,1.00
2017.06.30 14:38:51.056,8.37754,8.37879,1.00,1.00
2017.06.30 14:38:51.681,8.37763,8.37879,1.00,1.00
2017.06.30 14:38:52.044,8.37798,8.37899,1.00,1.00
2017.06.30 14:38:52.095,8.37798,8.37918,1.00,1.00
2017.06.30 14:38:52.436,8.37791,8.37918,1.00,1.00
2017.06.30 14:38:52.878,8.37795,8.37918,1.00,1.00
2017.06.30 14:38:54.731,8.37797,8.37918,1.00,1.00
2017.06.30 14:38:56.892,8.37791,8.37899,1.00,1.00
2017.06.30 14:38:56.994,8.37771,8.37889,1.00,1.50
2017.06.30 14:38:57.046,8.37762,8.37876,1.00,1.00
2017.06.30 14:38:57.249,8.37726,8.37853,1.00,1.00
2017.06.30 14:38:57.300,8.37741,8.37853,1.00,1.00
2017.06.30 14:38:57.403,8.37747,8.37873,1.00,1.00
2017.06.30 14:38:57.698,8.37741,8.3786,1.00,1.00
2017.06.30 14:38:57.873,8.37748,8.37873,1.00,1.00
2017.06.30 14:38:58.076,8.37748,8.37869,1.00,1.00
2017.06.30 14:38:58.522,8.37733,8.37852,1.00,1.00
2017.06.30 14:38:59.979,8.37738,8.37852,1.00,1.00
2017.06.30 14:39:00.961,8.37737,8.37852,1.00,1.00
2017.06.30 14:39:01.373,8.37742,8.37852,1.00,1.00
2017.06.30 14:39:02.141,8.37749,8.37852,1.00,1.00
2017.06.30 14:39:02.192,8.3776,8.37871,1.00,1.00
2017.06.30 14:39:02.297,8.37769,8.37871,1.00,1.00
2017.06.30 14:39:02.399,8.3778,8.37895,1.00,1.00
2017.06.30 14:39:02.450,8.3778,8.37903,1.00,1.00
2017.06.30 14:39:03.276,8.37777,8.37903,1.00,1.00
2017.06.30 14:39:03.726,8.37777,8.379,1.00,1.00
2017.06.30 14:39:04.677,8.37764,8.3789,1.00,1.00
2017.06.30 14:39:04.779,8.37772,8.3789,1.00,1.00
2017.06.30 14:39:05.241,8.37766,8.3789,1.00,1.00
2017.06.30 14:39:05.734,8.37772,8.3789,1.00,1.00
2017.06.30 14:39:07.497,8.37766,8.3789,1.00,1.00
2017.06.30 14:39:09.760,8.37764,8.3789,1.00,1.00
2017.06.30 14:39:09.931,8.37769,8.3789,1.00,1.00
2017.06.30 14:39:11.191,8.37777,8.37903,1.00,1.00
2017.06.30 14:39:11.376,8.37777,8.37899,1.00,1.00
2017.06.30 14:39:11.529,8.37763,8.37888,1.00,1.00
2017.06.30 14:39:11.874,8.37761,8.37888,1.00,1.00
2017.06.30 14:39:12.026,8.37754,8.37873,1.00,1.00
2017.06.30 14:39:12.610,8.37759,8.37873,1.00,1.00
2017.06.30 14:39:12.713,8.37769,8.37893,1.00,1.00
2017.06.30 14:39:12.816,8.37759,8.37881,1.00,1.00
2017.06.30 14:39:13.567,8.37763,8.37881,1.00,1.00
2017.06.30 14:39:14.168,8.37759,8.37881,1.00,1.00
2017.06.30 14:39:16.139,8.37754,8.37881,1.00,1.00
2017.06.30 14:39:16.342,8.37739,8.37866,1.00,1.00
2017.06.30 14:39:17.277,8.37739,8.37864,1.00,1.00
2017.06.30 14:39:17.421,8.3774,8.37866,1.00,1.00
2017.06.30 14:39:17.996,8.37739,8.37865,1.00,1.00
2017.06.30 14:39:18.149,8.37731,8.37851,1.00,1.00
2017.06.30 14:39:18.727,8.37725,8.37851,1.00,1.00
2017.06.30 14:39:19.367,8.37727,8.37851,1.00,1.00
2017.06.30 14:39:19.520,8.37711,8.37836,1.00,1.00
2017.06.30 14:39:19.622,8.37691,8.37815,1.00,1.00
2017.06.30 14:39:19.928,8.37679,8.37802,1.00,1.00
2017.06.30 14:39:20.273,8.377,8.37802,1.00,1.00
2017.06.30 14:39:20.730,8.377,8.37815,1.00,1.00
2017.06.30 14:39:20.832,8.37719,8.37815,1.00,1.00
2017.06.30 14:39:20.934,8.37728,8.37835,1.00,1.00
2017.06.30 14:39:20.985,8.37728,8.37853,1.00,1.00
2017.06.30 14:39:21.744,8.37742,8.37869,1.00,1.00
2017.06.30 14:39:23.933,8.37731,8.37854,1.00,1.00
2017.06.30 14:39:24.136,8.37742,8.37869,1.00,1.00
2017.06.30 14:39:24.664,8.3776,8.37869,1.00,1.00
2017.06.30 14:39:24.767,8.3776,8.37885,1.00,1.00
2017.06.30 14:39:24.818,8.37768,8.37885,1.00,1.00
2017.06.30 14:39:24.920,8.37772,8.37899,1.00,1.00
2017.06.30 14:39:25.023,8.37752,8.37871,1.00,1.00
2017.06.30 14:39:25.074,8.37746,8.37871,1.00,1.00
2017.06.30 14:39:25.867,8.37744,8.37871,1.00,1.00
2017.06.30 14:39:31.389,8.37751,8.37871,1.00,1.00
2017.06.30 14:39:31.643,8.37764,8.37885,1.00,1.00
2017.06.30 14:39:31.745,8.37773,8.37899,1.00,1.00
2017.06.30 14:39:32.303,8.37777,8.37899,1.00,1.00
2017.06.30 14:39:32.621,8.3777,8.37885,1.00,1.00
2017.06.30 14:39:32.723,8.37763,8.37885,1.00,1.00
2017.06.30 14:39:32.774,8.37774,8.37901,1.00,1.00
2017.06.30 14:39:32.876,8.37803,8.3792,1.00,1.00
2017.06.30 14:39:33.029,8.3777,8.37897,1.00,1.00
2017.06.30 14:39:33.181,8.37763,8.37877,1.00,1.00
2017.06.30 14:39:33.587,8.3775,8.37877,1.00,1.00
2017.06.30 14:39:33.933,8.37759,8.37877,1.00,1.00
2017.06.30 14:39:34.137,8.37759,8.37879,1.00,1.00
2017.06.30 14:39:34.188,8.37766,8.37893,1.00,1.00
2017.06.30 14:39:34.677,8.37782,8.37907,1.00,1.00
2017.06.30 14:39:35.779,8.37766,8.37893,1.00,1.00
2017.06.30 14:39:37.976,8.37782,8.37909,1.00,1.00
2017.06.30 14:39:39.274,8.37767,8.37891,1.00,1.00
2017.06.30 14:39:39.426,8.37764,8.37891,1.00,1.00
2017.06.30 14:39:39.478,8.37783,8.37891,1.00,1.00
2017.06.30 14:39:39.858,8.37783,8.37907,1.00,1.00
2017.06.30 14:39:40.349,8.37793,8.37907,1.00,1.00
2017.06.30 14:39:40.511,8.37781,8.37907,1.00,1.00
2017.06.30 14:39:40.908,8.37794,8.37907,1.00,1.00
2017.06.30 14:39:41.261,8.37784,8.37907,1.00,1.00
2017.06.30 14:39:41.312,8.37799,8.37907,1.00,1.00
2017.06.30 14:39:41.538,8.37788,8.37907,1.00,1.00
2017.06.30 14:39:41.743,8.3778,8.37895,1.00,1.00
2017.06.30 14:39:41.795,8.37764,8.37891,1.00,1.00
2017.06.30 14:39:41.899,8.37747,8.37862,1.00,1.00
2017.06.30 14:39:42.232,8.3776,8.37862,1.00,1.00
2017.06.30 14:39:42.950,8.37753,8.37862,1.00,1.00
2017.06.30 14:39:43.951,8.37754,8.37862,1.00,1.00
2017.06.30 14:39:44.628,8.37762,8.37862,1.00,1.00
2017.06.30 14:39:44.680,8.37768,8.37881,1.00,1.00
2017.06.30 14:39:44.731,8.37768,8.37884,1.00,1.00
2017.06.30 14:39:44.985,8.37761,8.37884,1.00,1.00
2017.06.30 14:39:45.971,8.37757,8.37884,1.50,1.00
2017.06.30 14:39:47.233,8.37774,8.37884,1.00,1.00
2017.06.30 14:39:47.284,8.37779,8.37903,1.00,1.00
2017.06.30 14:39:47.335,8.37779,8.37906,1.00,1.00
2017.06.30 14:39:48.250,8.37786,8.37906,1.00,1.00
2017.06.30 14:39:48.504,8.37795,8.37922,1.00,1.00
2017.06.30 14:39:48.607,8.37786,8.37906,1.00,1.00
2017.06.30 14:39:48.955,8.37771,8.37889,1.00,1.00
2017.06.30 14:39:50.688,8.37764,8.37889,1.00,1.00
2017.06.30 14:39:50.740,8.37773,8.37889,1.00,1.00
2017.06.30 14:39:51.148,8.37773,8.37875,1.00,1.00
2017.06.30 14:39:51.462,8.37781,8.37875,1.00,1.00
2017.06.30 14:39:51.514,8.37796,8.37895,1.00,1.00
2017.06.30 14:39:51.565,8.37796,8.37898,1.00,1.00
2017.06.30 14:39:51.972,8.3779,8.37898,1.00,1.00
2017.06.30 14:39:52.328,8.378,8.37898,1.00,1.00
2017.06.30 14:39:52.874,8.37784,8.37898,1.00,1.00
2017.06.30 14:39:53.872,8.37779,8.37898,1.00,1.00
2017.06.30 14:39:54.856,8.37778,8.37898,1.00,1.00
2017.06.30 14:39:55.561,8.37784,8.37898,1.00,1.00
2017.06.30 14:39:55.714,8.37774,8.37898,1.00,1.00
2017.06.30 14:39:56.558,8.37794,8.37898,1.00,1.00
2017.06.30 14:39:56.711,8.37804,8.37917,1.00,1.00
2017.06.30 14:39:56.927,8.37805,8.37932,1.00,1.00
2017.06.30 14:39:57.130,8.37805,8.37906,1.00,1.00
2017.06.30 14:39:57.181,8.37805,8.37921,1.00,1.00
2017.06.30 14:39:57.283,8.37787,8.3791,1.00,1.00
2017.06.30 14:39:57.403,8.37787,8.37896,1.00,1.00
2017.06.30 14:39:58.088,8.37794,8.37896,1.00,1.00
2017.06.30 14:39:58.292,8.378,8.37924,1.00,1.00
2017.06.30 14:39:58.393,8.378,8.37901,1.00,1.00
2017.06.30 14:39:59.089,8.37792,8.37901,1.00,1.00
2017.06.30 14:39:59.191,8.37798,8.37901,1.00,1.00
2017.06.30 14:39:59.293,8.37809,8.37923,1.00,1.00
2017.06.30 14:39:59.344,8.37817,8.37923,1.00,1.00
2017.06.30 14:39:59.600,8.37817,8.37938,1.00,1.00
2017.06.30 14:39:59.732,8.37817,8.37924,1.00,1.00
2017.06.30 14:40:00.354,8.37825,8.37924,1.00,1.00
2017.06.30 14:40:00.858,8.37808,8.37924,1.00,1.00
2017.06.30 14:40:00.909,8.37823,8.37924,1.00,1.00
2017.06.30 14:40:01.011,8.37849,8.37952,1.00,1.00
2017.06.30 14:40:01.062,8.37825,8.37952,1.00,1.00
2017.06.30 14:40:01.114,8.3784,8.37956,1.00,1.00
2017.06.30 14:40:01.318,8.37824,8.3795,1.00,1.00
2017.06.30 14:40:01.696,8.3782,8.37931,1.00,1.00
2017.06.30 14:40:02.020,8.37829,8.37931,1.00,1.00
2017.06.30 14:40:02.122,8.37829,8.37951,1.00,1.00
2017.06.30 14:40:02.795,8.37829,8.37936,1.00,1.00
2017.06.30 14:40:02.947,8.37825,8.37936,1.00,1.00
2017.06.30 14:40:04.009,8.37837,8.37936,1.00,1.00
2017.06.30 14:40:04.060,8.3782,8.37936,1.00,1.00
2017.06.30 14:40:04.112,8.37832,8.37954,1.00,1.00
2017.06.30 14:40:04.214,8.3782,8.37919,1.00,1.00
2017.06.30 14:40:04.970,8.37811,8.37919,1.00,1.00
2017.06.30 14:40:05.855,8.37821,8.37919,1.00,1.00
2017.06.30 14:40:06.305,8.37815,8.37919,1.00,1.00
2017.06.30 14:40:06.356,8.37794,8.37916,1.00,1.00
2017.06.30 14:40:06.407,8.37769,8.37892,1.00,1.00
2017.06.30 14:40:06.460,8.37765,8.37892,1.00,1.50
2017.06.30 14:40:06.706,8.37756,8.37867,1.00,1.00
2017.06.30 14:40:07.128,8.37756,8.37847,1.00,1.00
2017.06.30 14:40:07.179,8.37742,8.37847,1.00,1.00
2017.06.30 14:40:07.434,8.37747,8.37847,1.00,1.00
2017.06.30 14:40:07.809,8.37738,8.37847,1.00,1.00
2017.06.30 14:40:08.173,8.37729,8.37847,1.00,1.00
2017.06.30 14:40:08.225,8.37722,8.37847,1.00,1.00
2017.06.30 14:40:08.328,8.37709,8.37819,1.00,1.00
2017.06.30 14:40:08.741,8.37721,8.37819,1.00,1.00
2017.06.30 14:40:09.209,8.37708,8.37819,1.00,1.00
2017.06.30 14:40:09.311,8.37698,8.37819,1.00,1.00
2017.06.30 14:40:09.527,8.3771,8.37819,1.00,1.00
2017.06.30 14:40:09.731,8.37721,8.37835,1.00,1.00
2017.06.30 14:40:10.589,8.37725,8.37835,1.00,1.00
2017.06.30 14:40:10.902,8.37763,8.37835,1.00,1.00
2017.06.30 14:40:11.055,8.37763,8.37857,1.00,1.00
2017.06.30 14:40:11.106,8.37763,8.37886,1.00,1.00
2017.06.30 14:40:11.323,8.37763,8.37863,1.00,1.00
2017.06.30 14:40:11.880,8.37756,8.37863,1.00,1.00
2017.06.30 14:40:16.559,8.37752,8.37863,1.00,1.00
2017.06.30 14:40:16.915,8.37755,8.37882,1.00,1.00
2017.06.30 14:40:17.907,8.37755,8.3788,1.00,1.00
2017.06.30 14:40:18.234,8.37767,8.3786,1.00,1.00
2017.06.30 14:40:18.285,8.37754,8.3786,1.00,1.00
2017.06.30 14:40:18.337,8.37755,8.37882,1.00,1.00
2017.06.30 14:40:19.516,8.37749,8.37867,1.00,1.00
2017.06.30 14:40:20.890,8.37769,8.37867,1.00,1.00
2017.06.30 14:40:21.043,8.37769,8.37886,1.00,1.00
2017.06.30 14:40:21.516,8.37761,8.37886,1.00,1.00
2017.06.30 14:40:21.905,8.37765,8.37886,1.00,1.00
2017.06.30 14:40:22.059,8.37761,8.37886,1.00,1.50
2017.06.30 14:40:22.110,8.37761,8.37877,1.00,1.00
2017.06.30 14:40:22.161,8.37741,8.37859,1.00,1.00
2017.06.30 14:40:22.492,8.37751,8.37859,1.00,1.00
2017.06.30 14:40:22.853,8.3774,8.37859,1.00,1.00
2017.06.30 14:40:22.955,8.37732,8.37859,1.00,1.00
2017.06.30 14:40:23.006,8.37732,8.37848,1.00,1.00
2017.06.30 14:40:23.158,8.37714,8.37833,1.00,1.00
2017.06.30 14:40:23.535,8.37706,8.37833,1.00,1.00
2017.06.30 14:40:24.626,8.37704,8.37818,1.00,1.00
2017.06.30 14:40:25.046,8.37711,8.37818,1.00,1.00
2017.06.30 14:40:27.688,8.37702,8.37818,1.00,1.00
2017.06.30 14:40:28.101,8.37693,8.37818,1.00,1.00
2017.06.30 14:40:28.752,8.37695,8.37818,1.00,1.00
2017.06.30 14:40:29.006,8.37716,8.37843,1.00,1.00
2017.06.30 14:40:29.150,8.37709,8.37821,1.00,1.00
2017.06.30 14:40:29.864,8.37701,8.37821,1.00,1.00
2017.06.30 14:40:29.915,8.37694,8.37821,1.00,1.00
2017.06.30 14:40:30.286,8.37702,8.37821,1.00,1.00
2017.06.30 14:40:30.483,8.37694,8.37821,1.00,1.00
2017.06.30 14:40:32.345,8.37694,8.37818,1.00,1.00
2017.06.30 14:40:32.649,8.37683,8.37796,1.00,1.00
2017.06.30 14:40:33.427,8.37688,8.37796,1.00,1.00
2017.06.30 14:40:34.001,8.3769,8.37817,1.00,1.00
2017.06.30 14:40:42.159,8.3769,8.37815,1.00,1.00
2017.06.30 14:40:42.211,8.3767,8.37796,1.00,1.00
2017.06.30 14:40:42.591,8.37675,8.37796,1.00,1.00
2017.06.30 14:40:43.138,8.37686,8.37796,1.00,1.00
2017.06.30 14:40:43.605,8.3768,8.37796,1.00,1.00
2017.06.30 14:40:43.923,8.37669,8.37796,1.00,1.00
2017.06.30 14:40:44.381,8.37665,8.37779,1.00,1.00
2017.06.30 14:40:44.791,8.37663,8.37779,1.00,1.00
2017.06.30 14:40:45.767,8.37666,8.37779,1.00,1.00
2017.06.30 14:40:45.869,8.37653,8.37779,1.00,1.00
2017.06.30 14:40:46.187,8.37669,8.37795,1.00,1.00
2017.06.30 14:40:50.257,8.37673,8.37795,1.00,1.00
2017.06.30 14:40:51.032,8.37673,8.37775,1.00,1.00
2017.06.30 14:40:51.327,8.37662,8.37775,1.00,1.00
2017.06.30 14:40:51.429,8.37673,8.37775,1.00,1.00
2017.06.30 14:40:51.480,8.37662,8.37775,1.00,1.00
2017.06.30 14:40:51.582,8.3765,8.37775,1.00,1.00
2017.06.30 14:40:51.634,8.37655,8.37775,1.00,1.00
2017.06.30 14:40:52.569,8.3765,8.37775,1.00,1.00
2017.06.30 14:40:56.336,8.37652,8.37775,1.00,1.00
2017.06.30 14:40:57.967,8.3766,8.37775,1.00,1.00
2017.06.30 14:40:58.069,8.3765,8.37775,1.00,1.00
2017.06.30 14:41:00.305,8.37653,8.37775,1.00,1.00
2017.06.30 14:41:02.514,8.37654,8.37775,1.00,1.00
2017.06.30 14:41:02.824,8.37682,8.37775,1.00,1.00
2017.06.30 14:41:03.025,8.37689,8.37809,1.00,1.00
2017.06.30 14:41:03.228,8.37689,8.37792,1.00,1.00
2017.06.30 14:41:03.279,8.37677,8.37792,1.00,1.00
2017.06.30 14:41:03.330,8.37688,8.37792,1.00,1.00
2017.06.30 14:41:04.012,8.37677,8.37792,1.00,1.00
2017.06.30 14:41:04.146,8.3767,8.37792,1.00,1.00
2017.06.30 14:41:04.350,8.37668,8.37792,1.00,1.00
2017.06.30 14:41:04.401,8.37672,8.37792,1.00,1.00
2017.06.30 14:41:04.452,8.37668,8.37792,1.00,1.00
2017.06.30 14:41:04.554,8.37671,8.37792,1.00,1.00
2017.06.30 14:41:04.892,8.37671,8.37776,1.00,1.00
2017.06.30 14:41:05.477,8.37665,8.37776,1.00,1.00
2017.06.30 14:41:07.324,8.37661,8.37776,1.00,1.00
2017.06.30 14:41:07.426,8.37661,8.37762,1.00,1.00
2017.06.30 14:41:07.724,8.37661,8.37776,1.00,1.00
2017.06.30 14:41:07.775,8.37668,8.37776,1.00,1.00
2017.06.30 14:41:08.835,8.37664,8.37776,1.00,1.00
2017.06.30 14:41:08.988,8.37655,8.37776,1.00,1.00
2017.06.30 14:41:09.039,8.3765,8.37776,1.00,1.00
2017.06.30 14:41:09.141,8.37648,8.37754,1.00,1.00
2017.06.30 14:41:09.757,8.37649,8.37754,1.00,1.00
2017.06.30 14:41:10.193,8.37653,8.37754,1.00,1.00
2017.06.30 14:41:10.628,8.37628,8.37752,1.00,1.00
2017.06.30 14:41:10.679,8.37616,8.37741,1.00,1.00
2017.06.30 14:41:10.790,8.37616,8.37718,1.00,1.00
2017.06.30 14:41:11.170,8.37625,8.37718,1.00,1.00
2017.06.30 14:41:13.346,8.37635,8.37718,1.00,1.00
2017.06.30 14:41:13.447,8.37644,8.37744,1.00,1.00
2017.06.30 14:41:13.598,8.37631,8.37744,1.00,1.00
2017.06.30 14:41:14.072,8.37631,8.37728,1.00,1.00
2017.06.30 14:41:14.595,8.37632,8.37728,1.00,1.00
2017.06.30 14:41:15.370,8.37641,8.37728,1.00,1.00
2017.06.30 14:41:15.472,8.3765,8.37744,1.00,1.00
2017.06.30 14:41:15.624,8.37642,8.37744,1.00,1.00
2017.06.30 14:41:17.512,8.3764,8.37744,1.00,1.00
2017.06.30 14:41:18.615,8.37657,8.37744,1.00,1.00
2017.06.30 14:41:18.767,8.37657,8.37765,1.00,1.00
2017.06.30 14:41:19.586,8.37658,8.37765,1.00,1.00
2017.06.30 14:41:22.696,8.37663,8.37765,1.00,1.00
2017.06.30 14:41:23.083,8.37657,8.37765,1.00,1.00
2017.06.30 14:41:24.421,8.37654,8.37765,1.00,1.00
2017.06.30 14:41:24.472,8.37654,8.37751,1.00,1.00
2017.06.30 14:41:24.675,8.37654,8.37766,1.00,1.00
2017.06.30 14:41:24.755,8.37654,8.3775,1.00,1.00
2017.06.30 14:41:25.319,8.37664,8.3775,1.00,1.00
2017.06.30 14:41:25.956,8.37671,8.3775,1.00,1.00
2017.06.30 14:41:26.110,8.37707,8.37787,1.00,1.00
2017.06.30 14:41:26.161,8.37707,8.37809,1.00,1.00
2017.06.30 14:41:26.263,8.37728,8.37832,1.00,1.00
2017.06.30 14:41:26.365,8.3774,8.37861,1.00,1.00
2017.06.30 14:41:26.572,8.37754,8.37861,1.00,1.00
2017.06.30 14:41:26.877,8.37773,8.37881,1.00,1.00
2017.06.30 14:41:27.029,8.37754,8.37881,1.50,1.00
2017.06.30 14:41:27.387,8.37754,8.37867,1.00,1.00
2017.06.30 14:41:27.845,8.37764,8.37867,1.00,1.00
2017.06.30 14:41:27.896,8.37753,8.37867,1.00,1.00
2017.06.30 14:41:28.311,8.37764,8.37867,1.00,1.00
2017.06.30 14:41:28.363,8.37753,8.37867,1.00,1.00
2017.06.30 14:41:28.847,8.37762,8.37867,1.00,1.00
2017.06.30 14:41:29.882,8.37766,8.37867,1.00,1.00
2017.06.30 14:41:32.542,8.37763,8.37867,1.00,1.00
2017.06.30 14:41:32.643,8.37747,8.37867,1.00,1.00
2017.06.30 14:41:33.011,8.3775,8.37867,1.00,1.00
2017.06.30 14:41:33.214,8.37742,8.37867,1.00,1.00
2017.06.30 14:41:33.316,8.37749,8.37867,1.00,1.00
2017.06.30 14:41:33.468,8.37741,8.37867,1.00,1.00
2017.06.30 14:41:33.708,8.37758,8.37867,1.00,1.00
2017.06.30 14:41:34.657,8.37754,8.37867,1.00,1.00
2017.06.30 14:41:35.159,8.37745,8.37867,1.00,1.00
2017.06.30 14:41:35.413,8.37754,8.37867,1.00,1.00
2017.06.30 14:41:37.287,8.37754,8.37881,1.50,1.00
2017.06.30 14:41:38.349,8.37763,8.37881,1.00,1.00
2017.06.30 14:41:38.400,8.37778,8.37899,1.00,1.00
2017.06.30 14:41:38.502,8.3779,8.37899,1.00,1.00
2017.06.30 14:41:38.603,8.37794,8.37921,1.00,1.00
2017.06.30 14:41:38.756,8.37804,8.37921,1.00,1.00
2017.06.30 14:41:38.909,8.3778,8.37907,1.00,1.00
2017.06.30 14:41:39.012,8.37774,8.37885,1.00,1.00
2017.06.30 14:41:39.103,8.37774,8.37899,1.00,1.00
2017.06.30 14:41:39.154,8.37773,8.37889,1.00,1.00
2017.06.30 14:41:39.206,8.37753,8.37877,1.00,1.00
2017.06.30 14:41:39.257,8.37751,8.37877,1.00,1.00
2017.06.30 14:41:39.308,8.37745,8.37863,1.00,1.00
2017.06.30 14:41:39.825,8.37736,8.37863,1.00,1.00
2017.06.30 14:41:40.239,8.37739,8.37863,1.00,1.00
2017.06.30 14:41:40.590,8.37775,8.37863,1.00,1.00
2017.06.30 14:41:40.794,8.37776,8.37903,1.00,1.00
2017.06.30 14:41:40.895,8.37791,8.37908,1.00,1.00
2017.06.30 14:41:41.203,8.37791,8.37901,1.00,1.00
2017.06.30 14:41:41.406,8.37758,8.37883,1.00,1.00
2017.06.30 14:41:41.594,8.37765,8.37883,1.00,1.00
2017.06.30 14:41:41.899,8.37725,8.37852,1.00,1.00
2017.06.30 14:41:42.105,8.37724,8.37838,1.00,1.00
2017.06.30 14:41:42.719,8.37726,8.37838,1.00,1.00
2017.06.30 14:41:42.990,8.37742,8.37864,1.00,1.00
2017.06.30 14:41:43.092,8.37737,8.37864,1.00,1.00
2017.06.30 14:41:43.238,8.37737,8.37857,1.00,1.00
2017.06.30 14:41:43.391,8.37723,8.37849,1.00,1.00
2017.06.30 14:41:44.084,8.37729,8.37849,1.00,1.00
2017.06.30 14:41:44.422,8.37723,8.37849,1.00,1.00
2017.06.30 14:41:44.800,8.37729,8.37849,1.00,1.00
2017.06.30 14:41:45.003,8.37723,8.37849,1.00,1.00
2017.06.30 14:41:45.054,8.37731,8.37849,1.00,1.00
2017.06.30 14:41:45.206,8.37736,8.37863,1.00,1.00
2017.06.30 14:41:45.649,8.37736,8.37858,1.00,1.00
2017.06.30 14:41:45.804,8.37723,8.37849,1.00,1.00
2017.06.30 14:41:46.220,8.3773,8.37849,1.00,1.00
2017.06.30 14:41:47.019,8.37726,8.37849,1.00,1.00
2017.06.30 14:41:47.121,8.37723,8.37846,1.00,1.00
2017.06.30 14:41:47.449,8.37727,8.37839,1.00,1.00
2017.06.30 14:41:48.146,8.37726,8.37839,1.00,1.00
2017.06.30 14:41:48.954,8.37716,8.37839,1.00,1.00
2017.06.30 14:41:49.005,8.37714,8.3783,1.00,1.00
2017.06.30 14:41:49.056,8.37714,8.37839,1.00,1.00
2017.06.30 14:41:49.158,8.37714,8.37835,1.00,1.00
2017.06.30 14:41:49.550,8.37699,8.37813,1.00,1.00
2017.06.30 14:41:50.164,8.37697,8.37813,1.00,1.00
2017.06.30 14:41:50.885,8.37691,8.37813,1.00,1.00
2017.06.30 14:41:51.151,8.37686,8.37813,1.00,1.00
2017.06.30 14:41:52.146,8.3769,8.37813,1.00,1.00
2017.06.30 14:41:52.558,8.37689,8.37797,1.00,1.00
2017.06.30 14:41:53.147,8.37677,8.37797,1.00,1.00
2017.06.30 14:41:53.727,8.37685,8.37797,1.00,1.00
2017.06.30 14:41:53.829,8.37685,8.37811,1.00,1.00
2017.06.30 14:41:53.880,8.37697,8.37811,1.00,1.00
2017.06.30 14:41:54.191,8.37706,8.37811,1.00,1.00
2017.06.30 14:41:54.293,8.37688,8.37811,1.00,1.00
2017.06.30 14:41:54.445,8.37702,8.37824,1.00,1.00
2017.06.30 14:41:54.598,8.37703,8.37827,1.00,1.00
2017.06.30 14:41:54.649,8.37703,8.37813,1.00,1.00
2017.06.30 14:41:55.244,8.37698,8.37813,1.00,1.00
2017.06.30 14:41:55.645,8.37686,8.37813,1.50,1.00
2017.06.30 14:41:55.696,8.37696,8.37813,1.00,1.00
2017.06.30 14:41:56.814,8.37695,8.37813,1.00,1.00
2017.06.30 14:41:56.865,8.37692,8.37813,1.00,1.00
2017.06.30 14:41:57.059,8.37703,8.37828,1.00,1.50
2017.06.30 14:41:57.162,8.37703,8.37828,1.00,2.10
2017.06.30 14:41:57.213,8.37703,8.37828,1.00,1.50
2017.06.30 14:41:57.365,8.37692,8.37811,1.00,1.00
2017.06.30 14:41:57.894,8.37694,8.37811,1.00,1.00
2017.06.30 14:41:57.944,8.37706,8.37827,1.00,1.00
2017.06.30 14:41:58.198,8.37711,8.37833,1.00,1.00
2017.06.30 14:41:58.725,8.37711,8.37816,1.00,1.00
2017.06.30 14:41:58.878,8.37704,8.37816,1.00,1.00
2017.06.30 14:41:58.980,8.37706,8.37816,1.00,1.00
2017.06.30 14:41:59.183,8.37697,8.37816,1.00,1.00
2017.06.30 14:41:59.235,8.37703,8.3783,1.00,1.00
2017.06.30 14:41:59.336,8.37697,8.37816,1.00,1.00
2017.06.30 14:41:59.876,8.37689,8.37816,1.00,1.00
2017.06.30 14:42:00.129,8.37705,8.37815,1.00,1.00
2017.06.30 14:42:00.231,8.37685,8.37805,1.00,1.00
2017.06.30 14:42:00.282,8.3768,8.37805,1.00,1.00
2017.06.30 14:42:00.569,8.37692,8.37805,1.00,1.00
2017.06.30 14:42:00.671,8.377,8.37827,1.00,1.00
2017.06.30 14:42:00.784,8.377,8.37827,1.00,1.60
2017.06.30 14:42:01.088,8.37688,8.37795,1.00,1.00
2017.06.30 14:42:01.849,8.37684,8.37795,1.00,1.00
2017.06.30 14:42:01.952,8.37687,8.37812,1.00,1.00
2017.06.30 14:42:03.234,8.37682,8.37791,1.00,1.00
2017.06.30 14:42:03.336,8.37673,8.37791,1.00,1.00
2017.06.30 14:42:04.848,8.37689,8.37791,1.00,1.00
2017.06.30 14:42:04.899,8.37686,8.37791,1.00,1.00
2017.06.30 14:42:04.950,8.37684,8.37791,1.00,1.00
2017.06.30 14:42:05.153,8.37689,8.37815,1.00,1.00
2017.06.30 14:42:05.356,8.37684,8.37801,1.00,1.00
2017.06.30 14:42:05.458,8.37692,8.37819,1.00,1.00
2017.06.30 14:42:06.051,8.37688,8.37805,1.00,1.00
2017.06.30 14:42:06.333,8.37695,8.3782,1.00,1.00
2017.06.30 14:42:06.534,8.37688,8.37806,1.00,1.00
2017.06.30 14:42:06.847,8.37704,8.37806,1.00,1.00
2017.06.30 14:42:07.334,8.37704,8.37825,1.00,1.00
2017.06.30 14:42:07.952,8.37704,8.37826,1.00,1.00
2017.06.30 14:42:08.124,8.377,8.37826,1.00,1.00
2017.06.30 14:42:08.277,8.37697,8.37802,1.00,1.00
2017.06.30 14:42:08.378,8.3768,8.37802,1.00,1.00
2017.06.30 14:42:08.649,8.3768,8.37787,1.00,1.00
2017.06.30 14:42:09.421,8.37691,8.37787,1.00,1.00
2017.06.30 14:42:09.637,8.37677,8.37787,1.00,1.00
2017.06.30 14:42:09.739,8.37679,8.37806,1.00,1.00
2017.06.30 14:42:10.048,8.37686,8.37806,1.00,1.00
2017.06.30 14:42:10.354,8.37686,8.37787,1.00,1.00
2017.06.30 14:42:10.703,8.37682,8.37787,1.00,1.00
2017.06.30 14:42:11.542,8.377,8.37787,1.00,1.00
2017.06.30 14:42:11.644,8.377,8.37806,1.00,1.00
2017.06.30 14:42:11.745,8.377,8.3779,1.00,1.00
2017.06.30 14:42:12.094,8.37712,8.3779,1.00,1.00
2017.06.30 14:42:12.145,8.37712,8.37811,1.00,1.00
2017.06.30 14:42:12.196,8.37712,8.37813,1.00,1.00
2017.06.30 14:42:12.543,8.37716,8.37813,1.00,1.00
2017.06.30 14:42:13.781,8.37709,8.37813,1.00,1.00
2017.06.30 14:42:14.080,8.37722,8.37813,1.00,1.00
2017.06.30 14:42:15.164,8.37725,8.37813,1.00,1.00
2017.06.30 14:42:15.327,8.37714,8.37828,1.00,1.00
2017.06.30 14:42:15.712,8.37724,8.37828,1.00,1.00
2017.06.30 14:42:16.356,8.37722,8.37828,1.00,1.00
2017.06.30 14:42:19.718,8.37712,8.37828,1.00,1.00
2017.06.30 14:42:19.769,8.37701,8.37828,1.00,1.00
2017.06.30 14:42:19.871,8.37696,8.37805,1.00,1.00
2017.06.30 14:42:20.196,8.37696,8.37791,1.00,1.00
2017.06.30 14:42:20.622,8.37701,8.37791,1.00,1.00
2017.06.30 14:42:20.940,8.37722,8.37811,1.00,1.00
2017.06.30 14:42:21.063,8.37722,8.37826,1.00,1.00
2017.06.30 14:42:21.659,8.37723,8.37826,1.00,1.00
2017.06.30 14:42:22.056,8.37736,8.37826,1.00,1.00
2017.06.30 14:42:22.158,8.37715,8.37826,1.00,1.00
2017.06.30 14:42:23.070,8.37725,8.37826,1.00,1.00
2017.06.30 14:42:24.810,8.37746,8.37826,1.00,1.00
2017.06.30 14:42:24.912,8.37746,8.37849,1.00,1.00
2017.06.30 14:42:25.014,8.37746,8.37856,1.00,1.00
2017.06.30 14:42:25.786,8.37741,8.37856,1.00,1.00
2017.06.30 14:42:26.245,8.37749,8.37856,1.00,1.00
2017.06.30 14:42:26.561,8.37757,8.37856,1.00,1.00
2017.06.30 14:42:26.866,8.37763,8.37856,1.00,1.00
2017.06.30 14:42:27.302,8.37758,8.37856,1.00,1.00
2017.06.30 14:42:27.774,8.37786,8.37874,1.00,1.00
2017.06.30 14:42:27.826,8.37786,8.37903,1.00,1.00
2017.06.30 14:42:28.694,8.37792,8.37903,1.00,1.00
2017.06.30 14:42:29.414,8.37787,8.37903,1.00,1.00
2017.06.30 14:42:30.056,8.37779,8.37903,1.00,1.00
2017.06.30 14:42:30.107,8.37778,8.37887,1.00,1.00
2017.06.30 14:42:30.654,8.37764,8.37887,1.00,1.00
2017.06.30 14:42:30.705,8.37751,8.37873,1.00,1.00
2017.06.30 14:42:30.959,8.37733,8.37858,1.00,1.00
2017.06.30 14:42:31.126,8.37722,8.37838,1.00,1.00
2017.06.30 14:42:31.431,8.37722,8.37816,1.00,1.00
2017.06.30 14:42:32.094,8.37719,8.37816,1.00,1.00
2017.06.30 14:42:32.932,8.37728,8.37816,1.00,1.00
2017.06.30 14:42:33.084,8.37729,8.37835,1.00,1.00
2017.06.30 14:42:33.135,8.37729,8.37846,1.00,1.00
2017.06.30 14:42:33.186,8.37729,8.37823,1.00,1.00
2017.06.30 14:42:33.494,8.37718,8.37808,1.00,1.00
2017.06.30 14:42:33.843,8.37729,8.37808,1.00,1.00
2017.06.30 14:42:33.895,8.37729,8.37823,1.00,1.00
2017.06.30 14:42:33.997,8.3774,8.37843,1.00,1.00
2017.06.30 14:42:34.049,8.3774,8.37845,1.00,1.00
2017.06.30 14:42:34.786,8.3775,8.37845,1.00,1.00
2017.06.30 14:42:34.990,8.37758,8.37866,1.00,1.00
2017.06.30 14:42:35.829,8.37754,8.37866,1.00,1.00
2017.06.30 14:42:36.228,8.37758,8.37866,1.00,1.00
2017.06.30 14:42:36.586,8.3779,8.37889,1.00,1.00
2017.06.30 14:42:36.639,8.37776,8.37889,1.00,1.00
2017.06.30 14:42:36.742,8.37789,8.37889,1.00,1.00
2017.06.30 14:42:38.428,8.37778,8.37889,1.00,1.00
2017.06.30 14:42:38.530,8.37762,8.37886,1.00,1.00
2017.06.30 14:42:38.632,8.3775,8.37867,1.00,1.00
2017.06.30 14:42:38.936,8.3775,8.37851,1.00,1.00
2017.06.30 14:42:39.609,8.37756,8.37851,1.00,1.00
2017.06.30 14:42:39.812,8.37761,8.37869,1.00,1.00
2017.06.30 14:42:40.446,8.37769,8.37869,1.00,1.00
2017.06.30 14:42:40.600,8.37769,8.37883,1.00,1.00
2017.06.30 14:42:41.413,8.37768,8.37883,1.00,1.00
2017.06.30 14:42:41.464,8.37765,8.37883,1.00,1.00
2017.06.30 14:42:41.975,8.37757,8.37883,1.00,1.00
2017.06.30 14:42:42.026,8.37757,8.37881,1.00,1.00
2017.06.30 14:42:42.488,8.37757,8.3786,1.00,1.00
2017.06.30 14:42:42.929,8.3776,8.3786,1.00,1.00
2017.06.30 14:42:44.480,8.37766,8.3786,1.00,1.00
2017.06.30 14:42:44.531,8.37756,8.3786,1.00,1.00
2017.06.30 14:42:44.658,8.37767,8.37847,1.00,1.00
2017.06.30 14:42:44.709,8.37767,8.37869,1.00,1.00
2017.06.30 14:42:44.862,8.37755,8.37869,1.00,1.00
2017.06.30 14:42:44.966,8.37767,8.37867,1.00,1.00
2017.06.30 14:42:45.131,8.37767,8.37876,1.00,1.00
2017.06.30 14:42:45.822,8.37779,8.37876,1.00,1.00
2017.06.30 14:42:46.027,8.3777,8.37876,1.00,1.00
2017.06.30 14:42:46.078,8.37761,8.37876,1.00,1.00
2017.06.30 14:42:46.130,8.37751,8.37876,1.00,1.00
2017.06.30 14:42:46.181,8.37751,8.37867,1.00,1.00
2017.06.30 14:42:46.530,8.37751,8.37861,1.00,1.00
2017.06.30 14:42:47.120,8.37753,8.37861,1.00,1.00
2017.06.30 14:42:48.220,8.37748,8.37861,1.00,1.00
2017.06.30 14:42:48.322,8.37748,8.37847,1.00,1.00
2017.06.30 14:42:48.779,8.37757,8.37847,1.00,1.00
2017.06.30 14:42:49.779,8.37754,8.37847,1.00,1.00
2017.06.30 14:42:50.508,8.3777,8.37847,1.00,1.00
2017.06.30 14:42:50.661,8.37778,8.37876,1.00,1.00
2017.06.30 14:42:50.712,8.3778,8.37876,1.00,1.00
2017.06.30 14:42:51.519,8.37775,8.37876,1.00,1.00
2017.06.30 14:42:54.384,8.37772,8.37876,1.00,1.00
2017.06.30 14:42:55.026,8.37768,8.37876,1.00,1.00
2017.06.30 14:42:56.028,8.37764,8.37876,1.00,1.00
2017.06.30 14:42:56.687,8.37768,8.37876,1.00,1.00
2017.06.30 14:42:57.497,8.37749,8.37876,1.00,1.00
2017.06.30 14:42:57.549,8.37749,8.3784,1.00,1.00
2017.06.30 14:42:57.853,8.37649,8.37761,1.00,1.00
2017.06.30 14:42:58.825,8.37658,8.37761,1.00,1.00
2017.06.30 14:42:58.977,8.37658,8.37782,1.00,1.00
2017.06.30 14:42:59.298,8.37655,8.37775,1.00,1.00
2017.06.30 14:42:59.636,8.37649,8.37756,1.00,1.00
2017.06.30 14:43:00.374,8.37665,8.37756,1.00,1.00
2017.06.30 14:43:00.715,8.37737,8.37795,1.00,1.00
2017.06.30 14:43:00.767,8.37737,8.37831,1.00,1.00
2017.06.30 14:43:00.818,8.37742,8.37831,1.00,1.00
2017.06.30 14:43:00.870,8.37742,8.37845,1.00,1.00
2017.06.30 14:43:01.590,8.37733,8.37845,1.00,1.00
2017.06.30 14:43:01.795,8.37729,8.37845,1.00,1.00
2017.06.30 14:43:03.309,8.3773,8.37845,1.00,1.00
2017.06.30 14:43:03.663,8.37718,8.37843,1.00,1.00
2017.06.30 14:43:03.821,8.37718,8.37835,1.00,1.00
2017.06.30 14:43:04.126,8.37719,8.37814,1.00,1.00
2017.06.30 14:43:04.279,8.37719,8.37829,1.00,1.00
2017.06.30 14:43:04.764,8.37724,8.37829,1.00,1.00
2017.06.30 14:43:05.784,8.37711,8.37829,1.00,1.00
2017.06.30 14:43:05.886,8.37711,8.37808,1.00,1.00
2017.06.30 14:43:05.988,8.37711,8.37822,1.00,1.00
2017.06.30 14:43:06.039,8.37702,8.37822,1.00,1.00
2017.06.30 14:43:06.233,8.37702,8.37808,1.00,1.00
2017.06.30 14:43:06.344,8.37697,8.37808,1.00,1.00
2017.06.30 14:43:06.395,8.3773,8.37808,1.00,1.00
2017.06.30 14:43:06.497,8.3773,8.3785,1.00,1.00
2017.06.30 14:43:06.598,8.3773,8.3783,1.00,1.00
2017.06.30 14:43:06.649,8.37703,8.37827,1.00,1.00
2017.06.30 14:43:06.803,8.37701,8.37808,1.00,1.00
2017.06.30 14:43:07.189,8.37701,8.37793,1.00,1.00
2017.06.30 14:43:07.374,8.37692,8.37793,1.00,1.00
2017.06.30 14:43:08.790,8.37688,8.37793,1.00,1.00
2017.06.30 14:43:10.250,8.37684,8.37793,1.00,1.00
2017.06.30 14:43:10.774,8.37683,8.37793,1.00,1.00
2017.06.30 14:43:11.360,8.37693,8.37793,1.00,1.00
2017.06.30 14:43:11.614,8.377,8.3782,1.00,1.00
2017.06.30 14:43:12.417,8.37703,8.3782,1.00,1.00
2017.06.30 14:43:12.468,8.37695,8.3782,1.00,1.00
2017.06.30 14:43:12.621,8.37695,8.37818,1.00,1.00
2017.06.30 14:43:12.930,8.377,8.37812,1.00,1.00
2017.06.30 14:43:13.819,8.37704,8.37812,1.00,1.00
2017.06.30 14:43:14.153,8.37766,8.37856,1.00,1.00
2017.06.30 14:43:14.205,8.37761,8.37856,1.00,1.00
2017.06.30 14:43:14.931,8.37749,8.37856,1.00,1.00
2017.06.30 14:43:15.084,8.37741,8.37856,1.00,1.00
2017.06.30 14:43:15.406,8.37731,8.37856,1.00,1.00
2017.06.30 14:43:15.458,8.37774,8.37856,1.00,1.00
2017.06.30 14:43:15.713,8.3779,8.37906,1.00,1.00
2017.06.30 14:43:16.051,8.37801,8.37906,1.00,1.00
2017.06.30 14:43:16.459,8.37792,8.37906,1.00,1.00
2017.06.30 14:43:16.560,8.37799,8.37906,1.00,1.00
2017.06.30 14:43:17.477,8.37795,8.37906,1.00,1.00
2017.06.30 14:43:17.629,8.37802,8.37906,1.00,1.00
2017.06.30 14:43:18.552,8.37796,8.37906,1.00,1.00
2017.06.30 14:43:19.875,8.37792,8.37906,1.00,1.00
2017.06.30 14:43:20.229,8.37783,8.37906,1.00,1.00
2017.06.30 14:43:20.279,8.37783,8.37902,1.00,1.00
2017.06.30 14:43:20.721,8.37783,8.37896,1.00,1.00
2017.06.30 14:43:21.289,8.37787,8.37896,1.00,1.00
2017.06.30 14:43:21.642,8.37776,8.37896,1.00,1.00
2017.06.30 14:43:21.755,8.37786,8.37896,1.00,1.00
2017.06.30 14:43:21.907,8.37797,8.37912,1.00,1.00
2017.06.30 14:43:22.789,8.37802,8.37912,1.00,1.00
2017.06.30 14:43:25.208,8.37796,8.37912,1.00,1.00
2017.06.30 14:43:25.311,8.3779,8.37912,1.00,1.00
2017.06.30 14:43:25.652,8.37785,8.37911,1.00,1.00
2017.06.30 14:43:26.388,8.37785,8.37905,1.00,1.00
2017.06.30 14:43:26.834,8.3778,8.37897,1.00,1.00
2017.06.30 14:43:27.190,8.37776,8.37897,1.00,1.00
2017.06.30 14:43:29.750,8.3777,8.37889,1.00,1.00
2017.06.30 14:43:29.953,8.37755,8.37882,1.50,1.50
2017.06.30 14:43:30.529,8.37762,8.37882,1.00,1.00
2017.06.30 14:43:30.838,8.3777,8.37892,1.00,1.00
2017.06.30 14:43:31.054,8.37774,8.37897,1.00,1.00
2017.06.30 14:43:32.060,8.3777,8.37897,1.50,1.50
2017.06.30 14:43:32.377,8.37781,8.37897,1.00,1.00
2017.06.30 14:43:32.479,8.37772,8.37897,1.00,1.00
2017.06.30 14:43:32.624,8.3777,8.37887,1.00,1.00
2017.06.30 14:43:32.930,8.37719,8.37842,1.00,1.00
2017.06.30 14:43:33.031,8.37719,8.37827,1.00,1.00
2017.06.30 14:43:33.729,8.37718,8.37827,1.00,1.00
2017.06.30 14:43:35.228,8.37713,8.37827,1.00,1.00
2017.06.30 14:43:35.280,8.37702,8.37824,1.00,1.00
2017.06.30 14:43:35.382,8.37702,8.37814,1.00,1.00
2017.06.30 14:43:35.433,8.37689,8.37813,1.00,1.00
2017.06.30 14:43:35.636,8.37707,8.37813,1.00,1.00
2017.06.30 14:43:35.738,8.37707,8.37828,1.00,1.00
2017.06.30 14:43:35.891,8.37718,8.37828,1.00,1.00
2017.06.30 14:43:36.032,8.37718,8.37843,1.00,1.00
2017.06.30 14:43:37.905,8.37716,8.37829,1.00,1.00
2017.06.30 14:43:38.059,8.37695,8.37818,1.00,1.00
2017.06.30 14:43:38.161,8.37692,8.37807,1.00,1.00
2017.06.30 14:43:39.369,8.37681,8.37807,1.00,1.50
2017.06.30 14:43:39.781,8.37686,8.37807,1.00,1.00
2017.06.30 14:43:40.969,8.37682,8.37807,1.00,1.00
2017.06.30 14:43:41.290,8.37687,8.37807,1.00,1.00
2017.06.30 14:43:41.621,8.37707,8.37807,1.00,1.00
2017.06.30 14:43:41.731,8.37707,8.37829,1.00,1.00
2017.06.30 14:43:41.782,8.37702,8.37829,1.00,1.00
2017.06.30 14:43:41.937,8.37677,8.378,1.00,1.00
2017.06.30 14:43:42.468,8.37673,8.378,1.00,1.00
2017.06.30 14:43:42.662,8.37668,8.37785,1.00,1.00
2017.06.30 14:43:42.983,8.37706,8.378,1.00,1.00
2017.06.30 14:43:43.085,8.37718,8.37835,1.00,1.00
2017.06.30 14:43:43.288,8.37711,8.37835,1.00,1.00
2017.06.30 14:43:43.339,8.37703,8.37822,1.00,1.00
2017.06.30 14:43:43.932,8.37717,8.37822,1.00,1.00
2017.06.30 14:43:44.086,8.37718,8.37843,1.00,1.00
2017.06.30 14:43:44.929,8.37721,8.37843,1.00,1.00
2017.06.30 14:43:45.931,8.37718,8.37843,1.00,1.00
2017.06.30 14:43:47.884,8.37725,8.37843,1.00,1.00
2017.06.30 14:43:48.842,8.37727,8.37843,1.00,1.00
2017.06.30 14:43:49.354,8.37783,8.37864,1.00,1.00
2017.06.30 14:43:49.468,8.37798,8.3791,1.00,1.00
2017.06.30 14:43:50.488,8.378,8.3791,1.00,1.00
2017.06.30 14:43:53.504,8.37793,8.3791,1.00,1.00
2017.06.30 14:43:54.457,8.37769,8.37879,1.00,1.00
2017.06.30 14:43:54.508,8.37764,8.37879,1.00,1.00
2017.06.30 14:43:54.559,8.3776,8.37879,1.00,1.00
2017.06.30 14:43:54.990,8.37766,8.37879,1.00,1.00
2017.06.30 14:43:55.295,8.37777,8.37894,1.00,1.00
2017.06.30 14:43:55.448,8.37799,8.37894,1.00,1.00
2017.06.30 14:43:55.600,8.37799,8.37914,1.00,1.00
2017.06.30 14:43:55.651,8.37791,8.37914,1.00,1.00
2017.06.30 14:43:55.758,8.37789,8.37903,1.00,1.00
2017.06.30 14:43:56.078,8.37789,8.37888,1.00,1.00
2017.06.30 14:43:56.281,8.37781,8.37888,1.00,1.00
2017.06.30 14:43:56.333,8.37793,8.37888,1.00,1.00
2017.06.30 14:43:56.485,8.37784,8.37907,1.00,1.00
2017.06.30 14:43:56.709,8.3778,8.37889,1.00,1.00
2017.06.30 14:43:56.861,8.37791,8.37903,1.00,1.00
2017.06.30 14:43:56.963,8.37799,8.37915,1.00,1.00
2017.06.30 14:43:57.019,8.37803,8.37923,1.00,1.00
2017.06.30 14:43:57.071,8.37803,8.37926,1.00,1.00
2017.06.30 14:43:57.680,8.37799,8.3791,1.00,1.00
2017.06.30 14:43:57.782,8.37784,8.37897,1.00,1.00
2017.06.30 14:43:58.020,8.37777,8.37897,1.00,1.00
2017.06.30 14:43:59.022,8.37781,8.37897,1.00,1.00
2017.06.30 14:44:00.017,8.37776,8.37897,1.00,1.00
2017.06.30 14:44:01.018,8.37775,8.37897,1.00,1.00
2017.06.30 14:44:01.124,8.37789,8.37897,1.00,1.00
2017.06.30 14:44:02.109,8.37783,8.37882,1.00,1.00
2017.06.30 14:44:02.313,8.37783,8.37897,1.00,1.00
2017.06.30 14:44:03.466,8.37787,8.37897,1.00,1.00
2017.06.30 14:44:03.774,8.37787,8.37881,1.00,1.00
2017.06.30 14:44:04.078,8.37783,8.37881,1.00,1.00
2017.06.30 14:44:04.614,8.37772,8.37881,1.00,1.00
2017.06.30 14:44:05.775,8.37776,8.37881,1.00,1.00
2017.06.30 14:44:05.982,8.37772,8.37881,1.00,1.00
2017.06.30 14:44:06.086,8.37754,8.37875,1.00,1.00
2017.06.30 14:44:06.138,8.37754,8.37863,1.00,1.00
2017.06.30 14:44:06.190,8.37736,8.37847,1.00,1.00
2017.06.30 14:44:06.241,8.37748,8.37847,1.00,1.00
2017.06.30 14:44:06.293,8.37748,8.37868,1.00,1.00
2017.06.30 14:44:07.034,8.37748,8.37869,1.00,1.00
2017.06.30 14:44:07.085,8.37741,8.37848,1.00,1.00
2017.06.30 14:44:07.238,8.37737,8.37848,1.00,1.00
2017.06.30 14:44:08.733,8.37757,8.37848,1.00,1.00
2017.06.30 14:44:08.886,8.37767,8.3787,1.00,1.00
2017.06.30 14:44:09.334,8.37784,8.3787,1.00,1.00
2017.06.30 14:44:09.385,8.37784,8.37884,1.00,1.00
2017.06.30 14:44:09.437,8.37823,8.37884,1.00,1.00
2017.06.30 14:44:09.488,8.37823,8.37904,1.00,1.00
2017.06.30 14:44:09.539,8.37841,8.37904,1.00,1.00
2017.06.30 14:44:09.591,8.37841,8.37918,1.00,1.00
2017.06.30 14:44:09.642,8.37865,8.37918,1.00,1.00
2017.06.30 14:44:09.693,8.37865,8.3794,1.00,1.00
2017.06.30 14:44:09.795,8.37886,8.3794,1.00,1.00
2017.06.30 14:44:09.897,8.37886,8.37986,1.00,1.00
2017.06.30 14:44:10.100,8.37886,8.37994,1.00,1.00
2017.06.30 14:44:10.461,8.37895,8.37994,1.00,1.00
2017.06.30 14:44:11.454,8.37897,8.37994,1.00,1.00
2017.06.30 14:44:11.574,8.37883,8.37994,1.00,1.00
2017.06.30 14:44:11.676,8.37893,8.37994,1.00,1.00
2017.06.30 14:44:12.999,8.37871,8.37994,1.00,1.00
2017.06.30 14:44:13.202,8.37871,8.37967,1.00,1.00
2017.06.30 14:44:13.513,8.37886,8.37967,1.00,1.00
2017.06.30 14:44:13.809,8.37919,8.38011,1.00,1.00
2017.06.30 14:44:13.911,8.37932,8.38025,1.00,1.00
2017.06.30 14:44:14.011,8.37932,8.38039,1.00,1.00
2017.06.30 14:44:14.063,8.37954,8.38039,1.00,1.00
2017.06.30 14:44:14.403,8.37961,8.3808,1.00,1.00
2017.06.30 14:44:14.454,8.37961,8.38058,1.00,1.00
2017.06.30 14:44:14.709,8.3791,8.38034,1.00,1.00
2017.06.30 14:44:14.980,8.3791,8.38027,1.00,1.00
2017.06.30 14:44:15.031,8.37885,8.38007,1.00,1.00
2017.06.30 14:44:15.133,8.37902,8.38029,1.00,1.00
2017.06.30 14:44:15.390,8.37905,8.38029,1.00,1.00
2017.06.30 14:44:15.697,8.37913,8.38029,1.00,1.00
2017.06.30 14:44:15.851,8.37902,8.38029,1.00,1.00
2017.06.30 14:44:16.004,8.37889,8.38013,1.00,1.00
2017.06.30 14:44:16.162,8.37886,8.38013,1.00,1.00
2017.06.30 14:44:16.315,8.37878,8.37998,1.00,1.00
2017.06.30 14:44:16.679,8.37871,8.37998,1.00,1.00
2017.06.30 14:44:16.782,8.37871,8.37981,1.00,1.00
2017.06.30 14:44:16.833,8.3784,8.37961,1.00,1.00
2017.06.30 14:44:17.230,8.37834,8.37961,1.00,1.00
2017.06.30 14:44:17.283,8.37834,8.37949,1.00,1.00
2017.06.30 14:44:17.334,8.37812,8.37939,1.00,1.00
2017.06.30 14:44:17.385,8.37812,8.37937,1.00,1.00
2017.06.30 14:44:17.695,8.37829,8.37917,1.00,1.00
2017.06.30 14:44:17.746,8.37825,8.37917,1.00,1.00
2017.06.30 14:44:17.849,8.37825,8.37931,1.00,1.00
2017.06.30 14:44:17.985,8.37887,8.37965,1.00,1.00
2017.06.30 14:44:18.140,8.37887,8.37986,1.00,1.00
2017.06.30 14:44:18.191,8.37908,8.37986,1.00,1.00
2017.06.30 14:44:18.243,8.37908,8.38012,1.00,1.50
2017.06.30 14:44:18.344,8.37908,8.38024,1.00,1.00
2017.06.30 14:44:18.396,8.37908,8.38013,1.00,2.25
2017.06.30 14:44:18.599,8.37908,8.38024,1.00,1.00
2017.06.30 14:44:19.064,8.37919,8.38024,1.00,1.00
2017.06.30 14:44:19.115,8.37919,8.38038,1.00,1.00
2017.06.30 14:44:19.914,8.37923,8.38038,1.00,1.00
2017.06.30 14:44:20.465,8.37918,8.38038,1.00,1.00
2017.06.30 14:44:21.211,8.37913,8.38038,1.50,1.50
2017.06.30 14:44:21.566,8.3792,8.38038,1.00,1.00
2017.06.30 14:44:21.668,8.37913,8.38035,1.00,1.00
2017.06.30 14:44:22.128,8.37917,8.38038,1.00,1.00
2017.06.30 14:44:22.578,8.37913,8.38037,1.00,1.00
2017.06.30 14:44:23.069,8.37919,8.38038,1.00,1.00
2017.06.30 14:44:23.222,8.37939,8.38061,1.00,1.00
2017.06.30 14:44:23.324,8.37956,8.38061,1.00,1.00
2017.06.30 14:44:23.528,8.37964,8.3807,1.00,1.00
2017.06.30 14:44:23.629,8.37944,8.38068,1.00,1.00
2017.06.30 14:44:23.841,8.37956,8.3807,1.00,1.00
2017.06.30 14:44:23.944,8.3796,8.38083,1.00,1.00
2017.06.30 14:44:24.046,8.37971,8.38085,1.00,1.00
2017.06.30 14:44:24.250,8.37972,8.38097,1.00,1.00
2017.06.30 14:44:24.352,8.37999,8.38099,1.00,1.00
2017.06.30 14:44:24.570,8.37999,8.38112,1.00,1.00
2017.06.30 14:44:25.254,8.37987,8.38103,1.00,1.00
2017.06.30 14:44:25.520,8.37977,8.38091,1.00,1.00
2017.06.30 14:44:25.571,8.3798,8.38104,1.00,1.00
2017.06.30 14:44:25.675,8.37977,8.38091,1.00,1.00
2017.06.30 14:44:25.776,8.37979,8.38104,1.00,1.00
2017.06.30 14:44:26.501,8.37981,8.38106,1.00,1.00
2017.06.30 14:44:26.806,8.38008,8.38106,1.00,1.00
2017.06.30 14:44:26.958,8.38008,8.38128,1.00,1.00
2017.06.30 14:44:27.262,8.38008,8.38113,1.00,1.00
2017.06.30 14:44:27.786,8.3801,8.38113,1.00,1.00
2017.06.30 14:44:28.397,8.38003,8.38113,1.00,1.00
2017.06.30 14:44:29.321,8.3799,8.38113,1.00,1.00
2017.06.30 14:44:29.560,8.37986,8.38101,1.00,1.00
2017.06.30 14:44:29.662,8.37972,8.38091,1.00,1.00
2017.06.30 14:44:29.764,8.37965,8.38083,1.00,1.00
2017.06.30 14:44:29.954,8.37972,8.38091,1.00,1.00
2017.06.30 14:44:30.545,8.37972,8.38082,1.00,1.00
2017.06.30 14:44:30.647,8.37979,8.38099,1.00,1.00
2017.06.30 14:44:30.698,8.37983,8.38099,1.00,1.00
2017.06.30 14:44:31.005,8.37959,8.38073,1.00,1.00
2017.06.30 14:44:31.351,8.37927,8.38048,1.00,1.00
2017.06.30 14:44:31.972,8.37927,8.38038,1.00,1.00
2017.06.30 14:44:32.902,8.37927,8.38039,1.00,1.00
2017.06.30 14:44:33.241,8.37931,8.38054,1.00,1.00
2017.06.30 14:44:33.881,8.37949,8.38054,1.00,1.00
2017.06.30 14:44:34.239,8.37943,8.38054,1.00,1.00
2017.06.30 14:44:35.198,8.37941,8.38054,1.00,1.00
2017.06.30 14:44:35.729,8.37927,8.38045,1.00,1.50
2017.06.30 14:44:35.780,8.37919,8.38026,1.00,1.00
2017.06.30 14:44:35.832,8.37903,8.38026,1.00,1.00
2017.06.30 14:44:35.883,8.37921,8.38026,1.00,1.00
2017.06.30 14:44:36.187,8.37951,8.38026,1.00,1.00
2017.06.30 14:44:36.289,8.37954,8.38065,1.00,1.00
2017.06.30 14:44:36.443,8.37954,8.38063,1.00,1.00
2017.06.30 14:44:36.571,8.37954,8.38065,1.00,1.00
2017.06.30 14:44:36.622,8.37954,8.38058,1.00,1.00
2017.06.30 14:44:37.184,8.37948,8.38058,1.00,1.00
2017.06.30 14:44:38.179,8.37943,8.38058,1.00,1.00
2017.06.30 14:44:39.940,8.37948,8.38058,1.00,1.00
2017.06.30 14:44:40.523,8.37951,8.38058,1.00,1.00
2017.06.30 14:44:41.524,8.37953,8.38058,1.00,1.00
2017.06.30 14:44:42.234,8.37941,8.38058,1.00,1.00
2017.06.30 14:44:42.285,8.37948,8.38058,1.00,1.00
2017.06.30 14:44:42.587,8.37965,8.38058,1.00,1.00
2017.06.30 14:44:42.639,8.37951,8.38058,1.00,1.00
2017.06.30 14:44:42.691,8.37955,8.38077,1.00,1.00
2017.06.30 14:44:42.793,8.37951,8.38067,1.00,1.00
2017.06.30 14:44:43.353,8.37942,8.38066,1.50,1.00
2017.06.30 14:44:43.404,8.37942,8.38053,1.00,1.00
2017.06.30 14:44:44.364,8.37943,8.38053,1.00,1.00
2017.06.30 14:44:45.461,8.37947,8.38053,1.00,1.00
2017.06.30 14:44:45.767,8.37986,8.38053,1.00,1.00
2017.06.30 14:44:46.074,8.38095,8.38112,1.00,1.00
2017.06.30 14:44:46.125,8.38117,8.38172,1.00,1.00
2017.06.30 14:44:46.227,8.38117,8.38192,1.00,1.50
2017.06.30 14:44:46.329,8.38117,8.38212,1.00,1.50
2017.06.30 14:44:46.482,8.3816,8.38213,1.00,1.50
2017.06.30 14:44:46.690,8.38202,8.38274,1.00,1.00
2017.06.30 14:44:46.792,8.38202,8.38302,1.00,2.25
2017.06.30 14:44:46.843,8.38193,8.38303,1.00,1.50
2017.06.30 14:44:46.894,8.38213,8.38303,1.00,1.50
2017.06.30 14:44:46.946,8.38213,8.38331,1.00,1.00
2017.06.30 14:44:46.997,8.38207,8.38311,1.00,1.00
2017.06.30 14:44:47.306,8.38244,8.38311,1.00,1.00
2017.06.30 14:44:47.526,8.38244,8.3835,1.00,1.00
2017.06.30 14:44:47.578,8.38256,8.3835,1.00,1.00
2017.06.30 14:44:47.877,8.38225,8.38349,1.00,1.00
2017.06.30 14:44:47.931,8.38223,8.3833,1.00,1.00
2017.06.30 14:44:48.033,8.38209,8.3833,1.00,1.00
2017.06.30 14:44:48.191,8.38197,8.38295,1.00,1.00
2017.06.30 14:44:48.489,8.38203,8.38318,1.00,1.00
2017.06.30 14:44:48.540,8.38191,8.38315,1.00,1.00
2017.06.30 14:44:48.591,8.38188,8.38303,1.00,1.00
2017.06.30 14:44:48.991,8.38176,8.38282,1.00,1.00
2017.06.30 14:44:49.094,8.38176,8.38295,1.00,1.00
2017.06.30 14:44:49.198,8.38155,8.3828,1.00,1.00
2017.06.30 14:44:49.401,8.38155,8.38265,1.00,1.00
2017.06.30 14:44:49.452,8.38144,8.38265,1.00,1.00
2017.06.30 14:44:49.590,8.38144,8.38251,1.00,1.00
2017.06.30 14:44:50.153,8.38149,8.38251,1.00,1.00
2017.06.30 14:44:52.854,8.38144,8.38251,1.00,1.00
2017.06.30 14:44:52.905,8.38134,8.38251,1.00,1.00
2017.06.30 14:44:54.007,8.38124,8.38251,1.50,1.50
2017.06.30 14:44:54.059,8.38124,8.38242,1.00,1.00
2017.06.30 14:44:54.405,8.38108,8.38221,1.00,1.00
2017.06.30 14:44:54.457,8.38095,8.38221,1.00,1.00
2017.06.30 14:44:54.508,8.38095,8.38206,1.00,1.00
2017.06.30 14:44:55.009,8.38085,8.38206,1.00,1.00
2017.06.30 14:44:55.420,8.38079,8.38203,1.00,1.00
2017.06.30 14:44:55.471,8.38079,8.38189,1.00,1.00
2017.06.30 14:44:55.624,8.38046,8.38168,1.00,1.00
2017.06.30 14:44:56.107,8.38057,8.38168,1.00,1.00
2017.06.30 14:44:56.412,8.38097,8.38168,1.00,1.00
2017.06.30 14:44:56.514,8.38097,8.3819,1.00,1.00
2017.06.30 14:44:57.119,8.38088,8.3819,1.00,1.00
2017.06.30 14:44:57.331,8.38098,8.3819,1.00,1.00
2017.06.30 14:44:58.946,8.38117,8.3819,1.00,1.00
2017.06.30 14:44:59.149,8.3812,8.38235,1.00,1.00
2017.06.30 14:44:59.552,8.38109,8.38235,1.00,1.00
2017.06.30 14:44:59.718,8.38109,8.38219,1.00,1.00
2017.06.30 14:45:00.000,8.38099,8.38219,1.00,1.00
2017.06.30 14:45:00.153,8.38099,8.38203,1.00,1.00
2017.06.30 14:45:01.001,8.38096,8.38203,1.00,1.00
2017.06.30 14:45:01.751,8.38089,8.38203,1.00,1.00
2017.06.30 14:45:02.125,8.38103,8.38219,1.00,1.00
2017.06.30 14:45:02.185,8.38112,8.38219,1.00,1.00
2017.06.30 14:45:02.568,8.38099,8.38219,1.00,1.00
2017.06.30 14:45:02.822,8.38099,8.38203,1.00,1.00
2017.06.30 14:45:02.954,8.38089,8.38203,1.00,1.00
2017.06.30 14:45:03.249,8.38081,8.38203,1.00,1.00
2017.06.30 14:45:03.402,8.38078,8.38187,1.00,1.00
2017.06.30 14:45:03.806,8.38072,8.38181,1.00,1.00
2017.06.30 14:45:04.175,8.38065,8.38182,1.00,1.00
2017.06.30 14:45:04.277,8.38076,8.38182,1.00,1.00
2017.06.30 14:45:04.960,8.38074,8.38175,1.00,1.00
2017.06.30 14:45:05.502,8.3808,8.38175,1.00,1.00
2017.06.30 14:45:05.692,8.38067,8.38175,1.00,1.00
2017.06.30 14:45:05.743,8.38067,8.38189,1.00,1.00
2017.06.30 14:45:05.794,8.38062,8.38189,1.50,1.50
2017.06.30 14:45:05.947,8.38062,8.38172,1.00,1.00
2017.06.30 14:45:06.303,8.38047,8.38172,1.00,1.00
2017.06.30 14:45:07.005,8.38047,8.38165,1.00,1.00
2017.06.30 14:45:07.383,8.38039,8.38145,1.00,1.00
2017.06.30 14:45:07.692,8.38039,8.3813,1.00,1.00
2017.06.30 14:45:07.844,8.38051,8.38159,1.00,1.00
2017.06.30 14:45:08.754,8.38052,8.38159,1.00,1.00
2017.06.30 14:45:09.314,8.38045,8.38159,1.00,1.00
2017.06.30 14:45:09.549,8.38045,8.38136,1.00,1.00
2017.06.30 14:45:09.600,8.38036,8.38136,1.00,1.00
2017.06.30 14:45:09.702,8.38027,8.38136,1.00,1.00
2017.06.30 14:45:10.211,8.38038,8.38136,1.00,1.00
2017.06.30 14:45:10.498,8.38029,8.38136,1.00,1.00
2017.06.30 14:45:10.549,8.3804,8.38136,1.00,1.00
2017.06.30 14:45:10.651,8.3804,8.38152,1.00,1.00
2017.06.30 14:45:10.813,8.3803,8.38152,1.00,1.00
2017.06.30 14:45:10.863,8.3803,8.38137,1.00,1.00
2017.06.30 14:45:11.389,8.38031,8.38137,1.00,1.00
2017.06.30 14:45:12.133,8.38034,8.38137,1.00,1.00
2017.06.30 14:45:13.135,8.38029,8.38137,1.00,1.00
2017.06.30 14:45:14.761,8.38033,8.38137,1.00,1.00
2017.06.30 14:45:15.762,8.38034,8.38137,1.00,1.00
2017.06.30 14:45:16.176,8.38034,8.38155,1.00,1.00
2017.06.30 14:45:16.278,8.38034,8.3814,1.00,1.00
2017.06.30 14:45:16.595,8.38039,8.38154,1.00,1.00
2017.06.30 14:45:16.646,8.38039,8.3814,1.00,1.00
2017.06.30 14:45:17.550,8.38037,8.3814,1.00,1.00
2017.06.30 14:45:18.186,8.38054,8.3814,1.00,1.00
2017.06.30 14:45:18.389,8.38073,8.38162,1.00,1.00
2017.06.30 14:45:18.491,8.38073,8.38177,1.00,1.00
2017.06.30 14:45:18.636,8.38064,8.38177,1.00,1.00
2017.06.30 14:45:18.738,8.38064,8.38173,1.00,1.00
2017.06.30 14:45:19.055,8.38064,8.38153,1.00,1.00
2017.06.30 14:45:19.158,8.38064,8.38175,1.00,1.00
2017.06.30 14:45:19.210,8.3807,8.38175,1.00,1.00
2017.06.30 14:45:19.261,8.38071,8.38184,1.00,1.00
2017.06.30 14:45:19.363,8.38057,8.38182,1.50,1.00
2017.06.30 14:45:19.456,8.38057,8.38168,1.00,1.00
2017.06.30 14:45:19.558,8.38064,8.38184,1.00,1.00
2017.06.30 14:45:19.609,8.3807,8.38189,1.00,1.00
2017.06.30 14:45:19.914,8.38064,8.38183,1.00,1.00
2017.06.30 14:45:20.252,8.38049,8.38168,1.00,1.00
2017.06.30 14:45:22.010,8.38053,8.38168,1.00,1.00
2017.06.30 14:45:22.867,8.38062,8.38168,1.00,1.00
2017.06.30 14:45:23.069,8.38063,8.38188,1.00,1.00
2017.06.30 14:45:23.554,8.38077,8.3819,1.00,1.00
2017.06.30 14:45:23.869,8.38123,8.3819,1.00,1.00
2017.06.30 14:45:23.922,8.38123,8.38235,1.00,1.00
2017.06.30 14:45:24.178,8.3811,8.38235,1.50,1.00
2017.06.30 14:45:24.281,8.3811,8.38221,1.00,1.00
2017.06.30 14:45:24.485,8.38099,8.38221,1.00,1.00
2017.06.30 14:45:25.471,8.38094,8.38221,1.50,1.50
2017.06.30 14:45:25.525,8.38101,8.38221,1.00,1.00
2017.06.30 14:45:26.457,8.38106,8.38221,1.00,1.00
2017.06.30 14:45:28.804,8.38105,8.38221,1.00,1.00
2017.06.30 14:45:29.152,8.38118,8.38221,1.00,1.00
2017.06.30 14:45:29.825,8.38122,8.38221,1.00,1.00
2017.06.30 14:45:30.617,8.38129,8.38221,1.00,1.00
2017.06.30 14:45:30.718,8.38121,8.38221,1.00,1.00
2017.06.30 14:45:31.230,8.3813,8.38221,1.00,1.00
2017.06.30 14:45:31.612,8.38129,8.38247,1.00,1.00
2017.06.30 14:45:31.714,8.38129,8.38233,1.00,1.00
2017.06.30 14:45:31.841,8.38119,8.38233,1.00,1.00
2017.06.30 14:45:32.091,8.38109,8.38233,1.00,1.00
2017.06.30 14:45:32.244,8.38109,8.38231,1.00,1.00
2017.06.30 14:45:32.733,8.38099,8.38211,1.00,1.00
2017.06.30 14:45:32.887,8.3809,8.38211,1.00,1.00
2017.06.30 14:45:33.142,8.38084,8.38207,1.00,1.00
2017.06.30 14:45:33.369,8.3808,8.38196,1.00,1.00
2017.06.30 14:45:34.098,8.38079,8.38196,1.00,1.00
2017.06.30 14:45:34.300,8.38069,8.38194,1.00,1.00
2017.06.30 14:45:34.452,8.38069,8.38187,1.00,1.00
2017.06.30 14:45:34.504,8.38077,8.38196,1.00,1.00
2017.06.30 14:45:34.556,8.38069,8.38189,1.00,1.00
2017.06.30 14:45:34.607,8.38079,8.38196,1.00,1.00
2017.06.30 14:45:35.451,8.38087,8.38196,1.00,1.00
2017.06.30 14:45:36.171,8.38093,8.38196,1.00,1.00
2017.06.30 14:45:36.323,8.38093,8.38211,1.00,1.00
2017.06.30 14:45:36.425,8.38107,8.38219,1.00,1.00
2017.06.30 14:45:36.616,8.38093,8.38218,1.00,1.00
2017.06.30 14:45:36.686,8.38098,8.38218,1.00,1.00
2017.06.30 14:45:37.124,8.38107,8.38225,1.00,1.00
2017.06.30 14:45:37.516,8.38115,8.38232,1.00,1.00
2017.06.30 14:45:38.257,8.3811,8.38232,1.00,1.00
2017.06.30 14:45:38.837,8.38107,8.38232,1.00,1.00
2017.06.30 14:45:38.888,8.38106,8.38218,1.00,1.00
2017.06.30 14:45:38.992,8.38113,8.38233,1.00,1.00
2017.06.30 14:45:39.293,8.38106,8.38218,1.00,1.00
2017.06.30 14:45:39.395,8.38106,8.38233,1.50,1.50
2017.06.30 14:45:39.701,8.38115,8.38233,1.00,1.00
2017.06.30 14:45:40.042,8.38125,8.38233,1.00,1.00
2017.06.30 14:45:40.296,8.38131,8.38254,1.00,1.00
2017.06.30 14:45:40.535,8.38129,8.38245,1.00,1.00
2017.06.30 14:45:41.564,8.38129,8.3825,1.00,1.00
2017.06.30 14:45:41.615,8.38129,8.38252,1.00,1.00
2017.06.30 14:45:41.716,8.38125,8.3824,1.00,1.00
2017.06.30 14:45:43.089,8.38131,8.3824,1.00,1.00
2017.06.30 14:45:43.140,8.38126,8.3824,1.00,1.00
2017.06.30 14:45:44.090,8.38119,8.3824,1.00,1.00
2017.06.30 14:45:45.157,8.38115,8.3824,1.00,1.00
2017.06.30 14:45:45.826,8.38124,8.3824,1.00,1.00
2017.06.30 14:45:46.325,8.38116,8.3824,1.00,1.00
2017.06.30 14:45:47.200,8.38136,8.3824,1.00,1.00
2017.06.30 14:45:47.251,8.38125,8.3824,1.00,1.00
2017.06.30 14:45:47.352,8.38128,8.38252,1.00,1.00
2017.06.30 14:45:47.552,8.38134,8.38255,1.00,1.00
2017.06.30 14:45:48.046,8.38128,8.38249,1.00,1.00
2017.06.30 14:45:48.355,8.38115,8.3824,1.00,1.00
2017.06.30 14:45:48.406,8.38126,8.3824,1.00,1.00
2017.06.30 14:45:48.629,8.38146,8.38261,1.00,1.00
2017.06.30 14:45:49.516,8.38152,8.38261,1.00,1.00
2017.06.30 14:45:50.421,8.38145,8.38261,1.00,1.00
2017.06.30 14:45:51.010,8.38137,8.38261,1.00,1.00
2017.06.30 14:45:51.454,8.38156,8.38261,1.00,1.00
2017.06.30 14:45:51.761,8.38172,8.38261,1.00,1.00
2017.06.30 14:45:51.862,8.38172,8.38298,1.50,1.00
2017.06.30 14:45:52.463,8.38184,8.38299,1.00,1.00
2017.06.30 14:45:53.210,8.38172,8.38297,1.00,1.00
2017.06.30 14:45:53.261,8.38172,8.38286,1.00,1.00
2017.06.30 14:45:53.363,8.38172,8.38293,1.00,1.00
2017.06.30 14:45:53.464,8.38167,8.38277,1.00,1.00
2017.06.30 14:45:53.770,8.38282,8.38336,1.00,1.00
2017.06.30 14:45:53.949,8.38287,8.38382,1.00,1.00
2017.06.30 14:45:54.001,8.3829,8.38412,1.00,1.50
2017.06.30 14:45:54.206,8.3832,8.38412,1.00,1.50
2017.06.30 14:45:54.359,8.38324,8.38447,1.00,1.00
2017.06.30 14:45:54.512,8.3834,8.38451,1.00,1.00
2017.06.30 14:45:54.847,8.38351,8.38471,1.00,1.00
2017.06.30 14:45:55.000,8.3836,8.38471,1.00,1.00
2017.06.30 14:45:55.567,8.38367,8.38471,1.00,1.00
2017.06.30 14:45:56.089,8.38361,8.38471,1.00,1.00
2017.06.30 14:45:56.140,8.3836,8.38483,1.00,1.00
2017.06.30 14:45:56.242,8.38359,8.3847,1.00,1.00
2017.06.30 14:45:57.079,8.38345,8.38459,1.00,1.00
2017.06.30 14:45:57.182,8.38345,8.38431,1.00,1.00
2017.06.30 14:45:57.284,8.38308,8.38431,1.00,1.00
2017.06.30 14:45:57.481,8.38293,8.38416,1.00,1.00
2017.06.30 14:45:57.785,8.38278,8.38391,1.00,1.00
2017.06.30 14:45:57.989,8.38265,8.38391,1.00,1.00
2017.06.30 14:45:58.470,8.38276,8.38391,1.00,1.00
2017.06.30 14:45:58.724,8.38265,8.38391,1.00,1.00
2017.06.30 14:45:58.775,8.38265,8.38374,1.00,1.00
2017.06.30 14:45:59.122,8.38256,8.38374,1.00,1.00
2017.06.30 14:45:59.173,8.38271,8.38374,1.00,1.00
2017.06.30 14:45:59.376,8.38271,8.38392,1.00,1.00
2017.06.30 14:45:59.832,8.3828,8.38392,1.00,1.00
2017.06.30 14:46:00.087,8.38291,8.38407,1.00,1.00
2017.06.30 14:46:00.863,8.38287,8.38407,1.00,1.00
2017.06.30 14:46:01.301,8.3828,8.38384,1.00,1.00
2017.06.30 14:46:01.555,8.38258,8.38384,1.50,1.00
2017.06.30 14:46:01.657,8.38258,8.3837,1.00,1.00
2017.06.30 14:46:02.438,8.38252,8.3837,1.00,1.00
2017.06.30 14:46:02.855,8.38267,8.3838,1.00,1.00
2017.06.30 14:46:02.957,8.38253,8.38371,1.00,1.00
2017.06.30 14:46:03.286,8.38261,8.38371,1.00,1.00
2017.06.30 14:46:04.065,8.38271,8.38371,1.00,1.00
2017.06.30 14:46:04.167,8.3828,8.38393,1.00,1.00
2017.06.30 14:46:04.327,8.38272,8.38393,1.00,1.00
2017.06.30 14:46:04.679,8.38284,8.38393,1.00,1.00
2017.06.30 14:46:05.309,8.38277,8.38393,1.00,1.00
2017.06.30 14:46:05.928,8.38284,8.38393,1.00,1.00
2017.06.30 14:46:06.803,8.38266,8.38388,1.00,1.00
2017.06.30 14:46:06.854,8.38266,8.38378,1.00,1.00
2017.06.30 14:46:06.905,8.38252,8.38371,1.00,1.00
2017.06.30 14:46:07.771,8.38246,8.38371,1.00,1.00
2017.06.30 14:46:07.822,8.38251,8.38371,1.00,1.00
2017.06.30 14:46:09.390,8.38253,8.38371,1.00,1.00
2017.06.30 14:46:09.672,8.38267,8.38391,1.00,1.00
2017.06.30 14:46:09.725,8.38267,8.38393,1.00,1.00
2017.06.30 14:46:10.192,8.38277,8.38393,1.00,1.00
2017.06.30 14:46:11.171,8.38275,8.38393,1.00,1.00
2017.06.30 14:46:12.463,8.38268,8.38393,1.00,1.00
2017.06.30 14:46:12.514,8.38268,8.38383,1.00,1.00
2017.06.30 14:46:12.717,8.38268,8.38385,1.00,1.00
2017.06.30 14:46:13.173,8.38264,8.38385,1.00,1.00
2017.06.30 14:46:14.547,8.38258,8.38375,1.00,1.00
2017.06.30 14:46:14.923,8.38249,8.38355,1.00,1.00
2017.06.30 14:46:15.539,8.38248,8.38355,1.00,1.00
2017.06.30 14:46:16.118,8.3826,8.38355,1.00,1.00
2017.06.30 14:46:16.220,8.38279,8.38377,1.00,1.00
2017.06.30 14:46:16.323,8.38287,8.38379,1.00,1.00
2017.06.30 14:46:16.425,8.38264,8.38379,1.00,1.00
2017.06.30 14:46:16.477,8.38264,8.38389,1.00,1.00
2017.06.30 14:46:16.579,8.38256,8.3837,1.00,1.00
2017.06.30 14:46:17.058,8.38243,8.3837,1.00,1.00
2017.06.30 14:46:17.211,8.38234,8.38348,1.00,1.00
2017.06.30 14:46:17.445,8.38229,8.38348,1.00,1.00
2017.06.30 14:46:17.748,8.38221,8.38348,1.00,1.00
2017.06.30 14:46:18.043,8.38228,8.38348,1.00,1.00
2017.06.30 14:46:18.297,8.38236,8.38363,1.00,1.00
2017.06.30 14:46:18.538,8.38251,8.38363,1.00,1.00
2017.06.30 14:46:18.895,8.38261,8.38363,1.00,1.00
2017.06.30 14:46:18.997,8.38267,8.38377,1.00,1.00
2017.06.30 14:46:19.100,8.3829,8.38397,1.00,1.00
2017.06.30 14:46:19.203,8.38308,8.38417,1.00,1.00
2017.06.30 14:46:19.254,8.38308,8.38421,1.00,1.00
2017.06.30 14:46:19.306,8.38325,8.38421,1.00,1.00
2017.06.30 14:46:19.408,8.38325,8.3844,1.00,1.00
2017.06.30 14:46:19.459,8.38325,8.38448,1.00,1.00
2017.06.30 14:46:19.563,8.38341,8.38448,1.00,1.00
2017.06.30 14:46:19.818,8.38355,8.38478,1.00,1.00
2017.06.30 14:46:20.378,8.38369,8.38478,1.00,1.00
2017.06.30 14:46:20.655,8.3839,8.38511,1.00,1.00
2017.06.30 14:46:20.706,8.3839,8.38516,1.00,1.00
2017.06.30 14:46:21.445,8.38385,8.38511,1.00,1.00
2017.06.30 14:46:22.075,8.38384,8.385,1.00,1.00
2017.06.30 14:46:22.177,8.38384,8.38507,1.00,1.00
2017.06.30 14:46:22.228,8.38384,8.38467,1.00,1.00
2017.06.30 14:46:22.432,8.38351,8.38451,1.00,1.00
2017.06.30 14:46:22.534,8.38339,8.38451,1.00,1.00
2017.06.30 14:46:22.636,8.38313,8.3844,1.00,1.00
2017.06.30 14:46:22.849,8.38315,8.38439,1.00,1.00
2017.06.30 14:46:23.866,8.3832,8.3844,1.00,1.00
2017.06.30 14:46:24.024,8.38313,8.38436,1.00,1.00
2017.06.30 14:46:24.127,8.38312,8.3839,1.00,1.00
2017.06.30 14:46:24.229,8.38312,8.38426,1.00,1.00
2017.06.30 14:46:24.774,8.38321,8.38426,1.00,1.00
2017.06.30 14:46:25.079,8.38406,8.38461,1.00,1.00
2017.06.30 14:46:25.131,8.38406,8.38503,1.00,1.00
2017.06.30 14:46:25.335,8.38423,8.38532,1.00,1.00
2017.06.30 14:46:25.437,8.38407,8.38532,1.00,1.00
2017.06.30 14:46:25.594,8.3843,8.38532,1.00,1.00
2017.06.30 14:46:25.645,8.38407,8.38532,1.00,1.00
2017.06.30 14:46:25.849,8.38416,8.38534,1.00,1.00
2017.06.30 14:46:26.736,8.38438,8.38534,1.00,1.00
2017.06.30 14:46:26.838,8.38448,8.38549,1.00,1.00
2017.06.30 14:46:26.940,8.38448,8.38564,1.00,1.00
2017.06.30 14:46:27.093,8.3846,8.38564,1.00,1.00
2017.06.30 14:46:27.145,8.3846,8.38579,1.00,1.00
2017.06.30 14:46:27.196,8.38452,8.38576,1.00,1.00
2017.06.30 14:46:27.530,8.38449,8.38564,1.00,1.00
2017.06.30 14:46:27.650,8.38441,8.38564,1.00,1.00
2017.06.30 14:46:28.105,8.38437,8.38557,1.00,1.00
2017.06.30 14:46:28.258,8.38423,8.38548,1.00,1.00
2017.06.30 14:46:28.309,8.38423,8.38534,1.00,1.00
2017.06.30 14:46:28.618,8.38431,8.38534,1.00,1.00
2017.06.30 14:46:28.669,8.3842,8.38534,1.00,1.00
2017.06.30 14:46:28.720,8.38429,8.38547,1.00,1.00
2017.06.30 14:46:28.822,8.38431,8.38539,1.00,1.00
2017.06.30 14:46:28.874,8.38419,8.38539,1.00,1.00
2017.06.30 14:46:29.026,8.38432,8.38539,1.00,1.00
2017.06.30 14:46:29.668,8.38412,8.38536,1.00,1.00
2017.06.30 14:46:29.770,8.38412,8.38517,1.00,1.00
2017.06.30 14:46:29.822,8.38392,8.38506,1.00,1.00
2017.06.30 14:46:30.192,8.38381,8.38506,1.00,1.00
2017.06.30 14:46:30.244,8.38373,8.38487,1.00,1.00
2017.06.30 14:46:30.654,8.38365,8.38487,1.00,1.00
2017.06.30 14:46:30.857,8.3836,8.38487,1.00,1.00
2017.06.30 14:46:30.908,8.38347,8.38455,1.00,1.00
2017.06.30 14:46:31.157,8.38336,8.38463,1.50,1.00
2017.06.30 14:46:31.209,8.38336,8.38441,1.00,1.00
2017.06.30 14:46:32.590,8.38346,8.38473,1.00,1.00
2017.06.30 14:46:33.420,8.38343,8.38451,1.00,1.00
2017.06.30 14:46:33.472,8.38335,8.38451,1.00,1.00
2017.06.30 14:46:35.287,8.38347,8.38451,1.00,1.00
2017.06.30 14:46:35.439,8.38353,8.38466,1.00,1.00
2017.06.30 14:46:35.541,8.38342,8.38466,1.00,1.00
2017.06.30 14:46:35.643,8.38342,8.38444,1.00,1.00
2017.06.30 14:46:35.936,8.38342,8.38464,1.00,1.00
2017.06.30 14:46:35.987,8.38342,8.38466,1.00,1.00
2017.06.30 14:46:36.142,8.38342,8.38444,1.00,1.00
2017.06.30 14:46:36.321,8.38337,8.38444,1.00,1.00
2017.06.30 14:46:36.540,8.38354,8.38444,1.00,1.00
2017.06.30 14:46:36.591,8.38344,8.38444,1.00,1.00
2017.06.30 14:46:36.642,8.38344,8.38463,1.00,1.00
2017.06.30 14:46:36.693,8.38344,8.38466,1.00,1.00
2017.06.30 14:46:36.744,8.38344,8.38451,1.00,1.00
2017.06.30 14:46:37.040,8.38344,8.38465,1.00,1.00
2017.06.30 14:46:37.535,8.3834,8.38465,1.00,1.00
2017.06.30 14:46:37.914,8.38373,8.38465,1.00,1.00
2017.06.30 14:46:38.111,8.38373,8.38481,1.00,1.00
2017.06.30 14:46:38.888,8.38367,8.38481,1.00,1.00
2017.06.30 14:46:39.163,8.38362,8.38481,1.00,1.00
2017.06.30 14:46:39.215,8.38354,8.38481,1.50,1.00
2017.06.30 14:46:39.457,8.38345,8.38466,1.00,1.00
2017.06.30 14:46:39.969,8.38339,8.38466,1.00,1.00
2017.06.30 14:46:40.173,8.38337,8.38452,1.00,1.00
2017.06.30 14:46:40.660,8.38356,8.38466,1.00,1.00
2017.06.30 14:46:40.863,8.38361,8.3848,1.00,1.00
2017.06.30 14:46:40.964,8.38353,8.3848,1.00,1.00
2017.06.30 14:46:41.320,8.38353,8.3847,1.00,1.00
2017.06.30 14:46:41.669,8.38478,8.38553,1.00,1.50
2017.06.30 14:46:41.721,8.38478,8.38564,1.00,1.00
2017.06.30 14:46:41.773,8.385,8.38573,1.00,1.50
2017.06.30 14:46:42.147,8.38535,8.38572,1.00,1.50
2017.06.30 14:46:42.198,8.38534,8.38623,1.00,1.50
2017.06.30 14:46:42.250,8.38526,8.38623,1.00,1.50
2017.06.30 14:46:42.759,8.38515,8.38624,1.00,1.00
2017.06.30 14:46:43.062,8.38513,8.38621,1.00,1.00
2017.06.30 14:46:43.164,8.38473,8.38593,1.00,1.00
2017.06.30 14:46:43.469,8.38474,8.38571,1.00,1.00
2017.06.30 14:46:43.572,8.38474,8.38584,1.00,1.00
2017.06.30 14:46:43.776,8.38488,8.38615,1.00,1.00
2017.06.30 14:46:43.847,8.38474,8.38593,1.00,1.00
2017.06.30 14:46:44.008,8.38466,8.38593,1.00,1.00
2017.06.30 14:46:44.059,8.38459,8.38571,1.00,1.00
2017.06.30 14:46:44.161,8.38459,8.38585,1.00,1.00
2017.06.30 14:46:44.212,8.38478,8.38585,1.00,1.00
2017.06.30 14:46:44.365,8.38507,8.38622,1.00,1.00
2017.06.30 14:46:44.416,8.38525,8.38622,1.00,1.00
2017.06.30 14:46:44.760,8.38525,8.38629,1.00,1.00
2017.06.30 14:46:45.063,8.38516,8.38629,1.00,1.00
2017.06.30 14:46:45.665,8.38506,8.38629,1.00,1.00
2017.06.30 14:46:45.716,8.38518,8.38629,1.00,1.00
2017.06.30 14:46:45.768,8.38518,8.38644,1.00,1.00
2017.06.30 14:46:45.871,8.38518,8.38629,1.00,1.00
2017.06.30 14:46:46.098,8.38518,8.38643,1.50,1.00
2017.06.30 14:46:46.200,8.38518,8.38628,1.00,1.00
2017.06.30 14:46:46.250,8.38511,8.38628,1.00,1.00
2017.06.30 14:46:47.108,8.38518,8.38628,1.00,1.00
2017.06.30 14:46:47.261,8.38525,8.38649,1.00,1.00
2017.06.30 14:46:47.363,8.38518,8.38629,1.00,1.00
2017.06.30 14:46:47.764,8.38523,8.38629,1.00,1.00
2017.06.30 14:46:48.070,8.38524,8.38651,1.00,1.00
2017.06.30 14:46:48.163,8.38523,8.38629,1.00,1.00
2017.06.30 14:46:48.464,8.38524,8.38649,1.00,1.00
2017.06.30 14:46:48.515,8.38524,8.38651,1.00,1.00
2017.06.30 14:46:48.566,8.38523,8.38629,1.00,1.00
2017.06.30 14:46:48.627,8.38519,8.38629,1.00,1.00
2017.06.30 14:46:48.692,8.3853,8.38629,1.00,1.00
2017.06.30 14:46:48.891,8.38548,8.38651,1.00,1.00
2017.06.30 14:46:49.095,8.38524,8.38651,1.00,1.00
2017.06.30 14:46:49.197,8.38518,8.38621,1.00,1.00
2017.06.30 14:46:49.451,8.38516,8.38621,1.00,1.00
2017.06.30 14:46:49.604,8.385,8.38621,1.00,1.00
2017.06.30 14:46:49.706,8.38482,8.38592,1.00,1.00
2017.06.30 14:46:50.018,8.38498,8.38614,1.00,1.00
2017.06.30 14:46:50.171,8.38503,8.38614,1.00,1.00
2017.06.30 14:46:50.476,8.3853,8.38637,1.00,1.00
2017.06.30 14:46:50.681,8.3853,8.3865,1.00,1.00
2017.06.30 14:46:51.340,8.38531,8.3865,1.00,1.00
2017.06.30 14:46:51.792,8.38548,8.3865,1.00,1.00
2017.06.30 14:46:52.103,8.38573,8.38674,1.00,1.00
2017.06.30 14:46:52.409,8.38583,8.38674,1.00,1.00
2017.06.30 14:46:52.948,8.38573,8.38674,1.00,1.00
2017.06.30 14:46:53.343,8.38566,8.38674,1.00,1.00
2017.06.30 14:46:54.345,8.38567,8.38674,1.00,1.00
2017.06.30 14:46:54.491,8.38567,8.38689,1.00,1.00
2017.06.30 14:46:55.367,8.38562,8.38688,1.50,1.00
2017.06.30 14:46:55.418,8.38562,8.38675,1.00,1.00
2017.06.30 14:46:55.520,8.38546,8.38664,1.00,1.00
2017.06.30 14:46:55.724,8.3853,8.38643,1.00,1.00
2017.06.30 14:46:55.932,8.3855,8.38666,1.00,1.00
2017.06.30 14:46:56.185,8.38539,8.3865,1.00,1.00
2017.06.30 14:46:56.237,8.38525,8.3865,1.50,1.50
2017.06.30 14:46:56.339,8.38525,8.38636,1.00,1.00
2017.06.30 14:46:58.161,8.38522,8.38636,1.00,1.00
2017.06.30 14:46:59.005,8.38526,8.38636,1.00,1.00
2017.06.30 14:47:00.089,8.38522,8.38636,1.00,1.00
2017.06.30 14:47:00.140,8.38527,8.38636,1.00,1.00
2017.06.30 14:47:00.242,8.38539,8.38654,1.00,1.00
2017.06.30 14:47:00.344,8.38527,8.38652,1.00,1.00
2017.06.30 14:47:01.029,8.38525,8.38644,1.00,1.00
2017.06.30 14:47:01.421,8.38474,8.386,1.00,1.50
2017.06.30 14:47:01.472,8.38476,8.386,1.00,1.00
2017.06.30 14:47:01.794,8.38476,8.38585,1.00,1.00
2017.06.30 14:47:02.457,8.38473,8.38585,1.00,1.00
2017.06.30 14:47:03.436,8.38469,8.38585,1.00,1.00
2017.06.30 14:47:03.644,8.38458,8.38578,1.00,1.00
2017.06.30 14:47:03.746,8.38452,8.3857,1.00,1.00
2017.06.30 14:47:04.172,8.38452,8.38563,1.00,1.00
2017.06.30 14:47:04.581,8.38462,8.38563,1.00,1.00
2017.06.30 14:47:04.633,8.38436,8.38558,1.00,1.00
2017.06.30 14:47:04.736,8.38417,8.38543,1.00,1.00
2017.06.30 14:47:04.840,8.38452,8.38543,1.00,1.00
2017.06.30 14:47:05.048,8.38452,8.38564,1.00,1.00
2017.06.30 14:47:05.807,8.38467,8.38564,1.00,1.00
2017.06.30 14:47:05.858,8.38462,8.38564,1.00,1.00
2017.06.30 14:47:06.392,8.38449,8.38564,1.00,1.00
2017.06.30 14:47:06.444,8.38438,8.38564,1.00,1.50
2017.06.30 14:47:06.546,8.38427,8.38542,1.00,1.00
2017.06.30 14:47:06.953,8.38442,8.38542,1.00,1.00
2017.06.30 14:47:07.545,8.38454,8.38542,1.00,1.00
2017.06.30 14:47:07.963,8.3845,8.38542,1.00,1.00
2017.06.30 14:47:08.318,8.38468,8.38542,1.00,1.00
2017.06.30 14:47:08.369,8.3848,8.38562,1.00,1.00
2017.06.30 14:47:08.421,8.3848,8.38589,1.00,1.00
2017.06.30 14:47:09.292,8.38493,8.38589,1.00,1.00
2017.06.30 14:47:09.445,8.38493,8.38609,1.00,1.00
2017.06.30 14:47:09.508,8.38493,8.38611,1.00,1.00
2017.06.30 14:47:10.251,8.38488,8.38611,1.00,1.00
2017.06.30 14:47:10.690,8.38484,8.38609,1.50,1.00
2017.06.30 14:47:10.741,8.38484,8.38596,1.00,1.00
2017.06.30 14:47:11.247,8.38477,8.38596,1.00,1.00
2017.06.30 14:47:11.704,8.38469,8.38585,1.00,1.00
2017.06.30 14:47:11.755,8.38458,8.38576,1.00,1.00
2017.06.30 14:47:12.065,8.38468,8.38576,1.00,1.00
2017.06.30 14:47:12.409,8.38477,8.38576,1.00,1.00
2017.06.30 14:47:13.045,8.38451,8.38576,1.00,1.00
2017.06.30 14:47:13.097,8.38449,8.38572,1.00,1.00
2017.06.30 14:47:13.406,8.38434,8.38553,1.00,1.00
2017.06.30 14:47:13.793,8.38428,8.38547,1.00,1.00
2017.06.30 14:47:14.098,8.3842,8.38539,1.00,1.00
2017.06.30 14:47:14.419,8.38415,8.38532,1.00,1.00
2017.06.30 14:47:14.571,8.38405,8.38532,1.50,1.50
2017.06.30 14:47:14.673,8.38405,8.3851,1.00,1.00
2017.06.30 14:47:15.192,8.38412,8.3851,1.00,1.00
2017.06.30 14:47:15.465,8.38404,8.3851,1.00,1.00
2017.06.30 14:47:17.145,8.38393,8.3851,1.00,1.00
2017.06.30 14:47:17.247,8.38377,8.38494,1.00,1.00
2017.06.30 14:47:17.593,8.38395,8.38488,1.00,1.00
2017.06.30 14:47:17.695,8.38395,8.38502,1.00,1.00
2017.06.30 14:47:18.554,8.38403,8.38502,1.00,1.00
2017.06.30 14:47:18.900,8.38413,8.38502,1.00,1.00
2017.06.30 14:47:18.951,8.38413,8.38517,1.00,1.00
2017.06.30 14:47:19.555,8.38408,8.38517,1.00,1.00
2017.06.30 14:47:19.993,8.38408,8.38501,1.00,1.00
2017.06.30 14:47:20.185,8.38399,8.38501,1.00,1.00
2017.06.30 14:47:20.287,8.38387,8.38501,1.00,1.00
2017.06.30 14:47:21.265,8.38391,8.38501,1.00,1.00
2017.06.30 14:47:21.595,8.38412,8.38501,1.00,1.00
2017.06.30 14:47:22.157,8.38404,8.38501,1.00,1.00
2017.06.30 14:47:23.559,8.38376,8.38501,1.00,1.00
2017.06.30 14:47:24.099,8.38376,8.38492,1.00,1.00
2017.06.30 14:47:24.201,8.38346,8.38473,1.00,1.00
2017.06.30 14:47:24.252,8.38347,8.38471,1.00,1.00
2017.06.30 14:47:24.561,8.38347,8.38438,1.00,1.00
2017.06.30 14:47:24.904,8.38347,8.38466,1.00,1.00
2017.06.30 14:47:25.205,8.38347,8.38451,1.00,1.00
2017.06.30 14:47:25.256,8.38343,8.38451,1.00,1.00
2017.06.30 14:47:25.745,8.38348,8.38451,1.00,1.00
2017.06.30 14:47:27.603,8.38344,8.38451,1.00,1.00
2017.06.30 14:47:29.921,8.38326,8.38451,1.00,1.00
2017.06.30 14:47:29.972,8.3835,8.38451,1.00,1.00
2017.06.30 14:47:30.089,8.38326,8.38451,1.00,1.00
2017.06.30 14:47:30.241,8.3835,8.38451,1.00,1.00
2017.06.30 14:47:30.292,8.38326,8.38451,1.00,1.00
2017.06.30 14:47:30.928,8.38339,8.38466,1.00,1.00
2017.06.30 14:47:31.194,8.38324,8.38451,1.00,1.00
2017.06.30 14:47:32.850,8.38329,8.38451,1.00,1.00
2017.06.30 14:47:32.902,8.3835,8.38477,1.00,1.00
2017.06.30 14:47:33.529,8.38336,8.38461,1.00,1.00
2017.06.30 14:47:37.440,8.38322,8.38447,1.00,1.00
2017.06.30 14:47:37.749,8.38336,8.38461,1.00,1.00
2017.06.30 14:47:38.839,8.38321,8.38448,1.00,1.00
2017.06.30 14:47:39.248,8.38323,8.38448,1.00,1.00
2017.06.30 14:47:39.746,8.38336,8.38461,1.00,1.00
2017.06.30 14:47:39.797,8.38329,8.38461,1.00,1.00
2017.06.30 14:47:39.964,8.38344,8.38469,1.00,1.00
2017.06.30 14:47:40.067,8.38309,8.38448,1.00,1.00
2017.06.30 14:47:40.669,8.38306,8.38448,1.00,1.00
2017.06.30 14:47:40.771,8.38306,8.38433,1.00,1.00
2017.06.30 14:47:41.484,8.38309,8.38433,1.00,1.00
2017.06.30 14:47:42.485,8.38324,8.38433,1.00,1.00
2017.06.30 14:47:42.653,8.38314,8.38433,1.00,1.00
2017.06.30 14:47:42.982,8.38323,8.38433,1.00,1.00
2017.06.30 14:47:43.328,8.38414,8.38448,1.00,1.00
2017.06.30 14:47:43.480,8.38458,8.38518,1.00,1.00
2017.06.30 14:47:43.532,8.38458,8.38538,1.00,1.00
2017.06.30 14:47:43.583,8.38458,8.38551,1.00,1.00
2017.06.30 14:47:43.634,8.38458,8.38562,1.00,1.50
2017.06.30 14:47:43.787,8.38458,8.38567,1.00,1.00
2017.06.30 14:47:44.042,8.38473,8.38567,1.00,1.00
2017.06.30 14:47:44.249,8.38486,8.38584,1.00,1.00
2017.06.30 14:47:45.158,8.38476,8.38584,1.00,1.00
2017.06.30 14:47:45.475,8.38465,8.38584,1.00,1.00
2017.06.30 14:47:45.526,8.38459,8.38582,1.00,1.00
2017.06.30 14:47:45.628,8.38459,8.38569,1.00,1.00
2017.06.30 14:47:45.680,8.38444,8.38566,1.00,1.00
2017.06.30 14:47:45.730,8.38441,8.38551,1.00,1.00
2017.06.30 14:47:45.883,8.38425,8.38539,1.00,1.00
2017.06.30 14:47:46.138,8.38412,8.38531,1.00,1.00
2017.06.30 14:47:46.724,8.38423,8.38539,1.00,1.00
2017.06.30 14:47:47.030,8.38432,8.38555,1.00,1.00
2017.06.30 14:47:47.132,8.3843,8.38546,1.00,1.00
2017.06.30 14:47:47.520,8.38419,8.38534,1.00,1.00
2017.06.30 14:47:49.753,8.38429,8.38534,1.00,1.00
2017.06.30 14:47:49.804,8.38422,8.38534,1.00,1.00
2017.06.30 14:47:50.719,8.3841,8.38534,1.00,1.00
2017.06.30 14:47:50.770,8.38407,8.38518,1.00,1.00
2017.06.30 14:47:50.821,8.38407,8.38532,1.00,1.00
2017.06.30 14:47:50.872,8.38418,8.38497,1.00,1.00
2017.06.30 14:47:51.000,8.38408,8.38512,1.00,1.00
2017.06.30 14:47:51.051,8.38407,8.38517,1.00,1.00
2017.06.30 14:47:51.153,8.38392,8.38517,1.00,1.00
2017.06.30 14:47:51.356,8.38404,8.38504,1.00,1.00
2017.06.30 14:47:51.766,8.38404,8.38521,1.00,1.00
2017.06.30 14:47:51.917,8.38404,8.38506,1.00,1.00
2017.06.30 14:47:51.968,8.38394,8.38521,1.00,1.00
2017.06.30 14:47:52.070,8.38388,8.38506,1.00,1.00
2017.06.30 14:47:52.430,8.38396,8.38506,1.00,1.00
2017.06.30 14:47:53.358,8.38393,8.38506,1.00,1.00
2017.06.30 14:47:54.044,8.384,8.38506,1.00,1.00
2017.06.30 14:47:54.957,8.38405,8.38506,1.00,1.00
2017.06.30 14:47:55.919,8.38404,8.38506,1.00,1.00
2017.06.30 14:47:56.138,8.38395,8.38506,1.00,1.00
2017.06.30 14:47:57.068,8.38404,8.38506,1.00,1.00
2017.06.30 14:47:57.543,8.38397,8.38506,1.00,1.00
2017.06.30 14:47:58.031,8.3841,8.38506,1.00,1.00
2017.06.30 14:47:58.082,8.3841,8.38521,1.00,1.00
2017.06.30 14:47:58.133,8.38404,8.38521,1.00,1.00
2017.06.30 14:47:58.184,8.38409,8.38528,1.00,1.00
2017.06.30 14:47:58.285,8.38404,8.38506,1.00,1.00
2017.06.30 14:47:58.519,8.38394,8.38506,1.00,1.00
2017.06.30 14:48:00.505,8.38392,8.38506,1.00,1.00
2017.06.30 14:48:03.320,8.38393,8.38506,1.00,1.00
2017.06.30 14:48:05.077,8.38403,8.38522,1.00,1.00
2017.06.30 14:48:05.220,8.38403,8.38528,1.00,1.00
2017.06.30 14:48:05.488,8.38402,8.38514,1.00,1.00
2017.06.30 14:48:05.720,8.38393,8.38514,1.00,1.00
2017.06.30 14:48:07.469,8.38389,8.38514,1.00,1.00
2017.06.30 14:48:07.520,8.38387,8.38512,1.00,1.00
2017.06.30 14:48:07.824,8.38386,8.38506,1.00,1.00
2017.06.30 14:48:08.553,8.3839,8.38506,1.00,1.00
2017.06.30 14:48:10.836,8.38391,8.38506,1.00,1.00
2017.06.30 14:48:11.090,8.38387,8.38506,1.00,1.00
2017.06.30 14:48:11.838,8.38392,8.38506,1.00,1.00
2017.06.30 14:48:13.941,8.38387,8.38506,1.00,1.00
2017.06.30 14:48:13.995,8.3838,8.38496,1.00,1.00
2017.06.30 14:48:14.863,8.3838,8.38503,1.00,1.00
2017.06.30 14:48:15.425,8.38387,8.38506,1.00,1.00
2017.06.30 14:48:15.731,8.38433,8.38539,1.00,1.00
2017.06.30 14:48:18.937,8.38432,8.38539,1.00,1.00
2017.06.30 14:48:19.843,8.38427,8.38539,1.00,1.00
2017.06.30 14:48:19.945,8.38433,8.38539,1.00,1.00
2017.06.30 14:48:20.941,8.38435,8.38539,1.00,1.00
2017.06.30 14:48:25.703,8.38432,8.38539,1.00,1.00
2017.06.30 14:48:26.701,8.38433,8.38539,1.00,1.00
2017.06.30 14:48:30.672,8.38432,8.38539,1.00,1.00
2017.06.30 14:48:30.724,8.3845,8.38539,1.00,1.00
2017.06.30 14:48:30.775,8.38464,8.3856,1.00,1.00
2017.06.30 14:48:30.877,8.38464,8.38576,1.00,1.00
2017.06.30 14:48:30.929,8.38477,8.38576,1.00,1.00
2017.06.30 14:48:32.120,8.38499,8.38576,1.00,1.00
2017.06.30 14:48:32.189,8.38488,8.38607,1.00,1.00
2017.06.30 14:48:32.549,8.38488,8.38592,1.00,1.00
2017.06.30 14:48:32.999,8.38481,8.38592,1.00,1.00
2017.06.30 14:48:33.436,8.38488,8.38592,1.00,1.00
2017.06.30 14:48:33.543,8.38488,8.38607,1.00,1.00
2017.06.30 14:48:34.886,8.38499,8.38607,1.00,1.00
2017.06.30 14:48:35.141,8.3848,8.386,1.00,1.00
2017.06.30 14:48:35.257,8.38474,8.38591,1.00,1.00
2017.06.30 14:48:35.714,8.38464,8.38589,1.00,1.00
2017.06.30 14:48:35.766,8.38462,8.38573,1.00,1.00
2017.06.30 14:48:36.892,8.38448,8.38573,1.00,1.00
2017.06.30 14:48:36.943,8.38448,8.38552,1.00,7.19
2017.06.30 14:48:37.248,8.3829,8.38384,1.00,1.00
2017.06.30 14:48:37.402,8.38257,8.38366,1.00,1.00
2017.06.30 14:48:37.972,8.38272,8.38366,1.00,1.00
2017.06.30 14:48:40.357,8.38272,8.38387,1.00,1.00
2017.06.30 14:48:40.718,8.38281,8.38387,1.00,1.00
2017.06.30 14:48:40.871,8.38281,8.38404,1.00,1.00
2017.06.30 14:48:40.972,8.38292,8.38406,1.00,1.00
2017.06.30 14:48:41.074,8.38281,8.38404,1.00,1.00
2017.06.30 14:48:41.712,8.38282,8.38404,1.00,1.00
2017.06.30 14:48:41.864,8.38292,8.38409,1.00,1.00
2017.06.30 14:48:42.030,8.38292,8.38413,1.00,1.00
2017.06.30 14:48:43.762,8.38287,8.38404,1.00,1.00
2017.06.30 14:48:44.746,8.38304,8.38404,1.00,1.00
2017.06.30 14:48:44.798,8.38304,8.38426,1.00,1.00
2017.06.30 14:48:45.433,8.38337,8.38426,1.00,1.00
2017.06.30 14:48:45.773,8.38388,8.38492,1.00,1.00
2017.06.30 14:48:45.977,8.38388,8.38506,1.00,1.00
2017.06.30 14:48:46.029,8.38403,8.38506,1.00,1.00
2017.06.30 14:48:46.283,8.38419,8.38536,1.00,1.00
2017.06.30 14:48:47.042,8.3842,8.38536,1.00,1.00
2017.06.30 14:48:47.144,8.38425,8.38536,1.00,1.00
2017.06.30 14:48:48.968,8.38416,8.38536,1.00,1.00
2017.06.30 14:48:49.174,8.3842,8.38536,1.00,1.00
2017.06.30 14:48:49.378,8.38409,8.38527,1.00,1.00
2017.06.30 14:48:49.631,8.38387,8.38498,1.00,1.00
2017.06.30 14:48:49.988,8.38373,8.38498,1.00,1.50
2017.06.30 14:48:50.039,8.38373,8.38484,1.00,1.00
2017.06.30 14:48:50.091,8.38358,8.38477,1.00,1.00
2017.06.30 14:48:50.194,8.38366,8.38484,1.00,1.00
2017.06.30 14:48:50.400,8.38358,8.38478,1.00,1.00
2017.06.30 14:48:51.081,8.38355,8.38478,1.00,1.00
2017.06.30 14:48:51.133,8.38359,8.38478,1.00,1.00
2017.06.30 14:48:51.436,8.3839,8.38508,1.00,1.00
2017.06.30 14:48:51.488,8.3839,8.38517,1.00,1.00
2017.06.30 14:48:51.846,8.38388,8.38501,1.00,1.00
2017.06.30 14:48:52.215,8.38371,8.3849,1.00,1.00
2017.06.30 14:48:52.266,8.38371,8.38481,1.00,1.00
2017.06.30 14:48:52.317,8.38371,8.38492,1.00,1.00
2017.06.30 14:48:52.368,8.38381,8.38496,1.00,1.00
2017.06.30 14:48:52.623,8.38381,8.38504,1.00,1.00
2017.06.30 14:48:53.149,8.38379,8.38495,1.00,1.00
2017.06.30 14:48:53.302,8.38363,8.38484,1.00,1.00
2017.06.30 14:48:53.404,8.3836,8.38476,1.00,1.00
2017.06.30 14:48:54.064,8.38355,8.38476,1.00,1.00
2017.06.30 14:48:55.754,8.38368,8.38476,1.00,1.00
2017.06.30 14:48:56.008,8.38377,8.38498,1.00,1.00
2017.06.30 14:48:56.459,8.38371,8.38493,1.00,1.00
2017.06.30 14:48:56.612,8.38366,8.38483,1.00,1.00
2017.06.30 14:48:57.450,8.38368,8.38483,1.00,1.00
2017.06.30 14:48:57.724,8.38362,8.38483,1.00,1.00
2017.06.30 14:48:57.825,8.38362,8.38467,1.00,1.00
2017.06.30 14:48:57.944,8.3837,8.38483,1.00,1.00
2017.06.30 14:48:58.153,8.3838,8.38483,1.00,1.00
2017.06.30 14:48:58.204,8.3838,8.38497,1.00,1.00
2017.06.30 14:48:59.143,8.38377,8.38497,1.00,1.00
2017.06.30 14:48:59.740,8.38372,8.38497,1.50,1.00
2017.06.30 14:48:59.797,8.38372,8.3849,1.00,1.00
2017.06.30 14:49:00.112,8.38364,8.38476,1.00,1.00
2017.06.30 14:49:00.748,8.38363,8.38476,1.00,1.00
2017.06.30 14:49:02.860,8.38358,8.38476,1.00,1.00
2017.06.30 14:49:03.824,8.38359,8.38476,1.00,1.00
2017.06.30 14:49:04.557,8.38351,8.38475,1.00,1.00
2017.06.30 14:49:04.730,8.38351,8.38461,1.00,1.00
2017.06.30 14:49:05.578,8.38335,8.38461,1.00,1.00
2017.06.30 14:49:06.220,8.38342,8.38461,1.00,1.00
2017.06.30 14:49:06.697,8.38346,8.38461,1.00,1.00
2017.06.30 14:49:09.088,8.38336,8.38461,1.00,1.00
2017.06.30 14:49:09.250,8.38336,8.38446,1.00,1.00
2017.06.30 14:49:09.302,8.38336,8.38461,1.00,1.00
2017.06.30 14:49:10.220,8.38336,8.38446,1.00,1.00
2017.06.30 14:49:10.581,8.38328,8.38446,1.00,1.00
2017.06.30 14:49:10.633,8.38305,8.38425,1.00,1.00
2017.06.30 14:49:10.734,8.38298,8.38402,1.00,1.00
2017.06.30 14:49:11.411,8.38275,8.38402,1.50,1.50
2017.06.30 14:49:11.818,8.38279,8.38402,1.00,1.00
2017.06.30 14:49:12.148,8.38306,8.38402,1.00,1.00
2017.06.30 14:49:12.250,8.38321,8.38426,1.00,1.00
2017.06.30 14:49:12.302,8.38338,8.38426,1.00,1.00
2017.06.30 14:49:12.353,8.38336,8.38449,1.00,1.00
2017.06.30 14:49:12.454,8.38338,8.38465,1.00,1.00
2017.06.30 14:49:12.709,8.38379,8.38465,1.00,1.00
2017.06.30 14:49:12.761,8.38379,8.38487,1.00,1.00
2017.06.30 14:49:13.242,8.38395,8.3851,1.00,1.00
2017.06.30 14:49:13.294,8.38462,8.3851,1.00,1.00
2017.06.30 14:49:13.345,8.38447,8.3853,1.00,1.00
2017.06.30 14:49:13.396,8.38447,8.38562,1.00,1.00
2017.06.30 14:49:13.447,8.38447,8.38532,1.00,1.00
2017.06.30 14:49:14.323,8.38452,8.38532,1.00,1.00
2017.06.30 14:49:14.374,8.38448,8.38532,1.00,1.00
2017.06.30 14:49:14.476,8.38448,8.3855,1.00,1.00
2017.06.30 14:49:16.567,8.38439,8.3855,1.00,1.00
2017.06.30 14:49:17.553,8.38417,8.38528,1.00,1.00
2017.06.30 14:49:17.960,8.38417,8.38512,1.00,1.00
2017.06.30 14:49:18.526,8.38415,8.38512,1.00,1.00
2017.06.30 14:49:18.838,8.38423,8.38512,1.00,1.00
2017.06.30 14:49:18.941,8.38438,8.38532,1.00,1.00
2017.06.30 14:49:19.075,8.38447,8.38542,1.00,1.00
2017.06.30 14:49:19.185,8.38447,8.38557,1.00,1.00
2017.06.30 14:49:19.941,8.38441,8.38557,1.00,1.00
2017.06.30 14:49:20.946,8.38438,8.38557,1.00,1.00
2017.06.30 14:49:21.552,8.3843,8.38556,1.50,1.00
2017.06.30 14:49:21.705,8.38437,8.38557,1.00,1.00
2017.06.30 14:49:23.594,8.38459,8.38557,1.00,1.00
2017.06.30 14:49:23.743,8.38455,8.38557,1.00,1.00
2017.06.30 14:49:23.795,8.38467,8.38574,1.00,1.00
2017.06.30 14:49:23.898,8.38448,8.38574,1.00,1.50
2017.06.30 14:49:23.949,8.38447,8.3856,1.00,1.00
2017.06.30 14:49:24.255,8.38419,8.38542,1.00,1.00
2017.06.30 14:49:24.966,8.38421,8.38544,1.00,1.00
2017.06.30 14:49:25.271,8.38411,8.3853,1.00,1.00
2017.06.30 14:49:25.373,8.38403,8.38526,1.00,1.00
2017.06.30 14:49:26.188,8.38403,8.38522,1.00,1.00
2017.06.30 14:49:27.205,8.38403,8.38519,1.00,1.00
2017.06.30 14:49:27.659,8.38403,8.38525,1.00,1.00
2017.06.30 14:49:27.863,8.38399,8.38514,1.00,1.00
2017.06.30 14:49:27.914,8.38393,8.38514,1.00,1.00
2017.06.30 14:49:28.290,8.38405,8.38514,1.00,1.00
2017.06.30 14:49:28.598,8.38439,8.38553,1.00,1.00
2017.06.30 14:49:28.862,8.38439,8.38539,1.00,1.00
2017.06.30 14:49:29.321,8.38429,8.38539,1.00,1.00
2017.06.30 14:49:31.411,8.3842,8.38539,1.00,1.00
2017.06.30 14:49:31.513,8.38434,8.3855,1.00,1.00
2017.06.30 14:49:32.020,8.38434,8.38559,1.00,1.00
2017.06.30 14:49:33.500,8.38434,8.38558,1.00,1.00
2017.06.30 14:49:34.273,8.38434,8.38541,1.00,1.00
2017.06.30 14:49:34.524,8.38412,8.38539,1.50,1.00
2017.06.30 14:49:35.306,8.38412,8.38534,1.00,1.00
2017.06.30 14:49:35.462,8.38414,8.38539,1.00,1.00
2017.06.30 14:49:35.605,8.38427,8.38539,1.00,1.00
2017.06.30 14:49:35.986,8.38415,8.38539,1.00,1.00
2017.06.30 14:49:36.997,8.38414,8.38539,1.00,1.00
2017.06.30 14:49:37.353,8.38423,8.38539,1.00,1.00
2017.06.30 14:49:37.404,8.38427,8.38549,1.00,1.00
2017.06.30 14:49:37.601,8.38416,8.38532,1.00,1.00
2017.06.30 14:49:37.704,8.38427,8.38553,1.50,1.00
2017.06.30 14:49:37.958,8.38442,8.38554,1.00,1.00
2017.06.30 14:49:38.415,8.38447,8.38554,1.00,1.00
2017.06.30 14:49:38.680,8.3844,8.38554,1.00,1.00
2017.06.30 14:49:39.654,8.38435,8.38554,1.00,1.00
2017.06.30 14:49:40.538,8.38431,8.38554,1.00,1.00
2017.06.30 14:49:40.640,8.38431,8.3854,1.00,1.00
2017.06.30 14:49:40.741,8.38431,8.38553,1.00,1.00
2017.06.30 14:49:41.518,8.38433,8.38553,1.00,1.00
2017.06.30 14:49:41.995,8.38433,8.38532,1.00,1.00
2017.06.30 14:49:42.096,8.38426,8.38532,1.00,1.00
2017.06.30 14:49:43.811,8.38426,8.38547,1.00,1.00
2017.06.30 14:49:43.891,8.38434,8.38547,1.00,1.00
2017.06.30 14:49:43.998,8.38435,8.3856,1.00,1.00
2017.06.30 14:49:44.101,8.38434,8.38532,1.00,1.00
2017.06.30 14:49:44.199,8.38434,8.38547,1.00,1.00
2017.06.30 14:49:44.250,8.38438,8.38547,1.00,1.00
2017.06.30 14:49:44.402,8.38438,8.38554,1.00,1.00
2017.06.30 14:49:45.232,8.38437,8.38554,1.00,1.00
2017.06.30 14:49:46.300,8.38433,8.38554,1.00,1.00
2017.06.30 14:49:46.449,8.38426,8.38532,1.00,1.00
2017.06.30 14:49:46.551,8.38434,8.38547,1.00,1.00
2017.06.30 14:49:47.481,8.38434,8.38532,1.00,1.00
2017.06.30 14:49:47.532,8.38432,8.38532,1.00,1.00
2017.06.30 14:49:47.964,8.38436,8.38532,1.00,1.00
2017.06.30 14:49:48.015,8.38436,8.38547,1.00,1.00
2017.06.30 14:49:48.117,8.38436,8.38561,1.50,1.00
2017.06.30 14:49:48.525,8.38445,8.38561,1.00,1.00
2017.06.30 14:49:48.627,8.38437,8.38561,1.00,1.00
2017.06.30 14:49:48.830,8.38436,8.38553,1.00,1.00
2017.06.30 14:49:49.270,8.38427,8.38531,1.00,1.00
2017.06.30 14:49:50.016,8.38427,8.38546,1.00,1.00
2017.06.30 14:49:50.067,8.38431,8.38546,1.00,1.00
2017.06.30 14:49:50.360,8.38428,8.38546,1.00,1.00
2017.06.30 14:49:51.224,8.38419,8.38545,1.50,1.00
2017.06.30 14:49:51.388,8.38427,8.38546,1.00,1.00
2017.06.30 14:49:52.399,8.38419,8.38545,1.50,1.00
2017.06.30 14:49:52.450,8.38419,8.3853,1.00,1.00
2017.06.30 14:49:52.593,8.38414,8.3853,1.00,1.00
2017.06.30 14:49:52.644,8.38414,8.38515,1.00,1.00
2017.06.30 14:49:52.721,8.38414,8.38534,1.00,1.00
2017.06.30 14:49:52.772,8.38414,8.38536,1.00,1.00
2017.06.30 14:49:52.823,8.38414,8.38515,1.00,1.00
2017.06.30 14:49:52.925,8.38423,8.3853,1.00,1.00
2017.06.30 14:49:52.976,8.38432,8.3853,1.00,1.00
2017.06.30 14:49:53.382,8.38442,8.3853,1.00,1.00
2017.06.30 14:49:53.629,8.38442,8.38546,1.00,1.00
2017.06.30 14:49:54.362,8.38437,8.38546,1.00,1.00
2017.06.30 14:49:55.437,8.38447,8.38546,1.00,1.00
2017.06.30 14:49:55.743,8.38482,8.38568,1.00,1.00
2017.06.30 14:49:55.845,8.38499,8.38594,1.00,1.00
2017.06.30 14:49:56.320,8.38497,8.38594,1.00,1.00
2017.06.30 14:49:56.372,8.38497,8.38608,1.00,1.00
2017.06.30 14:49:56.423,8.38517,8.38608,1.00,1.00
2017.06.30 14:49:56.631,8.3854,8.38638,1.00,1.00
2017.06.30 14:49:57.631,8.3854,8.38653,1.00,1.00
2017.06.30 14:49:58.007,8.38528,8.38653,1.00,1.00
2017.06.30 14:49:58.269,8.38532,8.38646,1.00,1.00
2017.06.30 14:49:58.372,8.38532,8.38659,1.00,1.00
2017.06.30 14:49:58.633,8.38532,8.38646,1.00,1.00
2017.06.30 14:49:58.889,8.38528,8.38646,1.00,1.00
2017.06.30 14:49:59.334,8.38537,8.38646,1.00,1.00
2017.06.30 14:50:01.663,8.38519,8.3857,1.00,1.00
2017.06.30 14:50:01.918,8.38403,8.38527,1.00,1.00
2017.06.30 14:50:02.702,8.38405,8.38527,1.00,1.00
2017.06.30 14:50:02.860,8.38401,8.38527,1.00,1.00
2017.06.30 14:50:02.962,8.384,8.38517,1.00,1.00
2017.06.30 14:50:03.166,8.38392,8.38517,1.00,1.00
2017.06.30 14:50:04.061,8.38397,8.38519,1.00,1.00
2017.06.30 14:50:04.365,8.38406,8.38519,1.00,1.00
2017.06.30 14:50:04.611,8.38397,8.38519,1.00,1.00
2017.06.30 14:50:04.662,8.38396,8.38504,1.00,1.00
2017.06.30 14:50:04.866,8.3841,8.38523,1.00,1.00
2017.06.30 14:50:04.969,8.38396,8.38515,1.00,1.00
2017.06.30 14:50:05.070,8.38411,8.38523,1.00,1.00
2017.06.30 14:50:05.618,8.38411,8.38528,1.00,1.00
2017.06.30 14:50:05.721,8.38413,8.38536,1.00,1.00
2017.06.30 14:50:05.773,8.38424,8.3854,1.00,1.00
2017.06.30 14:50:05.824,8.38424,8.38546,1.00,1.00
2017.06.30 14:50:05.979,8.38424,8.3852,1.00,1.00
2017.06.30 14:50:06.273,8.38406,8.3852,1.00,1.00
2017.06.30 14:50:06.429,8.38408,8.38531,1.00,1.00
2017.06.30 14:50:07.426,8.38411,8.38531,1.00,1.00
2017.06.30 14:50:07.895,8.3843,8.38531,1.00,1.00
2017.06.30 14:50:07.997,8.38427,8.38546,1.00,1.00
2017.06.30 14:50:08.048,8.38427,8.38533,1.00,1.00
2017.06.30 14:50:08.099,8.38409,8.38531,1.00,1.00
2017.06.30 14:50:10.169,8.38398,8.38518,1.00,1.00
2017.06.30 14:50:10.221,8.38391,8.38518,1.00,1.00
2017.06.30 14:50:10.272,8.38398,8.38495,1.00,1.00
2017.06.30 14:50:10.374,8.38416,8.38516,1.00,1.00
2017.06.30 14:50:10.425,8.38416,8.38542,1.00,1.00
2017.06.30 14:50:10.630,8.38439,8.38542,1.00,1.00
2017.06.30 14:50:10.681,8.38439,8.38559,1.00,1.00
2017.06.30 14:50:10.783,8.38453,8.38578,1.00,1.00
2017.06.30 14:50:11.200,8.38463,8.38578,1.00,1.00
2017.06.30 14:50:11.303,8.38473,8.38596,1.00,1.00
2017.06.30 14:50:11.519,8.38484,8.38596,1.00,1.00
2017.06.30 14:50:12.551,8.38486,8.38596,1.00,1.00
2017.06.30 14:50:13.899,8.3849,8.38596,1.00,1.00
2017.06.30 14:50:15.391,8.38484,8.38596,1.00,1.00
2017.06.30 14:50:16.320,8.3848,8.38596,1.00,1.00
2017.06.30 14:50:19.292,8.38469,8.38538,1.00,1.00
2017.06.30 14:50:19.548,8.38395,8.3847,1.00,1.00
2017.06.30 14:50:19.599,8.38374,8.38447,1.00,1.00
2017.06.30 14:50:19.651,8.3832,8.38434,1.00,1.00
2017.06.30 14:50:19.816,8.38307,8.38429,1.00,1.00
2017.06.30 14:50:19.868,8.38302,8.38398,1.00,1.00
2017.06.30 14:50:20.122,8.3822,8.38326,1.00,1.00
2017.06.30 14:50:20.173,8.38222,8.38347,1.00,1.00
2017.06.30 14:50:20.224,8.3819,8.38316,1.00,1.50
2017.06.30 14:50:20.275,8.38275,8.38316,1.00,1.00
2017.06.30 14:50:20.328,8.38242,8.38316,1.00,1.00
2017.06.30 14:50:20.431,8.38255,8.38368,1.00,1.00
2017.06.30 14:50:20.632,8.38242,8.38365,1.00,1.00
2017.06.30 14:50:21.038,8.38259,8.38365,1.00,1.00
2017.06.30 14:50:21.140,8.38259,8.38381,1.00,1.00
2017.06.30 14:50:21.730,8.38276,8.38381,1.00,1.00
2017.06.30 14:50:22.609,8.38287,8.38381,1.00,1.00
2017.06.30 14:50:22.840,8.38287,8.38403,1.00,1.00
2017.06.30 14:50:23.606,8.38283,8.38403,1.00,1.00
2017.06.30 14:50:24.005,8.38291,8.38403,1.00,1.00
2017.06.30 14:50:24.107,8.38258,8.38375,1.00,1.00
2017.06.30 14:50:24.208,8.38249,8.38354,1.00,1.00
2017.06.30 14:50:24.361,8.38233,8.38354,1.00,1.00
2017.06.30 14:50:24.412,8.38227,8.38341,1.00,1.00
2017.06.30 14:50:24.514,8.38216,8.38331,1.00,1.00
2017.06.30 14:50:24.617,8.38216,8.38309,1.00,1.00
2017.06.30 14:50:25.391,8.38215,8.38309,1.00,1.00
2017.06.30 14:50:26.198,8.38211,8.38309,1.00,1.00
2017.06.30 14:50:26.555,8.38203,8.38309,1.00,1.00
2017.06.30 14:50:26.656,8.38182,8.38307,1.00,1.00
2017.06.30 14:50:26.708,8.38171,8.38294,1.00,1.00
2017.06.30 14:50:26.810,8.38149,8.38274,1.00,1.50
2017.06.30 14:50:27.120,8.38147,8.38256,1.00,1.00
2017.06.30 14:50:27.630,8.3813,8.38256,1.00,1.00
2017.06.30 14:50:28.136,8.38151,8.38256,1.00,1.00
2017.06.30 14:50:28.798,8.38166,8.38256,1.00,1.00
2017.06.30 14:50:28.951,8.38178,8.38278,1.00,1.00
2017.06.30 14:50:29.086,8.38198,8.38278,1.00,1.00
2017.06.30 14:50:29.138,8.3821,8.38299,1.00,1.00
2017.06.30 14:50:29.240,8.3821,8.38316,1.00,1.00
2017.06.30 14:50:29.291,8.38234,8.38316,1.00,1.00
2017.06.30 14:50:29.342,8.38234,8.38332,1.00,1.00
2017.06.30 14:50:29.445,8.38234,8.38348,1.00,1.00
2017.06.30 14:50:30.071,8.3826,8.38348,1.00,1.00
2017.06.30 14:50:30.224,8.3826,8.38368,1.00,1.50
2017.06.30 14:50:32.547,8.38268,8.38388,1.00,1.00
2017.06.30 14:50:32.598,8.38274,8.38388,1.00,1.00
2017.06.30 14:50:32.801,8.38285,8.38411,1.00,1.00
2017.06.30 14:50:32.852,8.38297,8.38411,1.00,1.00
2017.06.30 14:50:33.055,8.38307,8.38424,1.00,1.00
2017.06.30 14:50:33.893,8.38307,8.3842,1.00,1.00
2017.06.30 14:50:33.945,8.38293,8.38418,1.00,1.00
2017.06.30 14:50:33.996,8.38298,8.38418,1.00,1.00
2017.06.30 14:50:34.301,8.38181,8.38244,1.00,1.75
2017.06.30 14:50:34.454,8.381,8.38211,1.00,1.00
2017.06.30 14:50:34.608,8.381,8.38191,1.00,1.00
2017.06.30 14:50:34.660,8.381,8.38214,1.00,1.00
2017.06.30 14:50:34.762,8.38088,8.3821,1.00,1.00
2017.06.30 14:50:35.016,8.38083,8.38191,1.00,1.00
2017.06.30 14:50:35.499,8.38083,8.3818,1.00,1.00
2017.06.30 14:50:35.550,8.38053,8.3818,1.50,1.50
2017.06.30 14:50:35.601,8.38053,8.3817,1.00,1.00
2017.06.30 14:50:35.906,8.38055,8.3817,1.00,1.00
2017.06.30 14:50:36.210,8.38109,8.38195,1.00,1.00
2017.06.30 14:50:36.261,8.38109,8.38221,1.00,1.00
2017.06.30 14:50:36.414,8.38137,8.38221,1.00,1.00
2017.06.30 14:50:36.573,8.38137,8.38243,1.00,1.00
2017.06.30 14:50:37.950,8.38133,8.38243,1.00,1.00
2017.06.30 14:50:38.052,8.38127,8.38243,1.00,1.00
2017.06.30 14:50:39.309,8.38132,8.38243,1.00,1.00
2017.06.30 14:50:39.846,8.38135,8.38258,1.00,1.00
2017.06.30 14:50:39.948,8.38135,8.38239,1.00,1.00
2017.06.30 14:50:40.072,8.38121,8.38239,1.00,1.00
2017.06.30 14:50:40.123,8.38126,8.38248,1.00,1.00
2017.06.30 14:50:41.005,8.38122,8.38248,1.00,1.00
2017.06.30 14:50:41.148,8.38121,8.38244,1.00,1.00
2017.06.30 14:50:42.072,8.38121,8.38243,1.00,1.00
2017.06.30 14:50:42.284,8.3809,8.38214,1.00,1.00
2017.06.30 14:50:42.386,8.38089,8.38201,1.00,1.00
2017.06.30 14:50:42.640,8.38084,8.38201,1.00,1.00
2017.06.30 14:50:43.253,8.38074,8.38195,1.00,1.00
2017.06.30 14:50:43.355,8.38078,8.38201,1.00,1.00
2017.06.30 14:50:43.406,8.38078,8.38178,1.00,1.00
2017.06.30 14:50:43.559,8.38079,8.38182,1.00,1.00
2017.06.30 14:50:43.712,8.38067,8.38182,1.00,1.00
2017.06.30 14:50:43.764,8.38055,8.38179,1.00,1.00
2017.06.30 14:50:43.865,8.38053,8.38155,1.00,1.00
2017.06.30 14:50:44.063,8.38004,8.38126,1.00,1.00
2017.06.30 14:50:44.167,8.3802,8.38129,1.00,1.00
2017.06.30 14:50:44.269,8.38011,8.38128,1.00,1.00
2017.06.30 14:50:44.321,8.38004,8.38078,1.00,1.00
2017.06.30 14:50:44.575,8.37914,8.38004,1.00,1.00
2017.06.30 14:50:44.677,8.37914,8.37968,1.00,1.00
2017.06.30 14:50:44.779,8.37841,8.37968,1.50,1.50
2017.06.30 14:50:44.881,8.37841,8.3794,1.00,1.00
2017.06.30 14:50:45.034,8.37813,8.37934,1.00,1.00
2017.06.30 14:50:45.262,8.37808,8.37922,1.00,1.00
2017.06.30 14:50:46.036,8.37797,8.37922,1.50,1.00
2017.06.30 14:50:46.088,8.37797,8.37897,1.00,1.00
2017.06.30 14:50:46.139,8.37797,8.37908,1.00,1.00
2017.06.30 14:50:46.325,8.37782,8.37886,1.00,1.00
2017.06.30 14:50:47.072,8.37777,8.37886,1.00,1.00
2017.06.30 14:50:47.503,8.37772,8.37886,1.00,1.00
2017.06.30 14:50:48.003,8.3778,8.37886,1.00,1.00
2017.06.30 14:50:48.627,8.37791,8.37886,1.00,1.00
2017.06.30 14:50:48.779,8.37791,8.37902,1.00,1.00
2017.06.30 14:50:48.881,8.378,8.37902,1.00,1.00
2017.06.30 14:50:48.983,8.378,8.37923,1.00,1.00
2017.06.30 14:50:49.226,8.37798,8.37919,1.00,1.00
2017.06.30 14:50:49.531,8.37803,8.37924,1.00,1.00
2017.06.30 14:50:49.835,8.37815,8.37924,1.00,1.00
2017.06.30 14:50:50.063,8.37801,8.37924,1.00,1.00
2017.06.30 14:50:50.215,8.37801,8.37908,1.00,1.00
2017.06.30 14:50:50.381,8.3779,8.37908,1.00,1.00
2017.06.30 14:50:50.584,8.3779,8.37887,1.00,1.00
2017.06.30 14:50:51.013,8.37784,8.37887,1.00,1.00
2017.06.30 14:50:51.399,8.37778,8.37887,1.00,1.00
2017.06.30 14:50:52.263,8.37783,8.37887,1.00,1.00
2017.06.30 14:50:55.612,8.37794,8.37887,1.00,1.00
2017.06.30 14:50:55.713,8.37794,8.37916,1.00,1.00
2017.06.30 14:50:55.815,8.37794,8.37894,1.00,1.00
2017.06.30 14:50:55.917,8.37794,8.37916,1.00,1.00
2017.06.30 14:50:56.018,8.37794,8.37893,1.00,1.00
2017.06.30 14:50:56.120,8.37797,8.37919,1.00,1.00
2017.06.30 14:50:56.222,8.37794,8.37901,1.00,1.00
2017.06.30 14:50:56.629,8.37799,8.37901,1.00,1.00
2017.06.30 14:50:56.777,8.37792,8.37901,1.00,1.00
2017.06.30 14:50:57.446,8.37797,8.37918,1.00,1.00
2017.06.30 14:50:57.856,8.37797,8.37914,1.00,1.00
2017.06.30 14:50:58.176,8.378,8.37893,1.00,1.00
2017.06.30 14:50:58.229,8.378,8.37908,1.00,1.00
2017.06.30 14:50:58.468,8.37789,8.37908,1.00,1.00
2017.06.30 14:50:58.520,8.37789,8.37893,1.00,1.00
2017.06.30 14:50:58.624,8.37789,8.37907,1.00,1.00
2017.06.30 14:50:58.675,8.37782,8.37899,1.00,1.00
2017.06.30 14:50:59.102,8.37782,8.37893,1.00,1.00
2017.06.30 14:51:00.342,8.37778,8.37893,1.00,1.00
2017.06.30 14:51:01.320,8.37782,8.37893,1.00,1.00
2017.06.30 14:51:01.422,8.37796,8.37921,1.50,1.00
2017.06.30 14:51:01.473,8.37806,8.37921,1.00,1.00
2017.06.30 14:51:02.487,8.3781,8.37921,1.00,1.00
2017.06.30 14:51:03.012,8.3783,8.37921,1.00,1.00
2017.06.30 14:51:03.216,8.3783,8.37948,1.00,1.00
2017.06.30 14:51:03.499,8.3784,8.37948,1.00,1.00
2017.06.30 14:51:03.550,8.3784,8.37963,1.00,1.00
2017.06.30 14:51:03.702,8.37848,8.37963,1.00,1.00
2017.06.30 14:51:03.854,8.37862,8.37988,1.00,1.00
2017.06.30 14:51:03.905,8.379,8.37989,1.00,1.00
2017.06.30 14:51:03.957,8.379,8.38009,1.00,1.00
2017.06.30 14:51:04.322,8.37916,8.38009,1.00,1.00
2017.06.30 14:51:04.423,8.37916,8.38027,1.00,1.00
2017.06.30 14:51:04.576,8.37928,8.38027,1.00,1.00
2017.06.30 14:51:05.327,8.37923,8.38027,1.00,1.00
2017.06.30 14:51:05.881,8.37914,8.38027,1.00,1.00
2017.06.30 14:51:06.859,8.37911,8.38027,1.00,1.00
2017.06.30 14:51:06.910,8.379,8.38025,1.50,1.00
2017.06.30 14:51:06.961,8.379,8.38018,1.00,1.00
2017.06.30 14:51:07.270,8.37891,8.38007,1.00,1.00
2017.06.30 14:51:07.372,8.37882,8.38007,1.00,1.00
2017.06.30 14:51:08.363,8.37885,8.38007,1.00,1.00
2017.06.30 14:51:10.458,8.37884,8.38007,1.00,1.00
2017.06.30 14:51:11.466,8.37887,8.38007,1.00,1.00
2017.06.30 14:51:11.784,8.37896,8.38013,1.00,1.00
2017.06.30 14:51:12.459,8.37896,8.38015,1.00,1.00
2017.06.30 14:51:12.511,8.37896,8.3802,1.00,1.00
2017.06.30 14:51:13.026,8.37909,8.38023,1.00,1.00
2017.06.30 14:51:13.181,8.37912,8.38035,1.00,1.00
2017.06.30 14:51:13.468,8.37903,8.38024,1.00,1.00
2017.06.30 14:51:13.773,8.37912,8.38019,1.00,1.00
2017.06.30 14:51:13.976,8.37892,8.38014,1.00,1.00
2017.06.30 14:51:14.657,8.37896,8.38014,1.00,1.00
2017.06.30 14:51:14.978,8.37912,8.38035,1.00,1.00
2017.06.30 14:51:15.718,8.37932,8.38035,1.00,1.00
2017.06.30 14:51:15.969,8.37938,8.38047,1.00,1.00
2017.06.30 14:51:16.071,8.37933,8.38051,1.00,1.00
2017.06.30 14:51:16.229,8.37924,8.38047,1.00,1.00
2017.06.30 14:51:16.382,8.37938,8.38047,1.00,1.00
2017.06.30 14:51:16.484,8.37921,8.38043,1.00,1.00
2017.06.30 14:51:17.212,8.37922,8.38043,1.00,1.00
2017.06.30 14:51:17.353,8.37917,8.38043,1.00,1.50
2017.06.30 14:51:18.403,8.3792,8.38043,1.00,1.00
2017.06.30 14:51:18.805,8.37935,8.38043,1.00,1.00
2017.06.30 14:51:18.856,8.37938,8.38062,1.00,1.00
2017.06.30 14:51:18.958,8.37953,8.38062,1.00,1.00
2017.06.30 14:51:19.767,8.37953,8.38069,1.00,1.00
2017.06.30 14:51:21.322,8.37953,8.38056,1.00,1.00
2017.06.30 14:51:21.373,8.37939,8.38056,1.00,1.00
2017.06.30 14:51:22.281,8.37939,8.38052,1.00,1.00
2017.06.30 14:51:23.282,8.37939,8.38054,1.00,1.00
2017.06.30 14:51:25.413,8.37929,8.38051,1.00,1.00
2017.06.30 14:51:25.569,8.3794,8.38057,1.00,1.00
2017.06.30 14:51:25.709,8.3793,8.38051,1.00,1.00
2017.06.30 14:51:28.312,8.37939,8.38057,1.00,1.00
2017.06.30 14:51:28.414,8.3793,8.3805,1.00,1.00
2017.06.30 14:51:28.748,8.3794,8.3805,1.00,1.00
2017.06.30 14:51:28.900,8.37946,8.38067,1.00,1.00
2017.06.30 14:51:29.748,8.37956,8.38067,1.00,1.00
2017.06.30 14:51:29.800,8.37957,8.38082,1.00,1.00
2017.06.30 14:51:29.916,8.37956,8.38068,1.00,1.00
2017.06.30 14:51:30.018,8.37956,8.38083,1.50,1.50
2017.06.30 14:51:30.119,8.37956,8.38068,1.00,1.00
2017.06.30 14:51:30.906,8.37941,8.38049,1.00,1.00
2017.06.30 14:51:31.110,8.37874,8.37986,1.00,1.00
2017.06.30 14:51:31.211,8.37859,8.37984,1.50,1.00
2017.06.30 14:51:31.313,8.37859,8.37971,1.00,1.00
2017.06.30 14:51:31.560,8.37844,8.37967,1.00,1.00
2017.06.30 14:51:31.712,8.3784,8.37949,1.00,1.00
2017.06.30 14:51:31.966,8.37831,8.37949,1.00,1.00
2017.06.30 14:51:32.118,8.37842,8.37949,1.00,1.00
2017.06.30 14:51:32.321,8.37855,8.37977,1.00,1.00
2017.06.30 14:51:33.305,8.37894,8.37981,1.00,1.00
2017.06.30 14:51:33.407,8.37864,8.37981,1.00,1.00
2017.06.30 14:51:33.458,8.37865,8.37991,1.00,1.00
2017.06.30 14:51:33.509,8.37893,8.37992,1.00,1.00
2017.06.30 14:51:34.270,8.37893,8.37985,1.00,1.00
2017.06.30 14:51:34.321,8.37864,8.37985,1.00,1.00
2017.06.30 14:51:35.324,8.37864,8.37981,1.00,1.00
2017.06.30 14:51:35.686,8.37886,8.37981,1.00,1.00
2017.06.30 14:51:35.738,8.37872,8.37981,1.00,1.00
2017.06.30 14:51:35.890,8.37872,8.37986,1.00,1.00
2017.06.30 14:51:36.887,8.37872,8.37981,1.00,1.00
2017.06.30 14:51:37.293,8.37872,8.37986,1.00,1.00
2017.06.30 14:51:38.292,8.37875,8.37997,1.00,1.00
2017.06.30 14:51:38.343,8.37895,8.3802,1.00,1.00
2017.06.30 14:51:38.394,8.37911,8.3802,1.00,1.00
2017.06.30 14:51:38.734,8.37945,8.38027,1.00,1.00
2017.06.30 14:51:38.837,8.37917,8.38027,1.00,1.00
2017.06.30 14:51:38.939,8.37938,8.38027,1.00,1.00
2017.06.30 14:51:39.142,8.37938,8.38032,1.00,1.00
2017.06.30 14:51:39.374,8.37938,8.38028,1.00,1.00
2017.06.30 14:51:39.617,8.37916,8.38028,1.00,1.00
2017.06.30 14:51:39.668,8.37916,8.38024,1.00,1.00
2017.06.30 14:51:40.150,8.3793,8.38024,1.00,1.00
2017.06.30 14:51:41.259,8.3793,8.38027,1.00,1.00
2017.06.30 14:51:41.705,8.3791,8.38027,1.00,1.00
2017.06.30 14:51:42.144,8.37938,8.38027,1.00,1.00
2017.06.30 14:51:42.341,8.37919,8.38018,1.00,1.00
2017.06.30 14:51:42.392,8.37909,8.38018,1.00,1.00
2017.06.30 14:51:42.443,8.37909,8.38015,1.00,1.00
2017.06.30 14:51:43.309,8.37909,8.38008,1.00,1.00
2017.06.30 14:51:43.639,8.37901,8.38,1.00,1.00
2017.06.30 14:51:43.930,8.37881,8.38,1.00,1.00
2017.06.30 14:51:44.310,8.3788,8.38005,1.00,1.00
2017.06.30 14:51:44.361,8.3788,8.37997,1.00,1.00
2017.06.30 14:51:44.907,8.37879,8.37997,1.00,1.00
2017.06.30 14:51:45.370,8.37879,8.37993,1.00,1.00
2017.06.30 14:51:46.447,8.37879,8.37999,1.00,1.00
2017.06.30 14:51:46.499,8.37896,8.38006,1.00,1.00
2017.06.30 14:51:46.835,8.37872,8.37996,1.00,1.00
2017.06.30 14:51:47.551,8.37872,8.37995,1.00,1.00
2017.06.30 14:51:48.004,8.37872,8.37986,1.00,1.00
2017.06.30 14:51:48.310,8.37851,8.37955,1.00,1.00
2017.06.30 14:51:48.361,8.37875,8.37992,1.00,1.00
2017.06.30 14:51:48.463,8.3788,8.38001,1.00,1.00
2017.06.30 14:51:49.050,8.3788,8.37992,1.00,1.00
2017.06.30 14:51:49.683,8.3788,8.37984,1.00,1.00
2017.06.30 14:51:49.836,8.37852,8.37964,1.00,1.00
2017.06.30 14:51:49.938,8.3785,8.37964,1.00,1.00
2017.06.30 14:51:50.141,8.37872,8.37964,1.00,1.00
2017.06.30 14:51:50.243,8.37857,8.37964,1.00,1.00
2017.06.30 14:51:50.692,8.37857,8.3796,1.00,1.00
2017.06.30 14:51:51.169,8.37857,8.37973,1.00,1.00
2017.06.30 14:51:51.220,8.37857,8.37979,1.00,1.00
2017.06.30 14:51:51.272,8.37872,8.37979,1.00,1.00
2017.06.30 14:51:51.602,8.37867,8.3797,1.50,1.00
2017.06.30 14:51:51.704,8.3787,8.37994,1.00,1.00
2017.06.30 14:51:51.755,8.37926,8.38013,1.00,1.00
2017.06.30 14:51:51.858,8.37906,8.38021,1.00,1.00
2017.06.30 14:51:51.909,8.37904,8.38021,1.00,1.00
2017.06.30 14:51:51.961,8.37933,8.38021,1.00,1.00
2017.06.30 14:51:52.272,8.37933,8.38028,1.00,1.00
2017.06.30 14:51:52.575,8.37914,8.38028,1.00,1.00
2017.06.30 14:51:52.626,8.37904,8.38028,1.00,1.00
2017.06.30 14:51:53.473,8.37904,8.38022,1.00,1.00
2017.06.30 14:51:53.791,8.37904,8.38007,1.00,1.00
2017.06.30 14:51:54.265,8.37904,8.38021,1.00,1.00
2017.06.30 14:51:54.469,8.37894,8.38016,1.00,1.00
2017.06.30 14:51:54.576,8.3789,8.38016,1.00,1.50
2017.06.30 14:51:54.681,8.37889,8.37995,1.00,1.00
2017.06.30 14:51:54.885,8.37867,8.37986,1.00,1.00
2017.06.30 14:51:55.636,8.37867,8.37981,1.00,1.00
2017.06.30 14:51:56.074,8.37867,8.37974,1.00,1.00
2017.06.30 14:51:56.128,8.37847,8.37971,1.00,1.00
2017.06.30 14:51:56.655,8.37856,8.37971,1.00,1.00
2017.06.30 14:51:57.049,8.37846,8.37971,1.00,1.00
2017.06.30 14:51:57.202,8.37846,8.37957,1.00,1.00
2017.06.30 14:51:57.306,8.37823,8.37944,1.00,1.00
2017.06.30 14:51:57.561,8.37845,8.37944,1.00,1.00
2017.06.30 14:51:57.612,8.37845,8.37963,1.00,1.00
2017.06.30 14:51:57.814,8.37861,8.37963,1.00,1.00
2017.06.30 14:51:58.537,8.37861,8.37972,1.00,1.00
2017.06.30 14:51:58.749,8.37861,8.37978,1.00,1.00
2017.06.30 14:51:59.004,8.37861,8.3797,1.00,1.00
2017.06.30 14:51:59.309,8.37831,8.37945,1.00,1.00
2017.06.30 14:51:59.432,8.37834,8.37945,1.00,1.00
2017.06.30 14:51:59.667,8.37831,8.37945,1.00,1.00
2017.06.30 14:52:00.092,8.37831,8.37948,1.00,1.00
2017.06.30 14:52:00.332,8.37853,8.37948,1.00,1.00
2017.06.30 14:52:00.383,8.3783,8.37948,1.00,1.00
2017.06.30 14:52:00.820,8.37848,8.37957,1.00,1.00
2017.06.30 14:52:00.973,8.3786,8.37975,1.00,1.00
2017.06.30 14:52:01.475,8.37889,8.37988,1.00,1.00
2017.06.30 14:52:01.577,8.37869,8.37988,1.00,1.00
2017.06.30 14:52:01.688,8.3789,8.37988,1.00,1.00
2017.06.30 14:52:01.891,8.37867,8.37983,1.00,1.00
2017.06.30 14:52:02.423,8.37883,8.37983,1.00,1.00
2017.06.30 14:52:02.474,8.37882,8.37989,1.00,1.00
2017.06.30 14:52:02.673,8.37867,8.37989,1.00,1.00
2017.06.30 14:52:03.975,8.37882,8.37989,1.00,1.00
2017.06.30 14:52:04.093,8.37867,8.37989,1.00,1.00
2017.06.30 14:52:04.311,8.37867,8.37976,1.00,1.00
2017.06.30 14:52:04.655,8.37867,8.37952,1.00,1.00
2017.06.30 14:52:04.706,8.37848,8.37952,1.00,1.00
2017.06.30 14:52:04.757,8.37838,8.37952,1.00,1.00
2017.06.30 14:52:05.632,8.37838,8.3795,1.00,1.00
2017.06.30 14:52:06.183,8.37854,8.37976,1.00,1.00
2017.06.30 14:52:06.409,8.37867,8.37976,1.00,1.00
2017.06.30 14:52:06.927,8.37867,8.37955,1.00,1.00
2017.06.30 14:52:07.131,8.3783,8.37945,1.00,1.00
2017.06.30 14:52:07.616,8.37868,8.37957,1.00,1.00
2017.06.30 14:52:07.820,8.37892,8.37994,1.00,1.00
2017.06.30 14:52:07.921,8.37905,8.38019,1.00,1.00
2017.06.30 14:52:08.110,8.37905,8.38002,1.00,1.00
2017.06.30 14:52:08.415,8.37876,8.38002,1.00,1.00
2017.06.30 14:52:08.618,8.37896,8.38002,1.00,1.00
2017.06.30 14:52:08.720,8.37883,8.38002,1.00,1.00
2017.06.30 14:52:09.103,8.37883,8.38,1.00,1.00
2017.06.30 14:52:09.418,8.37896,8.38,1.00,1.00
2017.06.30 14:52:09.520,8.37882,8.38003,1.00,1.00
2017.06.30 14:52:09.622,8.37896,8.38003,1.00,1.00
2017.06.30 14:52:09.833,8.37882,8.37996,1.00,1.00
2017.06.30 14:52:10.165,8.37882,8.37987,1.00,1.00
2017.06.30 14:52:10.318,8.37862,8.37985,1.00,1.00
2017.06.30 14:52:10.369,8.3786,8.37985,1.00,1.00
2017.06.30 14:52:10.770,8.37858,8.37974,1.00,1.00
2017.06.30 14:52:11.075,8.37851,8.37964,1.00,1.00
2017.06.30 14:52:11.380,8.37837,8.3792,1.00,1.00
2017.06.30 14:52:11.431,8.37816,8.37914,1.00,1.00
2017.06.30 14:52:11.482,8.37793,8.37914,1.00,1.00
2017.06.30 14:52:11.689,8.37787,8.37906,1.00,1.00
2017.06.30 14:52:12.046,8.37798,8.37914,1.00,1.00
2017.06.30 14:52:12.353,8.37846,8.37951,1.00,1.00
2017.06.30 14:52:12.504,8.37846,8.37962,1.00,1.00
2017.06.30 14:52:12.555,8.37861,8.37974,1.00,1.00
2017.06.30 14:52:13.167,8.37861,8.37968,1.00,1.00
2017.06.30 14:52:13.589,8.37861,8.37964,1.00,1.00
2017.06.30 14:52:13.692,8.37861,8.37969,1.00,1.00
2017.06.30 14:52:14.638,8.37861,8.37966,1.00,1.00
2017.06.30 14:52:14.948,8.37841,8.37951,1.00,1.00
2017.06.30 14:52:14.999,8.37836,8.37951,1.00,1.00
2017.06.30 14:52:15.052,8.37854,8.3796,1.00,1.00
2017.06.30 14:52:15.431,8.37854,8.37968,1.00,1.00
2017.06.30 14:52:15.616,8.37834,8.37941,1.00,1.00
2017.06.30 14:52:15.718,8.37838,8.37957,1.00,1.00
2017.06.30 14:52:16.023,8.37856,8.37957,1.00,1.00
2017.06.30 14:52:16.641,8.37856,8.37965,1.00,1.00
2017.06.30 14:52:18.066,8.37856,8.37974,1.00,1.00
2017.06.30 14:52:18.203,8.37856,8.37965,1.00,1.00
2017.06.30 14:52:18.317,8.37838,8.37964,1.00,1.00
2017.06.30 14:52:18.557,8.37859,8.37949,1.00,1.00
2017.06.30 14:52:18.659,8.37839,8.37949,1.00,1.00
2017.06.30 14:52:18.710,8.37837,8.37949,1.00,1.00
2017.06.30 14:52:18.862,8.37852,8.37949,1.00,1.00
2017.06.30 14:52:19.031,8.37852,8.37968,1.00,1.00
2017.06.30 14:52:19.082,8.37885,8.3798,1.00,1.00
2017.06.30 14:52:19.133,8.37865,8.3798,1.00,1.00
2017.06.30 14:52:19.184,8.37865,8.37972,1.00,1.00
2017.06.30 14:52:19.236,8.37856,8.37982,1.00,1.00
2017.06.30 14:52:19.287,8.37855,8.3798,1.00,1.00
2017.06.30 14:52:19.604,8.37857,8.3798,1.00,1.00
2017.06.30 14:52:19.907,8.37857,8.37965,1.00,1.00
2017.06.30 14:52:19.958,8.37842,8.37965,1.00,1.00
2017.06.30 14:52:20.171,8.37858,8.37965,1.00,1.00
2017.06.30 14:52:20.222,8.37858,8.37974,1.00,1.00
2017.06.30 14:52:20.772,8.37858,8.37968,1.00,1.00
2017.06.30 14:52:21.292,8.37858,8.37963,1.00,1.00
2017.06.30 14:52:21.445,8.37843,8.37963,1.00,1.00
2017.06.30 14:52:21.496,8.37843,8.37951,1.00,1.00
2017.06.30 14:52:21.547,8.37828,8.37951,1.00,1.00
2017.06.30 14:52:21.852,8.37825,8.3794,1.00,1.00
2017.06.30 14:52:22.273,8.37819,8.3794,1.00,1.00
2017.06.30 14:52:22.395,8.37828,8.3794,1.00,1.00
2017.06.30 14:52:22.548,8.3783,8.37954,1.00,1.00
2017.06.30 14:52:22.701,8.3784,8.37955,1.00,1.00
2017.06.30 14:52:23.176,8.37843,8.37965,1.00,1.00
2017.06.30 14:52:23.373,8.37847,8.3797,1.00,1.00
2017.06.30 14:52:24.250,8.37853,8.3797,1.00,1.00
2017.06.30 14:52:24.556,8.37881,8.3799,1.00,1.00
2017.06.30 14:52:24.759,8.37863,8.3799,1.50,1.50
2017.06.30 14:52:25.328,8.37863,8.37968,1.00,1.00
2017.06.30 14:52:25.644,8.37863,8.37954,1.00,1.00
2017.06.30 14:52:25.746,8.37844,8.37954,1.00,1.50
2017.06.30 14:52:25.951,8.37854,8.37967,1.00,1.00
2017.06.30 14:52:26.002,8.37854,8.37948,1.00,1.00
2017.06.30 14:52:26.338,8.37854,8.37931,1.00,1.00
2017.06.30 14:52:26.608,8.37854,8.37944,1.00,1.00
2017.06.30 14:52:26.659,8.37834,8.37944,1.00,1.00
2017.06.30 14:52:26.711,8.37818,8.37944,1.00,1.00
2017.06.30 14:52:26.864,8.37841,8.37955,1.00,1.00
2017.06.30 14:52:27.849,8.37841,8.37954,1.00,1.00
2017.06.30 14:52:30.889,8.37841,8.37945,1.00,1.00
2017.06.30 14:52:31.536,8.37841,8.3796,1.00,1.00
2017.06.30 14:52:31.690,8.37861,8.37944,1.00,1.00
2017.06.30 14:52:31.792,8.37841,8.37944,1.00,1.00
2017.06.30 14:52:31.843,8.37833,8.37944,1.00,1.00
2017.06.30 14:52:32.086,8.3785,8.3796,1.00,1.00
2017.06.30 14:52:32.138,8.37833,8.37957,1.00,1.00
2017.06.30 14:52:32.335,8.37849,8.37955,1.00,1.00
2017.06.30 14:52:32.639,8.37849,8.37948,1.00,1.00
2017.06.30 14:52:32.691,8.3786,8.37976,1.00,1.00
2017.06.30 14:52:32.742,8.37849,8.37967,1.00,1.00
2017.06.30 14:52:32.793,8.37864,8.37967,1.00,1.00
2017.06.30 14:52:33.297,8.37864,8.37966,1.00,1.00
2017.06.30 14:52:33.720,8.37864,8.37959,1.00,1.00
2017.06.30 14:52:34.508,8.37864,8.37957,1.00,1.00
2017.06.30 14:52:35.649,8.37864,8.37961,1.00,1.00
2017.06.30 14:52:36.147,8.37864,8.37972,1.00,1.00
2017.06.30 14:52:36.628,8.37865,8.37991,1.00,1.00
2017.06.30 14:52:36.679,8.37865,8.37968,1.00,1.00
2017.06.30 14:52:36.730,8.37865,8.37986,1.00,1.00
2017.06.30 14:52:36.781,8.37911,8.37986,1.00,1.00
2017.06.30 14:52:36.985,8.37851,8.37942,1.00,1.37
2017.06.30 14:52:37.036,8.37826,8.37916,1.00,1.00
2017.06.30 14:52:37.087,8.37805,8.37916,1.00,1.00
2017.06.30 14:52:37.138,8.37804,8.37903,1.00,1.00
2017.06.30 14:52:37.290,8.37785,8.37903,1.00,1.00
2017.06.30 14:52:37.443,8.37785,8.37874,1.00,1.00
2017.06.30 14:52:37.598,8.37765,8.37874,1.00,1.00
2017.06.30 14:52:38.076,8.37765,8.3785,1.00,1.00
2017.06.30 14:52:38.279,8.37744,8.37854,1.00,1.00
2017.06.30 14:52:38.330,8.37736,8.37854,1.00,1.00
2017.06.30 14:52:38.586,8.37738,8.37861,1.00,1.00
2017.06.30 14:52:39.053,8.37736,8.37861,1.00,1.00
2017.06.30 14:52:39.205,8.37757,8.37861,1.00,1.00
2017.06.30 14:52:39.307,8.37757,8.37879,1.00,1.00
2017.06.30 14:52:39.560,8.37766,8.37879,1.00,1.00
2017.06.30 14:52:40.173,8.3776,8.37879,1.00,1.00
2017.06.30 14:52:40.634,8.37765,8.37879,1.00,1.00
2017.06.30 14:52:40.892,8.37773,8.37899,1.00,1.00
2017.06.30 14:52:41.175,8.37773,8.37895,1.00,1.00
2017.06.30 14:52:42.069,8.37773,8.379,1.00,1.00
2017.06.30 14:52:43.089,8.37795,8.37909,1.00,1.00
2017.06.30 14:52:43.264,8.37795,8.37911,1.00,1.00
2017.06.30 14:52:44.465,8.37795,8.37907,1.00,1.00
2017.06.30 14:52:44.669,8.37781,8.37906,1.00,1.00
2017.06.30 14:52:44.821,8.37795,8.37914,1.00,1.00
2017.06.30 14:52:44.973,8.37795,8.37916,1.00,1.00
2017.06.30 14:52:45.798,8.3781,8.37916,1.00,1.00
2017.06.30 14:52:47.026,8.3781,8.3792,1.00,1.00
2017.06.30 14:52:47.077,8.3781,8.37937,1.00,1.50
2017.06.30 14:52:49.086,8.3781,8.37898,1.00,1.00
2017.06.30 14:52:49.340,8.37781,8.37874,1.00,1.00
2017.06.30 14:52:49.441,8.37761,8.37874,1.00,1.00
2017.06.30 14:52:49.493,8.37754,8.37874,1.00,1.00
2017.06.30 14:52:49.697,8.37754,8.37861,1.00,1.00
2017.06.30 14:52:50.672,8.37754,8.37864,1.00,1.00
2017.06.30 14:52:51.684,8.37754,8.3787,1.00,1.00
2017.06.30 14:52:53.769,8.37754,8.37861,1.00,1.00
2017.06.30 14:52:54.183,8.37754,8.37865,1.00,1.00
2017.06.30 14:52:54.452,8.37754,8.37881,1.00,1.00
2017.06.30 14:52:54.722,8.37754,8.37867,1.00,1.00
2017.06.30 14:52:54.926,8.37747,8.37871,1.60,1.00
2017.06.30 14:52:54.978,8.37766,8.37871,1.00,1.00
2017.06.30 14:52:55.029,8.3776,8.37871,1.00,1.00
2017.06.30 14:52:55.131,8.37784,8.37891,1.00,1.00
2017.06.30 14:52:55.183,8.37784,8.37907,1.00,1.00
2017.06.30 14:52:55.234,8.3779,8.37919,1.00,1.00
2017.06.30 14:52:55.583,8.37797,8.37924,1.00,1.00
2017.06.30 14:52:56.548,8.37795,8.37924,1.00,1.00
2017.06.30 14:52:56.981,8.3779,8.37924,1.50,1.00
2017.06.30 14:52:57.129,8.37808,8.37924,1.00,1.00
2017.06.30 14:52:57.231,8.37819,8.37943,1.00,1.00
2017.06.30 14:52:57.282,8.37819,8.3793,1.00,1.00
2017.06.30 14:52:57.587,8.37742,8.37865,1.00,1.00
2017.06.30 14:52:57.639,8.37729,8.37853,1.00,1.00
2017.06.30 14:52:58.149,8.37726,8.37853,1.00,1.50
2017.06.30 14:52:59.034,8.37742,8.37853,1.00,1.00
2017.06.30 14:52:59.439,8.37742,8.37849,1.00,1.00
2017.06.30 14:52:59.592,8.37742,8.37857,1.00,1.00
2017.06.30 14:52:59.644,8.37722,8.37825,1.75,1.00
2017.06.30 14:52:59.696,8.37733,8.37825,1.00,1.00
2017.06.30 14:52:59.749,8.37733,8.37845,1.00,1.00
2017.06.30 14:53:00.139,8.37738,8.37865,1.00,1.00
2017.06.30 14:53:00.190,8.37759,8.37865,1.00,1.00
2017.06.30 14:53:00.443,8.37759,8.37879,1.00,1.00
2017.06.30 14:53:00.596,8.37768,8.37879,1.00,1.00
2017.06.30 14:53:00.947,8.37798,8.37894,1.00,1.00
2017.06.30 14:53:01.049,8.37809,8.37915,1.00,1.50
2017.06.30 14:53:01.303,8.37814,8.37915,1.00,1.00
2017.06.30 14:53:01.355,8.37814,8.37931,1.00,1.00
2017.06.30 14:53:01.689,8.3782,8.37947,1.00,1.50
2017.06.30 14:53:01.987,8.3782,8.37943,1.00,1.00
2017.06.30 14:53:02.292,8.37817,8.37926,1.00,1.00
2017.06.30 14:53:02.343,8.37805,8.37926,1.00,1.00
2017.06.30 14:53:02.394,8.37827,8.37941,1.00,1.00
2017.06.30 14:53:02.763,8.37802,8.37889,1.00,1.00
2017.06.30 14:53:02.814,8.37769,8.37889,1.00,1.00
2017.06.30 14:53:03.019,8.37769,8.37877,1.00,1.00
2017.06.30 14:53:03.272,8.3775,8.37877,1.00,1.50
2017.06.30 14:53:03.610,8.3775,8.37871,1.00,1.00
2017.06.30 14:53:03.661,8.3775,8.37877,1.00,1.00
2017.06.30 14:53:04.846,8.37751,8.37877,1.00,1.00
2017.06.30 14:53:05.300,8.37768,8.37886,1.00,1.00
2017.06.30 14:53:05.800,8.37768,8.37884,1.00,1.00
2017.06.30 14:53:07.238,8.37768,8.37893,1.00,1.00
2017.06.30 14:53:07.289,8.37772,8.37893,1.00,1.00
2017.06.30 14:53:07.594,8.37797,8.37915,1.00,1.00
2017.06.30 14:53:08.494,8.37797,8.37919,1.00,1.00
2017.06.30 14:53:09.372,8.37811,8.37928,1.00,1.00
2017.06.30 14:53:10.420,8.37811,8.37924,1.00,1.00
2017.06.30 14:53:10.724,8.37811,8.37919,1.00,1.00
2017.06.30 14:53:10.775,8.37811,8.37927,1.00,1.00
2017.06.30 14:53:10.877,8.37811,8.37933,1.00,1.00
2017.06.30 14:53:11.526,8.37818,8.37938,1.00,1.00
2017.06.30 14:53:11.848,8.3783,8.37938,1.00,1.00
2017.06.30 14:53:12.002,8.37832,8.37956,1.00,1.00
2017.06.30 14:53:12.117,8.37832,8.37959,1.00,1.00
2017.06.30 14:53:12.172,8.37838,8.37959,1.00,1.00
2017.06.30 14:53:12.477,8.37889,8.37987,1.00,1.00
2017.06.30 14:53:12.729,8.37817,8.37938,1.00,1.00
2017.06.30 14:53:12.881,8.37817,8.37921,1.00,1.00
2017.06.30 14:53:13.186,8.37799,8.37921,1.00,1.00
2017.06.30 14:53:13.445,8.37807,8.37926,1.00,1.00
2017.06.30 14:53:14.056,8.37866,8.37946,1.00,1.00
2017.06.30 14:53:14.107,8.37857,8.37977,1.00,1.00
2017.06.30 14:53:14.209,8.37851,8.37953,1.00,1.00
2017.06.30 14:53:14.311,8.37851,8.37968,1.00,1.00
2017.06.30 14:53:14.463,8.37863,8.37968,1.00,1.00
2017.06.30 14:53:14.767,8.37883,8.37985,1.00,1.00
2017.06.30 14:53:14.920,8.37896,8.38018,1.00,1.00
2017.06.30 14:53:15.600,8.37911,8.38018,1.00,1.00
2017.06.30 14:53:16.289,8.37911,8.38037,1.00,1.00
2017.06.30 14:53:18.404,8.37922,8.38037,1.00,1.00
2017.06.30 14:53:19.328,8.37923,8.38037,1.00,1.00
2017.06.30 14:53:20.210,8.37924,8.38037,1.00,1.00
2017.06.30 14:53:22.214,8.37929,8.38037,1.00,1.00
2017.06.30 14:53:24.071,8.37938,8.38037,1.00,1.00
2017.06.30 14:53:24.122,8.37938,8.38054,1.00,1.00
2017.06.30 14:53:26.505,8.37935,8.38054,1.00,1.00
2017.06.30 14:53:26.829,8.37938,8.38054,1.00,1.00
2017.06.30 14:53:27.109,8.37963,8.38082,1.00,1.00
2017.06.30 14:53:27.909,8.37957,8.38081,1.87,1.00
2017.06.30 14:53:28.078,8.37957,8.38077,1.37,1.00
2017.06.30 14:53:28.383,8.37957,8.38066,1.37,1.00
2017.06.30 14:53:28.716,8.37939,8.38049,1.75,1.00
2017.06.30 14:53:28.817,8.37944,8.38066,1.75,1.00
2017.06.30 14:53:28.991,8.37945,8.3807,1.75,1.00
2017.06.30 14:53:29.042,8.37945,8.38056,1.00,1.00
2017.06.30 14:53:29.144,8.37948,8.3807,1.00,1.00
2017.06.30 14:53:29.852,8.37948,8.38049,1.00,1.00
2017.06.30 14:53:29.972,8.37948,8.38071,1.00,1.00
2017.06.30 14:53:30.225,8.37952,8.38071,1.00,1.00
2017.06.30 14:53:31.064,8.37961,8.38077,1.00,1.00
2017.06.30 14:53:32.141,8.37961,8.38067,1.00,1.00
2017.06.30 14:53:32.192,8.37961,8.38075,1.00,1.00
2017.06.30 14:53:32.243,8.37949,8.38069,1.00,1.00
2017.06.30 14:53:32.309,8.37942,8.38062,1.00,1.00
2017.06.30 14:53:32.449,8.37949,8.38073,1.00,1.00
2017.06.30 14:53:32.551,8.37964,8.38073,1.00,1.00
2017.06.30 14:53:32.981,8.37964,8.38089,1.00,1.00
2017.06.30 14:53:33.940,8.37964,8.38085,1.00,1.00
2017.06.30 14:53:34.281,8.37964,8.38075,1.00,1.00
2017.06.30 14:53:34.434,8.37942,8.38063,1.00,1.00
2017.06.30 14:53:34.535,8.37965,8.38063,1.00,1.00
2017.06.30 14:53:34.638,8.37965,8.38076,1.00,1.00
2017.06.30 14:53:34.773,8.37949,8.38066,1.00,1.00
2017.06.30 14:53:34.874,8.3794,8.38054,1.00,1.00
2017.06.30 14:53:35.077,8.37929,8.38046,1.00,1.00
2017.06.30 14:53:35.231,8.3792,8.38033,1.00,1.00
2017.06.30 14:53:35.572,8.37935,8.38046,1.00,1.00
2017.06.30 14:53:35.863,8.37935,8.38059,1.00,1.00
2017.06.30 14:53:36.016,8.37945,8.38063,1.00,1.00
2017.06.30 14:53:36.992,8.37949,8.38063,1.00,1.00
2017.06.30 14:53:37.338,8.37981,8.38105,1.00,1.00
2017.06.30 14:53:37.388,8.37981,8.38092,1.00,1.00
2017.06.30 14:53:37.585,8.37952,8.38076,1.00,1.00
2017.06.30 14:53:37.636,8.37981,8.38076,1.00,1.00
2017.06.30 14:53:37.739,8.37952,8.38076,1.00,1.00
2017.06.30 14:53:38.446,8.37952,8.38071,1.00,1.00
2017.06.30 14:53:38.979,8.37952,8.38078,1.00,1.00
2017.06.30 14:53:39.032,8.37973,8.38079,1.00,1.00
2017.06.30 14:53:39.185,8.37988,8.38101,1.00,1.00
2017.06.30 14:53:39.338,8.37988,8.38115,1.00,1.50
2017.06.30 14:53:40.058,8.37987,8.3811,1.00,1.00
2017.06.30 14:53:41.160,8.37987,8.38114,1.50,1.00
2017.06.30 14:53:41.289,8.37987,8.38109,1.00,1.00
2017.06.30 14:53:41.593,8.38006,8.38115,1.00,1.00
2017.06.30 14:53:41.695,8.38004,8.38115,1.00,1.00
2017.06.30 14:53:41.797,8.37987,8.38094,1.00,1.00
2017.06.30 14:53:42.072,8.37987,8.38107,1.00,1.00
2017.06.30 14:53:42.276,8.37981,8.38094,1.00,1.00
2017.06.30 14:53:42.377,8.37997,8.38116,1.00,1.00
2017.06.30 14:53:42.429,8.37989,8.381,1.00,1.00
2017.06.30 14:53:42.480,8.37974,8.38093,1.00,1.00
2017.06.30 14:53:42.582,8.37997,8.381,1.00,1.00
2017.06.30 14:53:42.684,8.37974,8.38096,1.00,1.00
2017.06.30 14:53:42.786,8.37969,8.38091,1.00,1.00
2017.06.30 14:53:43.512,8.37969,8.38095,1.00,1.00
2017.06.30 14:53:43.865,8.37974,8.38096,1.00,1.00
2017.06.30 14:53:44.348,8.37982,8.38096,1.00,1.00
2017.06.30 14:53:44.400,8.37975,8.38096,1.00,1.00
2017.06.30 14:53:44.452,8.37999,8.38096,1.00,1.00
2017.06.30 14:53:44.655,8.37999,8.38114,1.00,1.00
2017.06.30 14:53:45.416,8.37987,8.381,1.00,1.00
2017.06.30 14:53:45.569,8.37965,8.3809,1.00,1.00
2017.06.30 14:53:45.671,8.37963,8.38077,1.00,1.00
2017.06.30 14:53:46.003,8.37991,8.38099,1.00,1.00
2017.06.30 14:53:46.054,8.37991,8.38114,1.00,1.00
2017.06.30 14:53:46.156,8.38002,8.38117,1.00,1.00
2017.06.30 14:53:46.462,8.37982,8.38099,1.00,1.00
2017.06.30 14:53:46.924,8.37987,8.38099,1.00,1.00
2017.06.30 14:53:47.098,8.37976,8.38099,1.00,1.00
2017.06.30 14:53:47.251,8.37972,8.38091,1.00,1.00
2017.06.30 14:53:47.556,8.37968,8.3808,1.00,1.00
2017.06.30 14:53:47.890,8.38015,8.3808,1.00,1.00
2017.06.30 14:53:47.992,8.38015,8.38096,1.00,1.00
2017.06.30 14:53:48.196,8.38015,8.38128,1.00,1.00
2017.06.30 14:53:48.248,8.38001,8.38128,1.50,1.50
2017.06.30 14:53:48.300,8.38001,8.38098,1.00,1.00
2017.06.30 14:53:48.402,8.38014,8.38121,1.00,1.00
2017.06.30 14:53:48.453,8.38027,8.38121,1.00,1.00
2017.06.30 14:53:48.658,8.38045,8.38162,1.00,1.00
2017.06.30 14:53:48.759,8.38045,8.38165,1.00,1.00
2017.06.30 14:53:48.811,8.38038,8.38154,1.00,1.00
2017.06.30 14:53:49.117,8.38027,8.38127,1.00,1.00
2017.06.30 14:53:49.745,8.38025,8.38127,1.00,1.00
2017.06.30 14:53:49.893,8.38017,8.38127,1.00,1.00
2017.06.30 14:53:50.157,8.38002,8.38123,1.00,1.00
2017.06.30 14:53:50.259,8.37996,8.38098,1.00,1.00
2017.06.30 14:53:50.310,8.37985,8.38098,1.00,1.00
2017.06.30 14:53:50.361,8.37965,8.38083,1.00,1.00
2017.06.30 14:53:50.413,8.37956,8.38074,1.00,1.00
2017.06.30 14:53:50.759,8.37937,8.38048,1.00,1.00
2017.06.30 14:53:51.067,8.37889,8.38016,1.50,1.00
2017.06.30 14:53:51.526,8.37889,8.38006,1.00,1.00
2017.06.30 14:53:51.675,8.37889,8.38016,1.00,1.00
2017.06.30 14:53:51.726,8.37868,8.3798,1.00,1.00
2017.06.30 14:53:51.777,8.37875,8.37995,1.00,1.00
2017.06.30 14:53:51.828,8.37875,8.37977,1.00,1.00
2017.06.30 14:53:52.082,8.37875,8.38002,1.00,1.00
2017.06.30 14:53:52.133,8.37884,8.38002,1.00,1.00
2017.06.30 14:53:52.439,8.37945,8.38062,1.00,2.25
2017.06.30 14:53:52.594,8.3793,8.3805,1.00,1.00
2017.06.30 14:53:52.645,8.37944,8.38057,1.00,1.00
2017.06.30 14:53:52.951,8.37967,8.38063,1.00,1.50
2017.06.30 14:53:53.003,8.37946,8.38066,1.00,1.00
2017.06.30 14:53:53.105,8.37961,8.38071,1.00,1.00
2017.06.30 14:53:53.443,8.37977,8.38071,1.00,1.00
2017.06.30 14:53:53.799,8.37977,8.38088,1.00,1.00
2017.06.30 14:53:54.295,8.37975,8.38088,1.00,1.00
2017.06.30 14:53:54.396,8.37967,8.38088,1.00,1.00
2017.06.30 14:53:55.349,8.37964,8.38088,1.00,1.00
2017.06.30 14:53:56.142,8.37981,8.38088,1.00,1.00
2017.06.30 14:53:56.295,8.37992,8.38107,1.00,1.00
2017.06.30 14:53:56.397,8.37981,8.38096,1.00,1.00
2017.06.30 14:53:56.529,8.37973,8.38096,1.00,1.00
2017.06.30 14:53:57.641,8.3798,8.38096,1.00,1.00
2017.06.30 14:53:58.416,8.37985,8.38096,1.00,1.00
2017.06.30 14:53:58.518,8.37985,8.38111,1.00,1.50
2017.06.30 14:53:59.274,8.37985,8.38097,1.00,1.00
2017.06.30 14:53:59.775,8.37979,8.38097,1.00,1.00
2017.06.30 14:54:00.281,8.37992,8.38097,1.00,1.00
2017.06.30 14:54:00.383,8.37992,8.38113,1.00,1.00
2017.06.30 14:54:00.536,8.37986,8.38109,1.00,1.00
2017.06.30 14:54:00.638,8.37986,8.38101,1.00,1.00
2017.06.30 14:54:00.689,8.37974,8.3809,1.00,1.00
2017.06.30 14:54:00.824,8.37979,8.38101,1.00,1.00
2017.06.30 14:54:00.976,8.37979,8.38085,1.00,1.00
2017.06.30 14:54:01.027,8.37964,8.38085,1.00,1.00
2017.06.30 14:54:01.078,8.3798,8.38085,1.00,1.00
2017.06.30 14:54:01.180,8.37965,8.38085,1.00,1.00
2017.06.30 14:54:01.374,8.37969,8.3809,1.00,1.00
2017.06.30 14:54:01.528,8.37978,8.3809,1.00,1.00
2017.06.30 14:54:01.580,8.37965,8.38089,1.00,1.00
2017.06.30 14:54:01.633,8.37979,8.38089,1.00,1.00
2017.06.30 14:54:01.787,8.37971,8.38089,1.00,1.50
2017.06.30 14:54:01.991,8.37964,8.38076,1.00,1.00
2017.06.30 14:54:02.080,8.37971,8.38089,1.00,1.00
2017.06.30 14:54:02.545,8.37971,8.38084,1.00,1.00
2017.06.30 14:54:02.806,8.37975,8.38098,1.00,1.00
2017.06.30 14:54:02.858,8.37985,8.38098,1.00,1.00
2017.06.30 14:54:03.177,8.38,8.38112,1.00,1.00
2017.06.30 14:54:03.229,8.37985,8.38105,1.00,1.00
2017.06.30 14:54:03.282,8.37993,8.38112,1.00,1.00
2017.06.30 14:54:03.598,8.37985,8.38105,1.00,1.00
2017.06.30 14:54:03.649,8.37995,8.38105,1.00,1.00
2017.06.30 14:54:03.700,8.38001,8.38121,1.00,1.00
2017.06.30 14:54:04.005,8.37995,8.38113,1.00,1.00
2017.06.30 14:54:04.158,8.3799,8.38113,1.00,1.00
2017.06.30 14:54:04.209,8.38,8.38117,1.00,1.00
2017.06.30 14:54:04.522,8.37993,8.38117,1.00,1.00
2017.06.30 14:54:04.573,8.37993,8.3811,1.00,1.00
2017.06.30 14:54:04.625,8.37983,8.38105,1.00,1.00
2017.06.30 14:54:05.468,8.37993,8.38105,1.00,1.00
2017.06.30 14:54:06.248,8.37987,8.38105,1.00,1.00
2017.06.30 14:54:07.306,8.37996,8.3812,1.00,1.00
2017.06.30 14:54:07.357,8.3801,8.3812,1.00,1.00
2017.06.30 14:54:07.409,8.38012,8.38136,1.00,1.00
2017.06.30 14:54:07.613,8.38026,8.38139,1.00,1.00
2017.06.30 14:54:07.918,8.38038,8.38139,1.00,1.00
2017.06.30 14:54:08.830,8.38029,8.38139,1.00,1.00
2017.06.30 14:54:08.882,8.38016,8.38139,1.00,1.00
2017.06.30 14:54:09.136,8.38016,8.3811,1.00,1.00
2017.06.30 14:54:09.238,8.38016,8.38123,1.00,1.00
2017.06.30 14:54:09.868,8.38009,8.3811,1.00,1.00
2017.06.30 14:54:10.021,8.3801,8.38127,1.00,1.00
2017.06.30 14:54:10.123,8.38,8.38054,1.00,1.00
2017.06.30 14:54:10.225,8.37962,8.38054,1.00,1.00
2017.06.30 14:54:10.328,8.37932,8.38027,1.00,1.00
2017.06.30 14:54:10.430,8.37917,8.38027,1.00,1.00
2017.06.30 14:54:10.827,8.379,8.38025,1.00,1.00
2017.06.30 14:54:11.030,8.379,8.3801,1.00,1.00
2017.06.30 14:54:11.574,8.37899,8.3801,1.00,1.00
2017.06.30 14:54:11.792,8.37883,8.38003,1.00,1.00
2017.06.30 14:54:11.845,8.37897,8.37987,1.00,1.00
2017.06.30 14:54:11.947,8.37844,8.37965,1.00,1.00
2017.06.30 14:54:12.776,8.37838,8.37964,1.00,1.00
2017.06.30 14:54:13.761,8.37841,8.37965,1.00,1.00
2017.06.30 14:54:15.339,8.37838,8.37956,1.00,1.00
2017.06.30 14:54:15.390,8.37838,8.3796,1.00,1.00
2017.06.30 14:54:15.442,8.37843,8.37965,1.00,1.00
2017.06.30 14:54:15.749,8.37838,8.37953,1.00,1.00
2017.06.30 14:54:15.940,8.37815,8.37936,1.00,1.00
2017.06.30 14:54:16.508,8.37825,8.37936,1.00,1.00
2017.06.30 14:54:16.560,8.37813,8.37936,1.00,1.00
2017.06.30 14:54:16.760,8.37808,8.37931,1.00,1.00
2017.06.30 14:54:17.741,8.37808,8.37932,1.00,1.00
2017.06.30 14:54:18.038,8.3781,8.37936,1.00,1.00
2017.06.30 14:54:18.140,8.37819,8.37936,1.00,1.00
2017.06.30 14:54:18.445,8.37839,8.37965,1.00,1.50
2017.06.30 14:54:18.657,8.37851,8.37965,1.00,1.00
2017.06.30 14:54:18.862,8.3786,8.37978,1.00,1.00
2017.06.30 14:54:18.922,8.37851,8.37971,1.00,1.00
2017.06.30 14:54:19.664,8.37846,8.3797,1.00,1.00
2017.06.30 14:54:20.691,8.37848,8.37971,1.00,1.00
2017.06.30 14:54:21.030,8.37925,8.3803,1.00,1.00
2017.06.30 14:54:21.447,8.37933,8.38051,1.00,1.00
2017.06.30 14:54:21.526,8.37925,8.38046,1.00,1.00
2017.06.30 14:54:21.949,8.37919,8.38046,1.50,1.50
2017.06.30 14:54:22.101,8.37924,8.38046,1.00,1.00
2017.06.30 14:54:23.084,8.37923,8.38046,1.00,1.00
2017.06.30 14:54:23.472,8.37919,8.38043,1.00,1.00
2017.06.30 14:54:24.163,8.37922,8.38046,1.00,1.00
2017.06.30 14:54:25.025,8.37919,8.38044,1.00,1.00
2017.06.30 14:54:25.487,8.37922,8.38046,1.00,1.00
2017.06.30 14:54:26.590,8.37923,8.38046,1.00,1.00
2017.06.30 14:54:27.945,8.37927,8.38046,1.00,1.00
2017.06.30 14:54:28.266,8.37946,8.38065,1.00,1.00
2017.06.30 14:54:29.150,8.37947,8.38065,1.00,1.00
2017.06.30 14:54:31.408,8.37942,8.38065,1.00,1.00
2017.06.30 14:54:31.918,8.37948,8.38065,1.00,1.00
2017.06.30 14:54:32.722,8.37972,8.38065,1.00,1.00
2017.06.30 14:54:32.875,8.37979,8.38087,1.00,1.00
2017.06.30 14:54:32.926,8.37975,8.38087,1.00,1.00
2017.06.30 14:54:32.977,8.37976,8.381,1.00,1.00
2017.06.30 14:54:33.482,8.37976,8.38101,1.00,1.00
2017.06.30 14:54:34.467,8.37976,8.38095,1.00,1.00
2017.06.30 14:54:34.791,8.37944,8.38063,1.00,1.00
2017.06.30 14:54:35.307,8.37941,8.38063,1.00,1.00
2017.06.30 14:54:35.359,8.37936,8.38054,1.00,1.00
2017.06.30 14:54:35.462,8.37929,8.38048,1.00,1.00
2017.06.30 14:54:38.203,8.37931,8.38048,1.00,1.00
2017.06.30 14:54:38.507,8.37867,8.37909,1.00,1.00
2017.06.30 14:54:38.559,8.37824,8.37909,1.00,1.00
2017.06.30 14:54:38.660,8.37783,8.37892,1.00,1.00
2017.06.30 14:54:38.965,8.37783,8.37874,1.00,1.00
2017.06.30 14:54:39.172,8.37763,8.37874,1.75,1.00
2017.06.30 14:54:39.367,8.37778,8.37899,1.12,1.00
2017.06.30 14:54:39.470,8.37793,8.37891,1.00,1.00
2017.06.30 14:54:39.572,8.37793,8.37909,1.00,1.00
2017.06.30 14:54:39.829,8.37803,8.37909,1.00,1.00
2017.06.30 14:54:40.086,8.37836,8.37946,1.00,1.00
2017.06.30 14:54:40.138,8.37842,8.37946,1.00,1.00
2017.06.30 14:54:40.280,8.37842,8.37953,1.00,1.00
2017.06.30 14:54:40.381,8.37856,8.37968,1.00,1.00
2017.06.30 14:54:40.584,8.37842,8.37954,1.00,1.00
2017.06.30 14:54:40.687,8.3787,8.37983,1.00,1.00
2017.06.30 14:54:40.789,8.3787,8.37968,1.00,1.00
2017.06.30 14:54:40.891,8.3787,8.3799,1.00,1.00
2017.06.30 14:54:40.993,8.37894,8.3801,1.00,1.00
2017.06.30 14:54:41.309,8.37894,8.37989,1.00,1.00
2017.06.30 14:54:41.616,8.37905,8.38021,1.00,1.00
2017.06.30 14:54:41.719,8.37909,8.38032,1.00,1.00
2017.06.30 14:54:41.908,8.37905,8.38023,1.00,1.00
2017.06.30 14:54:42.214,8.37918,8.38045,1.50,1.50
2017.06.30 14:54:42.266,8.37925,8.38045,1.00,1.00
2017.06.30 14:54:42.834,8.37918,8.38043,1.00,1.00
2017.06.30 14:54:43.425,8.37925,8.38045,1.00,1.00
2017.06.30 14:54:43.810,8.37935,8.38045,1.00,1.00
2017.06.30 14:54:44.115,8.37944,8.3806,1.00,1.00
2017.06.30 14:54:44.217,8.37973,8.38082,1.00,1.00
2017.06.30 14:54:44.494,8.38003,8.38118,1.00,1.00
2017.06.30 14:54:44.596,8.38035,8.38118,1.00,1.00
2017.06.30 14:54:44.647,8.38016,8.38118,1.00,1.00
2017.06.30 14:54:44.699,8.38016,8.38133,1.00,1.00
2017.06.30 14:54:44.838,8.38031,8.38143,1.00,1.50
2017.06.30 14:54:45.155,8.37974,8.38074,1.00,1.00
2017.06.30 14:54:45.309,8.37948,8.38074,1.75,1.00
2017.06.30 14:54:45.361,8.37948,8.38074,1.00,1.00
2017.06.30 14:54:45.412,8.37935,8.38062,1.00,1.50
2017.06.30 14:54:45.463,8.37935,8.38009,1.00,1.00
2017.06.30 14:54:45.592,8.37899,8.38009,1.00,1.00
2017.06.30 14:54:45.644,8.37899,8.37982,1.00,1.00
2017.06.30 14:54:45.797,8.37856,8.37981,1.75,1.00
2017.06.30 14:54:45.899,8.37876,8.37982,1.00,1.00
2017.06.30 14:54:45.950,8.37879,8.38003,1.00,1.00
2017.06.30 14:54:46.005,8.37894,8.38003,1.00,1.00
2017.06.30 14:54:46.056,8.37876,8.38002,1.00,1.00
2017.06.30 14:54:46.107,8.37891,8.38002,1.00,1.00
2017.06.30 14:54:46.419,8.37868,8.37988,1.37,1.00
2017.06.30 14:54:46.673,8.37868,8.37995,1.00,1.00
2017.06.30 14:54:46.724,8.37874,8.37995,1.00,1.00
2017.06.30 14:54:47.059,8.37883,8.37999,1.37,1.50
2017.06.30 14:54:47.406,8.37882,8.38009,1.37,1.00
2017.06.30 14:54:47.932,8.37882,8.38004,1.37,1.00
2017.06.30 14:54:48.136,8.37882,8.37995,1.00,1.00
2017.06.30 14:54:48.188,8.37882,8.38009,1.50,1.50
2017.06.30 14:54:48.924,8.37867,8.37994,1.50,1.50
2017.06.30 14:54:49.229,8.37908,8.37994,1.00,1.00
2017.06.30 14:54:49.331,8.37922,8.38012,1.00,1.00
2017.06.30 14:54:49.432,8.37922,8.3803,1.00,1.00
2017.06.30 14:54:49.534,8.3791,8.3803,1.00,1.00
2017.06.30 14:54:49.636,8.37903,8.38019,1.00,1.00
2017.06.30 14:54:49.772,8.37886,8.38011,1.00,1.00
2017.06.30 14:54:49.875,8.37903,8.38011,1.00,1.00
2017.06.30 14:54:50.129,8.37903,8.38027,1.00,1.00
2017.06.30 14:54:50.333,8.37917,8.38027,1.00,1.00
2017.06.30 14:54:50.485,8.37906,8.38027,1.00,1.00
2017.06.30 14:54:50.640,8.37913,8.38027,1.00,1.00
2017.06.30 14:54:50.763,8.379,8.38025,1.00,1.00
2017.06.30 14:54:50.814,8.379,8.38027,1.00,1.00
2017.06.30 14:54:50.916,8.379,8.38025,1.00,1.00
2017.06.30 14:54:51.220,8.37898,8.37998,1.00,1.00
2017.06.30 14:54:51.534,8.37911,8.37998,1.00,1.00
2017.06.30 14:54:51.585,8.37895,8.37998,1.00,1.00
2017.06.30 14:54:51.637,8.37895,8.38014,1.00,1.00
2017.06.30 14:54:51.738,8.37924,8.38021,1.00,1.00
2017.06.30 14:54:51.840,8.37895,8.38014,1.00,1.00
2017.06.30 14:54:52.145,8.37888,8.38012,1.00,1.00
2017.06.30 14:54:52.317,8.37898,8.38014,1.00,1.00
2017.06.30 14:54:52.574,8.37888,8.38009,1.00,1.00
2017.06.30 14:54:52.625,8.37888,8.38014,1.00,1.00
2017.06.30 14:54:52.677,8.37896,8.38014,1.00,1.00
2017.06.30 14:54:53.077,8.3791,8.38023,1.00,1.00
2017.06.30 14:54:53.382,8.37921,8.38023,1.00,1.00
2017.06.30 14:54:53.689,8.3793,8.38023,1.00,1.00
2017.06.30 14:54:54.340,8.3793,8.38044,1.00,1.00
2017.06.30 14:54:54.594,8.37916,8.38043,1.50,1.00
2017.06.30 14:54:54.645,8.37916,8.38039,1.00,1.00
2017.06.30 14:54:54.966,8.37913,8.38028,1.00,1.00
2017.06.30 14:54:55.125,8.37917,8.38042,1.00,1.00
2017.06.30 14:54:56.007,8.37925,8.38044,1.00,1.00
2017.06.30 14:54:56.340,8.3793,8.38044,1.00,1.00
2017.06.30 14:54:57.035,8.37929,8.38044,1.00,1.00
2017.06.30 14:54:57.222,8.37924,8.38044,1.00,1.00
2017.06.30 14:54:57.369,8.37931,8.38044,1.00,1.00
2017.06.30 14:54:57.888,8.37916,8.38042,1.00,1.00
2017.06.30 14:54:58.041,8.37915,8.38014,1.00,1.00
2017.06.30 14:54:58.092,8.37906,8.38014,1.00,1.00
2017.06.30 14:54:59.114,8.37902,8.38014,1.00,1.00
2017.06.30 14:54:59.273,8.37892,8.38014,1.00,1.00
2017.06.30 14:55:00.112,8.37887,8.38013,1.00,1.00
2017.06.30 14:55:00.249,8.37886,8.37991,1.00,1.00
2017.06.30 14:55:00.353,8.37886,8.38007,1.00,1.00
2017.06.30 14:55:00.405,8.3788,8.38004,1.00,1.00
2017.06.30 14:55:00.456,8.37888,8.38007,1.00,1.00
2017.06.30 14:55:01.441,8.37883,8.38007,1.00,1.00
2017.06.30 14:55:02.384,8.37923,8.38007,1.00,1.00
2017.06.30 14:55:02.435,8.37907,8.38007,1.00,1.00
2017.06.30 14:55:02.487,8.3792,8.38007,1.00,1.00
2017.06.30 14:55:02.538,8.3792,8.38021,1.00,1.00
2017.06.30 14:55:02.590,8.37931,8.38021,1.00,1.00
2017.06.30 14:55:02.642,8.37931,8.38036,1.00,1.00
2017.06.30 14:55:02.745,8.37932,8.38058,1.00,1.00
2017.06.30 14:55:03.572,8.37936,8.38059,1.00,1.00
2017.06.30 14:55:04.143,8.37932,8.38052,1.00,1.00
2017.06.30 14:55:04.347,8.3791,8.38033,1.00,1.00
2017.06.30 14:55:04.550,8.37906,8.38021,1.00,1.00
2017.06.30 14:55:05.283,8.37903,8.38021,1.00,1.00
2017.06.30 14:55:06.038,8.37909,8.38021,1.00,1.00
2017.06.30 14:55:06.275,8.37897,8.38014,1.00,1.00
2017.06.30 14:55:06.326,8.37911,8.38014,1.00,1.00
2017.06.30 14:55:06.633,8.37933,8.38036,1.00,1.00
2017.06.30 14:55:06.785,8.37933,8.38051,1.00,1.00
2017.06.30 14:55:07.299,8.37938,8.3806,1.00,1.00
2017.06.30 14:55:07.350,8.37933,8.3805,1.00,1.00
2017.06.30 14:55:07.452,8.37939,8.38059,1.00,1.00
2017.06.30 14:55:07.889,8.37939,8.38054,1.00,1.00
2017.06.30 14:55:08.318,8.37939,8.38044,1.00,1.00
2017.06.30 14:55:08.471,8.37909,8.38034,1.00,1.00
2017.06.30 14:55:09.344,8.37914,8.38036,1.00,1.00
2017.06.30 14:55:09.650,8.37914,8.3803,1.00,1.00
2017.06.30 14:55:10.348,8.37911,8.3803,1.00,1.00
2017.06.30 14:55:10.399,8.37905,8.3803,1.00,1.00
2017.06.30 14:55:10.610,8.37902,8.38009,1.00,1.00
2017.06.30 14:55:10.816,8.37874,8.3799,1.00,1.00
2017.06.30 14:55:10.917,8.37874,8.37934,1.00,1.00
2017.06.30 14:55:10.968,8.37843,8.37934,1.00,1.00
2017.06.30 14:55:11.070,8.37827,8.37934,1.00,1.00
2017.06.30 14:55:11.121,8.37827,8.37915,1.00,1.00
2017.06.30 14:55:11.172,8.37784,8.37896,1.00,1.00
2017.06.30 14:55:11.274,8.37757,8.37873,1.00,1.00
2017.06.30 14:55:11.614,8.37748,8.37853,1.00,1.00
2017.06.30 14:55:11.716,8.37726,8.37853,2.25,1.50
2017.06.30 14:55:12.185,8.37728,8.37853,1.00,1.00
2017.06.30 14:55:12.623,8.3774,8.37853,1.00,1.00
2017.06.30 14:55:12.964,8.37752,8.37853,1.00,1.00
2017.06.30 14:55:13.065,8.37752,8.37871,1.00,1.00
2017.06.30 14:55:13.244,8.37782,8.37871,1.00,1.00
2017.06.30 14:55:13.529,8.37785,8.37899,1.00,1.00
2017.06.30 14:55:13.580,8.37772,8.37899,1.50,1.00
2017.06.30 14:55:13.682,8.3779,8.37868,1.00,1.00
2017.06.30 14:55:13.784,8.3779,8.37891,1.00,1.00
2017.06.30 14:55:13.835,8.37775,8.37891,1.00,1.00
2017.06.30 14:55:13.886,8.37796,8.37906,1.00,1.00
2017.06.30 14:55:13.989,8.37796,8.37921,1.00,1.50
2017.06.30 14:55:14.175,8.37812,8.37921,1.00,1.00
2017.06.30 14:55:14.886,8.37828,8.37921,1.00,1.00
2017.06.30 14:55:15.073,8.37828,8.37936,1.00,1.00
2017.06.30 14:55:15.227,8.37809,8.3793,1.00,1.00
2017.06.30 14:55:15.380,8.37805,8.37897,1.00,1.00
2017.06.30 14:55:15.596,8.37805,8.37918,1.00,1.00
2017.06.30 14:55:15.959,8.37793,8.37918,1.00,1.50
2017.06.30 14:55:16.010,8.37791,8.37901,1.00,1.00
2017.06.30 14:55:16.061,8.37782,8.37901,1.00,1.00
2017.06.30 14:55:16.112,8.37774,8.37897,1.00,1.00
2017.06.30 14:55:16.214,8.37781,8.37881,1.00,1.00
2017.06.30 14:55:16.316,8.37754,8.3788,1.75,1.00
2017.06.30 14:55:16.571,8.37754,8.37878,1.75,1.00
2017.06.30 14:55:16.877,8.37744,8.37833,1.00,1.00
2017.06.30 14:55:16.979,8.377,8.37804,1.00,1.00
2017.06.30 14:55:17.082,8.37679,8.37804,1.00,1.00
2017.06.30 14:55:17.184,8.37692,8.37804,1.00,1.00
2017.06.30 14:55:17.417,8.37679,8.37802,1.00,1.00
2017.06.30 14:55:17.800,8.37687,8.37802,1.00,1.00
2017.06.30 14:55:17.903,8.37679,8.37802,1.00,1.00
2017.06.30 14:55:17.956,8.37675,8.37795,1.00,1.00
2017.06.30 14:55:18.283,8.37655,8.37757,1.50,1.00
2017.06.30 14:55:18.392,8.37641,8.37757,1.00,1.00
2017.06.30 14:55:18.447,8.37632,8.37751,1.00,1.00
2017.06.30 14:55:18.501,8.37632,8.37732,1.00,1.00
2017.06.30 14:55:18.715,8.37627,8.37735,1.00,1.00
2017.06.30 14:55:19.020,8.37628,8.37721,1.00,1.00
2017.06.30 14:55:19.122,8.37627,8.3774,1.00,1.00
2017.06.30 14:55:19.950,8.37627,8.37739,1.00,1.00
2017.06.30 14:55:20.485,8.37627,8.37736,1.00,1.00
2017.06.30 14:55:20.791,8.37627,8.37728,1.00,1.00
2017.06.30 14:55:21.113,8.37627,8.37712,1.00,1.00
2017.06.30 14:55:21.284,8.37598,8.37712,1.00,1.00
2017.06.30 14:55:23.335,8.37632,8.37712,1.00,1.00
2017.06.30 14:55:23.500,8.37632,8.37743,1.00,1.00
2017.06.30 14:55:23.707,8.37652,8.37743,1.00,1.00
2017.06.30 14:55:23.810,8.37652,8.37759,1.00,1.00
2017.06.30 14:55:23.912,8.37666,8.37775,1.00,1.00
2017.06.30 14:55:24.014,8.3767,8.37793,1.00,1.00
2017.06.30 14:55:24.217,8.3768,8.37797,1.00,1.00
2017.06.30 14:55:24.536,8.37742,8.37834,1.00,1.00
2017.06.30 14:55:24.639,8.37742,8.37864,1.00,1.00
2017.06.30 14:55:24.895,8.37756,8.37882,1.00,1.00
2017.06.30 14:55:25.201,8.37755,8.37861,1.00,1.00
2017.06.30 14:55:25.405,8.37755,8.37882,1.50,1.50
2017.06.30 14:55:25.539,8.37755,8.37865,1.00,1.00
2017.06.30 14:55:25.642,8.37738,8.3786,1.00,1.00
2017.06.30 14:55:25.795,8.37748,8.37865,1.00,1.00
2017.06.30 14:55:26.121,8.37754,8.37846,1.00,1.00
2017.06.30 14:55:26.224,8.37754,8.37875,1.00,1.00
2017.06.30 14:55:26.275,8.37748,8.3786,1.00,1.00
2017.06.30 14:55:26.584,8.37652,8.37722,1.00,1.00
2017.06.30 14:55:27.108,8.37653,8.37746,1.00,1.00
2017.06.30 14:55:27.210,8.37655,8.37774,1.00,1.00
2017.06.30 14:55:27.314,8.37652,8.37766,1.00,1.00
2017.06.30 14:55:27.668,8.37652,8.37751,1.00,1.00
2017.06.30 14:55:28.024,8.37652,8.37743,1.00,1.00
2017.06.30 14:55:28.331,8.37652,8.37725,1.00,1.00
2017.06.30 14:55:28.383,8.37652,8.37732,1.00,1.00
2017.06.30 14:55:28.435,8.37652,8.37743,1.00,1.00
2017.06.30 14:55:28.531,8.37652,8.37734,1.00,1.00
2017.06.30 14:55:28.872,8.37652,8.37728,1.00,1.00
2017.06.30 14:55:29.174,8.37652,8.37726,1.00,1.00
2017.06.30 14:55:29.269,8.37652,8.37728,1.00,1.00
2017.06.30 14:55:30.348,8.37653,8.37728,1.00,1.00
2017.06.30 14:55:30.516,8.37652,8.37736,1.00,1.50
2017.06.30 14:55:32.845,8.37653,8.37736,1.00,1.00
2017.06.30 14:55:32.897,8.37652,8.377,1.00,1.00
2017.06.30 14:55:33.100,8.37621,8.37675,1.00,1.00
2017.06.30 14:55:33.152,8.37641,8.37675,1.00,1.00
2017.06.30 14:55:33.304,8.37652,8.37699,1.00,1.00
2017.06.30 14:55:33.355,8.37652,8.3768,1.00,1.00
2017.06.30 14:55:33.564,8.37652,8.37686,1.00,1.00
2017.06.30 14:55:33.615,8.37652,8.37708,1.00,1.00
2017.06.30 14:55:35.070,8.37616,8.37708,1.00,1.00
2017.06.30 14:55:35.121,8.37581,8.37629,1.00,1.00
2017.06.30 14:55:35.172,8.37582,8.3765,1.00,1.00
2017.06.30 14:55:35.223,8.37607,8.3765,1.00,1.00
2017.06.30 14:55:35.589,8.37619,8.3765,1.00,1.00
2017.06.30 14:55:35.845,8.37593,8.3764,1.00,1.00
2017.06.30 14:55:35.947,8.37487,8.37576,1.00,1.00
2017.06.30 14:55:36.048,8.37455,8.37552,1.00,1.37
2017.06.30 14:55:36.403,8.37478,8.37524,1.00,1.00
2017.06.30 14:55:36.454,8.37437,8.37524,1.00,1.00
2017.06.30 14:55:36.505,8.37525,8.37564,1.00,1.00
2017.06.30 14:55:36.758,8.37526,8.37602,1.00,1.87
2017.06.30 14:55:36.962,8.37526,8.37568,1.00,1.00
2017.06.30 14:55:37.328,8.37525,8.37543,1.00,1.00
2017.06.30 14:55:37.582,8.37525,8.37566,1.00,1.00
2017.06.30 14:55:37.836,8.37525,8.37596,1.00,1.00
2017.06.30 14:55:37.939,8.37525,8.37572,1.00,1.00
2017.06.30 14:55:38.193,8.37478,8.37568,1.00,1.00
2017.06.30 14:55:38.322,8.37448,8.37568,1.00,1.00
2017.06.30 14:55:38.373,8.37426,8.3752,1.00,1.00
2017.06.30 14:55:38.475,8.37397,8.3752,2.25,1.00
2017.06.30 14:55:39.725,8.37434,8.37524,1.00,1.00
2017.06.30 14:55:40.030,8.37525,8.37576,1.00,1.00
2017.06.30 14:55:40.132,8.37528,8.37624,1.00,1.00
2017.06.30 14:55:40.235,8.37545,8.37624,1.00,1.00
2017.06.30 14:55:40.478,8.37545,8.37648,1.00,1.00
2017.06.30 14:55:40.790,8.37529,8.37648,1.00,1.00
2017.06.30 14:55:40.943,8.37529,8.37613,1.00,1.00
2017.06.30 14:55:41.046,8.37529,8.37627,1.00,1.00
2017.06.30 14:55:41.198,8.37505,8.37627,1.00,1.00
2017.06.30 14:55:41.344,8.375,8.37619,1.00,1.00
2017.06.30 14:55:41.395,8.37505,8.37627,1.00,1.00
2017.06.30 14:55:42.054,8.37505,8.37605,1.00,1.00
2017.06.30 14:55:42.156,8.37508,8.37632,1.00,1.00
2017.06.30 14:55:42.361,8.37513,8.37635,1.00,1.00
2017.06.30 14:55:42.666,8.37508,8.37634,1.00,1.00
2017.06.30 14:55:43.358,8.37519,8.37635,1.00,1.00
2017.06.30 14:55:43.409,8.37508,8.37631,1.00,1.00
2017.06.30 14:55:43.510,8.37508,8.37622,1.00,1.00
2017.06.30 14:55:43.862,8.37508,8.37618,1.00,1.00
2017.06.30 14:55:43.964,8.37489,8.37607,1.00,1.00
2017.06.30 14:55:44.302,8.37489,8.37593,1.00,1.00
2017.06.30 14:55:44.607,8.37454,8.37538,1.00,1.00
2017.06.30 14:55:44.659,8.37428,8.37538,1.00,1.00
2017.06.30 14:55:45.527,8.37428,8.37523,1.00,1.00
2017.06.30 14:55:45.679,8.37407,8.37519,1.00,1.00
2017.06.30 14:55:45.781,8.37393,8.37496,1.00,1.00
2017.06.30 14:55:45.973,8.37393,8.37518,1.00,1.00
2017.06.30 14:55:46.580,8.37401,8.37518,1.00,1.00
2017.06.30 14:55:47.599,8.37406,8.37528,1.00,1.00
2017.06.30 14:55:48.461,8.37407,8.37533,1.00,1.00
2017.06.30 14:55:48.564,8.37414,8.37533,1.00,1.00
2017.06.30 14:55:48.870,8.37447,8.37563,1.00,1.00
2017.06.30 14:55:49.673,8.37443,8.37563,1.00,1.00
2017.06.30 14:55:50.646,8.37444,8.37563,1.00,1.00
2017.06.30 14:55:50.697,8.37456,8.37563,1.00,1.00
2017.06.30 14:55:50.799,8.37456,8.37578,1.00,1.00
2017.06.30 14:55:51.230,8.37451,8.37571,1.00,1.00
2017.06.30 14:55:52.178,8.37451,8.37566,1.00,1.00
2017.06.30 14:55:52.358,8.37439,8.37561,1.00,1.00
2017.06.30 14:55:52.680,8.37436,8.3756,1.00,1.00
2017.06.30 14:55:53.469,8.37439,8.37561,1.00,1.00
2017.06.30 14:55:54.316,8.37441,8.37561,1.00,1.00
2017.06.30 14:55:54.418,8.37464,8.37589,1.00,1.00
2017.06.30 14:55:54.588,8.37463,8.37568,1.00,1.00
2017.06.30 14:55:55.413,8.3746,8.37568,1.00,1.00
2017.06.30 14:55:55.645,8.3747,8.37568,1.00,1.00
2017.06.30 14:55:55.800,8.37475,8.37597,1.00,1.00
2017.06.30 14:55:55.903,8.37481,8.376,1.00,1.00
2017.06.30 14:55:55.957,8.37475,8.37598,1.00,1.50
2017.06.30 14:55:56.009,8.37494,8.37578,1.00,1.00
2017.06.30 14:55:56.111,8.37516,8.37607,1.00,1.00
2017.06.30 14:55:56.587,8.37498,8.37619,1.00,1.00
2017.06.30 14:55:57.048,8.37498,8.37623,1.00,1.00
2017.06.30 14:55:58.089,8.37506,8.37623,1.00,1.00
2017.06.30 14:55:58.819,8.37498,8.37622,1.00,1.00
2017.06.30 14:55:59.022,8.37495,8.37609,1.00,1.00
2017.06.30 14:55:59.073,8.37486,8.37609,1.00,1.00
2017.06.30 14:55:59.916,8.37491,8.37609,1.00,1.00
2017.06.30 14:56:00.124,8.37485,8.37609,1.00,1.00
2017.06.30 14:56:00.289,8.37482,8.37598,1.00,1.00
2017.06.30 14:56:00.442,8.37466,8.37589,1.00,1.00
2017.06.30 14:56:00.494,8.37466,8.37577,1.00,1.00
2017.06.30 14:56:00.545,8.37451,8.37571,1.00,1.00
2017.06.30 14:56:00.788,8.37451,8.37555,1.00,1.00
2017.06.30 14:56:00.890,8.3744,8.37555,1.00,1.00
2017.06.30 14:56:00.941,8.37444,8.37565,1.00,1.00
2017.06.30 14:56:01.265,8.37453,8.37571,1.00,1.00
2017.06.30 14:56:01.569,8.37466,8.37587,1.00,1.00
2017.06.30 14:56:01.624,8.37474,8.37593,1.00,1.00
2017.06.30 14:56:01.828,8.37504,8.37625,1.00,1.00
2017.06.30 14:56:01.930,8.37498,8.37608,1.00,1.00
2017.06.30 14:56:02.033,8.37511,8.37625,1.00,1.00
2017.06.30 14:56:02.363,8.37513,8.37636,1.00,1.00
2017.06.30 14:56:02.516,8.37525,8.3764,1.00,1.00
2017.06.30 14:56:02.567,8.3753,8.37652,1.00,1.00
2017.06.30 14:56:02.720,8.3754,8.37656,1.00,1.00
2017.06.30 14:56:03.133,8.37521,8.37644,1.00,1.00
2017.06.30 14:56:03.241,8.3754,8.37648,1.00,1.00
2017.06.30 14:56:03.343,8.37521,8.37645,1.00,1.00
2017.06.30 14:56:03.394,8.37532,8.37645,1.00,1.00
2017.06.30 14:56:03.447,8.37541,8.37659,1.00,1.00
2017.06.30 14:56:04.382,8.37541,8.37661,1.00,1.00
2017.06.30 14:56:05.111,8.37541,8.37662,1.00,1.00
2017.06.30 14:56:05.228,8.37523,8.37645,1.00,1.00
2017.06.30 14:56:05.280,8.37523,8.37632,1.00,1.00
2017.06.30 14:56:05.331,8.37505,8.37628,1.00,1.00
2017.06.30 14:56:05.516,8.375,8.37625,1.00,1.00
2017.06.30 14:56:06.531,8.375,8.37626,1.50,1.00
2017.06.30 14:56:06.736,8.37506,8.37628,1.00,1.00
2017.06.30 14:56:07.044,8.37539,8.37657,1.00,1.00
2017.06.30 14:56:07.146,8.3757,8.37695,1.00,1.00
2017.06.30 14:56:07.248,8.3757,8.37681,1.00,1.00
2017.06.30 14:56:07.351,8.37584,8.37696,1.00,1.00
2017.06.30 14:56:07.799,8.37584,8.37709,1.50,1.00
2017.06.30 14:56:08.004,8.37584,8.37697,1.00,1.00
2017.06.30 14:56:08.055,8.37584,8.37705,1.00,1.00
2017.06.30 14:56:08.361,8.37584,8.37697,1.00,1.00
2017.06.30 14:56:08.463,8.37588,8.37711,1.00,1.00
2017.06.30 14:56:08.622,8.37617,8.37711,1.00,1.00
2017.06.30 14:56:08.673,8.37617,8.3774,1.00,1.00
2017.06.30 14:56:08.775,8.37628,8.37744,1.00,1.00
2017.06.30 14:56:09.109,8.37599,8.37722,1.00,1.00
2017.06.30 14:56:09.211,8.37599,8.37707,1.00,1.00
2017.06.30 14:56:09.935,8.37599,8.37717,1.00,1.00
2017.06.30 14:56:09.986,8.37599,8.37706,1.00,1.00
2017.06.30 14:56:10.395,8.37599,8.37713,1.00,1.00
2017.06.30 14:56:10.649,8.37586,8.37706,1.00,1.00
2017.06.30 14:56:10.752,8.37581,8.37694,1.00,1.00
2017.06.30 14:56:11.110,8.37551,8.37663,1.00,1.00
2017.06.30 14:56:11.170,8.37537,8.37662,1.00,1.00
2017.06.30 14:56:11.221,8.37552,8.37662,1.00,1.00
2017.06.30 14:56:11.373,8.37565,8.37679,1.00,1.00
2017.06.30 14:56:12.134,8.37565,8.37688,1.00,1.00
2017.06.30 14:56:12.236,8.37571,8.37692,1.00,1.50
2017.06.30 14:56:12.542,8.37591,8.37701,1.00,1.00
2017.06.30 14:56:13.005,8.37594,8.37718,1.00,1.00
2017.06.30 14:56:13.160,8.37607,8.377,1.00,1.00
2017.06.30 14:56:13.262,8.37585,8.377,1.00,1.00
2017.06.30 14:56:13.364,8.376,8.377,1.00,1.00
2017.06.30 14:56:13.751,8.37573,8.37698,1.00,1.00
2017.06.30 14:56:13.804,8.37571,8.37697,1.50,1.00
2017.06.30 14:56:13.856,8.37573,8.37698,1.00,1.00
2017.06.30 14:56:14.179,8.37692,8.37773,1.00,1.50
2017.06.30 14:56:14.517,8.37722,8.37802,1.00,1.50
2017.06.30 14:56:14.669,8.377,8.37802,1.00,1.50
2017.06.30 14:56:14.821,8.377,8.37814,1.00,1.00
2017.06.30 14:56:15.136,8.377,8.37799,1.00,1.00
2017.06.30 14:56:15.187,8.37687,8.3781,1.00,1.00
2017.06.30 14:56:15.292,8.37708,8.37821,1.00,1.00
2017.06.30 14:56:15.444,8.37709,8.37835,1.00,1.50
2017.06.30 14:56:15.495,8.37709,8.3782,1.00,1.00
2017.06.30 14:56:15.597,8.37722,8.37835,1.00,1.00
2017.06.30 14:56:15.698,8.37722,8.37823,1.00,1.00
2017.06.30 14:56:16.307,8.37722,8.37831,1.00,1.00
2017.06.30 14:56:16.409,8.37724,8.37846,1.00,1.00
2017.06.30 14:56:16.460,8.37744,8.37857,1.00,1.00
2017.06.30 14:56:16.800,8.37744,8.37842,1.00,1.00
2017.06.30 14:56:16.954,8.37722,8.37842,1.00,1.00
2017.06.30 14:56:17.108,8.37729,8.3785,1.00,1.00
2017.06.30 14:56:17.163,8.37744,8.37867,1.00,1.00
2017.06.30 14:56:17.316,8.37744,8.37851,1.00,1.00
2017.06.30 14:56:18.167,8.37744,8.37857,1.00,1.00
2017.06.30 14:56:19.130,8.37744,8.37854,1.00,1.00
2017.06.30 14:56:19.194,8.37744,8.37863,1.00,1.00
2017.06.30 14:56:19.245,8.37744,8.37845,1.00,1.00
2017.06.30 14:56:19.296,8.37744,8.37864,1.00,1.00
2017.06.30 14:56:19.347,8.37744,8.37866,1.00,1.00
2017.06.30 14:56:19.398,8.37744,8.37846,1.00,1.00
2017.06.30 14:56:19.449,8.37744,8.37866,1.00,1.00
2017.06.30 14:56:20.023,8.37744,8.37844,1.00,1.00
2017.06.30 14:56:20.279,8.37707,8.37816,1.00,1.00
2017.06.30 14:56:20.330,8.37707,8.37785,1.00,1.00
2017.06.30 14:56:20.483,8.37677,8.37766,1.00,1.00
2017.06.30 14:56:20.534,8.37677,8.37785,1.00,1.00
2017.06.30 14:56:20.586,8.37663,8.37767,1.00,1.00
2017.06.30 14:56:21.060,8.37663,8.37788,1.00,1.00
2017.06.30 14:56:21.111,8.37663,8.3777,1.00,1.00
2017.06.30 14:56:21.163,8.37663,8.37788,1.00,1.00
2017.06.30 14:56:21.214,8.37663,8.37753,1.00,1.00
2017.06.30 14:56:21.265,8.37633,8.37753,1.00,1.00
2017.06.30 14:56:21.367,8.37662,8.3776,1.00,1.00
2017.06.30 14:56:21.570,8.37662,8.37782,1.00,1.00
2017.06.30 14:56:21.869,8.37678,8.37782,1.00,1.00
2017.06.30 14:56:21.971,8.37684,8.37803,1.00,1.00
2017.06.30 14:56:22.174,8.37684,8.37784,1.00,1.00
2017.06.30 14:56:22.225,8.37684,8.37801,1.00,1.00
2017.06.30 14:56:22.276,8.37675,8.37794,1.00,1.00
2017.06.30 14:56:22.429,8.37667,8.37788,1.00,1.00
2017.06.30 14:56:22.481,8.37674,8.37794,1.00,1.00
2017.06.30 14:56:22.983,8.37667,8.37785,1.00,1.00
2017.06.30 14:56:23.308,8.37677,8.37794,1.00,1.00
2017.06.30 14:56:24.021,8.37682,8.37794,1.00,1.00
2017.06.30 14:56:24.473,8.37674,8.37794,1.00,1.00
2017.06.30 14:56:24.817,8.3769,8.37794,1.00,1.00
2017.06.30 14:56:24.868,8.37679,8.37794,1.00,1.00
2017.06.30 14:56:24.919,8.3769,8.37811,1.00,1.00
2017.06.30 14:56:25.860,8.37684,8.37811,1.00,1.50
2017.06.30 14:56:25.938,8.37684,8.37805,1.00,1.00
2017.06.30 14:56:26.243,8.37683,8.37789,1.00,1.00
2017.06.30 14:56:26.295,8.3767,8.37789,1.00,1.00
2017.06.30 14:56:26.346,8.37662,8.37784,1.00,1.00
2017.06.30 14:56:26.397,8.37657,8.37775,1.00,1.00
2017.06.30 14:56:26.727,8.37654,8.37753,1.00,1.00
2017.06.30 14:56:27.032,8.37654,8.3775,1.00,1.00
2017.06.30 14:56:27.185,8.37654,8.37752,1.00,1.00
2017.06.30 14:56:27.287,8.37645,8.37752,1.00,1.00
2017.06.30 14:56:27.568,8.37634,8.37752,1.00,1.00
2017.06.30 14:56:27.620,8.37627,8.3775,1.50,1.00
2017.06.30 14:56:27.671,8.37643,8.3775,1.00,1.00
2017.06.30 14:56:27.824,8.37643,8.37764,1.00,1.00
2017.06.30 14:56:28.730,8.37638,8.37764,1.00,1.00
2017.06.30 14:56:29.266,8.37639,8.37764,1.00,1.00
2017.06.30 14:56:29.368,8.37677,8.37764,1.00,1.00
2017.06.30 14:56:29.520,8.37677,8.37784,1.00,1.00
2017.06.30 14:56:29.724,8.37677,8.37798,1.00,1.00
2017.06.30 14:56:29.929,8.37728,8.37798,1.00,1.00
2017.06.30 14:56:30.133,8.37746,8.37842,1.00,1.50
2017.06.30 14:56:30.387,8.37733,8.37842,1.00,1.50
2017.06.30 14:56:30.645,8.37733,8.37849,1.00,1.00
2017.06.30 14:56:30.940,8.37724,8.37849,1.00,1.00
2017.06.30 14:56:31.214,8.37721,8.37843,1.00,1.00
2017.06.30 14:56:31.664,8.37724,8.37849,1.00,1.00
2017.06.30 14:56:32.275,8.37742,8.37849,1.00,1.00
2017.06.30 14:56:32.326,8.37728,8.37849,1.00,1.00
2017.06.30 14:56:32.650,8.37721,8.37838,1.00,1.00
2017.06.30 14:56:32.753,8.37721,8.37849,1.00,1.00
2017.06.30 14:56:32.855,8.37721,8.3784,1.00,1.00
2017.06.30 14:56:32.906,8.37713,8.37833,1.00,1.00
2017.06.30 14:56:33.323,8.37716,8.37833,1.00,1.00
2017.06.30 14:56:33.583,8.3775,8.37872,1.00,1.00
2017.06.30 14:56:34.011,8.3775,8.37863,1.00,1.00
2017.06.30 14:56:34.723,8.37736,8.37861,1.00,1.00
2017.06.30 14:56:34.924,8.37735,8.37848,1.00,1.00
2017.06.30 14:56:35.025,8.37721,8.37847,1.00,1.00
2017.06.30 14:56:35.127,8.37734,8.37848,1.00,1.00
2017.06.30 14:56:35.229,8.3772,8.37836,1.00,1.00
2017.06.30 14:56:35.331,8.37701,8.37825,1.00,1.00
2017.06.30 14:56:35.777,8.37698,8.37814,1.00,1.00
2017.06.30 14:56:35.828,8.37687,8.3781,1.00,1.00
2017.06.30 14:56:35.930,8.37698,8.37814,1.00,1.00
2017.06.30 14:56:36.397,8.37698,8.3781,1.00,1.00
2017.06.30 14:56:37.165,8.37698,8.37815,1.00,1.00
2017.06.30 14:56:37.318,8.377,8.37825,1.00,1.00
2017.06.30 14:56:37.595,8.37713,8.37816,1.00,1.00
2017.06.30 14:56:37.697,8.37713,8.37828,1.00,1.00
2017.06.30 14:56:38.482,8.37713,8.37821,1.00,1.00
2017.06.30 14:56:38.874,8.37719,8.37838,1.00,1.00
2017.06.30 14:56:38.976,8.37728,8.37838,1.00,1.00
2017.06.30 14:56:39.129,8.37747,8.37858,1.00,1.00
2017.06.30 14:56:39.180,8.37742,8.3785,1.00,1.00
2017.06.30 14:56:39.384,8.37745,8.37867,1.00,1.00
2017.06.30 14:56:39.663,8.37781,8.37867,1.00,1.00
2017.06.30 14:56:39.715,8.37781,8.37888,1.00,1.00
2017.06.30 14:56:39.766,8.37781,8.37903,1.00,1.00
2017.06.30 14:56:39.817,8.37778,8.37889,1.00,1.00
2017.06.30 14:56:39.919,8.37781,8.37903,1.00,1.00
2017.06.30 14:56:39.971,8.37778,8.37889,1.00,1.00
2017.06.30 14:56:40.277,8.37761,8.37889,1.00,1.00
2017.06.30 14:56:40.470,8.37861,8.37944,1.00,1.00
2017.06.30 14:56:40.521,8.37865,8.37965,1.00,1.00
2017.06.30 14:56:40.572,8.37894,8.37992,1.00,1.00
2017.06.30 14:56:40.623,8.37894,8.38012,1.50,1.00
2017.06.30 14:56:40.674,8.37894,8.38009,1.00,1.00
2017.06.30 14:56:40.964,8.37885,8.38009,1.00,1.00
2017.06.30 14:56:41.066,8.37885,8.37981,1.00,1.00
2017.06.30 14:56:41.118,8.37865,8.37982,1.00,1.00
2017.06.30 14:56:41.219,8.37857,8.37982,1.00,1.00
2017.06.30 14:56:41.321,8.37875,8.37986,1.00,1.00
2017.06.30 14:56:41.424,8.37855,8.37979,1.00,1.00
2017.06.30 14:56:41.475,8.37852,8.37979,1.00,1.00
2017.06.30 14:56:41.718,8.37868,8.37973,1.00,1.00
2017.06.30 14:56:41.774,8.37868,8.37995,1.00,1.00
2017.06.30 14:56:41.825,8.37868,8.37978,1.00,1.00
2017.06.30 14:56:41.876,8.37868,8.37995,1.00,1.00
2017.06.30 14:56:42.018,8.37868,8.37979,1.00,1.00
2017.06.30 14:56:42.079,8.37868,8.37995,1.00,1.00
2017.06.30 14:56:42.130,8.37868,8.37979,1.00,1.00
2017.06.30 14:56:42.334,8.37868,8.37995,1.00,1.00
2017.06.30 14:56:42.606,8.37895,8.38002,1.00,1.00
2017.06.30 14:56:42.657,8.37895,8.38022,1.00,1.00
2017.06.30 14:56:42.810,8.37901,8.38022,1.00,1.00
2017.06.30 14:56:43.114,8.37938,8.38051,1.00,1.00
2017.06.30 14:56:43.317,8.37918,8.38032,1.00,1.00
2017.06.30 14:56:43.368,8.3791,8.38035,1.00,1.00
2017.06.30 14:56:43.730,8.37931,8.38052,1.00,1.00
2017.06.30 14:56:43.832,8.37916,8.38044,1.00,1.00
2017.06.30 14:56:44.036,8.37931,8.38054,1.00,1.00
2017.06.30 14:56:44.443,8.37916,8.38034,1.00,1.00
2017.06.30 14:56:45.259,8.37916,8.38033,1.00,1.00
2017.06.30 14:56:45.538,8.37916,8.38044,1.00,1.00
2017.06.30 14:56:45.640,8.37931,8.38048,1.00,1.00
2017.06.30 14:56:45.691,8.37935,8.38058,1.00,1.00
2017.06.30 14:56:45.743,8.37953,8.38077,1.00,1.00
2017.06.30 14:56:45.795,8.37953,8.3804,1.00,1.00
2017.06.30 14:56:45.950,8.37933,8.3804,1.00,1.00
2017.06.30 14:56:46.001,8.37931,8.3804,1.00,1.00
2017.06.30 14:56:46.053,8.37946,8.3804,1.00,1.00
2017.06.30 14:56:46.155,8.37927,8.3804,1.00,1.00
2017.06.30 14:56:46.263,8.37924,8.3804,1.00,1.00
2017.06.30 14:56:46.472,8.37924,8.38048,1.00,1.00
2017.06.30 14:56:46.523,8.37924,8.38022,1.00,1.00
2017.06.30 14:56:46.625,8.37924,8.38047,1.00,1.00
2017.06.30 14:56:46.729,8.37924,8.38022,1.00,1.00
2017.06.30 14:56:46.832,8.37924,8.38047,1.00,1.00
2017.06.30 14:56:46.883,8.37924,8.38019,1.00,1.00
2017.06.30 14:56:47.087,8.37924,8.38051,1.00,1.00
2017.06.30 14:56:47.458,8.37946,8.38052,1.00,1.00
2017.06.30 14:56:47.764,8.37946,8.38027,1.00,1.00
2017.06.30 14:56:47.867,8.37946,8.3806,1.00,1.00
2017.06.30 14:56:48.033,8.37931,8.38058,1.00,1.00
2017.06.30 14:56:48.086,8.37953,8.3806,1.00,1.00
2017.06.30 14:56:48.137,8.37953,8.38071,1.00,1.00
2017.06.30 14:56:48.239,8.37968,8.38095,1.00,1.00
2017.06.30 14:56:48.846,8.37963,8.3808,1.00,1.00
2017.06.30 14:56:48.950,8.37975,8.381,1.00,1.00
2017.06.30 14:56:49.001,8.37975,8.38102,1.00,1.00
2017.06.30 14:56:49.257,8.3799,8.38094,1.00,1.00
2017.06.30 14:56:49.360,8.37975,8.38094,1.00,1.00
2017.06.30 14:56:49.412,8.37975,8.38102,1.00,1.00
2017.06.30 14:56:49.616,8.37975,8.38099,1.00,1.00
2017.06.30 14:56:50.149,8.37975,8.38102,1.00,1.00
2017.06.30 14:56:50.511,8.37975,8.3808,1.00,1.00
2017.06.30 14:56:50.783,8.37948,8.38067,1.00,1.00
2017.06.30 14:56:50.836,8.37935,8.38054,1.00,1.00
2017.06.30 14:56:51.142,8.37943,8.38039,1.00,1.00
2017.06.30 14:56:51.193,8.37926,8.38039,1.00,1.00
2017.06.30 14:56:51.244,8.37912,8.38016,1.00,1.00
2017.06.30 14:56:51.448,8.37929,8.38037,1.00,1.00
2017.06.30 14:56:51.499,8.37929,8.38039,1.00,1.00
2017.06.30 14:56:51.799,8.37934,8.38056,1.00,1.00
2017.06.30 14:56:51.852,8.37944,8.38061,1.00,1.00
2017.06.30 14:56:51.954,8.37934,8.38056,1.00,1.00
2017.06.30 14:56:52.056,8.37929,8.3805,1.00,1.00
2017.06.30 14:56:52.607,8.37947,8.38056,1.00,1.00
2017.06.30 14:56:52.659,8.37951,8.3807,1.00,1.00
2017.06.30 14:56:52.761,8.37931,8.38048,1.00,1.00
2017.06.30 14:56:52.812,8.37925,8.38048,1.00,1.00
2017.06.30 14:56:52.863,8.37947,8.38052,1.00,1.00
2017.06.30 14:56:53.067,8.37931,8.38052,1.00,1.00
2017.06.30 14:56:53.569,8.37939,8.38058,1.00,1.00
2017.06.30 14:56:53.671,8.37931,8.38052,1.00,1.00
2017.06.30 14:56:53.774,8.3792,8.3802,1.00,1.00
2017.06.30 14:56:53.877,8.37934,8.38051,1.00,1.00
2017.06.30 14:56:53.929,8.37924,8.38051,1.00,1.00
2017.06.30 14:56:53.980,8.37924,8.38019,1.00,1.00
2017.06.30 14:56:54.082,8.37894,8.38019,1.00,1.00
2017.06.30 14:56:54.133,8.37894,8.38016,1.00,1.00
2017.06.30 14:56:54.555,8.37902,8.38021,1.00,1.00
2017.06.30 14:56:54.606,8.37894,8.38014,1.00,1.00
2017.06.30 14:56:54.657,8.37901,8.38021,1.00,1.00
2017.06.30 14:56:54.945,8.37894,8.38015,1.00,1.00
2017.06.30 14:56:55.502,8.37906,8.38021,1.00,1.00
2017.06.30 14:56:55.554,8.37897,8.38021,1.00,1.00
2017.06.30 14:56:55.605,8.37911,8.38021,1.00,1.00
2017.06.30 14:56:55.656,8.37916,8.3804,1.00,1.00
2017.06.30 14:56:55.708,8.37916,8.38043,1.00,1.00
2017.06.30 14:56:55.863,8.37946,8.38063,1.00,1.00
2017.06.30 14:56:55.965,8.3796,8.38087,1.00,1.00
2017.06.30 14:56:56.016,8.3796,8.38061,1.00,1.00
2017.06.30 14:56:56.376,8.37945,8.38061,1.00,1.00
2017.06.30 14:56:56.579,8.37936,8.3805,1.00,1.00
2017.06.30 14:56:56.682,8.37945,8.38061,1.00,1.00
2017.06.30 14:56:56.790,8.37945,8.3805,1.00,1.00
2017.06.30 14:56:56.993,8.37923,8.3805,1.50,1.50
2017.06.30 14:56:57.791,8.37923,8.38049,1.00,1.00
2017.06.30 14:56:57.893,8.37923,8.38044,1.00,1.00
2017.06.30 14:56:58.240,8.37924,8.38049,1.00,1.50
2017.06.30 14:56:58.997,8.37944,8.38049,1.00,1.00
2017.06.30 14:56:59.100,8.37952,8.38071,1.00,1.00
2017.06.30 14:56:59.453,8.37944,8.38065,1.00,1.00
2017.06.30 14:56:59.555,8.37968,8.38071,1.00,1.00
2017.06.30 14:56:59.759,8.37952,8.3806,1.00,1.00
2017.06.30 14:56:59.861,8.37969,8.38079,1.00,1.00
2017.06.30 14:56:59.963,8.37954,8.38079,1.00,1.00
2017.06.30 14:57:00.258,8.37954,8.38074,1.00,1.00
2017.06.30 14:57:00.562,8.3795,8.38053,1.00,1.00
2017.06.30 14:57:00.614,8.37938,8.38053,1.00,1.00
2017.06.30 14:57:00.665,8.37962,8.38063,1.00,1.00
2017.06.30 14:57:00.868,8.37942,8.38053,1.00,1.00
2017.06.30 14:57:00.920,8.37935,8.38053,1.00,1.00
2017.06.30 14:57:01.035,8.37942,8.38053,1.00,1.00
2017.06.30 14:57:01.190,8.37948,8.38062,1.00,1.00
2017.06.30 14:57:01.292,8.37962,8.3806,1.00,1.00
2017.06.30 14:57:01.501,8.3794,8.3806,1.00,1.00
2017.06.30 14:57:01.552,8.3794,8.38058,1.00,1.00
2017.06.30 14:57:01.905,8.37931,8.38053,1.00,1.00
2017.06.30 14:57:02.009,8.37948,8.38058,1.00,1.00
2017.06.30 14:57:02.060,8.37931,8.38053,1.00,1.00
2017.06.30 14:57:02.162,8.37948,8.38058,1.00,1.00
2017.06.30 14:57:02.417,8.37904,8.38027,1.00,1.00
2017.06.30 14:57:02.468,8.37904,8.38021,1.00,1.00
2017.06.30 14:57:02.822,8.37918,8.38026,1.00,1.00
2017.06.30 14:57:03.234,8.37918,8.38045,1.00,1.00
2017.06.30 14:57:03.285,8.37898,8.38016,1.00,1.00
2017.06.30 14:57:03.489,8.37913,8.38036,1.00,1.00
2017.06.30 14:57:03.540,8.37913,8.38038,1.00,1.00
2017.06.30 14:57:03.853,8.37926,8.38047,1.00,1.00
2017.06.30 14:57:04.007,8.37904,8.38031,1.00,1.00
2017.06.30 14:57:04.058,8.37904,8.38028,1.00,1.00
2017.06.30 14:57:04.312,8.37874,8.38001,1.00,1.00
2017.06.30 14:57:04.413,8.37889,8.3801,1.00,1.00
2017.06.30 14:57:04.516,8.37874,8.38001,1.00,1.00
2017.06.30 14:57:04.896,8.37889,8.38003,1.00,1.00
2017.06.30 14:57:04.998,8.37869,8.37993,1.00,1.00
2017.06.30 14:57:05.201,8.37881,8.38009,1.00,1.00
2017.06.30 14:57:05.303,8.37867,8.37994,1.00,1.00
2017.06.30 14:57:05.771,8.37867,8.37979,1.00,1.00
2017.06.30 14:57:05.825,8.37835,8.37956,1.00,1.00
2017.06.30 14:57:05.876,8.37852,8.37977,1.00,1.00
2017.06.30 14:57:05.927,8.37852,8.37979,1.00,1.50
2017.06.30 14:57:06.512,8.37837,8.37965,1.00,1.00
2017.06.30 14:57:07.009,8.37852,8.37979,1.00,1.00
2017.06.30 14:57:07.197,8.37837,8.37965,1.00,1.00
2017.06.30 14:57:07.762,8.37837,8.37964,1.00,1.00
2017.06.30 14:57:08.806,8.37837,8.3796,1.00,1.00
2017.06.30 14:57:09.225,8.37861,8.37972,1.00,1.00
2017.06.30 14:57:09.276,8.37861,8.37976,1.00,1.00
2017.06.30 14:57:09.327,8.37846,8.37973,1.00,1.00
2017.06.30 14:57:09.822,8.37868,8.37976,1.00,1.00
2017.06.30 14:57:09.994,8.37849,8.37972,1.00,1.50
2017.06.30 14:57:10.045,8.37847,8.37972,1.00,1.50
2017.06.30 14:57:10.204,8.37847,8.37966,1.00,1.00
2017.06.30 14:57:10.587,8.37868,8.37966,1.00,1.00
2017.06.30 14:57:10.787,8.37848,8.37966,1.00,1.00
2017.06.30 14:57:10.838,8.37846,8.37966,1.00,1.00
2017.06.30 14:57:11.041,8.37846,8.37959,1.00,1.00
2017.06.30 14:57:11.357,8.37816,8.37925,1.00,1.00
2017.06.30 14:57:11.681,8.37816,8.37909,1.00,1.00
2017.06.30 14:57:12.044,8.37816,8.3792,1.00,1.00
2017.06.30 14:57:12.238,8.37816,8.37931,1.00,1.00
2017.06.30 14:57:12.289,8.37816,8.37944,1.00,1.00
2017.06.30 14:57:12.442,8.37835,8.37926,1.00,1.00
2017.06.30 14:57:12.494,8.37816,8.37926,1.00,1.00
2017.06.30 14:57:12.545,8.37814,8.37926,1.00,1.00
2017.06.30 14:57:12.596,8.37797,8.37924,1.00,1.00
2017.06.30 14:57:13.040,8.37797,8.37912,1.00,1.00
2017.06.30 14:57:13.344,8.37768,8.37883,1.00,1.00
2017.06.30 14:57:13.396,8.37768,8.37893,1.50,1.00
2017.06.30 14:57:13.447,8.37791,8.37893,1.00,1.00
2017.06.30 14:57:13.869,8.37776,8.3788,1.00,1.00
2017.06.30 14:57:14.021,8.37761,8.3788,1.00,1.00
2017.06.30 14:57:14.174,8.3777,8.37888,1.00,1.00
2017.06.30 14:57:14.276,8.37761,8.37888,1.00,1.00
2017.06.30 14:57:14.328,8.37769,8.37888,1.00,1.00
2017.06.30 14:57:14.379,8.37761,8.37888,1.00,1.00
2017.06.30 14:57:14.779,8.37761,8.37879,1.00,1.00
2017.06.30 14:57:15.622,8.37761,8.37886,1.00,1.00
2017.06.30 14:57:15.784,8.37761,8.37796,1.00,3.25
2017.06.30 14:57:15.837,8.37764,8.37811,1.00,2.25
2017.06.30 14:57:15.889,8.37761,8.37871,1.00,1.00
2017.06.30 14:57:15.940,8.37761,8.37874,1.00,1.00
2017.06.30 14:57:16.092,8.37761,8.37885,1.00,1.00
2017.06.30 14:57:16.245,8.37761,8.37874,1.00,1.00
2017.06.30 14:57:16.510,8.37767,8.37888,1.00,1.00
2017.06.30 14:57:16.611,8.37775,8.37894,1.00,1.00
2017.06.30 14:57:16.851,8.37756,8.3788,1.00,1.00
2017.06.30 14:57:17.106,8.37753,8.37872,1.00,1.00
2017.06.30 14:57:17.158,8.37758,8.3788,1.00,1.00
2017.06.30 14:57:17.760,8.37753,8.37876,1.00,1.00
2017.06.30 14:57:17.946,8.37753,8.37878,1.50,1.00
2017.06.30 14:57:18.716,8.37776,8.37899,1.00,1.50
2017.06.30 14:57:18.869,8.37776,8.37901,1.00,1.00
2017.06.30 14:57:19.004,8.37789,8.37904,1.00,1.00
2017.06.30 14:57:19.653,8.37789,8.37892,1.00,1.00
2017.06.30 14:57:19.756,8.37768,8.37892,1.00,1.00
2017.06.30 14:57:19.857,8.37745,8.37872,1.00,1.00
2017.06.30 14:57:20.214,8.3776,8.37887,1.00,1.50
2017.06.30 14:57:21.289,8.3776,8.3787,1.00,1.00
2017.06.30 14:57:21.451,8.37738,8.37865,1.00,1.00
2017.06.30 14:57:21.553,8.37725,8.3785,1.00,1.00
2017.06.30 14:57:21.857,8.37739,8.37864,1.00,1.50
2017.06.30 14:57:22.167,8.37739,8.37848,1.00,1.00
2017.06.30 14:57:22.268,8.37721,8.37843,1.00,1.00
2017.06.30 14:57:22.367,8.37731,8.37848,1.00,1.00
2017.06.30 14:57:22.631,8.37735,8.37858,1.00,1.00
2017.06.30 14:57:23.135,8.3774,8.37858,1.00,1.00
2017.06.30 14:57:23.453,8.3775,8.37858,1.00,1.00
2017.06.30 14:57:23.505,8.37734,8.37858,1.00,1.00
2017.06.30 14:57:23.556,8.3775,8.37858,1.00,1.00
2017.06.30 14:57:23.607,8.37731,8.37858,1.50,1.00
2017.06.30 14:57:23.709,8.37748,8.37858,1.00,1.00
2017.06.30 14:57:24.328,8.37753,8.37875,1.00,1.00
2017.06.30 14:57:24.540,8.37753,8.37866,1.00,1.00
2017.06.30 14:57:24.713,8.37753,8.37872,1.00,1.00
2017.06.30 14:57:24.814,8.37753,8.3786,1.00,1.00
2017.06.30 14:57:24.968,8.37735,8.37858,1.00,1.00
2017.06.30 14:57:25.120,8.37731,8.37849,1.00,1.00
2017.06.30 14:57:25.530,8.37731,8.37841,1.00,1.00
2017.06.30 14:57:25.581,8.37715,8.37841,1.00,1.00
2017.06.30 14:57:25.632,8.37715,8.3783,1.00,1.00
2017.06.30 14:57:26.761,8.37715,8.37833,1.00,1.00
2017.06.30 14:57:26.959,8.37715,8.37842,1.00,1.00
2017.06.30 14:57:27.112,8.37731,8.37842,1.00,1.00
2017.06.30 14:57:27.163,8.37738,8.37865,1.00,1.00
2017.06.30 14:57:27.265,8.37752,8.37873,1.00,1.00
2017.06.30 14:57:27.652,8.37737,8.37858,1.00,1.00
2017.06.30 14:57:28.164,8.37743,8.37864,1.00,1.00
2017.06.30 14:57:28.470,8.37748,8.37864,1.00,1.00
2017.06.30 14:57:28.643,8.37737,8.37864,1.50,1.50
2017.06.30 14:57:28.954,8.37737,8.3785,1.00,1.00
2017.06.30 14:57:29.159,8.37746,8.37864,1.00,1.00
2017.06.30 14:57:29.784,8.37746,8.37871,1.50,1.00
2017.06.30 14:57:29.886,8.37746,8.37847,1.00,1.00
2017.06.30 14:57:29.988,8.3772,8.37842,1.00,1.00
2017.06.30 14:57:30.090,8.37731,8.37842,1.00,1.00
2017.06.30 14:57:30.141,8.37721,8.37842,1.00,1.00
2017.06.30 14:57:30.376,8.37734,8.37861,1.00,1.00
2017.06.30 14:57:30.583,8.37758,8.37881,1.00,1.00
2017.06.30 14:57:30.634,8.37758,8.37885,1.00,1.00
2017.06.30 14:57:30.889,8.37759,8.3787,1.00,1.00
2017.06.30 14:57:31.156,8.37743,8.37867,1.00,1.00
2017.06.30 14:57:31.211,8.37724,8.37833,1.00,1.00
2017.06.30 14:57:31.313,8.37706,8.37818,1.00,1.00
2017.06.30 14:57:31.364,8.37706,8.378,1.00,1.00
2017.06.30 14:57:31.518,8.37651,8.37764,1.00,1.00
2017.06.30 14:57:31.685,8.37647,8.37758,1.50,1.00
2017.06.30 14:57:31.736,8.37639,8.37758,1.00,1.00
2017.06.30 14:57:31.787,8.37631,8.37727,1.00,1.00
2017.06.30 14:57:31.839,8.37626,8.37727,1.00,1.00
2017.06.30 14:57:31.941,8.37636,8.37727,1.00,1.00
2017.06.30 14:57:32.239,8.37671,8.37771,1.00,1.00
2017.06.30 14:57:32.292,8.37714,8.37795,1.00,1.00
2017.06.30 14:57:32.496,8.37749,8.37844,1.00,1.00
2017.06.30 14:57:32.548,8.37749,8.37866,1.75,1.00
2017.06.30 14:57:32.651,8.37741,8.37855,1.00,1.00
2017.06.30 14:57:32.702,8.37741,8.37833,1.00,1.00
2017.06.30 14:57:32.917,8.37715,8.37809,1.00,1.00
2017.06.30 14:57:33.019,8.37715,8.37792,1.00,1.00
2017.06.30 14:57:33.121,8.37715,8.37826,1.00,1.00
2017.06.30 14:57:33.172,8.37715,8.37814,1.00,1.00
2017.06.30 14:57:33.326,8.37715,8.37823,1.00,1.00
2017.06.30 14:57:33.564,8.37697,8.37823,1.00,1.00
2017.06.30 14:57:33.667,8.37696,8.37808,1.00,1.00
2017.06.30 14:57:33.718,8.37682,8.37806,1.00,1.00
2017.06.30 14:57:33.769,8.37696,8.37804,1.00,1.00
2017.06.30 14:57:33.973,8.37695,8.37807,1.00,1.00
2017.06.30 14:57:34.024,8.37734,8.37822,1.00,1.00
2017.06.30 14:57:34.339,8.37779,8.37904,1.00,1.00
2017.06.30 14:57:34.391,8.37779,8.37906,1.00,1.00
2017.06.30 14:57:34.442,8.37779,8.37903,1.00,1.00
2017.06.30 14:57:34.544,8.37744,8.37871,1.00,1.00
2017.06.30 14:57:34.595,8.3776,8.37873,1.00,1.00
2017.06.30 14:57:34.762,8.37744,8.37871,1.00,1.00
2017.06.30 14:57:34.914,8.3773,8.3785,1.00,1.00
2017.06.30 14:57:34.965,8.37723,8.37848,1.00,1.00
2017.06.30 14:57:35.016,8.377,8.37828,1.00,1.00
2017.06.30 14:57:35.118,8.377,8.37817,1.00,1.00
2017.06.30 14:57:35.219,8.37674,8.37799,1.00,1.00
2017.06.30 14:57:35.270,8.37674,8.37751,1.00,1.00
2017.06.30 14:57:35.419,8.3765,8.37749,1.00,1.00
2017.06.30 14:57:35.480,8.37676,8.37749,1.00,1.00
2017.06.30 14:57:35.531,8.37696,8.37793,1.00,1.00
2017.06.30 14:57:35.784,8.37668,8.37793,1.00,1.00
2017.06.30 14:57:35.886,8.37693,8.37793,1.00,1.50
2017.06.30 14:57:36.137,8.37693,8.37795,1.00,1.00
2017.06.30 14:57:36.289,8.37673,8.37795,1.00,1.00
2017.06.30 14:57:36.340,8.37668,8.37795,1.00,1.00
2017.06.30 14:57:36.392,8.3767,8.3777,1.00,1.00
2017.06.30 14:57:36.545,8.37631,8.37765,1.00,1.00
2017.06.30 14:57:36.596,8.37644,8.37765,1.00,1.00
2017.06.30 14:57:36.647,8.37632,8.37765,1.00,1.00
2017.06.30 14:57:36.782,8.37624,8.37744,1.00,1.00
2017.06.30 14:57:36.834,8.37606,8.37727,1.00,1.00
2017.06.30 14:57:36.986,8.37606,8.37717,1.00,1.00
2017.06.30 14:57:37.140,8.37578,8.37698,1.00,1.00
2017.06.30 14:57:37.341,8.37608,8.37706,1.00,1.00
2017.06.30 14:57:37.547,8.37627,8.37727,1.00,1.00
2017.06.30 14:57:37.699,8.3764,8.37727,1.00,1.00
2017.06.30 14:57:37.802,8.37637,8.37727,1.00,1.00
2017.06.30 14:57:37.853,8.37637,8.37742,1.00,1.00
2017.06.30 14:57:37.905,8.37637,8.37726,1.00,1.00
2017.06.30 14:57:38.062,8.37619,8.37726,1.00,1.00
2017.06.30 14:57:38.316,8.37613,8.3774,1.00,1.00
2017.06.30 14:57:38.418,8.37619,8.37726,1.00,1.00
2017.06.30 14:57:38.521,8.37604,8.37726,1.00,1.00
2017.06.30 14:57:38.572,8.37599,8.37706,1.00,1.00
2017.06.30 14:57:38.624,8.37584,8.37706,1.00,1.00
2017.06.30 14:57:38.675,8.37584,8.37646,1.00,1.00
2017.06.30 14:57:38.833,8.37562,8.37668,1.00,1.00
2017.06.30 14:57:38.888,8.37562,8.37652,1.00,1.00
2017.06.30 14:57:38.940,8.3752,8.37632,1.00,1.00
2017.06.30 14:57:39.245,8.37498,8.37632,1.00,1.00
2017.06.30 14:57:39.672,8.37497,8.37584,1.00,1.00
2017.06.30 14:57:39.723,8.37471,8.37585,1.00,1.00
2017.06.30 14:57:39.825,8.37435,8.37553,1.00,1.00
2017.06.30 14:57:39.978,8.37437,8.37553,1.50,1.00
2017.06.30 14:57:40.323,8.37437,8.37539,1.50,1.00
2017.06.30 14:57:40.374,8.37431,8.37539,1.00,1.00
2017.06.30 14:57:40.426,8.37431,8.37524,1.00,1.00
2017.06.30 14:57:40.529,8.37431,8.37539,1.00,1.00
2017.06.30 14:57:40.581,8.37413,8.37539,1.00,1.00
2017.06.30 14:57:40.685,8.37413,8.37529,1.00,1.00
2017.06.30 14:57:40.995,8.37423,8.37539,1.00,1.00
2017.06.30 14:57:41.099,8.37442,8.37567,1.00,1.00
2017.06.30 14:57:41.152,8.37433,8.37547,1.00,1.00
2017.06.30 14:57:41.549,8.37433,8.37532,1.00,1.00
2017.06.30 14:57:41.600,8.37415,8.37532,1.00,1.00
2017.06.30 14:57:41.653,8.37412,8.37532,1.00,1.00
2017.06.30 14:57:41.704,8.37412,8.3753,1.00,1.00
2017.06.30 14:57:41.858,8.37412,8.37532,1.00,1.00
2017.06.30 14:57:42.012,8.37405,8.37532,1.00,1.00
2017.06.30 14:57:42.237,8.37412,8.37539,1.00,1.00
2017.06.30 14:57:42.544,8.37413,8.37516,1.00,1.00
2017.06.30 14:57:42.646,8.3742,8.37547,1.00,1.00
2017.06.30 14:57:42.864,8.37418,8.37516,1.00,1.00
2017.06.30 14:57:42.967,8.37397,8.37516,1.00,1.00
2017.06.30 14:57:43.669,8.37411,8.37516,1.00,1.00
2017.06.30 14:57:43.977,8.37423,8.37538,1.00,1.00
2017.06.30 14:57:44.079,8.37433,8.3756,1.00,1.00
2017.06.30 14:57:44.130,8.37429,8.3753,1.00,1.00
2017.06.30 14:57:44.233,8.37433,8.3756,1.00,1.00
2017.06.30 14:57:44.375,8.37459,8.3756,1.00,1.00
2017.06.30 14:57:44.688,8.37476,8.37594,1.75,1.00
2017.06.30 14:57:44.843,8.37503,8.37603,1.00,1.00
2017.06.30 14:57:44.946,8.37463,8.3759,1.00,1.00
2017.06.30 14:57:45.099,8.37519,8.3759,1.00,1.00
2017.06.30 14:57:45.202,8.37488,8.3759,1.00,1.00
2017.06.30 14:57:45.253,8.37493,8.3762,1.00,1.00
2017.06.30 14:57:45.355,8.37488,8.37606,1.00,1.00
2017.06.30 14:57:45.559,8.37486,8.37611,1.00,1.00
2017.06.30 14:57:45.679,8.37472,8.3759,1.00,1.00
2017.06.30 14:57:46.086,8.37466,8.3759,1.37,1.00
2017.06.30 14:57:46.138,8.37469,8.3759,1.00,1.00
2017.06.30 14:57:46.449,8.37496,8.37618,1.00,1.00
2017.06.30 14:57:46.754,8.37507,8.37634,1.00,1.00
2017.06.30 14:57:46.958,8.37511,8.37634,1.00,1.00
2017.06.30 14:57:47.274,8.37522,8.37646,1.00,1.00
2017.06.30 14:57:47.376,8.37522,8.37631,1.00,1.00
2017.06.30 14:57:47.573,8.37512,8.37631,1.00,1.00
2017.06.30 14:57:47.624,8.37504,8.376,1.00,1.00
2017.06.30 14:57:47.787,8.37499,8.376,1.00,1.00
2017.06.30 14:57:47.838,8.3749,8.37567,1.00,1.00
2017.06.30 14:57:47.889,8.37448,8.37573,1.00,1.00
2017.06.30 14:57:47.941,8.37448,8.37566,1.00,1.00
2017.06.30 14:57:48.043,8.37419,8.37546,1.00,1.00
2017.06.30 14:57:48.145,8.37434,8.37561,1.00,1.00
2017.06.30 14:57:48.558,8.37449,8.37566,1.00,1.00
2017.06.30 14:57:48.763,8.37427,8.37554,1.00,1.00
2017.06.30 14:57:48.815,8.37432,8.37554,1.00,1.00
2017.06.30 14:57:48.969,8.3746,8.37583,1.00,1.00
2017.06.30 14:57:49.071,8.3748,8.37583,1.00,1.00
2017.06.30 14:57:49.422,8.37592,8.37633,1.00,1.50
2017.06.30 14:57:49.676,8.37605,8.37663,1.00,1.50
2017.06.30 14:57:49.800,8.37592,8.37712,1.00,1.00
2017.06.30 14:57:49.851,8.37608,8.37712,1.00,1.00
2017.06.30 14:57:49.953,8.37586,8.37711,1.00,1.00
2017.06.30 14:57:50.105,8.37586,8.37699,1.00,1.00
2017.06.30 14:57:50.459,8.37527,8.37627,1.00,1.00
2017.06.30 14:57:50.561,8.37466,8.37569,1.00,1.00
2017.06.30 14:57:50.663,8.37479,8.37569,1.00,1.00
2017.06.30 14:57:50.766,8.37521,8.37628,1.00,1.00
2017.06.30 14:57:50.919,8.37526,8.37628,1.00,1.00
2017.06.30 14:57:50.970,8.37547,8.37672,1.00,1.00
2017.06.30 14:57:51.065,8.37526,8.37644,1.00,1.00
2017.06.30 14:57:51.269,8.3759,8.37717,1.00,1.00
2017.06.30 14:57:51.320,8.3759,8.37703,1.00,1.00
2017.06.30 14:57:51.576,8.3759,8.37714,1.00,1.00
2017.06.30 14:57:51.628,8.3759,8.37705,1.00,1.00
2017.06.30 14:57:51.886,8.37587,8.37714,1.00,1.00
2017.06.30 14:57:52.039,8.37604,8.37714,1.00,1.00
2017.06.30 14:57:52.191,8.37618,8.37729,1.00,1.00
2017.06.30 14:57:52.242,8.37622,8.37729,1.00,1.00
2017.06.30 14:57:52.294,8.37624,8.37751,1.00,1.00
2017.06.30 14:57:52.345,8.37634,8.37751,1.00,1.00
2017.06.30 14:57:52.577,8.37624,8.37751,1.00,1.00
2017.06.30 14:57:52.630,8.37624,8.37747,1.00,1.00
2017.06.30 14:57:52.936,8.37599,8.37634,1.00,1.30
2017.06.30 14:57:52.987,8.37565,8.37634,1.00,1.15
2017.06.30 14:57:53.038,8.37557,8.37608,1.00,1.00
2017.06.30 14:57:53.089,8.37549,8.37608,1.00,1.00
2017.06.30 14:57:53.306,8.3746,8.37594,1.00,1.00
2017.06.30 14:57:53.773,8.37482,8.37594,1.00,1.00
2017.06.30 14:57:53.875,8.37482,8.37602,1.00,1.00
2017.06.30 14:57:53.926,8.37475,8.37602,1.00,1.00
2017.06.30 14:57:54.084,8.3749,8.37617,1.00,1.00
2017.06.30 14:57:54.644,8.37497,8.37617,1.00,1.00
2017.06.30 14:57:54.796,8.37512,8.37637,1.50,1.00
2017.06.30 14:57:54.847,8.37523,8.37639,1.00,1.00
2017.06.30 14:57:55.101,8.37529,8.37654,1.00,1.00
2017.06.30 14:57:55.254,8.37527,8.37654,1.00,1.00
2017.06.30 14:57:55.356,8.37527,8.37637,1.00,1.00
2017.06.30 14:57:55.504,8.3752,8.37637,1.00,1.00
2017.06.30 14:57:55.556,8.3752,8.37639,1.00,1.00
2017.06.30 14:57:55.608,8.37527,8.37654,1.00,1.00
2017.06.30 14:57:55.761,8.37533,8.37654,1.00,1.00
2017.06.30 14:57:55.975,8.37549,8.37676,1.00,1.00
2017.06.30 14:57:56.027,8.37561,8.37676,1.00,1.00
2017.06.30 14:57:56.500,8.37583,8.37676,1.00,1.00
2017.06.30 14:57:56.653,8.37573,8.37676,1.00,1.00
2017.06.30 14:57:56.705,8.37563,8.3769,1.00,1.00
2017.06.30 14:57:56.756,8.37573,8.3769,1.00,1.00
2017.06.30 14:57:57.106,8.37564,8.37691,1.00,1.00
2017.06.30 14:57:57.209,8.3757,8.37675,1.00,1.00
2017.06.30 14:57:57.311,8.37564,8.37675,1.00,1.00
2017.06.30 14:57:57.415,8.37565,8.3769,1.00,1.00
2017.06.30 14:57:57.517,8.37564,8.37675,1.00,1.00
2017.06.30 14:57:57.620,8.37565,8.3769,1.00,1.00
2017.06.30 14:57:57.722,8.37564,8.37675,1.00,1.00
2017.06.30 14:57:57.773,8.3755,8.37675,1.50,1.00
2017.06.30 14:57:57.936,8.37562,8.37675,1.00,1.00
2017.06.30 14:57:57.987,8.37565,8.3769,1.00,1.00
2017.06.30 14:57:58.291,8.37562,8.37675,1.00,1.00
2017.06.30 14:57:58.494,8.37579,8.37706,1.00,1.00
2017.06.30 14:57:58.780,8.37548,8.37675,1.00,1.00
2017.06.30 14:57:59.230,8.37548,8.37671,1.00,1.00
2017.06.30 14:57:59.332,8.37504,8.37631,1.00,1.00
2017.06.30 14:57:59.573,8.37504,8.37628,1.00,1.00
2017.06.30 14:57:59.624,8.37483,8.37609,1.00,1.00
2017.06.30 14:57:59.828,8.37472,8.37594,1.00,1.00
2017.06.30 14:58:00.322,8.37493,8.37594,1.00,1.00
2017.06.30 14:58:00.424,8.37483,8.37594,1.00,1.00
2017.06.30 14:58:00.475,8.37476,8.37594,1.00,1.00
2017.06.30 14:58:00.527,8.37497,8.37622,1.00,1.00
2017.06.30 14:58:00.629,8.37483,8.37608,1.00,1.00
2017.06.30 14:58:01.307,8.37496,8.37608,1.00,1.00
2017.06.30 14:58:01.512,8.37526,8.37653,1.00,1.00
2017.06.30 14:58:01.807,8.3754,8.37668,1.00,1.00
2017.06.30 14:58:01.859,8.3754,8.37665,1.00,1.00
2017.06.30 14:58:02.012,8.37541,8.37667,1.00,1.00
2017.06.30 14:58:02.266,8.37541,8.37632,1.00,1.00
2017.06.30 14:58:02.318,8.37511,8.37612,1.00,1.00
2017.06.30 14:58:02.557,8.37467,8.37594,1.00,1.00
2017.06.30 14:58:02.634,8.37467,8.37584,1.00,1.00
2017.06.30 14:58:02.737,8.37438,8.37565,1.00,1.15
2017.06.30 14:58:03.044,8.37445,8.37565,1.00,1.15
2017.06.30 14:58:03.383,8.37475,8.37602,1.00,1.00
2017.06.30 14:58:04.147,8.37489,8.37602,1.00,1.00
2017.06.30 14:58:04.252,8.37492,8.37619,1.00,1.00
2017.06.30 14:58:04.405,8.37508,8.37635,1.00,1.00
2017.06.30 14:58:04.772,8.37508,8.37633,1.00,1.00
2017.06.30 14:58:05.077,8.37518,8.37634,1.00,1.00
2017.06.30 14:58:05.129,8.37537,8.37664,1.00,1.00
2017.06.30 14:58:05.332,8.37545,8.37673,1.00,1.00
2017.06.30 14:58:05.532,8.37531,8.37656,1.00,1.00
2017.06.30 14:58:05.844,8.37545,8.37672,1.00,1.00
2017.06.30 14:58:06.200,8.37573,8.37672,1.00,1.00
2017.06.30 14:58:06.359,8.37565,8.37692,1.00,1.00
2017.06.30 14:58:06.866,8.37575,8.37692,1.00,1.00
2017.06.30 14:58:07.036,8.37565,8.37692,1.00,1.00
2017.06.30 14:58:07.188,8.37551,8.37674,1.00,1.00
2017.06.30 14:58:07.443,8.37549,8.37674,1.00,1.00
2017.06.30 14:58:07.748,8.37562,8.37674,1.00,1.00
2017.06.30 14:58:07.850,8.37566,8.37693,1.00,1.00
2017.06.30 14:58:08.107,8.37578,8.37693,1.00,1.00
2017.06.30 14:58:08.411,8.37595,8.37708,1.00,1.00
2017.06.30 14:58:08.464,8.3761,8.37734,1.00,1.00
2017.06.30 14:58:08.565,8.37595,8.37715,1.00,1.00
2017.06.30 14:58:08.850,8.37604,8.37729,1.00,1.00
2017.06.30 14:58:08.901,8.37604,8.37713,1.00,1.00
2017.06.30 14:58:08.952,8.37588,8.37704,1.00,1.00
2017.06.30 14:58:09.055,8.37574,8.37701,1.00,1.00
2017.06.30 14:58:09.362,8.37578,8.37701,1.00,1.00
2017.06.30 14:58:09.413,8.37574,8.37701,1.00,1.00
2017.06.30 14:58:10.189,8.37576,8.37701,1.00,1.00
2017.06.30 14:58:10.503,8.37596,8.37706,1.00,1.00
2017.06.30 14:58:10.554,8.3758,8.377,1.00,1.00
2017.06.30 14:58:10.864,8.37593,8.377,1.00,1.00
2017.06.30 14:58:10.968,8.37607,8.37723,1.00,1.00
2017.06.30 14:58:11.070,8.3761,8.37737,1.00,1.00
2017.06.30 14:58:11.340,8.37648,8.37737,1.00,1.00
2017.06.30 14:58:11.442,8.37648,8.37769,1.00,1.00
2017.06.30 14:58:11.646,8.3766,8.37769,1.00,1.00
2017.06.30 14:58:11.748,8.37674,8.37788,1.00,1.00
2017.06.30 14:58:12.151,8.37688,8.37802,1.00,1.00
2017.06.30 14:58:12.355,8.37707,8.37826,1.00,1.00
2017.06.30 14:58:12.406,8.37705,8.37826,1.00,1.00
2017.06.30 14:58:12.457,8.37699,8.37826,1.00,1.00
2017.06.30 14:58:12.508,8.37699,8.37811,1.00,1.79
2017.06.30 14:58:12.610,8.37713,8.37827,1.00,1.15
2017.06.30 14:58:12.661,8.37692,8.37817,1.00,1.00
2017.06.30 14:58:12.825,8.37707,8.37823,1.00,1.95
2017.06.30 14:58:12.879,8.37707,8.37832,1.50,1.00
2017.06.30 14:58:13.082,8.37729,8.37848,1.00,1.00
2017.06.30 14:58:13.233,8.37714,8.3784,1.00,1.00
2017.06.30 14:58:14.074,8.3772,8.3784,1.00,1.00
2017.06.30 14:58:14.176,8.37729,8.37853,1.00,1.00
2017.06.30 14:58:14.278,8.37729,8.37841,1.00,1.00
2017.06.30 14:58:14.482,8.37741,8.37857,1.00,1.00
2017.06.30 14:58:15.126,8.3775,8.37857,1.00,1.00
2017.06.30 14:58:15.545,8.37782,8.37895,1.00,1.00
2017.06.30 14:58:15.647,8.37783,8.3791,1.00,1.00
2017.06.30 14:58:15.749,8.37769,8.37894,1.00,1.15
2017.06.30 14:58:16.055,8.37739,8.37866,1.00,1.00
2017.06.30 14:58:16.106,8.3775,8.37866,1.00,1.00
2017.06.30 14:58:16.349,8.37753,8.3788,1.00,1.00
2017.06.30 14:58:16.400,8.37753,8.37867,1.00,1.00
2017.06.30 14:58:16.705,8.37762,8.37868,1.00,1.00
2017.06.30 14:58:16.756,8.37731,8.37858,1.00,1.00
2017.06.30 14:58:16.858,8.37727,8.37844,1.00,1.00
2017.06.30 14:58:17.145,8.37731,8.37858,1.00,1.00
2017.06.30 14:58:17.366,8.37738,8.37858,1.00,1.00
2017.06.30 14:58:17.693,8.37749,8.37858,1.00,1.00
2017.06.30 14:58:17.744,8.37741,8.37858,1.00,1.00
2017.06.30 14:58:17.795,8.37753,8.3788,1.00,1.00
2017.06.30 14:58:17.912,8.37753,8.37877,1.00,1.00
2017.06.30 14:58:18.169,8.37753,8.3788,1.00,1.00
2017.06.30 14:58:18.220,8.37753,8.37871,1.00,1.00
2017.06.30 14:58:18.475,8.37761,8.37888,1.00,1.00
2017.06.30 14:58:18.577,8.37761,8.37872,1.00,1.00
2017.06.30 14:58:18.678,8.37746,8.37872,1.00,1.00
2017.06.30 14:58:18.788,8.37731,8.37851,1.00,1.00
2017.06.30 14:58:19.096,8.37831,8.37952,1.00,1.50
2017.06.30 14:58:19.200,8.37847,8.37953,1.00,1.50
2017.06.30 14:58:19.522,8.37882,8.37952,1.00,1.50
2017.06.30 14:58:19.573,8.37882,8.37974,1.00,1.00
2017.06.30 14:58:19.624,8.37882,8.37952,1.00,1.50
2017.06.30 14:58:19.675,8.37897,8.37983,1.00,1.50
2017.06.30 14:58:19.776,8.37878,8.37983,1.00,1.50
2017.06.30 14:58:19.827,8.3789,8.37983,1.00,1.50
2017.06.30 14:58:19.980,8.37892,8.37997,1.00,1.00
2017.06.30 14:58:20.281,8.37896,8.38013,1.00,1.50
2017.06.30 14:58:20.339,8.37896,8.38023,1.00,1.00
2017.06.30 14:58:20.694,8.37896,8.38019,1.00,1.00
2017.06.30 14:58:21.212,8.37921,8.38022,1.00,1.00
2017.06.30 14:58:21.263,8.37933,8.38037,1.00,1.00
2017.06.30 14:58:21.365,8.37939,8.38066,1.00,1.00
2017.06.30 14:58:21.416,8.37939,8.38064,1.00,1.00
2017.06.30 14:58:21.720,8.37933,8.38044,1.00,1.00
2017.06.30 14:58:21.771,8.37939,8.38066,1.00,1.00
2017.06.30 14:58:21.822,8.37939,8.38062,1.00,1.00
2017.06.30 14:58:21.967,8.3792,8.38044,1.00,1.00
2017.06.30 14:58:22.238,8.37929,8.38044,1.00,1.00
2017.06.30 14:58:22.441,8.37917,8.38044,1.00,1.00
2017.06.30 14:58:22.595,8.3791,8.38044,1.00,1.00
2017.06.30 14:58:22.647,8.3791,8.38026,1.00,1.00
2017.06.30 14:58:22.698,8.37887,8.38006,1.00,1.00
2017.06.30 14:58:22.804,8.37902,8.38028,1.00,1.00
2017.06.30 14:58:23.008,8.37905,8.38029,1.00,1.00
2017.06.30 14:58:23.553,8.37902,8.38029,1.00,1.00
2017.06.30 14:58:23.708,8.37893,8.38014,1.00,1.00
2017.06.30 14:58:23.771,8.37902,8.38029,1.00,1.00
2017.06.30 14:58:24.262,8.37904,8.38029,1.00,1.00
2017.06.30 14:58:24.415,8.37919,8.38046,1.00,1.50
2017.06.30 14:58:24.517,8.37913,8.38026,1.00,1.00
2017.06.30 14:58:24.882,8.37929,8.38056,1.00,1.00
2017.06.30 14:58:25.187,8.37936,8.38056,1.00,1.00
2017.06.30 14:58:25.492,8.37949,8.38066,1.00,1.00
2017.06.30 14:58:25.801,8.38009,8.38073,1.00,1.00
2017.06.30 14:58:25.902,8.38024,8.38099,1.00,1.00
2017.06.30 14:58:26.004,8.38024,8.38138,1.00,1.00
2017.06.30 14:58:26.056,8.38011,8.38138,1.50,1.00
2017.06.30 14:58:26.107,8.3803,8.38149,1.00,1.00
2017.06.30 14:58:26.209,8.38015,8.38142,1.00,1.00
2017.06.30 14:58:26.458,8.3802,8.38142,1.00,1.00
2017.06.30 14:58:26.817,8.38023,8.38155,1.00,1.00
2017.06.30 14:58:26.919,8.38023,8.38151,1.00,1.00
2017.06.30 14:58:27.276,8.38023,8.38154,1.00,1.00
2017.06.30 14:58:27.327,8.38026,8.38134,1.00,1.00
2017.06.30 14:58:27.429,8.38026,8.38148,1.00,1.00
2017.06.30 14:58:27.683,8.38023,8.38143,1.00,1.00
2017.06.30 14:58:28.027,8.3802,8.38127,1.00,1.00
2017.06.30 14:58:28.487,8.38022,8.38145,1.00,1.00
2017.06.30 14:58:28.538,8.38027,8.38149,1.00,1.00
2017.06.30 14:58:28.912,8.38027,8.38134,1.00,1.00
2017.06.30 14:58:29.493,8.38027,8.38149,1.00,1.00
2017.06.30 14:58:29.975,8.38022,8.38124,1.00,1.00
2017.06.30 14:58:30.026,8.37985,8.38109,1.00,1.00
2017.06.30 14:58:30.179,8.37994,8.38112,1.00,1.00
2017.06.30 14:58:30.798,8.38016,8.38112,1.00,1.00
2017.06.30 14:58:30.900,8.38028,8.38136,1.00,1.00
2017.06.30 14:58:31.002,8.38028,8.38151,1.00,1.00
2017.06.30 14:58:31.103,8.38032,8.38153,1.00,1.00
2017.06.30 14:58:31.410,8.37998,8.38112,1.00,1.00
2017.06.30 14:58:31.710,8.37985,8.3811,1.00,1.00
2017.06.30 14:58:31.812,8.37985,8.38096,1.00,1.00
2017.06.30 14:58:32.402,8.37986,8.38096,1.00,1.00
2017.06.30 14:58:32.734,8.37981,8.38096,1.00,1.00
2017.06.30 14:58:32.835,8.37992,8.38108,1.00,1.00
2017.06.30 14:58:32.887,8.37992,8.38091,1.00,1.00
2017.06.30 14:58:32.938,8.37974,8.38096,1.00,1.00
2017.06.30 14:58:33.140,8.37969,8.38086,1.00,1.00
2017.06.30 14:58:33.438,8.37977,8.38096,1.00,1.00
2017.06.30 14:58:33.794,8.37969,8.3809,1.00,1.00
2017.06.30 14:58:33.846,8.37969,8.38079,1.00,1.00
2017.06.30 14:58:34.049,8.37961,8.38081,1.00,1.00
2017.06.30 14:58:34.151,8.37961,8.38072,1.00,1.00
2017.06.30 14:58:34.328,8.37961,8.38085,1.00,1.00
2017.06.30 14:58:34.380,8.37961,8.38072,1.00,1.00
2017.06.30 14:58:34.535,8.37946,8.38072,1.00,1.00
2017.06.30 14:58:34.637,8.37945,8.38051,1.00,1.00
2017.06.30 14:58:35.296,8.3794,8.38051,1.00,1.00
2017.06.30 14:58:36.075,8.37924,8.38042,1.00,1.00
2017.06.30 14:58:36.126,8.37896,8.38022,1.00,1.50
2017.06.30 14:58:36.634,8.3791,8.38022,1.00,1.00
2017.06.30 14:58:36.736,8.37896,8.38022,1.00,1.50
2017.06.30 14:58:37.062,8.379,8.38022,1.00,1.00
2017.06.30 14:58:37.367,8.37924,8.38022,1.00,1.00
2017.06.30 14:58:37.621,8.37977,8.3808,1.00,1.00
2017.06.30 14:58:37.818,8.37977,8.38094,1.00,1.00
2017.06.30 14:58:37.920,8.37983,8.38094,1.00,1.00
2017.06.30 14:58:38.023,8.3797,8.38088,1.00,1.00
2017.06.30 14:58:38.126,8.37983,8.38094,1.00,1.00
2017.06.30 14:58:38.229,8.3797,8.38088,1.00,1.00
2017.06.30 14:58:38.489,8.37962,8.38088,1.00,1.00
2017.06.30 14:58:38.591,8.37962,8.38058,1.00,1.62
2017.06.30 14:58:38.741,8.37946,8.38058,1.00,1.62
2017.06.30 14:58:38.843,8.37939,8.38057,1.00,1.00
2017.06.30 14:58:39.202,8.37932,8.38039,1.00,1.00
2017.06.30 14:58:39.355,8.37912,8.38022,1.00,1.00
2017.06.30 14:58:39.406,8.37897,8.38021,1.00,1.00
2017.06.30 14:58:39.618,8.37897,8.38007,1.00,1.00
2017.06.30 14:58:40.001,8.37904,8.38007,1.00,1.00
2017.06.30 14:58:40.268,8.37893,8.38007,1.00,1.00
2017.06.30 14:58:40.512,8.37881,8.38007,1.00,1.50
2017.06.30 14:58:41.056,8.37882,8.38007,1.00,1.00
2017.06.30 14:58:41.224,8.37888,8.38009,1.00,1.00
2017.06.30 14:58:41.648,8.37893,8.38009,1.00,1.00
2017.06.30 14:58:41.953,8.37894,8.38004,1.00,1.39
2017.06.30 14:58:42.054,8.37894,8.38009,1.00,1.00
2017.06.30 14:58:42.256,8.37883,8.38009,1.00,1.50
2017.06.30 14:58:42.307,8.37883,8.38007,1.00,1.00
2017.06.30 14:58:42.616,8.37883,8.37987,1.00,1.00
2017.06.30 14:58:42.769,8.37883,8.38009,1.00,1.50
2017.06.30 14:58:42.937,8.37882,8.37997,1.00,1.00
2017.06.30 14:58:43.280,8.37883,8.3798,1.00,1.00
2017.06.30 14:58:43.383,8.37883,8.38008,1.50,1.00
2017.06.30 14:58:43.637,8.37883,8.37987,1.00,1.00
2017.06.30 14:58:43.689,8.37876,8.37987,1.00,1.00
2017.06.30 14:58:43.740,8.37876,8.38002,1.00,1.50
2017.06.30 14:58:44.061,8.37876,8.37987,1.00,1.00
2017.06.30 14:58:44.132,8.37876,8.38001,1.50,1.00
2017.06.30 14:58:44.183,8.37882,8.38001,1.00,1.00
2017.06.30 14:58:44.509,8.37874,8.37987,1.00,1.00
2017.06.30 14:58:44.560,8.37882,8.38002,1.00,1.00
2017.06.30 14:58:44.611,8.37882,8.38,1.00,1.00
2017.06.30 14:58:44.763,8.37882,8.38002,1.00,1.00
2017.06.30 14:58:45.128,8.37882,8.37976,1.00,1.81
2017.06.30 14:58:45.179,8.37875,8.37976,1.00,1.96
2017.06.30 14:58:45.231,8.37891,8.38002,1.00,1.15
2017.06.30 14:58:45.283,8.37891,8.38002,1.00,1.00
2017.06.30 14:58:45.334,8.37876,8.38,1.00,1.00
2017.06.30 14:58:45.487,8.37875,8.37989,1.00,1.00
2017.06.30 14:58:45.741,8.37865,8.37989,1.00,1.00
2017.06.30 14:58:46.157,8.37875,8.37992,1.00,1.00
2017.06.30 14:58:46.507,8.37886,8.37992,1.00,1.00
2017.06.30 14:58:47.193,8.37875,8.37992,1.00,1.00
2017.06.30 14:58:47.346,8.37875,8.3797,1.00,1.00
2017.06.30 14:58:47.448,8.37875,8.38,1.00,1.00
2017.06.30 14:58:47.500,8.37875,8.37991,1.00,1.00
2017.06.30 14:58:47.625,8.37875,8.38,1.00,1.00
2017.06.30 14:58:47.779,8.37873,8.3797,1.00,1.00
2017.06.30 14:58:47.881,8.37845,8.3797,1.00,1.50
2017.06.30 14:58:47.983,8.37858,8.37969,1.00,1.00
2017.06.30 14:58:48.186,8.37858,8.37978,1.00,1.00
2017.06.30 14:58:48.288,8.37858,8.37963,1.00,1.00
2017.06.30 14:58:48.537,8.37848,8.37963,1.00,1.00
2017.06.30 14:58:48.957,8.37838,8.37956,1.00,1.00
2017.06.30 14:58:49.008,8.37842,8.37963,1.00,1.00
2017.06.30 14:58:49.162,8.37838,8.37955,1.00,1.00
2017.06.30 14:58:49.264,8.37823,8.37945,1.00,1.00
2017.06.30 14:58:49.394,8.37805,8.37927,1.00,1.00
2017.06.30 14:58:49.880,8.37819,8.37927,1.00,1.00
2017.06.30 14:58:50.184,8.37842,8.37933,1.00,1.00
2017.06.30 14:58:50.235,8.3783,8.37933,1.00,1.00
2017.06.30 14:58:50.287,8.37817,8.37933,1.00,1.00
2017.06.30 14:58:50.388,8.37837,8.37941,1.00,1.00
2017.06.30 14:58:50.490,8.37814,8.37934,1.00,1.00
2017.06.30 14:58:50.642,8.37807,8.37925,1.00,1.00
2017.06.30 14:58:50.994,8.37762,8.37889,1.00,1.00
2017.06.30 14:58:51.103,8.37747,8.37874,1.00,1.00
2017.06.30 14:58:51.407,8.37746,8.37871,1.00,1.00
2017.06.30 14:58:51.661,8.37748,8.37875,1.00,1.00
2017.06.30 14:58:51.954,8.37756,8.37875,1.00,1.00
2017.06.30 14:58:52.208,8.37767,8.3789,1.00,1.00
2017.06.30 14:58:52.360,8.37763,8.37887,1.00,1.00
2017.06.30 14:58:52.412,8.37766,8.3789,1.00,1.00
2017.06.30 14:58:52.748,8.37777,8.37898,1.00,1.00
2017.06.30 14:58:52.801,8.37793,8.37918,1.00,1.00
2017.06.30 14:58:52.953,8.37793,8.37903,1.00,1.00
2017.06.30 14:58:53.107,8.37793,8.37918,1.00,1.00
2017.06.30 14:58:53.368,8.37793,8.3792,1.00,1.00
2017.06.30 14:58:53.657,8.37811,8.37936,1.00,1.00
2017.06.30 14:58:54.013,8.37812,8.3793,1.00,1.00
2017.06.30 14:58:54.395,8.37812,8.37935,1.00,1.00
2017.06.30 14:58:54.512,8.37812,8.37916,1.00,1.00
2017.06.30 14:58:54.671,8.37796,8.37916,1.00,1.00
2017.06.30 14:58:54.773,8.37774,8.37901,1.00,1.00
2017.06.30 14:58:56.790,8.37803,8.37918,1.00,1.00
2017.06.30 14:58:56.893,8.37789,8.37916,1.00,1.00
2017.06.30 14:58:56.995,8.37774,8.37901,1.00,1.00
2017.06.30 14:58:57.497,8.3776,8.37885,1.00,1.00
2017.06.30 14:58:57.599,8.37774,8.37901,1.00,1.50
2017.06.30 14:58:58.953,8.37774,8.37895,1.00,1.00
2017.06.30 14:58:59.105,8.37744,8.37869,1.00,1.00
2017.06.30 14:58:59.259,8.37759,8.37855,1.00,1.00
2017.06.30 14:58:59.310,8.37708,8.37835,1.00,1.00
2017.06.30 14:58:59.707,8.37708,8.37825,1.00,1.00
2017.06.30 14:58:59.810,8.37682,8.37804,1.00,1.00
2017.06.30 14:58:59.861,8.37679,8.37804,1.00,1.00
2017.06.30 14:58:59.912,8.37693,8.37818,1.00,1.00
2017.06.30 14:59:00.002,8.37671,8.37798,1.00,1.00
2017.06.30 14:59:00.053,8.37673,8.37798,1.00,1.00
2017.06.30 14:59:00.105,8.37693,8.3782,1.00,1.00
2017.06.30 14:59:00.309,8.37702,8.3782,1.00,1.00
2017.06.30 14:59:00.411,8.37722,8.37847,1.00,1.00
2017.06.30 14:59:00.464,8.37722,8.37835,1.00,1.00
2017.06.30 14:59:00.515,8.377,8.37827,1.00,1.00
2017.06.30 14:59:01.020,8.37686,8.37813,1.00,1.00
2017.06.30 14:59:01.325,8.37717,8.37842,1.00,1.00
2017.06.30 14:59:03.335,8.37717,8.3784,1.00,1.00
2017.06.30 14:59:03.639,8.37717,8.37825,1.00,1.00
2017.06.30 14:59:03.909,8.37688,8.37808,1.00,1.00
2017.06.30 14:59:04.559,8.37697,8.37808,1.00,1.00
2017.06.30 14:59:04.610,8.37685,8.37808,1.00,1.00
2017.06.30 14:59:04.712,8.37696,8.37812,1.00,1.00
2017.06.30 14:59:04.826,8.37685,8.37807,1.00,1.00
2017.06.30 14:59:04.877,8.37688,8.37807,1.00,1.00
2017.06.30 14:59:05.543,8.37688,8.37793,1.00,1.00
2017.06.30 14:59:05.598,8.37688,8.37808,1.00,1.00
2017.06.30 14:59:05.649,8.37695,8.37808,1.00,1.00
2017.06.30 14:59:05.700,8.37695,8.37819,1.50,1.00
2017.06.30 14:59:05.852,8.37695,8.37808,1.00,1.00
2017.06.30 14:59:06.107,8.37703,8.37825,1.00,1.00
2017.06.30 14:59:06.208,8.37699,8.37815,1.00,1.00
2017.06.30 14:59:06.568,8.37699,8.37813,1.00,1.00
2017.06.30 14:59:06.720,8.37692,8.37808,1.00,1.00
2017.06.30 14:59:06.891,8.37683,8.37808,1.00,1.50
2017.06.30 14:59:06.943,8.37697,8.37808,1.00,1.00
2017.06.30 14:59:07.250,8.37715,8.37828,1.00,1.00
2017.06.30 14:59:07.704,8.37715,8.37806,1.00,1.00
2017.06.30 14:59:07.755,8.377,8.37806,1.00,1.00
2017.06.30 14:59:08.044,8.37692,8.37806,1.00,1.00
2017.06.30 14:59:08.146,8.37701,8.37808,1.00,1.00
2017.06.30 14:59:08.248,8.37682,8.37798,1.00,1.00
2017.06.30 14:59:08.825,8.37682,8.37776,1.00,1.00
2017.06.30 14:59:08.876,8.37674,8.37776,1.00,1.00
2017.06.30 14:59:08.928,8.37674,8.37792,1.00,1.00
2017.06.30 14:59:09.030,8.37683,8.37792,1.00,1.00
2017.06.30 14:59:09.853,8.37687,8.37792,1.00,1.00
2017.06.30 14:59:10.005,8.37681,8.37792,1.00,1.00
2017.06.30 14:59:10.056,8.37688,8.37792,1.00,1.00
2017.06.30 14:59:10.158,8.37698,8.37813,1.00,1.00
2017.06.30 14:59:10.260,8.37714,8.37813,1.00,1.00
2017.06.30 14:59:10.413,8.3772,8.37834,1.00,1.00
2017.06.30 14:59:10.464,8.3772,8.37841,1.00,1.00
2017.06.30 14:59:10.515,8.37714,8.37825,1.00,1.00
2017.06.30 14:59:10.669,8.37698,8.37824,1.50,1.00
2017.06.30 14:59:10.828,8.37723,8.37825,1.00,1.00
2017.06.30 14:59:11.032,8.37735,8.37849,1.00,1.00
2017.06.30 14:59:11.135,8.37723,8.37831,1.00,1.00
2017.06.30 14:59:11.481,8.37712,8.37831,1.00,1.00
2017.06.30 14:59:11.533,8.37704,8.37825,1.00,1.00
2017.06.30 14:59:11.635,8.37698,8.3781,1.00,1.00
2017.06.30 14:59:11.737,8.37698,8.37825,1.50,1.50
2017.06.30 14:59:11.788,8.37698,8.37815,1.00,1.00
2017.06.30 14:59:12.093,8.37688,8.37803,1.00,1.00
2017.06.30 14:59:12.428,8.37713,8.37826,1.00,1.00
2017.06.30 14:59:12.532,8.37699,8.37817,1.00,1.00
2017.06.30 14:59:12.685,8.37692,8.37812,1.00,1.00
2017.06.30 14:59:12.736,8.37687,8.37802,1.00,1.00
2017.06.30 14:59:13.055,8.37698,8.37812,1.00,1.00
2017.06.30 14:59:13.184,8.37687,8.37809,1.00,1.00
2017.06.30 14:59:13.648,8.37698,8.37812,1.00,1.00
2017.06.30 14:59:13.800,8.37689,8.37809,1.00,1.00
2017.06.30 14:59:14.119,8.37684,8.37809,1.00,1.50
2017.06.30 14:59:14.355,8.37705,8.37811,1.00,1.00
2017.06.30 14:59:14.406,8.37705,8.37823,1.00,1.00
2017.06.30 14:59:14.457,8.37696,8.37802,1.00,1.00
2017.06.30 14:59:14.864,8.37696,8.37786,1.00,1.00
2017.06.30 14:59:15.332,8.3767,8.37786,1.00,1.00
2017.06.30 14:59:15.387,8.37675,8.37786,1.00,1.00
2017.06.30 14:59:15.792,8.37661,8.37786,1.00,1.00
2017.06.30 14:59:15.945,8.37654,8.37764,1.00,1.00
2017.06.30 14:59:16.021,8.37654,8.3778,1.00,1.00
2017.06.30 14:59:16.222,8.37654,8.37757,1.00,1.00
2017.06.30 14:59:16.324,8.37654,8.37778,1.00,1.00
2017.06.30 14:59:16.375,8.37662,8.3778,1.00,1.00
2017.06.30 14:59:16.680,8.37671,8.37779,1.00,1.00
2017.06.30 14:59:16.731,8.37681,8.37798,1.00,1.50
2017.06.30 14:59:16.782,8.37681,8.3779,1.00,1.00
2017.06.30 14:59:17.130,8.37681,8.37754,1.00,1.00
2017.06.30 14:59:17.200,8.3766,8.37779,1.00,1.00
2017.06.30 14:59:17.252,8.3766,8.37764,1.00,1.00
2017.06.30 14:59:17.354,8.3766,8.37779,1.00,1.00
2017.06.30 14:59:17.455,8.37666,8.37787,1.00,1.00
2017.06.30 14:59:17.557,8.37681,8.37795,1.00,1.00
2017.06.30 14:59:17.709,8.37682,8.37808,1.00,1.00
2017.06.30 14:59:17.946,8.37682,8.37793,1.00,1.00
2017.06.30 14:59:18.250,8.37694,8.37793,1.00,1.00
2017.06.30 14:59:18.301,8.37685,8.37793,1.00,1.00
2017.06.30 14:59:18.698,8.37694,8.37793,1.00,1.00
2017.06.30 14:59:18.750,8.37704,8.37821,1.00,1.00
2017.06.30 14:59:18.802,8.37705,8.37829,1.00,1.00
2017.06.30 14:59:18.854,8.37705,8.37808,1.00,1.00
2017.06.30 14:59:18.957,8.37705,8.37822,1.00,1.00
2017.06.30 14:59:19.212,8.37713,8.37822,1.00,1.00
2017.06.30 14:59:19.264,8.37706,8.37822,1.00,1.00
2017.06.30 14:59:19.366,8.37719,8.37822,1.00,1.00
2017.06.30 14:59:19.538,8.37699,8.37811,1.00,1.00
2017.06.30 14:59:19.742,8.37699,8.37819,1.00,1.00
2017.06.30 14:59:19.844,8.37699,8.37804,1.00,1.00
2017.06.30 14:59:20.343,8.37693,8.37804,1.00,1.00
2017.06.30 14:59:20.644,8.37707,8.37824,1.00,1.00
2017.06.30 14:59:20.695,8.37707,8.37826,1.00,1.00
2017.06.30 14:59:21.006,8.37707,8.37825,1.00,1.53
2017.06.30 14:59:21.313,8.377,8.37805,1.00,1.49
2017.06.30 14:59:21.432,8.37693,8.37805,1.00,1.49
2017.06.30 14:59:21.484,8.37693,8.37811,1.00,1.00
2017.06.30 14:59:21.587,8.37704,8.37811,1.00,1.00
2017.06.30 14:59:21.639,8.37706,8.3783,1.00,1.00
2017.06.30 14:59:21.742,8.37712,8.37811,1.00,1.00
2017.06.30 14:59:21.844,8.37712,8.37831,1.00,1.00
2017.06.30 14:59:21.895,8.37712,8.37833,1.00,1.00
2017.06.30 14:59:22.121,8.37706,8.37826,1.00,1.00
2017.06.30 14:59:22.396,8.37692,8.37818,1.00,1.00
2017.06.30 14:59:22.447,8.37691,8.37797,1.00,1.00
2017.06.30 14:59:22.549,8.37692,8.37817,1.00,1.00
2017.06.30 14:59:22.650,8.37691,8.37797,1.00,1.00
2017.06.30 14:59:23.167,8.37709,8.37797,1.00,1.00
2017.06.30 14:59:23.218,8.377,8.37797,1.00,1.00
2017.06.30 14:59:23.269,8.37739,8.37797,1.00,1.00
2017.06.30 14:59:23.471,8.37739,8.37848,1.00,1.00
2017.06.30 14:59:24.222,8.37735,8.37848,1.00,1.00
2017.06.30 14:59:24.273,8.37744,8.37848,1.00,1.00
2017.06.30 14:59:24.561,8.37749,8.37871,1.00,1.00
2017.06.30 14:59:24.612,8.37752,8.37876,1.00,1.00
2017.06.30 14:59:24.663,8.37752,8.37854,1.00,1.00
2017.06.30 14:59:24.765,8.37752,8.37876,1.00,1.00
2017.06.30 14:59:24.940,8.37752,8.37854,1.00,1.00
2017.06.30 14:59:25.234,8.37749,8.37854,1.00,1.00
2017.06.30 14:59:25.287,8.37756,8.37874,1.00,1.00
2017.06.30 14:59:25.490,8.37756,8.37851,1.00,1.00
2017.06.30 14:59:25.592,8.37727,8.37851,1.00,1.00
2017.06.30 14:59:25.644,8.3775,8.37839,1.00,1.00
2017.06.30 14:59:25.849,8.3777,8.37873,1.00,1.00
2017.06.30 14:59:25.901,8.3777,8.37876,1.00,1.00
2017.06.30 14:59:26.312,8.37759,8.37876,1.00,1.00
2017.06.30 14:59:26.721,8.37764,8.37876,1.00,1.00
2017.06.30 14:59:26.987,8.37764,8.3789,1.50,1.50
2017.06.30 14:59:27.088,8.37751,8.37868,1.00,1.00
2017.06.30 14:59:27.276,8.37742,8.37868,1.00,1.00
2017.06.30 14:59:27.388,8.37751,8.37868,1.00,1.00
2017.06.30 14:59:27.947,8.37755,8.37882,1.00,1.00
2017.06.30 14:59:28.049,8.37751,8.37866,1.00,1.00
2017.06.30 14:59:28.150,8.37755,8.37882,1.00,1.00
2017.06.30 14:59:28.201,8.3776,8.37882,1.00,1.00
2017.06.30 14:59:28.304,8.3774,8.37867,1.00,1.00
2017.06.30 14:59:28.355,8.37747,8.37867,1.00,1.00
2017.06.30 14:59:28.558,8.37755,8.37882,1.00,1.00
2017.06.30 14:59:28.981,8.37753,8.37867,1.00,1.00
2017.06.30 14:59:29.168,8.37755,8.37882,1.00,1.00
2017.06.30 14:59:29.270,8.37753,8.37866,1.00,1.00
2017.06.30 14:59:29.371,8.37762,8.37887,1.00,1.00
2017.06.30 14:59:29.423,8.37762,8.37889,1.00,1.00
2017.06.30 14:59:29.474,8.37756,8.37867,1.00,1.00
2017.06.30 14:59:29.576,8.37762,8.37889,1.00,1.00
2017.06.30 14:59:29.788,8.37752,8.37867,1.00,1.00
2017.06.30 14:59:29.998,8.37769,8.37896,1.00,1.00
2017.06.30 14:59:30.100,8.37765,8.37874,1.00,1.00
2017.06.30 14:59:30.202,8.37769,8.37896,1.00,1.00
2017.06.30 14:59:30.455,8.37765,8.37882,1.00,1.00
2017.06.30 14:59:30.802,8.37775,8.37895,1.00,1.00
2017.06.30 14:59:31.007,8.37782,8.37895,1.00,1.00
2017.06.30 14:59:31.108,8.37775,8.37895,1.00,1.00
2017.06.30 14:59:31.484,8.37775,8.37881,1.00,1.00
2017.06.30 14:59:31.678,8.37785,8.37896,1.00,1.00
2017.06.30 14:59:31.780,8.37792,8.37916,1.00,1.00
2017.06.30 14:59:32.320,8.37792,8.37917,1.00,1.00
2017.06.30 14:59:32.827,8.37792,8.37916,1.00,1.00
2017.06.30 14:59:32.878,8.37776,8.37903,1.00,1.00
2017.06.30 14:59:33.081,8.37769,8.37888,1.00,1.00
2017.06.30 14:59:33.448,8.37781,8.37888,1.00,1.00
2017.06.30 14:59:34.293,8.37784,8.37888,1.00,1.00
2017.06.30 14:59:34.501,8.37772,8.37888,1.00,1.00
2017.06.30 14:59:34.552,8.37765,8.37888,1.00,1.00
2017.06.30 14:59:34.603,8.37765,8.37869,1.00,1.00
2017.06.30 14:59:34.909,8.37773,8.37879,1.00,1.00
2017.06.30 14:59:35.310,8.37767,8.37879,1.00,1.00
2017.06.30 14:59:36.372,8.37762,8.37879,1.00,1.00
2017.06.30 14:59:36.474,8.37762,8.37865,1.00,1.00
2017.06.30 14:59:36.576,8.37768,8.37879,1.00,1.00
2017.06.30 14:59:36.780,8.37768,8.37894,1.00,1.00
2017.06.30 14:59:36.990,8.37768,8.37878,1.00,1.00
2017.06.30 14:59:37.363,8.37763,8.37878,1.00,1.00
2017.06.30 14:59:37.913,8.37767,8.37894,1.00,1.00
2017.06.30 14:59:38.875,8.37769,8.37894,1.00,1.00
2017.06.30 14:59:39.462,8.37767,8.37894,1.00,1.00
2017.06.30 14:59:39.713,8.37764,8.37872,1.00,1.00
2017.06.30 14:59:39.865,8.37758,8.37872,1.00,1.00
2017.06.30 14:59:40.018,8.37763,8.3789,1.00,1.00
2017.06.30 14:59:40.120,8.37766,8.3789,1.00,1.00
2017.06.30 14:59:41.017,8.37763,8.3789,1.00,1.00
2017.06.30 14:59:41.120,8.37764,8.37867,1.00,1.00
2017.06.30 14:59:41.367,8.37764,8.3789,1.00,1.00
2017.06.30 14:59:41.708,8.37763,8.37884,1.00,1.00
2017.06.30 14:59:42.012,8.37646,8.37749,1.00,1.00
2017.06.30 14:59:42.350,8.3761,8.37672,1.00,1.00
2017.06.30 14:59:42.401,8.37589,8.37669,1.00,1.00
2017.06.30 14:59:42.452,8.37574,8.37669,1.00,1.00
2017.06.30 14:59:42.604,8.37542,8.37655,1.00,1.00
2017.06.30 14:59:42.858,8.37547,8.37669,1.00,1.00
2017.06.30 14:59:43.374,8.37542,8.37659,1.00,1.00
2017.06.30 14:59:43.681,8.37525,8.376,1.00,1.00
2017.06.30 14:59:43.732,8.37479,8.376,1.00,1.00
2017.06.30 14:59:43.934,8.37474,8.37585,1.00,1.00
2017.06.30 14:59:44.393,8.37461,8.37585,1.00,1.00
2017.06.30 14:59:44.650,8.37458,8.37582,1.00,1.00
2017.06.30 14:59:44.990,8.37466,8.3757,1.00,1.00
2017.06.30 14:59:45.092,8.37474,8.37589,1.00,1.00
2017.06.30 14:59:45.143,8.37474,8.37593,1.00,1.00
2017.06.30 14:59:45.194,8.3748,8.37601,1.00,1.00
2017.06.30 14:59:46.189,8.37501,8.37601,1.00,1.00
2017.06.30 14:59:46.443,8.37536,8.37639,1.00,1.00
2017.06.30 14:59:46.660,8.37561,8.37669,1.00,1.37
2017.06.30 14:59:46.864,8.37547,8.37669,1.00,1.37
2017.06.30 14:59:46.915,8.37557,8.37674,1.00,1.37
2017.06.30 14:59:47.171,8.3752,8.37643,1.00,1.00
2017.06.30 14:59:47.223,8.37517,8.37617,1.00,1.00
2017.06.30 14:59:47.525,8.3753,8.37617,1.00,1.00
2017.06.30 14:59:47.628,8.3753,8.37647,1.00,1.00
2017.06.30 14:59:48.178,8.37537,8.37647,1.00,1.00
2017.06.30 14:59:48.440,8.37544,8.37668,1.50,1.00
2017.06.30 14:59:48.542,8.37544,8.37641,1.00,1.00
2017.06.30 14:59:48.746,8.37544,8.37664,1.00,1.00
2017.06.30 14:59:49.049,8.37544,8.37649,1.00,1.00
2017.06.30 14:59:49.151,8.37539,8.37649,1.00,1.00
2017.06.30 14:59:49.253,8.37545,8.37649,1.00,1.00
2017.06.30 14:59:49.305,8.37545,8.37664,1.00,1.00
2017.06.30 14:59:49.356,8.37555,8.37664,1.00,1.00
2017.06.30 14:59:49.612,8.37544,8.37664,1.00,1.00
2017.06.30 14:59:49.664,8.37537,8.37657,1.00,1.00
2017.06.30 14:59:49.767,8.37543,8.37664,1.00,1.00
2017.06.30 14:59:50.091,8.37537,8.37648,1.00,1.00
2017.06.30 14:59:50.397,8.37496,8.37588,1.00,1.20
2017.06.30 14:59:50.449,8.3748,8.37588,1.00,1.20
2017.06.30 14:59:50.588,8.37465,8.37588,1.00,1.20
2017.06.30 14:59:50.640,8.37463,8.37574,1.00,1.00
2017.06.30 14:59:50.742,8.37447,8.37573,1.00,1.00
2017.06.30 14:59:50.844,8.37437,8.37552,1.00,1.00
2017.06.30 14:59:51.486,8.37425,8.37549,1.00,1.00
2017.06.30 14:59:52.118,8.37425,8.37548,1.00,1.00
2017.06.30 14:59:52.322,8.37423,8.37536,1.00,1.00
2017.06.30 14:59:52.960,8.37409,8.37528,1.00,1.00
2017.06.30 14:59:53.112,8.37392,8.37516,1.00,1.00
2017.06.30 14:59:53.164,8.37389,8.37515,1.00,1.00
2017.06.30 14:59:53.519,8.37388,8.37503,1.00,1.00
2017.06.30 14:59:53.763,8.37374,8.37496,1.00,1.00
2017.06.30 14:59:53.968,8.37391,8.37496,1.00,1.00
2017.06.30 14:59:54.273,8.37412,8.37516,1.00,1.00
2017.06.30 14:59:54.324,8.37404,8.37516,1.00,1.00
2017.06.30 14:59:54.693,8.37399,8.37516,1.00,1.00
2017.06.30 14:59:54.897,8.37409,8.37516,1.00,1.00
2017.06.30 14:59:55.204,8.37458,8.37534,1.00,1.00
2017.06.30 14:59:55.255,8.37458,8.37564,1.00,1.00
2017.06.30 14:59:55.468,8.37458,8.37549,1.00,1.00
2017.06.30 14:59:55.519,8.37458,8.37569,1.00,1.00
2017.06.30 14:59:55.570,8.37445,8.37569,1.00,1.00
2017.06.30 14:59:55.773,8.37449,8.3757,1.00,1.00
2017.06.30 14:59:56.298,8.37457,8.3757,1.00,1.00
2017.06.30 14:59:56.942,8.37447,8.3757,1.00,1.00
2017.06.30 14:59:57.044,8.37458,8.37556,1.00,1.00
2017.06.30 14:59:57.175,8.37458,8.37571,1.00,1.00
2017.06.30 14:59:57.226,8.3745,8.37571,1.00,1.00
2017.06.30 14:59:57.328,8.3745,8.37555,1.00,1.00
2017.06.30 14:59:57.430,8.3745,8.37571,1.00,1.00
2017.06.30 14:59:57.636,8.37441,8.37549,1.00,1.00
2017.06.30 14:59:57.687,8.37427,8.37549,1.00,1.00
2017.06.30 14:59:57.841,8.37408,8.37527,1.00,1.00
2017.06.30 14:59:57.892,8.374,8.37521,1.00,1.00
2017.06.30 14:59:58.056,8.37423,8.37527,1.00,1.00
2017.06.30 14:59:58.535,8.37418,8.37537,1.00,1.00
2017.06.30 14:59:58.637,8.3741,8.37522,1.00,1.00
2017.06.30 14:59:58.785,8.37396,8.37522,1.00,1.00
2017.06.30 14:59:58.836,8.37396,8.375,1.00,1.00
2017.06.30 14:59:59.090,8.37393,8.375,1.00,1.00
2017.06.30 14:59:59.243,8.37395,8.37519,1.00,1.00
2017.06.30 14:59:59.565,8.37401,8.37523,1.00,1.00
2017.06.30 14:59:59.877,8.37409,8.37523,1.00,1.00
2017.06.30 14:59:59.979,8.37396,8.37522,1.00,1.00
