2009.08.31 19:00:00.306,6.018,6.02275,1.60,1.00
2009.08.31 19:00:00.646,6.018,6.02275,1.00,1.00
2009.08.31 19:00:01.166,6.0182,6.02275,1.00,1.00
2009.08.31 19:00:01.776,6.0182,6.02275,1.20,1.00
2009.08.31 19:00:02.905,6.018,6.02275,1.60,1.00
2009.08.31 19:00:03.296,6.0182,6.02275,1.20,1.00
2009.08.31 19:00:03.645,6.0182,6.02325,1.20,3.30
2009.08.31 19:00:04.226,6.0174,6.02325,4.00,3.30
2009.08.31 19:00:04.575,6.01735,6.02325,4.00,3.30
2009.08.31 19:00:05.285,6.0172,6.02305,4.40,1.00
2009.08.31 19:00:05.625,6.0172,6.02305,4.00,1.00
2009.08.31 19:00:06.965,6.0174,6.02325,4.00,3.30
2009.08.31 19:00:07.314,6.0174,6.02305,4.00,1.00
2009.08.31 19:00:07.775,6.0173,6.02305,4.00,1.00
2009.08.31 19:00:08.944,6.0173,6.0231,4.00,3.20
2009.08.31 19:00:09.114,6.0173,6.02325,4.00,3.30
2009.08.31 19:00:09.224,6.0174,6.02325,4.00,3.30
2009.08.31 19:00:09.334,6.0174,6.02305,4.00,1.00
2009.08.31 19:00:11.943,6.01735,6.0229,4.00,1.70
2009.08.31 19:00:12.293,6.0171,6.0229,4.00,1.70
2009.08.31 19:00:12.673,6.0178,6.0221,1.00,1.00
2009.08.31 19:00:13.013,6.0174,6.0234,4.00,1.00
2009.08.31 19:00:13.583,6.0174,6.0234,8.00,1.00
2009.08.31 19:00:13.813,6.01745,6.0234,4.00,1.00
2009.08.31 19:00:14.203,6.01735,6.0232,4.00,1.00
2009.08.31 19:00:17.012,6.01735,6.0231,4.00,4.10
2009.08.31 19:00:17.292,6.0171,6.0231,4.00,4.10
2009.08.31 19:00:20.901,6.01735,6.02325,4.00,1.00
2009.08.31 19:00:21.451,6.0174,6.02325,4.00,1.00
2009.08.31 19:00:26.130,6.0174,6.0219,4.00,8.00
2009.08.31 19:00:26.720,6.0185,6.0219,1.00,8.00
2009.08.31 19:00:27.240,6.01745,6.0217,4.00,8.00
2009.08.31 19:00:27.529,6.01745,6.022,4.00,8.00
2009.08.31 19:00:29.359,6.01765,6.0237,4.00,1.00
2009.08.31 19:00:29.889,6.0185,6.0237,1.00,1.00
2009.08.31 19:00:33.848,6.0185,6.0226,1.00,1.00
2009.08.31 19:00:33.968,6.0187,6.0239,1.00,3.30
2009.08.31 19:00:36.847,6.0187,6.02355,1.00,2.40
2009.08.31 19:00:37.248,6.0185,6.0235,1.00,1.00
2009.08.31 19:00:37.767,6.0193,6.0235,1.00,1.00
2009.08.31 19:00:37.927,6.0195,6.023,1.00,1.00
2009.08.31 19:00:38.378,6.0193,6.023,1.00,1.00
2009.08.31 19:00:38.707,6.0195,6.023,1.00,1.00
2009.08.31 19:00:39.007,6.0197,6.023,1.00,1.00
2009.08.31 19:00:41.006,6.0195,6.023,1.00,1.00
2009.08.31 19:00:42.436,6.0197,6.023,1.00,1.00
2009.08.31 19:00:43.266,6.0195,6.023,1.00,1.00
2009.08.31 19:00:45.645,6.0197,6.023,1.00,1.00
2009.08.31 19:00:46.285,6.0201,6.023,1.00,1.00
2009.08.31 19:00:46.615,6.0199,6.023,1.00,1.00
2009.08.31 19:00:47.085,6.0199,6.0219,1.00,8.00
2009.08.31 19:00:47.995,6.0197,6.0219,1.00,8.00
2009.08.31 19:00:48.515,6.0197,6.0214,1.00,8.00
2009.08.31 19:00:49.854,6.0199,6.0214,1.00,8.00
2009.08.31 19:00:50.474,6.0199,6.0217,1.00,8.00
2009.08.31 19:00:58.662,6.0201,6.0219,1.00,8.00
2009.08.31 19:01:00.212,6.0201,6.0232,1.00,1.00
2009.08.31 19:01:00.562,6.0199,6.0232,1.00,1.00
2009.08.31 19:01:02.421,6.0193,6.023,1.40,1.00
2009.08.31 19:01:04.191,6.01925,6.023,2.40,1.00
2009.08.31 19:01:04.481,6.0201,6.023,1.00,1.00
2009.08.31 19:01:06.460,6.0203,6.023,1.00,1.00
2009.08.31 19:01:06.690,6.0201,6.023,1.00,1.00
2009.08.31 19:01:09.050,6.0203,6.023,1.00,1.00
2009.08.31 19:01:09.330,6.0208,6.023,1.00,1.00
2009.08.31 19:01:09.600,6.0207,6.023,1.00,1.00
2009.08.31 19:01:11.319,6.0205,6.023,1.00,1.00
2009.08.31 19:01:13.319,6.0197,6.023,2.40,1.00
2009.08.31 19:01:13.598,6.0205,6.023,1.00,1.00
2009.08.31 19:01:13.888,6.0207,6.023,1.00,1.00
2009.08.31 19:01:17.407,6.0207,6.023,2.40,1.00
2009.08.31 19:01:17.708,6.0211,6.023,1.00,1.00
2009.08.31 19:01:19.817,6.0207,6.023,3.20,1.00
2009.08.31 19:01:20.167,6.01995,6.023,2.40,1.00
2009.08.31 19:01:20.547,6.0209,6.023,1.00,1.00
2009.08.31 19:01:22.696,6.02,6.023,1.40,1.00
2009.08.31 19:01:24.146,6.0205,6.023,1.00,1.00
2009.08.31 19:01:24.326,6.0207,6.023,2.40,1.00
2009.08.31 19:01:24.556,6.0207,6.023,1.00,1.00
2009.08.31 19:01:26.396,6.0204,6.023,1.00,1.00
2009.08.31 19:01:28.755,6.0209,6.023,1.00,1.00
2009.08.31 19:01:30.485,6.0207,6.023,8.80,1.00
2009.08.31 19:01:31.534,6.0207,6.023,1.00,1.00
2009.08.31 19:01:33.494,6.0209,6.023,1.00,1.00
2009.08.31 19:01:33.734,6.0208,6.023,1.00,1.00
2009.08.31 19:01:34.064,6.0206,6.023,1.00,1.00
2009.08.31 19:01:36.123,6.0208,6.023,1.00,1.00
2009.08.31 19:01:50.360,6.02105,6.023,1.60,1.00
2009.08.31 19:01:51.809,6.0212,6.023,1.00,1.00
2009.08.31 19:01:52.509,6.0213,6.023,1.00,1.00
2009.08.31 19:01:52.849,6.02005,6.023,2.40,1.00
2009.08.31 19:01:52.969,6.0206,6.023,1.00,1.00
2009.08.31 19:01:53.369,6.02085,6.023,1.60,1.00
2009.08.31 19:01:53.639,6.021,6.023,1.00,1.00
2009.08.31 19:01:54.279,6.0214,6.023,1.00,1.00
2009.08.31 19:01:54.978,6.0215,6.023,1.00,1.00
2009.08.31 19:01:57.088,6.0208,6.023,1.00,1.00
2009.08.31 19:02:14.584,6.0206,6.023,1.00,1.00
2009.08.31 19:02:16.273,6.0208,6.023,1.00,1.00
2009.08.31 19:02:21.422,6.0206,6.023,1.00,1.00
2009.08.31 19:02:22.512,6.02,6.023,2.40,1.00
2009.08.31 19:02:22.862,6.0208,6.023,1.00,1.00
2009.08.31 19:02:25.022,6.0206,6.023,1.00,1.00
2009.08.31 19:02:29.780,6.0204,6.023,1.00,1.00
2009.08.31 19:02:34.849,6.0208,6.023,1.00,1.00
2009.08.31 19:02:36.879,6.0206,6.023,1.00,1.00
2009.08.31 19:02:38.798,6.0208,6.023,1.00,1.00
2009.08.31 19:02:39.078,6.02,6.023,2.40,1.00
2009.08.31 19:02:39.128,6.0206,6.023,1.00,1.00
2009.08.31 19:02:40.667,6.0204,6.023,1.00,1.00
2009.08.31 19:02:41.357,6.0206,6.023,1.00,1.00
2009.08.31 19:02:43.177,6.0208,6.023,1.00,1.00
2009.08.31 19:02:48.905,6.0206,6.023,1.00,1.00
2009.08.31 19:02:50.395,6.0208,6.023,1.00,1.00
2009.08.31 19:03:01.423,6.0206,6.023,1.00,1.00
2009.08.31 19:03:03.132,6.0206,6.0242,1.00,1.00
2009.08.31 19:03:05.642,6.0208,6.024,1.00,1.00
2009.08.31 19:03:14.580,6.021,6.024,1.00,1.00
2009.08.31 19:03:14.969,6.0212,6.024,1.00,1.00
2009.08.31 19:03:17.329,6.021,6.024,1.00,1.00
2009.08.31 19:03:30.436,6.021,6.024,1.00,1.00
2009.08.31 19:03:55.120,6.0208,6.024,1.00,1.00
2009.08.31 19:03:55.469,6.0196,6.024,1.40,1.00
2009.08.31 19:04:06.847,6.0208,6.024,1.00,1.00
2009.08.31 19:04:11.406,6.0208,6.024,1.00,1.00
2009.08.31 19:04:46.917,6.0208,6.0231,1.00,8.00
2009.08.31 19:04:58.564,6.0208,6.0242,1.00,1.00
2009.08.31 19:05:00.924,6.0203,6.024,1.00,1.00
2009.08.31 19:05:17.030,6.0208,6.024,1.00,1.00
2009.08.31 19:05:17.320,6.0206,6.024,1.00,1.00
2009.08.31 19:05:18.409,6.0208,6.024,1.00,1.00
2009.08.31 19:05:21.629,6.0206,6.024,1.00,1.00
2009.08.31 19:05:47.512,6.0203,6.024,1.00,1.00
2009.08.31 19:05:48.072,6.0208,6.024,1.00,1.00
2009.08.31 19:05:48.592,6.0206,6.024,1.00,1.00
2009.08.31 19:05:57.031,6.02,6.0237,2.40,1.00
2009.08.31 19:05:57.330,6.0206,6.024,1.00,1.00
2009.08.31 19:05:57.541,6.0203,6.024,1.00,1.00
2009.08.31 19:05:57.770,6.0206,6.024,1.00,1.00
2009.08.31 19:05:59.500,6.0203,6.024,1.00,1.00
2009.08.31 19:06:00.119,6.0206,6.024,1.00,1.00
2009.08.31 19:06:00.809,6.0203,6.024,1.00,1.00
2009.08.31 19:06:01.089,6.0206,6.024,1.00,1.00
2009.08.31 19:06:06.198,6.0206,6.0229,1.00,8.00
2009.08.31 19:06:15.096,6.0206,6.0242,1.00,1.00
2009.08.31 19:06:20.135,6.0206,6.024,1.00,1.00
2009.08.31 19:06:23.784,6.0203,6.024,1.00,1.00
2009.08.31 19:06:24.294,6.0201,6.0239,3.20,1.00
2009.08.31 19:06:24.514,6.0201,6.0239,1.00,1.00
2009.08.31 19:06:35.821,6.0203,6.024,1.00,1.00
2009.08.31 19:06:36.171,6.0206,6.024,1.00,1.00
2009.08.31 19:06:47.218,6.0206,6.0234,1.00,8.00
2009.08.31 19:06:51.178,6.0203,6.0234,1.00,8.00
2009.08.31 19:06:51.408,6.0206,6.0234,1.00,8.00
2009.08.31 19:06:51.588,6.0206,6.0232,1.00,8.00
2009.08.31 19:06:52.467,6.0206,6.0235,1.00,8.00
2009.08.31 19:07:02.125,6.0208,6.0235,1.00,8.00
2009.08.31 19:07:02.615,6.0208,6.0237,1.00,8.00
2009.08.31 19:07:02.905,6.0206,6.0237,1.00,8.00
2009.08.31 19:07:03.475,6.0206,6.0234,1.00,8.00
2009.08.31 19:07:06.144,6.0206,6.024,1.00,1.00
2009.08.31 19:07:18.031,6.0203,6.024,1.00,1.00
2009.08.31 19:07:22.330,6.0201,6.0239,1.00,1.00
2009.08.31 19:07:25.579,6.0199,6.0237,1.00,1.00
2009.08.31 19:07:26.819,6.0201,6.0239,1.00,1.00
2009.08.31 19:07:27.219,6.0199,6.0237,1.00,1.00
2009.08.31 19:07:46.204,6.0199,6.0228,1.00,8.00
2009.08.31 19:07:55.642,6.0203,6.0228,1.00,8.00
2009.08.31 19:07:56.492,6.0203,6.0233,1.00,8.00
2009.08.31 19:07:58.391,6.0206,6.0233,1.00,8.00
2009.08.31 19:07:58.741,6.0206,6.0237,1.00,8.00
2009.08.31 19:07:59.551,6.0206,6.0234,1.00,8.00
2009.08.31 19:08:06.769,6.0206,6.0227,1.00,8.00
2009.08.31 19:08:08.459,6.0201,6.0227,1.00,8.00
2009.08.31 19:08:08.629,6.0201,6.0223,1.00,8.00
2009.08.31 19:08:14.697,6.0201,6.0241,1.00,1.00
2009.08.31 19:08:15.387,6.0203,6.0242,1.00,1.00
2009.08.31 19:08:15.738,6.0201,6.0239,1.00,1.00
2009.08.31 19:08:22.126,6.0201,6.0239,1.00,1.00
2009.08.31 19:08:35.873,6.0199,6.0237,1.00,1.00
2009.08.31 19:08:41.771,6.0201,6.0239,1.00,1.00
2009.08.31 19:08:43.441,6.0199,6.0237,1.00,1.00
2009.08.31 19:09:06.395,6.0199,6.0223,1.00,8.00
2009.08.31 19:09:14.873,6.0199,6.0239,1.00,1.00
2009.08.31 19:09:17.862,6.0203,6.024,1.00,1.00
2009.08.31 19:09:20.042,6.0201,6.0239,1.00,1.00
2009.08.31 19:09:26.800,6.0201,6.0235,1.00,1.00
2009.08.31 19:09:27.690,6.0201,6.0233,1.00,1.00
2009.08.31 19:09:28.600,6.0201,6.0231,1.00,1.00
2009.08.31 19:09:30.829,6.0201,6.023,1.00,1.00
2009.08.31 19:09:37.157,6.0196,6.0225,3.20,1.00
2009.08.31 19:09:37.657,6.0196,6.0225,1.00,1.00
2009.08.31 19:09:46.445,6.0194,6.0223,1.00,1.00
2009.08.31 19:09:50.864,6.0192,6.0221,1.00,1.00
2009.08.31 19:09:51.094,6.0194,6.0223,1.00,1.00
2009.08.31 19:09:52.144,6.0192,6.0221,1.00,1.00
2009.08.31 19:09:55.263,6.019,6.0219,1.00,1.00
2009.08.31 19:09:56.533,6.0194,6.0223,1.00,1.00
2009.08.31 19:10:03.472,6.0192,6.0221,1.00,1.00
2009.08.31 19:10:03.701,6.019,6.0219,1.00,1.00
2009.08.31 19:10:17.148,6.0192,6.0221,1.00,1.00
2009.08.31 19:10:17.498,6.0194,6.0223,1.00,1.00
2009.08.31 19:11:06.696,6.0192,6.0221,1.00,1.00
2009.08.31 19:11:07.676,6.0194,6.0223,1.00,1.00
2009.08.31 19:11:08.905,6.0192,6.0221,1.00,1.00
2009.08.31 19:11:10.715,6.0194,6.0223,1.00,1.00
2009.08.31 19:11:10.895,6.0192,6.0221,1.00,1.00
2009.08.31 19:11:13.515,6.019,6.0219,3.20,1.00
2009.08.31 19:11:37.059,6.0188,6.0217,1.00,1.00
2009.08.31 19:11:41.008,6.0186,6.0215,1.00,1.00
2009.08.31 19:11:56.254,6.0188,6.0217,1.00,1.00
2009.08.31 19:12:07.221,6.019,6.0219,1.00,1.00
2009.08.31 19:12:07.792,6.0194,6.0223,1.00,1.00
2009.08.31 19:12:14.240,6.0192,6.0221,1.00,1.00
2009.08.31 19:12:17.149,6.019,6.0219,3.20,1.00
2009.08.31 19:12:17.879,6.0194,6.0223,1.00,1.00
2009.08.31 19:12:18.579,6.0196,6.0225,1.00,1.00
2009.08.31 19:12:19.779,6.0194,6.0223,3.20,1.00
2009.08.31 19:12:24.047,6.0192,6.0221,1.00,1.00
2009.08.31 19:12:26.767,6.019,6.0219,3.20,1.00
2009.08.31 19:12:28.387,6.0192,6.0221,1.00,1.00
2009.08.31 19:12:36.864,6.019,6.0219,3.20,1.00
2009.08.31 19:12:38.114,6.0192,6.0221,1.00,1.00
2009.08.31 19:12:39.094,6.0194,6.0223,1.00,1.00
2009.08.31 19:12:39.724,6.0196,6.0225,1.00,1.00
2009.08.31 19:12:40.634,6.0199,6.0228,1.00,1.00
2009.08.31 19:12:42.353,6.0201,6.023,1.00,1.00
2009.08.31 19:12:44.253,6.0199,6.0228,1.00,1.00
2009.08.31 19:12:49.271,6.0192,6.0221,1.00,1.00
2009.08.31 19:12:50.941,6.0194,6.0223,1.00,1.00
2009.08.31 19:12:52.661,6.0192,6.0221,1.00,1.00
2009.08.31 19:12:53.001,6.0193,6.0221,2.40,1.00
2009.08.31 19:12:53.300,6.0194,6.0223,1.00,1.00
2009.08.31 19:12:54.150,6.0193,6.0221,2.40,1.00
2009.08.31 19:12:54.430,6.0196,6.0225,1.00,1.00
2009.08.31 19:13:01.278,6.0194,6.0223,3.20,1.00
2009.08.31 19:13:23.553,6.0199,6.0228,1.00,1.00
2009.08.31 19:13:24.913,6.0201,6.023,1.00,1.00
2009.08.31 19:13:41.029,6.0201,6.023,2.40,1.00
2009.08.31 19:13:41.259,6.0207,6.0236,1.00,1.00
2009.08.31 19:13:42.009,6.0205,6.0234,1.00,1.00
2009.08.31 19:13:48.787,6.0207,6.0236,1.00,1.00
2009.08.31 19:13:49.137,6.0205,6.0234,1.00,1.00
2009.08.31 19:13:50.947,6.0207,6.0236,1.00,1.00
2009.08.31 19:13:51.286,6.0205,6.0234,1.00,1.00
2009.08.31 19:13:53.416,6.0209,6.0238,1.00,1.00
2009.08.31 19:13:53.806,6.0207,6.0236,3.20,1.00
2009.08.31 19:13:54.036,6.0209,6.0238,1.00,1.00
2009.08.31 19:13:54.546,6.0207,6.0236,1.00,1.00
2009.08.31 19:13:54.826,6.0211,6.024,1.00,1.00
2009.08.31 19:13:55.515,6.0209,6.0238,1.00,1.00
2009.08.31 19:13:59.155,6.0213,6.024,1.00,1.00
2009.08.31 19:14:01.234,6.0211,6.024,3.20,1.00
2009.08.31 19:14:02.234,6.0209,6.0238,1.00,1.00
2009.08.31 19:14:02.524,6.0213,6.024,1.00,1.00
2009.08.31 19:14:02.804,6.0211,6.024,1.00,1.00
2009.08.31 19:14:04.213,6.0213,6.024,1.00,1.00
2009.08.31 19:14:04.673,6.0211,6.024,3.20,1.00
2009.08.31 19:14:09.312,6.0215,6.024,1.00,1.00
2009.08.31 19:14:10.012,6.0213,6.024,1.00,1.00
2009.08.31 19:14:11.682,6.0215,6.024,1.00,1.00
2009.08.31 19:14:14.101,6.0211,6.024,3.20,1.00
2009.08.31 19:14:19.000,6.0209,6.0238,1.00,1.00
2009.08.31 19:14:19.240,6.0205,6.0234,1.00,1.00
2009.08.31 19:14:19.470,6.0209,6.0238,1.00,1.00
2009.08.31 19:14:19.630,6.0213,6.024,1.00,1.00
2009.08.31 19:14:19.870,6.0211,6.024,1.00,1.00
2009.08.31 19:14:21.799,6.0213,6.024,1.00,1.00
2009.08.31 19:14:23.459,6.0211,6.024,1.00,1.00
2009.08.31 19:14:40.095,6.0215,6.024,1.00,1.00
2009.08.31 19:14:40.275,6.0211,6.024,3.20,1.00
2009.08.31 19:14:44.144,6.0209,6.0238,1.00,1.00
2009.08.31 19:14:45.943,6.021,6.0238,2.40,1.00
2009.08.31 19:14:46.174,6.0212,6.024,1.00,1.00
2009.08.31 19:14:47.653,6.021,6.0239,1.00,1.00
2009.08.31 19:15:00.996,6.01682,6.02338,4.00,2.40
2009.08.31 19:15:06.214,6.01588,6.02283,4.00,2.40
2009.08.31 19:15:06.554,6.01496,6.02201,4.00,6.40
2009.08.31 19:15:06.734,6.01451,6.02141,4.00,2.40
2009.08.31 19:15:06.794,6.01457,6.02142,4.00,4.00
2009.08.31 19:15:19.861,6.01413,6.02238,4.00,2.40
2009.08.31 19:15:19.921,6.0145,6.0224,4.00,2.40
2009.08.31 19:15:20.320,6.01502,6.02187,4.00,4.00
2009.08.31 19:15:20.431,6.01501,6.02196,4.00,2.40
2009.08.31 19:15:20.841,6.015,6.02245,4.00,2.40
2009.08.31 19:15:28.509,6.01495,6.02195,4.00,4.00
2009.08.31 19:15:28.859,6.01412,6.02052,4.00,6.40
2009.08.31 19:15:29.729,6.01233,6.02053,4.00,6.40
2009.08.31 19:15:29.948,6.0131,6.02015,4.00,2.40
2009.08.31 19:15:30.168,6.01291,6.02096,4.00,2.40
2009.08.31 19:15:34.548,6.01374,6.02059,4.00,4.00
2009.08.31 19:15:35.187,6.01342,6.02167,4.00,4.00
2009.08.31 19:15:35.477,6.0146,6.0216,4.00,4.00
2009.08.31 19:15:35.747,6.01525,6.02185,4.00,2.40
2009.08.31 19:15:38.536,6.01535,6.02215,4.00,2.40
2009.08.31 19:15:41.056,6.01565,6.02235,4.00,2.40
2009.08.31 19:15:41.386,6.01553,6.02358,4.00,6.40
2009.08.31 19:15:43.825,6.0154,6.02364,4.00,4.00
2009.08.31 19:15:44.165,6.01541,6.02221,4.00,4.00
2009.08.31 19:15:45.515,6.01474,6.02294,4.00,2.40
2009.08.31 19:15:46.195,6.01601,6.02261,4.00,2.40
2009.08.31 19:15:48.364,6.01614,6.02299,4.00,4.00
2009.08.31 19:15:49.094,6.01626,6.02291,4.00,6.40
2009.08.31 19:15:50.434,6.01598,6.02293,4.00,2.40
2009.08.31 19:15:50.714,6.0152,6.02345,4.00,4.00
2009.08.31 19:15:51.014,6.01585,6.0226,4.00,2.40
2009.08.31 19:15:51.303,6.01448,6.02273,4.00,2.40
2009.08.31 19:15:51.543,6.01394,6.02069,4.00,2.40
2009.08.31 19:15:51.823,6.01292,6.01977,4.00,4.00
2009.08.31 19:16:04.005,6.021,6.0236,2.40,1.00
2009.08.31 19:16:04.235,6.0207,6.0236,1.00,1.00
2009.08.31 19:16:04.465,6.0206,6.0234,2.40,1.00
2009.08.31 19:16:04.644,6.0205,6.0234,1.00,1.00
2009.08.31 19:16:06.214,6.0207,6.0236,1.00,1.00
2009.08.31 19:16:07.424,6.0212,6.024,1.00,1.00
2009.08.31 19:16:07.714,6.0214,6.024,1.00,1.00
2009.08.31 19:16:08.933,6.0212,6.024,1.00,1.00
2009.08.31 19:16:10.663,6.021,6.024,1.00,1.00
2009.08.31 19:16:10.833,6.021,6.0239,1.00,1.00
2009.08.31 19:16:12.023,6.0207,6.0236,1.00,1.00
2009.08.31 19:16:14.962,6.021,6.0239,1.00,1.00
2009.08.31 19:16:28.199,6.0207,6.0236,3.20,1.00
2009.08.31 19:16:28.649,6.021,6.0239,1.00,1.00
2009.08.31 19:16:35.747,6.0207,6.0236,1.00,1.00
2009.08.31 19:16:39.556,6.0205,6.0234,1.00,1.00
2009.08.31 19:16:45.554,6.0207,6.0236,1.00,1.00
2009.08.31 19:16:47.324,6.0205,6.0234,1.00,1.00
2009.08.31 19:16:49.863,6.0207,6.0236,1.00,1.00
2009.08.31 19:16:53.213,6.021,6.0239,1.00,1.00
2009.08.31 19:17:13.108,6.0212,6.024,1.00,1.00
2009.08.31 19:17:15.817,6.021,6.0239,3.20,1.00
2009.08.31 19:17:16.047,6.021,6.0239,1.00,1.00
2009.08.31 19:17:16.487,6.0212,6.024,1.00,1.00
2009.08.31 19:17:17.807,6.0214,6.024,1.00,1.00
2009.08.31 19:17:19.407,6.0212,6.024,1.00,1.00
2009.08.31 19:17:27.594,6.0214,6.024,1.00,1.00
2009.08.31 19:17:34.433,6.0212,6.024,1.00,1.00
2009.08.31 19:17:34.673,6.0214,6.024,1.00,1.00
2009.08.31 19:17:37.882,6.0212,6.024,1.00,1.00
2009.08.31 19:17:41.031,6.021,6.024,1.00,1.00
2009.08.31 19:17:51.759,6.0212,6.024,1.00,1.00
2009.08.31 19:18:02.676,6.021,6.024,1.00,1.00
2009.08.31 19:18:09.934,6.0212,6.024,1.00,1.00
2009.08.31 19:18:26.810,6.0212,6.0228,1.00,8.00
2009.08.31 19:18:30.409,6.0217,6.0226,1.00,8.00
2009.08.31 19:18:30.639,6.0217,6.0231,1.00,8.00
2009.08.31 19:18:33.898,6.0214,6.0231,1.00,8.00
2009.08.31 19:18:34.618,6.0214,6.0228,1.00,8.00
2009.08.31 19:18:35.878,6.0212,6.0228,1.00,8.00
2009.08.31 19:18:36.238,6.0214,6.0228,1.00,8.00
2009.08.31 19:18:37.278,6.0212,6.0228,1.00,8.00
2009.08.31 19:18:37.558,6.0212,6.0226,1.00,8.00
2009.08.31 19:18:42.746,6.0212,6.0227,1.00,8.00
2009.08.31 19:18:46.825,6.0212,6.0242,1.00,1.00
2009.08.31 19:18:47.965,6.0208,6.024,1.00,1.00
2009.08.31 19:18:48.635,6.0206,6.024,1.00,1.00
2009.08.31 19:18:55.443,6.0204,6.024,1.00,1.00
2009.08.31 19:18:56.513,6.0206,6.024,1.00,1.00
2009.08.31 19:18:56.793,6.0208,6.024,1.00,1.00
2009.08.31 19:19:06.221,6.021,6.024,1.00,1.00
2009.08.31 19:19:06.510,6.0196,6.024,3.20,1.00
2009.08.31 19:19:06.781,6.0206,6.024,1.00,1.00
2009.08.31 19:19:07.410,6.0204,6.024,1.00,1.00
2009.08.31 19:19:07.750,6.0206,6.024,1.00,1.00
2009.08.31 19:19:08.800,6.0206,6.024,1.00,1.00
2009.08.31 19:19:13.069,6.0208,6.024,1.00,1.00
2009.08.31 19:19:33.814,6.0206,6.024,1.00,1.00
2009.08.31 19:19:34.104,6.0208,6.024,1.00,1.00
2009.08.31 19:19:44.601,6.021,6.024,1.00,1.00
2009.08.31 19:19:47.761,6.0212,6.024,1.00,1.00
2009.08.31 19:19:48.001,6.021,6.024,1.00,1.00
2009.08.31 19:19:50.080,6.0214,6.024,1.00,1.00
2009.08.31 19:19:55.669,6.0212,6.024,1.00,1.00
2009.08.31 19:19:55.959,6.021,6.024,1.00,1.00
2009.08.31 19:19:57.458,6.0212,6.024,1.00,1.00
2009.08.31 19:19:59.158,6.021,6.024,1.00,1.00
2009.08.31 19:19:59.718,6.0212,6.024,1.00,1.00
2009.08.31 19:20:02.337,6.021,6.024,1.00,1.00
2009.08.31 19:20:02.677,6.0212,6.024,1.00,1.00
2009.08.31 19:20:06.036,6.0214,6.024,1.00,1.00
2009.08.31 19:20:06.137,6.0217,6.024,1.00,1.00
2009.08.31 19:20:06.536,6.0214,6.024,1.00,1.00
2009.08.31 19:20:11.295,6.021,6.024,1.00,1.00
2009.08.31 19:20:11.525,6.0212,6.024,1.00,1.00
2009.08.31 19:20:15.384,6.02,6.024,3.20,1.00
2009.08.31 19:20:15.724,6.0212,6.024,1.00,1.00
2009.08.31 19:20:29.691,6.0212,6.024,1.00,1.00
2009.08.31 19:20:29.931,6.02025,6.024,2.40,1.00
2009.08.31 19:20:30.171,6.0212,6.024,1.00,1.00
2009.08.31 19:20:38.438,6.0212,6.024,1.00,1.00
2009.08.31 19:20:38.788,6.0214,6.024,1.00,1.00
2009.08.31 19:20:49.386,6.02,6.024,3.20,1.00
2009.08.31 19:20:49.666,6.0208,6.024,1.00,1.00
2009.08.31 19:20:50.305,6.0196,6.024,3.20,1.00
2009.08.31 19:20:50.666,6.0206,6.024,1.00,1.00
2009.08.31 19:20:55.124,6.0206,6.024,1.00,1.00
2009.08.31 19:20:55.654,6.0206,6.024,1.00,1.00
2009.08.31 19:20:56.934,6.0206,6.0239,1.00,1.00
2009.08.31 19:21:10.711,6.0206,6.0238,1.00,1.00
2009.08.31 19:21:17.079,6.0203,6.0235,1.00,1.00
2009.08.31 19:21:31.576,6.0187,6.0231,3.20,1.00
2009.08.31 19:21:31.916,6.0201,6.0235,1.00,1.00
2009.08.31 19:21:32.596,6.0204,6.0238,1.00,1.00
2009.08.31 19:21:34.855,6.0203,6.0235,1.00,1.00
2009.08.31 19:21:35.775,6.0201,6.0233,1.00,1.00
2009.08.31 19:21:42.423,6.0203,6.0235,1.00,1.00
2009.08.31 19:21:50.671,6.0203,6.0235,2.40,1.00
2009.08.31 19:21:50.841,6.0208,6.024,1.00,1.00
2009.08.31 19:21:51.131,6.0206,6.0238,1.00,1.00
2009.08.31 19:22:01.858,6.0208,6.024,1.00,1.00
2009.08.31 19:22:05.538,6.0212,6.024,1.00,1.00
2009.08.31 19:22:05.837,6.021,6.024,1.00,1.00
2009.08.31 19:22:11.506,6.0208,6.024,1.00,1.00
2009.08.31 19:22:14.066,6.0208,6.024,3.20,1.00
2009.08.31 19:22:14.125,6.0212,6.024,1.00,1.00
2009.08.31 19:22:17.745,6.0214,6.024,1.00,1.00
2009.08.31 19:22:20.224,6.0212,6.024,1.00,1.00
2009.08.31 19:22:32.791,6.0214,6.024,1.00,1.00
2009.08.31 19:22:35.750,6.0212,6.024,1.00,1.00
2009.08.31 19:22:40.529,6.021,6.024,1.00,1.00
2009.08.31 19:22:42.759,6.0208,6.024,1.00,1.00
2009.08.31 19:22:45.078,6.021,6.024,1.00,1.00
2009.08.31 19:22:55.966,6.0208,6.024,1.00,1.00
2009.08.31 19:23:00.964,6.0214,6.024,1.00,1.00
2009.08.31 19:23:18.130,6.0216,6.024,1.00,1.00
2009.08.31 19:23:18.420,6.022,6.024,1.00,1.00
2009.08.31 19:23:18.780,6.0217,6.024,2.40,1.00
2009.08.31 19:23:19.110,6.0218,6.024,1.00,1.00
2009.08.31 19:23:23.869,6.0216,6.024,1.00,1.00
2009.08.31 19:23:29.837,6.0218,6.024,1.00,1.00
2009.08.31 19:23:30.007,6.022,6.024,1.00,1.00
2009.08.31 19:23:35.046,6.0222,6.024,1.00,1.00
2009.08.31 19:23:40.195,6.022,6.024,1.00,1.00
2009.08.31 19:23:40.895,6.0222,6.024,1.00,1.00
2009.08.31 19:23:44.884,6.022,6.024,1.00,1.00
2009.08.31 19:23:49.992,6.0222,6.024,1.00,1.00
2009.08.31 19:24:11.307,6.022,6.024,1.00,1.00
2009.08.31 19:24:16.596,6.0222,6.024,1.00,1.00
2009.08.31 19:24:22.135,6.0227,6.024,1.00,1.00
2009.08.31 19:24:31.473,6.0229,6.024,1.00,1.00
2009.08.31 19:24:40.230,6.0227,6.024,1.00,1.00
2009.08.31 19:24:49.428,6.0224,6.024,1.00,1.00
2009.08.31 19:24:56.277,6.0227,6.024,1.00,1.00
2009.08.31 19:25:05.104,6.0229,6.024,1.00,1.00
2009.08.31 19:25:06.564,6.0227,6.024,1.00,1.00
2009.08.31 19:25:08.254,6.0229,6.024,1.00,1.00
2009.08.31 19:25:18.641,6.0233,6.024,1.00,1.00
2009.08.31 19:25:19.341,6.0231,6.024,1.00,1.00
2009.08.31 19:25:22.870,6.0233,6.024,1.00,1.00
2009.08.31 19:25:23.210,6.0237,6.024,1.00,1.00
2009.08.31 19:25:23.900,6.0237,6.0273,1.00,1.00
2009.08.31 19:25:26.190,6.0235,6.0267,1.00,1.00
2009.08.31 19:25:31.308,6.0233,6.0265,1.00,1.00
2009.08.31 19:25:33.198,6.0235,6.0267,1.00,1.00
2009.08.31 19:25:33.897,6.0233,6.0265,1.00,1.00
2009.08.31 19:25:34.247,6.0235,6.0267,1.00,1.00
2009.08.31 19:25:34.927,6.0237,6.0269,1.00,1.00
2009.08.31 19:25:42.985,6.0235,6.0267,1.00,1.00
2009.08.31 19:25:47.054,6.0233,6.0265,1.00,1.00
2009.08.31 19:25:50.553,6.023,6.0257,2.40,1.60
2009.08.31 19:25:50.903,6.0228,6.0257,2.40,1.60
2009.08.31 19:25:51.363,6.0228,6.02565,2.40,1.60
2009.08.31 19:25:52.453,6.02145,6.0253,2.40,1.00
2009.08.31 19:25:52.813,6.0222,6.0253,1.00,1.00
2009.08.31 19:25:53.903,6.0224,6.025,1.00,1.00
2009.08.31 19:25:54.942,6.0224,6.0248,1.00,1.00
2009.08.31 19:25:55.303,6.0222,6.0246,3.20,1.00
2009.08.31 19:25:55.652,6.0222,6.0246,1.00,1.00
2009.08.31 19:25:55.992,6.0222,6.0245,1.00,1.00
2009.08.31 19:25:56.802,6.022,6.0242,1.00,1.00
2009.08.31 19:25:57.082,6.0221,6.0241,1.00,1.00
2009.08.31 19:25:57.502,6.022,6.0242,1.00,1.00
2009.08.31 19:25:57.902,6.0222,6.0244,1.00,1.00
2009.08.31 19:26:00.971,6.0224,6.0246,1.00,1.00
2009.08.31 19:26:01.301,6.0222,6.0244,1.00,1.00
2009.08.31 19:26:06.860,6.0224,6.0246,1.00,1.00
2009.08.31 19:26:08.599,6.0228,6.0252,1.00,1.00
2009.08.31 19:26:08.929,6.0226,6.025,1.00,1.00
2009.08.31 19:26:10.179,6.0225,6.0248,1.00,1.00
2009.08.31 19:26:10.828,6.0226,6.0248,1.00,1.00
2009.08.31 19:26:13.938,6.0228,6.025,1.00,1.00
2009.08.31 19:26:16.987,6.0226,6.0248,1.00,1.00
2009.08.31 19:26:18.157,6.0224,6.0246,1.00,1.00
2009.08.31 19:26:18.447,6.023,6.0252,1.00,1.00
2009.08.31 19:26:18.737,6.0226,6.0248,1.00,1.00
2009.08.31 19:26:23.966,6.0224,6.0246,1.00,1.00
2009.08.31 19:26:24.266,6.0221,6.0243,1.00,1.00
2009.08.31 19:26:27.575,6.0224,6.0246,1.00,1.00
2009.08.31 19:26:35.163,6.0219,6.0241,1.00,1.00
2009.08.31 19:26:46.200,6.0217,6.0239,1.00,1.00
2009.08.31 19:26:55.478,6.0213,6.0235,1.00,1.00
2009.08.31 19:26:56.158,6.0215,6.0237,1.00,1.00
2009.08.31 19:26:56.838,6.0213,6.0235,1.00,1.00
2009.08.31 19:26:57.237,6.0215,6.0237,1.00,1.00
2009.08.31 19:26:57.597,6.0217,6.0239,1.00,1.00
2009.08.31 19:27:00.017,6.0213,6.0235,1.00,1.00
2009.08.31 19:27:04.046,6.0217,6.0239,1.00,1.00
2009.08.31 19:27:04.626,6.0215,6.0237,1.00,1.00
2009.08.31 19:27:05.675,6.0217,6.0239,1.00,1.00
2009.08.31 19:27:09.745,6.0219,6.0241,1.00,1.00
2009.08.31 19:27:15.523,6.0221,6.0243,1.00,1.00
2009.08.31 19:27:15.863,6.0219,6.0241,1.00,1.00
2009.08.31 19:27:17.422,6.0221,6.0243,1.00,1.00
2009.08.31 19:27:23.491,6.0224,6.0246,1.00,1.00
2009.08.31 19:27:28.340,6.0221,6.0243,1.00,1.00
2009.08.31 19:27:33.839,6.0219,6.0241,1.00,1.00
2009.08.31 19:27:34.188,6.0221,6.0243,1.00,1.00
2009.08.31 19:27:39.527,6.0224,6.0246,1.00,1.00
2009.08.31 19:27:39.767,6.0226,6.0248,1.00,1.00
2009.08.31 19:27:44.846,6.0228,6.025,1.00,1.00
2009.08.31 19:27:45.536,6.0226,6.0248,1.00,1.00
2009.08.31 19:27:46.626,6.0228,6.025,1.00,1.00
2009.08.31 19:27:47.146,6.023,6.025,1.00,1.00
2009.08.31 19:27:52.394,6.0228,6.025,1.00,1.00
2009.08.31 19:27:53.344,6.0226,6.0248,1.00,1.00
2009.08.31 19:27:54.084,6.0226,6.025,1.00,1.00
2009.08.31 19:27:55.523,6.0231,6.025,1.00,1.00
2009.08.31 19:28:03.182,6.0229,6.025,1.00,1.00
2009.08.31 19:28:03.582,6.0226,6.025,1.00,1.00
2009.08.31 19:28:04.971,6.0229,6.025,1.00,1.00
2009.08.31 19:28:08.860,6.0226,6.025,1.00,1.00
2009.08.31 19:28:09.430,6.0231,6.025,1.00,1.00
2009.08.31 19:28:10.390,6.0226,6.025,1.00,1.00
2009.08.31 19:28:11.530,6.0229,6.025,1.00,1.00
2009.08.31 19:28:13.559,6.0226,6.025,1.00,1.00
2009.08.31 19:28:16.888,6.0231,6.025,1.00,1.00
2009.08.31 19:28:17.008,6.0226,6.025,1.00,1.00
2009.08.31 19:28:17.888,6.0229,6.025,1.00,1.00
2009.08.31 19:28:19.208,6.0226,6.025,1.00,1.00
2009.08.31 19:28:24.486,6.0229,6.025,1.00,1.00
2009.08.31 19:28:26.626,6.0229,6.0243,1.00,8.00
2009.08.31 19:28:37.783,6.0231,6.0243,1.00,8.00
2009.08.31 19:28:38.113,6.0226,6.0243,1.00,8.00
2009.08.31 19:28:38.523,6.0226,6.024,1.00,8.00
2009.08.31 19:28:42.692,6.0231,6.024,1.00,8.00
2009.08.31 19:28:43.742,6.0229,6.0243,1.00,8.00
2009.08.31 19:28:44.722,6.0229,6.025,1.00,1.00
2009.08.31 19:28:46.072,6.0226,6.025,1.00,1.00
2009.08.31 19:28:46.771,6.0229,6.025,1.00,1.00
2009.08.31 19:28:47.771,6.0226,6.025,1.00,1.00
2009.08.31 19:28:51.020,6.0229,6.025,1.00,1.00
2009.08.31 19:28:56.809,6.0226,6.025,1.00,1.00
2009.08.31 19:29:01.768,6.0229,6.025,1.00,1.00
2009.08.31 19:29:10.255,6.0226,6.025,1.00,1.00
2009.08.31 19:29:11.915,6.0229,6.025,1.00,1.00
2009.08.31 19:29:31.520,6.0227,6.025,1.00,1.00
2009.08.31 19:29:35.460,6.0222,6.025,1.00,1.00
2009.08.31 19:29:38.659,6.0227,6.025,1.00,1.00
2009.08.31 19:29:44.867,6.0227,6.025,8.80,1.00
2009.08.31 19:29:52.585,6.0227,6.025,8.00,1.00
2009.08.31 19:29:59.763,6.0225,6.025,8.00,1.00
2009.08.31 19:30:03.473,6.0225,6.025,8.80,1.00
2009.08.31 19:30:04.092,6.0225,6.025,8.00,1.00
2009.08.31 19:30:06.882,6.0222,6.025,1.00,8.10
2009.08.31 19:30:09.971,6.0213,6.025,2.40,8.10
2009.08.31 19:30:10.191,6.0223,6.025,1.00,8.10
2009.08.31 19:30:10.701,6.0223,6.025,1.00,1.00
2009.08.31 19:30:11.581,6.0222,6.025,1.00,1.00
2009.08.31 19:30:12.620,6.0222,6.025,1.00,8.10
2009.08.31 19:30:16.610,6.0225,6.025,1.00,8.10
2009.08.31 19:30:16.960,6.021,6.025,1.40,8.10
2009.08.31 19:30:24.807,6.0221,6.025,1.00,8.10
2009.08.31 19:30:25.917,6.0223,6.025,1.00,1.00
2009.08.31 19:30:29.926,6.0227,6.025,1.00,1.00
2009.08.31 19:30:31.376,6.0225,6.025,1.00,1.00
2009.08.31 19:30:33.575,6.0223,6.025,1.00,1.00
2009.08.31 19:30:45.582,6.0225,6.025,1.00,1.00
2009.08.31 19:30:46.912,6.0228,6.025,8.00,1.00
2009.08.31 19:30:55.860,6.0225,6.025,1.00,1.00
2009.08.31 19:31:02.968,6.0223,6.025,1.00,1.00
2009.08.31 19:31:05.498,6.0225,6.025,1.00,1.00
2009.08.31 19:31:06.078,6.0223,6.025,1.00,1.00
2009.08.31 19:31:07.007,6.0223,6.0243,1.00,8.00
2009.08.31 19:31:09.737,6.0225,6.0243,1.00,8.00
2009.08.31 19:31:10.186,6.0223,6.0243,1.00,8.00
2009.08.31 19:31:10.356,6.0225,6.0243,1.00,8.00
2009.08.31 19:31:10.586,6.0223,6.0246,1.00,8.00
2009.08.31 19:31:11.806,6.0223,6.0243,1.00,8.00
2009.08.31 19:31:16.625,6.0225,6.0243,1.00,8.00
2009.08.31 19:31:17.475,6.0225,6.0246,1.00,8.00
2009.08.31 19:31:26.053,6.0223,6.0246,1.00,8.00
2009.08.31 19:31:26.742,6.0223,6.0243,1.00,8.00
2009.08.31 19:31:27.132,6.0223,6.025,1.00,1.00
2009.08.31 19:31:39.290,6.0219,6.025,8.00,1.00
2009.08.31 19:31:39.639,6.0218,6.025,1.00,1.00
2009.08.31 19:31:40.029,6.0221,6.025,1.00,1.00
2009.08.31 19:31:40.590,6.0218,6.025,1.00,1.00
2009.08.31 19:31:41.799,6.0223,6.025,1.00,1.00
2009.08.31 19:31:42.159,6.0221,6.025,1.00,1.00
2009.08.31 19:31:44.798,6.0218,6.025,1.00,1.00
2009.08.31 19:31:45.598,6.0221,6.025,1.00,1.00
2009.08.31 19:31:45.948,6.0206,6.025,4.80,1.00
2009.08.31 19:31:46.298,6.0206,6.025,12.80,1.00
2009.08.31 19:31:46.988,6.0208,6.0241,4.80,8.00
2009.08.31 19:31:54.556,6.0208,6.0239,4.00,8.00
2009.08.31 19:31:54.856,6.0216,6.0239,1.00,8.00
2009.08.31 19:31:55.796,6.0218,6.0237,1.00,8.00
2009.08.31 19:31:56.475,6.0218,6.024,1.00,8.00
2009.08.31 19:31:57.545,6.0216,6.024,1.00,8.00
2009.08.31 19:31:58.535,6.0216,6.0237,1.00,8.00
2009.08.31 19:32:00.544,6.0218,6.0237,1.00,8.00
2009.08.31 19:32:01.664,6.0214,6.024,1.00,8.00
2009.08.31 19:32:02.224,6.0216,6.024,1.00,8.00
2009.08.31 19:32:02.694,6.0216,6.0237,1.00,8.00
2009.08.31 19:32:03.904,6.0218,6.0237,1.00,8.00
2009.08.31 19:32:04.883,6.0218,6.024,1.00,8.00
2009.08.31 19:32:12.682,6.0221,6.024,1.00,8.00
2009.08.31 19:32:13.771,6.0221,6.0242,1.00,8.00
2009.08.31 19:32:14.721,6.0223,6.0242,1.00,8.00
2009.08.31 19:32:15.411,6.0221,6.0242,1.00,8.00
2009.08.31 19:32:17.860,6.0218,6.0242,1.00,8.00
2009.08.31 19:32:18.560,6.0218,6.0239,1.00,8.00
2009.08.31 19:32:20.610,6.0216,6.0239,1.00,8.00
2009.08.31 19:32:21.569,6.0216,6.0237,1.00,8.00
2009.08.31 19:32:27.078,6.0216,6.0252,1.00,1.00
2009.08.31 19:32:29.568,6.0218,6.025,1.00,1.00
2009.08.31 19:32:44.804,6.0218,6.025,8.80,1.00
2009.08.31 19:32:46.183,6.0218,6.0241,1.00,8.00
2009.08.31 19:32:55.422,6.0223,6.0239,1.00,8.00
2009.08.31 19:32:55.761,6.0223,6.0244,1.00,8.00
2009.08.31 19:32:59.040,6.0221,6.0244,1.00,8.00
2009.08.31 19:32:59.660,6.0206,6.0239,4.80,8.00
2009.08.31 19:33:05.559,6.0217,6.0239,1.20,8.00
2009.08.31 19:33:05.729,6.0219,6.0239,1.00,8.00
2009.08.31 19:33:06.409,6.0219,6.0252,1.00,1.00
2009.08.31 19:33:16.046,6.0223,6.025,1.00,1.00
2009.08.31 19:33:16.966,6.022,6.025,8.00,1.00
2009.08.31 19:33:17.536,6.0218,6.025,1.00,1.00
2009.08.31 19:33:45.379,6.0218,6.025,8.80,1.00
2009.08.31 19:33:46.309,6.0218,6.0246,1.00,8.00
2009.08.31 19:33:53.777,6.0221,6.0246,1.00,8.00
2009.08.31 19:33:54.517,6.0221,6.0249,1.00,8.00
2009.08.31 19:33:56.047,6.0223,6.0249,1.00,8.00
2009.08.31 19:33:56.397,6.0221,6.0249,1.00,8.00
2009.08.31 19:33:56.756,6.0221,6.025,1.00,1.00
2009.08.31 19:33:57.526,6.0221,6.0248,1.00,8.00
2009.08.31 19:34:02.875,6.0218,6.0248,1.00,8.00
2009.08.31 19:34:03.625,6.0218,6.0246,1.00,8.00
2009.08.31 19:34:05.984,6.0221,6.0246,1.00,8.00
2009.08.31 19:34:06.214,6.0207,6.0246,4.00,8.00
2009.08.31 19:34:06.444,6.0207,6.025,4.00,1.00
2009.08.31 19:34:08.674,6.0219,6.025,1.00,1.00
2009.08.31 19:34:10.893,6.0218,6.025,1.00,1.00
2009.08.31 19:34:14.502,6.0221,6.025,1.00,1.00
2009.08.31 19:34:30.248,6.0223,6.025,1.00,1.00
2009.08.31 19:34:30.708,6.0221,6.025,1.00,1.00
2009.08.31 19:34:38.536,6.0209,6.025,3.20,1.00
2009.08.31 19:34:38.826,6.0221,6.025,1.00,1.00
2009.08.31 19:35:26.145,6.0223,6.0243,1.00,8.00
2009.08.31 19:36:12.084,6.02075,6.0243,4.00,8.00
2009.08.31 19:36:12.374,6.0216,6.0243,1.00,8.00
2009.08.31 19:36:12.664,6.0216,6.0239,1.00,8.00
2009.08.31 19:36:13.983,6.0221,6.0239,1.00,8.00
2009.08.31 19:36:14.723,6.0221,6.0242,1.00,8.00
2009.08.31 19:36:15.753,6.0221,6.025,1.00,1.00
2009.08.31 19:36:25.930,6.0218,6.025,8.80,1.00
2009.08.31 19:36:26.910,6.0218,6.025,1.00,1.00
2009.08.31 19:36:44.716,6.0218,6.025,8.80,1.00
2009.08.31 19:36:46.776,6.0218,6.0246,1.00,8.00
2009.08.31 19:36:58.843,6.0221,6.0249,1.00,8.00
2009.08.31 19:37:05.351,6.0218,6.0249,1.00,8.00
2009.08.31 19:37:05.701,6.0218,6.0246,1.00,8.00
2009.08.31 19:37:06.821,6.0218,6.0229,1.00,8.00
2009.08.31 19:37:09.520,6.0204,6.0225,4.80,8.00
2009.08.31 19:37:09.920,6.0214,6.0225,1.00,8.00
2009.08.31 19:37:10.620,6.0214,6.0223,1.00,8.00
2009.08.31 19:37:11.959,6.0218,6.0223,1.00,8.00
2009.08.31 19:37:12.699,6.0218,6.0226,1.00,8.00
2009.08.31 19:37:13.220,6.0204,6.0226,4.80,8.00
2009.08.31 19:37:13.340,6.0214,6.0226,1.00,8.00
2009.08.31 19:37:13.799,6.0216,6.0223,1.00,8.00
2009.08.31 19:37:14.739,6.0218,6.0226,1.00,8.00
2009.08.31 19:37:15.659,6.0216,6.0226,1.00,8.00
2009.08.31 19:37:15.999,6.0202,6.0226,4.80,8.00
2009.08.31 19:37:16.579,6.0202,6.0221,4.80,8.00
2009.08.31 19:37:20.857,6.0212,6.0221,1.00,8.00
2009.08.31 19:37:23.817,6.0216,6.0221,1.00,8.00
2009.08.31 19:37:24.487,6.0216,6.0224,1.00,8.00
2009.08.31 19:37:26.836,6.0216,6.024,1.00,8.00
2009.08.31 19:37:29.365,6.0214,6.0238,1.00,8.00
2009.08.31 19:37:29.655,6.0216,6.0235,1.00,8.00
2009.08.31 19:37:30.685,6.0216,6.0238,1.00,8.00
2009.08.31 19:37:32.525,6.0218,6.0238,1.00,8.00
2009.08.31 19:37:33.504,6.0218,6.024,1.00,8.00
2009.08.31 19:37:44.772,6.0216,6.0252,1.00,1.00
2009.08.31 19:37:50.031,6.0215,6.025,8.00,1.00
2009.08.31 19:37:50.810,6.0214,6.025,1.00,1.00
2009.08.31 19:38:57.294,6.0216,6.025,1.00,1.00
2009.08.31 19:39:06.292,6.0216,6.0239,1.00,8.00
2009.08.31 19:39:14.970,6.0216,6.0252,1.00,1.00
2009.08.31 19:39:44.473,6.0223,6.025,1.00,1.00
2009.08.31 19:39:45.803,6.0221,6.025,1.00,1.00
2009.08.31 19:39:48.062,6.0223,6.025,1.00,1.00
2009.08.31 19:39:49.972,6.0221,6.025,1.00,1.00
2009.08.31 19:40:00.949,6.0218,6.025,1.00,1.00
2009.08.31 19:40:01.179,6.0216,6.025,8.80,1.00
2009.08.31 19:40:01.529,6.0204,6.025,4.80,1.00
2009.08.31 19:40:07.067,6.0206,6.0244,4.80,8.00
2009.08.31 19:40:08.027,6.0216,6.0244,1.00,8.00
2009.08.31 19:40:08.537,6.0216,6.0247,1.00,8.00
2009.08.31 19:40:08.867,6.0219,6.0247,1.00,8.00
2009.08.31 19:40:09.147,6.0223,6.0247,1.00,8.00
2009.08.31 19:40:09.827,6.0221,6.025,1.00,1.00
2009.08.31 19:40:10.546,6.0221,6.0248,1.00,8.00
2009.08.31 19:40:14.456,6.0222,6.025,8.00,1.00
2009.08.31 19:40:20.909,6.0223,6.025,1.00,1.00
2009.08.31 19:40:21.874,6.0224,6.025,8.00,1.00
2009.08.31 19:40:22.214,6.0227,6.025,1.00,1.00
2009.08.31 19:40:22.574,6.0225,6.025,1.00,1.00
2009.08.31 19:40:23.883,6.0227,6.025,8.00,1.00
2009.08.31 19:40:25.803,6.0227,6.025,8.80,1.00
2009.08.31 19:40:26.243,6.0227,6.025,8.00,1.00
2009.08.31 19:40:27.352,6.0225,6.025,1.00,1.00
2009.08.31 19:40:28.142,6.0223,6.025,1.00,1.00
2009.08.31 19:40:45.278,6.0223,6.025,8.80,1.00
2009.08.31 19:40:46.308,6.0223,6.0243,1.00,8.00
2009.08.31 19:40:50.517,6.0223,6.0246,1.00,8.00
2009.08.31 19:40:50.867,6.0225,6.0246,1.00,8.00
2009.08.31 19:40:51.207,6.0227,6.0246,1.00,8.00
2009.08.31 19:40:51.617,6.0225,6.0248,1.00,8.00
2009.08.31 19:40:52.537,6.0225,6.0245,1.00,8.00
2009.08.31 19:40:58.125,6.0227,6.0245,1.00,8.00
2009.08.31 19:40:58.355,6.0225,6.0245,1.00,8.00
2009.08.31 19:41:01.404,6.0221,6.0245,1.00,8.00
2009.08.31 19:41:01.754,6.0221,6.0243,1.00,8.00
2009.08.31 19:41:02.654,6.0221,6.0241,1.00,8.00
2009.08.31 19:41:06.183,6.0221,6.0249,1.00,8.00
2009.08.31 19:41:08.772,6.0221,6.0249,1.20,8.00
2009.08.31 19:41:09.132,6.0223,6.0249,1.00,8.00
2009.08.31 19:41:09.543,6.0225,6.0249,1.00,8.00
2009.08.31 19:41:09.843,6.0225,6.025,1.00,1.00
2009.08.31 19:41:13.302,6.0223,6.025,1.00,1.00
2009.08.31 19:41:14.211,6.0225,6.025,1.00,1.00
2009.08.31 19:41:14.561,6.0223,6.025,1.00,1.00
2009.08.31 19:41:14.851,6.0223,6.025,1.00,8.10
2009.08.31 19:41:15.531,6.0223,6.025,1.00,1.00
2009.08.31 19:41:18.980,6.0225,6.025,1.00,1.00
2009.08.31 19:41:22.769,6.0223,6.025,1.00,1.00
2009.08.31 19:41:23.879,6.0221,6.025,1.00,1.00
2009.08.31 19:42:00.960,6.0206,6.025,1.40,1.00
2009.08.31 19:42:14.527,6.0216,6.025,8.80,1.00
2009.08.31 19:42:21.825,6.0218,6.025,8.00,1.00
2009.08.31 19:42:22.585,6.0216,6.025,1.00,1.00
2009.08.31 19:42:46.129,6.0216,6.0239,1.00,8.00
2009.08.31 19:42:55.367,6.0214,6.0237,1.00,8.00
2009.08.31 19:42:55.717,6.0214,6.0235,1.00,8.00
2009.08.31 19:42:57.506,6.0212,6.0235,1.00,8.00
2009.08.31 19:42:57.866,6.021,6.0235,1.00,8.00
2009.08.31 19:42:57.977,6.0208,6.0235,1.00,8.00
2009.08.31 19:42:58.086,6.0196,6.0235,4.80,8.00
2009.08.31 19:42:58.556,6.0196,6.0228,4.80,8.00
2009.08.31 19:42:58.906,6.0206,6.0228,1.00,8.00
2009.08.31 19:43:06.514,6.0208,6.0229,1.00,8.00
2009.08.31 19:43:09.754,6.021,6.0229,1.00,8.00
2009.08.31 19:43:10.523,6.021,6.0231,1.00,8.00
2009.08.31 19:43:15.512,6.021,6.0263,1.00,1.00
2009.08.31 19:43:17.671,6.0208,6.0259,1.00,1.00
2009.08.31 19:43:18.751,6.021,6.025,1.00,1.00
2009.08.31 19:43:19.541,6.021,6.0262,1.00,2.50
2009.08.31 19:43:19.941,6.0208,6.0262,1.00,3.40
2009.08.31 19:43:24.370,6.021,6.0259,1.00,1.00
2009.08.31 19:43:49.574,6.0208,6.0259,8.80,1.00
2009.08.31 19:43:50.644,6.0208,6.0259,1.00,1.00
2009.08.31 19:44:09.559,6.0194,6.0256,4.80,3.30
2009.08.31 19:44:09.839,6.0204,6.0256,1.00,3.30
2009.08.31 19:44:14.798,6.0206,6.0256,8.80,3.30
2009.08.31 19:44:26.775,6.0206,6.0237,1.00,8.00
2009.08.31 19:44:35.513,6.021,6.0233,1.00,8.00
2009.08.31 19:44:36.673,6.021,6.0238,1.00,8.00
2009.08.31 19:44:37.692,6.0208,6.0238,1.00,8.00
2009.08.31 19:44:38.702,6.0208,6.0235,1.00,8.00
2009.08.31 19:44:40.872,6.0208,6.0238,1.00,8.00
2009.08.31 19:44:41.571,6.0208,6.0235,1.00,8.00
2009.08.31 19:44:43.311,6.021,6.0235,1.00,8.00
2009.08.31 19:44:43.781,6.0208,6.0235,1.00,8.00
2009.08.31 19:44:45.630,6.0208,6.0263,1.00,1.00
2009.08.31 19:44:46.880,6.0208,6.0232,1.00,8.00
2009.08.31 19:45:06.006,6.0194,6.0229,4.80,8.00
2009.08.31 19:45:06.576,6.0194,6.0227,4.80,8.00
2009.08.31 19:45:06.805,6.0194,6.0219,4.80,8.00
2009.08.31 19:45:14.773,6.0204,6.026,1.00,1.00
2009.08.31 19:45:18.173,6.0199,6.0256,2.40,1.00
2009.08.31 19:45:18.352,6.0207,6.02595,1.00,1.00
2009.08.31 19:45:19.822,6.0208,6.02595,1.00,1.00
2009.08.31 19:45:20.172,6.0206,6.02575,1.00,1.00
2009.08.31 19:45:20.862,6.0207,6.02575,1.00,1.00
2009.08.31 19:45:21.752,6.0208,6.02575,1.00,1.00
2009.08.31 19:45:25.701,6.0207,6.02575,1.00,1.00
2009.08.31 19:45:26.790,6.0207,6.0235,1.00,8.00
2009.08.31 19:45:32.099,6.0205,6.0231,1.00,8.00
2009.08.31 19:45:32.619,6.0205,6.0229,1.00,8.00
2009.08.31 19:45:36.308,6.0207,6.0229,1.00,8.00
2009.08.31 19:45:36.658,6.0207,6.0232,1.00,8.00
2009.08.31 19:45:42.347,6.0205,6.0232,1.00,8.00
2009.08.31 19:45:42.687,6.0205,6.0229,1.00,8.00
2009.08.31 19:45:43.037,6.0207,6.0229,1.00,8.00
2009.08.31 19:45:43.666,6.0207,6.0232,1.00,8.00
2009.08.31 19:45:45.996,6.0207,6.02615,1.00,1.00
2009.08.31 19:45:48.215,6.0205,6.02555,1.00,1.00
2009.08.31 19:45:48.785,6.0193,6.02535,3.20,1.00
2009.08.31 19:45:49.075,6.0201,6.02535,1.00,1.00
2009.08.31 19:45:51.965,6.0205,6.0248,1.00,8.00
2009.08.31 19:45:52.644,6.0205,6.02575,1.00,3.30
2009.08.31 19:45:59.802,6.0205,6.0254,1.00,2.40
2009.08.31 19:46:00.033,6.0203,6.02535,1.00,1.00
2009.08.31 19:46:00.832,6.0203,6.0252,1.00,2.40
2009.08.31 19:46:01.172,6.0201,6.02515,1.00,1.00
2009.08.31 19:46:05.051,6.0197,6.02475,1.00,1.00
2009.08.31 19:46:05.451,6.0197,6.02455,1.00,2.40
2009.08.31 19:46:05.741,6.0197,6.02465,1.00,1.00
2009.08.31 19:46:05.911,6.0195,6.02465,1.00,1.00
2009.08.31 19:46:06.251,6.0195,6.02455,1.00,3.30
2009.08.31 19:46:07.531,6.0197,6.02465,1.00,1.00
2009.08.31 19:46:07.941,6.0195,6.02455,1.00,3.30
2009.08.31 19:46:08.280,6.0193,6.0243,1.00,1.00
2009.08.31 19:46:12.180,6.0193,6.0241,1.00,2.40
2009.08.31 19:46:12.529,6.0193,6.0241,1.00,1.00
2009.08.31 19:46:12.869,6.0191,6.0241,1.00,3.30
2009.08.31 19:46:15.679,6.0186,6.0241,1.00,3.30
2009.08.31 19:46:15.959,6.0189,6.02365,1.00,1.00
2009.08.31 19:46:16.248,6.0189,6.0237,1.00,2.40
2009.08.31 19:46:16.538,6.0189,6.0238,1.00,3.30
2009.08.31 19:46:16.888,6.0189,6.02365,1.00,1.00
2009.08.31 19:46:17.228,6.0191,6.0238,1.00,1.00
2009.08.31 19:46:17.578,6.0193,6.02445,1.00,1.00
2009.08.31 19:46:22.827,6.0193,6.0241,1.00,1.00
2009.08.31 19:46:23.047,6.0191,6.0241,1.00,1.00
2009.08.31 19:46:25.516,6.0193,6.0241,1.00,1.00
2009.08.31 19:46:25.806,6.0193,6.02445,1.00,1.00
2009.08.31 19:46:26.456,6.0191,6.02445,1.00,1.00
2009.08.31 19:46:26.806,6.0191,6.0241,1.00,1.00
2009.08.31 19:46:28.236,6.0191,6.0211,1.00,8.00
2009.08.31 19:46:28.506,6.0189,6.0211,1.00,8.00
2009.08.31 19:46:28.736,6.0191,6.0211,1.00,8.00
2009.08.31 19:46:31.735,6.0189,6.0207,1.00,8.00
2009.08.31 19:46:31.915,6.0191,6.0207,1.00,8.00
2009.08.31 19:46:34.954,6.0193,6.0207,1.00,8.00
2009.08.31 19:46:35.284,6.0191,6.0207,1.00,8.00
2009.08.31 19:46:47.161,6.0191,6.0215,1.00,8.00
2009.08.31 19:46:55.819,6.0193,6.0215,1.00,8.00
2009.08.31 19:46:56.499,6.0193,6.0217,1.00,8.00
2009.08.31 19:46:57.839,6.0191,6.0217,1.00,8.00
2009.08.31 19:46:58.708,6.0191,6.0214,1.00,8.00
2009.08.31 19:46:59.638,6.0189,6.0214,1.00,8.00
2009.08.31 19:46:59.918,6.0191,6.0214,1.00,8.00
2009.08.31 19:47:01.438,6.0189,6.0214,1.00,8.00
2009.08.31 19:47:01.788,6.0189,6.0212,1.00,8.00
2009.08.31 19:47:03.397,6.0181,6.0212,2.40,8.00
2009.08.31 19:47:03.737,6.0191,6.0212,1.00,8.00
2009.08.31 19:47:04.377,6.0193,6.0212,1.00,8.00
2009.08.31 19:47:04.727,6.0193,6.0219,1.00,8.00
2009.08.31 19:47:05.417,6.0198,6.0219,1.00,8.00
2009.08.31 19:47:05.757,6.0201,6.0222,1.00,8.00
2009.08.31 19:47:06.497,6.0201,6.0226,1.00,8.00
2009.08.31 19:47:07.576,6.0197,6.02515,1.00,3.30
2009.08.31 19:47:07.926,6.0201,6.0244,1.00,8.00
2009.08.31 19:47:09.296,6.0197,6.02475,1.00,3.30
2009.08.31 19:47:09.646,6.0197,6.0237,1.00,8.00
2009.08.31 19:47:09.986,6.0195,6.0237,1.00,8.00
2009.08.31 19:47:10.285,6.0197,6.0237,1.00,8.00
2009.08.31 19:47:11.615,6.0195,6.0235,1.00,8.00
2009.08.31 19:47:12.345,6.0197,6.0235,1.00,8.00
2009.08.31 19:47:13.465,6.0193,6.0243,1.00,8.90
2009.08.31 19:47:14.504,6.0193,6.0241,1.00,3.30
2009.08.31 19:47:14.905,6.0191,6.0232,1.00,8.00
2009.08.31 19:47:15.544,6.0197,6.0248,1.00,3.30
2009.08.31 19:47:16.114,6.0195,6.02475,1.00,2.40
2009.08.31 19:47:16.354,6.0195,6.0247,1.00,1.00
2009.08.31 19:47:18.144,6.0197,6.02465,1.00,3.30
2009.08.31 19:47:20.633,6.0195,6.0245,1.00,1.00
2009.08.31 19:47:20.803,6.0193,6.0245,1.00,1.00
2009.08.31 19:47:23.962,6.0195,6.0245,1.00,1.00
2009.08.31 19:47:26.282,6.0195,6.0223,1.00,8.00
2009.08.31 19:47:27.871,6.0193,6.0219,1.00,8.00
2009.08.31 19:47:28.601,6.0193,6.0217,1.00,8.00
2009.08.31 19:47:39.748,6.0195,6.0217,1.00,8.00
2009.08.31 19:47:40.669,6.0195,6.0219,1.00,8.00
2009.08.31 19:47:43.907,6.0193,6.0219,1.00,8.00
2009.08.31 19:47:44.407,6.0193,6.0217,1.00,8.00
2009.08.31 19:47:44.747,6.0193,6.0249,1.00,1.00
2009.08.31 19:48:06.542,6.0193,6.0214,1.00,8.00
2009.08.31 19:48:18.059,6.0195,6.021,1.00,8.00
2009.08.31 19:48:18.569,6.0195,6.0212,1.00,8.00
2009.08.31 19:48:20.199,6.0193,6.0212,1.00,8.00
2009.08.31 19:48:20.549,6.0191,6.021,1.00,8.00
2009.08.31 19:48:21.709,6.0191,6.0207,1.00,8.00
2009.08.31 19:48:22.738,6.0189,6.0207,1.00,8.00
2009.08.31 19:48:23.468,6.0184,6.0207,1.00,8.00
2009.08.31 19:48:23.628,6.0184,6.0201,1.00,8.00
2009.08.31 19:48:23.808,6.0186,6.0201,1.00,8.00
2009.08.31 19:48:24.508,6.0186,6.0204,1.00,8.00
2009.08.31 19:48:26.507,6.0186,6.02405,1.00,1.00
2009.08.31 19:48:27.667,6.0189,6.02375,1.00,1.00
2009.08.31 19:48:28.117,6.0184,6.02345,1.00,1.00
2009.08.31 19:48:28.477,6.0189,6.02385,1.00,1.00
2009.08.31 19:48:30.556,6.0184,6.02345,1.00,1.00
2009.08.31 19:48:38.124,6.0184,6.0235,1.00,2.40
2009.08.31 19:48:38.455,6.0191,6.0241,1.00,3.30
2009.08.31 19:48:39.544,6.0189,6.02385,1.00,1.00
2009.08.31 19:48:43.413,6.0186,6.02365,1.00,1.00
2009.08.31 19:48:46.642,6.0186,6.0214,1.00,8.00
2009.08.31 19:48:57.740,6.0189,6.021,1.00,8.00
2009.08.31 19:48:58.130,6.0182,6.021,1.00,8.00
2009.08.31 19:48:58.470,6.01735,6.021,4.00,8.00
2009.08.31 19:48:58.809,6.018,6.0204,1.00,8.00
2009.08.31 19:49:00.789,6.0178,6.0204,1.00,8.00
2009.08.31 19:49:01.099,6.018,6.0204,1.00,8.00
2009.08.31 19:49:01.809,6.018,6.0205,1.00,8.00
2009.08.31 19:49:05.388,6.0178,6.0205,1.00,8.00
2009.08.31 19:49:05.628,6.0178,6.0202,1.00,8.00
2009.08.31 19:49:15.046,6.018,6.0202,1.00,8.00
2009.08.31 19:49:15.406,6.0184,6.0202,1.00,8.00
2009.08.31 19:49:15.755,6.0184,6.02405,1.00,1.00
2009.08.31 19:49:18.105,6.018,6.02365,1.00,1.00
2009.08.31 19:49:18.385,6.018,6.0231,1.00,3.30
2009.08.31 19:49:21.424,6.0182,6.02325,1.00,3.30
2009.08.31 19:49:23.223,6.0182,6.02305,1.00,2.40
2009.08.31 19:49:23.554,6.018,6.02305,1.00,3.30
2009.08.31 19:49:46.868,6.018,6.0213,1.00,8.00
2009.08.31 19:50:06.453,6.018,6.02325,1.00,3.30
2009.08.31 19:50:26.148,6.018,6.0201,1.00,8.00
2009.08.31 19:50:35.646,6.0178,6.0197,1.00,8.00
2009.08.31 19:50:36.166,6.018,6.0197,1.00,8.00
2009.08.31 19:50:36.576,6.018,6.0198,1.00,8.00
2009.08.31 19:50:36.756,6.0182,6.0198,1.00,8.00
2009.08.31 19:50:37.566,6.0182,6.02,1.00,8.00
2009.08.31 19:50:39.835,6.018,6.02,1.00,8.00
2009.08.31 19:50:40.525,6.018,6.0197,1.00,8.00
2009.08.31 19:50:40.825,6.0178,6.0197,1.00,8.00
2009.08.31 19:50:41.515,6.0178,6.0195,1.00,8.00
2009.08.31 19:50:44.854,6.0178,6.0232,1.00,1.00
2009.08.31 19:50:47.523,6.018,6.02295,1.00,1.00
2009.08.31 19:50:50.493,6.0182,6.02325,1.00,3.30
2009.08.31 19:50:52.142,6.0182,6.02305,1.00,2.40
2009.08.31 19:50:52.422,6.018,6.02305,1.00,3.30
2009.08.31 19:50:53.252,6.018,6.02345,1.00,3.30
2009.08.31 19:50:54.681,6.0181,6.02345,1.00,3.30
2009.08.31 19:50:55.361,6.0185,6.02345,1.00,2.40
2009.08.31 19:50:55.601,6.0185,6.0236,1.00,1.00
2009.08.31 19:50:57.011,6.0186,6.0236,1.00,1.00
2009.08.31 19:50:57.351,6.0183,6.02345,1.00,3.30
2009.08.31 19:51:06.169,6.0183,6.0225,1.00,8.00
2009.08.31 19:51:07.668,6.0186,6.0225,1.00,8.00
2009.08.31 19:51:08.118,6.0188,6.0225,1.00,8.00
2009.08.31 19:51:08.698,6.0188,6.023,1.00,8.00
2009.08.31 19:51:14.947,6.0188,6.02385,1.00,3.30
2009.08.31 19:51:27.084,6.0188,6.0205,1.00,8.00
2009.08.31 19:51:29.463,6.0174,6.0201,1.40,8.00
2009.08.31 19:51:30.523,6.0176,6.0199,1.40,8.00
2009.08.31 19:51:44.929,6.0176,6.024,1.40,1.00
2009.08.31 19:51:46.319,6.0176,6.0217,1.40,8.00
2009.08.31 19:51:52.058,6.0183,6.0213,1.00,8.00
2009.08.31 19:51:52.228,6.0181,6.0213,1.00,8.00
2009.08.31 19:51:52.468,6.0181,6.0209,1.00,8.00
2009.08.31 19:51:56.797,6.0179,6.0209,1.00,8.00
2009.08.31 19:51:57.816,6.0179,6.0207,1.00,8.00
2009.08.31 19:52:00.876,6.0177,6.0207,1.00,8.00
2009.08.31 19:52:01.056,6.0179,6.0207,1.00,8.00
2009.08.31 19:52:01.466,6.0177,6.0207,1.00,8.00
2009.08.31 19:52:01.765,6.0177,6.0205,1.00,8.00
2009.08.31 19:52:06.094,6.0175,6.0205,1.00,8.00
2009.08.31 19:52:06.314,6.0175,6.023,1.00,3.30
2009.08.31 19:52:06.604,6.0175,6.022,1.00,8.00
2009.08.31 19:52:17.921,6.0179,6.0216,1.00,8.00
2009.08.31 19:52:18.771,6.0179,6.0221,1.00,8.00
2009.08.31 19:52:23.100,6.0177,6.0221,1.00,8.80
2009.08.31 19:52:23.330,6.0177,6.02275,1.00,1.00
2009.08.31 19:52:23.681,6.0177,6.0219,1.00,8.00
2009.08.31 19:52:28.189,6.0177,6.0202,1.00,8.00
2009.08.31 19:52:32.438,6.01685,6.0198,2.40,8.00
2009.08.31 19:52:32.558,6.0177,6.0198,1.00,8.00
2009.08.31 19:52:33.488,6.0177,6.0201,1.00,8.00
2009.08.31 19:52:33.878,6.0177,6.0201,1.00,8.00
2009.08.31 19:52:34.608,6.0179,6.0198,1.00,8.00
2009.08.31 19:52:34.957,6.0177,6.0198,1.00,8.00
2009.08.31 19:52:42.446,6.0179,6.0198,1.00,8.00
2009.08.31 19:52:42.746,6.0179,6.0201,1.00,8.00
2009.08.31 19:52:46.405,6.0179,6.02335,1.00,3.30
2009.08.31 19:52:47.365,6.01665,6.02225,2.40,1.00
2009.08.31 19:52:47.715,6.0169,6.02225,1.00,3.30
2009.08.31 19:52:52.133,6.0173,6.02235,1.00,3.30
2009.08.31 19:52:52.414,6.0173,6.02235,1.00,2.40
2009.08.31 19:52:52.583,6.0175,6.0225,1.00,1.00
2009.08.31 19:52:52.933,6.0177,6.02275,1.00,1.00
2009.08.31 19:52:53.633,6.0171,6.0222,1.00,1.00
2009.08.31 19:52:54.383,6.0175,6.0222,1.00,1.00
2009.08.31 19:52:54.733,6.0175,6.02255,1.00,1.00
2009.08.31 19:52:57.042,6.0171,6.0222,1.00,3.30
2009.08.31 19:53:00.291,6.0173,6.02235,1.00,3.30
2009.08.31 19:53:01.761,6.0171,6.02215,1.00,1.00
2009.08.31 19:53:07.130,6.0173,6.02235,1.00,3.30
2009.08.31 19:53:07.470,6.0173,6.0202,1.00,8.00
2009.08.31 19:53:07.819,6.0173,6.0205,1.00,8.00
2009.08.31 19:53:10.769,6.0171,6.0201,1.00,8.00
2009.08.31 19:53:11.119,6.0173,6.0201,1.00,8.00
2009.08.31 19:53:12.848,6.0171,6.0201,1.00,8.00
2009.08.31 19:53:13.428,6.0171,6.0198,1.00,8.00
2009.08.31 19:53:15.098,6.0171,6.02255,1.00,1.00
2009.08.31 19:53:17.107,6.0173,6.02235,1.00,3.30
2009.08.31 19:53:26.315,6.0173,6.0214,1.00,8.00
2009.08.31 19:53:29.035,6.0167,6.0218,1.00,1.00
2009.08.31 19:53:29.264,6.0169,6.0219,1.00,1.00
2009.08.31 19:53:29.494,6.0157,6.021,1.40,8.00
2009.08.31 19:53:38.462,6.0169,6.021,1.00,8.00
2009.08.31 19:53:38.992,6.0157,6.021,1.40,8.00
2009.08.31 19:53:44.970,6.0159,6.0219,1.40,1.00
2009.08.31 19:53:56.508,6.0169,6.0189,1.00,8.00
2009.08.31 19:53:56.908,6.0169,6.0192,1.00,8.00
2009.08.31 19:54:06.125,6.0157,6.0192,1.40,8.00
2009.08.31 19:54:06.945,6.0157,6.0196,1.40,8.00
2009.08.31 19:54:11.374,6.0169,6.0196,1.00,8.00
2009.08.31 19:54:11.594,6.0169,6.0199,1.00,8.00
2009.08.31 19:54:16.453,6.0171,6.0225,1.00,3.30
2009.08.31 19:54:22.782,6.0171,6.02175,1.00,1.00
2009.08.31 19:54:23.242,6.0157,6.0219,1.40,1.00
2009.08.31 19:54:24.221,6.0167,6.0221,1.00,3.30
2009.08.31 19:54:24.591,6.0169,6.0221,1.00,3.30
2009.08.31 19:54:26.410,6.0171,6.0212,1.00,8.00
2009.08.31 19:54:43.816,6.0173,6.0212,1.00,8.00
2009.08.31 19:54:44.836,6.0173,6.0215,1.00,8.00
2009.08.31 19:54:45.166,6.0171,6.02215,1.00,1.00
2009.08.31 19:54:46.426,6.0171,6.0202,1.00,8.00
2009.08.31 19:54:51.504,6.0171,6.02255,1.00,1.00
2009.08.31 19:54:53.124,6.0171,6.02185,1.00,2.40
2009.08.31 19:54:53.394,6.0167,6.0218,1.20,1.00
2009.08.31 19:54:53.624,6.0167,6.0218,1.00,1.00
2009.08.31 19:54:53.924,6.0169,6.0218,1.00,1.00
2009.08.31 19:54:54.204,6.0169,6.022,1.00,3.30
2009.08.31 19:54:55.484,6.0168,6.022,1.00,3.30
2009.08.31 19:54:55.874,6.0171,6.022,1.00,3.30
2009.08.31 19:54:56.243,6.0159,6.0221,1.40,1.00
2009.08.31 19:54:58.513,6.0169,6.022,1.00,1.00
2009.08.31 19:54:58.693,6.0166,6.022,1.00,3.30
2009.08.31 19:55:00.192,6.0171,6.022,1.00,3.30
2009.08.31 19:55:00.552,6.0171,6.02235,1.00,1.00
2009.08.31 19:55:01.192,6.0168,6.022,1.00,1.00
2009.08.31 19:55:12.480,6.0166,6.0218,1.00,3.30
2009.08.31 19:55:13.350,6.0157,6.0214,2.40,1.00
2009.08.31 19:55:13.579,6.0162,6.0214,1.00,3.30
2009.08.31 19:55:13.859,6.0162,6.02115,1.00,1.00
2009.08.31 19:55:14.089,6.0162,6.0213,1.00,3.30
2009.08.31 19:55:14.449,6.0164,6.02155,1.00,1.00
2009.08.31 19:55:23.907,6.0162,6.02155,1.00,1.00
2009.08.31 19:55:24.287,6.0164,6.02155,1.00,1.00
2009.08.31 19:55:25.397,6.0162,6.02155,1.00,1.00
2009.08.31 19:55:26.076,6.0164,6.02155,1.00,1.00
2009.08.31 19:55:26.816,6.0158,6.021,1.00,1.00
2009.08.31 19:55:34.704,6.0146,6.02135,6.00,1.00
2009.08.31 19:55:35.054,6.0164,6.0213,4.00,2.40
2009.08.31 19:55:35.394,6.0164,6.0238,4.00,1.00
2009.08.31 19:55:38.693,6.01685,6.0234,4.00,1.00
2009.08.31 19:55:56.599,6.0168,6.0234,4.00,1.00
2009.08.31 19:56:16.214,6.0169,6.0234,4.00,1.00
2009.08.31 19:56:17.134,6.01685,6.0234,4.00,1.00
2009.08.31 19:56:30.241,6.01685,6.02295,4.00,1.00
2009.08.31 19:56:30.651,6.0164,6.0233,4.00,1.00
2009.08.31 19:56:32.410,6.01665,6.0233,4.00,1.00
2009.08.31 19:56:34.570,6.0167,6.0233,4.00,1.00
2009.08.31 19:56:36.159,6.01685,6.0233,4.00,1.00
2009.08.31 19:56:36.519,6.0167,6.0233,4.00,1.00
2009.08.31 19:56:38.129,6.0167,6.02295,4.00,3.30
2009.08.31 19:56:38.359,6.0164,6.02295,4.00,3.30
2009.08.31 19:56:38.639,6.01635,6.02295,8.00,3.30
2009.08.31 19:56:38.939,6.01635,6.02295,4.00,3.30
2009.08.31 19:56:41.038,6.0163,6.02295,8.00,3.30
2009.08.31 19:56:41.208,6.0163,6.02295,4.00,3.30
2009.08.31 19:56:41.618,6.0163,6.0226,4.00,1.00
2009.08.31 19:56:42.188,6.016,6.02245,4.00,1.00
2009.08.31 19:56:45.297,6.0158,6.02245,4.00,1.00
2009.08.31 19:56:45.647,6.016,6.02245,4.00,1.00
2009.08.31 19:56:45.997,6.01595,6.02245,4.00,1.00
2009.08.31 19:56:46.407,6.01585,6.02245,4.00,1.00
2009.08.31 19:56:49.056,6.0158,6.0221,4.00,1.00
2009.08.31 19:56:49.456,6.0158,6.02245,4.00,1.00
2009.08.31 19:56:51.196,6.01585,6.02245,4.00,1.00
2009.08.31 19:56:52.236,6.01615,6.0229,4.00,1.00
2009.08.31 19:56:52.346,6.0162,6.0229,4.00,1.00
2009.08.31 19:56:53.196,6.0162,6.02255,4.00,1.00
2009.08.31 19:56:53.255,6.0161,6.02255,4.00,3.30
2009.08.31 19:56:54.375,6.016,6.02255,4.00,3.30
2009.08.31 19:57:01.043,6.01595,6.02255,4.00,3.30
2009.08.31 19:57:01.274,6.01585,6.02255,4.00,3.30
2009.08.31 19:57:01.683,6.0158,6.02255,4.00,3.30
2009.08.31 19:57:02.953,6.01585,6.02255,4.00,3.30
2009.08.31 19:57:06.972,6.0158,6.02255,8.00,3.30
2009.08.31 19:57:07.312,6.0145,6.02055,1.00,3.30
2009.08.31 19:57:08.702,6.0153,6.01985,1.20,1.00
2009.08.31 19:57:13.541,6.0155,6.0199,1.20,2.40
2009.08.31 19:57:13.770,6.0155,6.02015,1.20,3.30
2009.08.31 19:57:15.320,6.0158,6.02015,1.00,3.30
2009.08.31 19:57:16.010,6.0155,6.02015,1.20,3.30
2009.08.31 19:57:18.629,6.0158,6.02015,1.00,3.30
2009.08.31 19:57:19.659,6.0155,6.02015,1.20,3.30
2009.08.31 19:57:22.278,6.0158,6.02015,1.00,3.30
2009.08.31 19:57:23.138,6.0155,6.02015,1.20,3.30
2009.08.31 19:57:27.717,6.0154,6.02015,1.20,3.30
2009.08.31 19:57:28.117,6.0159,6.02015,1.00,2.40
2009.08.31 19:57:28.337,6.0159,6.0206,1.00,3.30
2009.08.31 19:57:28.577,6.0154,6.0206,1.20,3.30
2009.08.31 19:57:32.306,6.0158,6.0203,1.00,1.00
2009.08.31 19:57:32.536,6.0154,6.02015,1.20,1.00
2009.08.31 19:57:32.826,6.0154,6.0205,1.20,1.00
2009.08.31 19:57:35.925,6.0159,6.0205,1.20,1.00
2009.08.31 19:57:37.195,6.0162,6.0206,1.00,1.00
2009.08.31 19:57:37.595,6.0159,6.0206,1.20,1.00
2009.08.31 19:57:38.264,6.0154,6.02015,1.20,3.30
2009.08.31 19:57:44.983,6.0158,6.02015,1.00,3.30
2009.08.31 19:57:46.533,6.0154,6.02015,1.20,3.30
2009.08.31 19:57:52.591,6.0154,6.01985,1.20,1.00
2009.08.31 19:57:52.891,6.0154,6.02015,1.20,3.30
2009.08.31 19:57:53.071,6.0158,6.02015,1.00,3.30
2009.08.31 19:57:59.419,6.0158,6.02015,1.00,2.40
2009.08.31 19:57:59.650,6.0162,6.02055,1.20,1.00
2009.08.31 19:58:00.009,6.0159,6.02055,1.20,1.00
2009.08.31 19:58:05.938,6.0162,6.02055,1.00,1.00
2009.08.31 19:58:09.007,6.0159,6.02055,1.20,1.00
2009.08.31 19:58:09.167,6.0162,6.02055,1.00,1.00
2009.08.31 19:58:09.227,6.0159,6.02055,1.20,1.00
2009.08.31 19:58:15.586,6.0162,6.02055,1.20,1.00
2009.08.31 19:58:22.594,6.0163,6.0206,1.20,2.40
2009.08.31 19:58:22.934,6.0163,6.02095,1.20,1.00
2009.08.31 19:58:23.613,6.0162,6.0207,1.20,3.30
2009.08.31 19:58:28.132,6.0163,6.02095,1.20,1.00
2009.08.31 19:58:28.303,6.0166,6.02095,1.00,1.00
2009.08.31 19:58:29.152,6.0163,6.02095,1.20,1.00
2009.08.31 19:58:29.502,6.0162,6.02095,1.20,1.00
2009.08.31 19:58:29.842,6.0162,6.0207,1.20,3.30
2009.08.31 19:58:41.979,6.0163,6.02095,1.20,1.00
2009.08.31 19:58:42.749,6.0159,6.02095,1.20,1.00
2009.08.31 19:58:44.209,6.0155,6.02105,1.20,3.30
2009.08.31 19:58:45.458,6.0159,6.02095,1.00,1.00
2009.08.31 19:58:46.988,6.0163,6.02095,1.00,1.00
2009.08.31 19:58:48.718,6.0159,6.02095,1.20,1.00
2009.08.31 19:58:55.226,6.0163,6.02095,1.00,1.00
2009.08.31 19:58:56.606,6.0158,6.02035,1.20,1.00
2009.08.31 19:58:57.745,6.0159,6.02095,1.20,3.30
2009.08.31 19:59:02.074,6.0163,6.02095,1.00,3.30
2009.08.31 19:59:06.273,6.0162,6.0207,1.00,1.00
2009.08.31 19:59:06.683,6.0163,6.0207,1.00,1.00
2009.08.31 19:59:06.855,6.0163,6.02095,1.00,1.00
2009.08.31 19:59:10.712,6.0162,6.0207,1.20,3.30
2009.08.31 19:59:11.002,6.0163,6.02095,1.00,1.00
2009.08.31 19:59:15.291,6.0159,6.02095,1.20,1.00
2009.08.31 19:59:17.930,6.0166,6.02095,1.20,1.00
2009.08.31 19:59:18.110,6.0163,6.0207,1.20,1.00
2009.08.31 19:59:18.271,6.0159,6.02055,1.20,1.00
2009.08.31 19:59:20.390,6.0166,6.021,1.20,3.30
2009.08.31 19:59:22.209,6.0163,6.021,1.20,3.30
2009.08.31 19:59:37.836,6.0159,6.021,1.20,3.30
2009.08.31 19:59:38.965,6.0159,6.02055,1.20,1.00
2009.08.31 19:59:48.533,6.0162,6.02055,1.00,1.00
2009.08.31 19:59:57.741,6.0159,6.02055,1.20,1.00
