2013.08.28 22:00:00.461,6.03988,6.05075,0.75,0.90
2013.08.28 22:00:00.881,6.03988,6.05096,0.75,0.90
2013.08.28 22:00:00.942,6.03988,6.05135,0.75,0.75
2013.08.28 22:00:01.511,6.03988,6.05139,0.75,0.75
2013.08.28 22:00:01.997,6.03977,6.05143,0.75,0.75
2013.08.28 22:00:02.585,6.03977,6.0511,0.75,0.75
2013.08.28 22:00:02.930,6.03978,6.05046,0.75,0.90
2013.08.28 22:00:03.523,6.03967,6.05046,0.75,0.90
2013.08.28 22:00:03.790,6.03967,6.05067,0.75,0.90
2013.08.28 22:00:03.851,6.03967,6.0511,0.75,0.75
2013.08.28 22:00:04.831,6.03967,6.05123,0.75,0.75
2013.08.28 22:00:05.271,6.03968,6.05112,0.75,0.75
2013.08.28 22:00:05.873,6.03968,6.05102,0.75,0.75
2013.08.28 22:00:07.851,6.03968,6.05092,0.75,0.75
2013.08.28 22:00:11.814,6.03967,6.05083,0.75,0.75
2013.08.28 22:00:22.701,6.03968,6.05092,0.75,0.75
2013.08.28 22:00:24.812,6.03967,6.05103,0.75,0.75
2013.08.28 22:00:26.871,6.03978,6.05102,0.75,0.75
2013.08.28 22:00:30.862,6.03987,6.05103,0.75,0.75
2013.08.28 22:00:32.793,6.03967,6.05103,0.75,0.75
2013.08.28 22:00:34.883,6.03968,6.05092,0.75,0.75
2013.08.28 22:00:38.892,6.03968,6.05082,0.75,0.75
2013.08.28 22:01:00.591,6.0398,6.05082,0.90,0.75
2013.08.28 22:01:01.561,6.03968,6.05082,0.75,0.75
2013.08.28 22:01:39.111,6.03923,6.05162,0.90,0.98
2013.08.28 22:01:41.770,6.0394,6.05162,0.90,0.98
2013.08.28 22:01:50.242,6.0394,6.05082,0.90,0.75
2013.08.28 22:01:51.912,6.03948,6.05082,0.75,0.75
2013.08.28 22:01:52.241,6.0394,6.05083,0.90,0.75
2013.08.28 22:01:52.301,6.0394,6.05073,0.90,0.98
2013.08.28 22:01:52.421,6.0394,6.05083,0.90,0.75
2013.08.28 22:01:52.541,6.0394,6.05092,0.90,0.75
2013.08.28 22:01:52.662,6.03886,6.05073,0.90,0.75
2013.08.28 22:01:52.841,6.03888,6.05082,0.75,0.75
2013.08.28 22:01:53.022,6.03888,6.05072,0.75,0.75
2013.08.28 22:01:53.693,6.03927,6.05072,0.90,0.75
2013.08.28 22:01:54.832,6.03927,6.05073,0.90,0.75
2013.08.28 22:01:55.875,6.03927,6.05072,0.90,0.75
2013.08.28 22:01:56.811,6.03927,6.04952,0.90,0.75
2013.08.28 22:01:57.842,6.03927,6.04953,0.90,0.75
2013.08.28 22:01:59.271,6.03927,6.04943,0.90,0.75
2013.08.28 22:01:59.580,6.03908,6.04943,0.90,0.75
2013.08.28 22:01:59.641,6.03885,6.04943,0.90,0.75
2013.08.28 22:02:00.986,6.03885,6.04932,0.90,0.75
2013.08.28 22:02:01.292,6.0395,6.04912,0.90,0.75
2013.08.28 22:02:02.401,6.03931,6.04912,0.90,0.75
2013.08.28 22:02:02.461,6.03891,6.04912,0.90,0.75
2013.08.28 22:02:03.132,6.03891,6.04942,0.90,0.75
2013.08.28 22:02:06.102,6.03891,6.04922,0.90,0.75
2013.08.28 22:02:07.781,6.03891,6.04932,0.90,0.75
2013.08.28 22:02:08.192,6.03891,6.04942,0.90,0.75
2013.08.28 22:02:12.461,6.03891,6.04923,0.90,0.75
2013.08.28 22:02:15.883,6.03891,6.04942,0.90,0.75
2013.08.28 22:02:18.733,6.03891,6.04902,0.90,0.75
2013.08.28 22:02:18.862,6.03891,6.04942,0.90,0.75
2013.08.28 22:02:22.622,6.03893,6.04942,0.90,0.75
2013.08.28 22:02:25.112,6.03893,6.04952,0.90,0.75
2013.08.28 22:02:27.391,6.03893,6.04922,0.90,0.75
2013.08.28 22:02:28.201,6.03893,6.04953,0.90,0.75
2013.08.28 22:02:34.740,6.03893,6.04932,0.90,0.75
2013.08.28 22:02:40.901,6.03893,6.04922,0.90,0.75
2013.08.28 22:02:42.721,6.03869,6.04922,0.90,0.75
2013.08.28 22:02:43.521,6.03869,6.04932,0.90,0.75
2013.08.28 22:02:48.821,6.03869,6.04943,0.90,0.75
2013.08.28 22:02:55.011,6.03869,6.04933,0.90,0.75
2013.08.28 22:02:59.693,6.03869,6.04902,0.90,0.75
2013.08.28 22:02:59.821,6.03869,6.04932,0.90,0.75
2013.08.28 22:02:59.941,6.03869,6.04902,0.90,0.75
2013.08.28 22:03:00.061,6.03869,6.04933,0.90,0.75
2013.08.28 22:03:00.181,6.03869,6.04902,0.90,0.75
2013.08.28 22:03:00.301,6.03869,6.04932,0.90,0.75
2013.08.28 22:03:00.687,6.03869,6.04902,0.90,0.75
2013.08.28 22:03:00.755,6.03869,6.04932,0.90,0.75
2013.08.28 22:03:02.056,6.03917,6.04932,0.90,0.75
2013.08.28 22:03:02.441,6.03871,6.04932,0.90,0.75
2013.08.28 22:03:14.043,6.03821,6.04932,0.90,0.75
2013.08.28 22:03:14.313,6.03869,6.04932,0.90,0.75
2013.08.28 22:03:16.142,6.03869,6.04963,0.90,0.75
2013.08.28 22:03:17.923,6.03869,6.04973,0.90,0.75
2013.08.28 22:03:18.189,6.03888,6.05112,0.75,0.75
2013.08.28 22:03:18.561,6.03869,6.05082,0.90,0.75
2013.08.28 22:03:24.841,6.03869,6.04972,0.90,0.75
2013.08.28 22:03:27.361,6.03869,6.04962,0.90,0.75
2013.08.28 22:03:30.331,6.03869,6.04993,0.90,0.75
2013.08.28 22:03:30.452,6.03964,6.04993,0.38,0.75
2013.08.28 22:03:30.762,6.04344,6.04993,0.23,0.75
2013.08.28 22:03:31.251,6.04344,6.04972,0.23,0.90
2013.08.28 22:03:31.671,6.04344,6.04993,0.23,0.75
2013.08.28 22:03:31.871,6.04344,6.05002,0.23,0.75
2013.08.28 22:03:33.671,6.04344,6.04993,0.23,0.75
2013.08.28 22:03:34.106,6.04345,6.04962,0.75,0.75
2013.08.28 22:03:34.461,6.04353,6.04963,0.23,0.75
2013.08.28 22:03:37.081,6.0436,6.04963,0.30,0.75
2013.08.28 22:03:37.625,6.04366,6.04963,0.30,0.75
2013.08.28 22:03:42.271,6.04361,6.04963,0.30,0.75
2013.08.28 22:03:42.481,6.04374,6.04963,0.30,0.75
2013.08.28 22:03:42.872,6.04374,6.04972,0.30,0.75
2013.08.28 22:03:47.192,6.04368,6.04972,0.38,0.75
2013.08.28 22:03:47.895,6.04374,6.04972,0.23,0.75
2013.08.28 22:03:50.653,6.04374,6.04973,0.23,0.75
2013.08.28 22:03:51.702,6.04364,6.04973,0.30,0.75
2013.08.28 22:03:54.091,6.04367,6.04973,0.38,0.75
2013.08.28 22:03:57.008,6.04367,6.04983,0.38,0.75
2013.08.28 22:03:57.134,6.04372,6.04983,0.23,0.75
2013.08.28 22:03:57.492,6.0441,6.04983,0.38,0.75
2013.08.28 22:04:00.722,6.04264,6.05043,0.90,0.75
2013.08.28 22:04:00.781,6.04314,6.05043,0.90,0.75
2013.08.28 22:04:00.901,6.04099,6.05043,0.90,0.75
2013.08.28 22:04:01.021,6.0408,6.05043,0.90,0.75
2013.08.28 22:04:01.082,6.04073,6.05043,2.25,0.75
2013.08.28 22:04:01.331,6.04064,6.05043,0.90,0.75
2013.08.28 22:04:01.842,6.04044,6.05145,1.65,1.65
2013.08.28 22:04:04.741,6.0401,6.05145,1.65,1.65
2013.08.28 22:04:05.423,6.0401,6.05145,1.65,1.65
2013.08.28 22:04:08.392,6.0401,6.05145,1.65,1.65
2013.08.28 22:04:08.731,6.0401,6.05145,1.65,1.65
2013.08.28 22:04:11.683,6.0401,6.05145,1.65,1.65
2013.08.28 22:04:11.912,6.0401,6.05145,1.65,1.65
2013.08.28 22:04:20.172,6.03989,6.05145,1.80,1.65
2013.08.28 22:04:20.233,6.03927,6.05195,3.53,1.50
2013.08.28 22:04:20.292,6.03794,6.05172,1.65,1.50
2013.08.28 22:04:20.352,6.03773,6.05172,1.80,1.50
2013.08.28 22:04:22.692,6.03965,6.05119,1.80,1.65
2013.08.28 22:04:23.022,6.03965,6.05119,1.80,1.65
2013.08.28 22:04:23.842,6.03965,6.05119,1.80,1.65
2013.08.28 22:04:24.832,6.03967,6.05119,1.65,1.65
2013.08.28 22:04:25.822,6.03985,6.05119,1.65,1.65
2013.08.28 22:04:26.812,6.03985,6.05119,1.65,1.65
2013.08.28 22:04:27.423,6.03985,6.05119,1.65,1.65
2013.08.28 22:04:30.571,6.04379,6.05021,1.07,1.65
2013.08.28 22:04:30.941,6.04379,6.05071,1.07,1.65
2013.08.28 22:04:31.302,6.04379,6.05071,1.07,1.65
2013.08.28 22:04:32.862,6.04379,6.05071,1.07,1.65
2013.08.28 22:04:33.852,6.04379,6.05071,1.07,1.65
2013.08.28 22:04:38.593,6.04375,6.05071,1.05,1.65
2013.08.28 22:04:38.713,6.04341,6.05071,1.11,1.65
2013.08.28 22:04:39.131,6.04333,6.05071,1.68,1.65
2013.08.28 22:04:43.664,6.04333,6.05071,1.68,1.65
2013.08.28 22:04:43.721,6.04339,6.05071,1.73,1.65
2013.08.28 22:04:44.321,6.04344,6.05071,1.47,1.65
2013.08.28 22:05:00.266,6.04268,6.05063,1.73,1.65
2013.08.28 22:05:00.442,6.04267,6.05063,1.73,1.65
2013.08.28 22:05:00.827,6.04268,6.05063,1.88,1.65
2013.08.28 22:05:01.361,6.0428,6.05111,1.80,1.65
2013.08.28 22:05:01.421,6.04267,6.05054,1.73,1.65
2013.08.28 22:05:14.631,6.04268,6.05054,1.73,1.65
2013.08.28 22:05:25.421,6.04258,6.05056,1.85,1.65
2013.08.28 22:05:25.481,6.04224,6.05056,1.80,1.65
2013.08.28 22:05:25.661,6.03954,6.05153,1.65,1.73
2013.08.28 22:05:30.795,6.03968,6.05153,1.13,1.73
2013.08.28 22:05:31.101,6.04227,6.05014,2.61,1.65
2013.08.28 22:05:31.591,6.04237,6.05056,1.88,1.65
2013.08.28 22:05:32.262,6.04237,6.05056,1.88,1.65
2013.08.28 22:05:32.861,6.04243,6.05056,1.65,1.65
2013.08.28 22:05:33.811,6.04243,6.05056,1.65,1.65
2013.08.28 22:05:34.791,6.04243,6.05056,1.65,1.65
2013.08.28 22:05:52.229,6.04245,6.05056,1.65,1.65
2013.08.28 22:05:53.605,6.04245,6.05056,1.65,1.65
2013.08.28 22:05:53.722,6.04245,6.05056,1.65,1.65
2013.08.28 22:06:01.022,6.04307,6.05076,1.65,1.65
2013.08.28 22:06:02.109,6.04237,6.05045,1.73,1.65
2013.08.28 22:06:25.633,6.04237,6.05055,1.88,1.65
2013.08.28 22:06:25.812,6.04006,6.05173,1.80,1.73
2013.08.28 22:06:25.871,6.03965,6.05169,1.65,1.65
2013.08.28 22:06:30.378,6.03988,6.05169,1.13,1.65
2013.08.28 22:06:30.681,6.04237,6.05057,1.88,1.65
2013.08.28 22:06:32.495,6.04237,6.05057,1.88,1.65
2013.08.28 22:06:33.813,6.04247,6.05057,1.65,1.65
2013.08.28 22:06:34.811,6.04247,6.05057,1.65,1.65
2013.08.28 22:06:37.022,6.04247,6.05057,1.65,1.65
2013.08.28 22:06:39.483,6.04247,6.05057,1.65,1.65
2013.08.28 22:06:41.232,6.04237,6.05057,2.63,1.65
2013.08.28 22:06:41.531,6.04237,6.05019,1.73,1.65
2013.08.28 22:06:48.103,6.04237,6.05019,1.73,1.65
2013.08.28 22:06:52.132,6.04238,6.05019,1.73,1.65
2013.08.28 22:06:56.306,6.04248,6.0506,1.65,1.65
2013.08.28 22:06:57.663,6.04248,6.0506,1.65,1.65
2013.08.28 22:07:02.462,6.04242,6.05054,1.65,1.65
2013.08.28 22:07:06.034,6.04242,6.05054,1.65,1.65
2013.08.28 22:07:20.924,6.04242,6.05054,1.65,1.65
2013.08.28 22:07:21.599,6.04242,6.05054,1.65,1.65
2013.08.28 22:07:25.559,6.04238,6.05034,1.73,1.65
2013.08.28 22:07:27.642,6.04155,6.05113,1.65,1.65
2013.08.28 22:07:27.701,6.04067,6.05173,1.50,1.73
2013.08.28 22:07:27.761,6.03997,6.05145,2.57,1.65
2013.08.28 22:07:27.882,6.03944,6.05145,1.65,1.65
2013.08.28 22:07:30.401,6.04041,6.05032,2.78,1.65
2013.08.28 22:07:30.710,6.04207,6.05036,1.88,1.65
2013.08.28 22:07:30.839,6.04207,6.05056,1.88,1.80
2013.08.28 22:07:31.829,6.04216,6.05056,1.65,1.80
2013.08.28 22:07:32.819,6.04216,6.05056,1.65,1.80
2013.08.28 22:07:33.809,6.04216,6.05056,1.65,1.80
2013.08.28 22:07:34.799,6.04216,6.05056,1.65,1.80
2013.08.28 22:07:50.994,6.04255,6.05057,1.50,1.80
2013.08.28 22:07:52.294,6.04255,6.05057,1.50,1.80
2013.08.28 22:08:01.192,6.04305,6.05083,1.65,1.65
2013.08.28 22:08:01.252,6.04305,6.05122,1.65,1.65
2013.08.28 22:08:02.192,6.04255,6.05064,1.50,1.80
2013.08.28 22:08:22.672,6.04255,6.05064,1.50,1.80
2013.08.28 22:08:25.402,6.04255,6.0506,1.50,1.80
2013.08.28 22:08:26.773,6.04255,6.0506,1.50,1.80
2013.08.28 22:08:43.742,6.04255,6.0506,1.50,1.80
2013.08.28 22:08:45.341,6.04255,6.05069,1.50,1.80
2013.08.28 22:08:48.614,6.04287,6.05063,1.73,1.65
2013.08.28 22:08:49.842,6.04287,6.05069,1.73,1.80
2013.08.28 22:08:52.182,6.04287,6.05063,1.73,1.65
2013.08.28 22:08:54.403,6.04287,6.05097,1.73,1.65
2013.08.28 22:08:55.103,6.04287,6.05097,1.73,1.65
2013.08.28 22:08:56.652,6.04287,6.05097,1.73,1.65
2013.08.28 22:09:00.162,6.04287,6.05097,1.73,1.65
2013.08.28 22:09:01.527,6.04287,6.05097,1.73,1.65
2013.08.28 22:09:01.821,6.04337,6.05163,1.65,1.65
2013.08.28 22:09:02.751,6.04287,6.05093,1.73,1.65
2013.08.28 22:09:26.772,6.04287,6.05073,1.73,1.65
2013.08.28 22:09:43.851,6.04287,6.05073,1.73,1.65
2013.08.28 22:10:00.224,6.04383,6.05073,1.45,1.65
2013.08.28 22:10:01.783,6.04383,6.05144,1.45,1.65
2013.08.28 22:10:02.241,6.04383,6.05073,1.45,1.65
2013.08.28 22:10:15.044,6.0443,6.05073,1.93,1.65
2013.08.28 22:10:22.762,6.0443,6.05073,1.93,1.65
2013.08.28 22:10:25.613,6.0444,6.05073,1.73,1.65
2013.08.28 22:10:42.951,6.0444,6.05078,1.73,1.80
2013.08.28 22:10:45.192,6.04428,6.05078,1.50,1.80
2013.08.28 22:10:54.542,6.04493,6.05078,1.59,1.80
2013.08.28 22:10:55.302,6.04493,6.05116,1.59,1.80
2013.08.28 22:10:56.953,6.04502,6.05116,1.98,1.80
2013.08.28 22:11:00.695,6.04502,6.05202,1.98,1.88
2013.08.28 22:11:01.622,6.04502,6.05202,1.98,1.88
2013.08.28 22:11:07.031,6.04511,6.05137,2.72,1.80
2013.08.28 22:11:12.442,6.04603,6.05062,2.14,1.65
2013.08.28 22:11:12.799,6.04603,6.05049,2.14,1.80
2013.08.28 22:11:32.482,6.04603,6.05049,2.14,1.80
2013.08.28 22:11:41.043,6.04601,6.05057,1.50,1.80
2013.08.28 22:11:52.852,6.04601,6.0504,1.50,1.80
2013.08.28 22:12:00.932,6.04601,6.05093,1.50,1.65
2013.08.28 22:12:00.992,6.04601,6.05114,1.50,1.65
2013.08.28 22:12:02.022,6.04601,6.05093,1.50,1.65
2013.08.28 22:12:02.461,6.04601,6.05039,1.50,1.80
2013.08.28 22:12:06.159,6.04572,6.05018,2.69,1.65
2013.08.28 22:12:07.678,6.04572,6.05013,2.69,1.65
2013.08.28 22:12:17.364,6.04583,6.0497,2.70,1.80
2013.08.28 22:12:17.542,6.04583,6.04987,2.70,1.80
2013.08.28 22:12:17.602,6.04583,6.05006,2.70,1.80
2013.08.28 22:12:17.722,6.04588,6.05006,2.33,1.80
2013.08.28 22:12:19.563,6.04563,6.05006,1.65,1.80
2013.08.28 22:12:23.233,6.04604,6.05006,2.33,1.80
2013.08.28 22:12:23.545,6.04613,6.05006,2.18,1.80
2013.08.28 22:12:23.663,6.04613,6.05042,2.18,1.80
2013.08.28 22:12:23.783,6.04619,6.05042,2.70,1.80
2013.08.28 22:12:27.076,6.04623,6.05042,1.88,1.80
2013.08.28 22:12:35.473,6.04609,6.05042,2.63,1.80
2013.08.28 22:12:43.813,6.04619,6.05042,1.50,1.80
2013.08.28 22:12:47.682,6.04619,6.0502,1.50,1.80
2013.08.28 22:12:48.102,6.04623,6.0502,2.10,1.80
2013.08.28 22:12:48.492,6.04626,6.0502,2.25,1.80
2013.08.28 22:12:49.567,6.04622,6.0502,2.40,1.80
2013.08.28 22:12:54.622,6.04627,6.0502,2.25,1.80
2013.08.28 22:12:55.922,6.04622,6.0502,2.10,1.80
2013.08.28 22:12:56.135,6.04618,6.0502,1.50,1.80
2013.08.28 22:13:01.202,6.04618,6.05159,1.50,1.65
2013.08.28 22:13:02.223,6.04618,6.05053,1.50,1.65
2013.08.28 22:13:15.602,6.046,6.05033,2.10,1.80
2013.08.28 22:13:18.672,6.04604,6.05033,2.10,1.80
2013.08.28 22:13:22.573,6.04604,6.05033,2.10,1.80
2013.08.28 22:13:23.653,6.04599,6.05022,1.58,1.80
2013.08.28 22:13:23.833,6.04604,6.05022,1.80,1.80
2013.08.28 22:13:30.872,6.046,6.05022,2.70,1.80
2013.08.28 22:13:31.112,6.04603,6.05022,2.55,1.80
2013.08.28 22:13:36.983,6.04608,6.05022,1.88,1.80
2013.08.28 22:13:39.306,6.046,6.05022,2.85,1.80
2013.08.28 22:13:42.703,6.046,6.05022,2.85,1.80
2013.08.28 22:13:47.993,6.04603,6.05024,1.88,1.80
2013.08.28 22:13:48.353,6.04635,6.05024,2.70,1.80
2013.08.28 22:13:50.197,6.04622,6.05024,1.50,1.80
2013.08.28 22:13:50.264,6.04612,6.05024,2.85,1.80
2013.08.28 22:13:52.773,6.04612,6.04982,2.85,1.35
2013.08.28 22:13:52.952,6.04578,6.04982,1.65,2.14
2013.08.28 22:13:53.894,6.04578,6.04972,1.65,1.50
2013.08.28 22:13:54.274,6.04582,6.04982,1.65,2.14
2013.08.28 22:13:54.862,6.04582,6.04982,1.65,2.14
2013.08.28 22:13:55.852,6.04582,6.04982,1.65,2.89
2013.08.28 22:13:56.406,6.04582,6.04972,1.65,1.50
2013.08.28 22:14:00.373,6.04612,6.04972,1.95,1.50
2013.08.28 22:14:00.613,6.04613,6.05129,1.95,1.65
2013.08.28 22:14:01.172,6.04613,6.05172,1.95,2.63
2013.08.28 22:14:01.502,6.04613,6.04982,1.95,1.57
2013.08.28 22:14:01.802,6.04577,6.04978,1.50,1.65
2013.08.28 22:14:02.913,6.04577,6.04978,1.50,1.65
2013.08.28 22:14:03.793,6.04577,6.04972,1.50,1.50
2013.08.28 22:14:04.893,6.04577,6.04963,1.50,1.50
2013.08.28 22:14:07.602,6.04577,6.04953,1.50,2.12
2013.08.28 22:14:08.152,6.04554,6.04953,1.65,1.64
2013.08.28 22:14:08.893,6.04554,6.04943,1.65,1.50
2013.08.28 22:14:09.442,6.04554,6.04943,1.65,1.50
2013.08.28 22:14:10.883,6.04554,6.04943,1.65,1.50
2013.08.28 22:14:11.003,6.04604,6.04972,2.33,1.50
2013.08.28 22:14:11.456,6.04568,6.04972,1.05,1.50
2013.08.28 22:14:11.526,6.04567,6.04972,1.50,1.50
2013.08.28 22:14:12.273,6.04567,6.04972,2.40,1.50
2013.08.28 22:14:14.832,6.04568,6.04961,1.50,1.50
2013.08.28 22:14:19.720,6.04568,6.04961,1.50,1.50
2013.08.28 22:14:19.902,6.04558,6.04961,1.80,1.50
2013.08.28 22:14:20.935,6.04557,6.04961,1.50,1.50
2013.08.28 22:14:21.113,6.04557,6.04943,1.50,2.25
2013.08.28 22:14:40.896,6.04559,6.04943,2.70,1.50
2013.08.28 22:14:41.252,6.04557,6.04943,1.50,1.50
2013.08.28 22:14:41.743,6.04568,6.04952,1.50,1.50
2013.08.28 22:15:00.485,6.04568,6.04952,1.50,1.50
2013.08.28 22:15:00.602,6.04568,6.04969,1.50,1.65
2013.08.28 22:15:00.662,6.04559,6.0499,2.85,1.80
2013.08.28 22:15:00.722,6.04604,6.04994,2.93,1.65
2013.08.28 22:15:00.782,6.04604,6.05033,2.93,1.50
2013.08.28 22:15:01.793,6.04604,6.04983,2.93,2.00
2013.08.28 22:15:01.912,6.04569,6.04983,1.65,2.00
2013.08.28 22:15:02.453,6.04568,6.04982,1.65,2.45
2013.08.28 22:15:03.142,6.04569,6.04972,1.65,1.50
2013.08.28 22:15:04.883,6.04569,6.04961,1.65,1.50
2013.08.28 22:15:20.152,6.04569,6.04961,1.65,1.50
2013.08.28 22:15:20.752,6.0454,6.04943,1.50,1.50
2013.08.28 22:15:21.052,6.0454,6.04942,1.50,1.50
2013.08.28 22:15:21.803,6.0454,6.0493,1.50,1.50
2013.08.28 22:15:22.792,6.0454,6.0493,1.50,1.50
2013.08.28 22:15:23.673,6.0454,6.0493,1.50,1.50
2013.08.28 22:15:23.933,6.04538,6.04957,1.50,1.65
2013.08.28 22:15:23.993,6.04604,6.04976,1.50,1.80
2013.08.28 22:15:24.172,6.04565,6.04976,1.13,1.80
2013.08.28 22:15:24.352,6.04568,6.04957,1.50,1.65
2013.08.28 22:15:29.284,6.04558,6.0493,1.65,1.50
2013.08.28 22:15:29.343,6.04556,6.0493,1.50,1.50
2013.08.28 22:15:36.303,6.04556,6.0493,1.50,1.50
2013.08.28 22:15:36.633,6.04558,6.04942,1.50,1.50
2013.08.28 22:15:47.950,6.04558,6.04942,1.50,1.50
2013.08.28 22:15:54.589,6.04558,6.04942,1.50,1.50
2013.08.28 22:15:57.325,6.04567,6.04953,1.50,1.50
2013.08.28 22:16:00.742,6.04567,6.04965,1.50,1.65
2013.08.28 22:16:00.923,6.04559,6.0497,2.55,1.65
2013.08.28 22:16:00.982,6.04604,6.0497,1.50,1.65
2013.08.28 22:16:01.163,6.04604,6.05155,2.63,1.65
2013.08.28 22:16:01.863,6.04604,6.05133,2.63,1.50
2013.08.28 22:16:01.983,6.04603,6.04983,2.63,1.93
2013.08.28 22:16:02.283,6.04568,6.04982,1.65,1.49
2013.08.28 22:16:03.063,6.04555,6.04972,1.95,1.65
2013.08.28 22:16:03.692,6.04554,6.04973,1.80,1.65
2013.08.28 22:16:03.784,6.04549,6.04973,2.03,1.65
2013.08.28 22:16:03.843,6.04556,6.04956,1.50,1.65
2013.08.28 22:16:04.863,6.04556,6.04956,1.50,1.65
2013.08.28 22:16:05.853,6.04556,6.04956,1.50,1.65
2013.08.28 22:16:08.714,6.04537,6.04956,1.50,1.65
2013.08.28 22:16:08.843,6.0455,6.04942,1.50,1.50
2013.08.28 22:16:08.904,6.0454,6.04943,2.03,1.56
2013.08.28 22:16:08.963,6.04576,6.04943,1.73,1.56
2013.08.28 22:16:09.023,6.04576,6.04944,1.73,1.50
2013.08.28 22:16:09.143,6.04556,6.04942,1.50,1.50
2013.08.28 22:16:09.263,6.04556,6.04932,1.50,2.55
2013.08.28 22:16:10.093,6.04556,6.04942,1.50,1.50
2013.08.28 22:16:12.893,6.04556,6.04932,1.50,1.50
2013.08.28 22:16:27.143,6.0456,6.04932,1.50,1.50
2013.08.28 22:16:29.782,6.0456,6.04948,1.50,1.65
2013.08.28 22:16:30.087,6.04526,6.0495,1.65,1.65
2013.08.28 22:16:33.202,6.04381,6.04942,1.50,1.50
2013.08.28 22:16:34.353,6.04381,6.0493,1.50,1.50
2013.08.28 22:16:34.893,6.04487,6.04954,1.50,1.65
2013.08.28 22:16:35.403,6.04525,6.04954,1.50,1.65
2013.08.28 22:16:35.463,6.04525,6.0493,1.50,1.65
2013.08.28 22:16:35.582,6.04525,6.0493,1.50,1.65
2013.08.28 22:16:35.643,6.04525,6.04947,1.50,1.65
2013.08.28 22:16:38.963,6.04382,6.04982,1.50,1.50
2013.08.28 22:16:39.263,6.04468,6.0493,1.50,1.65
2013.08.28 22:16:39.443,6.04468,6.04933,1.50,1.50
2013.08.28 22:16:41.142,6.04525,6.04952,1.50,1.50
2013.08.28 22:16:41.523,6.04525,6.04915,1.50,1.80
2013.08.28 22:17:00.912,6.04525,6.04915,1.50,1.80
2013.08.28 22:17:01.053,6.04524,6.04962,1.50,1.65
2013.08.28 22:17:01.112,6.04563,6.04971,2.40,1.50
2013.08.28 22:17:01.173,6.04563,6.05006,2.40,1.65
2013.08.28 22:17:01.292,6.04562,6.05025,2.85,1.65
2013.08.28 22:17:01.861,6.04563,6.05124,1.50,1.65
2013.08.28 22:17:01.983,6.04563,6.04982,1.50,2.77
2013.08.28 22:17:02.163,6.04526,6.04982,1.13,2.77
2013.08.28 22:17:02.222,6.04526,6.04973,1.65,1.65
2013.08.28 22:17:02.566,6.04516,6.04955,2.18,1.80
2013.08.28 22:17:03.564,6.04517,6.04955,1.95,1.80
2013.08.28 22:17:43.872,6.04525,6.04942,1.50,1.65
2013.08.28 22:18:01.143,6.04563,6.0496,2.03,1.65
2013.08.28 22:18:01.203,6.04563,6.0505,2.03,1.65
2013.08.28 22:18:01.323,6.04563,6.05101,2.03,1.65
2013.08.28 22:18:01.895,6.04563,6.05146,2.03,1.65
2013.08.28 22:18:02.267,6.04562,6.04982,2.40,2.48
2013.08.28 22:18:02.453,6.04528,6.04972,1.05,1.65
2013.08.28 22:18:02.513,6.04526,6.0496,1.50,1.80
2013.08.28 22:18:02.633,6.04518,6.0496,1.50,1.80
2013.08.28 22:18:07.913,6.04531,6.0496,1.50,2.55
2013.08.28 22:18:08.924,6.04544,6.0496,2.85,2.55
2013.08.28 22:18:10.134,6.04554,6.0496,1.50,2.55
2013.08.28 22:18:16.625,6.04554,6.0496,1.50,2.55
2013.08.28 22:18:18.888,6.04553,6.0496,2.78,2.55
2013.08.28 22:18:19.194,6.0454,6.0496,1.50,2.55
2013.08.28 22:18:19.593,6.0455,6.0496,1.50,2.55
2013.08.28 22:18:19.924,6.0454,6.0496,1.50,2.55
2013.08.28 22:18:20.913,6.0454,6.04941,1.50,1.65
2013.08.28 22:18:21.080,6.0454,6.0496,1.50,2.55
2013.08.28 22:18:22.853,6.0454,6.04951,1.50,1.80
2013.08.28 22:18:27.113,6.04528,6.04951,1.50,1.80
2013.08.28 22:18:29.585,6.04536,6.04951,1.50,1.80
2013.08.28 22:18:29.924,6.04538,6.04951,1.50,1.80
2013.08.28 22:18:30.492,6.04537,6.04951,1.50,1.80
2013.08.28 22:18:32.343,6.04537,6.04951,1.50,1.80
2013.08.28 22:18:37.053,6.0454,6.04951,1.58,1.80
2013.08.28 22:18:39.734,6.04535,6.04951,2.03,1.80
2013.08.28 22:18:42.783,6.04535,6.04946,2.03,1.80
2013.08.28 22:18:47.031,6.0454,6.04946,1.88,1.80
2013.08.28 22:19:01.203,6.04585,6.05039,2.48,1.80
2013.08.28 22:19:01.263,6.04585,6.05043,2.48,1.65
2013.08.28 22:19:01.323,6.04585,6.05148,2.48,1.65
2013.08.28 22:19:01.780,6.04585,6.05148,2.48,1.65
2013.08.28 22:19:02.138,6.04585,6.04983,2.48,2.52
2013.08.28 22:19:02.493,6.04549,6.04967,1.50,1.80
2013.08.28 22:19:02.553,6.04539,6.04967,2.18,1.80
2013.08.28 22:19:22.733,6.04539,6.04961,2.18,2.55
2013.08.28 22:19:43.703,6.04539,6.04961,2.18,2.55
2013.08.28 22:20:01.203,6.04586,6.04961,2.33,1.65
2013.08.28 22:20:01.525,6.04604,6.05042,2.03,1.50
2013.08.28 22:20:01.583,6.04604,6.05132,2.03,1.65
2013.08.28 22:20:01.703,6.04604,6.05132,2.03,1.65
2013.08.28 22:20:01.894,6.04604,6.05169,2.03,1.65
2013.08.28 22:20:02.233,6.04604,6.05013,2.03,1.56
2013.08.28 22:20:02.593,6.04563,6.04972,1.50,1.80
2013.08.28 22:20:02.653,6.04553,6.04972,1.50,1.80
2013.08.28 22:20:03.176,6.04554,6.04972,2.48,1.80
2013.08.28 22:20:03.814,6.04553,6.04972,2.33,1.80
2013.08.28 22:20:18.404,6.04566,6.04972,2.25,2.55
2013.08.28 22:20:22.413,6.04558,6.04972,2.18,1.80
2013.08.28 22:20:22.944,6.04558,6.04972,2.18,1.80
2013.08.28 22:20:24.973,6.04553,6.04964,2.40,1.80
2013.08.28 22:20:27.053,6.04557,6.04964,1.73,1.80
2013.08.28 22:20:27.393,6.04553,6.04964,1.58,1.80
2013.08.28 22:20:28.783,6.0455,6.04963,1.50,1.65
2013.08.28 22:20:30.184,6.04555,6.04964,1.50,1.80
2013.08.28 22:20:30.423,6.0455,6.04964,1.50,1.80
2013.08.28 22:20:34.179,6.04547,6.04964,1.50,1.80
2013.08.28 22:20:34.334,6.04546,6.0496,1.50,1.65
2013.08.28 22:20:35.744,6.0454,6.0496,1.65,1.65
2013.08.28 22:20:42.793,6.0454,6.04933,1.65,1.80
2013.08.28 22:21:01.214,6.04585,6.05016,2.70,1.65
2013.08.28 22:21:01.403,6.04586,6.05036,2.55,1.80
2013.08.28 22:21:01.523,6.04586,6.05119,2.55,1.65
2013.08.28 22:21:01.864,6.04586,6.05119,2.55,1.65
2013.08.28 22:21:02.248,6.04586,6.04983,2.55,1.67
2013.08.28 22:21:02.433,6.0455,6.04983,1.05,1.67
2013.08.28 22:21:02.493,6.0455,6.04973,1.05,1.65
2013.08.28 22:21:02.835,6.0454,6.04962,2.70,1.80
2013.08.28 22:21:22.753,6.0454,6.04957,2.70,1.80
2013.08.28 22:21:43.233,6.0454,6.04957,2.70,1.80
2013.08.28 22:21:53.264,6.04537,6.04955,1.50,1.80
2013.08.28 22:21:53.383,6.0454,6.04955,1.58,1.80
2013.08.28 22:22:00.941,6.0454,6.0496,1.58,1.65
2013.08.28 22:22:01.003,6.0454,6.04982,1.58,2.25
2013.08.28 22:22:01.123,6.0454,6.05019,1.58,1.65
2013.08.28 22:22:01.183,6.04586,6.05043,1.88,1.65
2013.08.28 22:22:01.243,6.04586,6.05049,1.88,1.50
2013.08.28 22:22:01.363,6.04586,6.05156,1.88,1.65
2013.08.28 22:22:02.174,6.04558,6.04982,1.88,2.93
2013.08.28 22:22:02.294,6.04558,6.04982,1.13,2.93
2013.08.28 22:22:02.413,6.04539,6.04982,1.58,1.95
2013.08.28 22:22:02.474,6.04539,6.04972,1.58,1.65
2013.08.28 22:22:07.925,6.04548,6.0496,2.85,1.65
2013.08.28 22:22:22.716,6.04554,6.0496,1.50,1.65
2013.08.28 22:22:43.671,6.04554,6.0496,1.50,1.65
2013.08.28 22:22:56.374,6.04554,6.0496,1.50,2.55
2013.08.28 22:22:59.704,6.04554,6.0496,1.50,2.55
2013.08.28 22:23:00.943,6.04589,6.05038,2.40,1.80
2013.08.28 22:23:01.003,6.04589,6.05082,2.40,1.50
2013.08.28 22:23:01.063,6.0459,6.05082,1.88,1.50
2013.08.28 22:23:01.849,6.04589,6.05131,1.88,1.65
2013.08.28 22:23:02.164,6.04558,6.05002,1.13,1.65
2013.08.28 22:23:02.344,6.04555,6.04976,1.50,1.80
2013.08.28 22:23:04.943,6.04554,6.04976,1.50,1.80
2013.08.28 22:23:05.614,6.04548,6.04976,1.50,1.80
2013.08.28 22:23:09.813,6.04548,6.04976,3.30,1.80
2013.08.28 22:23:15.354,6.04553,6.04976,2.10,1.80
2013.08.28 22:23:15.474,6.04548,6.04976,2.85,1.80
2013.08.28 22:23:16.614,6.04558,6.04976,1.50,1.80
2013.08.28 22:23:22.504,6.04558,6.04973,1.50,1.80
2013.08.28 22:23:59.403,6.04545,6.04974,2.03,1.80
2013.08.28 22:23:59.464,6.04594,6.04974,1.73,1.80
2013.08.28 22:23:59.593,6.04594,6.05032,1.73,1.50
2013.08.28 22:23:59.774,6.04594,6.05032,2.55,1.50
2013.08.28 22:24:00.658,6.04595,6.05032,2.10,1.50
2013.08.28 22:24:00.774,6.04595,6.05073,2.10,1.50
2013.08.28 22:24:00.893,6.04595,6.0513,2.10,1.65
2013.08.28 22:24:01.684,6.04595,6.0513,2.10,1.65
2013.08.28 22:24:02.043,6.04549,6.04983,2.93,1.80
2013.08.28 22:24:02.738,6.04554,6.04983,1.50,1.80
2013.08.28 22:24:04.174,6.04547,6.04983,1.50,1.80
2013.08.28 22:24:04.233,6.04564,6.04983,2.78,1.80
2013.08.28 22:24:07.215,6.04568,6.04983,2.18,1.80
2013.08.28 22:24:09.825,6.04564,6.04983,2.85,1.80
2013.08.28 22:24:22.767,6.04564,6.04983,2.85,1.80
2013.08.28 22:24:29.434,6.04569,6.04979,1.58,1.80
2013.08.28 22:24:36.919,6.04564,6.04979,1.95,1.80
2013.08.28 22:24:37.065,6.04569,6.04979,2.78,1.80
2013.08.28 22:24:43.793,6.04569,6.04981,2.78,1.80
2013.08.28 22:25:00.594,6.04569,6.05023,2.78,1.50
2013.08.28 22:25:00.654,6.04595,6.05047,1.65,1.65
2013.08.28 22:25:00.773,6.04595,6.05087,1.65,1.65
2013.08.28 22:25:01.654,6.04554,6.05013,1.05,2.19
2013.08.28 22:25:02.014,6.04557,6.04957,1.50,1.80
2013.08.28 22:25:04.143,6.04568,6.04957,2.10,1.80
2013.08.28 22:25:22.856,6.04554,6.04966,2.03,1.80
2013.08.28 22:25:42.234,6.04598,6.04966,1.80,1.80
2013.08.28 22:25:42.294,6.04598,6.04991,1.80,1.65
2013.08.28 22:25:42.353,6.04598,6.05032,1.80,1.50
2013.08.28 22:25:42.414,6.04583,6.05032,1.50,1.50
2013.08.28 22:25:42.597,6.04583,6.04991,1.50,1.65
2013.08.28 22:25:59.484,6.04582,6.04962,1.50,1.80
2013.08.28 22:26:00.294,6.04573,6.04962,1.73,1.80
2013.08.28 22:26:00.414,6.04594,6.05052,1.88,2.40
2013.08.28 22:26:00.534,6.04594,6.05091,1.88,1.65
2013.08.28 22:26:01.254,6.04594,6.05032,1.88,1.50
2013.08.28 22:26:01.433,6.0457,6.05032,1.05,2.25
2013.08.28 22:26:01.494,6.04568,6.05032,1.65,1.65
2013.08.28 22:26:01.804,6.04568,6.04993,1.65,1.80
2013.08.28 22:26:02.526,6.04569,6.04993,1.88,1.80
2013.08.28 22:26:03.140,6.04572,6.04993,2.03,1.80
2013.08.28 22:26:04.474,6.04568,6.04993,2.55,1.80
2013.08.28 22:26:09.729,6.04572,6.04993,1.65,1.80
2013.08.28 22:26:10.345,6.04569,6.04993,1.80,1.80
2013.08.28 22:26:21.104,6.04577,6.04993,1.50,1.80
2013.08.28 22:26:21.913,6.04577,6.04999,1.50,1.80
2013.08.28 22:26:32.004,6.04591,6.04999,1.50,1.80
2013.08.28 22:26:32.124,6.04581,6.04999,2.93,1.80
2013.08.28 22:26:36.435,6.04591,6.04999,1.50,1.80
2013.08.28 22:26:36.655,6.04581,6.04999,2.93,1.80
2013.08.28 22:26:40.129,6.04591,6.04999,1.50,1.80
2013.08.28 22:26:40.925,6.04581,6.04999,2.93,1.80
2013.08.28 22:26:41.145,6.04591,6.04999,1.50,1.80
2013.08.28 22:26:41.814,6.04591,6.04999,1.50,1.80
2013.08.28 22:26:42.126,6.04581,6.05011,2.93,1.80
2013.08.28 22:26:56.428,6.04591,6.05011,1.50,1.80
2013.08.28 22:27:01.222,6.04609,6.05011,1.95,1.80
2013.08.28 22:27:01.288,6.04609,6.05103,1.95,1.65
2013.08.28 22:27:01.354,6.04609,6.05155,1.95,1.65
2013.08.28 22:27:01.914,6.04609,6.05033,1.95,1.13
2013.08.28 22:27:02.279,6.04581,6.05033,2.33,1.13
2013.08.28 22:27:02.344,6.04581,6.05014,2.33,1.80
2013.08.28 22:27:03.515,6.04582,6.05014,2.48,1.80
2013.08.28 22:27:03.964,6.04592,6.05014,1.50,1.80
2013.08.28 22:27:04.904,6.04592,6.05014,1.50,1.80
2013.08.28 22:27:21.237,6.04582,6.05014,2.48,1.80
2013.08.28 22:27:22.486,6.04582,6.0502,2.48,1.65
2013.08.28 22:27:24.542,6.04592,6.0502,1.50,1.65
2013.08.28 22:27:28.078,6.04582,6.0502,2.48,1.65
2013.08.28 22:27:42.717,6.04582,6.0502,2.48,1.65
2013.08.28 22:27:45.284,6.04587,6.05014,1.95,1.80
2013.08.28 22:27:45.614,6.04591,6.05014,2.63,1.80
2013.08.28 22:27:54.794,6.04596,6.05014,1.65,1.80
2013.08.28 22:28:01.634,6.04595,6.05014,2.93,1.80
2013.08.28 22:28:01.814,6.04622,6.05083,2.10,1.65
2013.08.28 22:28:01.934,6.04622,6.05103,2.10,1.80
2013.08.28 22:28:02.388,6.04622,6.05199,2.10,1.65
2013.08.28 22:28:02.744,6.04622,6.05073,2.10,1.37
2013.08.28 22:28:02.934,6.04605,6.05073,1.50,1.37
2013.08.28 22:28:02.994,6.04605,6.05063,1.50,1.65
2013.08.28 22:28:03.054,6.04595,6.05021,1.50,1.80
2013.08.28 22:28:03.664,6.04596,6.05021,2.10,1.80
2013.08.28 22:28:04.184,6.04595,6.05021,2.10,1.80
2013.08.28 22:28:23.634,6.04595,6.05029,2.10,1.80
2013.08.28 22:28:43.584,6.04595,6.05029,2.10,1.80
2013.08.28 22:29:01.334,6.04595,6.05073,2.10,1.50
2013.08.28 22:29:01.514,6.04622,6.05195,1.88,1.65
2013.08.28 22:29:01.694,6.04622,6.05149,1.88,1.65
2013.08.28 22:29:01.814,6.04642,6.05149,1.50,1.65
2013.08.28 22:29:02.244,6.04642,6.05085,1.50,1.80
2013.08.28 22:29:02.424,6.04638,6.05064,1.50,1.65
2013.08.28 22:29:02.724,6.04615,6.05073,2.70,1.86
2013.08.28 22:29:03.491,6.04615,6.05063,2.70,1.50
2013.08.28 22:29:04.034,6.04614,6.05083,2.48,1.50
2013.08.28 22:29:59.114,6.04622,6.05102,2.18,1.50
2013.08.28 22:29:59.505,6.04622,6.05152,2.33,1.65
2013.08.28 22:29:59.905,6.04622,6.05189,2.33,1.65
2013.08.28 22:30:00.334,6.04622,6.05092,2.33,2.34
2013.08.28 22:30:00.455,6.04615,6.05092,1.65,2.34
2013.08.28 22:30:01.129,6.04615,6.05093,1.65,2.63
2013.08.28 22:30:01.314,6.04615,6.05132,1.65,1.50
2013.08.28 22:30:01.434,6.04615,6.05115,1.65,1.50
2013.08.28 22:30:01.800,6.04622,6.05115,2.33,1.50
2013.08.28 22:30:02.404,6.04619,6.05138,1.50,1.65
2013.08.28 22:30:02.524,6.04615,6.05092,2.93,2.43
2013.08.28 22:30:03.724,6.04618,6.05082,1.50,1.50
2013.08.28 22:30:34.085,6.04616,6.05082,1.50,1.50
2013.08.28 22:30:34.205,6.04618,6.05083,1.50,1.50
2013.08.28 22:30:49.524,6.04615,6.05083,1.50,1.50
2013.08.28 22:30:54.658,6.04618,6.05083,1.50,1.50
2013.08.28 22:31:00.674,6.04611,6.05092,1.73,1.50
2013.08.28 22:31:00.734,6.04611,6.05112,1.73,1.65
2013.08.28 22:31:00.914,6.04611,6.05112,1.73,1.65
2013.08.28 22:31:01.386,6.04612,6.05112,2.18,1.65
2013.08.28 22:31:01.854,6.04622,6.05092,1.50,1.50
2013.08.28 22:31:01.915,6.0462,6.05092,1.50,1.50
2013.08.28 22:31:02.034,6.04619,6.05083,1.50,1.50
2013.08.28 22:31:02.927,6.04621,6.05092,1.50,2.40
2013.08.28 22:31:42.934,6.04655,6.05108,1.50,1.65
2013.08.28 22:32:01.145,6.04633,6.05142,1.50,1.80
2013.08.28 22:32:01.354,6.04634,6.05173,1.50,1.50
2013.08.28 22:32:01.414,6.04628,6.05178,1.50,1.65
2013.08.28 22:32:01.475,6.0463,6.05178,1.95,1.65
2013.08.28 22:32:01.776,6.0463,6.05178,1.95,1.65
2013.08.28 22:32:02.314,6.0463,6.05133,1.95,1.91
2013.08.28 22:32:02.712,6.04633,6.05123,1.50,1.50
2013.08.28 22:33:00.694,6.04633,6.05172,1.50,1.65
2013.08.28 22:33:01.585,6.0464,6.05133,1.50,1.50
2013.08.28 22:33:01.884,6.04636,6.05123,1.50,1.50
2013.08.28 22:33:02.124,6.04634,6.05123,1.50,2.25
2013.08.28 22:33:02.525,6.04633,6.05123,1.50,1.50
2013.08.28 22:33:02.855,6.04633,6.05123,1.50,1.50
2013.08.28 22:33:26.268,6.04672,6.05132,1.50,1.50
2013.08.28 22:33:26.445,6.04665,6.05163,2.33,1.50
2013.08.28 22:33:26.505,6.04676,6.05163,1.80,1.50
2013.08.28 22:33:27.435,6.04686,6.05163,1.50,1.50
2013.08.28 22:33:27.824,6.04686,6.05163,1.50,1.50
2013.08.28 22:34:01.164,6.04679,6.05231,1.73,1.65
2013.08.28 22:34:01.284,6.04685,6.05231,1.50,1.65
2013.08.28 22:34:02.054,6.04695,6.05153,1.50,1.50
2013.08.28 22:34:02.372,6.04688,6.05149,1.50,1.50
2013.08.28 22:34:02.694,6.04688,6.05142,1.50,1.50
2013.08.28 22:34:50.494,6.047,6.05124,1.65,1.65
2013.08.28 22:34:50.555,6.0468,6.05134,1.80,1.80
2013.08.28 22:34:50.704,6.04648,6.05067,1.50,1.80
2013.08.28 22:35:46.525,6.04707,6.05152,1.50,1.65
2013.08.28 22:35:46.584,6.04707,6.05154,1.50,1.50
2013.08.28 22:35:46.904,6.04701,6.05154,1.50,1.50
2013.08.28 22:35:47.350,6.04701,6.05142,1.50,1.50
2013.08.28 22:35:50.735,6.04668,6.05124,1.65,1.65
2013.08.28 22:35:50.817,6.0464,6.05145,1.65,1.65
2013.08.28 22:35:50.874,6.04668,6.0512,1.80,1.80
2013.08.28 22:35:51.194,6.04638,6.05061,1.50,1.80
2013.08.28 22:35:51.808,6.0464,6.05061,1.50,1.80
2013.08.28 22:36:31.157,6.04628,6.0504,2.40,1.65
2013.08.28 22:36:31.345,6.04647,6.05053,1.50,1.65
2013.08.28 22:36:31.875,6.04647,6.05053,1.50,1.65
2013.08.28 22:36:45.505,6.04636,6.05132,1.50,1.50
2013.08.28 22:36:45.564,6.04694,6.05159,1.50,1.65
2013.08.28 22:36:45.685,6.04692,6.0516,1.50,1.50
2013.08.28 22:36:45.864,6.04679,6.0516,1.50,1.50
2013.08.28 22:36:46.205,6.04679,6.05124,1.50,1.50
2013.08.28 22:36:46.874,6.0468,6.05124,1.50,1.50
2013.08.28 22:36:50.424,6.0468,6.05153,1.50,1.50
2013.08.28 22:36:50.484,6.0467,6.05153,1.88,1.50
2013.08.28 22:36:50.544,6.04663,6.05117,1.80,1.80
2013.08.28 22:36:51.126,6.04626,6.05061,1.65,1.80
2013.08.28 22:36:51.427,6.04627,6.05061,1.50,1.80
2013.08.28 22:36:53.884,6.04628,6.05041,1.50,1.65
2013.08.28 22:37:08.677,6.04626,6.05041,1.65,1.65
2013.08.28 22:37:12.115,6.04627,6.05041,2.40,1.65
2013.08.28 22:37:12.369,6.04627,6.05041,1.65,1.65
2013.08.28 22:37:15.167,6.04628,6.05041,1.50,1.65
2013.08.28 22:37:15.377,6.04627,6.05041,1.65,1.65
2013.08.28 22:37:22.265,6.04628,6.05041,1.50,1.65
2013.08.28 22:37:45.884,6.04631,6.05056,1.50,1.80
2013.08.28 22:37:45.944,6.04649,6.05056,1.13,1.80
2013.08.28 22:37:46.125,6.04682,6.05133,2.93,1.50
2013.08.28 22:37:46.185,6.04686,6.05163,1.50,1.50
2013.08.28 22:37:47.340,6.04693,6.05133,1.50,1.50
2013.08.28 22:37:48.167,6.04692,6.05124,1.50,1.50
2013.08.28 22:37:49.215,6.04692,6.05132,1.50,1.50
2013.08.28 22:37:50.474,6.047,6.05124,1.50,1.65
2013.08.28 22:37:50.535,6.04651,6.05105,1.80,1.80
2013.08.28 22:37:50.594,6.04637,6.05084,1.65,1.80
2013.08.28 22:37:50.654,6.04631,6.05044,1.50,1.80
2013.08.28 22:37:51.376,6.04637,6.05044,1.50,1.80
2013.08.28 22:38:05.215,6.04632,6.05024,1.50,1.65
2013.08.28 22:38:05.514,6.04604,6.05024,1.65,1.65
2013.08.28 22:38:06.007,6.04612,6.05024,1.65,1.65
2013.08.28 22:38:08.064,6.04613,6.05024,1.50,1.65
2013.08.28 22:38:45.675,6.04613,6.05083,1.50,1.65
2013.08.28 22:38:45.739,6.04613,6.05124,1.50,1.50
2013.08.28 22:38:45.855,6.04668,6.05151,1.50,1.65
2013.08.28 22:38:46.417,6.04668,6.05163,1.50,1.50
2013.08.28 22:38:46.874,6.04675,6.05125,1.50,1.50
2013.08.28 22:38:50.425,6.04625,6.05133,1.35,1.50
2013.08.28 22:38:50.485,6.04664,6.05119,1.80,1.80
2013.08.28 22:38:50.835,6.0462,6.05062,1.65,1.80
2013.08.28 22:38:51.164,6.04629,6.05062,1.65,1.80
2013.08.28 22:38:52.895,6.04629,6.05041,1.65,1.65
2013.08.28 22:38:53.831,6.04629,6.05041,1.65,1.65
2013.08.28 22:39:42.076,6.04641,6.05056,1.65,1.65
2013.08.28 22:39:42.486,6.04641,6.05056,1.65,1.65
2013.08.28 22:39:45.425,6.04641,6.05076,1.65,1.80
2013.08.28 22:39:45.485,6.04672,6.05158,1.50,1.65
2013.08.28 22:39:46.326,6.04675,6.05125,1.50,1.50
2013.08.28 22:39:46.851,6.04675,6.05125,1.50,1.50
2013.08.28 22:39:50.395,6.04618,6.05122,1.27,1.50
2013.08.28 22:39:50.635,6.0466,6.05093,1.80,1.65
2013.08.28 22:39:50.939,6.04618,6.05056,1.65,1.80
2013.08.28 22:39:51.395,6.04621,6.05056,1.65,1.80
2013.08.28 22:39:52.791,6.04621,6.05036,1.65,1.65
2013.08.28 22:39:53.891,6.04621,6.05036,1.65,1.65
2013.08.28 22:40:23.315,6.04627,6.05033,1.50,1.65
2013.08.28 22:40:31.505,6.04627,6.05033,1.50,1.65
2013.08.28 22:40:32.416,6.04645,6.0505,1.50,1.80
2013.08.28 22:40:33.850,6.04628,6.05032,1.50,1.65
2013.08.28 22:40:45.675,6.04676,6.05042,2.48,1.65
2013.08.28 22:40:45.795,6.04675,6.05142,2.55,1.50
2013.08.28 22:40:45.975,6.04675,6.05173,2.55,1.50
2013.08.28 22:40:46.496,6.04685,6.05155,1.50,1.50
2013.08.28 22:40:47.166,6.04685,6.05142,1.50,1.50
2013.08.28 22:41:01.395,6.04676,6.0521,3.60,1.65
2013.08.28 22:41:02.226,6.04686,6.05184,1.50,1.50
2013.08.28 22:41:02.495,6.04686,6.05155,1.50,1.50
2013.08.28 22:41:02.885,6.04686,6.05142,1.50,1.50
2013.08.28 22:41:32.207,6.04686,6.05125,1.50,1.50
2013.08.28 22:41:34.840,6.04681,6.05152,1.50,1.50
2013.08.28 22:41:53.677,6.04691,6.05125,1.50,1.50
2013.08.28 22:41:53.798,6.04649,6.05124,1.50,1.50
2013.08.28 22:41:54.036,6.04655,6.05143,1.50,1.50
2013.08.28 22:41:54.337,6.04676,6.05124,1.65,1.65
2013.08.28 22:42:01.345,6.04676,6.05109,1.65,1.80
2013.08.28 22:42:01.525,6.04673,6.05109,1.65,1.80
2013.08.28 22:42:03.057,6.04676,6.05109,1.65,1.80
2013.08.28 22:42:14.736,6.04668,6.05109,1.50,1.80
2013.08.28 22:42:50.486,6.04659,6.05098,1.65,1.65
2013.08.28 22:42:51.048,6.04648,6.05079,1.65,1.65
2013.08.28 22:42:51.165,6.04607,6.05076,1.50,1.80
2013.08.28 22:42:51.876,6.04632,6.05073,1.50,1.65
2013.08.28 22:42:52.866,6.04632,6.05056,1.50,1.65
2013.08.28 22:42:53.856,6.04632,6.05056,1.50,1.65
2013.08.28 22:43:17.545,6.04668,6.05079,1.50,1.50
2013.08.28 22:43:23.136,6.04606,6.05052,1.50,1.65
2013.08.28 22:43:23.196,6.04606,6.05035,1.50,1.65
2013.08.28 22:43:33.186,6.04627,6.05035,1.50,1.65
2013.08.28 22:43:33.486,6.04637,6.05035,1.50,1.65
2013.08.28 22:43:34.152,6.04627,6.05035,1.50,1.65
2013.08.28 22:43:36.985,6.04638,6.05035,1.50,1.65
2013.08.28 22:43:44.056,6.04638,6.05022,1.50,1.65
2013.08.28 22:43:45.476,6.04654,6.05036,1.50,1.80
2013.08.28 22:43:45.596,6.04654,6.05053,1.50,1.80
2013.08.28 22:43:45.656,6.04654,6.05064,1.50,1.65
2013.08.28 22:43:50.505,6.04654,6.05053,1.50,2.40
2013.08.28 22:43:50.812,6.04644,6.05053,2.70,2.40
2013.08.28 22:43:50.880,6.046,6.05033,1.50,2.55
2013.08.28 22:43:51.505,6.04627,6.05033,1.50,2.55
2013.08.28 22:43:52.647,6.04627,6.05033,1.50,3.30
2013.08.28 22:43:53.917,6.04627,6.05022,1.50,1.65
2013.08.28 22:44:10.745,6.04589,6.05022,1.50,1.65
2013.08.28 22:44:27.136,6.04589,6.05018,1.50,1.65
2013.08.28 22:44:37.667,6.04589,6.05022,1.50,1.65
2013.08.28 22:44:45.976,6.04617,6.05033,1.50,1.65
2013.08.28 22:44:46.095,6.04617,6.05075,1.50,1.80
2013.08.28 22:44:46.215,6.04618,6.05072,2.55,1.80
2013.08.28 22:44:46.706,6.04638,6.05064,1.65,1.65
2013.08.28 22:44:50.106,6.04648,6.05064,1.50,1.65
2013.08.28 22:44:50.477,6.04638,6.05064,1.65,1.65
2013.08.28 22:44:51.297,6.04618,6.05052,1.80,1.65
2013.08.28 22:44:51.596,6.04622,6.05052,1.65,1.65
2013.08.28 22:44:54.385,6.04601,6.05025,1.65,1.65
2013.08.28 22:45:14.476,6.04622,6.05033,1.65,1.65
2013.08.28 22:45:34.826,6.04609,6.05025,1.65,1.65
2013.08.28 22:45:48.287,6.0463,6.05035,1.50,1.65
2013.08.28 22:45:50.526,6.04627,6.05023,1.50,1.65
2013.08.28 22:45:50.646,6.04609,6.05023,1.65,1.65
2013.08.28 22:45:51.896,6.04609,6.05022,2.40,1.50
2013.08.28 22:45:52.886,6.04609,6.05016,2.40,1.50
2013.08.28 22:45:53.936,6.04609,6.05016,2.40,1.50
2013.08.28 22:45:54.916,6.04609,6.05011,1.50,1.65
2013.08.28 22:46:12.026,6.04609,6.05011,1.50,1.65
2013.08.28 22:46:25.947,6.04609,6.05012,1.50,1.65
2013.08.28 22:46:45.398,6.04601,6.05015,1.65,1.65
2013.08.28 22:46:45.516,6.04619,6.05015,1.95,1.65
2013.08.28 22:46:45.846,6.04629,6.05035,1.50,1.80
2013.08.28 22:46:46.159,6.04629,6.05035,1.50,2.55
2013.08.28 22:46:50.496,6.04601,6.05015,1.65,1.65
2013.08.28 22:46:50.556,6.04598,6.05015,1.65,1.65
2013.08.28 22:46:50.822,6.04601,6.05015,1.65,1.65
2013.08.28 22:46:51.897,6.04601,6.05008,1.65,1.50
2013.08.28 22:46:52.886,6.04601,6.05008,1.65,1.50
2013.08.28 22:47:12.107,6.04609,6.05001,1.50,1.65
2013.08.28 22:47:12.427,6.04628,6.05012,1.50,1.50
2013.08.28 22:47:18.776,6.04623,6.05013,1.65,1.50
2013.08.28 22:47:18.957,6.04609,6.05013,1.65,1.50
2013.08.28 22:47:19.106,6.04588,6.05,2.40,1.65
2013.08.28 22:47:19.166,6.04608,6.05,1.50,1.65
2013.08.28 22:47:19.916,6.04588,6.05,1.65,1.65
2013.08.28 22:47:20.227,6.04608,6.05,1.50,1.65
2013.08.28 22:47:21.227,6.04588,6.05,2.40,1.65
2013.08.28 22:47:21.407,6.04609,6.05,1.50,1.65
2013.08.28 22:47:21.706,6.04607,6.05,1.50,1.65
2013.08.28 22:47:22.846,6.04609,6.05,1.50,1.65
2013.08.28 22:47:45.846,6.04627,6.05013,1.65,1.50
2013.08.28 22:47:45.966,6.04628,6.05053,1.65,1.65
2013.08.28 22:47:46.622,6.04653,6.05042,1.50,1.65
2013.08.28 22:47:50.486,6.04638,6.05035,1.50,1.50
2013.08.28 22:47:50.547,6.04628,6.05031,1.65,1.50
2013.08.28 22:47:52.946,6.04628,6.0501,1.65,1.50
2013.08.28 22:48:45.676,6.046,6.05014,1.65,1.65
2013.08.28 22:48:45.736,6.046,6.05014,1.65,1.65
2013.08.28 22:48:45.797,6.04652,6.05033,1.50,1.80
2013.08.28 22:48:45.916,6.04652,6.05063,1.50,1.65
2013.08.28 22:48:46.469,6.04652,6.05063,1.50,1.65
2013.08.28 22:48:50.529,6.0465,6.05046,1.65,1.50
2013.08.28 22:48:50.586,6.0463,6.05046,1.80,1.50
2013.08.28 22:48:51.116,6.0463,6.05026,1.65,1.65
2013.08.28 22:48:51.936,6.04601,6.05025,1.50,1.65
2013.08.28 22:48:52.147,6.04608,6.05025,1.50,1.65
2013.08.28 22:48:52.863,6.04607,6.05025,1.50,1.65
2013.08.28 22:48:53.956,6.04608,6.05025,1.50,1.65
2013.08.28 22:49:45.446,6.046,6.05028,1.50,1.65
2013.08.28 22:49:45.566,6.04653,6.05045,1.50,1.65
2013.08.28 22:49:45.687,6.04653,6.05061,1.50,1.65
2013.08.28 22:49:45.971,6.04653,6.05061,1.50,1.65
2013.08.28 22:49:46.882,6.04653,6.05061,1.50,1.65
2013.08.28 22:49:50.686,6.04653,6.05064,1.50,1.65
2013.08.28 22:49:50.746,6.04629,6.05072,1.80,1.65
2013.08.28 22:49:50.806,6.04629,6.05061,1.80,1.65
2013.08.28 22:49:50.926,6.04608,6.05026,1.65,1.65
2013.08.28 22:49:51.032,6.04613,6.05026,1.65,1.65
2013.08.28 22:49:51.832,6.04613,6.05025,1.65,1.65
2013.08.28 22:49:52.877,6.04613,6.05025,1.65,1.65
2013.08.28 22:49:53.867,6.04613,6.05025,1.65,1.65
2013.08.28 22:50:45.706,6.04611,6.05026,1.65,1.65
2013.08.28 22:50:45.766,6.04645,6.05026,1.50,1.65
2013.08.28 22:50:46.117,6.04645,6.05045,1.50,1.80
2013.08.28 22:50:47.236,6.04653,6.05063,1.50,1.65
2013.08.28 22:50:47.657,6.04653,6.05061,1.50,1.65
2013.08.28 22:50:47.877,6.04653,6.05065,1.50,1.65
2013.08.28 22:51:01.376,6.04643,6.05116,2.03,1.65
2013.08.28 22:51:02.200,6.04653,6.0513,1.50,1.50
2013.08.28 22:51:02.526,6.04653,6.05082,1.50,1.65
2013.08.28 22:51:02.860,6.04653,6.05075,1.50,1.65
2013.08.28 22:51:05.801,6.04653,6.05065,1.50,1.50
2013.08.28 22:51:08.667,6.04653,6.05065,1.50,1.50
2013.08.28 22:51:13.366,6.04653,6.05075,1.50,1.65
2013.08.28 22:51:22.826,6.04653,6.05065,1.50,1.65
2013.08.28 22:52:00.846,6.04645,6.05123,1.50,1.65
2013.08.28 22:52:01.878,6.04653,6.05124,1.50,1.50
2013.08.28 22:52:02.116,6.04653,6.05093,1.50,1.65
2013.08.28 22:52:02.627,6.04653,6.0508,1.50,1.65
2013.08.28 22:52:11.587,6.04653,6.05065,1.50,1.50
2013.08.28 22:52:11.917,6.04653,6.0508,1.50,1.65
2013.08.28 22:52:22.723,6.04653,6.05065,1.50,1.65
2013.08.28 22:52:42.816,6.04653,6.05065,1.50,1.65
2013.08.28 22:53:00.396,6.04645,6.05092,1.50,1.65
2013.08.28 22:53:00.456,6.04645,6.05119,1.50,1.65
2013.08.28 22:53:01.376,6.04653,6.05092,1.50,1.65
2013.08.28 22:53:02.099,6.04653,6.05078,1.50,1.65
2013.08.28 22:53:21.697,6.04653,6.05064,1.50,1.65
2013.08.28 22:53:42.777,6.04653,6.05064,1.50,1.65
2013.08.28 22:53:50.736,6.04607,6.05048,1.80,1.65
2013.08.28 22:53:50.796,6.04607,6.05046,1.50,1.65
2013.08.28 22:53:51.932,6.04628,6.05022,1.50,1.65
2013.08.28 22:53:52.117,6.04633,6.05026,1.50,1.65
2013.08.28 22:53:52.837,6.04633,6.05026,1.50,1.65
2013.08.28 22:53:55.477,6.04593,6.04997,1.50,1.65
2013.08.28 22:53:55.657,6.04557,6.04936,1.50,1.50
2013.08.28 22:53:55.836,6.04569,6.04952,1.50,1.50
2013.08.28 22:53:57.177,6.04537,6.04936,1.50,1.50
2013.08.28 22:53:57.397,6.04537,6.04942,1.50,1.50
2013.08.28 22:53:58.509,6.04557,6.04936,1.50,1.50
2013.08.28 22:54:00.887,6.04548,6.04949,1.50,1.50
2013.08.28 22:54:01.126,6.04548,6.04949,1.50,1.50
2013.08.28 22:54:30.806,6.04538,6.04948,1.50,1.50
2013.08.28 22:54:36.998,6.04547,6.04948,1.50,1.50
2013.08.28 22:54:37.297,6.04551,6.04953,1.50,1.50
2013.08.28 22:54:45.406,6.04548,6.04974,1.50,2.55
2013.08.28 22:54:45.467,6.04582,6.04974,1.50,1.80
2013.08.28 22:54:45.667,6.04585,6.04992,1.65,1.65
2013.08.28 22:54:45.727,6.04585,6.04997,1.65,1.65
2013.08.28 22:54:45.856,6.04585,6.04992,1.65,1.50
2013.08.28 22:54:46.567,6.04585,6.04975,1.65,1.50
2013.08.28 22:54:50.094,6.04585,6.04992,1.65,1.50
2013.08.28 22:54:50.437,6.04585,6.04975,1.65,1.50
2013.08.28 22:54:50.496,6.04564,6.04963,1.80,1.50
2013.08.28 22:54:50.716,6.04538,6.04948,1.50,1.65
2013.08.28 22:54:52.506,6.04563,6.04943,1.50,1.50
2013.08.28 22:54:52.587,6.04558,6.04942,1.50,1.50
2013.08.28 22:54:52.919,6.04563,6.04942,1.50,1.50
2013.08.28 22:54:58.816,6.04563,6.04948,1.50,1.65
2013.08.28 22:54:59.187,6.04558,6.04951,1.50,1.65
2013.08.28 22:54:59.427,6.04581,6.04948,1.50,1.65
2013.08.28 22:54:59.627,6.04581,6.04951,1.50,1.65
2013.08.28 22:55:01.167,6.04581,6.04948,1.50,1.65
2013.08.28 22:55:01.388,6.04581,6.04951,1.50,1.65
2013.08.28 22:55:10.866,6.04581,6.04968,1.50,1.65
2013.08.28 22:55:45.426,6.04578,6.04989,1.73,1.65
2013.08.28 22:55:45.486,6.04606,6.04994,1.58,1.80
2013.08.28 22:55:46.296,6.04616,6.04994,1.50,1.80
2013.08.28 22:55:46.498,6.04616,6.05005,1.50,1.65
2013.08.28 22:55:46.557,6.04616,6.05023,1.50,1.65
2013.08.28 22:55:50.546,6.04573,6.0503,1.73,1.65
2013.08.28 22:55:50.606,6.04567,6.05015,1.50,1.50
2013.08.28 22:55:51.880,6.04593,6.04995,1.50,1.50
2013.08.28 22:55:52.967,6.04593,6.04995,1.50,1.50
2013.08.28 22:55:53.568,6.04587,6.04995,1.50,1.50
2013.08.28 22:55:53.927,6.04537,6.04985,1.65,1.65
2013.08.28 22:56:00.138,6.04557,6.04984,1.50,1.50
2013.08.28 22:56:00.747,6.04557,6.04984,1.50,1.50
2013.08.28 22:56:01.287,6.04557,6.04984,1.50,1.50
2013.08.28 22:56:38.288,6.04557,6.04941,1.50,1.50
2013.08.28 22:56:44.238,6.04548,6.04941,1.50,1.50
2013.08.28 22:56:45.337,6.04557,6.04952,1.50,1.50
2013.08.28 22:56:45.457,6.04525,6.04962,1.13,1.50
2013.08.28 22:56:45.516,6.04557,6.04966,1.50,1.65
2013.08.28 22:56:45.577,6.04557,6.04984,1.50,1.65
2013.08.28 22:56:45.996,6.04562,6.04975,1.50,1.65
2013.08.28 22:56:50.537,6.0452,6.04975,1.65,1.65
2013.08.28 22:56:50.597,6.0452,6.04966,1.65,1.65
2013.08.28 22:56:50.913,6.04516,6.04949,1.65,1.80
2013.08.28 22:56:51.537,6.04537,6.04943,1.50,1.65
2013.08.28 22:56:51.598,6.04539,6.04949,1.50,1.80
2013.08.28 22:56:52.661,6.04539,6.04943,1.50,1.65
2013.08.28 22:57:03.927,6.04537,6.04928,1.50,1.65
2013.08.28 22:57:04.047,6.04539,6.04933,1.50,1.65
2013.08.28 22:57:10.836,6.04539,6.04933,1.50,1.65
2013.08.28 22:57:11.242,6.04557,6.0493,1.50,1.65
2013.08.28 22:57:22.524,6.04583,6.0493,1.50,1.65
2013.08.28 22:57:30.896,6.04583,6.04941,1.50,1.65
2013.08.28 22:57:31.650,6.04568,6.04932,1.50,1.50
2013.08.28 22:57:45.536,6.04569,6.0495,1.50,1.65
2013.08.28 22:57:46.058,6.04569,6.04941,1.50,1.65
2013.08.28 22:57:50.507,6.04568,6.0498,2.25,1.65
2013.08.28 22:57:50.687,6.04568,6.04954,1.50,1.65
2013.08.28 22:57:51.101,6.04568,6.04944,1.50,1.65
2013.08.28 22:58:45.396,6.04547,6.0496,1.50,1.50
2013.08.28 22:58:45.717,6.0458,6.05013,1.50,1.50
2013.08.28 22:58:46.386,6.0458,6.05013,1.50,1.50
2013.08.28 22:58:46.735,6.0458,6.05013,1.50,1.50
2013.08.28 22:58:50.516,6.04567,6.05033,1.50,1.50
2013.08.28 22:58:50.579,6.04567,6.04979,1.50,1.50
2013.08.28 22:58:51.127,6.04567,6.04963,1.50,1.50
2013.08.28 22:58:52.886,6.04567,6.04952,1.50,1.50
2013.08.28 22:58:53.896,6.04568,6.04952,1.50,1.50
2013.08.28 22:58:53.956,6.04578,6.04952,1.50,1.50
2013.08.28 22:58:57.267,6.04578,6.04942,1.50,1.50
2013.08.28 22:58:57.386,6.04558,6.0493,1.50,1.50
2013.08.28 22:59:02.137,6.04505,6.04962,1.50,1.50
2013.08.28 22:59:02.196,6.04558,6.04962,1.50,1.50
2013.08.28 22:59:02.777,6.04557,6.04982,1.50,1.50
